-4.9875 0 0 0 0
-4.9625 0 0 0 0
-4.9375 0 0 0 0
-4.9125 0 0 0 0
-4.8875 0 0 0 0
-4.8625 0 0 0 0
-4.8375 0 0 0 0
-4.8125 0 0 0 0
-4.7875 0 0 0 0
-4.7625 0 0 0 0
-4.7375 0 0 0 0
-4.7125 0 0 0 0
-4.6875 0 0 0 0
-4.6625 0 0 0 0
-4.6375 0 0 0 0
-4.6125 0 0 0 0
-4.5875 0 0 0 0
-4.5625 0 0 0 0
-4.5375 0 0 0 0
-4.5125 0 0 0 0
-4.4875 0 0 0 0
-4.4625 0 0 0 0
-4.4375 0 0 0 0
-4.4125 0 0 0 0
-4.3875 0 0 0 0
-4.3625 0 0 0 0
-4.3375 0 0 0 0
-4.3125 0 0 0 0
-4.2875 0 0 0 0
-4.2625 0 0 0 0
-4.2375 0 0 0 0
-4.2125 0 0 0 0
-4.1875 0 0 0 0
-4.1625 0 0 0 0
-4.1375 0 0 0 0
-4.1125 0 0 0 0
-4.0875 0 0 0 0
-4.0625 0 0 0 0
-4.0375 0 0 0 0
-4.0125 0 0 0 0
-3.9875 0 0 0 0
-3.9625 0 0 0 0
-3.9375 0 0 0 0
-3.9125 0 0 0 0
-3.8875 0 0 0 0
-3.8625 0 0 0 0
-3.8375 0 0 0 0
-3.8125 0 0 0 0
-3.7875 0 0 0 0
-3.7625 0 0 0 0
-3.7375 0 0 0 0
-3.7125 0 0 0 0
-3.6875 0 0 0 0
-3.6625 0 0 0 0
-3.6375 0 0 0 0
-3.6125 0 0 0 0
-3.5875 0 0 0 0
-3.5625 0 0 0 0
-3.5375 0 0 0 0
-3.5125 0 0 0 0
-3.4875 0 0 0 0
-3.4625 0 0 0 0
-3.4375 0 0 0 0
-3.4125 0 0 0 0
-3.3875 0 0 0 0
-3.3625 0 0 0 0
-3.3375 0 0 0 0
-3.3125 0 0 0 0
-3.2875 0 0 0 0
-3.2625 0 0 0 0
-3.2375 0 0 0 0
-3.2125 0 0 0 0
-3.1875 0 0 0 0
-3.1625 0 0 0 0
-3.1375 0 0 0 0
-3.1125 0 0 0 0
-3.0875 0 0 0 0
-3.0625 0 0 0 0
-3.0375 0 0 0 0
-3.0125 0 0 0 0
-2.9875 0 0 0 0
-2.9625 0 0 0 0
-2.9375 0 0 0 0
-2.9125 0 0 0 0
-2.8875 0 0 0 0
-2.8625 0 0 0 0
-2.8375 0 0 0 0
-2.8125 0 0 0 0
-2.7875 0 0 0 0
-2.7625 0 0 0 0
-2.7375 0 0 0 0
-2.7125 0 0 0 0
-2.6875 0 0 0 0
-2.6625 0 0 0 0
-2.6375 0 0 0 0
-2.6125 0 0 0 0
-2.5875 0 0 0 0
-2.5625 0 0 0 0
-2.5375 0 0 0 0
-2.5125 0 0 0 0
-2.4875 0 0 0 0
-2.4625 0 0 0 0
-2.4375 0 0 0 0
-2.4125 0 0 0 0
-2.3875 0 0 0 0
-2.3625 0 0 0 0
-2.3375 0 0 0 0
-2.3125 0 0 0 0
-2.2875 0 0 0 0
-2.2625 0 0 0 0
-2.2375 0 0 0 0
-2.2125 0 0 0 0
-2.1875 0 0 0 0
-2.1625 0 0 0 0
-2.1375 0 0 0 0
-2.1125 0 0 0 0
-2.0875 0 0 0 0
-2.0625 0 0 0 0
-2.0375 0 0 0 0
-2.0125 0 0 0 0
-1.9875 0 0 0 0
-1.9625 0 0 0 0
-1.9375 0 0 0 0
-1.9125 0 0 0 0
-1.8875 0 0 0 0
-1.8625 0 0 0 0
-1.8375 0 0 0 0
-1.8125 0 0 0 0
-1.7875 0 0 0 0
-1.7625 0 0 0 0
-1.7375 0 0 0 0
-1.7125 0 0 0 0
-1.6875 0 0 0 0
-1.6625 0 0 0 0
-1.6375 0 0 0 0
-1.6125 0 0 0 0
-1.5875 0 0 0 0
-1.5625 0 0 0 0
-1.5375 0 0 0 0
-1.5125 0 0 0 0
-1.4875 0 0 0 0
-1.4625 0 0 0 0
-1.4375 0 0 0 0
-1.4125 0 0 0 0
-1.3875 0 0 0 0
-1.3625 0 0 0 0
-1.3375 0 0 0 0
-1.3125 0 0 0 0
-1.2875 0 0 0 0
-1.2625 0 0 0 0
-1.2375 0 0 0 0
-1.2125 0 0 0 0
-1.1875 0 0 0 0
-1.1625 0 0 0 0
-1.1375 0 0 0 0
-1.1125 0 0 0 0
-1.0875 0 0 0 0
-1.0625 0 0 0 0
-1.0375 0 0 0 0
-1.0125 0 0 0 0
-0.9875 0 0 0 0
-0.9625 0 0 0 0
-0.9375 0 0 0 0
-0.9125 0 0 0 0
-0.8875 0 0 0 0
-0.8625 0 0 0 0
-0.8375 0 0 0 0
-0.8125 0 0 0 0
-0.7875 0 0 0 0
-0.7625 0 0 0 0
-0.7375 0 0 0 0
-0.7125 0 0 0 0
-0.6875 0 0 0 0
-0.6625 0 0 0 0
-0.6375 0 0 0 0
-0.6125 0 0 0 0
-0.5875 0 0 0 0
-0.5625 0 0 0 0
-0.5375 0 0 0 0
-0.5125 0 0 0 0
-0.4875 0 0 0 0
-0.4625 0 0 0 0
-0.4375 0 0 0 0
-0.4125 0 0 0 0
-0.3875 0 0 0 0
-0.3625 0 0 0 0
-0.3375 0 0 0 0
-0.3125 0 0 0 0
-0.2875 0 0 0 0
-0.2625 0 0 0 0
-0.2375 0 0 0 0
-0.2125 0 0 0 0
-0.1875 0 0 0 0
-0.1625 0 0 0 0
-0.1375 0 0 0 0
-0.1125 0 0 0 0
-0.0875 5 0 0 0
-0.0625 5 0 0 0
-0.0375 5 0 0 0
-0.0125 5 0 0 0
0.0125 5 0 0 0
0.0375 5 0 0 0
0.0625 5 0 0 0
0.0875 5 0 0 0
0.1125 0 0 0 0
0.1375 0 0 0 0
0.1625 0 0 0 0
0.1875 0 0 0 0
0.2125 0 0 0 0
0.2375 0 0 0 0
0.2625 0 0 0 0
0.2875 0 0 0 0
0.3125 0 0 0 0
0.3375 0 0 0 0
0.3625 0 0 0 0
0.3875 0 0 0 0
0.4125 0 0 0 0
0.4375 0 0 0 0
0.4625 0 0 0 0
0.4875 0 0 0 0
0.5125 0 0 0 0
0.5375 0 0 0 0
0.5625 0 0 0 0
0.5875 0 0 0 0
0.6125 0 0 0 0
0.6375 0 0 0 0
0.6625 0 0 0 0
0.6875 0 0 0 0
0.7125 0 0 0 0
0.7375 0 0 0 0
0.7625 0 0 0 0
0.7875 0 0 0 0
0.8125 0 0 0 0
0.8375 0 0 0 0
0.8625 0 0 0 0
0.8875 0 0 0 0
0.9125 0 0 0 0
0.9375 0 0 0 0
0.9625 0 0 0 0
0.9875 0 0 0 0
1.0125 0 0 0 0
1.0375 0 0 0 0
1.0625 0 0 0 0
1.0875 0 0 0 0
1.1125 0 0 0 0
1.1375 0 0 0 0
1.1625 0 0 0 0
1.1875 0 0 0 0
1.2125 0 0 0 0
1.2375 0 0 0 0
1.2625 0 0 0 0
1.2875 0 0 0 0
1.3125 0 0 0 0
1.3375 0 0 0 0
1.3625 0 0 0 0
1.3875 0 0 0 0
1.4125 0 0 0 0
1.4375 0 0 0 0
1.4625 0 0 0 0
1.4875 0 0 0 0
1.5125 0 0 0 0
1.5375 0 0 0 0
1.5625 0 0 0 0
1.5875 0 0 0 0
1.6125 0 0 0 0
1.6375 0 0 0 0
1.6625 0 0 0 0
1.6875 0 0 0 0
1.7125 0 0 0 0
1.7375 0 0 0 0
1.7625 0 0 0 0
1.7875 0 0 0 0
1.8125 0 0 0 0
1.8375 0 0 0 0
1.8625 0 0 0 0
1.8875 0 0 0 0
1.9125 0 0 0 0
1.9375 0 0 0 0
1.9625 0 0 0 0
1.9875 0 0 0 0
2.0125 0 0 0 0
2.0375 0 0 0 0
2.0625 0 0 0 0
2.0875 0 0 0 0
2.1125 0 0 0 0
2.1375 0 0 0 0
2.1625 0 0 0 0
2.1875 0 0 0 0
2.2125 0 0 0 0
2.2375 0 0 0 0
2.2625 0 0 0 0
2.2875 0 0 0 0
2.3125 0 0 0 0
2.3375 0 0 0 0
2.3625 0 0 0 0
2.3875 0 0 0 0
2.4125 0 0 0 0
2.4375 0 0 0 0
2.4625 0 0 0 0
2.4875 0 0 0 0
2.5125 0 0 0 0
2.5375 0 0 0 0
2.5625 0 0 0 0
2.5875 0 0 0 0
2.6125 0 0 0 0
2.6375 0 0 0 0
2.6625 0 0 0 0
2.6875 0 0 0 0
2.7125 0 0 0 0
2.7375 0 0 0 0
2.7625 0 0 0 0
2.7875 0 0 0 0
2.8125 0 0 0 0
2.8375 0 0 0 0
2.8625 0 0 0 0
2.8875 0 0 0 0
2.9125 0 0 0 0
2.9375 0 0 0 0
2.9625 0 0 0 0
2.9875 0 0 0 0
3.0125 0 0 0 0
3.0375 0 0 0 0
3.0625 0 0 0 0
3.0875 0 0 0 0
3.1125 0 0 0 0
3.1375 0 0 0 0
3.1625 0 0 0 0
3.1875 0 0 0 0
3.2125 0 0 0 0
3.2375 0 0 0 0
3.2625 0 0 0 0
3.2875 0 0 0 0
3.3125 0 0 0 0
3.3375 0 0 0 0
3.3625 0 0 0 0
3.3875 0 0 0 0
3.4125 0 0 0 0
3.4375 0 0 0 0
3.4625 0 0 0 0
3.4875 0 0 0 0
3.5125 0 0 0 0
3.5375 0 0 0 0
3.5625 0 0 0 0
3.5875 0 0 0 0
3.6125 0 0 0 0
3.6375 0 0 0 0
3.6625 0 0 0 0
3.6875 0 0 0 0
3.7125 0 0 0 0
3.7375 0 0 0 0
3.7625 0 0 0 0
3.7875 0 0 0 0
3.8125 0 0 0 0
3.8375 0 0 0 0
3.8625 0 0 0 0
3.8875 0 0 0 0
3.9125 0 0 0 0
3.9375 0 0 0 0
3.9625 0 0 0 0
3.9875 0 0 0 0
4.0125 0 0 0 0
4.0375 0 0 0 0
4.0625 0 0 0 0
4.0875 0 0 0 0
4.1125 0 0 0 0
4.1375 0 0 0 0
4.1625 0 0 0 0
4.1875 0 0 0 0
4.2125 0 0 0 0
4.2375 0 0 0 0
4.2625 0 0 0 0
4.2875 0 0 0 0
4.3125 0 0 0 0
4.3375 0 0 0 0
4.3625 0 0 0 0
4.3875 0 0 0 0
4.4125 0 0 0 0
4.4375 0 0 0 0
4.4625 0 0 0 0
4.4875 0 0 0 0
4.5125 0 0 0 0
4.5375 0 0 0 0
4.5625 0 0 0 0
4.5875 0 0 0 0
4.6125 0 0 0 0
4.6375 0 0 0 0
4.6625 0 0 0 0
4.6875 0 0 0 0
4.7125 0 0 0 0
4.7375 0 0 0 0
4.7625 0 0 0 0
4.7875 0 0 0 0
4.8125 0 0 0 0
4.8375 0 0 0 0
4.8625 0 0 0 0
4.8875 0 0 0 0
4.9125 0 0 0 0
4.9375 0 0 0 0
4.9625 0 0 0 0
4.9875 0 0 0 0


-4.9875 0 -0 -0 0.03125
-4.9625 0 -0 -0 0.03125
-4.9375 0 -0 -0 0.03125
-4.9125 0 -0 -0 0.03125
-4.8875 0 -0 -0 0.03125
-4.8625 0 -0 -0 0.03125
-4.8375 0 -0 -0 0.03125
-4.8125 0 -0 -0 0.03125
-4.7875 0 -0 -0 0.03125
-4.7625 0 -0 -0 0.03125
-4.7375 0 -0 -0 0.03125
-4.7125 0 -0 -0 0.03125
-4.6875 0 -0 -0 0.03125
-4.6625 0 -0 -0 0.03125
-4.6375 0 -0 -0 0.03125
-4.6125 0 -0 -0 0.03125
-4.5875 0 -0 -0 0.03125
-4.5625 0 -0 -0 0.03125
-4.5375 0 -0 -0 0.03125
-4.5125 0 -0 -0 0.03125
-4.4875 0 -0 -0 0.03125
-4.4625 0 -0 -0 0.03125
-4.4375 0 -0 -0 0.03125
-4.4125 0 -0 -0 0.03125
-4.3875 0 -0 -0 0.03125
-4.3625 0 -0 -0 0.03125
-4.3375 0 -0 -0 0.03125
-4.3125 0 -0 -0 0.03125
-4.2875 0 -0 -0 0.03125
-4.2625 0 -0 -0 0.03125
-4.2375 0 -0 -0 0.03125
-4.2125 0 -0 -0 0.03125
-4.1875 0 -0 -0 0.03125
-4.1625 0 -0 -0 0.03125
-4.1375 0 -0 -0 0.03125
-4.1125 0 -0 -0 0.03125
-4.0875 0 -0 -0 0.03125
-4.0625 0 -0 -0 0.03125
-4.0375 0 -0 -0 0.03125
-4.0125 0 -0 -0 0.03125
-3.9875 0 -0 -0 0.03125
-3.9625 0 -0 -0 0.03125
-3.9375 0 -0 -0 0.03125
-3.9125 0 -0 -0 0.03125
-3.8875 0 -0 -0 0.03125
-3.8625 0 -0 -0 0.03125
-3.8375 0 -0 -0 0.03125
-3.8125 0 -0 -0 0.03125
-3.7875 0 -0 -0 0.03125
-3.7625 0 -0 -0 0.03125
-3.7375 0 -0 -0 0.03125
-3.7125 0 -0 -0 0.03125
-3.6875 0 -0 -0 0.03125
-3.6625 0 -0 -0 0.03125
-3.6375 0 -0 -0 0.03125
-3.6125 0 -0 -0 0.03125
-3.5875 0 -0 -0 0.03125
-3.5625 0 -0 -0 0.03125
-3.5375 0 -0 -0 0.03125
-3.5125 0 -0 -0 0.03125
-3.4875 0 -0 -0 0.03125
-3.4625 0 -0 -0 0.03125
-3.4375 0 -0 -0 0.03125
-3.4125 0 -0 -0 0.03125
-3.3875 0 -0 -0 0.03125
-3.3625 0 -0 -0 0.03125
-3.3375 0 -0 -0 0.03125
-3.3125 0 -0 -0 0.03125
-3.2875 0 -0 -0 0.03125
-3.2625 0 -0 -0 0.03125
-3.2375 0 -0 -0 0.03125
-3.2125 0 -0 -0 0.03125
-3.1875 0 -0 -0 0.03125
-3.1625 0 -0 -0 0.03125
-3.1375 0 -0 -0 0.03125
-3.1125 0 -0 -0 0.03125
-3.0875 0 -0 -0 0.03125
-3.0625 0 -0 -0 0.03125
-3.0375 0 -0 -0 0.03125
-3.0125 0 -0 -0 0.03125
-2.9875 0 -0 -0 0.03125
-2.9625 0 -0 -0 0.03125
-2.9375 0 -0 -0 0.03125
-2.9125 0 -0 -0 0.03125
-2.8875 0 -0 -0 0.03125
-2.8625 0 -0 -0 0.03125
-2.8375 0 -0 -0 0.03125
-2.8125 0 -0 -0 0.03125
-2.7875 0 -0 -0 0.03125
-2.7625 0 -0 -0 0.03125
-2.7375 0 -0 -0 0.03125
-2.7125 0 -0 -0 0.03125
-2.6875 0 -0 -0 0.03125
-2.6625 0 -0 -0 0.03125
-2.6375 0 -0 -0 0.03125
-2.6125 0 -0 -0 0.03125
-2.5875 3.9443e-30 -0 1.26218e-26 0.03125
-2.5625 3.9443e-30 -3.15544e-28 -1.26218e-26 0.03125
-2.5375 3.98375e-28 -6.67579e-41 1.24956e-24 0.03125
-2.5125 3.98375e-28 -3.12389e-26 -1.24956e-24 0.03125
-2.4875 1.99227e-26 -6.5361e-39 6.12282e-23 0.03125
-2.4625 1.99227e-26 -1.53071e-24 -6.12282e-23 0.03125
-2.4375 6.57717e-25 -3.18899e-37 1.97971e-21 0.03125
-2.4125 6.57717e-25 -4.94928e-23 -1.97971e-21 0.03125
-2.3875 1.61242e-23 -1.02048e-35 4.75131e-20 0.03125
-2.3625 1.61242e-23 -1.18783e-21 -4.75131e-20 0.03125
-2.3375 3.13081e-22 -2.42152e-34 9.02748e-19 0.03125
-2.3125 3.13081e-22 -2.25687e-20 -9.02748e-19 0.03125
-2.2875 5.01488e-21 -4.5628e-33 1.4143e-17 0.03125
-2.2625 5.01488e-21 -3.53575e-19 -1.4143e-17 0.03125
-2.2375 6.81529e-20 -7.11992e-32 1.87899e-16 0.03125
-2.2125 6.81529e-20 -4.69747e-18 -1.87899e-16 0.03125
-2.1875 8.02125e-19 -9.3215e-31 2.16081e-15 0.03125
-2.1625 8.02125e-19 -5.40203e-17 -2.16081e-15 0.03125
-2.1375 8.30481e-18 -1.05695e-29 2.18478e-14 0.03125
-2.1125 8.30481e-18 -5.46194e-16 -2.18478e-14 0.03125
-2.0875 7.65772e-17 -1.06003e-28 1.96624e-13 0.03125
-2.0625 7.65772e-17 -4.9156e-15 -1.96624e-13 0.03125
-2.0375 6.35145e-16 -9.43675e-28 1.59079e-12 0.03125
-2.0125 6.35145e-16 -3.97698e-14 -1.59079e-12 0.03125
-1.9875 4.77759e-15 -7.54151e-27 1.1665e-11 0.03125
-1.9625 4.77759e-15 -2.91626e-13 -1.1665e-11 0.03125
-1.9375 3.28162e-14 -5.47785e-26 7.80586e-11 0.03125
-1.9125 3.28162e-14 -1.95147e-12 -7.80586e-11 0.03125
-1.8875 2.07035e-13 -3.63507e-25 4.79441e-10 0.03125
-1.8625 2.07035e-13 -1.1986e-11 -4.79441e-10 0.03125
-1.8375 1.20572e-12 -2.19922e-24 2.71635e-09 0.03125
-1.8125 1.20572e-12 -6.79088e-11 -2.71635e-09 0.03125
-1.7875 6.51006e-12 -1.22785e-23 1.42575e-08 0.03125
-1.7625 6.51006e-12 -3.56438e-10 -1.42575e-08 0.03125
-1.7375 3.27122e-11 -6.37188e-23 6.95892e-08 0.03125
-1.7125 3.27122e-11 -1.73973e-09 -6.95892e-08 0.03125
-1.6875 1.53488e-10 -3.07608e-22 3.16894e-07 0.03125
-1.6625 1.53488e-10 -7.92234e-09 -3.16894e-07 0.03125
-1.6375 6.74484e-10 -1.38553e-21 1.35029e-06 0.03125
-1.6125 6.74484e-10 -3.37574e-08 -1.35029e-06 0.03125
-1.5875 2.78326e-09 -5.82335e-21 5.39778e-06 0.03125
-1.5625 2.78326e-09 -1.34944e-07 -5.39778e-06 0.03125
-1.5375 1.08107e-08 -2.30287e-20 2.02899e-05 0.03125
-1.5125 1.08107e-08 -5.07249e-07 -2.02899e-05 0.03125
-1.4875 3.96096e-08 -8.52327e-20 7.18667e-05 0.03125
-1.4625 3.96096e-08 -1.79667e-06 -7.18667e-05 0.03125
-1.4375 1.37164e-07 -2.99109e-19 0.000240307 0.03125
-1.4125 1.37164e-07 -6.00767e-06 -0.000240307 0.03125
-1.3875 4.49711e-07 -9.82558e-19 0.000759844 0.03125
-1.3625 4.49711e-07 -1.89961e-05 -0.000759844 0.03125
-1.3375 1.39823e-06 -3.06626e-18 0.00227541 0.03125
-1.3125 1.39823e-06 -5.68852e-05 -0.00227541 0.03125
-1.2875 4.12864e-06 -9.04631e-18 0.00646192 0.03125
-1.2625 4.12864e-06 -0.000161548 -0.00646192 0.03125
-1.2375 1.15932e-05 -2.53432e-17 0.0174246 0.03125
-1.2125 1.15932e-05 -0.000435616 -0.0174246 0.03125
-1.1875 3.09954e-05 -6.72205e-17 0.0446624 0.03125
-1.1625 3.09954e-05 -0.00111656 -0.0446624 0.03125
-1.1375 7.8991e-05 -1.7022e-16 0.108924 0.03125
-1.1125 7.8991e-05 -0.00272309 -0.108924 0.03125
-1.0875 0.000192085 -4.0766e-16 0.252978 0.03125
-1.0625 0.000192085 -0.00632444 -0.252978 0.03125
-1.0375 0.000446127 -9.30245e-16 0.559957 0.03125
-1.0125 0.000446127 -0.0139989 -0.559957 0.03125
-0.9875 0.000990495 -2.02529e-15 1.18202 0.03125
-0.9625 0.000990495 -0.0295505 -1.18202 0.03125
-0.9375 0.0021039 -4.2067e-15 2.38087 0.03125
-0.9125 0.0021039 -0.0595218 -2.38087 0.03125
-0.8875 0.00427857 -8.32667e-15 4.57808 0.03125
-0.8625 0.00427857 -0.114452 -4.57808 0.03125
-0.8375 0.00833625 -1.56472e-14 8.40648 0.03125
-0.8125 0.00833625 -0.210162 -8.40648 0.03125
-0.7875 0.0155709 -2.82413e-14 14.7443 0.03125
-0.7625 0.0155709 -0.368607 -14.7443 0.03125
-0.7375 0.0278981 -4.85723e-14 24.703 0.03125
-0.7125 0.0278981 -0.617575 -24.703 0.03125
-0.6875 0.047972 -7.99361e-14 39.5334 0.03125
-0.6625 0.047972 -0.988334 -39.5334 0.03125
-0.6375 0.0792064 -1.249e-13 60.4166 0.03125
-0.6125 0.0792064 -1.51042 -60.4166 0.03125
-0.5875 0.125627 -1.86517e-13 88.1294 0.03125
-0.5625 0.125627 -2.20323 -88.1294 0.03125
-0.5375 0.191483 -2.66454e-13 122.609 0.03125
-0.5125 0.191483 -3.06522 -122.609 0.03125
-0.4875 0.28058 -3.64153e-13 162.501 0.03125
-0.4625 0.28058 -4.06253 -162.501 0.03125
-0.4375 0.395369 -4.72955e-13 204.825 0.03125
-0.4125 0.395369 -5.12063 -204.825 0.03125
-0.3875 0.535913 -5.75096e-13 244.914 0.03125
-0.3625 0.535913 -6.12285 -244.914 0.03125
-0.3375 0.698939 -6.66134e-13 276.77 0.03125
-0.3125 0.698939 -6.91924 -276.77 0.03125
-0.2875 0.877269 -7.23865e-13 293.888 0.03125
-0.2625 0.877269 -7.34721 -293.888 0.03125
-0.2375 1.05988 -7.4607e-13 290.461 0.03125
-0.2125 1.05988 -7.26154 -290.461 0.03125
-0.1875 1.23275 -7.01661e-13 262.73 0.03125
-0.1625 1.23275 -6.56824 -262.73 0.03125
-0.1375 1.38052 -6.03961e-13 210.14 0.03125
-0.1125 1.38052 -5.2535 -210.14 0.03125
-0.0875 1.48868 -4.44089e-13 135.953 0.03125
-0.0625 1.48868 -3.39883 -135.953 0.03125
-0.0375 1.54587 -2.39808e-13 47.0573 0.03125
-0.0125 1.54587 -1.17643 -47.0573 0.03125
0.0125 1.54587 -0 -47.0573 0.03125
0.0375 1.54587 1.17643 47.0573 0.03125
0.0625 1.48868 2.39808e-13 -135.953 0.03125
0.0875 1.48868 3.39883 135.953 0.03125
0.1125 1.38052 4.44089e-13 -210.14 0.03125
0.1375 1.38052 5.2535 210.14 0.03125
0.1625 1.23275 6.03961e-13 -262.73 0.03125
0.1875 1.23275 6.56824 262.73 0.03125
0.2125 1.05988 7.01661e-13 -290.461 0.03125
0.2375 1.05988 7.26154 290.461 0.03125
0.2625 0.877269 7.4607e-13 -293.888 0.03125
0.2875 0.877269 7.34721 293.888 0.03125
0.3125 0.698939 7.23865e-13 -276.77 0.03125
0.3375 0.698939 6.91924 276.77 0.03125
0.3625 0.535913 6.66134e-13 -244.914 0.03125
0.3875 0.535913 6.12285 244.914 0.03125
0.4125 0.395369 5.75096e-13 -204.825 0.03125
0.4375 0.395369 5.12063 204.825 0.03125
0.4625 0.28058 4.72955e-13 -162.501 0.03125
0.4875 0.28058 4.06253 162.501 0.03125
0.5125 0.191483 3.64153e-13 -122.609 0.03125
0.5375 0.191483 3.06522 122.609 0.03125
0.5625 0.125627 2.66454e-13 -88.1294 0.03125
0.5875 0.125627 2.20323 88.1294 0.03125
0.6125 0.0792064 1.86517e-13 -60.4166 0.03125
0.6375 0.0792064 1.51042 60.4166 0.03125
0.6625 0.047972 1.249e-13 -39.5334 0.03125
0.6875 0.047972 0.988334 39.5334 0.03125
0.7125 0.0278981 7.99361e-14 -24.703 0.03125
0.7375 0.0278981 0.617575 24.703 0.03125
0.7625 0.0155709 4.85723e-14 -14.7443 0.03125
0.7875 0.0155709 0.368607 14.7443 0.03125
0.8125 0.00833625 2.82413e-14 -8.40648 0.03125
0.8375 0.00833625 0.210162 8.40648 0.03125
0.8625 0.00427857 1.56472e-14 -4.57808 0.03125
0.8875 0.00427857 0.114452 4.57808 0.03125
0.9125 0.0021039 8.32667e-15 -2.38087 0.03125
0.9375 0.0021039 0.0595218 2.38087 0.03125
0.9625 0.000990495 4.2067e-15 -1.18202 0.03125
0.9875 0.000990495 0.0295505 1.18202 0.03125
1.0125 0.000446127 2.02529e-15 -0.559957 0.03125
1.0375 0.000446127 0.0139989 0.559957 0.03125
1.0625 0.000192085 9.30245e-16 -0.252978 0.03125
1.0875 0.000192085 0.00632444 0.252978 0.03125
1.1125 7.8991e-05 4.0766e-16 -0.108924 0.03125
1.1375 7.8991e-05 0.00272309 0.108924 0.03125
1.1625 3.09954e-05 1.7022e-16 -0.0446624 0.03125
1.1875 3.09954e-05 0.00111656 0.0446624 0.03125
1.2125 1.15932e-05 6.72205e-17 -0.0174246 0.03125
1.2375 1.15932e-05 0.000435616 0.0174246 0.03125
1.2625 4.12864e-06 2.53432e-17 -0.00646192 0.03125
1.2875 4.12864e-06 0.000161548 0.00646192 0.03125
1.3125 1.39823e-06 9.04631e-18 -0.00227541 0.03125
1.3375 1.39823e-06 5.68852e-05 0.00227541 0.03125
1.3625 4.49711e-07 3.06626e-18 -0.000759844 0.03125
1.3875 4.49711e-07 1.89961e-05 0.000759844 0.03125
1.4125 1.37164e-07 9.82558e-19 -0.000240307 0.03125
1.4375 1.37164e-07 6.00767e-06 0.000240307 0.03125
1.4625 3.96096e-08 2.99109e-19 -7.18667e-05 0.03125
1.4875 3.96096e-08 1.79667e-06 7.18667e-05 0.03125
1.5125 1.08107e-08 8.52327e-20 -2.02899e-05 0.03125
1.5375 1.08107e-08 5.07249e-07 2.02899e-05 0.03125
1.5625 2.78326e-09 2.30287e-20 -5.39778e-06 0.03125
1.5875 2.78326e-09 1.34944e-07 5.39778e-06 0.03125
1.6125 6.74484e-10 5.82335e-21 -1.35029e-06 0.03125
1.6375 6.74484e-10 3.37574e-08 1.35029e-06 0.03125
1.6625 1.53488e-10 1.38553e-21 -3.16894e-07 0.03125
1.6875 1.53488e-10 7.92234e-09 3.16894e-07 0.03125
1.7125 3.27122e-11 3.07608e-22 -6.95892e-08 0.03125
1.7375 3.27122e-11 1.73973e-09 6.95892e-08 0.03125
1.7625 6.51006e-12 6.37188e-23 -1.42575e-08 0.03125
1.7875 6.51006e-12 3.56438e-10 1.42575e-08 0.03125
1.8125 1.20572e-12 1.22785e-23 -2.71635e-09 0.03125
1.8375 1.20572e-12 6.79088e-11 2.71635e-09 0.03125
1.8625 2.07035e-13 2.19922e-24 -4.79441e-10 0.03125
1.8875 2.07035e-13 1.1986e-11 4.79441e-10 0.03125
1.9125 3.28162e-14 3.63507e-25 -7.80586e-11 0.03125
1.9375 3.28162e-14 1.95147e-12 7.80586e-11 0.03125
1.9625 4.77759e-15 5.47785e-26 -1.1665e-11 0.03125
1.9875 4.77759e-15 2.91626e-13 1.1665e-11 0.03125
2.0125 6.35145e-16 7.54151e-27 -1.59079e-12 0.03125
2.0375 6.35145e-16 3.97698e-14 1.59079e-12 0.03125
2.0625 7.65772e-17 9.43675e-28 -1.96624e-13 0.03125
2.0875 7.65772e-17 4.9156e-15 1.96624e-13 0.03125
2.1125 8.30481e-18 1.06003e-28 -2.18478e-14 0.03125
2.1375 8.30481e-18 5.46194e-16 2.18478e-14 0.03125
2.1625 8.02125e-19 1.05695e-29 -2.16081e-15 0.03125
2.1875 8.02125e-19 5.40203e-17 2.16081e-15 0.03125
2.2125 6.81529e-20 9.3215e-31 -1.87899e-16 0.03125
2.2375 6.81529e-20 4.69747e-18 1.87899e-16 0.03125
2.2625 5.01488e-21 7.11992e-32 -1.4143e-17 0.03125
2.2875 5.01488e-21 3.53575e-19 1.4143e-17 0.03125
2.3125 3.13081e-22 4.5628e-33 -9.02748e-19 0.03125
2.3375 3.13081e-22 2.25687e-20 9.02748e-19 0.03125
2.3625 1.61242e-23 2.42152e-34 -4.75131e-20 0.03125
2.3875 1.61242e-23 1.18783e-21 4.75131e-20 0.03125
2.4125 6.57717e-25 1.02048e-35 -1.97971e-21 0.03125
2.4375 6.57717e-25 4.94928e-23 1.97971e-21 0.03125
2.4625 1.99227e-26 3.18899e-37 -6.12282e-23 0.03125
2.4875 1.99227e-26 1.53071e-24 6.12282e-23 0.03125
2.5125 3.98375e-28 6.5361e-39 -1.24956e-24 0.03125
2.5375 3.98375e-28 3.12389e-26 1.24956e-24 0.03125
2.5625 3.9443e-30 6.67579e-41 -1.26218e-26 0.03125
2.5875 3.9443e-30 3.15544e-28 1.26218e-26 0.03125
2.6125 0 -0 -0 0.03125
2.6375 0 -0 -0 0.03125
2.6625 0 -0 -0 0.03125
2.6875 0 -0 -0 0.03125
2.7125 0 -0 -0 0.03125
2.7375 0 -0 -0 0.03125
2.7625 0 -0 -0 0.03125
2.7875 0 -0 -0 0.03125
2.8125 0 -0 -0 0.03125
2.8375 0 -0 -0 0.03125
2.8625 0 -0 -0 0.03125
2.8875 0 -0 -0 0.03125
2.9125 0 -0 -0 0.03125
2.9375 0 -0 -0 0.03125
2.9625 0 -0 -0 0.03125
2.9875 0 -0 -0 0.03125
3.0125 0 -0 -0 0.03125
3.0375 0 -0 -0 0.03125
3.0625 0 -0 -0 0.03125
3.0875 0 -0 -0 0.03125
3.1125 0 -0 -0 0.03125
3.1375 0 -0 -0 0.03125
3.1625 0 -0 -0 0.03125
3.1875 0 -0 -0 0.03125
3.2125 0 -0 -0 0.03125
3.2375 0 -0 -0 0.03125
3.2625 0 -0 -0 0.03125
3.2875 0 -0 -0 0.03125
3.3125 0 -0 -0 0.03125
3.3375 0 -0 -0 0.03125
3.3625 0 -0 -0 0.03125
3.3875 0 -0 -0 0.03125
3.4125 0 -0 -0 0.03125
3.4375 0 -0 -0 0.03125
3.4625 0 -0 -0 0.03125
3.4875 0 -0 -0 0.03125
3.5125 0 -0 -0 0.03125
3.5375 0 -0 -0 0.03125
3.5625 0 -0 -0 0.03125
3.5875 0 -0 -0 0.03125
3.6125 0 -0 -0 0.03125
3.6375 0 -0 -0 0.03125
3.6625 0 -0 -0 0.03125
3.6875 0 -0 -0 0.03125
3.7125 0 -0 -0 0.03125
3.7375 0 -0 -0 0.03125
3.7625 0 -0 -0 0.03125
3.7875 0 -0 -0 0.03125
3.8125 0 -0 -0 0.03125
3.8375 0 -0 -0 0.03125
3.8625 0 -0 -0 0.03125
3.8875 0 -0 -0 0.03125
3.9125 0 -0 -0 0.03125
3.9375 0 -0 -0 0.03125
3.9625 0 -0 -0 0.03125
3.9875 0 -0 -0 0.03125
4.0125 0 -0 -0 0.03125
4.0375 0 -0 -0 0.03125
4.0625 0 -0 -0 0.03125
4.0875 0 -0 -0 0.03125
4.1125 0 -0 -0 0.03125
4.1375 0 -0 -0 0.03125
4.1625 0 -0 -0 0.03125
4.1875 0 -0 -0 0.03125
4.2125 0 -0 -0 0.03125
4.2375 0 -0 -0 0.03125
4.2625 0 -0 -0 0.03125
4.2875 0 -0 -0 0.03125
4.3125 0 -0 -0 0.03125
4.3375 0 -0 -0 0.03125
4.3625 0 -0 -0 0.03125
4.3875 0 -0 -0 0.03125
4.4125 0 -0 -0 0.03125
4.4375 0 -0 -0 0.03125
4.4625 0 -0 -0 0.03125
4.4875 0 -0 -0 0.03125
4.5125 0 -0 -0 0.03125
4.5375 0 -0 -0 0.03125
4.5625 0 -0 -0 0.03125
4.5875 0 -0 -0 0.03125
4.6125 0 -0 -0 0.03125
4.6375 0 -0 -0 0.03125
4.6625 0 -0 -0 0.03125
4.6875 0 -0 -0 0.03125
4.7125 0 -0 -0 0.03125
4.7375 0 -0 -0 0.03125
4.7625 0 -0 -0 0.03125
4.7875 0 -0 -0 0.03125
4.8125 0 -0 -0 0.03125
4.8375 0 -0 -0 0.03125
4.8625 0 -0 -0 0.03125
4.8875 0 -0 -0 0.03125
4.9125 0 -0 -0 0.03125
4.9375 0 -0 -0 0.03125
4.9625 0 -0 -0 0.03125
4.9875 0 -0 -0 0.03125



# Cartesian 1D, 100 steps, 0.000753 CPU, 0.000749 real, 5.34e+07 points.step/s, 3 var
