y	u.x	u.y	u.z	b	
0	0	0	0	0.0690625
12.5	-0.468431	-6.17188e-07	5.39202e-09	0.143402
25	-0.548942	5.63122e-09	4.99315e-09	0.172342
37.5	-0.59129	-2.5383e-07	4.25438e-09	0.187565
50	-0.620676	-4.60476e-08	3.79998e-09	0.198126
62.5	-0.643274	-1.34237e-07	3.59225e-09	0.206247
75	-0.661659	-5.69349e-08	3.44319e-09	0.212853
87.5	-0.677167	-8.21222e-08	3.26401e-09	0.218426
100	-0.69058	-5.6973e-08	3.03564e-09	0.223246
112.5	-0.702399	-5.68647e-08	2.76559e-09	0.227493
125	-0.712965	-5.31047e-08	2.46673e-09	0.23129
137.5	-0.722517	-4.35544e-08	2.13029e-09	0.234722
150	-0.731235	-4.77653e-08	1.76576e-09	0.237855
162.5	-0.739252	-3.57696e-08	1.34985e-09	0.240736
175	-0.746673	-4.20426e-08	8.95306e-10	0.243402
187.5	-0.753581	-3.05156e-08	3.61436e-10	0.245885
200	-0.760041	-3.64133e-08	-2.26487e-10	0.248206
212.5	-0.766109	-2.63442e-08	-9.36262e-10	0.250387
225	-0.77183	-3.1034e-08	-1.70138e-09	0.252442
237.5	-0.777241	-2.25382e-08	-2.6348e-09	0.254387
250	-0.782373	-2.58396e-08	-1.62343e-09	0.256231
262.5	-0.787255	-1.80578e-08	2.63861e-16	0.257985
275	-0.79191	-2.07176e-08	8.77621e-17	0.259658
287.5	-0.796357	-1.53089e-08	1.73048e-17	0.261256
300	-0.800615	-1.61375e-08	-1.00633e-17	0.262786
312.5	-0.804699	-1.21786e-08	-2.59365e-17	0.264253
325	-0.808623	-1.18885e-08	-2.82841e-17	0.265663
337.5	-0.812398	-8.82234e-09	-2.69131e-17	0.26702
350	-0.816036	-7.83643e-09	-1.85285e-17	0.268327
362.5	-0.819546	-5.33704e-09	-7.37172e-18	0.269589
375	-0.822937	-3.89382e-09	7.70837e-18	0.270807
387.5	-0.826217	-1.78573e-09	3.4034e-17	0.271986
400	1e+30	1e+30	1e+30	1e+30
