t dt mgp.i mgp.nrelax mgpf.i mgpf.nrelax mgu.i mgu.nrelax grid->tn perf.t perf.speed npe
0 0.0113636 0 0 0 0 0 0 2097152 0 0 1
0.0113636 0.0113636 4 4 4 4 1 4 265378 15.4264 17202.9 1
0.0273094 0.0159457 5 3 4 3 1 4 37346 20.2979 14914.1 1
0.0437957 0.0164863 3 2 4 3 1 4 9052 21.0326 14823.5 1
0.0611812 0.0173855 3 2 2 3 1 4 9178 21.1748 15157.4 1
0.0795894 0.0184082 2 2 2 3 1 4 9276 21.318 15490.7 1
0.0991726 0.0195832 2 2 2 2 1 4 9297 21.4474 15830.7 1
0.119646 0.0204733 2 2 2 2 1 4 9332 21.574 16170.4 1
0.140607 0.0209608 2 2 2 2 1 4 9346 21.7004 16506.8 1
0.162642 0.0220357 2 2 2 2 1 4 9360 21.836 16833 1
0.185274 0.0226313 2 2 3 2 1 4 9395 21.9874 17144.4 1
0.208552 0.0232779 2 2 2 2 1 4 9395 22.1374 17452.6 1
0.232535 0.0239833 2 2 2 2 1 4 9360 22.2641 17773.7 1
0.257292 0.0247569 2 2 2 2 1 4 9381 22.3897 18092.9 1
0.282049 0.0247569 2 2 3 2 1 4 9402 22.5376 18391.4 1
0.30769 0.0256411 3 2 2 2 1 4 9430 22.6753 18695.6 1
0.333331 0.0256411 2 2 3 2 1 4 9486 22.8137 18998 1
0.359998 0.0266668 3 2 2 2 1 4 9556 22.9529 19299 1
0.386665 0.0266668 2 2 2 2 1 4 9591 23.0888 19600.9 1
0.414543 0.0278789 3 2 3 2 1 4 9612 23.2409 19886.2 1
0.442422 0.0278789 2 2 2 2 1 4 9668 23.3681 20191.6 1
0.470301 0.0278789 3 2 2 2 1 4 9696 23.5089 20483.1 1
0.499729 0.0294277 3 2 2 2 1 4 9773 23.6573 20767.8 1
0.529157 0.0294277 3 2 3 2 1 4 9906 23.8114 21049.4 1
0.558584 0.0294277 2 2 3 2 1 4 9962 23.9534 21340.5 1
0.588012 0.0294277 2 2 2 2 1 4 10067 24.086 21641 1
0.61744 0.0294277 2 2 2 2 1 4 10179 24.2252 21936.8 1
0.646867 0.0294277 2 2 2 2 1 4 10193 24.3599 22233.9 1
0.676295 0.0294277 2 2 2 2 1 4 10214 24.4932 22530 1
0.705723 0.0294277 2 2 3 2 1 4 10235 24.6382 22812.8 1
0.735151 0.0294277 2 2 2 2 1 4 10270 24.7703 23105.8 1
0.764578 0.0294277 3 2 2 2 1 4 10291 24.9276 23372.8 1
0.794006 0.0294277 2 2 2 2 1 4 10354 25.0633 23659.3 1
0.823434 0.0294277 2 2 2 2 1 4 10417 25.1979 23946.3 1
0.852861 0.0294277 2 2 2 2 1 4 10480 25.3322 24233.1 1
0.882289 0.0294277 2 2 2 2 1 4 10550 25.4761 24510.3 1
0.911717 0.0294277 2 2 2 2 1 4 10571 25.6133 24791.8 1
0.941145 0.0294277 2 2 2 2 1 4 10634 25.7485 25074.5 1
0.970572 0.0294277 2 2 2 2 1 4 10669 25.8843 25355.2 1
1 0.0294277 2 2 2 2 1 4 10746 26.0269 25629.2 1
1.03125 0.03125 2 2 2 2 1 4 10802 26.4508 25626.9 1
1.0625 0.03125 2 2 2 2 1 4 10921 26.5896 25903.8 1
1.09375 0.03125 2 2 2 2 1 4 10963 26.7365 26171.5 1
1.125 0.03125 2 2 2 2 1 4 11047 26.8749 26447.7 1
1.15625 0.03125 2 2 2 2 1 4 11117 27.0173 26719.9 1
1.1875 0.03125 2 2 2 2 1 4 11152 27.1583 26991.8 1
1.21875 0.03125 2 2 2 2 1 4 11187 27.3092 27252.2 1
1.25 0.03125 2 2 2 2 1 4 11250 27.4524 27519.9 1
1.28571 0.0357143 2 2 2 2 1 4 11334 27.758 27625.2 1
1.32143 0.0357143 2 2 2 2 1 4 11460 27.9129 27882.4 1
1.35714 0.0357143 2 2 2 2 1 4 11579 28.0594 28149.6 1
1.39286 0.0357143 2 2 2 2 1 4 11635 28.2049 28416.9 1
1.42857 0.0357143 2 2 2 2 1 4 11733 28.3506 28684.6 1
1.46429 0.0357143 2 2 2 2 1 4 11789 28.5064 28941.4 1
1.5 0.0357143 2 2 2 2 1 4 11873 28.6542 29206.5 1
1.53571 0.0357143 2 2 2 2 1 4 12041 28.9884 29285.2 1
1.57143 0.0357143 2 2 2 2 1 4 12132 29.1489 29540.1 1
1.60714 0.0357143 2 2 2 2 1 4 12230 29.2979 29807.3 1
1.64286 0.0357143 2 2 1 2 1 4 12307 29.4358 30085.8 1
1.67857 0.0357143 2 2 2 2 1 4 12370 29.5869 30350.2 1
1.71429 0.0357143 2 2 2 2 1 4 12461 29.7466 30606.3 1
1.75 0.0357143 2 2 2 2 1 4 12496 29.8983 30868.9 1
1.78571 0.0357143 2 2 2 2 1 4 12580 30.1787 30998.9 1
1.82143 0.0357143 2 2 2 2 1 4 12657 30.3436 31247.6 1
1.85714 0.0357143 2 2 2 2 1 4 12769 30.4982 31507.9 1
1.89286 0.0357143 2 2 2 2 1 4 12860 30.6555 31765.7 1
1.92857 0.0357143 2 2 2 2 1 4 12895 30.8183 32016.3 1
1.96429 0.0357143 1 2 2 2 1 4 12986 30.9668 32282.1 1
2 0.0357143 2 2 2 2 1 4 13084 31.1265 32536.9 1
2.03571 0.0357143 1 2 2 2 1 4 13161 31.3923 32680.6 1
2.07143 0.0357143 2 2 2 2 1 4 13231 31.5617 32924.4 1
2.10714 0.0357143 2 2 2 2 1 4 13343 31.7203 33180.4 1
2.14286 0.0357143 1 2 2 2 1 4 13462 31.8668 33450.3 1
2.17857 0.0357143 2 2 2 2 1 4 13546 32.0361 33696.4 1
2.21429 0.0357143 1 2 2 2 1 4 13672 32.1854 33964.9 1
2.25 0.0357143 2 2 2 2 1 4 13735 32.3477 34219.1 1
2.28571 0.0357143 1 2 2 2 1 4 13833 32.6293 34347.6 1
2.32143 0.0357143 2 2 2 2 1 4 13903 32.7955 34597.6 1
2.35714 0.0357143 1 2 2 2 1 4 13987 32.9464 34863.6 1
2.39286 0.0357143 1 2 2 2 1 4 14064 33.1009 35125.8 1
2.42857 0.0357143 1 2 2 2 1 4 14141 33.2624 35380.4 1
2.46429 0.0357143 1 2 2 2 1 4 14239 33.4153 35644.6 1
2.5 0.0357143 1 2 2 2 1 4 14295 33.5695 35906.7 1
2.53571 0.0357143 1 2 2 2 1 4 14414 33.8566 36028 1
2.57143 0.0357143 1 2 2 2 1 4 14456 34.0125 36287.8 1
2.60714 0.0357143 1 2 2 2 1 4 14512 34.1851 36529.2 1
2.64286 0.0357143 1 2 2 2 1 4 14624 34.339 36791.3 1
2.67857 0.0357143 1 2 2 2 1 4 14757 34.5022 37044.9 1
2.71429 0.0357143 1 2 2 2 1 4 14834 34.659 37305.4 1
2.75 0.0357143 1 2 2 2 1 4 14946 34.8177 37564.6 1
2.78571 0.0357143 2 2 2 2 1 4 15051 35.1218 37667.9 1
2.82143 0.0357143 1 2 1 2 1 4 15156 35.2669 37942.7 1
2.85714 0.0357143 2 2 2 2 1 4 15247 35.4553 38171 1
2.89286 0.0357143 1 2 2 2 1 4 15345 35.6728 38368.5 1
2.92857 0.0357143 2 2 2 2 1 4 15387 35.8655 38591.4 1
2.96429 0.0357143 1 2 2 2 1 4 15429 36.0371 38835.8 1
3 0.0357143 2 2 1 2 1 4 15478 36.2106 39077.1 1
3.03571 0.0357143 1 2 2 2 1 4 15604 36.5053 39189.1 1
3.07143 0.0357143 2 2 1 2 1 4 15667 36.6865 39422.6 1
3.10714 0.0357143 1 2 1 2 1 4 15737 36.8651 39658.5 1
3.14286 0.0357143 1 2 2 2 1 4 15793 37.0651 39870.6 1
3.17857 0.0357143 2 2 2 2 1 4 15849 37.2663 40080.6 1
3.21429 0.0357143 1 2 1 2 1 4 15926 37.4269 40334.1 1
3.25 0.0357143 1 2 2 2 1 4 16017 37.6642 40505.3 1
3.28571 0.0357143 1 2 1 2 1 4 16087 37.9993 40571.5 1
3.32143 0.0357143 1 2 1 2 1 4 16150 38.1652 40818.3 1
3.35714 0.0357143 1 2 1 2 1 4 16262 38.3829 41010.4 1
3.39286 0.0357143 1 2 1 2 1 4 16346 38.5542 41252.2 1
3.42857 0.0357143 1 2 1 2 1 4 16423 38.7572 41459.8 1
3.46429 0.0357143 1 2 1 2 1 4 16514 38.9392 41690.1 1
3.5 0.0357143 1 2 1 2 1 4 16591 39.1011 41941.8 1
3.53571 0.0357143 1 2 1 2 1 4 16654 39.4104 42035.3 1
3.57143 0.0357143 1 2 1 2 1 4 16731 39.5706 42287.9 1
3.60714 0.0357143 1 2 1 2 1 4 16822 39.8096 42456.6 1
3.64286 0.0357143 1 2 1 2 1 4 16927 40.0238 42652.2 1
3.67857 0.0357143 1 2 1 2 1 4 17039 40.1885 42901.5 1
3.71429 0.0357143 1 2 1 2 1 4 17137 40.3496 43154.9 1
3.75 0.0357143 1 2 1 2 1 4 17221 40.5196 43398.8 1
3.78571 0.0357143 1 2 1 2 1 4 17312 40.8169 43506.8 1
3.82143 0.0357143 1 2 1 2 1 4 17361 40.9954 43740.9 1
3.85714 0.0357143 1 2 2 2 1 4 17417 41.19 43957.1 1
3.89286 0.0357143 1 2 1 2 1 4 17473 41.3689 44189.3 1
3.92857 0.0357143 1 2 1 2 1 4 17522 41.5605 44407.2 1
3.96429 0.0357143 1 2 1 2 1 4 17592 41.7564 44620.3 1
4 0.0357143 1 2 1 2 1 4 17648 41.9476 44837.5 1
4.03571 0.0357143 1 2 2 2 1 4 17760 42.2727 44912.9 1
4.07143 0.0357143 1 2 1 2 1 4 17788 42.4907 45101.1 1
4.10714 0.0357143 1 2 2 2 1 4 17809 42.7495 45244.7 1
4.14286 0.0357143 1 2 1 2 1 4 17879 42.9428 45457.3 1
4.17857 0.0357143 1 2 2 2 1 4 17970 43.1982 45604.5 1
4.21429 0.0357143 1 2 1 2 1 4 18068 43.4307 45776.4 1
4.25 0.0357143 1 2 1 2 1 4 18124 43.6151 45998.5 1
4.28571 0.0357143 1 2 2 2 1 4 18208 43.9507 46061.5 1
4.32143 0.0357143 1 2 2 2 1 4 18271 44.1475 46270 1
4.35714 0.0357143 1 2 1 2 1 4 18341 44.3373 46485.6 1
4.39286 0.0357143 1 2 1 2 1 4 18404 44.543 46684.1 1
4.42857 0.0357143 1 2 1 2 1 4 18460 44.743 46888 1
4.46429 0.0357143 1 2 1 2 1 4 18537 44.9516 47082.7 1
4.5 0.0357143 1 2 1 2 1 4 18607 45.1992 47236.5 1
4.53571 0.0357143 1 2 1 2 1 4 18698 45.5457 47287.8 1
4.57143 0.0357143 1 2 2 2 1 4 18768 45.7666 47469.5 1
4.60714 0.0357143 1 2 1 2 1 4 18810 45.9694 47669.3 1
4.64286 0.0357143 1 2 1 2 1 4 18880 46.1673 47873.9 1
4.67857 0.0357143 1 2 2 2 1 4 18922 46.397 48044.7 1
4.71429 0.0357143 1 2 1 2 1 4 18992 46.6049 48238 1
4.75 0.0357143 1 2 1 2 1 4 19034 46.8092 48434 1
4.78571 0.0357143 1 2 1 2 1 4 19097 47.1806 48457.6 1
4.82143 0.0357143 1 2 1 2 1 4 19202 47.4299 48607.7 1
4.85714 0.0357143 1 2 1 2 1 4 19300 47.6542 48783.9 1
4.89286 0.0357143 1 2 1 2 1 4 19335 47.8535 48984.7 1
4.92857 0.0357143 1 2 1 2 1 4 19370 48.0401 49197.7 1
4.96429 0.0357143 1 2 1 2 1 4 19440 48.222 49415.2 1
5 0.0357143 1 2 1 2 1 4 19482 48.4046 49631.4 1
5.03571 0.0357143 1 2 1 2 1 4 19531 48.8617 49566.7 1
5.07143 0.0357143 1 2 1 2 1 4 19594 49.1228 49702.1 1
5.10714 0.0357143 1 2 1 2 1 4 19664 49.4171 49804.1 1
5.14286 0.0357143 1 2 1 2 1 4 19748 49.7012 49916.7 1
5.17857 0.0357143 1 2 2 2 1 4 19783 49.9813 50032.8 1
5.21429 0.0357143 1 2 1 2 1 4 19804 50.2146 50194.7 1
5.25 0.0357143 1 2 1 2 1 4 19853 50.4389 50365.1 1
5.28571 0.0357143 1 2 1 2 1 4 19923 50.8614 50338.5 1
5.32143 0.0357143 1 2 1 2 1 4 20007 51.1393 50456.1 1
5.35714 0.0357143 1 2 1 2 1 4 20105 51.4123 50579.2 1
5.39286 0.0357143 1 2 1 2 1 4 20112 51.6936 50693.1 1
5.42857 0.0357143 1 2 1 2 1 4 20182 51.9752 50806.7 1
5.46429 0.0357143 1 2 1 2 1 4 20210 52.2419 50934.2 1
5.5 0.0357143 1 2 1 2 1 4 20273 52.4985 51071.4 1
5.53571 0.0357143 1 2 1 2 1 4 20315 52.8619 51104.6 1
5.57143 0.0357143 1 2 1 2 1 4 20371 53.0585 51299.2 1
5.60714 0.0357143 1 2 1 2 1 4 20441 53.2542 51494.5 1
5.64286 0.0357143 1 2 1 2 1 4 20504 53.4489 51690.6 1
5.67857 0.0357143 1 2 1 2 1 4 20574 53.6409 51889.1 1
5.71429 0.0357143 1 2 1 2 1 4 20602 53.8436 52076.4 1
5.75 0.0357143 1 2 1 2 1 4 20644 54.0452 52264.1 1
5.78571 0.0357143 1 2 1 2 1 4 20756 54.3959 52308.7 1
5.82143 0.0357143 1 2 1 2 1 4 20840 54.5913 52503.2 1
5.85714 0.0357143 1 2 2 2 1 4 20896 54.8046 52680.2 1
5.89286 0.0357143 1 2 1 2 1 4 20952 55.0048 52869.4 1
5.92857 0.0357143 1 2 1 2 1 4 21008 55.2 53063 1
5.96429 0.0357143 1 2 2 2 1 4 21078 55.4314 53221.7 1
6 0.0357143 1 2 1 2 1 4 21176 55.6442 53398.7 1
6.03571 0.0357143 1 2 1 2 1 4 21246 56.0233 53416.7 1
6.07143 0.0357143 1 2 1 2 1 4 21288 56.2621 53568.3 1
6.10714 0.0357143 1 2 2 2 1 4 21365 56.5077 53713.6 1
6.14286 0.0357143 1 2 1 2 1 4 21407 56.7944 53819.4 1
6.17857 0.0357143 1 2 1 2 1 4 21442 57.0959 53910.7 1
6.21429 0.0357143 1 2 1 2 1 4 21512 57.4301 53971.5 1
6.25 0.0357143 1 2 1 2 1 4 21582 57.7995 54000 1
6.29167 0.0416667 2 2 2 2 1 4 21645 58.3074 53900.9 1
6.33333 0.0416667 1 2 2 2 1 4 21715 58.6012 54001.2 1
6.375 0.0416667 1 2 1 2 1 4 21743 58.8363 54155 1
6.41667 0.0416667 1 2 2 2 1 4 21792 59.1544 54232.1 1
6.45833 0.0416667 1 2 1 2 1 4 21848 59.415 54361.9 1
6.5 0.0416667 1 2 2 2 1 4 21960 59.7244 54448 1
6.54167 0.0416667 1 2 1 2 1 4 22030 60.1287 54448.3 1
6.58333 0.0416667 1 2 1 2 1 4 22135 60.3975 54572.4 1
6.625 0.0416667 1 2 1 2 1 4 22198 60.6308 54728.6 1
6.66667 0.0416667 1 2 2 2 1 4 22254 60.9246 54829.9 1
6.70833 0.0416667 1 2 2 2 1 4 22254 61.2145 54933.8 1
6.75 0.0416667 1 2 1 2 1 4 22324 61.5077 55034.9 1
6.79167 0.0416667 1 2 1 2 1 4 22422 61.8749 55070.7 1
6.83333 0.0416667 1 2 1 2 1 4 22485 62.1025 55230.9 1
6.875 0.0416667 1 2 2 2 1 4 22541 62.3359 55385.7 1
6.91667 0.0416667 1 2 2 2 1 4 22576 62.5705 55538.9 1
6.95833 0.0416667 1 2 1 2 1 4 22625 62.7842 55710.2 1
7 0.0416667 1 2 2 2 1 4 22681 63.0213 55860.5 1
7.04167 0.0416667 1 2 2 2 1 4 22793 63.3884 55896.6 1
7.08333 0.0416667 1 2 1 2 1 4 22863 63.6028 56067.6 1
7.125 0.0416667 1 2 1 2 1 4 22947 63.819 56237.2 1
7.16667 0.0416667 2 2 2 2 1 4 23010 64.0759 56370.9 1
7.20833 0.0416667 1 2 2 2 1 4 23101 64.3147 56520.7 1
7.25 0.0416667 1 2 2 2 1 4 23206 64.552 56672.4 1
7.29167 0.0416667 1 2 1 2 1 4 23248 64.9034 56723.8 1
7.33333 0.0416667 1 2 1 2 1 4 23332 65.1237 56890.2 1
7.375 0.0416667 1 2 2 2 1 4 23381 65.3648 57038.1 1
7.41667 0.0416667 1 2 2 2 1 4 23437 65.6062 57185.4 1
7.45833 0.0416667 1 2 1 2 1 4 23500 65.8324 57345.9 1
7.5 0.0416667 1 2 2 2 1 4 23542 66.0759 57490.8 1
7.54167 0.0416667 1 2 2 2 1 4 23619 66.4536 57519.5 1
7.58333 0.0416667 1 2 2 2 1 4 23682 66.6985 57663.4 1
7.625 0.0416667 1 2 2 2 1 4 23738 66.9464 57804.4 1
7.66667 0.0416667 1 2 1 2 1 4 23787 67.1732 57963.4 1
7.70833 0.0416667 1 2 2 2 1 4 23829 67.4209 58103.8 1
7.75 0.0416667 2 2 3 2 1 4 23920 67.7118 58207.5 1
7.79167 0.0416667 1 2 2 2 1 4 23955 68.0944 58232.2 1
7.83333 0.0416667 1 2 2 2 1 4 24025 68.3607 58356.9 1
7.875 0.0416667 1 2 2 2 1 4 24074 68.6124 58493.6 1
7.91667 0.0416667 1 2 2 2 1 4 24144 68.8661 58628.8 1
7.95833 0.0416667 2 2 2 2 1 4 24200 69.143 58744 1
8 0.0416667 1 2 2 2 1 4 24242 69.397 58878.3 1
8.04167 0.0416667 2 2 2 2 1 4 24256 69.8063 58880.5 1
8.08333 0.0416667 1 2 1 2 1 4 24326 70.0393 59031.9 1
8.125 0.0416667 2 2 2 2 1 4 24361 70.316 59146.1 1
8.16667 0.0416667 2 2 2 2 1 4 24375 70.5925 59259.7 1
8.20833 0.0416667 2 2 2 2 1 4 24431 70.8707 59371.8 1
8.25 0.0416667 1 2 2 2 1 4 24473 71.1272 59501.8 1
8.29167 0.0416667 1 2 2 2 1 4 24522 71.5158 59521.4 1
8.33333 0.0416667 2 2 2 2 1 4 24585 71.7961 59631.4 1
8.375 0.0416667 2 2 2 2 1 4 24704 72.0832 59736.6 1
8.41667 0.0416667 1 2 1 2 1 4 24802 72.3221 59882.3 1
8.45833 0.0416667 2 2 1 2 1 4 24900 72.5838 60009.4 1
8.5 0.0416667 1 2 1 2 1 4 24956 72.8259 60152.6 1
8.54167 0.0416667 2 2 3 2 1 4 24991 73.2756 60124.5 1
8.58333 0.0416667 2 2 2 2 1 4 25054 73.5617 60231.2 1
8.625 0.0416667 1 2 1 2 1 4 25145 73.8053 60373.1 1
8.66667 0.0416667 2 2 1 2 1 4 25208 74.0862 60484.5 1
8.70833 0.0416667 1 2 2 2 1 4 25257 74.3677 60595.1 1
8.75 0.0416667 2 2 3 2 1 4 25264 74.6981 60665.3 1
8.79167 0.0416667 2 2 2 2 1 4 25313 75.133 60651.1 1
8.83333 0.0416667 2 2 1 2 1 4 25355 75.4018 60771.1 1
8.875 0.0416667 1 2 1 2 1 4 25376 75.6999 60867 1
8.91667 0.0416667 1 2 1 2 1 4 25425 75.947 61003.8 1
8.95833 0.0416667 1 2 1 2 1 4 25488 76.1924 61141.8 1
9 0.0416667 2 2 2 2 1 4 25537 76.4983 61231.2 1
9.04167 0.0416667 1 2 1 2 1 4 25551 76.884 61256.3 1
9.08333 0.0416667 1 2 1 2 1 4 25551 77.1331 61389.8 1
9.125 0.0416667 1 2 2 2 1 4 25600 77.4059 61504.1 1
9.16667 0.0416667 1 2 1 2 1 4 25649 77.656 61636.3 1
9.20833 0.0416667 1 2 1 2 1 4 25670 77.9074 61766.9 1
9.25 0.0416667 2 2 2 2 1 4 25712 78.2037 61861.7 1
9.29167 0.0416667 1 2 1 2 1 4 25726 78.5881 61886.5 1
9.33333 0.0416667 1 2 1 2 1 4 25782 78.8402 62015.6 1
9.375 0.0416667 1 2 1 2 1 4 25831 79.0922 62144.6 1
9.41667 0.0416667 1 2 1 2 1 4 25873 79.346 62271.9 1
9.45833 0.0416667 1 2 1 2 1 4 25922 79.5994 62399.3 1
9.5 0.0416667 2 2 2 2 1 4 25985 79.9263 62469.2 1
9.54167 0.0416667 1 2 1 2 1 4 26034 80.3184 62488.4 1
9.58333 0.0416667 1 2 1 2 1 4 26097 80.575 62613.3 1
9.625 0.0416667 1 2 2 2 1 4 26160 80.857 62718.4 1
9.66667 0.0416667 1 2 1 2 1 4 26202 81.1149 62842 1
9.70833 0.0416667 1 2 1 2 1 4 26300 81.3742 62965 1
9.75 0.0416667 1 2 2 2 1 4 26314 81.6567 63069.4 1
9.79167 0.0416667 1 2 1 2 1 4 26370 82.0532 63086 1
9.83333 0.0416667 1 2 2 2 1 4 26447 82.3381 63188.9 1
9.875 0.0416667 1 2 1 2 1 4 26594 82.6081 63304.3 1
9.91667 0.0416667 1 2 1 2 1 4 26650 82.8717 63424.5 1
9.95833 0.0416667 1 2 1 2 1 4 26671 83.1432 63538.2 1
10 0.0416667 1 2 2 2 1 4 26713 83.432 63638.4 1
10.0417 0.0416667 1 2 2 2 1 4 26748 83.8651 63628.7 1
10.0833 0.0416667 1 2 1 2 1 4 26818 84.1276 63749 1
10.125 0.0416667 1 2 2 2 1 4 26888 84.4362 63834.4 1
10.1667 0.0416667 1 2 1 2 1 4 26951 84.7097 63946.5 1
10.2083 0.0416667 1 2 1 2 1 4 26972 84.9949 64049.2 1
10.25 0.0416667 1 2 1 2 1 4 27112 85.2819 64151.6 1
10.2917 0.0416667 1 2 1 2 1 4 27210 85.7079 64150.2 1
10.3333 0.0416667 1 2 1 2 1 4 27315 86.0214 64234 1
10.375 0.0416667 1 2 1 2 1 4 27420 86.3002 64344.2 1
10.4167 0.0416667 1 2 2 2 1 4 27483 86.6318 64415.1 1
10.4583 0.0416667 1 2 1 2 1 4 27553 86.9026 64531.5 1
10.5 0.0416667 1 2 1 2 1 4 27637 87.1734 64648 1
10.5417 0.0416667 1 2 1 2 1 4 27700 87.5827 64662.2 1
10.5833 0.0416667 1 2 1 2 1 4 27749 87.8557 64777.1 1
10.625 0.0416667 1 2 1 2 1 4 27868 88.13 64891.7 1
10.6667 0.0416667 1 2 1 2 1 4 28001 88.4045 65006.9 1
10.7083 0.0416667 1 2 1 2 1 4 28064 88.6936 65111.5 1
10.75 0.0416667 1 2 1 2 1 4 28078 88.9809 65216.8 1
10.7917 0.0416667 1 2 1 2 1 4 28120 89.3962 65228.4 1
10.8333 0.0416667 1 2 1 2 1 4 28211 89.6732 65341.5 1
10.875 0.0416667 1 2 1 2 1 4 28288 89.9522 65453.3 1
10.9167 0.0416667 1 2 1 2 1 4 28323 90.2301 65565.6 1
10.9583 0.0416667 1 2 1 2 1 4 28484 90.5096 65677.8 1
11 0.0416667 1 2 1 2 1 4 28568 90.7905 65789.3 1
11.0417 0.0416667 1 2 1 2 1 4 28631 91.2104 65800.3 1
11.0833 0.0416667 1 2 1 2 1 4 28806 91.4932 65911.8 1
11.125 0.0416667 1 2 1 2 1 4 28890 91.7762 66023.3 1
11.1667 0.0416667 1 2 1 2 1 4 28967 92.0977 66107.4 1
11.2083 0.0416667 1 2 1 2 1 4 29030 92.3964 66207.9 1
11.25 0.0416667 1 2 1 2 1 4 29114 92.7098 66298.1 1
11.2917 0.0416667 1 2 1 2 1 4 29149 93.2156 66251.1 1
11.3333 0.0416667 1 2 1 2 1 4 29282 93.5512 66326.4 1
11.375 0.0416667 1 2 1 2 1 4 29394 93.9085 66387 1
11.4167 0.0416667 1 2 1 2 1 4 29457 94.2374 66467.9 1
11.4583 0.0416667 1 2 1 2 1 4 29499 94.6219 66509.6 1
11.5 0.0416667 1 2 1 2 1 4 29569 95.0389 66528.9 1
11.5417 0.0416667 1 2 1 2 1 4 29639 95.5276 66498.8 1
11.5833 0.0416667 1 2 1 2 1 4 29751 95.8263 66602 1
11.625 0.0416667 1 2 1 2 1 4 29849 96.1239 66706.3 1
11.6667 0.0416667 1 2 1 2 1 4 29905 96.451 66790.1 1
11.7083 0.0416667 1 2 1 2 1 4 30017 96.7748 66876.8 1
11.75 0.0416667 1 2 1 2 1 4 30094 97.0823 66975 1
11.7917 0.0416667 1 2 1 2 1 4 30206 97.5287 66978.1 1
11.8333 0.0416667 1 2 1 2 1 4 30318 97.8473 67069.9 1
11.875 0.0416667 1 2 1 2 1 4 30360 98.1731 67156.6 1
11.9167 0.0416667 1 2 1 2 1 4 30423 98.5005 67242.3 1
11.9583 0.0416667 1 2 1 2 1 4 30521 98.8386 67321 1
12 0.0416667 1 2 1 2 1 4 30633 99.169 67405.6 1
12.0417 0.0416667 1 2 1 2 1 4 30682 99.6351 67398.3 1
12.0833 0.0416667 1 2 1 2 1 4 30787 99.9802 67473.5 1
12.125 0.0416667 1 2 1 2 1 4 30892 100.305 67563.3 1
12.1667 0.0416667 1 2 1 2 1 4 31011 100.624 67656.8 1
12.2083 0.0416667 1 2 1 2 1 4 31074 100.95 67746.6 1
12.25 0.0416667 1 2 1 2 1 4 31151 101.271 67839.4 1
12.2917 0.0416667 1 2 1 2 1 4 31228 101.739 67834.2 1
12.3333 0.0416667 1 2 1 2 1 4 31319 102.055 67931.1 1
12.375 0.0416667 1 2 2 2 1 4 31431 102.398 68010.1 1
12.4167 0.0416667 1 2 1 2 1 4 31487 102.719 68104.2 1
12.4583 0.0416667 1 2 1 2 1 4 31571 103.031 68204.5 1
12.5 0.0416667 1 2 1 2 1 4 31620 103.351 68299.2 1
12.5417 0.0416667 1 2 1 2 1 4 31767 103.807 68305.2 1
12.5833 0.0416667 1 2 1 2 1 4 31809 104.121 68404.9 1
12.625 0.0416667 1 2 1 2 1 4 31900 104.437 68503.3 1
12.6667 0.0416667 1 2 1 2 1 4 31991 104.753 68602 1
12.7083 0.0416667 1 2 1 2 1 4 32054 105.082 68692 1
12.75 0.0416667 1 2 1 2 1 4 32075 105.428 68771.2 1
12.7917 0.0416667 1 2 1 2 1 4 32180 105.927 68751 1
12.8333 0.0416667 1 2 1 2 1 4 32257 106.255 68842.1 1
12.875 0.0416667 1 2 1 2 1 4 32418 106.573 68940.9 1
12.9167 0.0416667 1 2 2 2 1 4 32509 106.935 69011.7 1
12.9583 0.0416667 1 2 1 2 1 4 32628 107.275 69097.2 1
13 0.0416667 1 2 1 2 1 4 32656 107.635 69169.4 1
13.0417 0.0416667 1 2 1 2 1 4 32747 108.104 69172.1 1
13.0833 0.0416667 1 2 1 2 1 4 32817 108.447 69255.8 1
13.125 0.0416667 1 2 1 2 1 4 32936 108.783 69344.9 1
13.1667 0.0416667 1 2 1 2 1 4 32971 109.137 69422 1
13.2083 0.0416667 1 2 1 2 1 4 33013 109.537 69470 1
13.25 0.0416667 1 2 1 2 1 4 33111 109.866 69563.5 1
13.2917 0.0416667 1 2 1 2 1 4 33160 110.336 69567.3 1
13.3333 0.0416667 1 2 1 2 1 4 33272 110.666 69660.9 1
13.375 0.0416667 1 2 2 2 1 4 33342 111.03 69732.7 1
13.4167 0.0416667 1 2 1 2 1 4 33405 111.374 69817.5 1
13.4583 0.0416667 1 2 1 2 1 4 33489 111.734 69892.2 1
13.5 0.0416667 1 2 1 2 1 4 33538 112.09 69969.3 1
13.5417 0.0416667 1 2 1 2 1 4 33608 112.6 69950.9 1
13.5833 0.0416667 1 2 1 2 1 4 33706 112.937 70040.3 1
13.625 0.0416667 1 2 1 2 1 4 33762 113.286 70122.7 1
13.6667 0.0416667 1 2 1 2 1 4 33811 113.716 70155.2 1
13.7083 0.0416667 1 2 1 2 1 4 33846 114.074 70231.3 1
13.75 0.0416667 1 2 1 2 1 4 33958 114.516 70257 1
13.7917 0.0416667 1 2 1 2 1 4 33986 115.105 70192.4 1
13.8333 0.0416667 1 2 1 2 1 4 34077 115.466 70268.2 1
13.875 0.0416667 1 2 1 2 1 4 34147 115.953 70267.7 1
13.9167 0.0416667 1 2 1 2 1 4 34224 116.364 70313.3 1
13.9583 0.0416667 1 2 1 2 1 4 34287 116.821 70331.7 1
14 0.0416667 1 2 1 2 1 4 34287 117.262 70359.8 1
14.0417 0.0416667 1 2 1 2 1 4 34378 117.776 70345 1
14.0833 0.0416667 1 2 1 2 1 4 34504 118.167 70403.8 1
14.125 0.0416667 1 2 1 2 1 4 34588 118.552 70467.2 1
14.1667 0.0416667 1 2 1 2 1 4 34728 118.946 70525.9 1
14.2083 0.0416667 1 2 1 2 1 4 34847 119.306 70604.7 1
14.25 0.0416667 1 2 1 2 1 4 34945 119.67 70682.3 1
14.2917 0.0416667 1 2 1 2 1 4 35015 120.179 70674.1 1
14.3333 0.0416667 1 2 1 2 1 4 35092 120.536 70756.2 1
14.375 0.0416667 1 2 1 2 1 4 35169 120.896 70836.2 1
14.4167 0.0416667 1 2 1 2 1 4 35211 121.265 70911 1
14.4583 0.0416667 1 2 1 2 1 4 35344 121.623 70993.1 1
14.5 0.0416667 1 2 1 2 1 4 35456 121.998 71065.2 1
14.5417 0.0416667 1 2 1 2 1 4 35540 122.546 71037.6 1
14.5833 0.0416667 1 2 1 2 1 4 35596 123.003 71063.1 1
14.625 0.0416667 1 2 1 2 1 4 35652 123.385 71131.7 1
14.6667 0.0416667 1 2 1 2 1 4 35743 123.786 71190.3 1
14.7083 0.0416667 1 2 1 2 1 4 35771 124.15 71269.7 1
14.75 0.0416667 1 2 1 2 1 4 35820 124.51 71351.3 1
14.7917 0.0416667 1 2 1 2 1 4 35911 125.016 71349.6 1
14.8333 0.0416667 2 2 1 2 1 4 35974 125.409 71412.9 1
14.875 0.0416667 1 2 1 2 1 4 36058 125.769 71495.5 1
14.9167 0.0416667 2 2 1 2 1 4 36114 126.163 71558.5 1
14.9583 0.0416667 1 2 1 2 1 4 36268 126.523 71641.2 1
15 0.0416667 2 2 1 2 1 4 36303 126.919 71703.6 1
15.0417 0.0416667 1 2 1 2 1 4 36408 127.429 71702.3 1
15.0833 0.0416667 2 2 1 2 1 4 36492 127.879 71735.8 1
15.125 0.0416667 2 2 1 2 1 4 36576 128.279 71797.1 1
15.1667 0.0416667 2 2 1 2 1 4 36646 128.68 71858 1
15.2083 0.0416667 2 2 1 2 1 4 36716 129.081 71919 1
15.25 0.0416667 2 2 2 2 1 4 36758 129.517 71961.2 1
15.2917 0.0416667 2 2 1 2 1 4 36849 130.072 71937.4 1
15.3333 0.0416667 2 2 1 2 1 4 36905 130.475 71997.9 1
15.3667 0.0333333 2 2 1 2 1 4 36961 130.905 72043.6 1
15.4 0.0333333 1 2 2 2 1 4 37010 131.4 72054.2 1
15.4333 0.0333333 1 2 1 2 1 4 37038 131.849 72089.6 1
15.4667 0.0333333 1 2 1 2 1 4 37108 132.274 72138.4 1
15.5 0.0333333 1 2 1 2 1 4 37164 132.664 72206.6 1
15.5357 0.0357143 1 2 1 2 1 4 37227 133.201 72195.1 1
15.5714 0.0357143 1 2 1 2 1 4 37339 133.586 72266.4 1
15.6071 0.0357143 1 2 1 2 1 4 37437 133.975 72336.1 1
15.6429 0.0357143 1 2 1 2 1 4 37486 134.378 72397.8 1
15.6786 0.0357143 1 2 1 2 1 4 37605 134.83 72434.1 1
15.7143 0.0357143 1 2 1 2 1 4 37668 135.266 72479.1 1
15.75 0.0357143 1 2 2 2 1 4 37738 135.696 72527.6 1
15.7917 0.0416667 2 2 1 2 1 4 37801 136.28 72494 1
15.8333 0.0416667 1 2 2 2 1 4 37885 136.764 72514.6 1
15.875 0.0416667 2 2 1 2 1 4 37948 137.32 72497.5 1
15.9167 0.0416667 1 2 2 2 1 4 38011 137.859 72489.9 1
15.9583 0.0416667 1 2 1 2 1 4 38088 138.292 72538.1 1
16 0.0416667 2 2 2 2 1 4 38151 138.831 72531.3 1
16.0417 0.0416667 1 2 1 2 1 4 38221 139.481 72467.5 1
16.0833 0.0416667 1 2 1 2 1 4 38284 139.907 72520.4 1
16.125 0.0416667 1 2 2 2 1 4 38340 140.378 72550.2 1
16.1667 0.0416667 1 2 2 2 1 4 38396 140.841 72584.3 1
16.2083 0.0416667 1 2 2 2 1 4 38543 141.328 72606.9 1
16.25 0.0416667 1 2 1 2 1 4 38599 141.743 72666.4 1
16.2917 0.0416667 1 2 1 2 1 4 38753 142.359 72624.3 1
16.3333 0.0416667 1 2 1 2 1 4 38907 142.823 72661 1
16.375 0.0416667 1 2 2 2 1 4 39033 143.297 72692.6 1
16.4167 0.0416667 1 2 2 2 1 4 39096 143.744 72738.7 1
16.4583 0.0416667 1 2 1 2 1 4 39187 144.196 72782.4 1
16.5 0.0416667 1 2 1 2 1 4 39250 144.634 72833.4 1
16.5417 0.0416667 1 2 1 2 1 4 39355 145.232 72804.8 1
16.5833 0.0416667 1 2 2 2 1 4 39460 145.727 72828.3 1
16.625 0.0416667 1 2 1 2 1 4 39502 146.185 72870 1
16.6667 0.0416667 2 2 2 2 1 4 39656 146.721 72874.2 1
16.7083 0.0416667 1 2 1 2 1 4 39789 147.145 72934.5 1
16.75 0.0416667 1 2 1 2 1 4 39936 147.581 72989.9 1
16.7917 0.0416667 1 2 2 2 1 4 40097 148.249 72931.4 1
16.8333 0.0416667 1 2 2 2 1 4 40251 148.744 72959.4 1
16.875 0.0416667 1 2 1 2 1 4 40342 149.191 73011.1 1
16.9167 0.0416667 1 2 2 2 1 4 40384 149.697 73034.1 1
16.9583 0.0416667 2 2 2 2 1 4 40475 150.229 73044.8 1
17 0.0416667 1 2 2 2 1 4 40566 150.808 73033.3 1
17.0417 0.0416667 1 2 1 2 1 4 40664 151.42 73006.5 1
17.0833 0.0416667 1 2 2 2 1 4 40748 151.963 73013.9 1
17.125 0.0416667 1 2 2 2 1 4 40832 152.531 73009.9 1
17.1667 0.0416667 1 2 1 2 1 4 41021 153.067 73022.1 1
17.2083 0.0416667 1 2 1 2 1 4 41119 153.528 73070.7 1
17.25 0.0416667 1 2 1 2 1 4 41175 153.997 73115.4 1
17.2917 0.0416667 1 2 2 2 1 4 41259 154.649 73074.2 1
17.3333 0.0416667 1 2 1 2 1 4 41364 155.095 73130.8 1
17.375 0.0416667 1 2 1 2 1 4 41469 155.534 73190.6 1
17.4167 0.0416667 1 2 1 2 1 4 41609 156.014 73232.1 1
17.4583 0.0416667 1 2 1 2 1 4 41735 156.488 73277.3 1
17.5 0.0416667 1 2 1 2 1 4 41847 156.956 73325.5 1
17.5417 0.0416667 1 2 1 2 1 4 41945 157.553 73313.9 1
17.5833 0.0416667 1 2 2 2 1 4 42043 158.087 73332.1 1
17.625 0.0416667 2 2 1 2 1 4 42155 158.612 73355.3 1
17.6667 0.0416667 1 2 1 2 1 4 42260 159.082 73404 1
17.7083 0.0416667 1 2 1 2 1 4 42365 159.527 73464.6 1
17.75 0.0416667 1 2 1 2 1 4 42449 159.971 73526.2 1
17.7917 0.0416667 1 2 1 2 1 4 42512 160.564 73519.6 1
17.8333 0.0416667 1 2 1 2 1 4 42624 161.006 73582.4 1
17.875 0.0416667 1 2 1 2 1 4 42743 161.448 73645.7 1
17.9167 0.0416667 1 2 1 2 1 4 42862 161.89 73709.4 1
17.9583 0.0416667 1 2 2 2 1 4 42939 162.377 73752.9 1
18 0.0416667 1 2 2 2 1 4 43065 162.858 73799.4 1
18.0417 0.0416667 1 2 1 2 1 4 43198 163.456 73793.4 1
18.0833 0.0416667 1 2 1 2 1 4 43282 163.902 73857.1 1
18.125 0.0416667 1 2 2 2 1 4 43373 164.389 73902 1
18.1667 0.0416667 1 2 1 2 1 4 43457 164.837 73964.7 1
18.2083 0.0416667 1 2 1 2 1 4 43583 165.282 74029.3 1
18.25 0.0416667 1 2 1 2 1 4 43660 165.731 74092.3 1
18.2917 0.0416667 1 2 1 2 1 4 43730 166.336 74085.8 1
18.3333 0.0416667 1 2 1 2 1 4 43807 166.774 74153.5 1
18.375 0.0416667 1 2 1 2 1 4 43982 167.227 74215.8 1
18.4167 0.0416667 1 2 1 2 1 4 43996 167.681 74277.4 1
18.4583 0.0416667 1 2 1 2 1 4 44115 168.136 74338.7 1
18.5 0.0416667 1 2 1 2 1 4 44164 168.588 74401.4 1
18.5417 0.0416667 1 2 1 2 1 4 44171 169.191 74397.1 1
18.5833 0.0416667 1 2 1 2 1 4 44241 169.646 74458.5 1
18.625 0.0416667 1 2 1 2 1 4 44388 170.103 74519.3 1
18.6667 0.0416667 1 2 1 2 1 4 44465 170.56 74580.2 1
18.7083 0.0416667 1 2 1 2 1 4 44591 171.014 74643.1 1
18.75 0.0416667 1 2 1 2 1 4 44661 171.476 74702.6 1
18.7917 0.0416667 1 2 1 2 1 4 44745 172.088 74696.6 1
18.8333 0.0416667 1 2 1 2 1 4 44836 172.545 74759 1
18.875 0.0416667 1 2 1 2 1 4 44920 173.006 74819.4 1
18.9167 0.0416667 2 2 1 2 1 4 45039 173.503 74864.7 1
18.9583 0.0416667 1 2 1 2 1 4 45088 173.966 74924.6 1
19 0.0416667 1 2 1 2 1 4 45165 174.43 74983.9 1
19.0417 0.0416667 1 2 1 2 1 4 45228 175.047 74978 1
19.0833 0.0416667 1 2 1 2 1 4 45347 175.509 75039 1
19.125 0.0416667 2 2 1 2 1 4 45466 176.014 75082.1 1
19.1667 0.0416667 1 2 1 2 1 4 45571 176.476 75143.7 1
19.2083 0.0416667 2 2 1 2 1 4 45655 176.989 75184.1 1
19.25 0.0416667 2 2 1 2 1 4 45739 177.5 75225.3 1
19.2917 0.0416667 2 2 2 2 1 4 45830 178.207 75183.8 1
19.3333 0.0416667 2 2 1 2 1 4 45872 178.715 75226.9 1
19.375 0.0416667 2 2 1 2 1 4 45963 179.228 75268 1
19.4167 0.0416667 2 2 1 2 1 4 46124 179.752 75305.1 1
19.4583 0.0416667 2 2 2 2 1 4 46278 180.314 75327.3 1
19.5 0.0416667 2 2 1 2 1 4 46404 180.832 75368.1 1
19.5417 0.0416667 2 2 1 2 1 4 46516 181.505 75345 1
19.5833 0.0416667 2 2 1 2 1 4 46677 182.022 75387.3 1
19.625 0.0416667 2 2 1 2 1 4 46838 182.542 75429.2 1
19.6667 0.0416667 2 2 1 2 1 4 47174 183.059 75473.7 1
19.7083 0.0416667 2 2 2 2 1 4 47370 183.629 75497.3 1
19.75 0.0416667 2 2 1 2 1 4 47440 184.157 75538.5 1
19.7917 0.0416667 2 2 1 2 1 4 47531 184.85 75512.4 1
19.8333 0.0416667 2 2 1 2 1 4 47629 185.402 75544.6 1
19.875 0.0416667 2 2 1 2 1 4 47678 185.936 75584 1
19.9167 0.0416667 2 2 1 2 1 4 47832 186.528 75600.6 1
19.9583 0.0416667 2 2 1 2 1 4 47909 187.144 75607.8 1
20 0.0416667 2 2 1 2 1 4 48021 187.742 75622.5 1
20.0417 0.0416667 2 2 2 2 1 4 48084 188.496 75575.1 1
20.0833 0.0416667 2 2 1 2 1 4 48161 189.064 75603.1 1
20.125 0.0416667 2 2 1 2 1 4 48308 189.61 75640.2 1
20.1667 0.0416667 2 2 1 2 1 4 48518 190.213 75655.4 1
20.2083 0.0416667 2 2 1 2 1 4 48742 190.773 75688.7 1
20.25 0.0416667 2 2 1 2 1 4 48910 191.35 75716 1
20.2917 0.0416667 2 2 2 2 1 4 49036 192.182 75643.7 1
20.3333 0.0416667 2 2 1 2 1 4 49120 192.773 75666.3 1
20.375 0.0416667 1 2 1 2 1 4 49281 193.296 75716.7 1
20.4167 0.0416667 2 2 1 2 1 4 49344 193.859 75751.3 1
20.4583 0.0416667 2 2 1 2 1 4 49498 194.442 75778.7 1
20.5 0.0416667 2 2 2 2 1 4 49631 195.055 75795 1
20.5417 0.0416667 2 2 1 2 1 4 49757 195.791 75764.4 1
20.5833 0.0416667 2 2 1 2 1 4 49890 196.352 75802 1
20.625 0.0416667 2 2 1 2 1 4 50002 196.91 75841 1
20.6667 0.0416667 2 2 1 2 1 4 50149 197.519 75861.1 1
20.7083 0.0416667 2 2 1 2 1 4 50212 198.101 75891.8 1
20.75 0.0416667 1 2 1 2 1 4 50485 198.654 75934.4 1
20.7917 0.0416667 2 2 1 2 1 4 50632 199.442 75888.5 1
20.8333 0.0416667 1 2 1 2 1 4 50730 199.982 75937 1
20.875 0.0416667 2 2 1 2 1 4 50940 200.576 75966.3 1
20.9167 0.0416667 1 2 1 2 1 4 51003 201.129 76010.9 1
20.9583 0.0416667 2 2 1 2 1 4 51108 201.914 75968.6 1
21 0.0416667 1 2 1 2 1 4 51178 202.595 75965.9 1
21.0417 0.0416667 1 2 1 2 1 4 51262 203.393 75919.7 1
21.0833 0.0416667 2 2 1 2 1 4 51318 204.037 75931.7 1
21.125 0.0416667 1 2 1 2 1 4 51409 204.616 75967.9 1
21.1667 0.0416667 2 2 1 2 1 4 51535 205.268 75977.9 1
21.2083 0.0416667 1 2 1 2 1 4 51640 205.826 76022.7 1
21.25 0.0416667 1 2 1 2 1 4 51745 206.438 76047.8 1
21.2917 0.0416667 1 2 1 2 1 4 51843 207.163 76031.9 1
21.3333 0.0416667 1 2 1 2 1 4 52011 207.707 76083.5 1
21.375 0.0416667 1 2 1 2 1 4 52151 208.3 76117 1
21.4167 0.0416667 1 2 1 2 1 4 52319 208.864 76162.2 1
21.4583 0.0416667 2 2 1 2 1 4 52473 209.549 76163.6 1
21.5 0.0416667 1 2 1 2 1 4 52564 210.196 76179.2 1
21.5417 0.0416667 1 2 1 2 1 4 52760 210.933 76163 1
21.5833 0.0416667 1 2 1 2 1 4 52984 211.483 76215.6 1
21.625 0.0416667 1 2 1 2 1 4 53012 212.083 76249.8 1
21.6667 0.0416667 1 2 1 2 1 4 53201 212.67 76289.7 1
21.7083 0.0416667 1 2 1 2 1 4 53334 213.272 76324.3 1
21.75 0.0416667 2 2 1 2 1 4 53467 213.935 76337.7 1
21.7917 0.0416667 1 2 1 2 1 4 53593 214.733 76303.4 1
21.8333 0.0416667 2 2 1 2 1 4 53740 215.435 76304.4 1
21.875 0.0416667 1 2 1 2 1 4 53817 216.002 76353.3 1
21.9167 0.0416667 2 2 1 2 1 4 53985 216.64 76377.5 1
21.9583 0.0416667 1 2 1 2 1 4 54076 217.358 76374 1
22 0.0416667 2 2 1 2 1 4 54258 218.097 76364.2 1
22.0417 0.0416667 1 2 1 2 1 4 54363 218.835 76355.1 1
22.0833 0.0416667 2 2 1 2 1 4 54489 219.479 76379.2 1
22.125 0.0416667 2 2 2 2 1 4 54552 220.161 76390.5 1
22.1667 0.0416667 2 2 1 2 1 4 54657 220.815 76411.7 1
22.2083 0.0416667 2 2 2 2 1 4 54720 221.504 76421 1
22.25 0.0416667 2 2 1 2 1 4 54839 222.151 76445.3 1
22.2917 0.0416667 2 2 2 2 1 4 54986 223.019 76394.2 1
22.3333 0.0416667 2 2 1 2 1 4 55126 223.652 76424.6 1
22.375 0.0416667 2 2 2 2 1 4 55245 224.453 76398.1 1
22.4167 0.0416667 1 2 1 2 1 4 55357 225.149 76407.6 1
22.4583 0.0416667 2 2 2 2 1 4 55476 225.906 76397.1 1
22.5 0.0416667 2 2 1 2 1 4 55546 226.565 76420.1 1
22.5417 0.0416667 2 2 1 2 1 4 55665 227.449 76367.8 1
22.5833 0.0416667 2 2 1 2 1 4 55833 228.115 76389.6 1
22.625 0.0416667 2 2 1 2 1 4 55938 228.751 76421.8 1
22.6667 0.0416667 2 2 1 2 1 4 56043 229.365 76461.6 1
22.7083 0.0416667 2 2 1 2 1 4 56239 229.98 76501.8 1
22.75 0.0416667 2 2 1 2 1 4 56386 230.605 76538.8 1
22.7917 0.0416667 2 2 1 2 1 4 56449 231.418 76513.9 1
22.8333 0.0416667 2 2 2 2 1 4 56673 232.083 76538.8 1
22.875 0.0416667 2 2 1 2 1 4 56771 232.702 76579.3 1
22.9167 0.0416667 2 2 2 2 1 4 56820 233.382 76599.5 1
22.9583 0.0416667 2 2 2 2 1 4 56883 234.068 76618.1 1
23 0.0416667 2 2 2 2 1 4 57114 234.743 76641.1 1
23.0417 0.0416667 2 2 1 2 1 4 57275 235.531 76627.7 1
23.0833 0.0416667 2 2 2 2 1 4 57394 236.238 76641.4 1
23.125 0.0416667 2 2 1 2 1 4 57471 236.909 76666.8 1
23.1667 0.0416667 2 2 1 2 1 4 57527 237.574 76694.3 1
23.2083 0.0416667 2 2 2 2 1 4 57667 238.322 76695.8 1
23.25 0.0416667 2 2 2 2 1 4 57828 239.021 76713.5 1
23.2917 0.0416667 1 2 2 2 1 4 58024 239.837 76694.2 1
23.3333 0.0416667 2 2 2 2 1 4 58094 240.531 76714.6 1
23.375 0.0416667 2 2 2 2 1 4 58178 241.283 76716.5 1
23.4167 0.0416667 1 2 2 2 1 4 58318 241.962 76742.4 1
23.4583 0.0416667 2 2 2 2 1 4 58402 242.696 76751 1
23.5 0.0416667 1 2 2 2 1 4 58563 243.366 76780.3 1
23.5417 0.0416667 2 2 2 2 1 4 58808 244.252 76742.5 1
23.5833 0.0416667 2 2 1 2 1 4 58815 244.923 76772.3 1
23.625 0.0416667 2 2 2 2 1 4 58899 245.654 76783.5 1
23.6667 0.0416667 2 2 2 2 1 4 59102 246.406 76789.1 1
23.7083 0.0416667 2 2 1 2 1 4 59277 247.077 76820.7 1
23.75 0.0416667 2 2 1 2 1 4 59473 247.742 76854.4 1
23.7917 0.0416667 2 2 2 2 1 4 59613 248.663 76809.5 1
23.8333 0.0416667 2 2 2 2 1 4 59781 249.445 76808.4 1
23.875 0.0416667 2 2 2 2 1 4 59788 250.303 76783.9 1
23.9167 0.0416667 2 2 2 2 1 4 59893 251.031 76799.8 1
23.9583 0.0416667 2 2 2 2 1 4 59907 251.749 76818.6 1
24 0.0416667 2 2 2 2 1 4 60054 252.462 76839.8 1
24.0417 0.0416667 2 2 1 2 1 4 60236 253.285 76827.7 1
24.0833 0.0416667 2 2 1 2 1 4 60411 253.987 76853.3 1
24.125 0.0416667 2 2 2 2 1 4 60530 254.796 76846.9 1
24.1667 0.0416667 2 2 2 2 1 4 60677 255.614 76838.3 1
24.2083 0.0416667 2 2 2 2 1 4 60761 256.514 76805.7 1
24.25 0.0416667 2 2 2 2 1 4 60852 257.394 76779.4 1
24.2917 0.0416667 2 2 1 2 1 4 60915 258.473 76694.6 1
24.3333 0.0416667 2 2 2 2 1 4 60985 259.399 76655.8 1
24.375 0.0416667 2 2 1 2 1 4 61104 260.329 76616.7 1
24.4167 0.0416667 2 2 2 2 1 4 61265 261.192 76598.3 1
24.4583 0.0416667 2 2 2 2 1 4 61370 262.113 76563 1
24.5 0.0416667 2 2 1 2 1 4 61461 262.964 76549.1 1
24.5417 0.0416667 2 2 1 2 1 4 61545 263.953 76495.4 1
24.5833 0.0416667 2 2 2 2 1 4 61601 264.75 76497.9 1
24.625 0.0416667 2 2 2 2 1 4 61636 265.591 76487.7 1
24.6667 0.0416667 2 2 1 2 1 4 61678 266.317 76510.7 1
24.7083 0.0416667 2 2 1 2 1 4 61867 267.097 76518.9 1
24.75 0.0416667 2 2 2 2 1 4 62007 267.938 76510.1 1
24.7917 0.0416667 2 2 2 2 1 4 62077 268.94 76456.1 1
24.8333 0.0416667 1 2 1 2 1 4 62140 269.648 76485.8 1
24.875 0.0416667 2 2 2 2 1 4 62364 270.486 76479.3 1
24.9167 0.0416667 1 2 2 2 1 4 62406 271.204 76506.9 1
24.9583 0.0416667 2 2 2 2 1 4 62511 271.982 76517.8 1
25 0.0416667 1 2 2 2 1 4 62644 272.705 76544.8 1
25.0417 0.0416667 2 2 2 2 1 4 62763 273.654 76508.6 1
25.0833 0.0416667 1 2 1 2 1 4 62973 274.307 76556.2 1
25.125 0.0416667 2 2 1 2 1 4 63148 275.024 76586.3 1
25.1667 0.0416667 1 2 1 2 1 4 63288 275.684 76632.2 1
25.2083 0.0416667 2 2 1 2 1 4 63428 276.402 76662.7 1
25.25 0.0416667 1 2 1 2 1 4 63519 277.058 76710.5 1
25.2917 0.0416667 2 2 2 2 1 4 63666 278.001 76679.2 1
25.3333 0.0416667 1 2 2 2 1 4 63666 278.738 76704.9 1
25.375 0.0416667 2 2 1 2 1 4 63694 279.653 76681.8 1
25.4167 0.0416667 1 2 2 2 1 4 63722 280.415 76700.6 1
25.4583 0.0416667 2 2 1 2 1 4 63834 281.143 76729 1
25.5 0.0416667 1 2 1 2 1 4 63890 281.826 76769.8 1
25.5417 0.0416667 2 2 1 2 1 4 64107 282.889 76708 1
25.5833 0.0416667 1 2 2 2 1 4 64177 283.839 76677.3 1
25.625 0.0416667 2 2 2 2 1 4 64289 284.852 76630.4 1
25.6667 0.0416667 2 2 2 2 1 4 64443 285.699 76628.6 1
25.7083 0.0416667 2 2 1 2 1 4 64597 286.477 76646 1
25.75 0.0416667 2 2 1 2 1 4 64744 287.213 76675 1
25.7917 0.0416667 2 2 1 2 1 4 64828 288.129 76656.5 1
25.8333 0.0416667 2 2 1 2 1 4 64968 288.859 76687.5 1
25.875 0.0416667 2 2 2 2 1 4 65101 289.677 76695.8 1
25.9167 0.0416667 2 2 2 2 1 4 65255 290.487 76706.4 1
25.9583 0.0416667 2 2 1 2 1 4 65360 291.238 76733.2 1
26 0.0416667 2 2 2 2 1 4 65409 292.045 76745.1 1
26.0417 0.0416667 2 2 2 2 1 4 65549 293.046 76706.6 1
26.0833 0.0416667 2 2 1 2 1 4 65696 293.808 76731.2 1
26.125 0.0416667 2 2 1 2 1 4 65885 294.572 76755.8 1
26.1667 0.0416667 2 2 2 2 1 4 65969 295.389 76766.9 1
26.2083 0.0416667 2 2 2 2 1 4 66137 296.209 76777.6 1
26.25 0.0416667 2 2 2 2 1 4 66298 297.028 76789.2 1
26.2917 0.0416667 2 2 1 2 1 4 66340 297.965 76770.4 1
26.3333 0.0416667 2 2 2 2 1 4 66438 298.795 76779.5 1
26.375 0.0416667 2 2 1 2 1 4 66571 299.56 76805.6 1
26.4167 0.0416667 2 2 1 2 1 4 66802 300.335 76829.8 1
26.4583 0.0416667 2 2 2 2 1 4 66865 301.172 76838.4 1
26.5 0.0416667 2 2 1 2 1 4 66872 301.935 76865.7 1
26.5417 0.0416667 2 2 1 2 1 4 67033 302.888 76845.1 1
26.5833 0.0416667 2 2 2 2 1 4 67110 303.729 76853.4 1
26.625 0.0416667 2 2 1 2 1 4 67166 304.527 76872.5 1
26.6667 0.0416667 2 2 1 2 1 4 67313 305.415 76869.3 1
26.7083 0.0416667 2 2 1 2 1 4 67355 306.303 76866.5 1
26.75 0.0416667 2 2 1 2 1 4 67537 307.154 76873.4 1
26.7917 0.0416667 2 2 2 2 1 4 67621 308.277 76812.5 1
26.8333 0.0416667 2 2 1 2 1 4 67698 309.149 76815 1
26.875 0.0416667 2 2 1 2 1 4 67775 309.959 76832.8 1
26.9167 0.0416667 2 2 2 2 1 4 67803 310.828 76836.2 1
26.9583 0.0416667 2 2 1 2 1 4 67929 311.627 76857.1 1
27 0.0416667 2 2 1 2 1 4 68083 312.42 76880.1 1
27.0417 0.0416667 2 2 1 2 1 4 68195 313.403 76856.5 1
27.0833 0.0416667 2 2 2 2 1 4 68363 314.258 76864.9 1
27.125 0.0416667 2 2 1 2 1 4 68531 315.041 76891.3 1
27.1667 0.0416667 2 2 2 2 1 4 68608 315.895 76900.7 1
27.2083 0.0416667 2 2 1 2 1 4 68741 316.692 76924.3 1
27.25 0.0416667 2 2 1 2 1 4 68818 317.482 76949.5 1
27.2917 0.0416667 2 2 1 2 1 4 68930 318.48 76924.9 1
27.3333 0.0416667 2 2 2 2 1 4 69140 319.339 76934.4 1
27.375 0.0416667 2 2 1 2 1 4 69238 320.137 76958.9 1
27.4167 0.0416667 2 2 1 2 1 4 69364 320.936 76983.6 1
27.4583 0.0416667 2 2 2 2 1 4 69616 321.812 76990.3 1
27.5 0.0416667 2 2 2 2 1 4 69693 322.7 76994.3 1
27.5417 0.0416667 2 2 1 2 1 4 69840 323.71 76969.9 1
27.5833 0.0416667 2 2 1 2 1 4 70001 324.535 76990 1
27.625 0.0416667 2 2 2 2 1 4 70134 325.79 76908.6 1
27.6667 0.0416667 2 2 1 2 1 4 70260 326.754 76896.8 1
27.7083 0.0416667 2 2 1 2 1 4 70351 327.747 76878.5 1
27.75 0.0416667 2 2 1 2 1 4 70477 328.851 76834.7 1
27.7917 0.0416667 2 2 2 2 1 4 70617 329.965 76789.3 1
27.8333 0.0416667 2 2 1 2 1 4 70827 330.949 76774.9 1
27.875 0.0416667 2 2 1 2 1 4 70883 331.858 76778.2 1
27.9167 0.0416667 2 2 2 2 1 4 70946 332.884 76754.8 1
27.9583 0.0416667 2 2 1 2 1 4 71100 333.777 76762.4 1
28 0.0416667 2 2 2 2 1 4 71226 334.7 76763.6 1
28.0417 0.0416667 2 2 2 2 1 4 71534 335.809 76723 1
28.0833 0.0416667 2 2 1 2 1 4 71660 336.741 76723.5 1
28.125 0.0416667 2 2 1 2 1 4 71793 337.672 76724.6 1
28.1667 0.0416667 2 2 2 2 1 4 71919 338.615 76723.3 1
28.2083 0.0416667 2 2 1 2 1 4 72059 339.447 76747.4 1
28.25 0.0416667 2 2 1 2 1 4 72234 340.357 76754.6 1
28.2917 0.0416667 2 2 1 2 1 4 72325 341.439 76723.2 1
28.3333 0.0416667 2 2 1 2 1 4 72444 342.346 76731.4 1
28.375 0.0416667 2 2 2 2 1 4 72584 343.448 76696.7 1
28.4167 0.0416667 2 2 1 2 1 4 72605 344.535 76665.5 1
28.4583 0.0416667 2 2 1 2 1 4 72864 345.537 76654 1
28.5 0.0416667 2 2 1 2 1 4 72976 346.399 76674 1
28.5417 0.0416667 2 2 1 2 1 4 73053 347.459 76650.2 1
28.5833 0.0416667 2 2 1 2 1 4 73130 348.31 76672.8 1
28.625 0.0416667 2 2 1 2 1 4 73228 349.18 76691.5 1
28.6667 0.0416667 2 2 2 2 1 4 73326 350.181 76681.8 1
28.7083 0.0416667 2 2 1 2 1 4 73515 351.159 76677.6 1
28.75 0.0416667 2 2 1 2 1 4 73683 352.072 76687.9 1
28.7917 0.0416667 2 2 1 2 1 4 73781 353.204 76651.2 1
28.8333 0.0416667 2 2 1 2 1 4 73998 354.095 76667.3 1
28.875 0.0416667 2 2 2 2 1 4 74026 355.047 76670.2 1
28.9167 0.0416667 2 2 1 2 1 4 74187 355.921 76690.2 1
28.9583 0.0416667 2 2 1 2 1 4 74180 356.789 76711.7 1
29 0.0416667 2 2 1 2 1 4 74306 357.654 76733.9 1
29.0417 0.0416667 2 2 1 2 1 4 74341 358.773 76701.6 1
29.0833 0.0416667 2 2 1 2 1 4 74390 359.682 76714.8 1
29.125 0.0416667 2 2 1 2 1 4 74565 360.538 76739.3 1
29.1667 0.0416667 2 2 1 2 1 4 74572 361.389 76764.9 1
29.2083 0.0416667 2 2 1 2 1 4 74579 362.252 76788 1
29.25 0.0416667 2 2 1 2 1 4 74698 363.106 76813.1 1
29.2917 0.0416667 2 2 1 2 1 4 74880 364.167 76795 1
29.3333 0.0416667 3 2 1 2 1 4 74929 365.14 76795.6 1
29.375 0.0416667 2 2 1 2 1 4 74971 366.005 76818.8 1
29.4167 0.0416667 2 2 1 2 1 4 75034 366.864 76843.6 1
29.4583 0.0416667 2 2 1 2 1 4 75167 367.724 76868.3 1
29.5 0.0416667 2 2 1 2 1 4 75202 368.583 76893.1 1
29.5417 0.0416667 2 2 1 2 1 4 75258 369.677 76869.2 1
29.5833 0.0416667 2 2 1 2 1 4 75412 370.572 76887.1 1
29.625 0.0416667 2 2 2 2 1 4 75496 371.528 76892.3 1
29.6667 0.0416667 2 2 1 2 1 4 75496 372.442 76906.3 1
29.7083 0.0416667 2 2 1 2 1 4 75573 373.43 76905.2 1
29.75 0.0416667 2 2 1 2 1 4 75685 374.416 76904.8 1
29.7917 0.0416667 2 2 1 2 1 4 75804 375.511 76882.4 1
29.8333 0.0416667 2 2 1 2 1 4 75909 376.336 76915.7 1
29.875 0.0416667 2 2 1 2 1 4 75993 377.175 76946.1 1
29.9167 0.0416667 2 2 1 2 1 4 76070 378.028 76973.7 1
29.9583 0.0416667 2 2 1 2 1 4 76140 378.966 76984.1 1
30 0.0416667 2 2 2 2 1 4 76189 379.941 76987.1 1
