x,v,vx,vy,vz
220.096,425,0.208005,0.207872,-1.20901e-06,-0.00743343
220.962,424.5,0.208003,0.207865,-8.67383e-07,-0.0075787
221.828,424,0.207997,0.207853,-1.88257e-07,-0.0077297
222.694,423.5,0.20799,0.207841,1.93186e-06,-0.00788406
223.56,423,0.207991,0.207835,4.54458e-06,-0.00803847
224.426,422.5,0.207994,0.207832,7.19882e-06,-0.00819523
225.292,422,0.207999,0.207831,9.89459e-06,-0.00835433
226.158,421.5,0.208007,0.207833,1.26319e-05,-0.00851577
227.024,421,0.208016,0.207835,1.55041e-05,-0.00868054
227.89,420.5,0.208008,0.207819,1.94699e-05,-0.00885893
228.756,420,0.208002,0.207806,2.34955e-05,-0.00904015
229.622,419.5,0.207999,0.207795,2.75809e-05,-0.00922419
230.488,419,0.207999,0.207786,3.17262e-05,-0.00941105
231.355,418.5,0.208002,0.20778,3.59312e-05,-0.00960073
232.221,418,0.208008,0.207777,3.81215e-05,-0.00979466
233.087,417.5,0.207999,0.207758,4.09469e-05,-0.0100016
233.953,417,0.207987,0.207736,4.40926e-05,-0.0102154
234.819,416.5,0.207978,0.207716,4.70853e-05,-0.0104331
235.685,416,0.207972,0.207699,4.99248e-05,-0.0106549
236.551,415.5,0.207969,0.207684,5.26111e-05,-0.0108806
237.417,415,0.207969,0.207672,5.51444e-05,-0.0111104
238.283,414.5,0.207956,0.207646,5.84444e-05,-0.0113529
239.149,414,0.207927,0.207602,6.26989e-05,-0.0116106
240.015,413.5,0.2079,0.207561,6.67941e-05,-0.0118733
240.881,413,0.207877,0.207522,7.07302e-05,-0.0121411
241.747,412.5,0.207881,0.207511,7.78891e-05,-0.0123998
242.613,412,0.207897,0.207512,8.61349e-05,-0.0126587
243.479,411.5,0.207913,0.207511,9.50777e-05,-0.0129239
244.345,411,0.207904,0.207484,0.000107525,-0.0132081
245.211,410.5,0.2079,0.207462,0.000120284,-0.0134972
246.077,410,0.207902,0.207444,0.000133356,-0.0137912
246.943,409.5,0.20791,0.207432,0.00014674,-0.0140902
247.809,409,0.207924,0.207425,0.000160437,-0.0143942
248.675,408.5,0.207943,0.207423,0.000174446,-0.014703
249.541,408,0.207921,0.207376,0.000192087,-0.0150421
250.407,407.5,0.207894,0.207323,0.000210837,-0.0153927
251.273,407,0.207868,0.20727,0.000222436,-0.0157548
252.139,406.5,0.207846,0.20722,0.000232419,-0.0161254
253.005,406,0.207831,0.207174,0.000242133,-0.0165035
253.871,405.5,0.207821,0.207133,0.000251576,-0.0168893
254.737,405,0.207788,0.207067,0.000264795,-0.0172939
255.603,404.5,0.207735,0.206978,0.000281693,-0.0177183
256.469,404,0.207689,0.206894,0.000298369,-0.0181519
257.335,403.5,0.207649,0.206814,0.000314825,-0.0185946
258.201,403,0.207616,0.20674,0.000331059,-0.0190464
259.067,402.5,0.20759,0.206672,0.000347073,-0.0195073
259.933,402,0.207552,0.206587,0.000364469,-0.019988
260.799,401.5,0.207501,0.206487,0.000400684,-0.020486
261.665,401,0.207469,0.206404,0.000439055,-0.0209897
262.531,400.5,0.207448,0.20633,0.000478358,-0.021503
263.397,400,0.207439,0.206265,0.000518592,-0.0220257
264.263,399.5,0.207441,0.20621,0.000559758,-0.022558
265.13,399,0.207454,0.206163,0.000601856,-0.0230998
265.996,398.5,0.207401,0.206045,0.000660151,-0.0236759
266.862,398,0.207351,0.205925,0.000721957,-0.0242676
267.728,397.5,0.207316,0.205817,0.000785201,-0.0248716
268.594,397,0.207294,0.205719,0.000849884,-0.0254878
269.46,396.5,0.207287,0.205633,0.000916004,-0.0261163
270.326,396,0.207283,0.205546,0.000960281,-0.0267584
271.192,395.5,0.207187,0.205355,0.00101368,-0.0274694
272.058,395,0.207022,0.205084,0.00107498,-0.0282412
272.924,394.5,0.206873,0.204822,0.0011366,-0.0290316
273.79,394,0.206739,0.204571,0.00119856,-0.0298408
274.656,393.5,0.206622,0.204329,0.00126084,-0.0306687
275.522,393,0.20652,0.204097,0.00132346,-0.0315154
276.388,392.5,0.206399,0.203837,0.00139551,-0.0323862
277.254,392,0.206188,0.203477,0.00149576,-0.033294
278.12,391.5,0.205999,0.20313,0.00159712,-0.0342236
278.986,391,0.205837,0.202802,0.00170059,-0.0351724
279.852,390.5,0.205821,0.202629,0.0018375,-0.0360631
280.718,390,0.205835,0.202477,0.00197736,-0.0369739
281.584,389.5,0.205878,0.202347,0.00212019,-0.0379049
282.45,389,0.205601,0.201846,0.00229744,-0.0390492
283.316,388.5,0.20533,0.201334,0.00248071,-0.0402358
284.182,388,0.205088,0.200838,0.00266785,-0.0414514
285.048,387.5,0.204877,0.200358,0.00285884,-0.042696
285.914,387,0.204697,0.199895,0.00305368,-0.0439697
286.78,386.5,0.204548,0.199448,0.00325239,-0.0452724
287.646,386,0.204291,0.198874,0.00350001,-0.0466011
288.512,385.5,0.203992,0.198239,0.00377555,-0.0479566
289.378,385,0.203786,0.197697,0.00401055,-0.0492792
290.244,384.5,0.203643,0.197203,0.00424908,-0.0506314
291.11,384,0.203566,0.196758,0.00449114,-0.0520133
291.976,383.5,0.203554,0.196361,0.00473675,-0.0534249
292.842,383,0.203379,0.195733,0.00500316,-0.0550137
293.708,382.5,0.202745,0.1945,0.00531306,-0.056982
294.574,382,0.202171,0.193289,0.00562743,-0.0590009
295.44,381.5,0.20166,0.192098,0.00594626,-0.0610705
296.306,381,0.201212,0.190929,0.00626956,-0.0631906
297.172,380.5,0.200829,0.18978,0.00659733,-0.0653614
298.038,380,0.200529,0.188678,0.00693727,-0.0675589
298.905,379.5,0.200279,0.187691,0.00742958,-0.0694901
299.771,379,0.200142,0.186774,0.00792733,-0.0714811
300.637,378.5,0.20012,0.185929,0.00842948,-0.0735336
301.503,378,0.200212,0.185156,0.00893604,-0.0756476
302.369,377.5,0.200422,0.184454,0.009447,-0.0778232
303.235,377,0.200748,0.183823,0.00996236,-0.0800604
304.101,376.5,0.200202,0.181766,0.010574,-0.0832482
304.967,376,0.199341,0.179015,0.0112394,-0.0869723
305.833,375.5,0.198655,0.176279,0.0119155,-0.090815
306.699,375,0.198153,0.17356,0.0126022,-0.0947763
307.565,374.5,0.197897,0.17098,0.0132865,-0.0987551
308.431,374,0.198012,0.168873,0.0139354,-0.102453
309.297,373.5,0.19846,0.167195,0.014554,-0.105927
310.163,373,0.199549,0.166462,0.0150974,-0.109006
311.029,372.5,0.201058,0.166102,0.0156342,-0.112204
311.895,372,0.20298,0.166115,0.0161643,-0.115523
312.761,371.5,0.205311,0.1665,0.0166876,-0.118962
313.627,371,0.208044,0.167258,0.0172043,-0.12252
314.493,370.5,0.211037,0.168093,0.0177503,-0.126358
315.359,370,0.211608,0.162973,0.0190609,-0.133621
316.225,369.5,0.212642,0.157847,0.0204126,-0.141012
317.091,369,0.213927,0.152636,0.0218079,-0.148294
317.957,368.5,0.215052,0.147264,0.0232544,-0.154984
318.823,368,0.216524,0.141956,0.024747,-0.161613
319.689,367.5,0.218326,0.136712,0.026286,-0.168181
320.555,367,0.223785,0.137549,0.0259625,-0.174602
321.421,366.5,0.231223,0.141237,0.0248264,-0.181384
322.287,366,0.23948,0.145654,0.0235551,-0.188628
323.153,365.5,0.248555,0.150801,0.0221484,-0.196337
324.019,365,0.25845,0.156678,0.0206064,-0.204508
324.885,364.5,0.269166,0.163285,0.018929,-0.213143
325.751,364,0.276575,0.16199,0.0201078,-0.223268
326.617,363.5,0.279379,0.149827,0.0255964,-0.234412
327.483,363,0.283109,0.140476,0.0312388,-0.243806
328.349,362.5,0.28655,0.131997,0.0371246,-0.251614
329.215,362,0.289522,0.124391,0.0432538,-0.257835
330.081,361.5,0.291885,0.117659,0.0496263,-0.26247
330.947,361,0.298389,0.115681,0.0544521,-0.269609
331.813,360.5,0.349436,0.149249,0.0423473,-0.313109
332.679,360,0.403945,0.184392,0.0280145,-0.35831
333.546,359.5,0.461754,0.221108,0.0114539,-0.405212
334.412,359,0.522772,0.259398,-0.00733459,-0.453816
335.278,358.5,0.586941,0.299261,-0.028351,-0.504122
336.144,358,0.647342,0.338205,-0.0478466,-0.549891
337.01,357.5,0.661499,0.363588,-0.0242946,-0.552082
337.876,357,0.66638,0.392373,0.0105592,-0.538511
338.742,356.5,0.67341,0.428013,0.0465606,-0.517802
339.608,356,0.684427,0.470509,0.0837094,-0.489953
340.474,355.5,0.701522,0.519861,0.122006,-0.454965
341.34,355,0.726881,0.576068,0.16145,-0.412838
342.206,354.5,0.732503,0.626782,0.170974,-0.338337
343.072,354,0.722702,0.660523,0.155791,-0.248471
343.938,353.5,0.726786,0.687499,0.153815,-0.178618
344.804,353,0.738024,0.707712,0.165045,-0.128779
345.67,352.5,0.728348,0.697866,0.18351,-0.0989829
346.536,352,0.691981,0.653839,0.209159,-0.0870847
347.402,351.5,0.644331,0.593318,0.241456,-0.0695347
348.268,351,0.548263,0.488565,0.244752,0.0446504
349.134,350.5,0.485033,0.390514,0.257668,0.127915
350,350,0.447782,0.299167,0.280203,0.180261
350.866,349.5,0.42926,0.214523,0.312357,0.201686
351.732,349,0.42544,0.136582,0.354129,0.192191
352.598,348.5,0.437896,0.0653444,0.405521,0.151776
353.464,348,0.446148,0.00819499,0.427435,0.127592
354.33,347.5,0.447884,-0.0330831,0.422669,0.144418
355.196,347,0.453713,-0.0463382,0.372455,0.254923
356.062,346.5,0.507611,-0.0408163,0.294773,0.411232
356.928,346,0.592475,-0.0302362,0.215093,0.551223
357.794,345.5,0.688113,-0.0145982,0.133415,0.674897
358.66,345,0.752299,0.0123511,0.0822349,0.747689
359.526,344.5,0.783999,0.0416487,0.0617321,0.780454
360.392,344,0.810157,0.065135,0.0439538,0.806337
361.258,343.5,0.829985,0.08281,0.0289001,0.825338
362.124,343,0.842954,0.0946739,0.0165709,0.837457
362.99,342.5,0.848721,0.100727,0.00696625,0.842694
363.856,342,0.841679,0.0999043,-0.000816434,0.835728
364.722,341.5,0.808347,0.0858431,-0.00865341,0.803729
365.588,341,0.774417,0.0677214,-0.0147407,0.771309
366.454,340.5,0.742484,0.0505189,-0.0200269,0.740493
367.321,340,0.712524,0.0342358,-0.024512,0.711279
368.187,339.5,0.684511,0.0188721,-0.0281961,0.683669
369.053,339,0.658411,0.00442767,-0.0310791,0.657663
369.919,338.5,0.637524,-0.00300296,-0.0296291,0.636828
370.785,338,0.617705,-0.00951756,-0.027884,0.617002
371.651,337.5,0.598517,-0.0158432,-0.0262922,0.597729
372.517,337,0.579959,-0.0219798,-0.0248537,0.579009
373.383,336.5,0.56203,-0.0279275,-0.0235686,0.56084
374.249,336,0.546851,-0.0347618,-0.0224636,0.545282
375.115,335.5,0.530326,-0.0423718,-0.0219193,0.528176
375.981,335,0.512235,-0.0499217,-0.0216716,0.509336
376.847,334.5,0.494648,-0.0570474,-0.021415,0.49088
377.713,334,0.477555,-0.0637488,-0.0211494,0.472808
378.579,333.5,0.46095,-0.0700259,-0.0208749,0.455121
379.445,333,0.444822,-0.0758786,-0.0205914,0.437818
380.311,332.5,0.429139,-0.0801012,-0.0202977,0.421108
381.177,332,0.413748,-0.0806691,-0.0200877,0.405311
382.043,331.5,0.398649,-0.0808925,-0.0200207,0.389841
382.909,331,0.383833,-0.0807713,-0.0200964,0.3747
383.775,330.5,0.369952,-0.0824599,-0.0204565,0.360065
384.641,330,0.35656,-0.0848101,-0.0208686,0.345697
385.507,329.5,0.343392,-0.0870058,-0.0212536,0.331506
386.373,329,0.328581,-0.0878005,-0.0214841,0.315903
387.239,328.5,0.313914,-0.088377,-0.0216524,0.300438
388.105,328,0.299482,-0.0887954,-0.021764,0.285186
388.971,327.5,0.285285,-0.0890555,-0.0218188,0.270149
389.837,327,0.271324,-0.0891574,-0.0218168,0.255327
390.703,326.5,0.2576,-0.0891011,-0.021758,0.240718
391.569,326,0.243491,-0.0870556,-0.0217075,0.226359
392.435,325.5,0.229281,-0.0839081,-0.0216627,0.212274
393.301,325,0.217044,-0.0813362,-0.0216625,0.200058
394.167,324.5,0.205484,-0.0788778,-0.0216532,0.188502
395.033,324,0.194112,-0.0763565,-0.021615,0.17715
395.899,323.5,0.182929,-0.0737725,-0.0215479,0.166001
396.765,323,0.171647,-0.0705055,-0.0213838,0.15503
397.631,322.5,0.159961,-0.0659102,-0.021049,0.144223
398.497,322,0.148465,-0.0612908,-0.0206849,0.133632
399.363,321.5,0.137162,-0.0566475,-0.0202914,0.123259
400.229,321,0.126051,-0.0519802,-0.0198686,0.113102
401.095,320.5,0.115134,-0.0472889,-0.0194165,0.103163
401.962,320,0.10441,-0.0425598,-0.0189331,0.0934431
402.828,319.5,0.0938322,-0.0369885,-0.0183272,0.0842641
403.694,319,0.0836117,-0.0315862,-0.0177341,0.0753573
404.56,318.5,0.0736971,-0.0262539,-0.0171351,0.0666962
405.426,318,0.0641135,-0.0209914,-0.0165302,0.0582808
406.292,317.5,0.0549014,-0.0157989,-0.0159195,0.0501112
407.158,317,0.0461294,-0.0106762,-0.0153028,0.0421873
408.024,316.5,0.0382126,-0.00470899,-0.0145892,0.0350026
408.89,316,0.031512,0.00154036,-0.0138359,0.0282702
409.756,315.5,0.0265307,0.00766142,-0.0130837,0.0217715
410.622,315,0.0240622,0.0136542,-0.0123327,0.0155067
411.488,314.5,0.0245954,0.0195187,-0.0115829,0.00947569
412.354,314,0.0273349,0.0246693,-0.0110506,0.00406282
413.22,313.5,0.0317026,0.0299025,-0.010492,-0.00090131
414.086,313,0.0371454,0.0354146,-0.00985917,-0.00532737
414.952,312.5,0.0429264,0.0408073,-0.00923577,-0.00959908
415.818,312,0.0488456,0.0460805,-0.00862179,-0.0137164
416.684,311.5,0.0547886,0.0512343,-0.00801724,-0.0176795
417.55,311,0.0606875,0.0562685,-0.00742211,-0.0214881
418.416,310.5,0.0665117,0.0612188,-0.0068343,-0.025087
419.282,310,0.0723692,0.0665448,-0.00622902,-0.0277542
420.148,309.5,0.0780671,0.0717279,-0.00563898,-0.0302949
421.014,309,0.0835997,0.0767683,-0.00506417,-0.032709
421.88,308.5,0.0888295,0.0814596,-0.00464158,-0.0351208
422.746,308,0.0939056,0.0860182,-0.00423505,-0.0374326
423.612,307.5,0.0988309,0.0904511,-0.0038401,-0.0396408
424.478,307,0.103485,0.0948493,-0.00343804,-0.0412435
425.344,306.5,0.10796,0.0991533,-0.00304351,-0.0426006
426.21,306,0.112296,0.103333,-0.00266301,-0.0438824
427.076,305.5,0.116493,0.107389,-0.00229654,-0.0450888
427.942,305,0.120549,0.11132,-0.00194411,-0.0462199
428.808,304.5,0.124466,0.115127,-0.00160572,-0.0472756
429.674,304,0.128165,0.118845,-0.00128881,-0.0479647
430.54,303.5,0.131635,0.122478,-0.000997836,-0.0482292
431.406,303,0.134854,0.125772,-0.00078005,-0.0486458
432.272,302.5,0.13798,0.128975,-0.000571003,-0.0490274
433.138,302,0.141013,0.132086,-0.000370695,-0.049374
434.004,301.5,0.143954,0.135107,-0.000179128,-0.0496856
434.87,301,0.146769,0.138025,1.97831e-06,-0.049903
435.737,300.5,0.14927,0.140765,0.000162054,-0.049667
436.603,300,0.151699,0.143424,0.000313753,-0.0494174
437.469,299.5,0.154053,0.146,0.000457074,-0.0491541
438.335,299,0.156333,0.148495,0.000592018,-0.0488771
439.201,298.5,0.158538,0.150908,0.000718584,-0.0485864
440.067,298,0.160679,0.153245,0.000834096,-0.0483024
440.933,297.5,0.16269,0.155484,0.000899217,-0.0478773
441.799,297,0.164609,0.157641,0.00095612,-0.0473756
442.665,296.5,0.166475,0.159735,0.00100924,-0.0468772
443.531,296,0.168289,0.161767,0.00105857,-0.0463818
444.397,295.5,0.170049,0.163737,0.00110412,-0.0458897
445.263,295,0.171756,0.165643,0.00114588,-0.0454007
446.129,294.5,0.173304,0.167416,0.00117635,-0.0447751
446.995,294,0.174701,0.169061,0.00119623,-0.0440158
447.861,293.5,0.176058,0.170654,0.00121359,-0.0432704
448.727,293,0.177376,0.172195,0.00122843,-0.0425389
449.593,292.5,0.178654,0.173679,0.00124143,-0.0418488
450.459,292,0.17991,0.175097,0.00125611,-0.0413182
451.325,291.5,0.181104,0.176454,0.00126687,-0.0407559
452.191,291,0.182133,0.177676,0.00126521,-0.040023
453.057,290.5,0.183138,0.178866,0.00126269,-0.039305
453.923,290,0.184119,0.180022,0.00125932,-0.0386018
454.789,289.5,0.185075,0.181146,0.0012551,-0.0379135
455.655,289,0.186007,0.182237,0.00125001,-0.03724
456.521,288.5,0.186913,0.183294,0.00124408,-0.0365813
457.387,288,0.187667,0.184215,0.0012311,-0.0358075
458.253,287.5,0.188384,0.185094,0.0012165,-0.0350318
459.119,287,0.189106,0.185965,0.00120106,-0.0343011
459.985,286.5,0.18989,0.186876,0.00118437,-0.033679
460.851,286,0.190656,0.187762,0.0011675,-0.0330713
461.717,285.5,0.191403,0.188624,0.00115044,-0.0324778
462.583,285,0.192067,0.189406,0.00113062,-0.0318381
463.449,284.5,0.192664,0.190124,0.00110865,-0.0311641
464.315,284,0.193248,0.190822,0.00108673,-0.0305066
465.181,283.5,0.193819,0.191501,0.00106484,-0.0298656
466.047,283,0.194376,0.192161,0.00104299,-0.029241
466.913,282.5,0.19492,0.192802,0.00102119,-0.0286328
467.779,282,0.195426,0.193404,0.000998617,-0.0280233
468.645,281.5,0.195854,0.193926,0.000975556,-0.027394
469.512,281,0.196293,0.194448,0.000957646,-0.0268348
470.378,280.5,0.196725,0.194958,0.000939918,-0.0262884
471.244,280,0.197148,0.195457,0.00092237,-0.0257547
472.11,279.5,0.197564,0.195943,0.000905003,-0.0252338
472.976,279,0.197971,0.196419,0.000887818,-0.0247256
473.842,278.5,0.198299,0.196818,0.000868512,-0.0241807
474.708,278,0.198616,0.197202,0.000849323,-0.0236446
475.574,277.5,0.198928,0.197578,0.000830464,-0.0231217
476.44,277,0.199234,0.197945,0.000811936,-0.022612
477.306,276.5,0.199535,0.198304,0.000793737,-0.0221155
478.172,276,0.199849,0.198672,0.00077568,-0.0216501
479.038,275.5,0.200156,0.199027,0.00075655,-0.0212075
