x,v,vx,vy,vz
220.096,425,0.190981,0.190645,0.00103525,-0.0112758
220.962,424.5,0.190573,0.190223,0.00106707,-0.0114899
221.828,424,0.190129,0.189765,0.00110211,-0.0117053
222.694,423.5,0.189642,0.189263,0.00114365,-0.0119212
223.56,423,0.18916,0.188766,0.00118653,-0.0121442
224.426,422.5,0.188677,0.188267,0.00122989,-0.0123742
225.292,422,0.188193,0.187766,0.00127376,-0.0126111
226.158,421.5,0.187708,0.187263,0.00131811,-0.0128549
227.024,421,0.187213,0.186748,0.00136373,-0.0131045
227.89,420.5,0.186611,0.186128,0.00141861,-0.0133496
228.756,420,0.186008,0.185504,0.00147415,-0.0136028
229.622,419.5,0.185402,0.184876,0.00153033,-0.013864
230.488,419,0.184793,0.184245,0.00158717,-0.0141334
231.355,418.5,0.184182,0.18361,0.00164466,-0.0144107
232.221,418,0.183592,0.182995,0.00169874,-0.0147037
233.087,417.5,0.182901,0.182277,0.00176172,-0.0149938
233.953,417,0.182175,0.181523,0.00182833,-0.0152901
234.819,416.5,0.181446,0.180765,0.00189555,-0.0155974
235.685,416,0.180715,0.180002,0.00196337,-0.0159158
236.551,415.5,0.179982,0.179236,0.0020318,-0.0162451
237.417,415,0.179247,0.178466,0.00210083,-0.0165854
238.283,414.5,0.178425,0.177607,0.00217797,-0.0169264
239.149,414,0.177497,0.176641,0.00226497,-0.0172676
240.015,413.5,0.176565,0.175668,0.00235286,-0.0176217
240.881,413,0.175628,0.174687,0.00244163,-0.017989
241.747,412.5,0.174722,0.173735,0.00253533,-0.0183737
242.613,412,0.173824,0.172787,0.00263123,-0.0187741
243.479,411.5,0.172892,0.171803,0.00273143,-0.019184
244.345,411,0.171756,0.170612,0.00285294,-0.0195777
245.211,410.5,0.170615,0.169414,0.00297601,-0.0199889
246.077,410,0.169471,0.168208,0.00310063,-0.0204178
246.943,409.5,0.168322,0.166993,0.0032268,-0.0208643
247.809,409,0.167171,0.165771,0.00335452,-0.0213284
248.675,408.5,0.166016,0.16454,0.00348379,-0.02181
249.541,408,0.164592,0.163037,0.00363822,-0.0222782
250.407,407.5,0.163104,0.161464,0.00379971,-0.0227609
251.273,407,0.161681,0.159946,0.00395343,-0.0232853
252.139,406.5,0.160269,0.158433,0.00410693,-0.0238388
253.005,406,0.158856,0.15691,0.004262,-0.0244177
253.871,405.5,0.157443,0.155379,0.00441863,-0.0250222
254.737,405,0.155826,0.153638,0.00459817,-0.0256162
255.603,404.5,0.154011,0.151689,0.00480055,-0.0262053
256.469,404,0.152192,0.149725,0.00500533,-0.0268258
257.335,403.5,0.150371,0.147747,0.00521252,-0.0274776
258.201,403,0.148548,0.145754,0.0054221,-0.0281608
259.067,402.5,0.146725,0.143746,0.0056341,-0.0288754
259.933,402,0.144791,0.14161,0.00585807,-0.02961
260.799,401.5,0.142498,0.139092,0.00612941,-0.0303564
261.665,401,0.140223,0.136569,0.00640414,-0.031152
262.531,400.5,0.137957,0.134029,0.00668177,-0.0319949
263.397,400,0.135702,0.131473,0.00696228,-0.0328851
264.263,399.5,0.13346,0.128899,0.00724569,-0.0338226
265.13,399,0.131234,0.126309,0.00753199,-0.0348074
265.996,398.5,0.128406,0.123083,0.00788901,-0.0357262
266.862,398,0.125512,0.119745,0.00825954,-0.0366896
267.728,397.5,0.122642,0.11638,0.00863435,-0.0377139
268.594,397,0.119802,0.112987,0.00901341,-0.0387991
269.46,396.5,0.116998,0.109566,0.00939674,-0.0399452
270.326,396,0.114503,0.106387,0.00976156,-0.0412008
271.192,395.5,0.111495,0.102572,0.0101742,-0.0425034
272.058,395,0.108121,0.0982438,0.0106256,-0.0438795
272.924,394.5,0.104859,0.0938913,0.0110811,-0.0453548
273.79,394,0.101727,0.0895144,0.0115404,-0.0469294
274.656,393.5,0.0987454,0.0851133,0.0120038,-0.0486033
275.522,393,0.0959367,0.0806879,0.0124711,-0.0503764
276.388,392.5,0.0930338,0.0759102,0.0129765,-0.0521971
277.254,392,0.0895238,0.0701104,0.0135896,-0.053985
278.12,391.5,0.0863621,0.0642696,0.0142089,-0.0559101
278.986,391,0.0836175,0.0584035,0.0148337,-0.0579731
279.852,390.5,0.0816891,0.0530084,0.0154418,-0.0602061
280.718,390,0.0802787,0.0476341,0.0160518,-0.062594
281.584,389.5,0.0794239,0.0422808,0.0166636,-0.0651369
282.45,389,0.0783489,0.0347872,0.0173874,-0.0680153
283.316,388.5,0.0782674,0.0271445,0.0181196,-0.0711382
284.182,388,0.0792804,0.0195034,0.0188524,-0.0744956
285.048,387.5,0.0813757,0.0118637,0.0195858,-0.0780875
285.914,387,0.0845022,0.00422553,0.0203197,-0.0819138
286.78,386.5,0.0885808,-0.00341115,0.0210542,-0.0859747
287.646,386,0.0937723,-0.0126726,0.0219153,-0.0902905
288.512,385.5,0.100277,-0.022815,0.0228486,-0.0949364
289.378,385,0.107307,-0.0317317,0.0237206,-0.0997262
290.244,384.5,0.115046,-0.0404403,0.0245859,-0.10486
291.11,384,0.123358,-0.0489407,0.0254444,-0.110339
291.976,383.5,0.132138,-0.0572329,0.0262962,-0.116161
292.842,383,0.142338,-0.0667113,0.0271962,-0.122761
293.708,382.5,0.155461,-0.0790935,0.0282115,-0.13083
294.574,382,0.169156,-0.0911688,0.0292151,-0.139458
295.44,381.5,0.183313,-0.102937,0.0302069,-0.148645
296.306,381,0.197856,-0.114399,0.0311869,-0.15839
297.172,380.5,0.212733,-0.125553,0.0321551,-0.168694
298.038,380,0.227502,-0.136094,0.0330881,-0.179279
298.905,379.5,0.244522,-0.148983,0.0338545,-0.190915
299.771,379,0.261371,-0.160892,0.0345948,-0.203056
300.637,378.5,0.277976,-0.171773,0.0353093,-0.21568
301.503,378,0.294327,-0.181627,0.0359979,-0.228788
302.369,377.5,0.310427,-0.190453,0.0366606,-0.242381
303.235,377,0.32629,-0.198252,0.0372975,-0.256457
304.101,376.5,0.350915,-0.20901,0.0375845,-0.279362
304.967,376,0.379256,-0.220185,0.0377622,-0.306476
305.833,375.5,0.406962,-0.229774,0.0380002,-0.333734
306.699,375,0.434078,-0.237775,0.0382986,-0.361138
307.565,374.5,0.459498,-0.244163,0.0385296,-0.387347
308.431,374,0.479622,-0.248878,0.0382508,-0.408208
309.297,373.5,0.502613,-0.249277,0.0390702,-0.434689
310.163,373,0.532479,-0.243186,0.0415665,-0.471875
311.029,372.5,0.561553,-0.235419,0.043398,-0.507973
311.895,372,0.589814,-0.225974,0.0445645,-0.542983
312.761,371.5,0.617261,-0.214852,0.0450661,-0.576904
313.627,371,0.643911,-0.202053,0.0449027,-0.609737
314.493,370.5,0.667224,-0.187656,0.0441848,-0.638765
315.359,370,0.641582,-0.169519,0.0441286,-0.617206
316.225,369.5,0.62557,-0.142609,0.0415697,-0.607678
317.091,369,0.617113,-0.111629,0.0373025,-0.605786
317.957,368.5,0.60772,-0.0874808,0.0335292,-0.600455
318.823,368,0.604222,-0.0601612,0.0287616,-0.600531
319.689,367.5,0.607174,-0.0296702,0.0229998,-0.606012
320.555,367,0.515008,-0.0610176,-0.0111381,-0.511259
321.421,366.5,0.415576,-0.10378,-0.052106,-0.399021
322.287,366,0.349307,-0.132616,-0.0891828,-0.310604
323.153,365.5,0.311861,-0.147527,-0.122368,-0.246006
324.019,365,0.295256,-0.148512,-0.151663,-0.205228
324.885,364.5,0.291853,-0.135572,-0.177066,-0.188271
325.751,364,0.298733,-0.139954,-0.220283,-0.145359
326.617,363.5,0.348135,-0.188874,-0.290282,-0.0355131
327.483,363,0.435141,-0.239624,-0.354043,0.0811262
328.349,362.5,0.521305,-0.270975,-0.411367,0.170612
329.215,362,0.589906,-0.282927,-0.462254,0.232943
330.081,361.5,0.636025,-0.275479,-0.506705,0.26812
330.947,361,0.668997,-0.258817,-0.545178,0.288707
331.813,360.5,0.779314,-0.321593,-0.585144,0.401889
332.679,360,0.889146,-0.381068,-0.62572,0.503829
333.546,359.5,0.994687,-0.437241,-0.666906,0.594525
334.412,359,1.09395,-0.490114,-0.708701,0.673978
335.278,358.5,1.18586,-0.539685,-0.751107,0.742189
336.144,358,1.27093,-0.581962,-0.789234,0.808519
337.01,357.5,1.32779,-0.566535,-0.803066,0.892836
337.876,357,1.37732,-0.528152,-0.812764,0.978514
338.742,356.5,1.42428,-0.477219,-0.822556,1.06031
339.608,356,1.46958,-0.413737,-0.832441,1.13821
340.474,355.5,1.51434,-0.337706,-0.842419,1.21223
341.34,355,1.55989,-0.249126,-0.852489,1.28237
342.206,354.5,1.51766,-0.163234,-0.821533,1.2656
343.072,354,1.39351,-0.108609,-0.743394,1.17364
343.938,353.5,1.29303,-0.0778191,-0.663575,1.10704
344.804,353,1.21644,-0.0708642,-0.582076,1.06579
345.67,352.5,1.14866,-0.0945545,-0.48043,1.03907
346.536,352,1.05986,-0.125785,-0.350161,0.9924
347.402,351.5,0.927122,-0.125743,-0.19711,0.897158
348.268,351,0.667236,-0.0198599,0.0134149,0.666806
349.134,350.5,0.526095,0.0551423,0.196594,0.484857
350,350,0.507423,0.0992634,0.352428,0.351311
350.866,349.5,0.561056,0.112504,0.480917,0.266168
351.732,349,0.632797,0.0948626,0.582061,0.229429
352.598,348.5,0.700304,0.0463407,0.65586,0.241092
353.464,348,0.669953,0.0526956,0.555193,0.371242
354.33,347.5,0.663223,0.0925558,0.417219,0.507175
355.196,347,0.698635,0.15301,0.25762,0.631119
356.062,346.5,0.772999,0.212635,0.101986,0.736147
356.928,346,0.862603,0.265742,-0.030604,0.820079
357.794,345.5,0.946957,0.312331,-0.140149,0.882912
358.66,345,0.966453,0.333283,-0.171667,0.890777
359.526,344.5,0.936264,0.332073,-0.149938,0.862459
360.392,344,0.903969,0.326251,-0.130007,0.832957
361.258,343.5,0.869423,0.315818,-0.111874,0.802272
362.124,343,0.832533,0.300773,-0.0955399,0.770402
362.99,342.5,0.793267,0.281117,-0.0810034,0.737349
363.856,342,0.753576,0.259121,-0.0700437,0.70415
364.722,341.5,0.731504,0.244741,-0.0617698,0.686575
365.588,341,0.717909,0.231702,-0.0517906,0.677514
366.454,340.5,0.706136,0.219689,-0.0434754,0.669683
367.321,340,0.696125,0.208705,-0.0368243,0.663081
368.187,339.5,0.687819,0.198748,-0.0318373,0.657709
369.053,339,0.68117,0.189818,-0.0285143,0.653566
369.919,338.5,0.67095,0.183667,-0.025899,0.644802
370.785,338,0.660382,0.177642,-0.0238842,0.635592
371.651,337.5,0.649978,0.171483,-0.0225272,0.626544
372.517,337,0.639739,0.165192,-0.0218278,0.617658
373.383,336.5,0.629669,0.158768,-0.0217861,0.608934
374.249,336,0.619243,0.152743,-0.0228777,0.599673
375.115,335.5,0.606707,0.146964,-0.0234055,0.588172
375.981,335,0.593178,0.14119,-0.0234116,0.575653
376.847,334.5,0.579924,0.135196,-0.0233836,0.56346
377.713,334,0.566951,0.128981,-0.0233214,0.551592
378.579,333.5,0.554265,0.122547,-0.0232249,0.540049
379.445,333,0.541873,0.115893,-0.0230943,0.528831
380.311,332.5,0.52986,0.109599,-0.0227566,0.517901
381.177,332,0.518341,0.104704,-0.0219946,0.507179
382.043,331.5,0.507103,0.0996516,-0.0213242,0.496757
382.909,331,0.49615,0.0944426,-0.0207454,0.486636
383.775,330.5,0.485799,0.0883619,-0.0201859,0.477269
384.641,330,0.475847,0.0820497,-0.0196622,0.468307
385.507,329.5,0.46617,0.0758193,-0.0191981,0.459562
386.373,329,0.456505,0.0701582,-0.0184446,0.450704
387.239,328.5,0.44701,0.0645878,-0.017763,0.441963
388.105,328,0.437698,0.059084,-0.0171708,0.433351
388.971,327.5,0.428568,0.0536471,-0.0166681,0.42487
389.837,327,0.419622,0.0482768,-0.0162548,0.416519
390.703,326.5,0.410862,0.0429733,-0.0159309,0.408298
391.569,326,0.402215,0.0381634,-0.0156396,0.400095
392.435,325.5,0.393713,0.0336758,-0.0153804,0.391969
393.301,325,0.385676,0.0293898,-0.0150751,0.384259
394.167,324.5,0.377801,0.0252001,-0.0147854,0.376669
395.033,324,0.369998,0.0210714,-0.014539,0.369111
395.899,323.5,0.362267,0.0170037,-0.014336,0.361584
396.765,323,0.354377,0.0130382,-0.0141779,0.353853
397.631,322.5,0.346084,0.00923123,-0.0140611,0.345675
398.497,322,0.337878,0.00550305,-0.0139798,0.337544
399.363,321.5,0.32976,0.00185368,-0.0139339,0.329461
400.229,321,0.321731,-0.00171689,-0.0139236,0.321425
401.095,320.5,0.31379,-0.00520866,-0.0139487,0.313437
401.962,320,0.305933,-0.00861524,-0.01401,0.30549
402.828,319.5,0.298089,-0.0113245,-0.0140176,0.297544
403.694,319,0.290404,-0.0139224,-0.0140049,0.289732
404.56,318.5,0.282785,-0.0163987,-0.0139986,0.281962
405.426,318,0.275231,-0.0187533,-0.0139985,0.274235
406.292,317.5,0.267741,-0.0209863,-0.0140048,0.26655
407.158,317,0.260313,-0.0230977,-0.0140174,0.258907
408.024,316.5,0.252402,-0.0246983,-0.0140546,0.250797
408.89,316,0.244317,-0.0260094,-0.0140964,0.24252
409.756,315.5,0.236296,-0.0272024,-0.0141331,0.2343
410.622,315,0.228338,-0.0282771,-0.0141647,0.226137
411.488,314.5,0.220441,-0.0292338,-0.0141913,0.218032
412.354,314,0.213183,-0.0302917,-0.0141987,0.210542
413.22,313.5,0.205809,-0.0309487,-0.014214,0.202972
414.086,313,0.198105,-0.0309891,-0.0142431,0.195147
414.952,312.5,0.190489,-0.030939,-0.01426,0.187417
415.818,312,0.18296,-0.0307983,-0.0142647,0.179784
416.684,311.5,0.175517,-0.030567,-0.0142571,0.172246
417.55,311,0.16816,-0.0302452,-0.0142372,0.164804
418.416,310.5,0.160847,-0.0297745,-0.0142039,0.157428
419.282,310,0.15305,-0.0283891,-0.0141381,0.149728
420.148,309.5,0.145353,-0.0269318,-0.0140541,0.142143
421.014,309,0.137758,-0.0254025,-0.0139518,0.134675
421.88,308.5,0.130607,-0.0240495,-0.0138281,0.127627
422.746,308,0.12356,-0.0226573,-0.0136937,0.12069
423.612,307.5,0.116605,-0.021218,-0.0135488,0.113855
424.478,307,0.10947,-0.01906,-0.0133595,0.106967
425.344,306.5,0.102365,-0.0166541,-0.0131492,0.100142
426.21,306,0.0953918,-0.0142265,-0.012929,0.0934347
427.076,305.5,0.0885548,-0.0117774,-0.0126992,0.0868446
427.942,305,0.0818625,-0.0093067,-0.0124595,0.0803717
428.808,304.5,0.0753252,-0.00681442,-0.0122102,0.074016
429.674,304,0.0689193,-0.0039483,-0.0119264,0.0677646
430.54,303.5,0.0627265,-0.00063319,-0.0116044,0.0616405
431.406,303,0.0573118,0.00238108,-0.0113512,0.056126
432.272,302.5,0.0522032,0.00538824,-0.0110921,0.0507258
433.138,302,0.0474591,0.00838829,-0.0108271,0.0454398
434.004,301.5,0.0431566,0.0113812,-0.0105562,0.0402682
434.87,301,0.0394391,0.0144509,-0.0102726,0.035229
435.737,300.5,0.0367826,0.0181077,-0.00993507,0.0304363
436.603,300,0.0350402,0.0217325,-0.00959399,0.0257579
437.469,299.5,0.0342943,0.0253252,-0.00924942,0.0211939
438.335,299,0.0345542,0.0288858,-0.00890136,0.0167442
439.201,298.5,0.0357459,0.0324144,-0.0085498,0.0124089
440.067,298,0.0377126,0.0358849,-0.00820111,0.00820104
440.933,297.5,0.040526,0.0395036,-0.00787834,0.0044444
441.799,297,0.0438395,0.0431763,-0.00754995,0.000839661
442.665,296.5,0.0474268,0.0467975,-0.00722439,-0.00266557
443.531,296,0.0511991,0.0503672,-0.00690168,-0.0060713
444.397,295.5,0.0550898,0.0538853,-0.0065818,-0.00937752
445.263,295,0.0590495,0.0573519,-0.00626476,-0.0125842
446.129,294.5,0.0631826,0.0609593,-0.00593395,-0.0155177
446.995,294,0.0674403,0.0647029,-0.00559056,-0.018179
447.861,293.5,0.0716518,0.06838,-0.00525237,-0.0207502
448.727,293,0.0758058,0.0719905,-0.00491939,-0.0232312
449.593,292.5,0.0798565,0.075498,-0.00460313,-0.0256109
450.459,292,0.0836397,0.0787464,-0.00435308,-0.0278505
451.325,291.5,0.0873777,0.0819824,-0.00410294,-0.0299486
452.191,291,0.0911289,0.0853672,-0.00384196,-0.031657
453.057,290.5,0.0948009,0.0886856,-0.00358583,-0.033305
453.923,290,0.0983926,0.0919375,-0.00333455,-0.0348925
454.789,289.5,0.101903,0.0951229,-0.00308811,-0.0364194
455.655,289,0.105332,0.0982419,-0.00284652,-0.037886
456.521,288.5,0.108679,0.101294,-0.00260977,-0.039292
457.387,288,0.111933,0.104396,-0.00236925,-0.0403087
458.253,287.5,0.115102,0.107445,-0.00213355,-0.0412243
459.119,287,0.118177,0.110404,-0.00191515,-0.0421081
459.985,286.5,0.121132,0.113227,-0.0017415,-0.0430052
460.851,286,0.124018,0.115991,-0.00157287,-0.0438632
461.717,285.5,0.126834,0.118695,-0.00140926,-0.0446822
462.583,285,0.129539,0.121366,-0.00125044,-0.045266
463.449,284.5,0.132143,0.124,-0.00109668,-0.0456577
464.315,284,0.134685,0.126574,-0.000948241,-0.0460223
465.181,283.5,0.137163,0.129088,-0.000805126,-0.0463598
466.047,283,0.139577,0.131542,-0.000667334,-0.0466701
466.913,282.5,0.141928,0.133935,-0.000534863,-0.0469534
467.779,282,0.144189,0.136265,-0.000408653,-0.0471377
468.645,281.5,0.146289,0.1385,-0.00029562,-0.0470968
469.512,281,0.148306,0.14062,-0.000198812,-0.0471241
470.378,280.5,0.150277,0.142692,-0.000105546,-0.0471387
471.244,280,0.152201,0.144717,-1.58219e-05,-0.0471406
472.11,279.5,0.154079,0.146694,7.03598e-05,-0.0471297
472.976,279,0.15591,0.148624,0.000152999,-0.0471061
473.842,278.5,0.157582,0.150462,0.000225202,-0.0468331
474.708,278,0.159205,0.152252,0.000293788,-0.0465346
475.574,277.5,0.16079,0.153999,0.000359399,-0.0462321
476.44,277,0.162335,0.155703,0.000422035,-0.0459257
477.306,276.5,0.163842,0.157363,0.000481695,-0.0456154
478.172,276,0.16533,0.15899,0.000533766,-0.0453391
479.038,275.5,0.166745,0.160556,0.000570861,-0.0450066
