x,v,vx,vy,vz
220.096,425,0.207711,0.207566,1.47896e-05,-0.00777059
220.962,424.5,0.207704,0.207553,1.56025e-05,-0.00792261
221.828,424,0.207691,0.207534,1.68066e-05,-0.00808058
222.694,423.5,0.207678,0.207514,1.95936e-05,-0.00824204
223.56,423,0.207671,0.207501,2.29122e-05,-0.00840365
224.426,422.5,0.207667,0.20749,2.62825e-05,-0.00856777
225.292,422,0.207666,0.207482,2.97045e-05,-0.00873439
226.158,421.5,0.207667,0.207476,3.31781e-05,-0.00890352
227.024,421,0.207669,0.20747,3.68118e-05,-0.00907615
227.89,420.5,0.207652,0.207445,4.1718e-05,-0.00926278
228.756,420,0.207638,0.207422,4.66977e-05,-0.00945241
229.622,419.5,0.207626,0.207402,5.17507e-05,-0.00964506
230.488,419,0.207618,0.207384,5.68771e-05,-0.00984071
231.355,418.5,0.207612,0.207369,6.20768e-05,-0.0100394
232.221,418,0.20761,0.207357,6.51419e-05,-0.0102424
233.087,417.5,0.207591,0.207328,6.89629e-05,-0.0104588
233.953,417,0.20757,0.207295,7.31615e-05,-0.0106823
234.819,416.5,0.207551,0.207264,7.72134e-05,-0.01091
235.685,416,0.207535,0.207236,8.11185e-05,-0.0111419
236.551,415.5,0.207523,0.20721,8.48769e-05,-0.0113781
237.417,415,0.207513,0.207187,8.84886e-05,-0.0116185
238.283,414.5,0.207489,0.207149,9.30291e-05,-0.011872
239.149,414,0.207448,0.207092,9.87214e-05,-0.0121411
240.015,413.5,0.207409,0.207037,0.000104265,-0.0124155
240.881,413,0.207374,0.206985,0.000109659,-0.0126952
241.747,412.5,0.207367,0.206961,0.000118448,-0.012966
242.613,412,0.207371,0.206948,0.00012839,-0.0132371
243.479,411.5,0.207375,0.206934,0.000139108,-0.0135149
244.345,411,0.20735,0.20689,0.000153723,-0.0138124
245.211,410.5,0.207331,0.20685,0.000168675,-0.0141152
246.077,410,0.207318,0.206815,0.000183963,-0.0144233
246.943,409.5,0.20731,0.206786,0.000199589,-0.0147367
247.809,409,0.207309,0.206761,0.000215551,-0.0150554
248.675,408.5,0.207313,0.206742,0.00023185,-0.0153793
249.541,408,0.207272,0.206673,0.000252311,-0.0157342
250.407,407.5,0.207225,0.206599,0.000274029,-0.0161012
251.273,407,0.207182,0.206525,0.000288321,-0.0164793
252.139,406.5,0.207144,0.206456,0.000300967,-0.0168661
253.005,406,0.207112,0.206391,0.000313372,-0.0172609
253.871,405.5,0.207086,0.206331,0.000325537,-0.0176636
254.737,405,0.207035,0.206243,0.00034191,-0.018086
255.603,404.5,0.206959,0.206128,0.000362393,-0.018529
256.469,404,0.206891,0.206018,0.000382698,-0.0189817
257.335,403.5,0.20683,0.205914,0.000402825,-0.0194438
258.201,403,0.206777,0.205815,0.000422775,-0.0199156
259.067,402.5,0.20673,0.205721,0.000442548,-0.0203969
259.933,402,0.20667,0.20561,0.000463952,-0.0208985
260.799,401.5,0.206591,0.205477,0.000505351,-0.0214185
261.665,401,0.20653,0.20536,0.000548993,-0.0219449
262.531,400.5,0.20648,0.205252,0.000593626,-0.0224814
263.397,400,0.206443,0.205153,0.00063925,-0.0230281
264.263,399.5,0.206417,0.205064,0.000685866,-0.023585
265.13,399,0.206403,0.204984,0.000733474,-0.024152
265.996,398.5,0.206313,0.204821,0.000798644,-0.0247557
266.862,398,0.206224,0.204655,0.000867566,-0.0253758
267.728,397.5,0.20615,0.2045,0.000937987,-0.026009
268.594,397,0.20609,0.204356,0.00100991,-0.0266552
269.46,396.5,0.206045,0.204223,0.00108333,-0.0273145
270.326,396,0.206012,0.2041,0.00113472,-0.0279846
271.192,395.5,0.205881,0.203864,0.00119621,-0.028725
272.058,395,0.205677,0.203543,0.00126639,-0.0295274
272.924,394.5,0.205491,0.203233,0.00133702,-0.0303491
273.79,394,0.205321,0.202933,0.00140809,-0.0311901
274.656,393.5,0.205168,0.202644,0.00147962,-0.0320505
275.522,393,0.205033,0.202366,0.00155159,-0.0329301
276.388,392.5,0.204875,0.202056,0.00163372,-0.0338355
277.254,392,0.204617,0.201632,0.00174606,-0.0347814
278.12,391.5,0.204383,0.201224,0.00185969,-0.0357498
278.986,391,0.204177,0.200835,0.00197559,-0.0367382
279.852,390.5,0.20411,0.200592,0.00212444,-0.0376697
280.718,390,0.204073,0.200372,0.00227627,-0.0386221
281.584,389.5,0.204067,0.200174,0.00243108,-0.0395955
282.45,389,0.203723,0.199581,0.00262179,-0.040787
283.316,388.5,0.203384,0.198975,0.00281853,-0.0420222
284.182,388,0.203077,0.198387,0.003019,-0.0432877
285.048,387.5,0.202802,0.197814,0.0032232,-0.0445834
285.914,387,0.20256,0.197259,0.00343114,-0.0459094
286.78,386.5,0.202351,0.19672,0.00364282,-0.0472656
287.646,386,0.20203,0.196046,0.00390465,-0.0486503
288.512,385.5,0.201669,0.195312,0.0041952,-0.0500626
289.378,385,0.201419,0.194691,0.00444662,-0.051435
290.244,384.5,0.201237,0.19412,0.00470173,-0.0528377
291.11,384,0.201124,0.1936,0.00496053,-0.0542706
291.976,383.5,0.201079,0.193131,0.00522303,-0.0557338
292.842,383,0.200865,0.192416,0.00550599,-0.0573804
293.708,382.5,0.200169,0.191058,0.00583126,-0.0594194
294.574,382,0.19954,0.189723,0.00616091,-0.061509
295.44,381.5,0.198977,0.18841,0.00649494,-0.0636492
296.306,381,0.198482,0.187119,0.00683335,-0.0658399
297.172,380.5,0.198059,0.185852,0.00717613,-0.0680811
298.038,380,0.197719,0.184627,0.00753017,-0.0703483
298.905,379.5,0.197452,0.183551,0.00803102,-0.0723308
299.771,379,0.197305,0.182551,0.00853639,-0.0743722
300.637,378.5,0.19728,0.181629,0.00904526,-0.0764744
301.503,378,0.197378,0.180784,0.00955762,-0.0786374
302.369,377.5,0.1976,0.180016,0.0100735,-0.0808613
303.235,377,0.197947,0.179325,0.0105928,-0.0831461
304.101,376.5,0.197389,0.177117,0.011198,-0.0864109
304.967,376,0.196505,0.174167,0.0118507,-0.0902214
305.833,375.5,0.195806,0.171231,0.0125124,-0.0941445
306.699,375,0.195298,0.16831,0.0131829,-0.0981801
307.565,374.5,0.195044,0.165526,0.013851,-0.102232
308.431,374,0.19516,0.163211,0.0144881,-0.106019
309.297,373.5,0.195674,0.161424,0.0150882,-0.109558
310.163,373,0.196924,0.160757,0.015603,-0.112663
311.029,372.5,0.198584,0.160452,0.0161106,-0.115893
311.895,372,0.200647,0.160509,0.0166109,-0.119248
312.761,371.5,0.203107,0.160929,0.017104,-0.122727
313.627,371,0.20596,0.161711,0.0175899,-0.126331
314.493,370.5,0.209061,0.162545,0.0181009,-0.130222
315.359,370,0.209732,0.157087,0.0192973,-0.137619
316.225,369.5,0.210871,0.151583,0.0205273,-0.145147
317.091,369,0.212292,0.146004,0.0217854,-0.152566
317.957,368.5,0.213617,0.140367,0.0230613,-0.159366
318.823,368,0.21528,0.134787,0.0243684,-0.166085
319.689,367.5,0.217263,0.129263,0.0257066,-0.172723
320.555,367,0.223079,0.130616,0.0251727,-0.179081
321.421,366.5,0.231039,0.135209,0.0238186,-0.185824
322.287,366,0.239934,0.140639,0.0223203,-0.193109
323.153,365.5,0.249769,0.146907,0.0206777,-0.200936
324.019,365,0.260548,0.154012,0.0188909,-0.209306
324.885,364.5,0.272279,0.161954,0.0169598,-0.218217
325.751,364,0.280273,0.161313,0.0175597,-0.228523
326.617,363.5,0.282633,0.148452,0.0219882,-0.239499
327.483,363,0.285582,0.137913,0.026562,-0.248659
328.349,362.5,0.288281,0.128293,0.0313741,-0.256247
329.215,362,0.290535,0.119592,0.0364246,-0.262262
330.081,361.5,0.292186,0.111811,0.0417134,-0.266704
330.947,361,0.297947,0.109243,0.0453897,-0.273456
331.813,360.5,0.348339,0.145636,0.03151,-0.314861
332.679,360,0.402581,0.18315,0.0152467,-0.358183
333.546,359.5,0.460381,0.221784,-0.00340009,-0.403424
334.412,359,0.521558,0.261539,-0.0244305,-0.450581
335.278,358.5,0.586004,0.302414,-0.0478444,-0.499657
336.144,358,0.647699,0.342932,-0.0698762,-0.545004
337.01,357.5,0.66619,0.364073,-0.0467258,-0.555947
337.876,357,0.674613,0.386643,-0.0109669,-0.552712
338.742,356.5,0.683537,0.416065,0.0267161,-0.541664
339.608,356,0.694501,0.452339,0.0663233,-0.522803
340.474,355.5,0.70941,0.495466,0.107855,-0.496129
341.34,355,0.730423,0.545445,0.15131,-0.461642
342.206,354.5,0.730965,0.602917,0.156853,-0.382359
343.072,354,0.725496,0.660131,0.128041,-0.272355
343.938,353.5,0.744346,0.713563,0.112369,-0.179587
344.804,353,0.778067,0.763215,0.109837,-0.104055
345.67,352.5,0.78998,0.779402,0.117266,-0.0533902
346.536,352,0.764192,0.75099,0.137332,-0.033805
347.402,351.5,0.715788,0.695025,0.170262,-0.0174303
348.268,351,0.600353,0.563448,0.189136,0.0847179
349.134,350.5,0.514022,0.440616,0.212709,0.15758
350,350,0.452942,0.326528,0.240981,0.201156
350.866,349.5,0.412782,0.221185,0.273952,0.215445
351.732,349,0.390909,0.124586,0.311623,0.200449
352.598,348.5,0.388649,0.0367316,0.353993,0.156166
353.464,348,0.395327,-0.0227299,0.377611,0.114793
354.33,347.5,0.399778,-0.0641009,0.376761,0.117322
355.196,347,0.407761,-0.0748808,0.333804,0.221894
356.062,346.5,0.464729,-0.0645048,0.265919,0.375632
356.928,346,0.550995,-0.0491366,0.195209,0.512908
357.794,345.5,0.645937,-0.0287759,0.121675,0.63372
358.66,345,0.711393,0.00499147,0.0758164,0.707323
359.526,344.5,0.74808,0.0425639,0.0585549,0.74457
360.392,344,0.780046,0.0737219,0.0438884,0.775313
361.258,343.5,0.806221,0.0984654,0.0318171,0.799553
362.124,343,0.825895,0.116794,0.0223409,0.81729
362.99,342.5,0.838604,0.128709,0.0154598,0.828524
363.856,342,0.83777,0.131368,0.0094069,0.827352
364.722,341.5,0.805963,0.114617,0.00010873,0.797772
365.588,341,0.772776,0.0942456,-0.00739153,0.766972
366.454,340.5,0.741703,0.0749151,-0.0140214,0.737777
367.321,340,0.712716,0.0566249,-0.0197809,0.710187
368.187,339.5,0.685779,0.039375,-0.0246701,0.684203
369.053,339,0.660854,0.0231655,-0.0286889,0.659825
369.919,338.5,0.640477,0.015327,-0.0276753,0.639695
370.785,338,0.621065,0.00853288,-0.0262441,0.620451
371.651,337.5,0.602259,0.00190895,-0.0249158,0.601741
372.517,337,0.584061,-0.00454472,-0.0236904,0.583563
373.383,336.5,0.566471,-0.0108281,-0.022568,0.565918
374.249,336,0.551497,-0.0180971,-0.0216138,0.550776
375.115,335.5,0.535371,-0.0262294,-0.0212086,0.534307
375.981,335,0.51782,-0.034311,-0.0210912,0.516251
376.847,334.5,0.50073,-0.0419673,-0.0209637,0.498528
377.713,334,0.484095,-0.0491985,-0.0208261,0.481137
378.579,333.5,0.467904,-0.0560045,-0.0206784,0.46408
379.445,333,0.45215,-0.0623853,-0.0205207,0.447356
380.311,332.5,0.436895,-0.0672367,-0.0203244,0.431212
381.177,332,0.422158,-0.0687029,-0.0201416,0.416043
382.043,331.5,0.407678,-0.0698134,-0.0201078,0.401153
382.909,331,0.393451,-0.0705684,-0.0202228,0.386543
383.775,330.5,0.3802,-0.0729765,-0.0205416,0.372565
384.641,330,0.367442,-0.0759915,-0.0208851,0.358891
385.507,329.5,0.354885,-0.0788561,-0.021208,0.345362
386.373,329,0.340609,-0.08061,-0.0214245,0.330239
387.239,328.5,0.326459,-0.0821319,-0.0215834,0.31522
388.105,328,0.312525,-0.0834671,-0.0216881,0.300391
388.971,327.5,0.298808,-0.0846157,-0.0217385,0.285751
389.837,327,0.285307,-0.0855777,-0.0217347,0.271301
390.703,326.5,0.272023,-0.0863531,-0.0216767,0.257041
391.569,326,0.258363,-0.0851829,-0.0216437,0.242954
392.435,325.5,0.244576,-0.0829087,-0.0216296,0.229075
393.301,325,0.232585,-0.0810482,-0.0216742,0.216927
394.167,324.5,0.221217,-0.0792484,-0.021715,0.20539
395.033,324,0.210022,-0.0773687,-0.0217293,0.194039
395.899,323.5,0.198999,-0.0754089,-0.0217171,0.182873
396.765,323,0.187825,-0.072785,-0.0216195,0.171794
397.631,322.5,0.176152,-0.0688843,-0.0213676,0.16071
398.497,322,0.164656,-0.0649329,-0.0210815,0.149836
399.363,321.5,0.153337,-0.0609309,-0.0207611,0.139171
400.229,321,0.142194,-0.0568782,-0.0204064,0.128715
401.095,320.5,0.131227,-0.0527749,-0.0200175,0.118468
401.962,320,0.120432,-0.0486064,-0.0195926,0.108431
402.828,319.5,0.109672,-0.0434629,-0.0190456,0.0988746
403.694,319,0.0992427,-0.0384648,-0.0185042,0.0895945
404.56,318.5,0.089076,-0.0335158,-0.0179533,0.0805537
405.426,318,0.0791819,-0.0286156,-0.0173929,0.0717524
406.292,317.5,0.0695759,-0.0237645,-0.0168231,0.0631905
407.158,317,0.060282,-0.0189623,-0.0162439,0.0548679
408.024,316.5,0.0514108,-0.013257,-0.0155548,0.0471739
408.89,316,0.0431624,-0.00723186,-0.0148191,0.0398884
409.756,315.5,0.0357564,-0.00131391,-0.014082,0.0328404
410.622,315,0.0295942,0.00449688,-0.0133435,0.0260297
411.488,314.5,0.0253271,0.0102005,-0.0126037,0.0194565
412.354,314,0.0237102,0.0152121,-0.0120818,0.013594
413.22,313.5,0.0247854,0.0203615,-0.0115292,0.00817316
414.086,313,0.0282574,0.0258669,-0.0108966,0.00326257
414.952,312.5,0.0329391,0.0312616,-0.0102709,-0.00148547
415.818,312,0.0382832,0.0365457,-0.00965194,-0.00607096
416.684,311.5,0.0439581,0.041719,-0.00903983,-0.0104939
417.55,311,0.049773,0.0467817,-0.00843455,-0.0147543
418.416,310.5,0.0556362,0.0517746,-0.00783308,-0.0187997
419.282,310,0.0617116,0.0572271,-0.00719916,-0.0219445
420.148,309.5,0.0676548,0.062541,-0.00657907,-0.02495
421.014,309,0.0734502,0.0677164,-0.00597279,-0.0278162
421.88,308.5,0.0789088,0.0725099,-0.00552719,-0.0306327
422.746,308,0.0842197,0.0771728,-0.00509726,-0.0333368
423.612,307.5,0.0893845,0.081713,-0.00467821,-0.035926
424.478,307,0.0943263,0.0862751,-0.00424542,-0.0378951
425.344,306.5,0.0990992,0.0907603,-0.00381798,-0.039606
426.21,306,0.103728,0.0951205,-0.00340443,-0.04123
427.076,305.5,0.108211,0.0993556,-0.0030048,-0.0427672
427.942,305,0.112549,0.103466,-0.00261906,-0.0442176
428.808,304.5,0.11674,0.107451,-0.00224723,-0.0455812
429.674,304,0.120721,0.111365,-0.00189399,-0.0465607
430.54,303.5,0.124479,0.115216,-0.0015637,-0.0470959
431.406,303,0.127951,0.1187,-0.00131572,-0.0477495
432.272,302.5,0.131323,0.12209,-0.00107686,-0.0483598
433.138,302,0.134596,0.125386,-0.000847104,-0.048927
434.004,301.5,0.13777,0.128587,-0.00062646,-0.049451
434.87,301,0.140812,0.131685,-0.000416188,-0.049869
435.737,300.5,0.143545,0.134629,-0.000224309,-0.0498001
436.603,300,0.146196,0.137485,-4.17705e-05,-0.0497106
437.469,299.5,0.148767,0.140255,0.000131428,-0.0496002
438.335,299,0.151256,0.142937,0.000295286,-0.0494691
439.201,298.5,0.153662,0.145532,0.000449804,-0.0493173
440.067,298,0.155996,0.148045,0.000591721,-0.049165
440.933,297.5,0.158183,0.150452,0.000677036,-0.048843
441.799,297,0.160272,0.152777,0.000753423,-0.0484349
442.665,296.5,0.162305,0.155035,0.000825247,-0.0480257
443.531,296,0.16428,0.157226,0.000892508,-0.0476154
444.397,295.5,0.166197,0.15935,0.000955205,-0.047204
445.263,295,0.168056,0.161408,0.00101334,-0.0467915
446.129,294.5,0.169749,0.16333,0.00105923,-0.0462259
446.995,294,0.171284,0.165123,0.00109367,-0.0455107
447.861,293.5,0.172775,0.16686,0.00112493,-0.0448064
448.727,293,0.174222,0.16854,0.00115303,-0.0441129
449.593,292.5,0.175625,0.170159,0.00117833,-0.0434591
450.459,292,0.176999,0.1717,0.0012032,-0.0429678
451.325,291.5,0.178305,0.173177,0.00122347,-0.0424393
452.191,291,0.179438,0.174516,0.00122991,-0.0417218
453.057,290.5,0.180544,0.175819,0.00123521,-0.0410179
453.923,290,0.181624,0.177086,0.00123938,-0.0403274
454.789,289.5,0.182676,0.178316,0.00124241,-0.0396504
455.655,289,0.1837,0.179511,0.00124431,-0.0389869
456.521,288.5,0.184696,0.180669,0.00124508,-0.0383369
457.387,288,0.185531,0.181686,0.00123728,-0.0375563
458.253,287.5,0.186325,0.182657,0.00122742,-0.036771
459.119,287,0.187123,0.183617,0.00121622,-0.0360318
459.985,286.5,0.187983,0.184615,0.00120282,-0.0354059
460.851,286,0.188823,0.185586,0.00118913,-0.0347939
461.717,285.5,0.189642,0.186529,0.00117514,-0.0341959
462.583,285,0.190372,0.18739,0.0011579,-0.0335439
463.449,284.5,0.191031,0.188181,0.00113807,-0.0328519
464.315,284,0.191675,0.188952,0.00111811,-0.0321764
465.181,283.5,0.192304,0.189701,0.00109802,-0.0315175
466.047,283,0.192919,0.190429,0.00107781,-0.0308751
466.913,282.5,0.193518,0.191136,0.00105746,-0.0302492
467.779,282,0.194077,0.1918,0.00103615,-0.0296199
468.645,281.5,0.194551,0.19238,0.0010141,-0.0289656
469.512,281,0.195036,0.192956,0.000997222,-0.0283863
470.378,280.5,0.195512,0.19352,0.000980421,-0.0278201
471.244,280,0.195979,0.19407,0.000963701,-0.0272669
472.11,279.5,0.196437,0.194608,0.000947062,-0.0267266
472.976,279,0.196885,0.195132,0.000930504,-0.0261994
473.842,278.5,0.197249,0.195575,0.00091147,-0.0256295
474.708,278,0.197601,0.196002,0.000892494,-0.0250681
475.574,277.5,0.197946,0.196419,0.000873811,-0.0245205
476.44,277,0.198285,0.196827,0.000855423,-0.0239865
477.306,276.5,0.198618,0.197225,0.000837329,-0.0234662
478.172,276,0.198965,0.197632,0.000819293,-0.022979
479.038,275.5,0.199302,0.198025,0.000799861,-0.0225147
