x,v,vx,vy,vz
220.096,425,0.381619,0.379736,-0.0352156,-0.0139109
220.962,424.5,0.384419,0.382525,-0.0365962,-0.0106167
221.828,424,0.387917,0.385973,-0.0381707,-0.00688377
222.694,423.5,0.392365,0.390293,-0.0401959,-0.00244952
223.56,423,0.39686,0.394596,-0.0422712,0.00236658
224.426,422.5,0.401541,0.399023,-0.044265,0.00750118
225.292,422,0.406415,0.403575,-0.0461772,0.0129543
226.158,421.5,0.411491,0.408251,-0.048008,0.0187259
227.024,421,0.416902,0.413206,-0.0495795,0.0246918
227.89,420.5,0.423871,0.420011,-0.0488304,0.0295384
228.756,420,0.430988,0.42696,-0.0475238,0.0346067
229.622,419.5,0.438267,0.434052,-0.0456597,0.0398966
230.488,419,0.44572,0.441288,-0.043238,0.0454083
231.355,418.5,0.453364,0.448667,-0.0402588,0.0511417
232.221,418,0.457076,0.452218,-0.0342477,0.0569613
233.087,417.5,0.456683,0.452008,-0.0258397,0.0598367
233.953,417,0.454316,0.449809,-0.0169559,0.0615445
234.819,416.5,0.450456,0.445964,-0.00785802,0.0629648
235.685,416,0.445116,0.440475,0.00145394,0.0640978
236.551,415.5,0.438317,0.43334,0.01098,0.0649434
237.417,415,0.430082,0.42456,0.0207201,0.0655016
238.283,414.5,0.41936,0.413326,0.0296269,0.064395
239.149,414,0.405945,0.399539,0.0370887,0.0615165
240.015,413.5,0.391154,0.384203,0.0442233,0.0585991
240.881,413,0.374997,0.367318,0.0510307,0.0556428
241.747,412.5,0.357464,0.349678,0.0537587,0.0511474
242.613,412,0.34009,0.332382,0.0548654,0.0466143
243.479,411.5,0.322986,0.315369,0.0552704,0.0425109
244.345,411,0.30575,0.298272,0.0547599,0.0389605
245.211,410.5,0.288699,0.281257,0.0542068,0.0361014
246.077,410,0.271831,0.264322,0.053611,0.0339334
246.943,409.5,0.255148,0.24747,0.0529724,0.0324567
247.809,409,0.238661,0.230698,0.0522911,0.0316711
248.675,408.5,0.222387,0.214008,0.0515671,0.0315767
249.541,408,0.206124,0.196943,0.0509269,0.0332689
250.407,407.5,0.189822,0.17943,0.0503169,0.0361335
251.273,407,0.178051,0.166316,0.0501847,0.0390207
252.139,406.5,0.166952,0.153752,0.0498695,0.0417881
253.005,406,0.155723,0.140854,0.0492608,0.0445327
253.871,405.5,0.144426,0.127621,0.0483584,0.0472544
254.737,405,0.133862,0.115195,0.0469333,0.0494606
255.603,404.5,0.124066,0.103514,0.045056,0.0514501
256.469,404,0.114483,0.091469,0.0429683,0.0537911
257.335,403.5,0.105332,0.0790598,0.0406703,0.0564837
258.201,403,0.0969214,0.0662864,0.0381618,0.0595278
259.067,402.5,0.089668,0.0531488,0.035443,0.0629234
259.933,402,0.0837904,0.0403314,0.0325662,0.0658305
260.799,401.5,0.0787559,0.031834,0.03146,0.0648025
261.665,401,0.0744136,0.0235623,0.0302037,0.063796
262.531,400.5,0.0707671,0.0153471,0.0286096,0.0628803
263.397,400,0.0679282,0.00718847,0.0266778,0.0620553
264.263,399.5,0.0660065,-0.000913609,0.0244082,0.0613209
265.13,399,0.0650944,-0.00895913,0.0218009,0.0606773
265.996,398.5,0.0610154,-0.0165925,0.0189045,0.0555895
266.862,398,0.057706,-0.0244212,0.0154533,0.0499478
267.728,397.5,0.0561863,-0.0325136,0.011426,0.0443758
268.594,397,0.0568158,-0.0408698,0.00682264,0.0388735
269.46,396.5,0.0597514,-0.0494898,0.00164322,0.0334409
270.326,396,0.0604863,-0.055656,-0.00208557,0.0235936
271.192,395.5,0.0621121,-0.0609572,-0.00381766,0.0112944
272.058,395,0.0662743,-0.0661114,-0.00412112,-0.00213944
272.924,394.5,0.0736671,-0.0718725,-0.0046255,-0.0154852
273.79,394,0.0835233,-0.0782405,-0.00533079,-0.0287429
274.656,393.5,0.0951694,-0.0852153,-0.00623699,-0.0419125
275.522,393,0.108118,-0.0927971,-0.0073441,-0.054994
276.388,392.5,0.12183,-0.100592,-0.00862547,-0.068186
277.254,392,0.135599,-0.107497,-0.0101005,-0.0820336
278.12,391.5,0.149916,-0.114507,-0.0118934,-0.0960274
278.986,391,0.164628,-0.121542,-0.0138989,-0.110166
279.852,390.5,0.177499,-0.126328,-0.0126728,-0.124043
280.718,390,0.190469,-0.131494,-0.0112079,-0.13734
281.584,389.5,0.20344,-0.137041,-0.009504,-0.150058
282.45,389,0.212766,-0.139706,-0.00559415,-0.160376
283.316,388.5,0.221006,-0.141511,-0.00130293,-0.169755
284.182,388,0.228377,-0.14265,0.00323221,-0.178316
285.048,387.5,0.234873,-0.143122,0.00801125,-0.186058
285.914,387,0.2405,-0.142928,0.0130342,-0.192981
286.78,386.5,0.245262,-0.142067,0.0183011,-0.199086
287.646,386,0.249099,-0.138307,0.0204293,-0.206165
288.512,385.5,0.252097,-0.132171,0.0206498,-0.213675
289.378,385,0.251003,-0.124997,0.0210225,-0.216647
290.244,384.5,0.250939,-0.118779,0.021068,-0.220041
291.11,384,0.251851,-0.113516,0.0207863,-0.223855
291.976,383.5,0.253691,-0.10921,0.0201774,-0.228091
292.842,383,0.258829,-0.106527,0.0180063,-0.235203
293.708,382.5,0.271595,-0.10607,0.0124013,-0.249718
294.574,382,0.287202,-0.106186,0.00601962,-0.266783
295.44,381.5,0.30569,-0.106874,-0.00113881,-0.286396
296.306,381,0.327084,-0.108134,-0.00907398,-0.308559
297.172,380.5,0.351395,-0.109966,-0.0177859,-0.333271
298.038,380,0.378643,-0.112548,-0.0276429,-0.360471
298.905,379.5,0.403051,-0.109416,-0.0392108,-0.385928
299.771,379,0.427656,-0.10483,-0.0498284,-0.411603
300.637,378.5,0.452479,-0.09885,-0.0594969,-0.437522
301.503,378,0.477521,-0.0914761,-0.0682161,-0.463686
302.369,377.5,0.502799,-0.0827082,-0.0759862,-0.490094
303.235,377,0.528344,-0.0725463,-0.082807,-0.516747
304.101,376.5,0.548696,-0.0615793,-0.087767,-0.538119
304.967,376,0.566895,-0.0500951,-0.0917506,-0.557173
305.833,375.5,0.58563,-0.0379258,-0.0952751,-0.576582
306.699,375,0.604919,-0.0250714,-0.0983407,-0.596345
307.565,374.5,0.623822,-0.0114505,-0.100698,-0.615535
308.431,374,0.639892,0.00282432,-0.101792,-0.631738
309.297,373.5,0.649997,0.0169272,-0.100674,-0.641931
310.163,373,0.649416,0.0307793,-0.0962592,-0.641504
311.029,372.5,0.649898,0.0450457,-0.0920712,-0.641764
311.895,372,0.651464,0.0597261,-0.0881099,-0.642709
312.761,371.5,0.654134,0.0748208,-0.0843752,-0.64434
313.627,371,0.657925,0.0903296,-0.0808672,-0.646657
314.493,370.5,0.662275,0.105792,-0.077233,-0.649193
315.359,370,0.655835,0.112215,-0.0666786,-0.642714
316.225,369.5,0.650449,0.119237,-0.0566788,-0.63691
317.091,369,0.645311,0.127565,-0.0468833,-0.630837
317.957,368.5,0.639231,0.138232,-0.036747,-0.623023
318.823,368,0.634324,0.14939,-0.0271645,-0.615883
319.689,367.5,0.630595,0.161038,-0.018136,-0.609416
320.555,367,0.611815,0.166518,-0.0073357,-0.588673
321.421,366.5,0.5881,0.170472,0.00378146,-0.562838
322.287,366,0.565454,0.175417,0.0143632,-0.537365
323.153,365.5,0.543954,0.181352,0.0244094,-0.512252
324.019,365,0.523693,0.188277,0.0339202,-0.487499
324.885,364.5,0.504778,0.196192,0.0428955,-0.463108
325.751,364,0.484753,0.197761,0.0521288,-0.439498
326.617,363.5,0.461281,0.188879,0.0620607,-0.416237
327.483,363,0.439021,0.179668,0.0704711,-0.394325
328.349,362.5,0.417402,0.170291,0.0785283,-0.372906
329.215,362,0.396441,0.160747,0.0862322,-0.35198
330.081,361.5,0.376156,0.151036,0.0935829,-0.331547
330.947,361,0.359682,0.14126,0.0989504,-0.315635
331.813,360.5,0.371188,0.131402,0.0890427,-0.335537
332.679,360,0.38313,0.119913,0.0778338,-0.355459
333.546,359.5,0.395723,0.106793,0.0653237,-0.3754
334.412,359,0.409188,0.0920434,0.0515124,-0.39536
335.278,358.5,0.423741,0.0756626,0.0363999,-0.41534
336.144,358,0.436985,0.0645566,0.0256582,-0.431427
337.01,357.5,0.484178,0.0847484,0.0531828,-0.473728
337.876,357,0.535519,0.109608,0.0971335,-0.515103
338.742,356.5,0.581362,0.133333,0.1504,-0.545513
339.608,356,0.623577,0.155925,0.212982,-0.564955
340.474,355.5,0.664413,0.177382,0.284881,-0.573431
341.34,355,0.70646,0.197705,0.366095,-0.570941
342.206,354.5,0.7414,0.191947,0.428927,-0.573456
343.072,354,0.765566,0.160509,0.461147,-0.589637
343.938,353.5,0.789324,0.132478,0.490507,-0.604057
344.804,353,0.811952,0.107853,0.517007,-0.616715
345.67,352.5,0.816907,0.0789453,0.527413,-0.618821
346.536,352,0.80305,0.0392019,0.533235,-0.599177
347.402,351.5,0.769045,0.0308755,0.537932,-0.548732
348.268,351,0.652805,0.186562,0.46996,-0.412901
349.134,350.5,0.586124,0.299879,0.416498,-0.283095
350,350,0.552662,0.370828,0.377547,-0.159313
350.866,349.5,0.534732,0.399409,0.353106,-0.0415564
351.732,349,0.520958,0.385621,0.343175,0.070176
352.598,348.5,0.510309,0.329464,0.347755,0.175884
353.464,348,0.531819,0.336436,0.316356,0.263745
354.33,347.5,0.565348,0.355021,0.276465,0.342266
355.196,347,0.637742,0.449916,0.200509,0.405076
356.062,346.5,0.753947,0.590178,0.108506,0.456455
356.928,346,0.861753,0.69738,0.0369206,0.504892
357.794,345.5,0.947825,0.771522,-0.0142469,0.550385
358.66,345,0.990958,0.817435,-0.0376013,0.558914
359.526,344.5,0.99882,0.84133,-0.0417324,0.536716
360.392,344,0.986792,0.840962,-0.0356681,0.515043
361.258,343.5,0.954308,0.816331,-0.0194084,0.493893
362.124,343,0.901661,0.767437,0.0070466,0.473269
362.99,342.5,0.830238,0.69428,0.043697,0.453168
363.856,342,0.754403,0.610408,0.0889692,0.434293
364.722,341.5,0.777403,0.65589,0.0815868,0.409276
365.588,341,0.848554,0.755155,0.0435075,0.384567
366.454,340.5,0.919166,0.841708,0.0106461,0.369161
367.321,340,0.985053,0.915549,-0.0169972,0.363057
368.187,339.5,1.04384,0.976679,-0.0394225,0.366256
369.053,339,1.0943,1.0251,-0.0566298,0.378757
369.919,338.5,1.14782,1.0762,-0.0678112,0.3933
370.785,338,1.18814,1.11175,-0.0734927,0.412673
371.651,337.5,1.21374,1.12974,-0.0737554,0.437504
372.517,337,1.2251,1.13019,-0.0685995,0.467791
373.383,336.5,1.22307,1.1131,-0.0580248,0.503535
374.249,336,1.22084,1.11904,-0.0494218,0.485561
375.115,335.5,1.22957,1.14914,-0.0415765,0.435432
375.981,335,1.24084,1.17882,-0.0313988,0.386119
376.847,334.5,1.24815,1.20066,-0.0205091,0.340432
377.713,334,1.25079,1.21465,-0.00890756,0.29837
378.579,333.5,1.24816,1.22079,0.00340592,0.259934
379.445,333,1.23981,1.21909,0.0164313,0.225123
380.311,332.5,1.22229,1.20618,0.0308127,0.19536
381.177,332,1.18792,1.1741,0.0478512,0.174221
382.043,331.5,1.14369,1.13073,0.0659052,0.15849
382.909,331,1.08957,1.07609,0.084975,0.148167
383.775,330.5,1.06066,1.04624,0.0967755,0.145002
384.641,330,1.04623,1.03135,0.104069,0.141756
385.507,329.5,1.03427,1.0193,0.109723,0.136732
386.373,329,1.02657,1.01215,0.10203,0.137789
387.239,328.5,1.01751,1.00367,0.0939669,0.13838
388.105,328,1.0069,0.99365,0.0861425,0.138149
388.971,327.5,0.994734,0.982104,0.0785566,0.137096
389.837,327,0.981006,0.969029,0.0712092,0.13522
390.703,326.5,0.965709,0.954423,0.0641004,0.132522
391.569,326,0.961617,0.951656,0.0481478,0.129386
392.435,325.5,0.960949,0.952006,0.0279175,0.127786
393.301,325,0.95693,0.948707,0.0158558,0.124173
394.167,324.5,0.952028,0.944382,0.00721432,0.1202
395.033,324,0.946317,0.939081,3.29094e-05,0.116797
395.899,323.5,0.939759,0.932806,-0.00568839,0.113964
396.765,323,0.939062,0.932465,-0.0102251,0.110647
397.631,322.5,0.949695,0.943651,-0.0142154,0.106024
398.497,322,0.956673,0.951014,-0.0172593,0.102454
399.363,321.5,0.959968,0.954555,-0.0193568,0.0999365
400.229,321,0.959561,0.954274,-0.020508,0.0984717
401.095,320.5,0.955442,0.950171,-0.0207127,0.0980595
401.962,320,0.947774,0.942412,-0.0198978,0.0986908
402.828,319.5,0.958101,0.952737,-0.00917762,0.100819
403.694,319,0.966196,0.960633,0.00121649,0.103526
404.56,318.5,0.971146,0.965227,0.0108705,0.106498
405.426,318,0.97293,0.966519,0.0197843,0.109736
406.292,317.5,0.971537,0.964509,0.0279581,0.11324
407.158,317,0.966956,0.959198,0.0353917,0.117009
408.024,316.5,0.964403,0.955708,0.0514594,0.118527
408.89,316,0.962474,0.952337,0.070799,0.119996
409.756,315.5,0.959122,0.947047,0.0892767,0.122664
410.622,315,0.954322,0.939837,0.106893,0.126533
411.488,314.5,0.948064,0.930708,0.123647,0.1316
412.354,314,0.942862,0.922797,0.140832,0.132667
413.22,313.5,0.925124,0.903901,0.158214,0.117413
414.086,313,0.889816,0.868586,0.176698,0.0781564
414.952,312.5,0.855313,0.831936,0.194217,0.041499
415.818,312,0.821485,0.793951,0.21077,0.00744093
416.684,311.5,0.788215,0.754631,0.226358,-0.0240179
417.55,311,0.755399,0.713975,0.240979,-0.0528775
418.416,310.5,0.722768,0.67129,0.254375,-0.084007
419.282,310,0.693571,0.615641,0.263419,-0.180657
420.148,309.5,0.675695,0.555468,0.272148,-0.271947
421.014,309,0.669062,0.49077,0.28056,-0.357876
421.88,308.5,0.679562,0.427694,0.288912,-0.442055
422.746,308,0.700723,0.36341,0.296617,-0.520542
423.612,307.5,0.729917,0.297771,0.303661,-0.593212
424.478,307,0.713619,0.240979,0.276449,-0.612175
425.344,306.5,0.681154,0.190373,0.235789,-0.610026
426.21,306,0.648783,0.143154,0.19261,-0.602766
427.076,305.5,0.616453,0.0993237,0.14691,-0.590395
427.942,305,0.584325,0.0588804,0.0986918,-0.572912
428.808,304.5,0.552835,0.0218248,0.0479536,-0.550318
429.674,304,0.491031,0.00140367,-0.00670088,-0.490983
430.54,303.5,0.39571,-0.000758763,-0.0633074,-0.390612
431.406,303,0.322931,0.00551201,-0.119098,-0.300116
432.272,302.5,0.273536,0.0122487,-0.170804,-0.213302
433.138,302,0.255015,0.0194512,-0.218427,-0.130169
434.004,301.5,0.268205,0.0271196,-0.261965,-0.0507177
434.87,301,0.298044,0.0374029,-0.294925,0.0212181
435.737,300.5,0.292456,0.0635954,-0.278417,0.0630108
436.603,300,0.294828,0.0899769,-0.260965,0.103562
437.469,299.5,0.30469,0.116547,-0.242571,0.14287
438.335,299,0.321104,0.143307,-0.223233,0.180937
439.201,298.5,0.342923,0.170256,-0.202952,0.217761
440.067,298,0.368739,0.19729,-0.181654,0.253075
440.933,297.5,0.378866,0.217875,-0.164578,0.262649
441.799,297,0.386609,0.237323,-0.149173,0.266255
442.665,296.5,0.395626,0.257024,-0.1342,0.269163
443.531,296,0.405808,0.276979,-0.119659,0.271375
444.397,295.5,0.417048,0.297186,-0.105549,0.27289
445.263,295,0.429249,0.317646,-0.0918706,0.273708
446.129,294.5,0.437586,0.333285,-0.0822552,0.27136
446.995,294,0.441476,0.343643,-0.0766187,0.266345
447.861,293.5,0.445671,0.353871,-0.0711341,0.261414
448.727,293,0.450145,0.363969,-0.0658013,0.256568
449.593,292.5,0.454785,0.373778,-0.0606155,0.251883
450.459,292,0.459316,0.382803,-0.0555487,0.247683
451.325,291.5,0.463561,0.391061,-0.0508753,0.243664
452.191,291,0.464758,0.394948,-0.0474436,0.240344
453.057,290.5,0.466231,0.399046,-0.0440178,0.237056
453.923,290,0.467981,0.403355,-0.040598,0.233801
454.789,289.5,0.470013,0.407876,-0.037184,0.230579
455.655,289,0.472325,0.412607,-0.033776,0.227389
456.521,288.5,0.474922,0.41755,-0.030374,0.224232
457.387,288,0.474897,0.419245,-0.0279696,0.221311
458.253,287.5,0.474574,0.42051,-0.0257325,0.218471
459.119,287,0.474418,0.421882,-0.0235046,0.215722
459.985,286.5,0.474424,0.423317,-0.021285,0.213137
460.851,286,0.474541,0.424849,-0.0190708,0.210546
461.717,285.5,0.474772,0.426476,-0.016862,0.207949
462.583,285,0.473807,0.426819,-0.0151277,0.205157
463.449,284.5,0.471841,0.42608,-0.0137849,0.202238
464.315,284,0.469952,0.42539,-0.0124449,0.199358
465.181,283.5,0.468139,0.424749,-0.0111077,0.196518
466.047,283,0.466403,0.424157,-0.00977334,0.193719
466.913,282.5,0.464742,0.423613,-0.00844176,0.190958
467.779,282,0.462816,0.422777,-0.00721756,0.188165
468.645,281.5,0.459789,0.420799,-0.00633561,0.185187
469.512,281,0.456709,0.418727,-0.00543951,0.182267
470.378,280.5,0.453664,0.416667,-0.00454643,0.179385
471.244,280,0.450655,0.41462,-0.00365638,0.176541
472.11,279.5,0.447682,0.412586,-0.00276935,0.173735
472.976,279,0.444743,0.410565,-0.00188535,0.170967
473.842,278.5,0.441066,0.407726,-0.0012796,0.168217
474.708,278,0.437345,0.404814,-0.000703296,0.165515
475.574,277.5,0.433648,0.401903,-0.000131823,0.162862
476.44,277,0.429975,0.398993,0.000434816,0.160259
477.306,276.5,0.426327,0.396084,0.000996621,0.157706
478.172,276,0.422655,0.393133,0.00155774,0.155182
479.038,275.5,0.418728,0.389875,0.00195723,0.152732
