x,v,vx,vy,vz
220.096,425,0.137912,0.137419,0.00452979,-0.010729
220.962,424.5,0.136197,0.135671,0.00466582,-0.0110111
221.828,424,0.134347,0.133785,0.00481307,-0.0112874
222.694,423.5,0.132331,0.131731,0.00497672,-0.0115573
223.56,423,0.130328,0.129686,0.00514156,-0.0118523
224.426,422.5,0.128318,0.12763,0.00530772,-0.0121678
225.292,422,0.126304,0.125564,0.00547519,-0.0125038
226.158,421.5,0.124284,0.123488,0.00564398,-0.0128604
227.024,421,0.122226,0.121369,0.00581676,-0.0132327
227.89,420.5,0.119794,0.11887,0.00602078,-0.0135736
228.756,420,0.117355,0.116358,0.00622644,-0.0139393
229.622,419.5,0.114911,0.113832,0.00643375,-0.0143299
230.488,419,0.112462,0.111293,0.00664269,-0.0147455
231.355,418.5,0.110008,0.108739,0.00685326,-0.0151858
232.221,418,0.107626,0.106247,0.00706059,-0.0156565
233.087,417.5,0.104895,0.103394,0.00729744,-0.0161067
233.953,417,0.102052,0.100415,0.00754512,-0.016572
234.819,416.5,0.0992151,0.0974247,0.00779461,-0.0170676
235.685,416,0.0963854,0.0944239,0.00804591,-0.0175936
236.551,415.5,0.0935654,0.0914122,0.00829901,-0.0181498
237.417,415,0.0907577,0.0883897,0.00855392,-0.0187364
238.283,414.5,0.0876889,0.0850752,0.00883237,-0.0193273
239.149,414,0.084307,0.0814081,0.00913926,-0.0199214
240.015,413.5,0.0809516,0.0777272,0.00944845,-0.0205517
240.881,413,0.0776291,0.0740325,0.00975993,-0.0212182
241.747,412.5,0.0744256,0.070408,0.010072,-0.0219189
242.613,412,0.0712954,0.0667978,0.0103856,-0.0226544
243.479,411.5,0.0681299,0.0630769,0.0107086,-0.0234161
244.345,411,0.0644452,0.0587088,0.0110803,-0.0241595
245.211,410.5,0.0608692,0.0543297,0.0114546,-0.0249426
246.077,410,0.0574265,0.0499397,0.0118316,-0.0257652
246.943,409.5,0.0541471,0.0455387,0.0122112,-0.0266274
247.809,409,0.0510673,0.0411268,0.0125936,-0.0275292
248.675,408.5,0.0482307,0.036704,0.0129786,-0.0284707
249.541,408,0.0451458,0.0315177,0.0134174,-0.0294067
250.407,407.5,0.0424168,0.0261561,0.0138706,-0.0303752
251.273,407,0.0403385,0.0209144,0.0143183,-0.031381
252.139,406.5,0.0389317,0.0156835,0.014768,-0.0324286
253.005,406,0.0382645,0.0104387,0.0152214,-0.0335189
253.871,405.5,0.0383849,0.00517991,0.0156786,-0.0346518
254.737,405,0.0392595,-0.000611751,0.0161691,-0.03577
255.603,404.5,0.0410646,-0.00692671,0.0166934,-0.0368735
256.469,404,0.0437944,-0.0132657,0.0172233,-0.0380174
257.335,403.5,0.0473017,-0.0196288,0.017759,-0.0392018
258.201,403,0.0514396,-0.0260159,0.0183003,-0.0404265
259.067,402.5,0.0560797,-0.0324271,0.0188473,-0.0416917
259.933,402,0.0612529,-0.0391084,0.0194141,-0.0429598
260.799,401.5,0.0673691,-0.0467468,0.0200436,-0.0441768
261.665,401,0.0738728,-0.0544362,0.0206821,-0.0454547
262.531,400.5,0.0806933,-0.0621881,0.0213303,-0.0467875
263.397,400,0.0877761,-0.0700024,0.021988,-0.048175
264.263,399.5,0.0950806,-0.0778793,0.0226554,-0.0496174
265.13,399,0.102576,-0.0858186,0.0233323,-0.0511145
265.996,398.5,0.111076,-0.0950298,0.0240916,-0.0522194
266.862,398,0.11995,-0.104533,0.0248788,-0.0533105
267.728,397.5,0.129065,-0.114164,0.0256844,-0.054449
268.594,397,0.138403,-0.123925,0.0265084,-0.0556347
269.46,396.5,0.147947,-0.133815,0.0273509,-0.0568677
270.326,396,0.157501,-0.143461,0.0281577,-0.0585888
271.192,395.5,0.168117,-0.15443,0.0291248,-0.0597201
272.058,395,0.179743,-0.16655,0.0302208,-0.0604584
272.924,394.5,0.191714,-0.1789,0.0313303,-0.0613792
273.79,394,0.204015,-0.19148,0.0324531,-0.0624826
274.656,393.5,0.216632,-0.204291,0.0335892,-0.0637686
275.522,393,0.229555,-0.217331,0.0347388,-0.0652371
276.388,392.5,0.243345,-0.231285,0.0358513,-0.0666226
277.254,392,0.259337,-0.247694,0.0368318,-0.0674333
278.12,391.5,0.275921,-0.264593,0.0378357,-0.0684946
278.986,391,0.293047,-0.281938,0.0388596,-0.0698386
279.852,390.5,0.309477,-0.298212,0.0397936,-0.0725381
280.718,390,0.326258,-0.31473,0.0407336,-0.075697
281.584,389.5,0.343387,-0.331492,0.0416797,-0.0793154
282.45,389,0.36652,-0.352741,0.0425663,-0.0899904
283.316,388.5,0.390713,-0.374666,0.0435829,-0.101895
284.182,388,0.415592,-0.396972,0.0447384,-0.114579
285.048,387.5,0.441166,-0.41966,0.0460328,-0.128041
285.914,387,0.467447,-0.442729,0.047466,-0.142283
286.78,386.5,0.494443,-0.466181,0.0490381,-0.157303
287.646,386,0.526217,-0.495344,0.0561694,-0.168473
288.512,385.5,0.560628,-0.527518,0.0668502,-0.17765
289.378,385,0.590496,-0.554363,0.0765504,-0.188435
290.244,384.5,0.620018,-0.580077,0.0858904,-0.201387
291.11,384,0.649223,-0.604661,0.09487,-0.216507
291.976,383.5,0.678158,-0.628115,0.103489,-0.233795
292.842,383,0.699389,-0.656149,0.116639,-0.212153
293.708,382.5,0.718466,-0.697502,0.140139,-0.10023
294.574,382,0.757634,-0.739935,0.162621,0.00773238
295.44,381.5,0.812506,-0.78345,0.184085,0.111735
296.306,381,0.87883,-0.828046,0.20453,0.211777
297.172,380.5,0.953061,-0.873723,0.223956,0.307858
298.038,380,1.02892,-0.917757,0.242179,0.397165
298.905,379.5,1.27647,-1.06965,0.22265,0.660042
299.771,379,1.545,-1.22462,0.204058,0.919614
300.637,378.5,1.82253,-1.38148,0.186763,1.17398
301.503,378,2.104,-1.54024,0.170766,1.42315
302.369,377.5,2.38676,-1.70089,0.156067,1.6671
303.235,377,2.66927,-1.86343,0.142666,1.90586
304.101,376.5,2.90063,-2.02759,0.104424,2.07162
304.967,376,3.12632,-2.20453,0.0530888,2.21609
305.833,375.5,3.37403,-2.39653,0.00085982,2.37502
306.699,375,3.64359,-2.60358,-0.0522633,2.5484
307.565,374.5,3.9209,-2.81605,-0.104961,2.72622
308.431,374,4.16625,-3.0074,-0.152747,2.87921
309.297,373.5,4.30629,-3.13696,-0.190907,2.94401
310.163,373,4.26305,-3.15576,-0.216563,2.85795
311.029,372.5,4.25713,-3.19866,-0.247001,2.79835
311.895,372,4.28841,-3.26563,-0.282219,2.76522
312.761,371.5,4.3567,-3.3567,-0.322219,2.75855
313.627,371,4.46179,-3.47185,-0.366999,2.77834
314.493,370.5,4.58981,-3.60135,-0.414167,2.81515
315.359,370,4.46288,-3.54567,-0.414972,2.6783
316.225,369.5,4.35595,-3.49986,-0.417722,2.55946
317.091,369,4.25312,-3.45571,-0.421407,2.44325
317.957,368.5,4.14556,-3.41336,-0.427737,2.31338
318.823,368,4.0817,-3.40093,-0.441131,2.21343
319.689,367.5,4.06116,-3.41844,-0.461591,2.14342
320.555,367,3.95581,-3.36781,-0.462651,2.02292
321.421,366.5,3.82807,-3.29603,-0.456142,1.89267
322.287,366,3.72171,-3.23682,-0.45103,1.78066
323.153,365.5,3.63632,-3.19016,-0.447314,1.68688
324.019,365,3.57145,-3.15607,-0.444994,1.61135
324.885,364.5,3.5267,-3.13454,-0.44407,1.55406
325.751,364,3.46517,-3.09554,-0.43513,1.49521
326.617,363.5,3.34133,-3.00905,-0.415216,1.39201
327.483,363,3.21578,-2.92937,-0.407107,1.26266
328.349,362.5,3.11971,-2.87081,-0.404447,1.15217
329.215,362,3.05264,-2.83337,-0.407237,1.06055
330.081,361.5,3.01399,-2.81705,-0.415475,0.987807
330.947,361,3.00128,-2.81993,-0.42874,0.933742
331.813,360.5,2.98185,-2.81276,-0.440443,0.886455
332.679,360,2.95872,-2.80107,-0.451652,0.83908
333.546,359.5,2.93186,-2.78484,-0.462365,0.791619
334.412,359,2.90123,-2.76408,-0.472583,0.744071
335.278,358.5,2.86681,-2.73879,-0.482307,0.696436
336.144,358,2.7965,-2.67983,-0.495385,0.627298
337.01,357.5,2.70494,-2.59892,-0.519292,0.540935
337.876,357,2.62764,-2.52812,-0.542645,0.467579
338.742,356.5,2.56032,-2.4641,-0.564415,0.406088
339.608,356,2.50236,-2.40686,-0.584602,0.356461
340.474,355.5,2.45316,-2.35639,-0.603207,0.318699
341.34,355,2.41227,-2.31271,-0.620229,0.292802
342.206,354.5,2.37453,-2.27411,-0.618554,0.290207
343.072,354,2.32476,-2.22782,-0.589019,0.307173
343.938,353.5,2.26342,-2.17123,-0.548196,0.329087
344.804,353,2.19113,-2.10435,-0.496086,0.355949
345.67,352.5,1.96731,-1.8973,-0.385212,0.349531
346.536,352,1.59551,-1.55086,-0.213678,0.307946
347.402,351.5,1.24978,-1.21689,-0.039517,0.282081
348.268,351,0.963936,-0.9103,0.110342,0.29724
349.134,350.5,0.76849,-0.657981,0.238672,0.317291
350,350,0.669337,-0.459932,0.345472,0.342234
350.866,349.5,0.651097,-0.316153,0.430743,0.372069
351.732,349,0.679239,-0.226646,0.494484,0.406796
352.598,348.5,0.723855,-0.191409,0.536696,0.446415
353.464,348,0.736415,-0.15913,0.456511,0.555502
354.33,347.5,0.763702,-0.104718,0.343722,0.673892
355.196,347,0.812239,-0.024252,0.211262,0.783908
356.062,346.5,0.879634,0.0625516,0.0812735,0.873635
356.928,346,0.955012,0.143061,-0.0339059,0.943627
357.794,345.5,1.02618,0.217276,-0.134276,0.993883
358.66,345,1.04079,0.269394,-0.171973,0.990501
359.526,344.5,1.01031,0.298313,-0.16313,0.951381
360.392,344,0.977153,0.317315,-0.153988,0.911277
361.258,343.5,0.940563,0.326398,-0.144546,0.870189
362.124,343,0.899967,0.325563,-0.134804,0.828116
362.99,342.5,0.854979,0.314809,-0.124763,0.785059
363.856,342,0.807783,0.297685,-0.112934,0.74239
364.722,341.5,0.779365,0.295479,-0.0931529,0.71514
365.588,341,0.759771,0.296388,-0.0730436,0.695752
366.454,340.5,0.742417,0.296598,-0.0551406,0.678359
367.321,340,0.727154,0.296109,-0.0394438,0.662961
368.187,339.5,0.713846,0.294921,-0.0259534,0.649557
369.053,339,0.702365,0.293034,-0.0146692,0.638147
369.919,338.5,0.699027,0.291661,-0.0117535,0.635165
370.785,338,0.695712,0.289528,-0.0102247,0.632522
371.651,337.5,0.691562,0.286487,-0.00930405,0.629362
372.517,337,0.686578,0.282539,-0.00899147,0.625684
373.383,336.5,0.680767,0.277682,-0.009287,0.62149
374.249,336,0.672552,0.269457,-0.0108932,0.616117
375.115,335.5,0.659451,0.25864,-0.012156,0.606492
375.981,335,0.644074,0.247364,-0.0129311,0.594538
376.847,334.5,0.629209,0.236451,-0.0136294,0.582931
377.713,334,0.614852,0.225898,-0.0142509,0.571673
378.579,333.5,0.601001,0.215707,-0.0147956,0.560762
379.445,333,0.587655,0.205877,-0.0152636,0.5502
380.311,332.5,0.574695,0.197249,-0.0155994,0.539559
381.177,332,0.561923,0.191125,-0.0157526,0.528186
382.043,331.5,0.549652,0.185137,-0.0159002,0.517289
382.909,331,0.537881,0.179284,-0.0160422,0.506869
383.775,330.5,0.527217,0.172927,-0.0160656,0.497791
384.641,330,0.517097,0.166441,-0.0160519,0.489315
385.507,329.5,0.507252,0.160073,-0.0160475,0.481066
386.373,329,0.497155,0.155029,-0.0155177,0.47211
387.239,328.5,0.487284,0.150111,-0.0150124,0.463343
388.105,328,0.477666,0.145261,-0.0145583,0.45481
388.971,327.5,0.468301,0.140478,-0.0141554,0.44651
389.837,327,0.459189,0.135762,-0.0138037,0.438444
390.703,326.5,0.450332,0.131113,-0.0135033,0.430611
391.569,326,0.441802,0.127052,-0.0131743,0.422934
392.435,325.5,0.433513,0.123327,-0.0128515,0.415402
393.301,325,0.425456,0.119296,-0.0125293,0.408196
394.167,324.5,0.417577,0.115212,-0.0122226,0.401182
395.033,324,0.409862,0.111172,-0.0119429,0.394316
395.899,323.5,0.402312,0.107175,-0.0116902,0.387597
396.765,323,0.394887,0.103336,-0.0114521,0.380955
397.631,322.5,0.387528,0.0997831,-0.0112173,0.374293
398.497,322,0.380307,0.0962832,-0.0110123,0.367752
399.363,321.5,0.373225,0.0928359,-0.0108372,0.361332
400.229,321,0.366282,0.0894413,-0.010692,0.355033
401.095,320.5,0.359478,0.0860992,-0.0105767,0.348855
401.962,320,0.352813,0.0828134,-0.0104917,0.342795
402.828,319.5,0.346383,0.0795934,-0.0103696,0.336954
403.694,319,0.340085,0.07636,-0.0102422,0.331243
404.56,318.5,0.333891,0.0731799,-0.0101291,0.325615
405.426,318,0.3278,0.0700531,-0.0100303,0.32007
406.292,317.5,0.321812,0.0669797,-0.00994578,0.314607
407.158,317,0.315927,0.0639595,-0.00987555,0.309227
408.024,316.5,0.310004,0.0611767,-0.00983593,0.303748
408.89,316,0.304109,0.0585254,-0.00981729,0.298263
409.756,315.5,0.298303,0.0559244,-0.00981239,0.292849
410.622,315,0.292585,0.0533738,-0.00982123,0.287508
411.488,314.5,0.286956,0.0508734,-0.0098438,0.282238
412.354,314,0.281444,0.0482549,-0.00981559,0.277103
413.22,313.5,0.27594,0.0457872,-0.00980024,0.271938
414.086,313,0.270391,0.0435623,-0.00981093,0.266678
414.952,312.5,0.264904,0.0413779,-0.00982368,0.261468
415.818,312,0.259479,0.039234,-0.00983849,0.256306
416.684,311.5,0.254115,0.0371307,-0.00985534,0.251194
417.55,311,0.248813,0.035068,-0.00987425,0.246132
418.416,310.5,0.243558,0.0330648,-0.00989673,0.2411
419.282,310,0.238148,0.0313758,-0.00994244,0.235863
420.148,309.5,0.23279,0.0297281,-0.00998909,0.230668
421.014,309,0.227485,0.0281217,-0.0100367,0.225517
421.88,308.5,0.222363,0.0264901,-0.0100462,0.22055
422.746,308,0.217286,0.0249038,-0.0100543,0.21562
423.612,307.5,0.212251,0.023365,-0.0100622,0.210721
424.478,307,0.207092,0.02213,-0.0100908,0.205658
425.344,306.5,0.201913,0.0210268,-0.0101229,0.20056
426.21,306,0.19677,0.0199702,-0.0101511,0.19549
427.076,305.5,0.191662,0.0189601,-0.0101754,0.19045
427.942,305,0.186588,0.0179965,-0.0101959,0.185438
428.808,304.5,0.181549,0.0170794,-0.0102124,0.180455
429.674,304,0.176435,0.0163703,-0.0102303,0.175376
430.54,303.5,0.171219,0.0159141,-0.0102483,0.17017
431.406,303,0.166277,0.0154436,-0.0102517,0.165241
432.272,302.5,0.161378,0.0150182,-0.0102508,0.16035
433.138,302,0.156522,0.014638,-0.0102456,0.155498
434.004,301.5,0.151708,0.0143028,-0.0102362,0.150685
434.87,301,0.146914,0.0140648,-0.0102227,0.145881
435.737,300.5,0.141997,0.0142482,-0.0102062,0.140911
436.603,300,0.137131,0.014474,-0.010183,0.135984
437.469,299.5,0.132315,0.0147421,-0.0101531,0.131099
438.335,299,0.127552,0.0150525,-0.0101167,0.126256
439.201,298.5,0.122843,0.0154053,-0.0100736,0.121456
440.067,298,0.118205,0.0157927,-0.0100228,0.116716
440.933,297.5,0.113667,0.0165045,-0.00994795,0.112021
441.799,297,0.109173,0.017331,-0.00986606,0.107336
442.665,296.5,0.104754,0.0181852,-0.00977878,0.102699
443.531,296,0.100416,0.0190672,-0.0096861,0.0981119
444.397,295.5,0.0961612,0.0199768,-0.00958804,0.0935733
445.263,295,0.091996,0.0209141,-0.00948458,0.0890837
446.129,294.5,0.0879277,0.022107,-0.00936574,0.0845864
446.995,294,0.0839862,0.0235563,-0.00923145,0.0800847
447.861,293.5,0.0801884,0.0250243,-0.00909213,0.0756393
448.727,293,0.0765472,0.026511,-0.00894779,0.0712501
449.593,292.5,0.0731137,0.0279991,-0.00880397,0.0669638
450.459,292,0.0700542,0.0294109,-0.00868604,0.0629852
451.325,291.5,0.0672026,0.0309141,-0.00856094,0.0590527
452.191,291,0.0646973,0.0327841,-0.00841482,0.0551374
453.057,290.5,0.0624449,0.0346591,-0.00826599,0.0512814
453.923,290,0.0604628,0.0365389,-0.00811446,0.0474849
454.789,289.5,0.0587673,0.0384236,-0.00796022,0.0437476
455.655,289,0.0573728,0.0403132,-0.00780327,0.0400698
456.521,288.5,0.0562905,0.0422078,-0.00764361,0.0364513
457.387,288,0.0558169,0.0444532,-0.00745891,0.0329211
458.253,287.5,0.0557317,0.0467485,-0.00726838,0.029458
459.119,287,0.0559666,0.049005,-0.00707854,0.0260895
459.985,286.5,0.0564511,0.0511366,-0.00689789,0.0228953
460.851,286,0.057201,0.0532579,-0.00671665,0.0197595
461.717,285.5,0.0581956,0.055369,-0.00653484,0.0166821
462.583,285,0.0596054,0.0576579,-0.00634118,0.0137171
463.449,284.5,0.0613655,0.0600849,-0.00613836,0.0108562
464.315,284,0.0632883,0.0624923,-0.00593593,0.00805534
465.181,283.5,0.0653496,0.0648802,-0.00573388,0.0053144
466.047,283,0.0675272,0.0672487,-0.00553223,0.00263341
466.913,282.5,0.0698014,0.0695976,-0.00533095,1.23696e-05
467.779,282,0.0722192,0.0719932,-0.00512534,-0.00251247
468.645,281.5,0.0748602,0.0745427,-0.00491898,-0.0048207
469.512,281,0.0774245,0.0769629,-0.00474868,-0.00698023
470.378,280.5,0.0800049,0.0793547,-0.00457913,-0.00909078
471.244,280,0.0825936,0.0817183,-0.00441033,-0.0111524
472.11,279.5,0.085184,0.0840536,-0.00424227,-0.013165
472.976,279,0.0877704,0.0863606,-0.00407495,-0.0151286
473.842,278.5,0.0905053,0.0888345,-0.00389668,-0.016866
474.708,278,0.0932289,0.0912908,-0.00371904,-0.0185418
475.574,277.5,0.0959238,0.0937118,-0.00354313,-0.0201721
476.44,277,0.0985874,0.0960976,-0.00336894,-0.0217571
477.306,276.5,0.101217,0.0984481,-0.00319648,-0.0232965
478.172,276,0.103777,0.100729,-0.00303532,-0.0247802
479.038,275.5,0.106291,0.103002,-0.00288791,-0.0260751
