x,v,vx,vy,vz
220.096,425,0.229547,-0.108614,-0.0297575,0.200024
220.962,424.5,0.23119,-0.10363,-0.0334279,0.203942
221.828,424,0.231921,-0.0969318,-0.0373692,0.207353
222.694,423.5,0.23112,-0.0873975,-0.0423621,0.209723
223.56,423,0.230694,-0.0771146,-0.0479737,0.212065
224.426,422.5,0.230828,-0.0661744,-0.0538514,0.214483
225.292,422,0.231638,-0.0545769,-0.0599953,0.216975
226.158,421.5,0.233238,-0.0423223,-0.0664052,0.219543
227.024,421,0.235416,-0.0291367,-0.0729969,0.221908
227.89,420.5,0.23504,-0.0121376,-0.0787838,0.22111
228.756,420,0.235899,0.00571274,-0.0845955,0.220134
229.622,419.5,0.238174,0.0244144,-0.090432,0.218982
230.488,419,0.242029,0.0439673,-0.0962932,0.217652
231.355,418.5,0.247594,0.0643715,-0.102179,0.216145
232.221,418,0.255257,0.0862075,-0.107059,0.215088
233.087,417.5,0.260891,0.108112,-0.108982,0.210947
233.953,417,0.266585,0.129942,-0.109457,0.205431
234.819,416.5,0.273437,0.151908,-0.10905,0.199499
235.685,416,0.281425,0.17401,-0.107762,0.193152
236.551,415.5,0.290525,0.196248,-0.105593,0.18639
237.417,415,0.300713,0.218622,-0.102543,0.179213
238.283,414.5,0.309149,0.238409,-0.099049,0.170069
239.149,414,0.314792,0.254697,-0.0955714,0.158396
240.015,413.5,0.320895,0.27065,-0.0917194,0.145979
240.881,413,0.327481,0.286266,-0.0874931,0.132818
241.747,412.5,0.329564,0.296242,-0.0792152,0.120739
242.613,412,0.330481,0.304489,-0.0696626,0.10794
243.479,411.5,0.331345,0.311864,-0.0603287,0.0942897
244.345,411,0.329763,0.31476,-0.0538637,0.0822708
245.211,410.5,0.327939,0.316975,-0.0476964,0.0692546
246.077,410,0.325957,0.318507,-0.0418268,0.0552413
246.943,409.5,0.323918,0.319358,-0.0362549,0.0402308
247.809,409,0.321938,0.319527,-0.0309807,0.0242232
248.675,408.5,0.320154,0.319014,-0.0260042,0.0072183
249.541,408,0.320307,0.319415,-0.0230972,-0.00608829
250.407,407.5,0.321118,0.31988,-0.0210221,-0.0187621
251.273,407,0.318264,0.316194,-0.0202511,-0.0300573
252.139,406.5,0.31491,0.311561,-0.0197153,-0.0413433
253.005,406,0.311835,0.306708,-0.019227,-0.0529326
253.871,405.5,0.309092,0.301633,-0.0187862,-0.0648253
254.737,405,0.308144,0.298205,-0.0202433,-0.0749412
255.603,404.5,0.308835,0.296476,-0.0238911,-0.0831277
256.469,404,0.309776,0.294676,-0.0280559,-0.0913233
257.335,403.5,0.310986,0.292805,-0.0327377,-0.0995281
258.201,403,0.312489,0.290864,-0.0379366,-0.107742
259.067,402.5,0.314306,0.288851,-0.0436525,-0.115965
259.933,402,0.316794,0.287418,-0.0497324,-0.123597
260.799,401.5,0.324285,0.291045,-0.0577755,-0.130826
261.665,401,0.331906,0.294394,-0.0657877,-0.13844
262.531,400.5,0.339285,0.297197,-0.0735178,-0.146231
263.397,400,0.346418,0.299454,-0.080966,-0.154199
264.263,399.5,0.353302,0.301164,-0.0881321,-0.162343
265.13,399,0.359939,0.302327,-0.0950163,-0.170664
265.996,398.5,0.3655,0.303171,-0.0977596,-0.179223
266.862,398,0.370831,0.30386,-0.0996318,-0.187772
267.728,397.5,0.37605,0.304384,-0.101161,-0.196292
268.594,397,0.381156,0.304746,-0.102346,-0.204781
269.46,396.5,0.386148,0.304943,-0.103189,-0.213241
270.326,396,0.395323,0.311828,-0.104715,-0.219269
271.192,395.5,0.402066,0.317731,-0.103337,-0.223665
272.058,395,0.406801,0.322811,-0.0999564,-0.226472
272.924,394.5,0.41156,0.328178,-0.0968694,-0.228686
273.79,394,0.416336,0.333832,-0.0940757,-0.230309
274.656,393.5,0.421129,0.339773,-0.0915753,-0.231339
275.522,393,0.425939,0.346001,-0.0893681,-0.231777
276.388,392.5,0.430121,0.352193,-0.0876484,-0.230828
277.254,392,0.432725,0.357713,-0.0869588,-0.227444
278.12,391.5,0.435925,0.363544,-0.0868062,-0.224347
278.986,391,0.439655,0.369605,-0.0869084,-0.221667
279.852,390.5,0.441487,0.372923,-0.0779216,-0.223085
280.718,390,0.442685,0.375462,-0.0677715,-0.224512
281.584,389.5,0.443323,0.377221,-0.0564582,-0.225946
282.45,389,0.440807,0.373345,-0.0402487,-0.230878
283.316,388.5,0.436874,0.367084,-0.0234836,-0.235706
284.182,388,0.431759,0.358736,-0.00645339,-0.240171
285.048,387.5,0.425561,0.348302,0.0108419,-0.244275
285.914,387,0.418411,0.33578,0.0284023,-0.248018
286.78,386.5,0.410474,0.321171,0.0462277,-0.251399
287.646,386,0.3988,0.299477,0.0634384,-0.255599
288.512,385.5,0.385207,0.274185,0.0785395,-0.258918
289.378,385,0.366718,0.251169,0.0878289,-0.252354
290.244,384.5,0.350126,0.23013,0.0958075,-0.245865
291.11,384,0.335243,0.211067,0.102475,-0.239452
291.976,383.5,0.321868,0.193981,0.107832,-0.233115
292.842,383,0.309435,0.17875,0.111078,-0.226848
293.708,382.5,0.297684,0.165323,0.111701,-0.220924
294.574,382,0.287517,0.154037,0.111795,-0.215501
295.44,381.5,0.278818,0.144892,0.11136,-0.210582
296.306,381,0.271485,0.137888,0.110395,-0.206164
297.172,380.5,0.265444,0.133026,0.108901,-0.20225
298.038,380,0.259858,0.130222,0.107055,-0.197757
298.905,379.5,0.252787,0.125017,0.109172,-0.190666
299.771,379,0.246559,0.119858,0.111135,-0.184593
300.637,378.5,0.241136,0.114772,0.112911,-0.179514
301.503,378,0.236501,0.10976,0.114501,-0.175428
302.369,377.5,0.23264,0.104822,0.115905,-0.172336
303.235,377,0.229543,0.0999571,0.117121,-0.170239
304.101,376.5,0.227063,0.0887535,0.120512,-0.170755
304.967,376,0.22685,0.0757207,0.124759,-0.173673
305.833,375.5,0.2291,0.0641668,0.12871,-0.178335
306.699,375,0.233614,0.0540919,0.132365,-0.18474
307.565,374.5,0.238971,0.0445396,0.135546,-0.191704
308.431,374,0.241577,0.0324607,0.137689,-0.195824
309.297,373.5,0.246274,0.014493,0.139213,-0.202635
310.163,373,0.256197,-0.013127,0.140404,-0.213895
311.029,372.5,0.270518,-0.0385101,0.141729,-0.227177
311.895,372,0.288274,-0.0616564,0.143189,-0.242481
312.761,371.5,0.308672,-0.0825658,0.144784,-0.259806
313.627,371,0.331121,-0.101238,0.146512,-0.279152
314.493,370.5,0.355855,-0.118086,0.147449,-0.301574
315.359,370,0.396942,-0.142124,0.129974,-0.347089
316.225,369.5,0.441502,-0.165611,0.113914,-0.393091
317.091,369,0.488148,-0.189125,0.0995952,-0.438864
317.957,368.5,0.535378,-0.21303,0.0872201,-0.483363
318.823,368,0.583532,-0.235558,0.075789,-0.528468
319.689,367.5,0.632331,-0.256708,0.065302,-0.574177
320.555,367,0.667203,-0.265519,0.0408169,-0.610732
321.421,366.5,0.699973,-0.270334,0.0108021,-0.645573
322.287,366,0.73621,-0.275399,-0.0194024,-0.682484
323.153,365.5,0.775752,-0.280714,-0.0497967,-0.721464
324.019,365,0.818441,-0.28628,-0.0803808,-0.762514
324.885,364.5,0.86413,-0.292096,-0.111155,-0.805633
325.751,364,0.894089,-0.296211,-0.134175,-0.832857
326.617,363.5,0.901825,-0.298411,-0.14612,-0.838384
327.483,363,0.914773,-0.29917,-0.159413,-0.849644
328.349,362.5,0.931935,-0.298883,-0.17584,-0.865015
329.215,362,0.953442,-0.297552,-0.195401,-0.884496
330.081,361.5,0.979448,-0.295175,-0.218095,-0.908088
330.947,361,1.00743,-0.292077,-0.240394,-0.933709
331.813,360.5,1.01547,-0.291684,-0.233935,-0.944131
332.679,360,1.02645,-0.291868,-0.229323,-0.956984
333.546,359.5,1.04032,-0.292627,-0.226559,-0.97227
334.412,359,1.05707,-0.293962,-0.225642,-0.989987
335.278,358.5,1.07669,-0.295873,-0.226573,-1.01014
336.144,358,1.09694,-0.292461,-0.226405,-1.03271
337.01,357.5,1.09035,-0.279787,-0.214422,-1.0318
337.876,357,1.07002,-0.258266,-0.200929,-1.01876
338.742,356.5,1.0426,-0.227188,-0.188469,-0.999944
339.608,356,1.0087,-0.186552,-0.177041,-0.975357
340.474,355.5,0.969218,-0.136359,-0.166646,-0.944997
341.34,355,0.92555,-0.0766081,-0.157283,-0.908865
342.206,354.5,0.835166,-0.00753227,-0.101975,-0.828882
343.072,354,0.692166,0.0586241,0.0159436,-0.689495
343.938,353.5,0.562062,0.11774,0.147942,-0.529305
344.804,353,0.486423,0.169816,0.29402,-0.348314
345.67,352.5,0.513351,0.213342,0.433399,-0.173724
346.536,352,0.59705,0.242628,0.544749,-0.0291515
347.402,351.5,0.670451,0.240887,0.62113,0.0753313
348.268,351,0.574984,0.144637,0.555935,-0.0249499
349.134,350.5,0.503735,0.0483908,0.474213,-0.162877
350,350,0.508122,-0.0478519,0.375964,-0.338451
350.866,349.5,0.627154,-0.144091,0.261188,-0.551671
351.732,349,0.847757,-0.240327,0.129884,-0.802537
352.598,348.5,1.14192,-0.336559,-0.0179474,-1.09105
353.464,348,1.11457,-0.380054,-0.0558327,-1.04629
354.33,347.5,0.97716,-0.411948,-0.0471848,-0.884824
355.196,347,0.799863,-0.433662,-0.0112759,-0.672005
356.062,346.5,0.611747,-0.435351,0.0429884,-0.427616
356.928,346,0.462382,-0.421009,0.112051,-0.154897
357.794,345.5,0.460803,-0.390637,0.195912,0.146153
358.66,345,0.517859,-0.337118,0.22336,0.323481
359.526,344.5,0.512638,-0.286371,0.194408,0.378147
360.392,344,0.536446,-0.252538,0.170433,0.441533
361.258,343.5,0.585042,-0.235621,0.151437,0.513637
362.124,343,0.654052,-0.235619,0.137419,0.594461
362.99,342.5,0.740347,-0.252531,0.12838,0.684003
363.856,342,0.823717,-0.272687,0.119322,0.768058
364.722,341.5,0.840695,-0.252433,0.092858,0.796507
365.588,341,0.859441,-0.233916,0.0667075,0.824301
366.454,340.5,0.884981,-0.214745,0.0414254,0.857531
367.321,340,0.917307,-0.194921,0.0170117,0.896196
368.187,339.5,0.956364,-0.174443,-0.00653365,0.940297
369.053,339,1.00206,-0.153311,-0.0292106,0.989833
369.919,338.5,1.00707,-0.130569,-0.035076,0.997957
370.785,338,1.00739,-0.108883,-0.0395459,1.00071
371.651,337.5,1.00798,-0.0884571,-0.0444934,1.00311
372.517,337,1.00877,-0.0692927,-0.0499187,1.00515
373.383,336.5,1.00968,-0.0513894,-0.0558216,1.00683
374.249,336,1.01063,-0.0329358,-0.0615819,1.00821
375.115,335.5,0.998745,-0.00534022,-0.0639141,0.996684
375.981,335,0.977748,0.0281133,-0.0639944,0.975246
376.847,334.5,0.956635,0.0610513,-0.0642624,0.952519
377.713,334,0.935439,0.0934738,-0.0647182,0.928504
378.579,333.5,0.9142,0.125381,-0.0653617,0.9032
379.445,333,0.892971,0.156772,-0.0661929,0.876606
380.311,332.5,0.873519,0.183101,-0.0658187,0.851573
381.177,332,0.858349,0.1968,-0.0617567,0.833198
382.043,331.5,0.842576,0.210383,-0.0577484,0.813842
382.909,331,0.82623,0.223851,-0.053794,0.793506
383.775,330.5,0.808065,0.237616,-0.0495661,0.770747
384.641,330,0.789182,0.251099,-0.045204,0.746802
385.507,329.5,0.770142,0.264086,-0.0408259,0.722295
386.373,329,0.760588,0.272391,-0.0374016,0.709153
387.239,328.5,0.751573,0.280118,-0.0340747,0.696588
388.105,328,0.742629,0.287472,-0.0308001,0.684039
388.971,327.5,0.733745,0.294451,-0.0275777,0.671505
389.837,327,0.72491,0.301058,-0.0244075,0.658987
390.703,326.5,0.716116,0.307291,-0.0212896,0.646484
391.569,326,0.707402,0.311065,-0.0189444,0.635057
392.435,325.5,0.69884,0.313435,-0.0170356,0.624376
393.301,325,0.689485,0.315097,-0.0149434,0.613091
394.167,324.5,0.68,0.316355,-0.0128522,0.601792
395.033,324,0.670637,0.317343,-0.0108245,0.590703
395.899,323.5,0.66139,0.318064,-0.00886021,0.579822
396.765,323,0.651705,0.318107,-0.00721114,0.568748
397.631,322.5,0.641014,0.317079,-0.00611144,0.557066
398.497,322,0.630472,0.315855,-0.00501753,0.545624
399.363,321.5,0.620072,0.314435,-0.0039294,0.53442
400.229,321,0.609812,0.312819,-0.00284706,0.523456
401.095,320.5,0.599686,0.311008,-0.00177051,0.512732
401.962,320,0.589689,0.309,-0.000705968,0.502247
402.828,319.5,0.579093,0.306046,-0.000234446,0.491615
403.694,319,0.568533,0.302849,0.00024553,0.481157
404.56,318.5,0.558149,0.299547,0.00072583,0.470958
405.426,318,0.547939,0.296141,0.00120645,0.461016
406.292,317.5,0.5379,0.292631,0.0016874,0.451332
407.158,317,0.52803,0.289016,0.00216867,0.441906
408.024,316.5,0.518712,0.285642,0.00235931,0.432972
408.89,316,0.509707,0.28233,0.00243189,0.424364
409.756,315.5,0.500842,0.27893,0.00251583,0.415975
410.622,315,0.492115,0.27544,0.00261112,0.407803
411.488,314.5,0.483524,0.271862,0.00271776,0.399848
412.354,314,0.474586,0.267621,0.00282305,0.391922
413.22,313.5,0.465995,0.263555,0.00287256,0.384294
414.086,313,0.457934,0.259906,0.00283345,0.377021
414.952,312.5,0.450001,0.256217,0.00279951,0.369927
415.818,312,0.442194,0.252489,0.00277076,0.363011
416.684,311.5,0.434513,0.248722,0.00274718,0.356274
417.55,311,0.426957,0.244915,0.00272878,0.349717
418.416,310.5,0.419559,0.241114,0.00271542,0.343346
419.282,310,0.412739,0.237922,0.00270372,0.337253
420.148,309.5,0.406017,0.234694,0.0026946,0.331303
421.014,309,0.399393,0.231431,0.00268806,0.325496
421.88,308.5,0.392535,0.227712,0.00265428,0.319725
422.746,308,0.385778,0.22397,0.00261982,0.314094
423.612,307.5,0.379132,0.220221,0.0025856,0.308605
424.478,307,0.372894,0.216915,0.00255012,0.303301
425.344,306.5,0.366844,0.213748,0.00251248,0.298127
426.21,306,0.360881,0.210572,0.0024729,0.293068
427.076,305.5,0.355005,0.207386,0.00243136,0.288121
427.942,305,0.349216,0.204191,0.00238788,0.283289
428.808,304.5,0.343514,0.200985,0.00234245,0.27857
429.674,304,0.338025,0.198,0.00228971,0.273956
430.54,303.5,0.33277,0.195295,0.00222661,0.269427
431.406,303,0.327371,0.192287,0.00214702,0.264939
432.272,302.5,0.322048,0.189287,0.00206392,0.26054
433.138,302,0.316803,0.186295,0.00197731,0.256231
434.004,301.5,0.311635,0.183311,0.00188718,0.252012
434.87,301,0.306575,0.180394,0.00179146,0.247877
435.737,300.5,0.301802,0.177912,0.00167691,0.243781
436.603,300,0.297095,0.175436,0.00155846,0.23976
437.469,299.5,0.292453,0.172967,0.00143611,0.235816
438.335,299,0.287877,0.170504,0.00130986,0.231947
439.201,298.5,0.283366,0.168049,0.00117971,0.228154
440.067,298,0.278903,0.165578,0.00104589,0.224432
440.933,297.5,0.274499,0.163282,0.000904271,0.220654
441.799,297,0.270195,0.16109,0.000757858,0.216921
442.665,296.5,0.265949,0.158912,0.000608219,0.21325
443.531,296,0.261764,0.15675,0.000455355,0.209641
444.397,295.5,0.257638,0.154604,0.000299265,0.206094
445.263,295,0.253571,0.152472,0.000139949,0.202609
446.129,294.5,0.249655,0.150568,-2.36222e-05,0.199141
446.995,294,0.24589,0.148898,-0.000191139,0.195682
447.861,293.5,0.242178,0.147239,-0.00036142,0.192278
448.727,293,0.238519,0.145593,-0.000534466,0.188928
449.593,292.5,0.23489,0.143931,-0.000704377,0.185625
450.459,292,0.231183,0.142129,-0.000844407,0.18233
451.325,291.5,0.227561,0.140418,-0.000984117,0.179069
452.191,291,0.224134,0.139056,-0.00111695,0.175779
453.057,290.5,0.220759,0.137711,-0.00125079,0.172536
453.923,290,0.217436,0.136381,-0.00138564,0.169342
454.789,289.5,0.214165,0.135066,-0.0015215,0.166197
455.655,289,0.210946,0.133768,-0.00165837,0.1631
456.521,288.5,0.207778,0.132485,-0.00179625,0.160051
457.387,288,0.20482,0.131544,-0.00192544,0.156983
458.253,287.5,0.201937,0.130668,-0.00205339,0.153949
459.119,287,0.199079,0.129774,-0.0021778,0.150952
459.985,286.5,0.196175,0.128781,-0.00228914,0.14797
460.851,286,0.19332,0.127801,-0.00240109,0.14503
461.717,285.5,0.190513,0.126834,-0.00251365,0.142134
462.583,285,0.187854,0.12607,-0.00261755,0.139243
463.449,284.5,0.185326,0.125473,-0.00271377,0.136364
464.315,284,0.182848,0.124885,-0.00280982,0.133527
465.181,283.5,0.18042,0.124306,-0.0029057,0.130732
466.047,283,0.178041,0.123737,-0.0030014,0.127979
466.913,282.5,0.17571,0.123177,-0.00309694,0.125268
467.779,282,0.173475,0.122699,-0.00318935,0.12259
468.645,281.5,0.171418,0.122445,-0.00325785,0.119919
469.512,281,0.169345,0.122121,-0.00329124,0.117275
470.378,280.5,0.167318,0.121802,-0.00332316,0.114668
471.244,280,0.165339,0.121488,-0.00335361,0.1121
472.11,279.5,0.163405,0.121179,-0.00338258,0.10957
472.976,279,0.161518,0.120875,-0.00341008,0.107078
473.842,278.5,0.159859,0.120834,-0.003426,0.104606
474.708,278,0.158262,0.120816,-0.00343871,0.10217
475.574,277.5,0.156712,0.120799,-0.00344906,0.0997709
476.44,277,0.155206,0.120783,-0.00345707,0.0974094
477.306,276.5,0.153746,0.120767,-0.00346273,0.0950854
478.172,276,0.15231,0.120721,-0.00346905,0.0928044
479.038,275.5,0.151002,0.12077,-0.00347266,0.0905765
