x,v,vx,vy,vz
220.096,425,0.1424,-0.105081,0.0159329,0.0947723
220.962,424.5,0.149203,-0.111249,0.0161066,0.0981099
221.828,424,0.156118,-0.117324,0.0162331,0.101707
222.694,423.5,0.163263,-0.123407,0.0162793,0.105644
223.56,423,0.170619,-0.129676,0.0163162,0.109676
224.426,422.5,0.178121,-0.136028,0.0163461,0.113826
225.292,422,0.18577,-0.142464,0.0163692,0.118095
226.158,421.5,0.193562,-0.148984,0.0163853,0.122482
227.024,421,0.201458,-0.155509,0.0163763,0.12702
227.89,420.5,0.209034,-0.161221,0.0161507,0.132069
228.756,420,0.216736,-0.166969,0.0159036,0.137269
229.622,419.5,0.224563,-0.172753,0.015635,0.14262
230.488,419,0.232517,-0.178573,0.0153451,0.148122
231.355,418.5,0.240597,-0.184428,0.0150337,0.153775
232.221,418,0.249112,-0.190687,0.0146149,0.159631
233.087,417.5,0.256761,-0.195518,0.0136983,0.165866
233.953,417,0.264176,-0.199778,0.0125516,0.172396
234.819,416.5,0.271706,-0.203943,0.0112949,0.179176
235.685,416,0.279358,-0.208012,0.00992821,0.186207
236.551,415.5,0.287136,-0.211985,0.00845148,0.193489
237.417,415,0.295049,-0.215863,0.00686472,0.201022
238.283,414.5,0.301527,-0.217863,0.00468709,0.208405
239.149,414,0.306126,-0.217398,0.00176829,0.215518
240.015,413.5,0.310718,-0.21654,-0.00132932,0.222832
240.881,413,0.315327,-0.21529,-0.00460574,0.230347
241.747,412.5,0.320487,-0.213806,-0.00896719,0.238577
242.613,412,0.325863,-0.211762,-0.0139246,0.247285
243.479,411.5,0.330445,-0.208286,-0.019397,0.255802
244.345,411,0.329187,-0.198906,-0.0261716,0.260989
245.211,410.5,0.327676,-0.188426,-0.0332826,0.266007
246.077,410,0.32603,-0.176846,-0.0407302,0.270855
246.943,409.5,0.32438,-0.164166,-0.0485142,0.275533
247.809,409,0.322872,-0.150386,-0.0566346,0.280041
248.675,408.5,0.321668,-0.135507,-0.0650916,0.284378
249.541,408,0.313719,-0.118174,-0.0734315,0.281181
250.407,407.5,0.304244,-0.0995953,-0.0817949,0.275599
251.273,407,0.293941,-0.077642,-0.0924209,0.268014
252.139,406.5,0.283688,-0.0538232,-0.103054,0.25877
253.005,406,0.274151,-0.0285493,-0.113252,0.248027
253.871,405.5,0.265954,-0.00182041,-0.123015,0.235787
254.737,405,0.257871,0.0229821,-0.13179,0.220455
255.603,404.5,0.250167,0.0448681,-0.139684,0.20263
256.469,404,0.244967,0.0667474,-0.147262,0.184032
257.335,403.5,0.242578,0.0886201,-0.154524,0.16466
258.201,403,0.243237,0.110486,-0.161469,0.144516
259.067,402.5,0.24708,0.132346,-0.168097,0.123598
259.933,402,0.256275,0.154557,-0.175668,0.104545
260.799,401.5,0.268201,0.174173,-0.181597,0.092833
261.665,401,0.279828,0.192547,-0.187028,0.0790531
262.531,400.5,0.292037,0.210077,-0.192677,0.0634748
263.397,400,0.304902,0.226762,-0.198543,0.0460979
264.263,399.5,0.318516,0.242602,-0.204626,0.0269225
265.13,399,0.332989,0.257597,-0.210927,0.00594855
265.996,398.5,0.341713,0.265157,-0.215306,-0.0101289
266.862,398,0.34874,0.269619,-0.219649,-0.0260648
267.728,397.5,0.354953,0.271803,-0.224254,-0.042716
268.594,397,0.360461,0.271709,-0.229121,-0.0600824
269.46,396.5,0.365411,0.269338,-0.23425,-0.0781641
270.326,396,0.366739,0.272503,-0.228726,-0.0890194
271.192,395.5,0.366314,0.282162,-0.215543,-0.0900638
272.058,395,0.362094,0.293259,-0.195142,-0.0838484
272.924,394.5,0.355609,0.300746,-0.173024,-0.0779265
273.79,394,0.346813,0.304622,-0.149191,-0.0722982
274.656,393.5,0.335748,0.304886,-0.123641,-0.0669635
275.522,393,0.322566,0.30154,-0.0963753,-0.0619223
276.388,392.5,0.301482,0.288604,-0.0638218,-0.0593763
277.254,392,0.26155,0.25261,-0.0201991,-0.0647198
278.12,391.5,0.223786,0.210678,0.0229015,-0.0719084
278.986,391,0.192581,0.162359,0.0651325,-0.0805288
279.852,390.5,0.157148,0.100889,0.0941226,-0.0752192
280.718,390,0.143654,0.0464976,0.11882,-0.0660034
281.584,389.5,0.148931,-0.000815591,0.139224,-0.0528814
282.45,389,0.148452,-0.034424,0.140097,-0.0350123
283.316,388.5,0.152607,-0.0618121,0.138394,-0.017761
284.182,388,0.158968,-0.0834882,0.135273,-0.00134128
285.048,387.5,0.16488,-0.0994523,0.130735,0.0142469
285.914,387,0.16866,-0.109704,0.12478,0.0290036
286.78,386.5,0.16935,-0.114245,0.117408,0.0429288
287.646,386,0.158498,-0.10726,0.105289,0.0503089
288.512,385.5,0.140083,-0.09309,0.0906175,0.0524013
289.378,385,0.115817,-0.071204,0.0766408,0.0496968
290.244,384.5,0.0920326,-0.0485874,0.0633167,0.0458286
291.11,384,0.0697595,-0.0252403,0.0506452,0.0407967
291.976,383.5,0.0518707,-0.00116264,0.0386263,0.0346011
292.842,383,0.0446619,0.0246498,0.0270027,0.02565
293.708,382.5,0.0563445,0.0526185,0.0158199,0.0124793
294.574,382,0.0802172,0.0799967,0.00586265,-0.000981946
295.44,381.5,0.107834,0.106784,-0.002869,-0.0147336
296.306,381,0.136454,0.132982,-0.0103751,-0.0287758
297.172,380.5,0.165185,0.158589,-0.0166555,-0.0431085
298.038,380,0.193167,0.183143,-0.0210656,-0.0576945
298.905,379.5,0.219528,0.205102,-0.0211134,-0.0753645
299.771,379,0.244398,0.225372,-0.0205879,-0.0922719
300.637,378.5,0.267645,0.243941,-0.019489,-0.108381
301.503,378,0.289205,0.26081,-0.0178167,-0.123693
302.369,377.5,0.309044,0.275979,-0.015571,-0.138207
303.235,377,0.327144,0.289448,-0.0127519,-0.151923
304.101,376.5,0.34347,0.300107,-0.00834907,-0.166845
304.967,376,0.359763,0.309901,-0.00424148,-0.182683
305.833,375.5,0.376315,0.319627,-0.00117651,-0.19862
306.699,375,0.393073,0.329285,0.000845839,-0.214655
307.565,374.5,0.408758,0.338083,0.00191303,-0.229737
308.431,374,0.419393,0.343297,0.00278563,-0.240893
309.297,373.5,0.426077,0.344256,0.00500414,-0.251006
310.163,373,0.428563,0.340279,0.00903748,-0.260374
311.029,372.5,0.432837,0.337591,0.0118839,-0.270627
311.895,372,0.438861,0.336191,0.0135435,-0.281765
312.761,371.5,0.446606,0.33608,0.0140163,-0.293787
313.627,371,0.45605,0.337258,0.0133021,-0.306694
314.493,370.5,0.466736,0.33922,0.0116748,-0.320368
315.359,370,0.469891,0.332107,0.0145387,-0.332101
316.225,369.5,0.474529,0.326462,0.0162178,-0.344002
317.091,369,0.481003,0.323111,0.0165257,-0.355935
317.957,368.5,0.490049,0.323364,0.0154839,-0.367891
318.823,368,0.500536,0.325123,0.0137432,-0.380318
319.689,367.5,0.512432,0.328386,0.0113039,-0.393219
320.555,367,0.520014,0.328826,0.0134964,-0.402624
321.421,366.5,0.527278,0.329224,0.0174254,-0.411498
322.287,366,0.536359,0.331177,0.0212057,-0.42137
323.153,365.5,0.547233,0.334686,0.0248371,-0.432241
324.019,365,0.55988,0.33975,0.0283196,-0.44411
324.885,364.5,0.574284,0.34637,0.0316533,-0.456977
325.751,364,0.580794,0.345683,0.0379209,-0.465174
326.617,363.5,0.57436,0.331188,0.0502746,-0.466558
327.483,363,0.566761,0.311484,0.065387,-0.468956
328.349,362.5,0.561464,0.293074,0.0802428,-0.472135
329.215,362,0.558402,0.275958,0.0948418,-0.476093
330.081,361.5,0.557487,0.260137,0.109184,-0.480832
330.947,361,0.558246,0.243159,0.122312,-0.487393
331.813,360.5,0.559241,0.205529,0.12737,-0.504267
332.679,360,0.565006,0.168664,0.133343,-0.522497
333.546,359.5,0.575405,0.132563,0.14023,-0.542083
334.412,359,0.590223,0.0972267,0.148032,-0.563025
335.278,358.5,0.609178,0.062655,0.156748,-0.585322
336.144,358,0.629427,0.0429029,0.160995,-0.606975
337.01,357.5,0.650442,0.0451064,0.165677,-0.627368
337.876,357,0.667358,0.0555022,0.166799,-0.643789
338.742,356.5,0.679114,0.0757028,0.161277,-0.655328
339.608,356,0.686756,0.105708,0.149111,-0.661986
340.474,355.5,0.691906,0.145518,0.130301,-0.663762
341.34,355,0.696806,0.195133,0.104847,-0.660658
342.206,354.5,0.66356,0.232942,0.103657,-0.612621
343.072,354,0.584585,0.249542,0.145849,-0.50813
343.938,353.5,0.513606,0.266633,0.202417,-0.38952
344.804,353,0.470581,0.284216,0.273361,-0.256791
345.67,352.5,0.438439,0.231772,0.326167,-0.179237
346.536,352,0.399355,0.0886947,0.337913,-0.193476
347.402,351.5,0.4141,-0.0671791,0.333942,-0.235476
348.268,351,0.463393,-0.192956,0.314109,-0.280778
349.134,350.5,0.501189,-0.274185,0.319063,-0.272419
350,350,0.512415,-0.310867,0.348803,-0.210399
350.866,349.5,0.51328,-0.303002,0.403329,-0.0947177
351.732,349,0.548915,-0.25059,0.482642,0.0746248
352.598,348.5,0.675611,-0.15363,0.586742,0.297629
353.464,348,0.681872,-0.163174,0.563246,0.347962
354.33,347.5,0.661769,-0.204455,0.530516,0.338659
355.196,347,0.634945,-0.263118,0.487746,0.309884
356.062,346.5,0.617266,-0.323413,0.441548,0.285408
356.928,346,0.621298,-0.372264,0.418312,0.269158
357.794,345.5,0.640919,-0.409671,0.418038,0.261135
358.66,345,0.638875,-0.380254,0.397792,0.324545
359.526,344.5,0.632739,-0.300139,0.343093,0.438819
360.392,344,0.652955,-0.222042,0.286471,0.543122
361.258,343.5,0.692534,-0.145962,0.227925,0.637455
362.124,343,0.744467,-0.0719009,0.167456,0.721817
362.99,342.5,0.803111,0.000142667,0.105062,0.796209
363.856,342,0.849019,0.0608812,0.05396,0.845113
364.722,341.5,0.83636,0.0786321,0.0490666,0.831209
365.588,341,0.820538,0.0911966,0.0431377,0.814312
366.454,340.5,0.802767,0.102653,0.0366915,0.79533
367.321,340,0.78303,0.113002,0.0297281,0.774262
368.187,339.5,0.761316,0.122243,0.0222473,0.751108
369.053,339,0.737622,0.130377,0.0142493,0.725868
369.919,338.5,0.732107,0.158774,0.00971399,0.714617
370.785,338,0.7299,0.186334,0.0052141,0.705695
371.651,337.5,0.728505,0.210521,0.000304598,0.697424
372.517,337,0.727578,0.231335,-0.0050145,0.689803
373.383,336.5,0.726818,0.248777,-0.0107432,0.682832
374.249,336,0.726353,0.262782,-0.0175352,0.676924
375.115,335.5,0.725223,0.273615,-0.020267,0.671321
375.981,335,0.723444,0.282401,-0.020119,0.665745
376.847,334.5,0.721447,0.290292,-0.0201632,0.660159
377.713,334,0.719202,0.297286,-0.0203998,0.654565
378.579,333.5,0.716679,0.303385,-0.0208285,0.648963
379.445,333,0.713854,0.308587,-0.0214495,0.643352
380.311,332.5,0.709486,0.312436,-0.0216146,0.636621
381.177,332,0.701462,0.314238,-0.0201588,0.626815
382.043,331.5,0.693087,0.315291,-0.0188172,0.616934
382.909,331,0.684347,0.315595,-0.0175898,0.606977
383.775,330.5,0.673875,0.313745,-0.0163817,0.596157
384.641,330,0.662823,0.310833,-0.0151964,0.585223
385.507,329.5,0.651767,0.307445,-0.0140623,0.574526
386.373,329,0.638487,0.303071,-0.0124876,0.561834
387.239,328.5,0.625437,0.298541,-0.0109857,0.549476
388.105,328,0.612729,0.293889,-0.00958145,0.537563
388.971,327.5,0.60036,0.289113,-0.00827484,0.526096
389.837,327,0.588328,0.284215,-0.00706584,0.515075
390.703,326.5,0.576632,0.279194,-0.00595447,0.504499
391.569,326,0.565507,0.274541,-0.00513415,0.494368
392.435,325.5,0.554822,0.270088,-0.00448869,0.484623
393.301,325,0.544017,0.264623,-0.00386263,0.475304
394.167,324.5,0.533381,0.258914,-0.00326982,0.466314
395.033,324,0.523033,0.253237,-0.0027195,0.457632
395.899,323.5,0.512971,0.247592,-0.00221167,0.449258
396.765,323,0.503229,0.242201,-0.00179279,0.441106
397.631,322.5,0.493807,0.237299,-0.00150445,0.43305
398.497,322,0.484624,0.232423,-0.00124544,0.425251
399.363,321.5,0.47568,0.227573,-0.00101576,0.417709
400.229,321,0.466975,0.222749,-0.000815407,0.410424
401.095,320.5,0.45851,0.217951,-0.000644383,0.403396
401.962,320,0.450286,0.213186,-0.000504343,0.396622
402.828,319.5,0.442153,0.208591,-0.000498669,0.389857
403.694,319,0.434146,0.203942,-0.000493137,0.383262
404.56,318.5,0.426309,0.199334,-0.000497674,0.376836
405.426,318,0.418645,0.194768,-0.000512279,0.370579
406.292,317.5,0.411151,0.190242,-0.000536954,0.36449
407.158,317,0.403831,0.185758,-0.000571698,0.358571
408.024,316.5,0.396712,0.181765,-0.000681103,0.352621
408.89,316,0.389758,0.178009,-0.000822637,0.346732
409.756,315.5,0.382952,0.17429,-0.00096681,0.34099
410.622,315,0.376295,0.17061,-0.00111362,0.335394
411.488,314.5,0.369788,0.166967,-0.00126307,0.329944
412.354,314,0.363246,0.162979,-0.0013669,0.324628
413.22,313.5,0.356858,0.159251,-0.00149059,0.31935
414.086,313,0.350644,0.15597,-0.00165043,0.314042
414.952,312.5,0.344552,0.152734,-0.00181079,0.308845
415.818,312,0.338581,0.149545,-0.00197168,0.303759
416.684,311.5,0.332731,0.146401,-0.0021331,0.298784
417.55,311,0.327001,0.143304,-0.00229505,0.29392
418.416,310.5,0.321395,0.140291,-0.00245785,0.289149
419.282,310,0.315932,0.137876,-0.00262687,0.284246
420.148,309.5,0.31058,0.135499,-0.00279845,0.27945
421.014,309,0.305341,0.13316,-0.0029726,0.27476
421.88,308.5,0.300061,0.130536,-0.00312144,0.270161
422.746,308,0.294876,0.127944,-0.00327067,0.265653
423.612,307.5,0.289791,0.125394,-0.00342116,0.261234
424.478,307,0.284859,0.123301,-0.0035634,0.256766
425.344,306.5,0.280037,0.121377,-0.0037048,0.252338
426.21,306,0.275305,0.119483,-0.00384867,0.247996
427.076,305.5,0.270666,0.117619,-0.00399501,0.243741
427.942,305,0.266117,0.115786,-0.00414382,0.239572
428.808,304.5,0.261659,0.113983,-0.0042951,0.235489
429.674,304,0.257322,0.112422,-0.00443606,0.231423
430.54,303.5,0.253107,0.11115,-0.00456304,0.22735
431.406,303,0.24884,0.109671,-0.00464072,0.223321
432.272,302.5,0.244648,0.108214,-0.0047205,0.219363
433.138,302,0.240532,0.106779,-0.00480237,0.215478
434.004,301.5,0.236489,0.105365,-0.00488633,0.211664
434.87,301,0.232535,0.104025,-0.00496939,0.207911
435.737,300.5,0.22875,0.103074,-0.00503329,0.204149
436.603,300,0.225033,0.102136,-0.00510006,0.200455
437.469,299.5,0.221386,0.101209,-0.00516969,0.196829
438.335,299,0.217807,0.100294,-0.00524219,0.193271
439.201,298.5,0.214297,0.0993906,-0.00531757,0.18978
440.067,298,0.210843,0.0984795,-0.00539401,0.186354
440.933,297.5,0.207423,0.0976842,-0.00543456,0.1829
441.799,297,0.204082,0.0969657,-0.00547258,0.179491
442.665,296.5,0.200798,0.0962539,-0.00551316,0.176138
443.531,296,0.19757,0.0955488,-0.00555631,0.17284
444.397,295.5,0.1944,0.0948503,-0.00560202,0.169598
445.263,295,0.191287,0.0941586,-0.0056503,0.166412
446.129,294.5,0.188296,0.0936208,-0.00569296,0.163273
446.995,294,0.185427,0.0932374,-0.00572919,0.160178
447.861,293.5,0.182611,0.0928542,-0.00576728,0.157135
448.727,293,0.179847,0.0924713,-0.00580723,0.154144
449.593,292.5,0.17712,0.0920715,-0.00583997,0.151196
450.459,292,0.174352,0.0915811,-0.00582549,0.148248
451.325,291.5,0.171651,0.091138,-0.00580995,0.145342
452.191,291,0.169097,0.0908998,-0.00578293,0.14247
453.057,290.5,0.166586,0.0906605,-0.00575756,0.139637
453.923,290,0.164119,0.0904203,-0.00573383,0.136844
454.789,289.5,0.161695,0.090179,-0.00571176,0.134091
455.655,289,0.159314,0.0899367,-0.00569135,0.131377
456.521,288.5,0.156976,0.0896935,-0.00567258,0.128703
457.387,288,0.154792,0.0896246,-0.00564965,0.126079
458.253,287.5,0.152666,0.0895797,-0.00562695,0.123494
459.119,287,0.150569,0.0895142,-0.00560169,0.120942
459.985,286.5,0.148471,0.0893884,-0.00556424,0.118416
460.851,286,0.146411,0.089263,-0.00552766,0.115922
461.717,285.5,0.144391,0.0891383,-0.00549195,0.113459
462.583,285,0.142472,0.0891105,-0.00545267,0.111031
463.449,284.5,0.140645,0.0891617,-0.00541038,0.108636
464.315,284,0.138855,0.0892117,-0.00536872,0.106269
465.181,283.5,0.137103,0.0892602,-0.00532767,0.10393
466.047,283,0.135389,0.0893075,-0.00528724,0.101619
466.913,282.5,0.133713,0.0893535,-0.00524744,0.0993354
467.779,282,0.132102,0.0894332,-0.00520729,0.0970846
468.645,281.5,0.130607,0.0896139,-0.00515798,0.094873
469.512,281,0.129125,0.0897612,-0.00509291,0.0926832
470.378,280.5,0.127679,0.0899083,-0.00502889,0.0905164
471.244,280,0.126271,0.0900551,-0.00496595,0.0883726
472.11,279.5,0.124899,0.0902016,-0.00490407,0.086252
472.976,279,0.123564,0.0903479,-0.00484325,0.0841544
473.842,278.5,0.122363,0.0906179,-0.00478191,0.0820864
474.708,278,0.121207,0.0908985,-0.00472185,0.0800401
475.574,277.5,0.12009,0.0911786,-0.00466323,0.0780147
476.44,277,0.11901,0.0914581,-0.00460606,0.0760103
477.306,276.5,0.117968,0.0917372,-0.00455033,0.0740269
478.172,276,0.116959,0.0920075,-0.00449543,0.0720678
479.038,275.5,0.116045,0.0923411,-0.00443984,0.0701418
