x,v,vx,vy,vz
220.096,425,0.208089,0.208089,2.19471e-07,-2.90861e-05
220.962,424.5,0.208089,0.208089,2.12311e-07,-2.97115e-05
221.828,424,0.208089,0.208089,2.15147e-07,-3.03548e-05
222.694,423.5,0.208089,0.208089,2.41116e-07,-3.10155e-05
223.56,423,0.208088,0.208088,2.72378e-07,-3.16871e-05
224.426,422.5,0.208088,0.208088,3.04874e-07,-3.23724e-05
225.292,422,0.208088,0.208088,3.38603e-07,-3.30712e-05
226.158,421.5,0.208088,0.208088,3.73567e-07,-3.37836e-05
227.024,421,0.208088,0.208088,4.09165e-07,-3.45121e-05
227.89,420.5,0.208088,0.208088,4.39344e-07,-3.52832e-05
228.756,420,0.208088,0.208088,4.70838e-07,-3.60696e-05
229.622,419.5,0.208088,0.208088,5.03648e-07,-3.68712e-05
230.488,419,0.208088,0.208088,5.37773e-07,-3.7688e-05
231.355,418.5,0.208088,0.208088,5.73214e-07,-3.85201e-05
232.221,418,0.208088,0.208088,5.97529e-07,-3.93771e-05
233.087,417.5,0.208087,0.208087,6.45349e-07,-4.02666e-05
233.953,417,0.208087,0.208087,7.02962e-07,-4.11791e-05
234.819,416.5,0.208087,0.208087,7.62078e-07,-4.21115e-05
235.685,416,0.208087,0.208087,8.22697e-07,-4.30637e-05
236.551,415.5,0.208087,0.208087,8.84819e-07,-4.40358e-05
237.417,415,0.208087,0.208087,9.48445e-07,-4.50277e-05
238.283,414.5,0.208086,0.208086,1.01129e-06,-4.60446e-05
239.149,414,0.208086,0.208086,1.0728e-06,-4.70889e-05
240.015,413.5,0.208086,0.208086,1.13568e-06,-4.81546e-05
240.881,413,0.208085,0.208085,1.19994e-06,-4.92419e-05
241.747,412.5,0.208085,0.208085,1.28508e-06,-5.03056e-05
242.613,412,0.208085,0.208085,1.37867e-06,-5.13787e-05
243.479,411.5,0.208085,0.208085,1.48237e-06,-5.24729e-05
244.345,411,0.208084,0.208084,1.63257e-06,-5.35853e-05
245.211,410.5,0.208084,0.208084,1.78629e-06,-5.47235e-05
246.077,410,0.208083,0.208083,1.94353e-06,-5.58874e-05
246.943,409.5,0.208082,0.208082,2.10428e-06,-5.7077e-05
247.809,409,0.208082,0.208082,2.26856e-06,-5.82923e-05
248.675,408.5,0.208081,0.208081,2.43636e-06,-5.95333e-05
249.541,408,0.208081,0.208081,2.61499e-06,-6.07714e-05
250.407,407.5,0.20808,0.20808,2.80065e-06,-6.20329e-05
251.273,407,0.208079,0.208079,2.97413e-06,-6.33945e-05
252.139,406.5,0.208078,0.208078,3.14772e-06,-6.47969e-05
253.005,406,0.208078,0.208078,3.32454e-06,-6.62269e-05
253.871,405.5,0.208077,0.208077,3.5046e-06,-6.76845e-05
254.737,405,0.208076,0.208076,3.71414e-06,-6.91444e-05
255.603,404.5,0.208075,0.208075,3.95424e-06,-7.06087e-05
256.469,404,0.208074,0.208074,4.20017e-06,-7.21023e-05
257.335,403.5,0.208072,0.208072,4.45195e-06,-7.36252e-05
258.201,403,0.208071,0.208071,4.70956e-06,-7.51773e-05
259.067,402.5,0.20807,0.20807,4.97301e-06,-7.67586e-05
259.933,402,0.208069,0.208069,5.24054e-06,-7.83277e-05
260.799,401.5,0.208067,0.208067,5.5456e-06,-7.96671e-05
261.665,401,0.208065,0.208065,5.86645e-06,-8.10723e-05
262.531,400.5,0.208064,0.208064,6.19929e-06,-8.25545e-05
263.397,400,0.208062,0.208062,6.54412e-06,-8.41137e-05
264.263,399.5,0.20806,0.20806,6.90095e-06,-8.57497e-05
265.13,399,0.208058,0.208058,7.26978e-06,-8.74627e-05
265.996,398.5,0.208055,0.208055,7.68108e-06,-8.92881e-05
266.862,398,0.208052,0.208052,8.10629e-06,-9.12377e-05
267.728,397.5,0.208049,0.208049,8.54105e-06,-9.33094e-05
268.594,397,0.208046,0.208046,8.98538e-06,-9.55031e-05
269.46,396.5,0.208042,0.208042,9.43926e-06,-9.78189e-05
270.326,396,0.20804,0.20804,9.82291e-06,-9.98123e-05
271.192,395.5,0.208038,0.208038,1.02173e-05,-0.000101544
272.058,395,0.208036,0.208036,1.06173e-05,-0.000103019
272.924,394.5,0.208034,0.208034,1.10122e-05,-0.000104405
273.79,394,0.208032,0.208032,1.14021e-05,-0.000105703
274.656,393.5,0.20803,0.20803,1.1787e-05,-0.000106912
275.522,393,0.208029,0.208029,1.21669e-05,-0.000108033
276.388,392.5,0.208027,0.208027,1.25412e-05,-0.000109209
277.254,392,0.208023,0.208023,1.29058e-05,-0.000110718
278.12,391.5,0.20802,0.20802,1.32607e-05,-0.000112117
278.986,391,0.208017,0.208017,1.36168e-05,-0.000113498
279.852,390.5,0.20801,0.20801,1.43247e-05,-0.000117908
280.718,390,0.208002,0.208002,1.50745e-05,-0.00012284
281.584,389.5,0.207993,0.207993,1.58663e-05,-0.000128292
282.45,389,0.207986,0.207986,1.70508e-05,-0.000132254
283.316,388.5,0.207978,0.207978,1.83651e-05,-0.000136685
284.182,388,0.207969,0.207969,1.97868e-05,-0.000141729
285.048,387.5,0.207961,0.207961,2.13157e-05,-0.000147387
285.914,387,0.207951,0.207951,2.2952e-05,-0.000153658
286.78,386.5,0.207941,0.207941,2.46956e-05,-0.000160542
287.646,386,0.207925,0.207925,2.67206e-05,-0.00017127
288.512,385.5,0.207906,0.207906,2.88901e-05,-0.000184099
289.378,385,0.2079,0.2079,3.02002e-05,-0.000188158
290.244,384.5,0.207894,0.207894,3.15005e-05,-0.000191614
291.11,384,0.207889,0.207889,3.2791e-05,-0.000194468
291.976,383.5,0.207884,0.207884,3.40716e-05,-0.000196719
292.842,383,0.207883,0.207883,3.58905e-05,-0.000195107
293.708,382.5,0.20789,0.20789,3.90005e-05,-0.000184721
294.574,382,0.207898,0.207898,4.21805e-05,-0.000172597
295.44,381.5,0.207908,0.207908,4.54307e-05,-0.000158734
296.306,381,0.207919,0.207919,4.8751e-05,-0.000143132
297.172,380.5,0.207932,0.207932,5.21413e-05,-0.000125792
298.038,380,0.207942,0.207942,5.61699e-05,-0.000110765
298.905,379.5,0.207889,0.207889,6.26957e-05,-0.000134457
299.771,379,0.207832,0.207831,6.96123e-05,-0.000161125
300.637,378.5,0.207769,0.207769,7.69282e-05,-0.000190612
301.503,378,0.207702,0.207702,8.46431e-05,-0.000222917
302.369,377.5,0.207631,0.20763,9.27572e-05,-0.000258041
303.235,377,0.207554,0.207554,0.00010127,-0.000295985
304.101,376.5,0.207498,0.207497,0.000111861,-0.0003084
304.967,376,0.20745,0.20745,0.000123788,-0.000309326
305.833,375.5,0.207401,0.207401,0.000136271,-0.000312242
306.699,375,0.20735,0.20735,0.000149311,-0.000317148
307.565,374.5,0.207316,0.207315,0.000161102,-0.000312373
308.431,374,0.207351,0.207351,0.000166467,-0.000264074
309.297,373.5,0.20737,0.20737,0.000171036,-0.000232655
310.163,373,0.207352,0.207351,0.000174516,-0.000235429
311.029,372.5,0.207334,0.207333,0.000177775,-0.000235345
311.895,372,0.207316,0.207316,0.000180814,-0.000232403
312.761,371.5,0.207299,0.207299,0.000183632,-0.000226602
313.627,371,0.207283,0.207283,0.000186229,-0.000217944
314.493,370.5,0.207269,0.207269,0.000189475,-0.000201828
315.359,370,0.207296,0.207296,0.000211191,-8.54145e-05
316.225,369.5,0.207328,0.207328,0.000233923,3.77769e-05
317.091,369,0.207316,0.207316,0.000259435,0.000142094
317.957,368.5,0.207176,0.207175,0.00029092,0.000181009
318.823,368,0.207021,0.20702,0.000324119,0.000216359
319.689,367.5,0.206852,0.206852,0.000359033,0.000248144
320.555,367,0.206658,0.206658,0.000428278,0.000221269
321.421,366.5,0.206472,0.206471,0.000512812,0.00016657
322.287,366,0.2063,0.206299,0.000600892,0.000103672
323.153,365.5,0.206144,0.206143,0.000692517,3.25755e-05
324.019,365,0.206003,0.206002,0.000787688,-4.67186e-05
324.885,364.5,0.205878,0.205876,0.000886404,-0.000134211
325.751,364,0.20541,0.205407,0.00104559,-0.000198998
326.617,363.5,0.204447,0.204443,0.00129127,-0.00023389
327.483,363,0.203584,0.203577,0.00153469,-0.000324915
328.349,362.5,0.20271,0.202701,0.00178611,-0.00046566
329.215,362,0.201826,0.201814,0.00204552,-0.000656124
330.081,361.5,0.200931,0.200916,0.00231292,-0.000896308
330.947,361,0.200118,0.200099,0.00258287,-0.00109162
331.813,360.5,0.200037,0.200017,0.00280296,-0.000398283
332.679,360,0.199834,0.199811,0.00301321,0.000431927
333.546,359.5,0.19951,0.19948,0.00321361,0.00139901
334.412,359,0.199069,0.199024,0.00340417,0.00250296
335.278,358.5,0.198511,0.198443,0.00358488,0.00374379
336.144,358,0.198354,0.198259,0.00396098,0.00469053
337.01,357.5,0.194618,0.19452,0.00572673,0.00237206
337.876,357,0.187715,0.187505,0.00885451,-0.000455637
338.742,356.5,0.178682,0.178168,0.013183,-0.0030676
339.608,356,0.167646,0.166509,0.0187121,-0.00546385
340.474,355.5,0.154823,0.152527,0.0254419,-0.00764436
341.34,355,0.140579,0.136222,0.0333724,-0.00960916
342.206,354.5,0.130242,0.125343,0.0349028,-0.00583664
343.072,354,0.126446,0.123459,0.027137,0.00317249
343.938,353.5,0.124621,0.122858,0.0178555,0.0108322
344.804,353,0.124926,0.123542,0.00705838,0.0171426
345.67,352.5,0.129216,0.127699,-0.0017657,0.019663
346.536,352,0.13425,0.133206,-0.00437145,0.0161325
347.402,351.5,0.139054,0.13872,-0.00439229,0.00857741
348.268,351,0.153744,0.15344,-0.00962321,-0.00088085
349.134,350.5,0.168081,0.166917,-0.0168166,-0.0103571
350,350,0.182109,0.179151,-0.0259725,-0.0198513
350.866,349.5,0.195939,0.190142,-0.0370909,-0.0293634
351.732,349,0.209729,0.19989,-0.0501717,-0.0388935
352.598,348.5,0.22367,0.208395,-0.0652151,-0.0484416
353.464,348,0.228589,0.213079,-0.060227,-0.0567716
354.33,347.5,0.233497,0.21839,-0.0535542,-0.0629187
355.196,347,0.237902,0.224755,-0.0471191,-0.0621493
356.062,346.5,0.240379,0.230201,-0.0400546,-0.0564364
356.928,346,0.242104,0.23434,-0.0339786,-0.050443
357.794,345.5,0.242974,0.237172,-0.0288909,-0.0441693
358.66,345,0.238698,0.234412,-0.0225188,-0.0389908
359.526,344.5,0.231451,0.228277,-0.0153042,-0.035001
360.392,344,0.225486,0.223143,-0.00934266,-0.0310428
361.258,343.5,0.220733,0.219012,-0.00463408,-0.0271164
362.124,343,0.217132,0.215884,-0.0011785,-0.0232216
362.99,342.5,0.214635,0.213758,0.00102409,-0.0193586
363.856,342,0.212891,0.212277,0.00193543,-0.0160436
364.722,341.5,0.211875,0.211385,0.00178056,-0.0142995
365.588,341,0.211753,0.211384,0.0013776,-0.0124168
366.454,340.5,0.211599,0.211327,0.00101649,-0.0106843
367.321,340,0.21141,0.211213,0.000697219,-0.00910207
368.187,339.5,0.211183,0.211044,0.000419796,-0.00767005
369.053,339,0.210914,0.210818,0.000184218,-0.00638826
369.919,338.5,0.210863,0.210791,0.000153695,-0.00550511
370.785,338,0.210827,0.210774,0.000152009,-0.00472614
371.651,337.5,0.210778,0.21074,0.000158998,-0.00401924
372.517,337,0.210715,0.210688,0.000174664,-0.0033844
373.383,336.5,0.210637,0.210618,0.000199004,-0.00282164
374.249,336,0.21059,0.210575,0.000244829,-0.00250084
375.115,335.5,0.210489,0.210476,0.000266325,-0.00228583
375.981,335,0.210338,0.210327,0.000266351,-0.00207415
376.847,334.5,0.210202,0.210193,0.000266556,-0.00186905
377.713,334,0.210081,0.210074,0.000266938,-0.00167054
378.579,333.5,0.209975,0.20997,0.000267499,-0.00147862
379.445,333,0.209884,0.20988,0.000268238,-0.00129328
380.311,332.5,0.209788,0.209784,0.000261871,-0.0011572
381.177,332,0.209645,0.209642,0.000236551,-0.00114243
382.043,331.5,0.20951,0.209507,0.000212493,-0.00113203
382.909,331,0.209384,0.209381,0.000189697,-0.001126
383.775,330.5,0.209221,0.209218,0.000175839,-0.00110467
384.641,330,0.209051,0.209049,0.000166111,-0.00107593
385.507,329.5,0.208892,0.208889,0.000157488,-0.00104682
386.373,329,0.208819,0.208817,0.000134705,-0.0009657
387.239,328.5,0.208756,0.208754,0.000112736,-0.000883624
388.105,328,0.208699,0.208697,9.23276e-05,-0.000803128
388.971,327.5,0.208647,0.208646,7.3479e-05,-0.000724211
389.837,327,0.208602,0.208601,5.61905e-05,-0.000646874
390.703,326.5,0.208562,0.208561,4.04622e-05,-0.000571117
391.569,326,0.2085,0.2085,3.17408e-05,-0.00053497
392.435,325.5,0.20843,0.20843,2.70905e-05,-0.000520505
393.301,325,0.208391,0.208391,2.49436e-05,-0.000521424
394.167,324.5,0.20836,0.208359,2.34111e-05,-0.000526717
395.033,324,0.208329,0.208328,2.19487e-05,-0.00053207
395.899,323.5,0.208299,0.208298,2.05564e-05,-0.000537482
396.765,323,0.208282,0.208281,1.82293e-05,-0.000535993
397.631,322.5,0.208291,0.20829,1.40442e-05,-0.000520204
398.497,322,0.208298,0.208297,1.01767e-05,-0.000504672
399.363,321.5,0.208303,0.208302,6.62674e-06,-0.000489398
400.229,321,0.208306,0.208305,3.39445e-06,-0.000474382
401.095,320.5,0.208306,0.208306,4.79766e-07,-0.000459625
401.962,320,0.208305,0.208304,-2.08683e-06,-0.000445264
402.828,319.5,0.208284,0.208283,-3.95414e-07,-0.000433943
403.694,319,0.208264,0.208263,1.37186e-06,-0.000420628
404.56,318.5,0.208245,0.208245,3.02218e-06,-0.000407423
405.426,318,0.208229,0.208228,4.55555e-06,-0.000394328
406.292,317.5,0.208214,0.208214,5.97197e-06,-0.000381344
407.158,317,0.208201,0.2082,7.27144e-06,-0.000368469
408.024,316.5,0.208196,0.208196,7.59302e-06,-0.000352321
408.89,316,0.208195,0.208195,7.48412e-06,-0.000335185
409.756,315.5,0.208194,0.208194,7.33426e-06,-0.000318615
410.622,315,0.208194,0.208194,7.14346e-06,-0.000302611
411.488,314.5,0.208194,0.208194,6.91169e-06,-0.000287174
412.354,314,0.208194,0.208194,6.17841e-06,-0.000276439
413.22,313.5,0.208192,0.208191,5.67239e-06,-0.00026794
414.086,313,0.208185,0.208185,5.58277e-06,-0.000262062
414.952,312.5,0.20818,0.208179,5.47431e-06,-0.000256168
415.818,312,0.208174,0.208174,5.34703e-06,-0.00025026
416.684,311.5,0.208168,0.208168,5.20092e-06,-0.000244335
417.55,311,0.208163,0.208163,5.03599e-06,-0.000238396
418.416,310.5,0.208159,0.208158,4.83953e-06,-0.000232415
419.282,310,0.208156,0.208156,4.46199e-06,-0.000226055
420.148,309.5,0.208153,0.208153,4.10149e-06,-0.000219714
421.014,309,0.208151,0.208151,3.75803e-06,-0.000213389
421.88,308.5,0.20815,0.20815,3.48981e-06,-0.000205173
422.746,308,0.20815,0.20815,3.22849e-06,-0.000197211
423.612,307.5,0.20815,0.20815,2.97201e-06,-0.00018957
424.478,307,0.208149,0.208149,2.81658e-06,-0.000183124
425.344,306.5,0.208147,0.208147,2.6948e-06,-0.000177204
426.21,306,0.208146,0.208146,2.57425e-06,-0.000171508
427.076,305.5,0.208145,0.208145,2.45494e-06,-0.000166038
427.942,305,0.208143,0.208143,2.33685e-06,-0.000160791
428.808,304.5,0.208142,0.208142,2.22e-06,-0.000155769
429.674,304,0.208141,0.208141,2.10641e-06,-0.000151065
430.54,303.5,0.20814,0.20814,1.99731e-06,-0.00014668
431.406,303,0.208139,0.208139,1.89681e-06,-0.000142661
432.272,302.5,0.208139,0.208138,1.80461e-06,-0.000138715
433.138,302,0.208138,0.208138,1.7207e-06,-0.000134844
434.004,301.5,0.208137,0.208137,1.64508e-06,-0.000131046
434.87,301,0.208136,0.208136,1.57801e-06,-0.000127368
435.737,300.5,0.208135,0.208135,1.51789e-06,-0.000124083
436.603,300,0.208134,0.208134,1.46043e-06,-0.000120858
437.469,299.5,0.208133,0.208133,1.40562e-06,-0.00011769
438.335,299,0.208132,0.208132,1.35346e-06,-0.000114582
439.201,298.5,0.208131,0.208131,1.30395e-06,-0.000111533
440.067,298,0.20813,0.20813,1.25607e-06,-0.000108546
440.933,297.5,0.20813,0.20813,1.2248e-06,-0.000105824
441.799,297,0.208129,0.208129,1.20049e-06,-0.000103205
442.665,296.5,0.208129,0.208129,1.1773e-06,-0.000100652
443.531,296,0.208128,0.208128,1.15521e-06,-9.81625e-05
444.397,295.5,0.208127,0.208127,1.13423e-06,-9.57382e-05
445.263,295,0.208127,0.208127,1.11435e-06,-9.33785e-05
446.129,294.5,0.208126,0.208126,1.08606e-06,-9.11678e-05
446.995,294,0.208125,0.208125,1.04987e-06,-8.90951e-05
447.861,293.5,0.208125,0.208125,1.01594e-06,-8.70686e-05
448.727,293,0.208124,0.208124,9.84256e-07,-8.50883e-05
449.593,292.5,0.208124,0.208123,9.58578e-07,-8.31392e-05
450.459,292,0.208123,0.208123,9.53963e-07,-8.11518e-05
451.325,291.5,0.208123,0.208122,9.51778e-07,-7.92241e-05
452.191,291,0.208122,0.208122,9.62062e-07,-7.74254e-05
453.057,290.5,0.208121,0.208121,9.72649e-07,-7.5659e-05
453.923,290,0.208121,0.208121,9.83536e-07,-7.39251e-05
454.789,289.5,0.20812,0.20812,9.94724e-07,-7.22236e-05
455.655,289,0.20812,0.20812,1.00621e-06,-7.05545e-05
456.521,288.5,0.208119,0.208119,1.01801e-06,-6.89177e-05
457.387,288,0.208119,0.208119,1.00789e-06,-6.74001e-05
458.253,287.5,0.208118,0.208118,9.94326e-07,-6.59237e-05
459.119,287,0.208117,0.208117,9.76381e-07,-6.44783e-05
459.985,286.5,0.208117,0.208117,9.43049e-07,-6.30722e-05
460.851,286,0.208117,0.208117,9.1054e-07,-6.16905e-05
461.717,285.5,0.208116,0.208116,8.78855e-07,-6.0333e-05
462.583,285,0.208116,0.208116,8.56038e-07,-5.90438e-05
463.449,284.5,0.208115,0.208115,8.40463e-07,-5.78126e-05
464.315,284,0.208115,0.208115,8.25401e-07,-5.66019e-05
465.181,283.5,0.208114,0.208114,8.10855e-07,-5.54118e-05
466.047,283,0.208114,0.208114,7.96823e-07,-5.42423e-05
466.913,282.5,0.208113,0.208113,7.83305e-07,-5.30934e-05
467.779,282,0.208113,0.208113,7.66267e-07,-5.19807e-05
468.645,281.5,0.208112,0.208112,7.41044e-07,-5.09299e-05
469.512,281,0.208112,0.208112,7.27782e-07,-4.9876e-05
470.378,280.5,0.208112,0.208112,7.14636e-07,-4.88386e-05
471.244,280,0.208111,0.208111,7.01606e-07,-4.78178e-05
472.11,279.5,0.208111,0.208111,6.88692e-07,-4.68136e-05
472.976,279,0.208111,0.208111,6.75894e-07,-4.5826e-05
473.842,278.5,0.20811,0.20811,6.7247e-07,-4.49098e-05
474.708,278,0.20811,0.20811,6.69521e-07,-4.40125e-05
475.574,277.5,0.20811,0.20811,6.66194e-07,-4.31289e-05
476.44,277,0.208109,0.208109,6.6249e-07,-4.22593e-05
477.306,276.5,0.208109,0.208109,6.58409e-07,-4.14034e-05
478.172,276,0.208109,0.208109,6.49684e-07,-4.05608e-05
479.038,275.5,0.208108,0.208108,6.26222e-07,-3.97615e-05
