x,v,vx,vy,vz
220.096,425,0.209671,0.20965,-7.54493e-05,-0.00295964
220.962,424.5,0.209702,0.20968,-7.72342e-05,-0.00301594
221.828,424,0.209732,0.20971,-7.90628e-05,-0.00307485
222.694,423.5,0.209764,0.209741,-8.08587e-05,-0.00313599
223.56,423,0.209799,0.209775,-8.26238e-05,-0.00319714
224.426,422.5,0.209835,0.209809,-8.44084e-05,-0.00325903
225.292,422,0.209871,0.209845,-8.62126e-05,-0.00332169
226.158,421.5,0.20991,0.209882,-8.80364e-05,-0.00338509
227.024,421,0.209949,0.20992,-8.98919e-05,-0.0034498
227.89,420.5,0.209986,0.209957,-9.19235e-05,-0.00352146
228.756,420,0.210025,0.209994,-9.40121e-05,-0.00359403
229.622,419.5,0.210065,0.210033,-9.61577e-05,-0.00366752
230.488,419,0.210106,0.210073,-9.83604e-05,-0.00374192
231.355,418.5,0.210149,0.210115,-0.00010062,-0.00381725
232.221,418,0.210194,0.210158,-0.000103178,-0.00389283
233.087,417.5,0.21024,0.210202,-0.000105761,-0.00397444
233.953,417,0.210286,0.210246,-0.000108382,-0.00405891
234.819,416.5,0.210333,0.210292,-0.00011108,-0.00414467
235.685,416,0.210382,0.21034,-0.000113856,-0.00423173
236.551,415.5,0.210433,0.210388,-0.000116709,-0.00432007
237.417,415,0.210485,0.210439,-0.000119639,-0.00440971
238.283,414.5,0.210536,0.210487,-0.00012275,-0.00450557
239.149,414,0.210585,0.210535,-0.000126045,-0.004609
240.015,413.5,0.210636,0.210583,-0.000129395,-0.00471419
240.881,413,0.210688,0.210633,-0.000132799,-0.00482113
241.747,412.5,0.210751,0.210693,-0.000136085,-0.00492392
242.613,412,0.210818,0.210758,-0.000139416,-0.00502628
243.479,411.5,0.210888,0.210825,-0.000142821,-0.00513113
244.345,411,0.210958,0.210893,-0.000146146,-0.00524565
245.211,410.5,0.211032,0.210964,-0.00014952,-0.00536159
246.077,410,0.211109,0.211038,-0.000152945,-0.00547896
246.943,409.5,0.211189,0.211115,-0.00015642,-0.00559775
247.809,409,0.211273,0.211195,-0.000159944,-0.00571797
248.675,408.5,0.211359,0.211279,-0.000163519,-0.00583961
249.541,408,0.211441,0.211357,-0.000167709,-0.00597733
250.407,407.5,0.211525,0.211436,-0.000172149,-0.00611994
251.273,407,0.211604,0.211512,-0.000177177,-0.00626733
252.139,406.5,0.211685,0.211588,-0.000182391,-0.00641813
253.005,406,0.211768,0.211666,-0.000187704,-0.00657187
253.871,405.5,0.211853,0.211747,-0.000193116,-0.00672856
254.737,405,0.211941,0.211829,-0.000198237,-0.00689479
255.603,404.5,0.212032,0.211914,-0.000203127,-0.00707077
256.469,404,0.212125,0.212001,-0.000208181,-0.00725024
257.335,403.5,0.212221,0.212091,-0.000213398,-0.00743321
258.201,403,0.21232,0.212183,-0.000218779,-0.00761967
259.067,402.5,0.212421,0.212277,-0.000224324,-0.00780964
259.933,402,0.212521,0.21237,-0.000230216,-0.00801017
260.799,401.5,0.212648,0.212489,-0.000236687,-0.00821866
261.665,401,0.212787,0.21262,-0.000243384,-0.0084265
262.531,400.5,0.212933,0.212757,-0.000250349,-0.00863623
263.397,400,0.213086,0.212902,-0.000257582,-0.00884783
264.263,399.5,0.213247,0.213055,-0.000265082,-0.00906131
265.13,399,0.213416,0.213214,-0.00027285,-0.00927668
265.996,398.5,0.213603,0.213391,-0.000278525,-0.0095076
266.862,398,0.213802,0.21358,-0.000283883,-0.00974312
267.728,397.5,0.214013,0.21378,-0.000289234,-0.00998141
268.594,397,0.214235,0.213991,-0.000294576,-0.0102225
269.46,396.5,0.214469,0.214213,-0.00029991,-0.0104663
270.326,396,0.214648,0.214379,-0.000306758,-0.0107368
271.192,395.5,0.2148,0.214515,-0.000315924,-0.0110509
272.058,395,0.214932,0.214629,-0.000326777,-0.0114036
272.924,394.5,0.215068,0.214745,-0.000337757,-0.0117671
273.79,394,0.215208,0.214865,-0.000348866,-0.0121414
274.656,393.5,0.215352,0.214987,-0.000360104,-0.0125265
275.522,393,0.2155,0.215112,-0.000371469,-0.0129225
276.388,392.5,0.21566,0.215248,-0.000381214,-0.0133301
277.254,392,0.215851,0.215413,-0.000385938,-0.0137501
278.12,391.5,0.216047,0.215581,-0.000390971,-0.01418
278.986,391,0.216254,0.215759,-0.000396272,-0.0146164
279.852,390.5,0.216661,0.216144,-0.000400201,-0.014961
280.718,390,0.217096,0.216556,-0.000403618,-0.0153099
281.584,389.5,0.21756,0.216995,-0.000406524,-0.0156633
282.45,389,0.217923,0.217321,-0.000414962,-0.0161743
283.316,388.5,0.218298,0.217658,-0.000424662,-0.0166974
284.182,388,0.218695,0.218016,-0.000435248,-0.0172217
285.048,387.5,0.219114,0.218393,-0.000446721,-0.0177473
285.914,387,0.219553,0.218791,-0.00045908,-0.0182741
286.78,386.5,0.220015,0.219209,-0.000472324,-0.0188021
287.646,386,0.220602,0.219754,-0.000468753,-0.0193216
288.512,385.5,0.221268,0.220375,-0.000453153,-0.0198524
289.378,385,0.221706,0.220757,-0.000436883,-0.0204821
290.244,384.5,0.222154,0.221147,-0.000420852,-0.0211204
291.11,384,0.222613,0.221546,-0.00040506,-0.0217673
291.976,383.5,0.223083,0.221953,-0.000389506,-0.0224228
292.842,383,0.223454,0.222245,-0.000377079,-0.0232102
293.708,382.5,0.223585,0.222259,-0.000369629,-0.0243137
294.574,382,0.223725,0.222271,-0.000359594,-0.0254668
295.44,381.5,0.223874,0.22228,-0.000346977,-0.0266695
296.306,381,0.224033,0.222286,-0.000331776,-0.0279217
297.172,380.5,0.224203,0.22229,-0.000313992,-0.0292234
298.038,380,0.224479,0.222395,-0.000294272,-0.0305148
298.905,379.5,0.225669,0.223502,-0.000224763,-0.031195
299.771,379,0.226981,0.224727,-0.000147472,-0.0319078
300.637,378.5,0.228412,0.226066,-6.2874e-05,-0.0326564
301.503,378,0.229962,0.227518,2.90297e-05,-0.0334408
302.369,377.5,0.231632,0.229084,0.00012824,-0.0342609
303.235,377,0.233421,0.230764,0.000234755,-0.0351169
304.101,376.5,0.234625,0.231743,0.000360377,-0.0366632
304.967,376,0.235562,0.232389,0.000496629,-0.0385299
305.833,375.5,0.236561,0.233086,0.000637393,-0.0403966
306.699,375,0.237622,0.233832,0.000782666,-0.0422634
307.565,374.5,0.238533,0.234407,0.000938844,-0.0441626
308.431,374,0.238723,0.2342,0.00113159,-0.0462378
309.297,373.5,0.239353,0.234457,0.00137278,-0.0481444
310.163,373,0.240842,0.235678,0.00167668,-0.0495796
311.029,372.5,0.242491,0.237065,0.00198855,-0.0509726
311.895,372,0.244297,0.238617,0.0023084,-0.0523233
312.761,371.5,0.246261,0.240336,0.00263621,-0.0536317
313.627,371,0.248381,0.24222,0.002972,-0.0548978
314.493,370.5,0.250528,0.244103,0.00333975,-0.0562741
315.359,370,0.250044,0.242477,0.00424253,-0.060902
316.225,369.5,0.249525,0.240654,0.00520963,-0.0657388
317.091,369,0.249484,0.239194,0.00625328,-0.0706342
317.957,368.5,0.250799,0.239161,0.00740049,-0.0751486
318.823,368,0.252258,0.239231,0.00862445,-0.0795502
319.689,367.5,0.253854,0.239404,0.00992517,-0.0838388
320.555,367,0.257984,0.242795,0.0104542,-0.0865847
321.421,366.5,0.26326,0.247517,0.0106387,-0.089039
322.287,366,0.26882,0.252436,0.0107736,-0.091781
323.153,365.5,0.274666,0.257554,0.0108589,-0.0948107
324.019,365,0.2808,0.262871,0.0108946,-0.0981282
324.885,364.5,0.287226,0.268385,0.0108806,-0.101733
325.751,364,0.292726,0.271511,0.0130644,-0.108625
326.617,363.5,0.297265,0.271601,0.0188166,-0.119354
327.483,363,0.300918,0.271009,0.025575,-0.128263
328.349,362.5,0.303364,0.268685,0.0331953,-0.136879
329.215,362,0.304711,0.264629,0.0416774,-0.145201
330.081,361.5,0.305092,0.25884,0.0510214,-0.15323
330.947,361,0.305998,0.253106,0.0593463,-0.1614
331.813,360.5,0.321855,0.265804,0.0506156,-0.17429
332.679,360,0.344132,0.284735,0.0403859,-0.189003
333.546,359.5,0.372966,0.309897,0.0286572,-0.205539
334.412,359,0.408471,0.341292,0.0154295,-0.223898
335.278,358.5,0.450727,0.378919,0.000702743,-0.24408
336.144,358,0.491848,0.41587,-0.0127444,-0.262305
337.01,357.5,0.484553,0.413743,0.0347211,-0.249805
337.876,357,0.47813,0.410726,0.0978627,-0.224356
338.742,356.5,0.485813,0.415896,0.161316,-0.192413
339.608,356,0.508555,0.429253,0.225081,-0.153975
340.474,355.5,0.546554,0.450799,0.289157,-0.109042
341.34,355,0.599353,0.480531,0.353544,-0.0576153
342.206,354.5,0.615937,0.482984,0.377891,-0.0574818
343.072,354,0.585011,0.434901,0.372185,-0.120737
343.938,353.5,0.565661,0.369098,0.386828,-0.18467
344.804,353,0.567121,0.285576,0.42182,-0.249281
345.67,352.5,0.583416,0.195972,0.457143,-0.304942
346.536,352,0.607264,0.121335,0.489589,-0.338156
347.402,351.5,0.609748,0.091679,0.512613,-0.317201
348.268,351,0.478095,0.230285,0.404156,-0.110463
349.134,350.5,0.45668,0.318723,0.32288,0.0521677
350,350,0.478356,0.356992,0.268786,0.170691
350.866,349.5,0.487514,0.345094,0.241873,0.245107
351.732,349,0.463239,0.283027,0.242141,0.275416
352.598,348.5,0.412665,0.170792,0.269591,0.261617
353.464,348,0.37557,0.0484262,0.281733,0.243587
354.33,347.5,0.363716,-0.0752834,0.274305,0.226669
355.196,347,0.361985,-0.112822,0.20823,0.273761
356.062,346.5,0.393923,-0.080217,0.116069,0.367789
356.928,346,0.452922,-0.0597831,0.0447729,0.446721
357.794,345.5,0.51318,-0.0515202,-0.00565842,0.510556
358.66,345,0.541291,-0.0546996,-0.00164819,0.538518
359.526,344.5,0.547257,-0.0578816,0.0318417,0.543255
360.392,344,0.552739,-0.0581589,0.0581581,0.546586
361.258,343.5,0.556706,-0.0555315,0.0773009,0.548509
362.124,343,0.558478,-0.0499995,0.0892701,0.549025
362.99,342.5,0.557698,-0.0415629,0.0940658,0.548134
363.856,342,0.557948,-0.0287331,0.096218,0.548837
364.722,341.5,0.551933,-0.0204207,0.0893523,0.54427
365.588,341,0.533336,-0.0217047,0.0691872,0.528384
366.454,340.5,0.514173,-0.0261686,0.0513744,0.51093
367.321,340,0.494375,-0.0338126,0.0359138,0.491908
368.187,339.5,0.473977,-0.0446365,0.0228055,0.471319
369.053,339,0.453133,-0.0586404,0.0120496,0.449161
369.919,338.5,0.423343,-0.076245,0.000881668,0.416419
370.785,338,0.395078,-0.093375,-0.00961884,0.383764
371.651,337.5,0.369567,-0.109784,-0.0192125,0.35236
372.517,337,0.3469,-0.125473,-0.0278994,0.322207
373.383,336.5,0.327146,-0.140441,-0.0356795,0.293305
374.249,336,0.30686,-0.143642,-0.0382413,0.268455
375.115,335.5,0.284419,-0.137485,-0.0377323,0.246107
375.981,335,0.261658,-0.128553,-0.0365828,0.224946
376.847,334.5,0.239587,-0.119253,-0.0354065,0.204761
377.713,334,0.218194,-0.109585,-0.0342032,0.185553
378.579,333.5,0.197468,-0.0995483,-0.032973,0.167321
379.445,333,0.177404,-0.0891436,-0.0317158,0.150066
380.311,332.5,0.157337,-0.0789474,-0.0304039,0.132656
381.177,332,0.136155,-0.0698588,-0.0289272,0.11323
382.043,331.5,0.115697,-0.060255,-0.0273262,0.0949122
382.909,331,0.0959515,-0.050136,-0.0256006,0.0777025
383.775,330.5,0.0787138,-0.0420842,-0.0236342,0.0621789
384.641,330,0.0628466,-0.0349899,-0.0216578,0.047501
385.507,329.5,0.0477735,-0.0279182,-0.0197434,0.0333628
386.373,329,0.0316774,-0.0157538,-0.0177908,0.0209466
387.239,328.5,0.018847,-0.00384009,-0.015878,0.00939948
388.105,328,0.0159769,0.00756509,-0.0140094,-0.0013293
388.971,327.5,0.0248121,0.0184617,-0.0121849,-0.0112397
389.837,327,0.036796,0.0288499,-0.0104045,-0.0203317
390.703,326.5,0.0489221,0.0387295,-0.00866836,-0.0286053
391.569,326,0.0604937,0.0484472,-0.00693941,-0.0355556
392.435,325.5,0.0714401,0.0578751,-0.00529855,-0.0415462
393.301,325,0.0803591,0.0653026,-0.0042952,-0.0466338
394.167,324.5,0.0885192,0.0720622,-0.0034905,-0.0512884
395.033,324,0.0963332,0.0786087,-0.00273204,-0.0556175
395.899,323.5,0.103797,0.0849421,-0.00201981,-0.0596209
396.765,323,0.110948,0.091594,-0.00142706,-0.0625928
397.631,322.5,0.117866,0.0990636,-0.00101795,-0.0638574
398.497,322,0.124482,0.106205,-0.000632284,-0.0649292
399.363,321.5,0.130783,0.113019,-0.000270063,-0.0658083
400.229,321,0.136759,0.119505,6.87118e-05,-0.0664948
401.095,320.5,0.142403,0.125662,0.000384041,-0.0669885
401.962,320,0.147701,0.131488,0.000676037,-0.067275
402.828,319.5,0.152031,0.136592,0.000899445,-0.0667476
403.694,319,0.156245,0.14146,0.00109825,-0.0663348
404.56,318.5,0.160277,0.146101,0.00128382,-0.0658911
405.426,318,0.164122,0.150514,0.00145615,-0.0654167
406.292,317.5,0.167774,0.1547,0.00161524,-0.0649114
407.158,317,0.17123,0.158658,0.0017611,-0.0643752
408.024,316.5,0.174047,0.162246,0.00184704,-0.0629681
408.89,316,0.17655,0.16558,0.00190274,-0.0612334
409.756,315.5,0.178941,0.168729,0.00194934,-0.0595528
410.622,315,0.181212,0.171693,0.00198682,-0.0579262
411.488,314.5,0.183358,0.174471,0.0020152,-0.0563538
412.354,314,0.185482,0.177058,0.00202628,-0.0552254
413.22,313.5,0.187283,0.179332,0.00202221,-0.0539509
414.086,313,0.188628,0.1812,0.00199909,-0.0523745
414.952,312.5,0.189938,0.182994,0.00197499,-0.0508496
415.818,312,0.191211,0.184715,0.00194989,-0.0493762
416.684,311.5,0.192443,0.186363,0.0019238,-0.0479545
417.55,311,0.193634,0.187937,0.00189671,-0.0465843
418.416,310.5,0.194755,0.189418,0.00186691,-0.0452423
419.282,310,0.195497,0.190559,0.00181248,-0.0436242
420.148,309.5,0.196226,0.191655,0.00175884,-0.0420708
421.014,309,0.196938,0.192704,0.00170599,-0.0405822
421.88,308.5,0.197892,0.193918,0.00166358,-0.0394254
422.746,308,0.198824,0.19509,0.00162185,-0.0383179
423.612,307.5,0.199722,0.196211,0.00158048,-0.0372508
424.478,307,0.200354,0.19707,0.00153181,-0.0360983
425.344,306.5,0.200894,0.197825,0.00148146,-0.0349459
426.21,306,0.201419,0.198552,0.00143205,-0.0338356
427.076,305.5,0.20193,0.199249,0.00138358,-0.0327675
427.942,305,0.202425,0.199917,0.00133606,-0.0317414
428.808,304.5,0.202905,0.200556,0.00128949,-0.0307575
429.674,304,0.203286,0.20109,0.00124121,-0.0297719
430.54,303.5,0.203557,0.20151,0.00119122,-0.0287728
431.406,303,0.203897,0.201976,0.00115381,-0.0278967
432.272,302.5,0.204233,0.202431,0.00111742,-0.0270487
433.138,302,0.204564,0.202873,0.00108205,-0.0262288
434.004,301.5,0.204891,0.203303,0.0010477,-0.025437
434.87,301,0.205194,0.203703,0.00101401,-0.0246676
435.737,300.5,0.205364,0.203968,0.000978671,-0.0238837
436.603,300,0.205536,0.204228,0.000944458,-0.023126
437.469,299.5,0.205708,0.204483,0.000911368,-0.0223944
438.335,299,0.20588,0.204732,0.000879401,-0.0216891
439.201,298.5,0.206052,0.204977,0.000848558,-0.0210099
440.067,298,0.206233,0.205223,0.000818976,-0.0203633
440.933,297.5,0.206411,0.205459,0.000790447,-0.0197797
441.799,297,0.206567,0.205671,0.000762434,-0.0192085
442.665,296.5,0.206722,0.205877,0.000735226,-0.0186543
443.531,296,0.206874,0.206078,0.000708824,-0.0181171
444.397,295.5,0.207024,0.206274,0.000683227,-0.0175969
445.263,295,0.207172,0.206465,0.000658436,-0.0170938
446.129,294.5,0.207281,0.206614,0.000633975,-0.016602
446.995,294,0.207351,0.206722,0.000609751,-0.0161199
447.861,293.5,0.207422,0.206829,0.000586231,-0.0156528
448.727,293,0.207493,0.206935,0.000563415,-0.0152007
449.593,292.5,0.207569,0.207042,0.000542069,-0.0147672
450.459,292,0.207672,0.207174,0.000525433,-0.0143659
451.325,291.5,0.207765,0.207293,0.000509277,-0.0139756
452.191,291,0.207814,0.207369,0.000493556,-0.0135935
453.057,290.5,0.207865,0.207444,0.000478221,-0.0132218
453.923,290,0.207917,0.207519,0.00046327,-0.0128605
454.789,289.5,0.20797,0.207593,0.000448705,-0.0125096
455.655,289,0.208024,0.207667,0.000434525,-0.0121692
456.521,288.5,0.208079,0.207741,0.00042073,-0.0118392
457.387,288,0.208099,0.20778,0.000407168,-0.0115188
458.253,287.5,0.208116,0.207814,0.000393977,-0.0112073
459.119,287,0.208142,0.207856,0.000381142,-0.0109085
459.985,286.5,0.208193,0.207921,0.000368519,-0.0106305
460.851,286,0.208243,0.207985,0.000356218,-0.0103598
461.717,285.5,0.208294,0.208049,0.000344242,-0.0100963
462.583,285,0.208328,0.208095,0.000332664,-0.00984131
463.449,284.5,0.208349,0.208127,0.000321474,-0.00959376
464.315,284,0.20837,0.20816,0.000310609,-0.00935247
465.181,283.5,0.208392,0.208192,0.00030007,-0.00911744
466.047,283,0.208415,0.208225,0.000289857,-0.00888867
466.913,282.5,0.208438,0.208258,0.00027997,-0.00866616
467.779,282,0.208457,0.208285,0.000270371,-0.00845043
468.645,281.5,0.208463,0.2083,0.000261446,-0.00824413
469.512,281,0.208479,0.208324,0.000254048,-0.00804778
470.378,280.5,0.208496,0.208348,0.000246834,-0.00785595
471.244,280,0.208514,0.208373,0.000239806,-0.00766863
472.11,279.5,0.208533,0.208398,0.000232963,-0.00748583
472.976,279,0.208552,0.208423,0.000226304,-0.00730755
473.842,278.5,0.208555,0.208433,0.00021997,-0.00713661
474.708,278,0.208558,0.208441,0.000213784,-0.00696989
475.574,277.5,0.208562,0.208451,0.000207732,-0.00680712
476.44,277,0.208567,0.20846,0.000201813,-0.00664828
477.306,276.5,0.208572,0.208471,0.000196028,-0.00649339
478.172,276,0.208583,0.208486,0.000190341,-0.00634407
479.038,275.5,0.208594,0.208501,0.000184756,-0.00620289
