x,v,vx,vy,vz
220.096,425,0.209656,0.209604,-8.0467e-05,-0.0046782
220.962,424.5,0.209686,0.209632,-8.23095e-05,-0.00476901
221.828,424,0.209715,0.209659,-8.41314e-05,-0.00486372
222.694,423.5,0.209748,0.209689,-8.55532e-05,-0.00496062
223.56,423,0.209785,0.209724,-8.67978e-05,-0.0050571
224.426,422.5,0.209825,0.209761,-8.80457e-05,-0.00515481
225.292,422,0.209866,0.2098,-8.9297e-05,-0.00525374
226.158,421.5,0.209909,0.20984,-9.05517e-05,-0.00535391
227.024,421,0.209953,0.209882,-9.18071e-05,-0.0054561
227.89,420.5,0.209992,0.209918,-9.3052e-05,-0.00556862
228.756,420,0.210033,0.209956,-9.433e-05,-0.00568263
229.622,419.5,0.210076,0.209996,-9.56412e-05,-0.00579812
230.488,419,0.210121,0.210038,-9.69856e-05,-0.00591509
231.355,418.5,0.210168,0.210081,-9.83631e-05,-0.00603354
232.221,418,0.210215,0.210125,-0.000100673,-0.0061547
233.087,417.5,0.210259,0.210165,-0.00010294,-0.00628508
233.953,417,0.210303,0.210205,-0.000105193,-0.00641981
234.819,416.5,0.210349,0.210246,-0.000107579,-0.00655685
235.685,416,0.210396,0.21029,-0.000110098,-0.0066962
236.551,415.5,0.210446,0.210335,-0.000112751,-0.00683786
237.417,415,0.210498,0.210382,-0.000115537,-0.00698182
238.283,414.5,0.210545,0.210424,-0.000118437,-0.00713542
239.149,414,0.210586,0.210459,-0.000121442,-0.00730073
240.015,413.5,0.210629,0.210497,-0.000124575,-0.00746912
240.881,413,0.210674,0.210535,-0.000127835,-0.00764059
241.747,412.5,0.210741,0.210596,-0.000129781,-0.00780342
242.613,412,0.210817,0.210667,-0.000131359,-0.00796503
243.479,411.5,0.210896,0.21074,-0.000132812,-0.00813025
244.345,411,0.210973,0.210809,-0.000133305,-0.00830806
245.211,410.5,0.211055,0.210884,-0.000133714,-0.00848829
246.077,410,0.211141,0.210963,-0.00013404,-0.00867095
246.943,409.5,0.211232,0.211047,-0.000134282,-0.00885604
247.809,409,0.211329,0.211135,-0.000134441,-0.00904356
248.675,408.5,0.21143,0.211228,-0.000134516,-0.0092335
249.541,408,0.211515,0.211304,-0.000134629,-0.00944775
250.407,407.5,0.211601,0.21138,-0.000134738,-0.00966965
251.273,407,0.211673,0.211442,-0.000138269,-0.00990284
252.139,406.5,0.211746,0.211503,-0.000142681,-0.0101423
253.005,406,0.211821,0.211566,-0.000147358,-0.0103866
253.871,405.5,0.2119,0.211633,-0.000152302,-0.0106358
254.737,405,0.211978,0.211698,-0.00015604,-0.0108973
255.603,404.5,0.212057,0.211763,-0.000158681,-0.0111713
256.469,404,0.21214,0.211831,-0.000161662,-0.0114509
257.335,403.5,0.212227,0.211902,-0.000164985,-0.011736
258.201,403,0.212318,0.211977,-0.000168649,-0.0120266
259.067,402.5,0.212413,0.212055,-0.000172655,-0.0123229
259.933,402,0.212502,0.212126,-0.000176992,-0.012635
260.799,401.5,0.212625,0.212229,-0.000175374,-0.0129591
261.665,401,0.212764,0.212349,-0.000172973,-0.0132835
262.531,400.5,0.212914,0.212478,-0.000170416,-0.013612
263.397,400,0.213073,0.212616,-0.000167701,-0.0139447
264.263,399.5,0.213242,0.212763,-0.000164829,-0.0142815
265.13,399,0.213421,0.212919,-0.000161799,-0.0146224
265.996,398.5,0.213612,0.213086,-0.000151758,-0.0149802
266.862,398,0.213818,0.213267,-0.000140136,-0.0153456
267.728,397.5,0.214038,0.21346,-0.000127845,-0.0157169
268.594,397,0.214272,0.213666,-0.000114885,-0.016094
269.46,396.5,0.214519,0.213886,-0.000101257,-0.016477
270.326,396,0.214703,0.214038,-0.0001006,-0.01689
271.192,395.5,0.214831,0.214127,-0.000101116,-0.0173659
272.058,395,0.214918,0.214171,-0.000102261,-0.0178966
272.924,394.5,0.215012,0.214219,-0.000103867,-0.0184414
273.79,394,0.215113,0.214272,-0.000105933,-0.0190001
274.656,393.5,0.215221,0.214329,-0.000108459,-0.0195728
275.522,393,0.215337,0.214391,-0.000111446,-0.0201596
276.388,392.5,0.215466,0.214464,-0.000110238,-0.0207584
277.254,392,0.215622,0.214561,-9.5387e-05,-0.0213652
278.12,391.5,0.21579,0.214667,-8.08405e-05,-0.0219855
278.986,391,0.215977,0.214789,-6.59147e-05,-0.0226161
279.852,390.5,0.216384,0.215141,-2.89092e-05,-0.0231611
280.718,390,0.216821,0.21552,1.0068e-05,-0.023717
281.584,389.5,0.217288,0.215927,5.10169e-05,-0.0242838
282.45,389,0.217551,0.216103,9.7919e-05,-0.0250638
283.316,388.5,0.217824,0.216282,0.000146658,-0.02587
284.182,388,0.218121,0.216482,0.000196941,-0.0266883
285.048,387.5,0.218443,0.216702,0.000248769,-0.0275185
285.914,387,0.21879,0.216944,0.000302141,-0.0283607
286.78,386.5,0.219162,0.217206,0.000357058,-0.0292149
287.646,386,0.219614,0.217548,0.000445657,-0.0300488
288.512,385.5,0.220119,0.217941,0.000554458,-0.0308836
289.378,385,0.220478,0.218178,0.000633718,-0.0317559
290.244,384.5,0.220872,0.218445,0.000713991,-0.0326431
291.11,384,0.221301,0.218743,0.00079528,-0.0335453
291.976,383.5,0.221765,0.21907,0.000877584,-0.0344624
292.842,383,0.222095,0.21923,0.000966297,-0.0355434
293.708,382.5,0.22206,0.218954,0.00106936,-0.0369962
294.574,382,0.222042,0.218677,0.00117503,-0.0384911
295.44,381.5,0.22204,0.218399,0.00128331,-0.0400281
296.306,381,0.222057,0.21812,0.0013942,-0.0416072
297.172,380.5,0.222092,0.217839,0.00150771,-0.0432284
298.038,380,0.222218,0.217637,0.00163319,-0.0448587
298.905,379.5,0.223028,0.218219,0.00191197,-0.0460273
299.771,379,0.22392,0.218868,0.00220085,-0.0472419
300.637,378.5,0.224889,0.219581,0.0024989,-0.0485055
301.503,378,0.225937,0.220358,0.0028061,-0.0498183
302.369,377.5,0.227064,0.221199,0.00312247,-0.0511801
303.235,377,0.228271,0.222104,0.00344799,-0.052591
304.101,376.5,0.228769,0.22207,0.00384551,-0.0548223
304.967,376,0.228981,0.221604,0.00428817,-0.0574965
305.833,375.5,0.22929,0.221182,0.00474691,-0.0602478
306.699,375,0.229697,0.220805,0.00522171,-0.0630762
307.565,374.5,0.230125,0.220411,0.00569834,-0.0659099
308.431,374,0.230322,0.219798,0.006142,-0.0685498
309.297,373.5,0.23067,0.219392,0.0066227,-0.0709378
310.163,373,0.231465,0.21959,0.00714811,-0.0728367
311.029,372.5,0.232574,0.220088,0.00768361,-0.074786
311.895,372,0.233995,0.220884,0.00822921,-0.0767859
312.761,371.5,0.235728,0.22198,0.00878491,-0.0788361
313.627,371,0.237771,0.223376,0.00935071,-0.0809369
314.493,370.5,0.239992,0.224882,0.00996189,-0.0832157
315.359,370,0.239655,0.222545,0.0113516,-0.0882022
316.225,369.5,0.239338,0.220047,0.0128214,-0.0932594
317.091,369,0.239163,0.217518,0.0143799,-0.0983769
317.957,368.5,0.239504,0.215364,0.0160322,-0.103554
318.823,368,0.240181,0.213375,0.017752,-0.108826
319.689,367.5,0.241195,0.211549,0.0195392,-0.114194
320.555,367,0.243348,0.211311,0.0201599,-0.118994
321.421,366.5,0.245868,0.211505,0.0202855,-0.123713
322.287,366,0.248425,0.21157,0.0203527,-0.128605
323.153,365.5,0.25103,0.211504,0.0203616,-0.133669
324.019,365,0.25369,0.211309,0.020312,-0.138905
324.885,364.5,0.256416,0.210984,0.0202042,-0.144315
325.751,364,0.259309,0.208623,0.022821,-0.152306
326.617,363.5,0.264642,0.205617,0.029625,-0.163948
327.483,363,0.272323,0.205426,0.0372503,-0.17485
328.349,362.5,0.279512,0.203855,0.0459032,-0.185642
329.215,362,0.286349,0.200906,0.0555837,-0.196323
330.081,361.5,0.29299,0.196578,0.0662919,-0.206895
330.947,361,0.3004,0.191722,0.0756412,-0.218543
331.813,360.5,0.318809,0.197102,0.0629212,-0.242551
332.679,360,0.344507,0.208565,0.0475693,-0.270042
333.546,359.5,0.37764,0.22611,0.0295853,-0.301017
334.412,359,0.418322,0.249739,0.00896925,-0.335476
335.278,358.5,0.466623,0.279449,-0.0142788,-0.373418
336.144,358,0.51377,0.311527,-0.035922,-0.406964
337.01,357.5,0.515254,0.322869,0.0136296,-0.401319
337.876,357,0.516768,0.339275,0.0780392,-0.381905
338.742,356.5,0.529608,0.366598,0.139363,-0.355905
339.608,356,0.554504,0.404837,0.1976,-0.323321
340.474,355.5,0.592228,0.453993,0.252751,-0.284151
341.34,355,0.643435,0.514065,0.304815,-0.238397
342.206,354.5,0.665461,0.544195,0.319421,-0.211332
343.072,354,0.652047,0.522838,0.318702,-0.224132
343.938,353.5,0.65397,0.48968,0.350477,-0.255061
344.804,353,0.67991,0.444718,0.414746,-0.30412
345.67,352.5,0.704516,0.379599,0.482553,-0.345528
346.536,352,0.711866,0.307279,0.535567,-0.35426
347.402,351.5,0.699206,0.261477,0.570853,-0.307646
348.268,351,0.555369,0.303638,0.46183,-0.0543343
349.134,350.5,0.510596,0.315159,0.376485,0.140148
350,350,0.512658,0.296043,0.314817,0.275802
350.866,349.5,0.511503,0.246288,0.276827,0.352626
351.732,349,0.483523,0.165895,0.262514,0.37062
352.598,348.5,0.430914,0.0548627,0.271879,0.329785
353.464,348,0.411511,-0.0868575,0.287631,0.281185
354.33,347.5,0.443264,-0.21598,0.285491,0.261401
355.196,347,0.490792,-0.27074,0.234854,0.335292
356.062,346.5,0.556366,-0.268651,0.160458,0.460025
356.928,346,0.631185,-0.264216,0.0957446,0.56517
357.794,345.5,0.700981,-0.257434,0.0407123,0.650726
358.66,345,0.72947,-0.223237,0.0283087,0.693895
359.526,344.5,0.730954,-0.172648,0.0422898,0.709012
360.392,344,0.733575,-0.130682,0.0492392,0.72016
361.258,343.5,0.735467,-0.0973372,0.0491569,0.727338
362.124,343,0.735348,-0.0726149,0.0420428,0.730545
362.99,342.5,0.7325,-0.0565148,0.027897,0.729783
363.856,342,0.721214,-0.0491296,0.0121767,0.719436
364.722,341.5,0.6887,-0.0585654,0.00879039,0.686149
365.588,341,0.657599,-0.0758033,0.00236799,0.653211
366.454,340.5,0.628391,-0.0931111,-0.00373602,0.621443
367.321,340,0.601164,-0.110489,-0.00952164,0.590847
368.187,339.5,0.576009,-0.127937,-0.0149889,0.561421
369.053,339,0.553019,-0.145454,-0.0201377,0.533167
369.919,338.5,0.530775,-0.151778,-0.0249094,0.508001
370.785,338,0.509232,-0.156106,-0.0294369,0.48382
371.651,337.5,0.488453,-0.15967,-0.0337311,0.460385
372.517,337,0.468404,-0.162471,-0.037792,0.437695
373.383,336.5,0.449049,-0.164507,-0.0416197,0.415752
374.249,336,0.430076,-0.163794,-0.0423719,0.3954
375.115,335.5,0.408984,-0.161786,-0.0415538,0.373319
375.981,335,0.386737,-0.159206,-0.040512,0.350111
376.847,334.5,0.365255,-0.156268,-0.0393698,0.327783
377.713,334,0.344521,-0.152972,-0.0381273,0.306334
378.579,333.5,0.324515,-0.149318,-0.0367844,0.285764
379.445,333,0.305219,-0.145307,-0.035341,0.266074
380.311,332.5,0.285838,-0.139716,-0.0338458,0.247057
381.177,332,0.265057,-0.130757,-0.0323351,0.228281
382.043,331.5,0.244987,-0.121937,-0.0306496,0.210263
382.909,331,0.225623,-0.113255,-0.0287895,0.193003
383.775,330.5,0.208194,-0.106334,-0.0282232,0.176752
384.641,330,0.191563,-0.100036,-0.0281449,0.160925
385.507,329.5,0.17519,-0.0937018,-0.0279942,0.145354
386.373,329,0.158204,-0.0833287,-0.0268515,0.131772
387.239,328.5,0.141689,-0.0732159,-0.0256669,0.118559
388.105,328,0.125694,-0.0635678,-0.0244867,0.105634
388.971,327.5,0.110224,-0.0543845,-0.0233106,0.0929965
389.837,327,0.0952856,-0.045666,-0.0221389,0.0806463
390.703,326.5,0.08089,-0.0374123,-0.0209713,0.0685836
391.569,326,0.0670852,-0.0287131,-0.0195966,0.0573756
392.435,325.5,0.0540699,-0.0198811,-0.0180694,0.0469233
393.301,325,0.0439204,-0.01273,-0.0169038,0.0384865
394.167,324.5,0.0351212,-0.00611794,-0.0158657,0.0307303
395.033,324,0.0275425,0.000347718,-0.0148489,0.0231943
395.899,323.5,0.0221021,0.00666701,-0.0138537,0.0158785
396.765,323,0.0207663,0.0133311,-0.0128583,0.0093908
397.631,322.5,0.0243664,0.020842,-0.0118504,0.00434763
398.497,322,0.030196,0.0281625,-0.0108804,-0.000537253
399.363,321.5,0.0370437,0.0352925,-0.00994841,-0.00526386
400.229,321,0.0442967,0.042232,-0.00905437,-0.00983218
401.095,320.5,0.0516643,0.048981,-0.00819829,-0.0142422
401.962,320,0.0589968,0.0555373,-0.00737832,-0.0184873
402.828,319.5,0.0657091,0.0615315,-0.00663117,-0.0220813
403.694,319,0.0722661,0.0673317,-0.00595045,-0.0255622
404.56,318.5,0.0786576,0.0729656,-0.00529352,-0.0288967
405.426,318,0.0848702,0.0784334,-0.0046604,-0.0320849
406.292,317.5,0.0908946,0.0837349,-0.00405109,-0.0351268
407.158,317,0.0967245,0.0888702,-0.00346558,-0.0380224
408.024,316.5,0.102334,0.0941764,-0.0029619,-0.0399298
408.89,316,0.107737,0.0994504,-0.0025028,-0.0413601
409.756,315.5,0.112941,0.104542,-0.00206195,-0.0426897
410.622,315,0.117945,0.109451,-0.00163934,-0.0439187
411.488,314.5,0.122748,0.114177,-0.00123497,-0.045047
412.354,314,0.127057,0.11833,-0.000946529,-0.0462647
413.22,313.5,0.131051,0.122249,-0.000672389,-0.0472151
414.086,313,0.13469,0.125937,-0.000398908,-0.0477633
414.952,312.5,0.138213,0.129515,-0.000138746,-0.0482578
415.818,312,0.141619,0.132982,0.000108095,-0.0486989
416.684,311.5,0.144907,0.13634,0.000341616,-0.0490864
417.55,311,0.148079,0.139587,0.000561817,-0.0494203
418.416,310.5,0.151121,0.142729,0.000764498,-0.0496507
419.282,310,0.153887,0.145829,0.000895953,-0.0491332
420.148,309.5,0.156554,0.148816,0.00101805,-0.0485999
421.014,309,0.159122,0.15169,0.00113079,-0.048051
421.88,308.5,0.161758,0.154531,0.00121509,-0.0477965
422.746,308,0.164309,0.157275,0.00129245,-0.0475411
423.612,307.5,0.166767,0.159921,0.0013635,-0.047275
424.478,307,0.16888,0.162289,0.00141693,-0.0466966
425.344,306.5,0.170839,0.164516,0.00146152,-0.0460229
426.21,306,0.172731,0.166663,0.0015012,-0.0453561
427.076,305.5,0.174555,0.168728,0.00153597,-0.0446964
427.942,305,0.176311,0.170714,0.00156583,-0.0440437
428.808,304.5,0.177997,0.172618,0.00159079,-0.0433979
429.674,304,0.179527,0.174396,0.00159775,-0.0425849
430.54,303.5,0.180889,0.17604,0.00158455,-0.0415751
431.406,303,0.182215,0.177579,0.00157186,-0.0408107
432.272,302.5,0.183504,0.179071,0.00155835,-0.0400622
433.138,302,0.184756,0.180515,0.00154403,-0.0393296
434.004,301.5,0.18597,0.18191,0.0015289,-0.0386129
434.87,301,0.187116,0.183234,0.00151185,-0.0378866
435.737,300.5,0.18802,0.184338,0.00148619,-0.0369952
436.603,300,0.188901,0.185408,0.00146025,-0.0361272
437.469,299.5,0.189758,0.186443,0.00143401,-0.0352825
438.335,299,0.190591,0.187444,0.00140747,-0.0344612
439.201,298.5,0.191399,0.18841,0.00138064,-0.0336633
440.067,298,0.192195,0.189352,0.00135393,-0.0329032
440.933,297.5,0.19297,0.190266,0.001323,-0.0321654
441.799,297,0.193697,0.191128,0.00129044,-0.031415
442.665,296.5,0.194405,0.191964,0.00125824,-0.0306854
443.531,296,0.195094,0.192774,0.00122639,-0.0299765
444.397,295.5,0.195764,0.193557,0.00119488,-0.0292884
445.263,295,0.196413,0.194313,0.00116373,-0.0286211
446.129,294.5,0.196972,0.194979,0.00113085,-0.0279275
446.995,294,0.197445,0.195558,0.0010964,-0.0272068
447.861,293.5,0.197905,0.196119,0.0010626,-0.0265079
448.727,293,0.198353,0.196662,0.00102945,-0.0258309
449.593,292.5,0.198794,0.197189,0.000998221,-0.0251884
450.459,292,0.199251,0.19772,0.000974398,-0.0246326
451.325,291.5,0.199681,0.198221,0.000950453,-0.0240793
452.191,291,0.200024,0.198638,0.00092419,-0.0234836
453.057,290.5,0.200361,0.199046,0.00089854,-0.0229038
453.923,290,0.200692,0.199443,0.000873503,-0.02234
454.789,289.5,0.201017,0.19983,0.000849078,-0.0217921
455.655,289,0.201335,0.200208,0.000825266,-0.0212601
456.521,288.5,0.201647,0.200576,0.000802067,-0.020744
457.387,288,0.201882,0.200866,0.00077807,-0.0202077
458.253,287.5,0.202101,0.201139,0.000754479,-0.0196812
459.119,287,0.202332,0.201419,0.000731667,-0.0191824
459.985,286.5,0.202607,0.201737,0.00070992,-0.0187406
460.851,286,0.202877,0.202048,0.000688666,-0.0183106
461.717,285.5,0.203141,0.20235,0.000667906,-0.0178924
462.583,285,0.203365,0.202613,0.000647145,-0.0174705
463.449,284.5,0.203559,0.202843,0.000626476,-0.0170472
464.315,284,0.203749,0.203068,0.000606313,-0.0166352
465.181,283.5,0.203936,0.203288,0.000586654,-0.0162346
466.047,283,0.204119,0.203503,0.000567501,-0.0158453
466.913,282.5,0.204299,0.203712,0.000548852,-0.0154673
467.779,282,0.204464,0.203905,0.00053054,-0.0150964
468.645,281.5,0.204594,0.204062,0.000513386,-0.0147298
469.512,281,0.204737,0.20423,0.000499754,-0.0143914
470.378,280.5,0.204878,0.204394,0.000486441,-0.0140613
471.244,280,0.205018,0.204556,0.000473447,-0.0137394
472.11,279.5,0.205156,0.204716,0.000460772,-0.0134258
472.976,279,0.205292,0.204872,0.000448416,-0.0131204
473.842,278.5,0.205392,0.204992,0.000436169,-0.0128128
474.708,278,0.205489,0.205107,0.000424186,-0.0125119
475.574,277.5,0.205584,0.20522,0.000412484,-0.0122188
476.44,277,0.205679,0.205332,0.000401064,-0.0119333
477.306,276.5,0.205774,0.205443,0.000389924,-0.0116555
478.172,276,0.205876,0.205561,0.000378946,-0.0113923
479.038,275.5,0.205977,0.205675,0.000367879,-0.0111443
