x,v,vx,vy,vz
220.096,425,0.175341,0.174935,0.0020157,-0.0117475
220.962,424.5,0.174534,0.174109,0.002078,-0.0119932
221.828,424,0.173659,0.173214,0.0021462,-0.0122366
222.694,423.5,0.172702,0.172236,0.00222446,-0.0124785
223.56,423,0.171752,0.171264,0.00230414,-0.0127357
224.426,422.5,0.170799,0.170286,0.00238462,-0.0130055
225.292,422,0.169841,0.169302,0.0024659,-0.0132877
226.158,421.5,0.168879,0.168312,0.00254799,-0.0135824
227.024,421,0.167896,0.1673,0.0026323,-0.0138868
227.89,420.5,0.166716,0.16609,0.00273334,-0.0141725
228.756,420,0.16553,0.164872,0.00283548,-0.0144734
229.622,419.5,0.164338,0.163645,0.0029387,-0.0147892
230.488,419,0.163139,0.162409,0.003043,-0.0151202
231.355,418.5,0.161935,0.161164,0.0031484,-0.0154661
232.221,418,0.160771,0.159956,0.00325031,-0.0158392
233.087,417.5,0.159417,0.158556,0.00336892,-0.0162004
233.953,417,0.157997,0.157086,0.003494,-0.0165719
234.819,416.5,0.156572,0.155608,0.00362025,-0.0169643
235.685,416,0.155143,0.154121,0.00374767,-0.0173777
236.551,415.5,0.15371,0.152625,0.00387626,-0.0178121
237.417,415,0.152273,0.15112,0.00400601,-0.0182674
238.283,414.5,0.150674,0.149449,0.00415026,-0.0187221
239.149,414,0.148878,0.147574,0.00431207,-0.0191757
240.015,413.5,0.147074,0.145686,0.00447545,-0.0196554
240.881,413,0.145264,0.143783,0.0046404,-0.0201614
241.747,412.5,0.14352,0.141937,0.00480824,-0.0207064
242.613,412,0.141797,0.140102,0.0049779,-0.0212839
243.479,411.5,0.140014,0.138198,0.00515446,-0.0218821
244.345,411,0.137847,0.135899,0.00536689,-0.0224616
245.211,410.5,0.135682,0.133588,0.00558121,-0.0230785
246.077,410,0.13352,0.131266,0.00579741,-0.0237327
246.943,409.5,0.131362,0.128932,0.0060155,-0.0244241
247.809,409,0.129211,0.126585,0.00623548,-0.0251529
248.675,408.5,0.127066,0.124227,0.00645734,-0.025919
249.541,408,0.124435,0.121353,0.00672201,-0.0266866
250.407,407.5,0.121705,0.118352,0.00699787,-0.0274943
251.273,407,0.11914,0.115486,0.00726484,-0.0283626
252.139,406.5,0.116632,0.112644,0.00753144,-0.0292854
253.005,406,0.114159,0.109798,0.00779972,-0.0302608
253.871,405.5,0.111723,0.106948,0.00806968,-0.0312887
254.737,405,0.108951,0.103701,0.00837495,-0.0323457
255.603,404.5,0.105867,0.100066,0.00871488,-0.0334462
256.469,404,0.10285,0.0964247,0.00905711,-0.0346172
257.335,403.5,0.0999082,0.0927761,0.00940165,-0.0358589
258.201,403,0.0970525,0.0891204,0.00974849,-0.0371712
259.067,402.5,0.0942942,0.0854577,0.0100976,-0.0385541
259.933,402,0.0914636,0.0815771,0.0104638,-0.0400159
260.799,401.5,0.0882356,0.0770669,0.010886,-0.0415657
261.665,401,0.0852416,0.0726042,0.0113081,-0.0432074
262.531,400.5,0.082486,0.068164,0.0117306,-0.0449445
263.397,400,0.0799962,0.0637464,0.0121538,-0.0467768
264.263,399.5,0.0778003,0.0593512,0.0125774,-0.0487045
265.13,399,0.0759274,0.0549786,0.0130016,-0.0507275
265.996,398.5,0.0737259,0.0494848,0.0135088,-0.0529554
266.862,398,0.0719931,0.0438722,0.0140272,-0.0553306
267.728,397.5,0.0708795,0.0382991,0.0145454,-0.0578404
268.594,397,0.0704196,0.0327656,0.0150634,-0.0604849
269.46,396.5,0.0706319,0.0272718,0.0155811,-0.063264
270.326,396,0.0714406,0.0223157,0.0160731,-0.065935
271.192,395.5,0.0728311,0.0164589,0.0166066,-0.068976
272.058,395,0.0750315,0.009951,0.0171711,-0.0723592
272.924,394.5,0.0780072,0.00357589,0.0177326,-0.0758808
273.79,394,0.0816602,-0.00266638,0.0182911,-0.0795407
274.656,393.5,0.0858929,-0.00877581,0.0188465,-0.083339
275.522,393,0.0906145,-0.0147524,0.019399,-0.0872756
276.388,392.5,0.0960165,-0.02103,0.0199631,-0.0915335
277.254,392,0.102683,-0.0284132,0.0205665,-0.0965064
278.12,391.5,0.109758,-0.0355559,0.0211639,-0.101659
278.986,391,0.117122,-0.042449,0.0217548,-0.106969
279.852,390.5,0.123914,-0.0488284,0.0223318,-0.111677
280.718,390,0.130797,-0.0549816,0.0229069,-0.116448
281.584,389.5,0.137734,-0.0609085,0.02348,-0.121283
282.45,389,0.146705,-0.068457,0.0240785,-0.1275
283.316,388.5,0.155776,-0.0758052,0.0246719,-0.133832
284.182,388,0.164769,-0.0828204,0.025258,-0.140185
285.048,387.5,0.173659,-0.0895025,0.0258368,-0.146558
285.914,387,0.182425,-0.0958516,0.0264084,-0.152951
286.78,386.5,0.191055,-0.101868,0.0269726,-0.159365
287.646,386,0.200486,-0.108036,0.0273508,-0.166658
288.512,385.5,0.210117,-0.114074,0.0276533,-0.174274
289.378,385,0.219181,-0.120315,0.0279698,-0.181059
290.244,384.5,0.227985,-0.126322,0.0283189,-0.187665
291.11,384,0.236527,-0.132096,0.0287007,-0.194093
291.976,383.5,0.244802,-0.137636,0.0291152,-0.200342
292.842,383,0.254039,-0.142795,0.0290989,-0.208083
293.708,382.5,0.265446,-0.147509,0.028167,-0.218881
294.574,382,0.276011,-0.152188,0.0274322,-0.228623
295.44,381.5,0.285717,-0.156829,0.0268943,-0.237309
296.306,381,0.294553,-0.161435,0.0265535,-0.244939
297.172,380.5,0.302512,-0.166004,0.0264097,-0.251513
298.038,380,0.309989,-0.170696,0.0263909,-0.25741
298.905,379.5,0.321246,-0.169963,0.0250182,-0.271452
299.771,379,0.332401,-0.170294,0.0236544,-0.284483
300.637,378.5,0.343324,-0.171758,0.0223099,-0.296433
301.503,378,0.353942,-0.174355,0.0209845,-0.307303
302.369,377.5,0.364208,-0.178083,0.0196785,-0.317092
303.235,377,0.374101,-0.182943,0.0183916,-0.3258
304.101,376.5,0.372254,-0.181411,0.0174027,-0.324592
304.967,376,0.368659,-0.177801,0.0159487,-0.322555
305.833,375.5,0.369587,-0.175805,0.0137761,-0.324804
306.699,375,0.375068,-0.175424,0.010885,-0.331336
307.565,374.5,0.384238,-0.175989,0.00752558,-0.341482
308.431,374,0.393128,-0.175866,0.00471581,-0.351566
309.297,373.5,0.385042,-0.187271,0.00258591,-0.336423
310.163,373,0.355541,-0.213756,0.00110233,-0.284107
311.029,372.5,0.340398,-0.236131,-0.00142541,-0.245175
311.895,372,0.336123,-0.254397,-0.00499729,-0.219626
312.761,371.5,0.339491,-0.268554,-0.00961332,-0.207461
313.627,371,0.348424,-0.278602,-0.0152735,-0.208679
314.493,370.5,0.362933,-0.289181,-0.0233626,-0.218057
315.359,370,0.415249,-0.388615,-0.0583039,-0.134204
316.225,369.5,0.490421,-0.477642,-0.0887193,-0.0670804
317.091,369,0.567045,-0.555247,-0.114641,-0.00990429
317.957,368.5,0.633594,-0.616837,-0.137093,0.0464633
318.823,368,0.686685,-0.663318,-0.15654,0.0839034
319.689,367.5,0.723193,-0.694691,-0.172984,0.102416
320.555,367,0.855572,-0.798426,-0.206392,0.227864
321.421,366.5,1.032,-0.925921,-0.245834,0.383742
322.287,366,1.20412,-1.04607,-0.284234,0.524269
323.153,365.5,1.36681,-1.15886,-0.321592,0.649443
324.019,365,1.51758,-1.26431,-0.357907,0.759266
324.885,364.5,1.65517,-1.3624,-0.39318,0.853737
325.751,364,1.80501,-1.46638,-0.432862,0.95939
326.617,363.5,1.9905,-1.58507,-0.480853,1.10383
327.483,363,2.15382,-1.68115,-0.525536,1.23955
328.349,362.5,2.31208,-1.77505,-0.569775,1.36758
329.215,362,2.46478,-1.86675,-0.613571,1.48793
330.081,361.5,2.61158,-1.95625,-0.656924,1.60058
330.947,361,2.73862,-2.03497,-0.698234,1.69452
331.813,360.5,2.76196,-2.05051,-0.72942,1.70052
332.679,360,2.82049,-2.09096,-0.768224,1.72998
333.546,359.5,2.91414,-2.15632,-0.814648,1.78293
334.412,359,3.04285,-2.24659,-0.868691,1.85934
335.278,358.5,3.20657,-2.36177,-0.930353,1.95923
336.144,358,3.3384,-2.44631,-0.984248,2.04737
337.01,357.5,3.16477,-2.30358,-0.981609,1.93538
337.876,357,2.96968,-2.14058,-0.977498,1.81146
338.742,356.5,2.81615,-2.00093,-0.982658,1.72086
339.608,356,2.70435,-1.88463,-0.997089,1.66358
340.474,355.5,2.63449,-1.79169,-1.02079,1.63963
341.34,355,2.60676,-1.72209,-1.05377,1.64899
342.206,354.5,2.48663,-1.61304,-1.02695,1.58959
343.072,354,2.24778,-1.45637,-0.919169,1.44452
343.938,353.5,2.03745,-1.32203,-0.802945,1.32617
344.804,353,1.85696,-1.21001,-0.678279,1.23455
345.67,352.5,1.62999,-1.06556,-0.516804,1.11998
346.536,352,1.34274,-0.875116,-0.318127,0.967426
347.402,351.5,1.07526,-0.684688,-0.116236,0.820899
348.268,351,0.798883,-0.454733,0.0695579,0.653141
349.134,350.5,0.63376,-0.274218,0.23042,0.52284
350,350,0.582753,-0.143143,0.366351,0.429997
350.866,349.5,0.609902,-0.0615087,0.477351,0.374612
351.732,349,0.667475,-0.029314,0.563419,0.356683
352.598,348.5,0.730598,-0.0465594,0.624555,0.376213
353.464,348,0.714631,-0.0375942,0.516014,0.492965
354.33,347.5,0.715041,-0.000869343,0.365518,0.614556
355.196,347,0.748354,0.0573663,0.193922,0.720511
356.062,346.5,0.812031,0.117254,0.0322559,0.802873
356.928,346,0.886729,0.170603,-0.104022,0.863923
357.794,345.5,0.95397,0.217414,-0.214913,0.90366
358.66,345,0.954573,0.247806,-0.234285,0.891579
359.526,344.5,0.909368,0.261923,-0.192498,0.849289
360.392,344,0.867194,0.268325,-0.155931,0.809761
361.258,343.5,0.827248,0.267013,-0.124584,0.772996
362.124,343,0.788898,0.257985,-0.0984583,0.738992
362.99,342.5,0.751747,0.241243,-0.0775525,0.707751
363.856,342,0.717234,0.219777,-0.0635664,0.679766
364.722,341.5,0.701889,0.214679,-0.0540925,0.666059
365.588,341,0.695602,0.214521,-0.0433278,0.660277
366.454,340.5,0.690573,0.21408,-0.0343257,0.655654
367.321,340,0.686735,0.213355,-0.0270862,0.652189
368.187,339.5,0.684036,0.212346,-0.0216092,0.649883
369.053,339,0.682438,0.211054,-0.0178949,0.648735
369.919,338.5,0.678349,0.209117,-0.0169113,0.64509
370.785,338,0.673288,0.206663,-0.0165653,0.640572
371.651,337.5,0.667571,0.203721,-0.0166814,0.635508
372.517,337,0.661202,0.200294,-0.0172594,0.629898
373.383,336.5,0.654183,0.196379,-0.0182993,0.623743
374.249,336,0.644783,0.191162,-0.0201317,0.615464
375.115,335.5,0.631338,0.184813,-0.021057,0.603315
375.981,335,0.616242,0.178182,-0.0212966,0.589535
376.847,334.5,0.601581,0.171466,-0.0214862,0.576227
377.713,334,0.587359,0.164666,-0.0216258,0.56339
378.579,333.5,0.57358,0.157782,-0.0217153,0.551024
379.445,333,0.560249,0.150813,-0.0217547,0.53913
380.311,332.5,0.547467,0.144485,-0.021611,0.527615
381.177,332,0.535359,0.140024,-0.0211165,0.516291
382.043,331.5,0.523635,0.135445,-0.0206689,0.505392
382.909,331,0.512297,0.130748,-0.0202681,0.494917
383.775,330.5,0.501828,0.125079,-0.0198443,0.485585
384.641,330,0.491844,0.119139,-0.0194296,0.4768
385.507,329.5,0.48214,0.113292,-0.0190499,0.468254
386.373,329,0.472658,0.108204,-0.0182755,0.459743
387.239,328.5,0.463373,0.103209,-0.0175539,0.451391
388.105,328,0.454286,0.0982734,-0.0169067,0.443207
388.971,327.5,0.445398,0.0933979,-0.0163339,0.435189
389.837,327,0.43671,0.0885821,-0.0158355,0.427339
390.703,326.5,0.428223,0.0838261,-0.0154116,0.419656
391.569,326,0.419938,0.0794494,-0.014985,0.412081
392.435,325.5,0.411824,0.0752841,-0.0145876,0.404621
393.301,325,0.404048,0.071056,-0.0141951,0.397498
394.167,324.5,0.396435,0.0668463,-0.0138272,0.390514
395.033,324,0.38893,0.0626819,-0.0134993,0.383608
395.899,323.5,0.381534,0.0585626,-0.0132116,0.376781
396.765,323,0.37414,0.0545284,-0.0129519,0.369919
397.631,322.5,0.366621,0.0506302,-0.0127118,0.362886
398.497,322,0.359192,0.0467887,-0.0125183,0.355912
399.363,321.5,0.351854,0.0430039,-0.0123715,0.348997
400.229,321,0.344607,0.0392759,-0.0122715,0.342141
401.095,320.5,0.337451,0.0356046,-0.0122181,0.335345
401.962,320,0.330383,0.0319935,-0.0122119,0.328604
402.828,319.5,0.32346,0.0286235,-0.012131,0.321963
403.694,319,0.316679,0.0253118,-0.0120366,0.315436
404.56,318.5,0.309974,0.0220929,-0.0119574,0.308954
405.426,318,0.303344,0.0189668,-0.0118934,0.302517
406.292,317.5,0.296789,0.0159333,-0.0118446,0.296124
407.158,317,0.290308,0.0129926,-0.0118109,0.289776
408.024,316.5,0.283543,0.0103464,-0.0118205,0.283107
408.89,316,0.276685,0.007882,-0.0118525,0.276318
409.756,315.5,0.269887,0.00551104,-0.0118935,0.269569
410.622,315,0.26315,0.00323348,-0.0119435,0.262859
411.488,314.5,0.256472,0.00104933,-0.0120025,0.256189
412.354,314,0.250138,-0.00117625,-0.0120168,0.249847
413.22,313.5,0.243714,-0.00314093,-0.0120505,0.243395
414.086,313,0.237053,-0.00471031,-0.0121188,0.236696
414.952,312.5,0.230456,-0.00619587,-0.012184,0.23005
415.818,312,0.223923,-0.00759761,-0.012246,0.223459
416.684,311.5,0.217453,-0.00891553,-0.0123048,0.216922
417.55,311,0.211045,-0.0101496,-0.0123605,0.210438
418.416,310.5,0.204665,-0.0112626,-0.0124146,0.203977
419.282,310,0.197866,-0.0117603,-0.012484,0.197122
420.148,309.5,0.191132,-0.012177,-0.0125449,0.190331
421.014,309,0.184461,-0.0125127,-0.0125974,0.183605
421.88,308.5,0.178134,-0.0128814,-0.0125842,0.177221
422.746,308,0.171868,-0.0131862,-0.0125615,0.170901
423.612,307.5,0.165655,-0.0134235,-0.0125309,0.164634
424.478,307,0.15918,-0.0130822,-0.0124953,0.158149
425.344,306.5,0.152663,-0.0125141,-0.0124508,0.151639
426.21,306,0.146207,-0.0118906,-0.0123962,0.145195
427.076,305.5,0.139815,-0.0112117,-0.0123315,0.138818
427.942,305,0.133485,-0.0104775,-0.0122567,0.132507
428.808,304.5,0.127219,-0.0096878,-0.0121718,0.126264
429.674,304,0.120879,-0.00854171,-0.0120651,0.119971
430.54,303.5,0.11446,-0.00696763,-0.011933,0.113623
431.406,303,0.108617,-0.00553491,-0.0118276,0.107829
432.272,302.5,0.102868,-0.00406863,-0.0117133,0.102118
433.138,302,0.0972181,-0.00256882,-0.0115901,0.0964906
434.004,301.5,0.0916708,-0.00103545,-0.0114581,0.090946
434.87,301,0.0862191,0.000613667,-0.0113125,0.0854715
435.737,300.5,0.0808105,0.00288302,-0.0111234,0.0799893
436.603,300,0.0755704,0.00516801,-0.010926,0.0745976
437.469,299.5,0.0705172,0.00746864,-0.0107205,0.0692962
438.335,299,0.0656739,0.00978492,-0.0105067,0.0640854
439.201,298.5,0.0610692,0.0121168,-0.0102847,0.0589649
440.067,298,0.0567536,0.0144429,-0.0100575,0.0539557
440.933,297.5,0.0530291,0.0170517,-0.00982399,0.0492424
441.799,297,0.0497347,0.0197666,-0.00958032,0.044621
442.665,296.5,0.0468966,0.0224706,-0.00933393,0.0400904
443.531,296,0.0445725,0.0251637,-0.00908483,0.0356506
444.397,295.5,0.042816,0.027846,-0.00883301,0.0313016
445.263,295,0.0416682,0.0305174,-0.00857848,0.0270433
446.129,294.5,0.0413895,0.0334347,-0.00830249,0.0229409
446.995,294,0.0420017,0.0365941,-0.00800582,0.018998
447.861,293.5,0.0432091,0.0397259,-0.00770833,0.015148
448.727,293,0.044934,0.04283,-0.00741003,0.0113907
449.593,292.5,0.0470674,0.0458731,-0.00712269,0.00776287
450.459,292,0.0493928,0.0487089,-0.0068981,0.00441671
451.325,291.5,0.0520333,0.0515908,-0.00666715,0.00118774
452.191,291,0.055183,0.0547803,-0.00641129,-0.00178244
453.057,290.5,0.0584422,0.0579285,-0.00615618,-0.00467772
453.923,290,0.0617769,0.0610355,-0.00590181,-0.00749812
454.789,289.5,0.0651597,0.0641011,-0.0056482,-0.0102436
455.655,289,0.068569,0.0671255,-0.00539533,-0.0129142
456.521,288.5,0.0719876,0.0701085,-0.00514321,-0.01551
457.387,288,0.0755964,0.0733117,-0.00487033,-0.0177903
458.253,287.5,0.0791991,0.076504,-0.00459667,-0.0199626
459.119,287,0.0827211,0.0796081,-0.00433684,-0.0220574
459.985,286.5,0.086072,0.0825383,-0.0041197,-0.0240591
460.851,286,0.0893765,0.0854216,-0.00390624,-0.026001
461.717,285.5,0.0926316,0.088258,-0.00369646,-0.0278832
462.583,285,0.0958878,0.0911589,-0.0034833,-0.0295364
463.449,284.5,0.0991275,0.0941,-0.00326877,-0.0309964
464.315,284,0.102304,0.0969875,-0.00305892,-0.0324052
465.181,283.5,0.105415,0.0998216,-0.00285373,-0.0337628
466.047,283,0.108462,0.102602,-0.0026532,-0.0350692
466.913,282.5,0.111444,0.105329,-0.00245735,-0.0363244
467.779,282,0.114362,0.10803,-0.00226421,-0.0374572
468.645,281.5,0.117186,0.110724,-0.00207955,-0.0383195
469.512,281,0.119865,0.113268,-0.00192409,-0.0391686
470.378,280.5,0.122487,0.115763,-0.00177205,-0.0399848
471.244,280,0.125052,0.118209,-0.00162343,-0.040768
472.11,279.5,0.127559,0.120605,-0.00147822,-0.0415182
472.976,279,0.13001,0.122951,-0.00133643,-0.0422355
473.842,278.5,0.13236,0.125293,-0.00119672,-0.0426562
474.708,278,0.134652,0.127588,-0.00106069,-0.0430288
475.574,277.5,0.136891,0.129833,-0.000928454,-0.0433774
476.44,277,0.139075,0.132028,-0.000800023,-0.0437019
477.306,276.5,0.141206,0.134173,-0.000675396,-0.0440023
478.172,276,0.143283,0.13626,-0.000562719,-0.0443041
479.038,275.5,0.145262,0.138284,-0.000470449,-0.0444807
