x,v,vx,vy,vz
220.096,425,0.208548,0.208547,-2.16168e-05,-0.00072479
220.962,424.5,0.208557,0.208556,-2.21501e-05,-0.000739169
221.828,424,0.208566,0.208565,-2.2703e-05,-0.00075427
222.694,423.5,0.208575,0.208574,-2.32823e-05,-0.000770111
223.56,423,0.208585,0.208583,-2.38742e-05,-0.00078603
224.426,422.5,0.208595,0.208593,-2.44782e-05,-0.000802177
225.292,422,0.208605,0.208603,-2.50943e-05,-0.000818553
226.158,421.5,0.208616,0.208614,-2.57225e-05,-0.000835157
227.024,421,0.208626,0.208625,-2.63649e-05,-0.000852129
227.89,420.5,0.208637,0.208635,-2.70412e-05,-0.000870907
228.756,420,0.208648,0.208646,-2.77282e-05,-0.000889967
229.622,419.5,0.208659,0.208657,-2.84259e-05,-0.000909309
230.488,419,0.208671,0.208669,-2.91343e-05,-0.000928933
231.355,418.5,0.208683,0.208681,-2.98535e-05,-0.00094884
232.221,418,0.208696,0.208693,-3.06099e-05,-0.0009686
233.087,417.5,0.208709,0.208707,-3.14228e-05,-0.000990073
233.953,417,0.208722,0.20872,-3.22615e-05,-0.00101236
234.819,416.5,0.208736,0.208734,-3.31166e-05,-0.00103498
235.685,416,0.20875,0.208748,-3.39882e-05,-0.00105794
236.551,415.5,0.208765,0.208762,-3.48763e-05,-0.00108123
237.417,415,0.20878,0.208777,-3.57808e-05,-0.00110485
238.283,414.5,0.208796,0.208792,-3.67135e-05,-0.00112997
239.149,414,0.208811,0.208808,-3.76806e-05,-0.00115691
240.015,413.5,0.208827,0.208823,-3.86694e-05,-0.00118427
240.881,413,0.208843,0.208839,-3.96801e-05,-0.00121205
241.747,412.5,0.20886,0.208857,-4.07087e-05,-0.00123959
242.613,412,0.208879,0.208875,-4.17551e-05,-0.00126736
243.479,411.5,0.208898,0.208893,-4.28291e-05,-0.00129601
244.345,411,0.208916,0.208911,-4.39841e-05,-0.00132796
245.211,410.5,0.208935,0.20893,-4.51675e-05,-0.00136049
246.077,410,0.208954,0.208949,-4.63793e-05,-0.00139358
246.943,409.5,0.208974,0.208969,-4.76195e-05,-0.00142723
247.809,409,0.208995,0.20899,-4.8888e-05,-0.00146146
248.675,408.5,0.209016,0.209011,-5.0185e-05,-0.00149625
249.541,408,0.209037,0.209031,-5.15361e-05,-0.00153495
250.407,407.5,0.209058,0.209052,-5.29207e-05,-0.00157509
251.273,407,0.209083,0.209077,-5.44237e-05,-0.00161451
252.139,406.5,0.209109,0.209102,-5.59844e-05,-0.00165431
253.005,406,0.209136,0.209129,-5.75871e-05,-0.00169476
253.871,405.5,0.209164,0.209156,-5.92319e-05,-0.00173586
254.737,405,0.209192,0.209184,-6.09999e-05,-0.00178037
255.603,404.5,0.209219,0.209211,-6.28922e-05,-0.00182836
256.469,404,0.209248,0.20924,-6.48314e-05,-0.0018772
257.335,403.5,0.209278,0.209269,-6.68175e-05,-0.00192689
258.201,403,0.209309,0.2093,-6.88505e-05,-0.00197744
259.067,402.5,0.209342,0.209332,-7.09303e-05,-0.00202883
259.933,402,0.209374,0.209364,-7.30827e-05,-0.00208239
260.799,401.5,0.209408,0.209397,-7.53825e-05,-0.00214093
261.665,401,0.209443,0.209431,-7.77476e-05,-0.00220049
262.531,400.5,0.20948,0.209467,-8.01798e-05,-0.00226125
263.397,400,0.209518,0.209505,-8.2679e-05,-0.0023232
264.263,399.5,0.209557,0.209544,-8.52452e-05,-0.00238633
265.13,399,0.209598,0.209584,-8.78786e-05,-0.00245066
265.996,398.5,0.209638,0.209623,-9.09002e-05,-0.00252431
266.862,398,0.20968,0.209663,-9.40614e-05,-0.00260065
267.728,397.5,0.209723,0.209706,-9.73198e-05,-0.00267859
268.594,397,0.209768,0.209749,-0.000100675,-0.00275814
269.46,396.5,0.209814,0.209795,-0.000104128,-0.00283929
270.326,396,0.209871,0.209851,-0.000107895,-0.00291741
271.192,395.5,0.209927,0.209905,-0.000112077,-0.00300432
272.058,395,0.209982,0.209959,-0.000116641,-0.0030991
272.924,394.5,0.21004,0.210016,-0.00012136,-0.00319613
273.79,394,0.210101,0.210075,-0.000126236,-0.00329541
274.656,393.5,0.210164,0.210136,-0.000131269,-0.00339693
275.522,393,0.21023,0.2102,-0.000136457,-0.00350069
276.388,392.5,0.210298,0.210267,-0.000141899,-0.00361033
277.254,392,0.210368,0.210335,-0.000147792,-0.0037336
278.12,391.5,0.210442,0.210407,-0.000153844,-0.00385983
278.986,391,0.21052,0.210482,-0.000160065,-0.00398877
279.852,390.5,0.210611,0.21057,-0.000166795,-0.00411239
280.718,390,0.210707,0.210664,-0.000173762,-0.00423836
281.584,389.5,0.210809,0.210764,-0.000180965,-0.00436668
282.45,389,0.210895,0.210847,-0.000189734,-0.00452902
283.316,388.5,0.210986,0.210933,-0.000198979,-0.00469713
284.182,388,0.211081,0.211025,-0.000208612,-0.00486885
285.048,387.5,0.211182,0.211122,-0.000218632,-0.00504416
285.914,387,0.211289,0.211224,-0.00022904,-0.00522307
286.78,386.5,0.211401,0.211331,-0.000239836,-0.00540558
287.646,386,0.211534,0.211459,-0.000249969,-0.0056013
288.512,385.5,0.211686,0.211606,-0.000259699,-0.00580704
289.378,385,0.211848,0.211762,-0.000268916,-0.00601752
290.244,384.5,0.212017,0.211925,-0.000278231,-0.00623412
291.11,384,0.212193,0.212095,-0.000287645,-0.00645687
291.976,383.5,0.212376,0.212271,-0.000297158,-0.00668574
292.842,383,0.212539,0.212425,-0.000307889,-0.00695157
293.708,382.5,0.212646,0.21252,-0.000321198,-0.00729992
294.574,382,0.212757,0.212619,-0.000334494,-0.00766394
295.44,381.5,0.212874,0.212721,-0.000347777,-0.00804362
296.306,381,0.212995,0.212827,-0.000361046,-0.00843898
297.172,380.5,0.213121,0.212936,-0.000374301,-0.00885
298.038,380,0.213268,0.213066,-0.000388435,-0.00926212
298.905,379.5,0.213604,0.213389,-0.000399931,-0.00957713
299.771,379,0.213989,0.213759,-0.000411621,-0.00989796
300.637,378.5,0.214421,0.214176,-0.000423579,-0.0102249
301.503,378,0.2149,0.21464,-0.000435807,-0.0105579
302.369,377.5,0.215427,0.21515,-0.000448303,-0.0108971
303.235,377,0.216001,0.215707,-0.000461068,-0.0112423
304.101,376.5,0.216386,0.216064,-0.00047951,-0.0117952
304.967,376,0.216681,0.216323,-0.000502209,-0.0124459
305.833,375.5,0.216995,0.216599,-0.000526838,-0.0130969
306.699,375,0.217329,0.216893,-0.000553396,-0.0137481
307.565,374.5,0.217631,0.217151,-0.000575538,-0.0144361
308.431,374,0.217773,0.217235,-0.000572422,-0.0152907
309.297,373.5,0.218108,0.21751,-0.000558878,-0.0161351
310.163,373,0.218757,0.218104,-0.000536089,-0.0168854
311.029,372.5,0.2194,0.218688,-0.000515144,-0.0176486
311.895,372,0.220035,0.219262,-0.000496044,-0.0184245
312.761,371.5,0.220665,0.219826,-0.000478787,-0.0192132
313.627,371,0.221288,0.22038,-0.000463374,-0.0200147
314.493,370.5,0.221867,0.22088,-0.000440793,-0.0208967
315.359,370,0.221696,0.220467,-0.000217,-0.0233043
316.225,369.5,0.221576,0.220053,3.58016e-05,-0.0259345
317.091,369,0.221852,0.220009,0.000315873,-0.0285307
317.957,368.5,0.222996,0.220905,0.000625069,-0.0304642
318.823,368,0.224129,0.221793,0.000970393,-0.0322619
319.689,367.5,0.225246,0.222673,0.00135185,-0.0339238
320.555,367,0.227311,0.22463,0.00154909,-0.0347762
321.421,366.5,0.230243,0.227479,0.00168778,-0.035534
322.287,366,0.233772,0.230899,0.00184679,-0.0364896
323.153,365.5,0.237896,0.23489,0.00202612,-0.0376432
324.019,365,0.242617,0.239452,0.00222576,-0.0389946
324.885,364.5,0.247935,0.244586,0.00244572,-0.0405438
325.751,364,0.25196,0.248231,0.00387365,-0.0430146
326.617,363.5,0.252351,0.247928,0.00721807,-0.0464839
327.483,363,0.25088,0.245406,0.0108969,-0.0509707
328.349,362.5,0.249982,0.243013,0.0148799,-0.056694
329.215,362,0.249758,0.240749,0.019167,-0.0636539
330.081,361.5,0.250327,0.238614,0.0237582,-0.0718504
330.947,361,0.251616,0.236621,0.0281474,-0.0808022
331.813,360.5,0.251705,0.235036,0.0281333,-0.0855701
332.679,360,0.251986,0.233904,0.0279948,-0.0894524
333.546,359.5,0.252409,0.233227,0.027732,-0.0924492
334.412,359,0.252941,0.233002,0.0273448,-0.0945603
335.278,358.5,0.253558,0.233231,0.0268333,-0.0957859
336.144,358,0.25992,0.239954,0.027011,-0.0961807
337.01,357.5,0.280434,0.250027,0.0539289,-0.114984
337.876,357,0.305739,0.257761,0.0955476,-0.133815
338.742,356.5,0.336398,0.264993,0.145813,-0.147243
339.608,356,0.373972,0.271725,0.204725,-0.155269
340.474,355.5,0.419914,0.277956,0.272284,-0.157892
341.34,355,0.475375,0.283685,0.348489,-0.155113
342.206,354.5,0.505282,0.26956,0.396301,-0.159979
343.072,354,0.496124,0.228099,0.404841,-0.173821
343.938,353.5,0.485702,0.179074,0.413186,-0.181979
344.804,353,0.475971,0.122485,0.421336,-0.184452
345.67,352.5,0.460357,0.06673,0.419237,-0.17809
346.536,352,0.450051,0.0242942,0.419251,-0.161816
347.402,351.5,0.434754,0.0235448,0.41404,-0.13049
348.268,351,0.358688,0.17926,0.304657,-0.060887
349.134,350.5,0.362403,0.28713,0.22096,-0.0083119
350,350,0.384462,0.347154,0.16295,0.0272354
350.866,349.5,0.385069,0.359334,0.130627,0.0457549
351.732,349,0.34981,0.323668,0.123991,0.0472466
352.598,348.5,0.281322,0.240157,0.143042,0.0317106
353.464,348,0.24687,0.211212,0.125341,-0.0249763
354.33,347.5,0.247754,0.211139,0.0801647,-0.101863
355.196,347,0.308463,0.264607,-0.00910324,-0.158271
356.062,346.5,0.398207,0.333535,-0.104317,-0.190895
356.928,346,0.470989,0.373358,-0.172867,-0.229242
357.794,345.5,0.518007,0.384076,-0.214751,-0.273311
358.66,345,0.500959,0.340096,-0.192725,-0.313292
359.526,344.5,0.462468,0.269076,-0.137213,-0.35021
360.392,344,0.450581,0.201622,-0.0897208,-0.392838
361.258,343.5,0.464902,0.137733,-0.0502474,-0.441178
362.124,343,0.501594,0.07741,-0.0187932,-0.495229
362.99,342.5,0.555393,0.020652,0.00464188,-0.55499
363.856,342,0.600329,-0.0299411,0.0271301,-0.598968
364.722,341.5,0.548077,-0.0218257,0.0376061,-0.54635
365.588,341,0.486412,0.0159302,0.0271928,-0.48539
366.454,340.5,0.433636,0.0522679,0.0177815,-0.430107
367.321,340,0.390474,0.0871875,0.009372,-0.3805
368.187,339.5,0.357559,0.120689,0.00196442,-0.33657
369.053,339,0.335188,0.152772,-0.00444126,-0.298316
369.919,338.5,0.310572,0.167802,-0.00342671,-0.261315
370.785,338,0.290684,0.180214,-0.00179017,-0.228072
371.651,337.5,0.276399,0.191809,-0.000317483,-0.199011
372.517,337,0.267141,0.202588,0.00099136,-0.174132
373.383,336.5,0.262152,0.212549,0.00213635,-0.153434
374.249,336,0.262092,0.220558,0.00262824,-0.141562
375.115,335.5,0.259665,0.223335,0.00295534,-0.132434
375.981,335,0.254979,0.223217,0.00332026,-0.123197
376.847,334.5,0.250817,0.223145,0.00364586,-0.114465
377.713,334,0.247152,0.22312,0.00393215,-0.106236
378.579,333.5,0.243955,0.223141,0.00417912,-0.0985126
379.445,333,0.241195,0.223207,0.00438678,-0.0912931
380.311,332.5,0.238239,0.222578,0.00448575,-0.0848326
381.177,332,0.234078,0.220147,0.0043742,-0.079428
382.043,331.5,0.230383,0.218029,0.00425097,-0.0743052
382.909,331,0.227147,0.216226,0.00411607,-0.0694643
383.775,330.5,0.2261,0.216739,0.00399999,-0.0642595
384.641,330,0.225938,0.218021,0.00389306,-0.0591583
385.507,329.5,0.225922,0.219235,0.00378478,-0.0544256
386.373,329,0.225128,0.219367,0.00360035,-0.0504781
387.239,328.5,0.224396,0.219436,0.0034185,-0.046795
388.105,328,0.223757,0.219493,0.00324298,-0.0433532
388.971,327.5,0.223201,0.219538,0.00307382,-0.0401526
389.837,327,0.222718,0.219571,0.002911,-0.0371934
390.703,326.5,0.222299,0.219592,0.00275452,-0.0344755
391.569,326,0.221709,0.21935,0.00258945,-0.0321555
392.435,325.5,0.221051,0.218981,0.00242294,-0.0300829
393.301,325,0.220309,0.21845,0.00226493,-0.028477
394.167,324.5,0.219594,0.217914,0.00211462,-0.0270223
395.033,324,0.218944,0.217431,0.00197165,-0.0256176
395.899,323.5,0.21836,0.217,0.00183604,-0.024263
396.765,323,0.217766,0.216539,0.0017114,-0.0230215
397.631,322.5,0.217074,0.215955,0.00160056,-0.0219515
398.497,322,0.216439,0.215421,0.00149539,-0.020917
399.363,321.5,0.215861,0.214936,0.00139591,-0.0199178
400.229,321,0.21534,0.2145,0.00130211,-0.018954
401.095,320.5,0.214874,0.214113,0.00121399,-0.0180256
401.962,320,0.214463,0.213775,0.00113158,-0.0171338
402.828,319.5,0.214218,0.213595,0.00107053,-0.0162956
403.694,319,0.214029,0.213467,0.00101416,-0.0154728
404.56,318.5,0.213851,0.213344,0.000959728,-0.0146852
405.426,318,0.213684,0.213227,0.00090724,-0.0139328
406.292,317.5,0.213527,0.213116,0.000856695,-0.0132157
407.158,317,0.213381,0.213011,0.000808093,-0.0125338
408.024,316.5,0.21319,0.212854,0.00076511,-0.011943
408.89,316,0.212986,0.212679,0.000725251,-0.0114019
409.756,315.5,0.212793,0.212513,0.000686823,-0.0108838
410.622,315,0.212611,0.212356,0.000649827,-0.0103888
411.488,314.5,0.212439,0.212207,0.000614262,-0.0099169
412.354,314,0.212283,0.21207,0.000580569,-0.00949426
413.22,313.5,0.212126,0.211929,0.000549515,-0.00910557
414.086,313,0.211957,0.211776,0.000521556,-0.00875665
414.952,312.5,0.211799,0.211631,0.000494639,-0.00841736
415.818,312,0.211651,0.211496,0.000468763,-0.0080877
416.684,311.5,0.211513,0.21137,0.000443928,-0.00776768
417.55,311,0.211386,0.211254,0.000420135,-0.0074573
418.416,310.5,0.211266,0.211144,0.000397518,-0.00715899
419.282,310,0.211129,0.211016,0.000377733,-0.00690388
420.148,309.5,0.211,0.210895,0.000358724,-0.00665574
421.014,309,0.21088,0.210782,0.000340492,-0.00641459
421.88,308.5,0.210803,0.210712,0.000324749,-0.00616694
422.746,308,0.21073,0.210647,0.000309561,-0.00592686
423.612,307.5,0.210662,0.210585,0.00029487,-0.00569478
424.478,307,0.210583,0.210512,0.000281776,-0.00548937
425.344,306.5,0.210504,0.210437,0.000269456,-0.00529621
426.21,306,0.210428,0.210366,0.000257529,-0.00510882
427.076,305.5,0.210356,0.210298,0.000245997,-0.00492721
427.942,305,0.210288,0.210234,0.000234859,-0.00475137
428.808,304.5,0.210223,0.210173,0.000224115,-0.00458131
429.674,304,0.210157,0.21011,0.000214102,-0.00442456
430.54,303.5,0.210088,0.210044,0.000204868,-0.00428215
431.406,303,0.210031,0.20999,0.000196321,-0.00414431
432.272,302.5,0.209977,0.209938,0.000188042,-0.00400984
433.138,302,0.209925,0.209889,0.000180034,-0.00387875
434.004,301.5,0.209876,0.209843,0.000172294,-0.00375103
434.87,301,0.209829,0.209798,0.000164917,-0.00362826
435.737,300.5,0.209776,0.209747,0.000158452,-0.00351981
436.603,300,0.209726,0.209698,0.000152181,-0.00341389
437.469,299.5,0.209678,0.209652,0.000146105,-0.00331052
438.335,299,0.209633,0.209608,0.000140224,-0.00320969
439.201,298.5,0.20959,0.209566,0.000134537,-0.0031114
440.067,298,0.209549,0.209528,0.000129079,-0.00301544
440.933,297.5,0.209513,0.209493,0.000124416,-0.00292764
441.799,297,0.209477,0.209458,0.000119944,-0.00284362
442.665,296.5,0.209442,0.209424,0.000115591,-0.00276152
443.531,296,0.209409,0.209392,0.000111355,-0.00268132
444.397,295.5,0.209377,0.209361,0.000107238,-0.00260303
445.263,295,0.209347,0.209331,0.000103238,-0.00252665
446.129,294.5,0.209315,0.209301,9.95249e-05,-0.00245566
446.995,294,0.209283,0.209269,9.60889e-05,-0.00238983
447.861,293.5,0.209252,0.209239,9.27504e-05,-0.00232547
448.727,293,0.209222,0.20921,8.95094e-05,-0.00226256
449.593,292.5,0.209194,0.209182,8.63864e-05,-0.00220097
450.459,292,0.20917,0.209159,8.34582e-05,-0.00214002
451.325,291.5,0.209147,0.209137,8.06343e-05,-0.00208135
452.191,291,0.209122,0.209112,7.80151e-05,-0.00202833
453.057,290.5,0.209098,0.209089,7.54625e-05,-0.00197634
453.923,290,0.209075,0.209066,7.29765e-05,-0.0019254
454.789,289.5,0.209053,0.209044,7.05571e-05,-0.0018755
455.655,289,0.209031,0.209023,6.82043e-05,-0.00182665
456.521,288.5,0.209011,0.209003,6.59181e-05,-0.00177883
457.387,288,0.208989,0.208982,6.38355e-05,-0.00173558
458.253,287.5,0.208967,0.20896,6.18251e-05,-0.00169371
459.119,287,0.208947,0.208941,5.98817e-05,-0.00165252
459.985,286.5,0.20893,0.208924,5.80491e-05,-0.00161164
460.851,286,0.208913,0.208907,5.6261e-05,-0.00157155
461.717,285.5,0.208897,0.208891,5.45173e-05,-0.00153224
462.583,285,0.20888,0.208875,5.28687e-05,-0.00149554
463.449,284.5,0.208863,0.208858,5.12979e-05,-0.00146098
464.315,284,0.208847,0.208842,4.97608e-05,-0.00142705
465.181,283.5,0.208831,0.208826,4.82573e-05,-0.00139375
466.047,283,0.208816,0.208811,4.67875e-05,-0.00136107
466.913,282.5,0.208801,0.208797,4.53512e-05,-0.00132901
467.779,282,0.208786,0.208782,4.39715e-05,-0.00129818
468.645,281.5,0.208772,0.208768,4.27135e-05,-0.00126971
469.512,281,0.208759,0.208755,4.15194e-05,-0.00124133
470.378,280.5,0.208746,0.208742,4.03486e-05,-0.00121342
471.244,280,0.208734,0.20873,3.92013e-05,-0.001186
472.11,279.5,0.208722,0.208719,3.80774e-05,-0.00115906
472.976,279,0.208711,0.208707,3.6977e-05,-0.00113259
473.842,278.5,0.208698,0.208696,3.59483e-05,-0.00110851
474.708,278,0.208687,0.208684,3.49458e-05,-0.001085
475.574,277.5,0.208675,0.208672,3.3965e-05,-0.00106188
476.44,277,0.208664,0.208661,3.3006e-05,-0.00103915
477.306,276.5,0.208653,0.208651,3.20686e-05,-0.0010168
478.172,276,0.208643,0.208641,3.1161e-05,-0.000994762
479.038,275.5,0.208634,0.208632,3.03203e-05,-0.000973916
