x,v,vx,vy,vz
220.096,425,0.176849,0.0550051,-0.0741178,0.150853
220.962,424.5,0.183172,0.067245,-0.0788193,0.151055
221.828,424,0.190088,0.0807153,-0.0833541,0.150568
222.694,423.5,0.198072,0.0963557,-0.0878859,0.149077
223.56,423,0.207597,0.112695,-0.0925284,0.147766
224.426,422.5,0.218373,0.129529,-0.0970503,0.146595
225.292,422,0.230323,0.146857,-0.101452,0.145564
226.158,421.5,0.243371,0.16468,-0.105732,0.144674
227.024,421,0.257194,0.182901,-0.109715,0.143731
227.89,420.5,0.268965,0.200348,-0.111425,0.140668
228.756,420,0.281266,0.217904,-0.112699,0.137578
229.622,419.5,0.294045,0.235569,-0.113535,0.134461
230.488,419,0.307258,0.253343,-0.113933,0.131317
231.355,418.5,0.320869,0.271226,-0.113895,0.128147
232.221,418,0.330921,0.285709,-0.109594,0.125971
233.087,417.5,0.336427,0.2963,-0.102133,0.122307
233.953,417,0.340848,0.305783,-0.093799,0.117796
234.819,416.5,0.345025,0.314785,-0.0848034,0.112967
235.685,416,0.348995,0.323304,-0.0751458,0.107821
236.551,415.5,0.352798,0.331342,-0.0648263,0.102356
237.417,415,0.356479,0.338897,-0.0538449,0.0965744
238.283,414.5,0.359258,0.345153,-0.0440578,0.089411
239.149,414,0.361025,0.350059,-0.0364537,0.0804268
240.015,413.5,0.362814,0.354649,-0.029015,0.0708254
240.881,413,0.364652,0.358922,-0.0217419,0.0606068
241.747,412.5,0.360593,0.356755,-0.0147082,0.0503683
242.613,412,0.355346,0.353025,-0.00840283,0.0396642
243.479,411.5,0.350687,0.349507,-0.00317614,0.0285641
244.345,411,0.346695,0.346203,-0.000385706,0.0184637
245.211,410.5,0.343188,0.343089,0.00205109,0.00798159
246.077,410,0.340204,0.340166,0.00413426,-0.00288208
246.943,409.5,0.337781,0.337435,0.00586379,-0.0141273
247.809,409,0.335961,0.334895,0.00723969,-0.0257542
248.675,408.5,0.334784,0.332545,0.00826196,-0.0377627
249.541,408,0.335234,0.331518,0.00874035,-0.0490045
250.407,407.5,0.336527,0.33099,0.00889208,-0.0601406
251.273,407,0.340522,0.333297,0.0056541,-0.0695424
252.139,406.5,0.345371,0.336315,0.00205721,-0.0785458
253.005,406,0.350654,0.339565,-0.00128052,-0.087479
253.871,405.5,0.356345,0.343047,-0.00435907,-0.0963418
254.737,405,0.362312,0.346631,-0.00700353,-0.105205
255.603,404.5,0.368254,0.350027,-0.00915198,-0.114055
256.469,404,0.374167,0.353265,-0.0109515,-0.12282
257.335,403.5,0.380038,0.356347,-0.012402,-0.131499
258.201,403,0.385854,0.35927,-0.0135037,-0.140092
259.067,402.5,0.391606,0.362037,-0.0142563,-0.148599
259.933,402,0.397003,0.364378,-0.0147752,-0.156915
260.799,401.5,0.403557,0.367697,-0.0174408,-0.165386
261.665,401,0.410124,0.370906,-0.0199279,-0.173876
262.531,400.5,0.416445,0.373766,-0.0220301,-0.18232
263.397,400,0.422517,0.376276,-0.0237474,-0.190717
264.263,399.5,0.428335,0.378437,-0.0250798,-0.199067
265.13,399,0.433899,0.380248,-0.0260272,-0.207371
265.996,398.5,0.437169,0.380203,-0.0277604,-0.21399
266.862,398,0.439987,0.379614,-0.0294367,-0.220488
267.728,397.5,0.442646,0.378689,-0.0309057,-0.227102
268.594,397,0.445155,0.377427,-0.0321674,-0.233831
269.46,396.5,0.447523,0.37583,-0.0332218,-0.240676
270.326,396,0.451281,0.376555,-0.0348962,-0.246258
271.192,395.5,0.454183,0.376787,-0.0360356,-0.251028
272.058,395,0.456235,0.376396,-0.0364012,-0.255248
272.924,394.5,0.457886,0.3756,-0.0360823,-0.259388
273.79,394,0.459141,0.374399,-0.0350789,-0.263449
274.656,393.5,0.46001,0.372794,-0.033391,-0.26743
275.522,393,0.460504,0.370784,-0.0310186,-0.271331
276.388,392.5,0.459736,0.367895,-0.0272398,-0.274351
277.254,392,0.455863,0.363193,-0.0207841,-0.274719
278.12,391.5,0.451583,0.358112,-0.0139318,-0.274753
278.986,391,0.446917,0.352704,-0.00671243,-0.274389
279.852,390.5,0.441855,0.348569,-0.00015369,-0.271543
280.718,390,0.436325,0.344175,0.00651275,-0.268106
281.584,389.5,0.430337,0.339524,0.0132869,-0.264077
282.45,389,0.419015,0.331734,0.0193588,-0.255247
283.316,388.5,0.407497,0.323498,0.0253533,-0.246495
284.182,388,0.396147,0.31502,0.0313227,-0.238147
285.048,387.5,0.38497,0.306299,0.0372671,-0.230203
285.914,387,0.373969,0.297335,0.0431863,-0.222664
286.78,386.5,0.363153,0.288128,0.0490805,-0.21553
287.646,386,0.350471,0.27494,0.0553843,-0.210167
288.512,385.5,0.336386,0.257997,0.0623147,-0.206664
289.378,385,0.319275,0.236024,0.0713684,-0.202819
290.244,384.5,0.303265,0.213932,0.0803365,-0.19937
291.11,384,0.288542,0.191721,0.0892189,-0.196315
291.976,383.5,0.275322,0.16939,0.0980158,-0.193655
292.842,383,0.262243,0.143902,0.107167,-0.191256
293.708,382.5,0.24869,0.112179,0.116928,-0.188654
294.574,382,0.239074,0.0815636,0.126134,-0.185995
295.44,381.5,0.233382,0.0520572,0.134784,-0.183278
296.306,381,0.23142,0.0236593,0.142878,-0.180503
297.172,380.5,0.23282,-0.00363012,0.150417,-0.17767
298.038,380,0.235406,-0.0285221,0.156972,-0.173096
298.905,379.5,0.232216,-0.054789,0.158937,-0.160192
299.771,379,0.233592,-0.0790102,0.161108,-0.149555
300.637,378.5,0.23851,-0.101087,0.163505,-0.14119
301.503,378,0.245959,-0.121021,0.166128,-0.135098
302.369,377.5,0.255059,-0.13881,0.168977,-0.131278
303.235,377,0.265119,-0.154455,0.172052,-0.12973
304.101,376.5,0.285977,-0.17753,0.167288,-0.149266
304.967,376,0.314831,-0.204556,0.159612,-0.178323
305.833,375.5,0.34634,-0.231225,0.153039,-0.207521
306.699,375,0.379743,-0.257538,0.14757,-0.23686
307.565,374.5,0.412993,-0.282677,0.143007,-0.264965
308.431,374,0.441442,-0.303758,0.139122,-0.288527
309.297,373.5,0.469494,-0.316916,0.130687,-0.320796
310.163,373,0.499442,-0.318208,0.112799,-0.368052
311.029,372.5,0.532888,-0.319173,0.0962001,-0.415745
311.895,372,0.56921,-0.319808,0.080892,-0.463874
312.761,371.5,0.607898,-0.320115,0.0668743,-0.51244
313.627,371,0.648544,-0.320093,0.0541469,-0.561442
314.493,370.5,0.689253,-0.3189,0.0422695,-0.609578
315.359,370,0.700419,-0.299999,0.021321,-0.632561
316.225,369.5,0.716145,-0.280978,-0.000684286,-0.658723
317.091,369,0.735577,-0.262774,-0.0232655,-0.686646
317.957,368.5,0.757716,-0.247123,-0.0450394,-0.714868
318.823,368,0.785395,-0.23178,-0.0668784,-0.747429
319.689,367.5,0.818557,-0.216744,-0.0887825,-0.784332
320.555,367,0.819887,-0.211775,-0.097873,-0.785995
321.421,366.5,0.811967,-0.211299,-0.10445,-0.777003
322.287,366,0.808392,-0.211823,-0.113583,-0.771834
323.153,365.5,0.809235,-0.213347,-0.125271,-0.770488
324.019,365,0.814579,-0.215871,-0.139514,-0.772965
324.885,364.5,0.824513,-0.219394,-0.156312,-0.779266
325.751,364,0.828347,-0.218128,-0.165994,-0.781681
326.617,363.5,0.817961,-0.207243,-0.161749,-0.774563
327.483,363,0.808043,-0.194286,-0.156344,-0.768599
328.349,362.5,0.80222,-0.184549,-0.152622,-0.76564
329.215,362,0.800405,-0.178033,-0.150582,-0.765688
330.081,361.5,0.802536,-0.174737,-0.150224,-0.768742
330.947,361,0.81007,-0.174708,-0.151239,-0.776413
331.813,360.5,0.835124,-0.17802,-0.151088,-0.801819
332.679,360,0.864808,-0.184024,-0.152392,-0.831146
333.546,359.5,0.899106,-0.192719,-0.155152,-0.864395
334.412,359,0.938018,-0.204106,-0.159368,-0.901566
335.278,358.5,0.981553,-0.218186,-0.16504,-0.942657
336.144,358,1.02796,-0.229972,-0.169064,-0.987541
337.01,357.5,1.06384,-0.245839,-0.158723,-1.02281
337.876,357,1.0889,-0.260082,-0.142374,-1.04776
338.742,356.5,1.10489,-0.269428,-0.122327,-1.06453
339.608,356,1.1119,-0.273879,-0.0985821,-1.07313
340.474,355.5,1.11011,-0.273433,-0.0711389,-1.07355
341.34,355,1.09973,-0.268093,-0.0399975,-1.0658
342.206,354.5,1.04218,-0.241397,0.0256753,-1.01351
343.072,354,0.935204,-0.195442,0.137839,-0.904106
343.938,353.5,0.832959,-0.150073,0.265008,-0.775287
344.804,353,0.755032,-0.10529,0.407182,-0.627049
345.67,352.5,0.712801,-0.0620328,0.535645,-0.466178
346.536,352,0.695512,-0.0333873,0.62843,-0.296139
347.402,351.5,0.699198,-0.0344649,0.684979,-0.135991
348.268,351,0.604683,-0.0930237,0.580997,-0.139395
349.134,350.5,0.510876,-0.131348,0.452191,-0.198156
350,350,0.457148,-0.149436,0.298561,-0.312273
350.866,349.5,0.51788,-0.14729,0.120108,-0.481746
351.732,349,0.722336,-0.124909,-0.0831687,-0.706576
352.598,348.5,1.03796,-0.0822927,-0.311269,-0.986762
353.464,348,1.18171,-0.0868727,-0.452757,-1.08807
354.33,347.5,1.26323,-0.109336,-0.560389,-1.12684
355.196,347,1.30869,-0.116204,-0.630653,-1.14081
356.062,346.5,1.34591,-0.0921107,-0.676323,-1.15998
356.928,346,1.39419,-0.0518713,-0.719159,-1.19327
357.794,345.5,1.45451,0.00451407,-0.759161,-1.24067
358.66,345,1.41909,0.105235,-0.727101,-1.21411
359.526,344.5,1.28153,0.21975,-0.629325,-1.09452
360.392,344,1.13277,0.314327,-0.527462,-0.951921
361.258,343.5,0.973271,0.388965,-0.42151,-0.786315
362.124,343,0.806905,0.443664,-0.31147,-0.5977
362.99,342.5,0.645668,0.478424,-0.197342,-0.386075
363.856,342,0.534792,0.490574,-0.0993025,-0.188358
364.722,341.5,0.513997,0.486411,-0.0732408,-0.149105
365.588,341,0.492399,0.478031,-0.0391808,-0.111388
366.454,340.5,0.463086,0.460824,0.00664602,-0.0452223
367.321,340,0.442277,0.434791,0.0642395,0.0493925
368.187,339.5,0.455559,0.39993,0.1336,0.172456
369.053,339,0.52723,0.356242,0.214727,0.323969
369.919,338.5,0.569393,0.347665,0.219577,0.393857
370.785,338,0.610616,0.337156,0.216011,0.460996
371.651,337.5,0.660346,0.319842,0.21345,0.536841
372.517,337,0.720054,0.295724,0.211891,0.621392
373.383,336.5,0.79089,0.264802,0.211337,0.714649
374.249,336,0.865393,0.221731,0.209298,0.809898
375.115,335.5,0.899883,0.191391,0.192888,0.857877
375.981,335,0.90465,0.171018,0.16527,0.872829
376.847,334.5,0.914326,0.146161,0.135702,0.892308
377.713,334,0.929588,0.11682,0.104183,0.916315
378.579,333.5,0.951119,0.0829962,0.070714,0.944848
379.445,333,0.979566,0.0446883,0.035294,0.97791
380.311,332.5,0.999165,0.0186586,0.00591884,0.998973
381.177,332,0.97814,0.0359118,-0.002865,0.977476
382.043,331.5,0.958646,0.0520925,-0.0123553,0.95715
382.909,331,0.94067,0.0672006,-0.0225521,0.937996
383.775,330.5,0.923438,0.079241,-0.0341343,0.919399
384.641,330,0.907952,0.0901396,-0.0458796,0.9023
385.507,329.5,0.894585,0.100793,-0.0573898,0.887034
386.373,329,0.879408,0.113904,-0.0579482,0.870073
387.239,328.5,0.864001,0.127974,-0.0579918,0.8525
388.105,328,0.848568,0.142898,-0.0580428,0.834433
388.971,327.5,0.833186,0.158676,-0.0581012,0.815871
389.837,327,0.817942,0.175309,-0.0581671,0.796814
390.703,326.5,0.802931,0.192796,-0.0582404,0.777262
391.569,326,0.791181,0.206702,-0.056224,0.76163
392.435,325.5,0.781094,0.218606,-0.0528658,0.748013
393.301,325,0.771271,0.231395,-0.0489349,0.734112
394.167,324.5,0.761245,0.244574,-0.0447743,0.719495
395.033,324,0.750947,0.257993,-0.0404986,0.704075
395.899,323.5,0.740429,0.271651,-0.0361078,0.68785
396.765,323,0.730612,0.282944,-0.0321452,0.672833
397.631,322.5,0.722516,0.288876,-0.0291801,0.661611
398.497,322,0.714384,0.294788,-0.0260724,0.650204
399.363,321.5,0.706225,0.300679,-0.0228221,0.638612
400.229,321,0.698049,0.306549,-0.0194291,0.626835
401.095,320.5,0.689866,0.312399,-0.0158934,0.614874
401.962,320,0.681686,0.318197,-0.0122384,0.602741
402.828,319.5,0.672676,0.320735,-0.0107642,0.59119
403.694,319,0.663594,0.323026,-0.0092086,0.579591
404.56,318.5,0.654554,0.325054,-0.00758833,0.568088
405.426,318,0.645552,0.326819,-0.00590339,0.55668
406.292,317.5,0.636583,0.328321,-0.00415378,0.545367
407.158,317,0.62764,0.32956,-0.0023395,0.534151
408.024,316.5,0.618482,0.329884,-0.00139073,0.523158
408.89,316,0.609245,0.329678,-0.000812091,0.512339
409.756,315.5,0.600029,0.329232,-0.000199982,0.501638
410.622,315,0.59083,0.328547,0.000445592,0.491058
411.488,314.5,0.581644,0.327621,0.00112463,0.480596
412.354,314,0.57167,0.32598,0.00181273,0.469617
413.22,313.5,0.561837,0.32403,0.00228638,0.458977
414.086,313,0.552352,0.32186,0.00239142,0.44888
414.952,312.5,0.542931,0.319501,0.00251508,0.438961
415.818,312,0.533569,0.316952,0.00265734,0.42922
416.684,311.5,0.524261,0.314213,0.00281822,0.419656
417.55,311,0.515004,0.311285,0.0029977,0.410271
418.416,310.5,0.505864,0.308211,0.00318244,0.401116
419.282,310,0.497756,0.305589,0.00319048,0.392895
420.148,309.5,0.489699,0.302812,0.00320886,0.384837
421.014,309,0.481689,0.299879,0.00323758,0.376943
421.88,308.5,0.473142,0.296274,0.00322673,0.368884
422.746,308,0.464671,0.292542,0.00321932,0.36101
423.612,307.5,0.456293,0.288702,0.00321688,0.353334
424.478,307,0.448699,0.285372,0.0032131,0.346241
425.344,306.5,0.441409,0.282158,0.00320771,0.339439
426.21,306,0.43419,0.278855,0.00320214,0.332792
427.076,305.5,0.427041,0.275464,0.0031964,0.326302
427.942,305,0.419959,0.271985,0.00319049,0.319968
428.808,304.5,0.412943,0.268417,0.00318441,0.31379
429.674,304,0.406297,0.26509,0.00319225,0.307887
430.54,303.5,0.400088,0.262099,0.00321499,0.302265
431.406,303,0.393555,0.258642,0.0031988,0.296614
432.272,302.5,0.387097,0.255143,0.00317943,0.291094
433.138,302,0.380711,0.251602,0.00315688,0.285704
434.004,301.5,0.374396,0.24802,0.00313115,0.280444
434.87,301,0.368221,0.244475,0.00310371,0.275335
435.737,300.5,0.362599,0.241461,0.00308346,0.27049
436.603,300,0.35703,0.238412,0.00305949,0.265746
437.469,299.5,0.351516,0.235328,0.0030318,0.261104
438.335,299,0.346056,0.232209,0.0030004,0.256563
439.201,298.5,0.340648,0.229054,0.00296529,0.252124
440.067,298,0.335268,0.225837,0.00292522,0.247778
440.933,297.5,0.330072,0.222783,0.0028654,0.24353
441.799,297,0.325015,0.219826,0.00280157,0.239382
442.665,296.5,0.320011,0.216857,0.00273487,0.235314
443.531,296,0.31506,0.213877,0.0026653,0.231328
444.397,295.5,0.310161,0.210885,0.00259287,0.227422
445.263,295,0.305314,0.207881,0.00251757,0.223597
446.129,294.5,0.300698,0.205113,0.0024312,0.219869
446.995,294,0.296313,0.20259,0.00233288,0.216224
447.861,293.5,0.291969,0.200059,0.0022309,0.212644
448.727,293,0.287667,0.197518,0.00212527,0.209128
449.593,292.5,0.283378,0.194934,0.00201606,0.20567
450.459,292,0.278983,0.192168,0.0019046,0.202236
451.325,291.5,0.27469,0.189487,0.00178921,0.198862
452.191,291,0.270691,0.187186,0.00166263,0.195531
453.057,290.5,0.266732,0.184888,0.00153305,0.192251
453.923,290,0.262816,0.182594,0.00140046,0.189023
454.789,289.5,0.25894,0.180303,0.00126487,0.185847
455.655,289,0.255105,0.178015,0.00112628,0.182723
456.521,288.5,0.25131,0.175732,0.000984681,0.17965
457.387,288,0.247781,0.173815,0.000836665,0.176587
458.253,287.5,0.244324,0.171962,0.000685478,0.173559
459.119,287,0.240876,0.170083,0.000532272,0.170566
459.985,286.5,0.237362,0.168102,0.000378984,0.167579
460.851,286,0.233887,0.166131,0.00022384,0.164632
461.717,285.5,0.23045,0.16417,6.68401e-05,0.161727
462.583,285,0.227175,0.162432,-8.90795e-05,0.158821
463.449,284.5,0.224038,0.16088,-0.000244018,0.155918
464.315,284,0.220937,0.159338,-0.000400286,0.15305
465.181,283.5,0.217873,0.157806,-0.000557883,0.150218
466.047,283,0.214844,0.156283,-0.000716809,0.147422
466.913,282.5,0.211852,0.154771,-0.000877064,0.144661
467.779,282,0.208947,0.153352,-0.00103584,0.141919
468.645,281.5,0.206221,0.152193,-0.00117645,0.139151
469.512,281,0.203472,0.150972,-0.00129279,0.136405
470.378,280.5,0.20076,0.149764,-0.00140912,0.133692
471.244,280,0.198087,0.148568,-0.00152545,0.13101
472.11,279.5,0.195453,0.147385,-0.00164178,0.128361
472.976,279,0.192856,0.146215,-0.0017581,0.125744
473.842,278.5,0.190495,0.145366,-0.00186122,0.1231
474.708,278,0.18819,0.144555,-0.0019624,0.120481
475.574,277.5,0.185925,0.143753,-0.00206278,0.117894
476.44,277,0.183699,0.142961,-0.00216236,0.115338
477.306,276.5,0.181512,0.142179,-0.00226114,0.112812
478.172,276,0.179349,0.141381,-0.00235384,0.110326
479.038,275.5,0.177321,0.140729,-0.0024295,0.107852
