x,v,vx,vy,vz
220.096,425,0.164821,0.164368,0.00270118,-0.0119203
220.962,424.5,0.163754,0.163276,0.00278433,-0.0121925
221.828,424,0.162597,0.162093,0.00287513,-0.0124618
222.694,423.5,0.161333,0.160802,0.00297807,-0.0127298
223.56,423,0.160079,0.159519,0.00308234,-0.0130175
224.426,422.5,0.15882,0.158228,0.00318756,-0.0133214
225.292,422,0.157557,0.156931,0.00329373,-0.0136414
226.158,421.5,0.156289,0.155626,0.00340084,-0.0139775
227.024,421,0.154996,0.154292,0.00351072,-0.0143263
227.89,420.5,0.153446,0.152701,0.00364209,-0.0146545
228.756,420,0.15189,0.1511,0.00377472,-0.0150025
229.622,419.5,0.150328,0.149489,0.00390861,-0.0153703
230.488,419,0.148759,0.147867,0.00404376,-0.015758
231.355,418.5,0.147184,0.146234,0.00418017,-0.0161654
232.221,418,0.145665,0.144651,0.004313,-0.0166031
233.087,417.5,0.143901,0.14282,0.00446708,-0.0170303
233.953,417,0.142054,0.1409,0.00462917,-0.0174729
234.819,416.5,0.140207,0.138971,0.00479259,-0.0179426
235.685,416,0.138358,0.137034,0.00495733,-0.0184393
236.551,415.5,0.136508,0.135088,0.0051234,-0.018963
237.417,415,0.13466,0.133133,0.00529081,-0.0195138
238.283,414.5,0.132608,0.130966,0.00547627,-0.0200719
239.149,414,0.13031,0.128539,0.00568356,-0.0206388
240.015,413.5,0.128011,0.126099,0.00589257,-0.0212402
240.881,413,0.125715,0.123646,0.0061033,-0.0218763
241.747,412.5,0.123511,0.12127,0.00631524,-0.0225524
242.613,412,0.121345,0.118915,0.00652844,-0.023266
243.479,411.5,0.119117,0.116477,0.0067496,-0.0240097
244.345,411,0.116419,0.11354,0.00701338,-0.0247581
245.211,410.5,0.113744,0.110597,0.00727878,-0.0255534
246.077,410,0.111094,0.107648,0.00754578,-0.0263957
246.943,409.5,0.108472,0.104694,0.00781439,-0.0272849
247.809,409,0.105884,0.101733,0.00808461,-0.028221
248.675,408.5,0.103332,0.0987666,0.00835644,-0.029204
249.541,408,0.100232,0.0951678,0.00867709,-0.0302368
250.407,407.5,0.0970641,0.0914254,0.00900978,-0.0313314
251.273,407,0.0941314,0.0878624,0.00933282,-0.0324628
252.139,406.5,0.0913195,0.0843434,0.00965497,-0.0336487
253.005,406,0.0886083,0.0808351,0.0099783,-0.0348936
253.871,405.5,0.0860086,0.0773375,0.0103028,-0.0361974
254.737,405,0.0831304,0.0733803,0.0106637,-0.0375803
255.603,404.5,0.0800414,0.0689852,0.01106,-0.0390556
256.469,404,0.0771662,0.0646086,0.0114574,-0.0406089
257.335,403.5,0.0745313,0.0602506,0.0118562,-0.04224
258.201,403,0.0721649,0.055911,0.0122562,-0.043949
259.067,402.5,0.0700965,0.05159,0.0126574,-0.045736
259.933,402,0.0682246,0.0470551,0.0130738,-0.0476392
260.799,401.5,0.0663181,0.0418176,0.0135414,-0.0496589
261.665,401,0.064942,0.0366596,0.0140079,-0.0517429
262.531,400.5,0.0641172,0.0315572,0.0144743,-0.0539041
263.397,400,0.0638593,0.0265106,0.0149405,-0.0561425
264.263,399.5,0.0641702,0.0215198,0.0154065,-0.0584581
265.13,399,0.0650371,0.0165846,0.0158723,-0.060851
265.996,398.5,0.0665112,0.0105798,0.0163973,-0.0635841
266.862,398,0.0687145,0.004512,0.0169305,-0.066443
267.728,397.5,0.0715711,-0.00146128,0.0174639,-0.0693923
268.594,397,0.0749946,-0.00734006,0.0179975,-0.072432
269.46,396.5,0.0789005,-0.0131244,0.0185312,-0.0755621
270.326,396,0.0828434,-0.0185963,0.019053,-0.0784486
271.192,395.5,0.0876207,-0.0247931,0.0196009,-0.081722
272.058,395,0.0931454,-0.0315151,0.0201729,-0.0852989
272.924,394.5,0.0989374,-0.038123,0.0207506,-0.0889082
273.79,394,0.104934,-0.0446167,0.021334,-0.0925498
274.656,393.5,0.111087,-0.0509962,0.0219232,-0.0962237
275.522,393,0.117354,-0.0572615,0.0225182,-0.0999299
276.388,392.5,0.12396,-0.0637232,0.023135,-0.10378
277.254,392,0.131377,-0.0709747,0.0238089,-0.107961
278.12,391.5,0.138796,-0.0780628,0.0244933,-0.112118
278.986,391,0.146187,-0.0849928,0.0251874,-0.116243
279.852,390.5,0.153504,-0.0919702,0.0258666,-0.120149
280.718,390,0.160843,-0.0988738,0.0265547,-0.124053
281.584,389.5,0.168192,-0.105704,0.0272518,-0.127956
282.45,389,0.176356,-0.113486,0.0279975,-0.132055
283.316,388.5,0.184593,-0.121356,0.0287817,-0.136084
284.182,388,0.192843,-0.129246,0.0296024,-0.140027
285.048,387.5,0.201102,-0.137156,0.0304597,-0.143884
285.914,387,0.209368,-0.145086,0.0313536,-0.147655
286.78,386.5,0.217637,-0.153035,0.032284,-0.15134
287.646,386,0.226926,-0.16163,0.0328869,-0.155851
288.512,385.5,0.236746,-0.170799,0.0334358,-0.160493
289.378,385,0.24708,-0.180121,0.0338579,-0.165706
290.244,384.5,0.257537,-0.189687,0.0343613,-0.170773
291.11,384,0.268121,-0.199497,0.0349459,-0.175694
291.976,383.5,0.278836,-0.209551,0.0356118,-0.180471
292.842,383,0.290509,-0.219304,0.0360879,-0.18708
293.708,382.5,0.304317,-0.228511,0.03611,-0.197707
294.574,382,0.318426,-0.238649,0.0363392,-0.207657
295.44,381.5,0.332822,-0.249718,0.0367756,-0.216932
296.306,381,0.347506,-0.261718,0.037419,-0.22553
297.172,380.5,0.362488,-0.27465,0.0382696,-0.233453
298.038,380,0.377725,-0.288035,0.0391823,-0.2412
298.905,379.5,0.389334,-0.296672,0.0416486,-0.24866
299.771,379,0.402933,-0.306581,0.0436152,-0.257801
300.637,378.5,0.418567,-0.317793,0.0450577,-0.268656
301.503,378,0.436239,-0.330308,0.0459759,-0.281225
302.369,377.5,0.455958,-0.344126,0.0463699,-0.295509
303.235,377,0.477737,-0.359247,0.0462398,-0.311507
304.101,376.5,0.484026,-0.384607,0.0485269,-0.289834
304.967,376,0.489571,-0.411995,0.0512082,-0.259456
305.833,375.5,0.501304,-0.43643,0.0527749,-0.240936
306.699,375,0.517106,-0.45791,0.0532273,-0.234273
307.565,374.5,0.533681,-0.475343,0.0528306,-0.236798
308.431,374,0.54478,-0.486592,0.0524887,-0.239287
309.297,373.5,0.567653,-0.534183,0.0422503,-0.187332
310.163,373,0.642276,-0.640784,0.0169612,-0.0403241
311.029,372.5,0.740762,-0.735543,-0.00628116,0.0875562
311.895,372,0.84212,-0.818458,-0.0274767,0.196309
312.761,371.5,0.93552,-0.889531,-0.0466254,0.285934
313.627,371,1.01551,-0.948761,-0.0637273,0.356432
314.493,370.5,1.08758,-1.00212,-0.0798411,0.414993
315.359,370,1.33266,-1.17716,-0.116889,0.613692
316.225,369.5,1.59071,-1.35881,-0.153846,0.812605
317.091,369,1.85008,-1.53886,-0.189584,1.00934
317.957,368.5,2.07894,-1.69217,-0.22041,1.18742
318.823,368,2.28732,-1.83277,-0.248118,1.34582
319.689,367.5,2.47434,-1.96065,-0.27271,1.48454
320.555,367,2.6224,-2.06635,-0.305741,1.58547
321.421,366.5,2.78048,-2.18197,-0.345577,1.68839
322.287,366,2.9608,-2.31506,-0.388852,1.80434
323.153,365.5,3.16333,-2.4656,-0.435565,1.93332
324.019,365,3.38804,-2.63361,-0.485716,2.07533
324.885,364.5,3.63492,-2.81907,-0.539306,2.23038
325.751,364,3.80966,-2.95646,-0.587343,2.32979
326.617,363.5,3.84754,-2.99466,-0.623475,2.33385
327.483,363,3.84378,-2.99782,-0.655869,2.31463
328.349,362.5,3.87464,-3.02722,-0.694957,2.31642
329.215,362,3.94012,-3.08284,-0.740739,2.33922
330.081,361.5,4.04019,-3.16468,-0.793215,2.38301
330.947,361,4.14566,-3.25235,-0.846805,2.42727
331.813,360.5,4.03276,-3.18811,-0.859508,2.31524
332.679,360,3.96306,-3.15385,-0.882004,2.23186
333.546,359.5,3.93643,-3.14955,-0.914292,2.17712
334.412,359,3.95267,-3.17523,-0.956372,2.15102
335.278,358.5,4.0116,-3.23087,-1.00824,2.15356
336.144,358,4.0366,-3.25083,-1.05716,2.14679
337.01,357.5,3.78745,-3.05859,-1.04923,1.97204
337.876,357,3.52119,-2.85113,-1.03353,1.78932
338.742,356.5,3.29225,-2.66701,-1.02262,1.63713
339.608,356,3.10018,-2.50624,-1.0165,1.51546
340.474,355.5,2.94458,-2.36882,-1.01518,1.4243
341.34,355,2.82509,-2.25475,-1.01864,1.36367
342.206,354.5,2.66805,-2.12127,-0.979538,1.28811
343.072,354,2.45083,-1.95646,-0.880392,1.18479
343.938,353.5,2.25106,-1.80569,-0.769888,1.10184
344.804,353,2.0701,-1.66893,-0.648026,1.03926
345.67,352.5,1.80411,-1.46412,-0.480753,0.938105
346.536,352,1.44874,-1.18388,-0.268062,0.79083
347.402,351.5,1.13305,-0.916477,-0.0560065,0.663884
348.268,351,0.868374,-0.65526,0.112974,0.55852
349.134,350.5,0.704371,-0.44692,0.257567,0.479646
350,350,0.640478,-0.291457,0.377772,0.427263
350.866,349.5,0.648888,-0.18887,0.473589,0.40137
351.732,349,0.691367,-0.139161,0.545018,0.401967
352.598,348.5,0.744902,-0.142328,0.592059,0.429055
353.464,348,0.738603,-0.126515,0.484499,0.542945
354.33,347.5,0.747634,-0.0840789,0.336672,0.662223
355.196,347,0.785288,-0.0163361,0.169348,0.766637
356.062,346.5,0.848759,0.0556659,0.0134115,0.846826
356.928,346,0.920714,0.120016,-0.118063,0.905192
357.794,345.5,0.984251,0.176714,-0.225075,0.941734
358.66,345,0.979517,0.214274,-0.241695,0.92473
359.526,344.5,0.928657,0.233301,-0.198105,0.876772
360.392,344,0.881905,0.243885,-0.160456,0.832184
361.258,343.5,0.838291,0.246026,-0.128747,0.790966
362.124,343,0.797032,0.239724,-0.102979,0.753119
362.99,342.5,0.757612,0.224978,-0.083151,0.718642
363.856,342,0.722116,0.205822,-0.0700395,0.688609
364.722,341.5,0.707908,0.207496,-0.0588221,0.674254
365.588,341,0.70219,0.214157,-0.0465638,0.667113
366.454,340.5,0.697615,0.219729,-0.0361474,0.661119
367.321,340,0.694065,0.224213,-0.0275731,0.656273
368.187,339.5,0.691442,0.227608,-0.0208408,0.652574
369.053,339,0.68967,0.229914,-0.0159505,0.650023
369.919,338.5,0.687276,0.229517,-0.0148593,0.647649
370.785,338,0.683862,0.228188,-0.0145329,0.644505
371.651,337.5,0.679501,0.226128,-0.0146802,0.640604
372.517,337,0.674195,0.223335,-0.0153014,0.635945
373.383,336.5,0.667946,0.21981,-0.0163963,0.630529
374.249,336,0.658766,0.214012,-0.0183557,0.622763
375.115,335.5,0.644867,0.20644,-0.019382,0.610623
375.981,335,0.629034,0.198516,-0.0196879,0.596564
376.847,334.5,0.613719,0.190652,-0.0199522,0.583014
377.713,334,0.598925,0.182851,-0.020175,0.569974
378.579,333.5,0.584655,0.175111,-0.0203562,0.557444
379.445,333,0.570912,0.167433,-0.0204959,0.545423
380.311,332.5,0.557772,0.160638,-0.0204858,0.533747
381.177,332,0.545303,0.156059,-0.0201824,0.522105
382.043,331.5,0.533269,0.151415,-0.0199044,0.510934
382.909,331,0.521674,0.146707,-0.0196516,0.500234
383.775,330.5,0.511043,0.141054,-0.0193323,0.49081
384.641,330,0.500924,0.135131,-0.0190048,0.481979
385.507,329.5,0.491091,0.129305,-0.0187053,0.473393
386.373,329,0.481402,0.124395,-0.0179556,0.464706
387.239,328.5,0.471928,0.119586,-0.0172498,0.456199
388.105,328,0.462673,0.114837,-0.0166119,0.447888
388.971,327.5,0.45364,0.110148,-0.016042,0.439772
389.837,327,0.444828,0.105521,-0.0155399,0.431852
390.703,326.5,0.436239,0.100953,-0.0151058,0.424128
391.569,326,0.427911,0.0967921,-0.0146648,0.416562
392.435,325.5,0.419781,0.0928552,-0.0142518,0.409134
393.301,325,0.411948,0.0887574,-0.013852,0.402034
394.167,324.5,0.404284,0.0846442,-0.0134764,0.395094
395.033,324,0.396749,0.0805688,-0.0131373,0.38826
395.899,323.5,0.389345,0.076531,-0.0128346,0.381533
396.765,323,0.382002,0.0725874,-0.0125548,0.374832
397.631,322.5,0.374631,0.0688087,-0.0122886,0.368053
398.497,322,0.367364,0.065082,-0.0120666,0.361351
399.363,321.5,0.3602,0.0614074,-0.011889,0.354728
400.229,321,0.35314,0.0577848,-0.0117558,0.348182
401.095,320.5,0.346185,0.0542142,-0.0116668,0.341715
401.962,320,0.339333,0.0506988,-0.0116227,0.335322
402.828,319.5,0.332664,0.0473019,-0.0115079,0.329082
403.694,319,0.326132,0.0439344,-0.0113829,0.322958
404.56,318.5,0.319684,0.0406438,-0.0112743,0.316889
405.426,318,0.313321,0.0374302,-0.0111823,0.310876
406.292,317.5,0.307042,0.0342937,-0.0111067,0.304919
407.158,317,0.300846,0.0312341,-0.0110476,0.299016
408.024,316.5,0.294465,0.0284172,-0.0110307,0.292883
408.89,316,0.288036,0.0257491,-0.0110383,0.286671
409.756,315.5,0.281675,0.0231567,-0.0110586,0.280503
410.622,315,0.27538,0.0206402,-0.0110914,0.274382
411.488,314.5,0.269152,0.0181996,-0.011137,0.268305
412.354,314,0.263174,0.0157044,-0.0111347,0.262469
413.22,313.5,0.257137,0.0134154,-0.011152,0.256545
414.086,313,0.250931,0.0114413,-0.0112054,0.250419
414.952,312.5,0.244783,0.00953782,-0.0112585,0.244338
415.818,312,0.238695,0.00770498,-0.0113114,0.238302
416.684,311.5,0.232666,0.00594275,-0.0113641,0.232312
417.55,311,0.226694,0.00425115,-0.0114166,0.226367
418.416,310.5,0.220753,0.00265885,-0.0114709,0.220438
419.282,310,0.214473,0.00154737,-0.0115517,0.214156
420.148,309.5,0.208248,0.000507187,-0.0116283,0.207923
421.014,309,0.202077,-0.000461692,-0.0117008,0.201737
421.88,308.5,0.196194,-0.00143631,-0.0117091,0.195839
422.746,308,0.190363,-0.00234819,-0.0117097,0.189988
423.612,307.5,0.184576,-0.00319495,-0.0117045,0.184177
424.478,307,0.178556,-0.00356667,-0.0117078,0.178136
425.344,306.5,0.172491,-0.00374247,-0.0117077,0.172052
426.21,306,0.166472,-0.00385929,-0.0116991,0.166016
427.076,305.5,0.1605,-0.00391711,-0.011682,0.160027
427.942,305,0.154575,-0.00391595,-0.0116566,0.154085
428.808,304.5,0.148696,-0.00385581,-0.0116226,0.148191
429.674,304,0.142721,-0.00348124,-0.0115774,0.142208
430.54,303.5,0.136629,-0.00272784,-0.0115187,0.136115
431.406,303,0.131016,-0.00205368,-0.0114718,0.130496
432.272,302.5,0.12547,-0.00133528,-0.0114163,0.124942
433.138,302,0.119993,-0.000572626,-0.0113525,0.119454
434.004,301.5,0.114587,0.000234275,-0.0112801,0.11403
434.87,301,0.109231,0.00115991,-0.0111961,0.108649
435.737,300.5,0.1038,0.00266323,-0.0110801,0.103172
436.603,300,0.0984697,0.00419797,-0.0109551,0.0977683
437.469,299.5,0.0932474,0.00576414,-0.0108211,0.0924378
438.335,299,0.0881402,0.00736172,-0.010678,0.0871807
439.201,298.5,0.0831574,0.00899072,-0.010526,0.081997
440.067,298,0.0783289,0.0106342,-0.0103664,0.0769082
440.933,297.5,0.0738236,0.0125983,-0.0101905,0.0720233
441.799,297,0.0695067,0.0146804,-0.0100043,0.0671981
442.665,296.5,0.0654037,0.016769,-0.00981367,0.0624511
443.531,296,0.0615399,0.018864,-0.00961855,0.0577823
444.397,295.5,0.0579451,0.0209655,-0.00941895,0.0531918
445.263,295,0.0546533,0.0230734,-0.00921488,0.0486795
446.129,294.5,0.0518397,0.0254494,-0.00898957,0.0442591
446.995,294,0.0496023,0.0280913,-0.00874347,0.0399352
447.861,293.5,0.0478569,0.0307246,-0.00849428,0.0356949
448.727,293,0.0466344,0.0333492,-0.008242,0.0315383
449.593,292.5,0.0459584,0.0359366,-0.00799701,0.0275097
450.459,292,0.0458121,0.0383598,-0.00780536,0.0237982
451.325,291.5,0.0461955,0.0408521,-0.00760595,0.0201812
452.191,291,0.0473725,0.0436985,-0.00738019,0.0167369
453.057,290.5,0.0489281,0.0465202,-0.00715335,0.0133664
453.923,290,0.0508089,0.0493172,-0.00692545,0.0100696
454.789,289.5,0.0529626,0.0520895,-0.00669649,0.00684668
455.655,289,0.0553407,0.0548371,-0.00646645,0.00369752
456.521,288.5,0.0579,0.0575599,-0.00623535,0.000622154
457.387,288,0.0609059,0.0605715,-0.0059783,-0.00220965
458.253,287.5,0.0640434,0.0635959,-0.00571772,-0.00494224
459.119,287,0.0671981,0.0665446,-0.00546664,-0.00758397
459.985,286.5,0.0702494,0.0693224,-0.00524905,-0.0100908
460.851,286,0.0733195,0.0720647,-0.00503372,-0.0125335
461.717,285.5,0.0763961,0.0747714,-0.00482064,-0.0149119
462.583,285,0.0795831,0.0775903,-0.00459987,-0.0170897
463.449,284.5,0.0828388,0.0804893,-0.00437406,-0.0190945
464.315,284,0.0860592,0.0833441,-0.00415174,-0.0210404
465.181,283.5,0.08924,0.0861547,-0.00393291,-0.0229274
466.047,283,0.0923776,0.0889211,-0.00371755,-0.0247555
466.913,282.5,0.0954691,0.0916434,-0.00350568,-0.0265247
467.779,282,0.0985347,0.094364,-0.00329408,-0.028172
468.645,281.5,0.101578,0.0971354,-0.00308805,-0.0295501
469.512,281,0.10446,0.0997529,-0.00291608,-0.0308658
470.378,280.5,0.107289,0.102325,-0.00274698,-0.0321401
471.244,280,0.110066,0.104853,-0.00258076,-0.0333732
472.11,279.5,0.112789,0.107335,-0.00241742,-0.0345651
472.976,279,0.115458,0.109772,-0.00225695,-0.0357157
473.842,278.5,0.118088,0.112262,-0.00209407,-0.0365744
474.708,278,0.120664,0.114713,-0.00193416,-0.0373769
475.574,277.5,0.123185,0.117116,-0.00177772,-0.038146
476.44,277,0.125649,0.119471,-0.00162473,-0.0388818
477.306,276.5,0.128057,0.121777,-0.00147521,-0.0395841
478.172,276,0.130396,0.124016,-0.00133824,-0.0402676
479.038,275.5,0.132638,0.126202,-0.00121966,-0.0407947
