x,v,vx,vy,vz
220.096,425,0.209765,0.20973,-8.2726e-05,-0.00382376
220.962,424.5,0.209797,0.209761,-8.46425e-05,-0.00389697
221.828,424,0.209829,0.209792,-8.6581e-05,-0.00397345
222.694,423.5,0.209864,0.209825,-8.83718e-05,-0.00405215
223.56,423,0.209902,0.209862,-9.00889e-05,-0.00413061
224.426,422.5,0.209942,0.2099,-9.18224e-05,-0.00421003
225.292,422,0.209983,0.20994,-9.35725e-05,-0.0042904
226.158,421.5,0.210026,0.209981,-9.5339e-05,-0.00437174
227.024,421,0.21007,0.210023,-9.71299e-05,-0.00445472
227.89,420.5,0.210111,0.210062,-9.90457e-05,-0.0045464
228.756,420,0.210154,0.210103,-0.000101015,-0.00463923
229.622,419.5,0.210199,0.210145,-0.000103038,-0.00473323
230.488,419,0.210245,0.21019,-0.000105115,-0.00482838
231.355,418.5,0.210293,0.210235,-0.000107246,-0.00492469
232.221,418,0.210342,0.210282,-0.000109887,-0.00502254
233.087,417.5,0.210389,0.210327,-0.000112506,-0.00512806
233.953,417,0.210438,0.210373,-0.000115142,-0.00523718
234.819,416.5,0.210488,0.21042,-0.00011788,-0.00534807
235.685,416,0.210539,0.210468,-0.00012072,-0.00546076
236.551,415.5,0.210593,0.210519,-0.00012366,-0.00557522
237.417,415,0.210648,0.210571,-0.000126702,-0.00569147
238.283,414.5,0.2107,0.21062,-0.000129924,-0.00581573
239.149,414,0.210749,0.210665,-0.00013333,-0.00594976
240.015,413.5,0.2108,0.210712,-0.00013682,-0.00608621
240.881,413,0.210852,0.21076,-0.000140394,-0.00622507
241.747,412.5,0.210921,0.210825,-0.000143466,-0.0063571
242.613,412,0.210997,0.210898,-0.000146453,-0.0064881
243.479,411.5,0.211077,0.210973,-0.000149445,-0.00662207
244.345,411,0.211156,0.211048,-0.000152007,-0.00676708
245.211,410.5,0.21124,0.211127,-0.000154568,-0.00691391
246.077,410,0.211328,0.21121,-0.000157127,-0.00706255
246.943,409.5,0.21142,0.211297,-0.000159685,-0.007213
247.809,409,0.211517,0.211388,-0.000162241,-0.00736526
248.675,408.5,0.211618,0.211484,-0.000164795,-0.00751933
249.541,408,0.211709,0.211569,-0.000167864,-0.00769385
250.407,407.5,0.211801,0.211655,-0.000171122,-0.00787458
251.273,407,0.211883,0.211729,-0.000176004,-0.00806432
252.139,406.5,0.211964,0.211803,-0.000181339,-0.00825912
253.005,406,0.212049,0.21188,-0.000186849,-0.00845787
253.871,405.5,0.212135,0.211958,-0.000192533,-0.00866058
254.737,405,0.212224,0.212039,-0.000197521,-0.00887409
255.603,404.5,0.212316,0.212121,-0.000201905,-0.0090986
256.469,404,0.212411,0.212206,-0.000206547,-0.00932762
257.335,403.5,0.212509,0.212294,-0.000211448,-0.00956114
258.201,403,0.21261,0.212384,-0.000216607,-0.00979918
259.067,402.5,0.212714,0.212477,-0.000222026,-0.0100417
259.933,402,0.212815,0.212566,-0.000227871,-0.0102978
260.799,401.5,0.212952,0.21269,-0.000231938,-0.010563
261.665,401,0.213104,0.212828,-0.000235837,-0.0108274
262.531,400.5,0.213265,0.212976,-0.000239844,-0.0110946
263.397,400,0.213434,0.213131,-0.000243957,-0.0113644
264.263,399.5,0.213612,0.213295,-0.000248178,-0.0116369
265.13,399,0.2138,0.213467,-0.000252507,-0.0119121
265.996,398.5,0.214008,0.21366,-0.000252386,-0.0122022
266.862,398,0.214231,0.213866,-0.000251331,-0.012498
267.728,397.5,0.214468,0.214086,-0.000249942,-0.0127978
268.594,397,0.214718,0.214318,-0.000248219,-0.0131016
269.46,396.5,0.214981,0.214562,-0.000246162,-0.0134094
270.326,396,0.215174,0.214734,-0.000250774,-0.0137495
271.192,395.5,0.215324,0.214859,-0.000257933,-0.0141448
272.058,395,0.215443,0.214949,-0.000266894,-0.0145887
272.924,394.5,0.215568,0.215042,-0.000276197,-0.0150453
273.79,394,0.215697,0.215138,-0.000285842,-0.0155146
274.656,393.5,0.215832,0.215238,-0.000295829,-0.0159966
275.522,393,0.215972,0.215341,-0.000306158,-0.0164914
276.388,392.5,0.216128,0.215459,-0.000313593,-0.0169968
277.254,392,0.216323,0.215613,-0.000311675,-0.0175082
278.12,391.5,0.216526,0.215774,-0.000310173,-0.0180307
278.986,391,0.216745,0.215948,-0.000308733,-0.0185611
279.852,390.5,0.21719,0.216358,-0.000295822,-0.0189964
280.718,390,0.217666,0.216796,-0.000281589,-0.0194391
281.584,389.5,0.218172,0.217263,-0.000266031,-0.0198893
282.45,389,0.218519,0.217552,-0.000254067,-0.0205364
283.316,388.5,0.218877,0.217847,-0.000242328,-0.0212025
284.182,388,0.219258,0.218164,-0.000230512,-0.0218744
285.048,387.5,0.219662,0.218501,-0.000218619,-0.022552
285.914,387,0.22009,0.218859,-0.000206648,-0.0232354
286.78,386.5,0.22054,0.219239,-0.0001946,-0.0239244
287.646,386,0.221121,0.219749,-0.000155427,-0.0245908
288.512,385.5,0.221781,0.220338,-9.87464e-05,-0.0252588
289.378,385,0.222232,0.220706,-5.67372e-05,-0.0260007
290.244,384.5,0.222706,0.221094,-1.45795e-05,-0.0267529
291.11,384,0.223204,0.221501,2.77268e-05,-0.0275155
291.976,383.5,0.223724,0.221929,7.01816e-05,-0.0282885
292.842,383,0.224118,0.222205,0.000111778,-0.0292181
293.708,382.5,0.224184,0.222098,0.000152659,-0.0305145
294.574,382,0.22426,0.221985,0.000195877,-0.031857
295.44,381.5,0.224345,0.221868,0.000241434,-0.0332456
296.306,381,0.224441,0.221746,0.000289328,-0.0346804
297.172,380.5,0.224549,0.221618,0.00033956,-0.0361613
298.038,380,0.224759,0.221584,0.000396988,-0.0376414
298.905,379.5,0.225898,0.222587,0.000569226,-0.0385316
299.771,379,0.227141,0.223686,0.000751906,-0.0394621
300.637,378.5,0.228484,0.224875,0.000944219,-0.0404364
301.503,378,0.229926,0.226156,0.00114616,-0.0414547
302.369,377.5,0.231469,0.227527,0.00135774,-0.042517
303.235,377,0.233113,0.22899,0.00157895,-0.0436231
304.101,376.5,0.234046,0.229565,0.00183762,-0.0455424
304.967,376,0.234673,0.229729,0.00212113,-0.0478722
305.833,375.5,0.235383,0.229946,0.00241648,-0.0502427
306.699,375,0.236175,0.230215,0.00272365,-0.0526539
307.565,374.5,0.23689,0.230379,0.003035,-0.0550752
308.431,374,0.237065,0.229976,0.00333433,-0.0574449
309.297,373.5,0.237584,0.229969,0.00368532,-0.0595528
310.163,373,0.23887,0.230887,0.00410826,-0.0611011
311.029,372.5,0.240406,0.232053,0.00454,-0.0626537
311.895,372,0.242189,0.233469,0.00498054,-0.0642104
312.761,371.5,0.244219,0.235133,0.00542988,-0.0657713
313.627,371,0.246495,0.237046,0.00588802,-0.0673364
314.493,370.5,0.248868,0.239012,0.00638347,-0.0690506
315.359,370,0.248276,0.236925,0.00751343,-0.0738297
316.225,369.5,0.247626,0.23462,0.00871835,-0.0787165
317.091,369,0.247264,0.232457,0.0100169,-0.0836829
317.957,368.5,0.247917,0.231253,0.0114331,-0.0886249
318.823,368,0.248851,0.230223,0.0129165,-0.093581
319.689,367.5,0.250064,0.229369,0.0144671,-0.0985515
320.555,367,0.253294,0.231165,0.0151123,-0.102432
321.421,366.5,0.257301,0.233901,0.0153792,-0.1061
322.287,366,0.261425,0.236647,0.0156115,-0.109989
323.153,365.5,0.265672,0.239401,0.0158092,-0.114099
324.019,365,0.270045,0.242165,0.0159723,-0.11843
324.885,364.5,0.27455,0.244937,0.0161008,-0.122981
325.751,364,0.278951,0.245726,0.0185181,-0.130726
326.617,363.5,0.284646,0.245193,0.0244636,-0.142498
327.483,363,0.290922,0.245715,0.0313601,-0.152566
328.349,362.5,0.296081,0.244495,0.0393451,-0.16229
329.215,362,0.300255,0.241533,0.0484186,-0.171671
330.081,361.5,0.303602,0.236828,0.0585808,-0.180707
330.947,361,0.30727,0.231668,0.0676267,-0.190189
331.813,360.5,0.322887,0.240592,0.0563177,-0.207845
332.679,360,0.345328,0.255874,0.0425266,-0.227972
333.546,359.5,0.374817,0.277515,0.0262535,-0.250568
334.412,359,0.411545,0.305513,0.00749825,-0.275634
335.278,358.5,0.455646,0.339871,-0.013739,-0.30317
336.144,358,0.498875,0.374685,-0.033165,-0.327701
337.01,357.5,0.496056,0.381832,0.0176361,-0.316172
337.876,357,0.494323,0.390592,0.0839556,-0.291109
338.742,356.5,0.505449,0.407441,0.148254,-0.25979
339.608,356,0.52977,0.432382,0.210531,-0.222213
340.474,355.5,0.567234,0.465413,0.270787,-0.178379
341.34,355,0.617487,0.506535,0.329021,-0.128288
342.206,354.5,0.631937,0.514999,0.346834,-0.117587
343.072,354,0.603442,0.471475,0.340463,-0.161054
343.938,353.5,0.589618,0.416312,0.360282,-0.211024
344.804,353,0.598986,0.349508,0.406292,-0.267498
345.67,352.5,0.617645,0.27203,0.455552,-0.316159
346.536,352,0.635188,0.198535,0.498294,-0.340221
347.402,351.5,0.632626,0.161977,0.527972,-0.308584
348.268,351,0.497763,0.259067,0.418103,-0.0764289
349.134,350.5,0.470164,0.314805,0.333325,0.104145
350,350,0.487439,0.329192,0.273636,0.233138
350.866,349.5,0.494895,0.302226,0.239037,0.31055
351.732,349,0.469626,0.233909,0.229529,0.336381
352.598,348.5,0.414736,0.12424,0.24511,0.310631
353.464,348,0.377078,-0.0210382,0.25955,0.272725
354.33,347.5,0.390498,-0.164642,0.255789,0.244853
355.196,347,0.420889,-0.224254,0.199212,0.29525
356.062,346.5,0.467339,-0.214589,0.118779,0.397804
356.928,346,0.529871,-0.207698,0.0540245,0.484465
357.794,345.5,0.591398,-0.203581,0.00494704,0.555231
358.66,345,0.621291,-0.187571,0.0087451,0.592236
359.526,344.5,0.630405,-0.160026,0.0413814,0.60835
360.392,344,0.640277,-0.133697,0.0633676,0.622948
361.258,343.5,0.649543,-0.108587,0.0747036,0.63603
362.124,343,0.657448,-0.0846927,0.0753894,0.647597
362.99,342.5,0.663797,-0.0620161,0.065425,0.657648
363.856,342,0.665009,-0.0397393,0.0505079,0.661897
364.722,341.5,0.637802,-0.0359936,0.0432164,0.635318
365.588,341,0.603741,-0.0472846,0.0305847,0.601109
366.454,340.5,0.572007,-0.0607763,0.0189354,0.568454
367.321,340,0.54283,-0.0764688,0.00826851,0.537353
368.187,339.5,0.516502,-0.094362,-0.00141592,0.507807
369.053,339,0.493381,-0.114456,-0.0101179,0.479815
369.919,338.5,0.470202,-0.128544,-0.0199075,0.451852
370.785,338,0.448264,-0.140017,-0.0292074,0.424833
371.651,337.5,0.42771,-0.149596,-0.0377971,0.398909
372.517,337,0.408362,-0.157281,-0.0456767,0.37408
373.383,336.5,0.390034,-0.163072,-0.0528461,0.350345
374.249,336,0.369647,-0.160619,-0.0548691,0.328374
375.115,335.5,0.346953,-0.153572,-0.0537804,0.30643
375.981,335,0.323881,-0.145448,-0.0520258,0.28467
376.847,334.5,0.301533,-0.137232,-0.050194,0.263762
377.713,334,0.279902,-0.128924,-0.048285,0.243705
378.579,333.5,0.258978,-0.120525,-0.0462988,0.224499
379.445,333,0.238756,-0.112033,-0.0442355,0.206146
380.311,332.5,0.218644,-0.103185,-0.0420801,0.188116
381.177,332,0.197681,-0.0936565,-0.0396994,0.1695
382.043,331.5,0.177467,-0.0842485,-0.0370724,0.151731
382.909,331,0.157996,-0.0749607,-0.0341991,0.134811
383.775,330.5,0.141091,-0.0672733,-0.0324325,0.119704
384.641,330,0.125202,-0.0601886,-0.0311536,0.105273
385.507,329.5,0.109558,-0.0531114,-0.0298666,0.0910505
386.373,329,0.0939352,-0.0417195,-0.0277905,0.0794418
387.239,328.5,0.0791415,-0.0306457,-0.0257312,0.0682797
388.105,328,0.0653307,-0.0201106,-0.0237279,0.0574513
388.971,327.5,0.052741,-0.0101142,-0.0217805,0.0469566
389.837,327,0.041832,-0.000656556,-0.019889,0.0367955
390.703,326.5,0.0334884,0.00826242,-0.0180535,0.0269681
391.569,326,0.0289821,0.0165687,-0.0160121,0.0175799
392.435,325.5,0.0294851,0.0245041,-0.0138701,0.00874847
393.301,325,0.0332421,0.0308156,-0.0123222,0.00189758
394.167,324.5,0.0384783,0.0366246,-0.0109898,-0.00429506
395.033,324,0.0446255,0.0423258,-0.00972114,-0.0102691
395.899,323.5,0.0512404,0.0479194,-0.00851634,-0.0160246
396.765,323,0.0583258,0.0538986,-0.00742958,-0.021015
397.631,322.5,0.0658907,0.0607525,-0.00651302,-0.0246639
398.497,322,0.0732756,0.0674303,-0.00565049,-0.0281165
399.363,321.5,0.080459,0.073932,-0.00484199,-0.031373
400.229,321,0.0874281,0.0802578,-0.00408751,-0.0344333
401.095,320.5,0.0941745,0.0864075,-0.00338705,-0.0372975
401.962,320,0.100688,0.092378,-0.00273951,-0.0399604
402.828,319.5,0.106424,0.0976664,-0.00219466,-0.0422202
403.694,319,0.111952,0.102759,-0.00170628,-0.0443946
404.56,318.5,0.11728,0.107691,-0.00124199,-0.0464313
405.426,318,0.122409,0.112461,-0.000801775,-0.0483304
406.292,317.5,0.127336,0.117069,-0.000385645,-0.0500919
407.158,317,0.132063,0.121516,6.40168e-06,-0.0517159
408.024,316.5,0.136609,0.126173,0.000284429,-0.0523665
408.89,316,0.140967,0.1308,0.000507558,-0.0525628
409.756,315.5,0.145129,0.135228,0.00071683,-0.0526807
410.622,315,0.149093,0.139458,0.000912243,-0.0527202
411.488,314.5,0.152857,0.143488,0.0010938,-0.0526813
412.354,314,0.156259,0.147022,0.00121636,-0.052914
413.22,313.5,0.159333,0.150296,0.00132314,-0.052881
414.086,313,0.16201,0.153289,0.00141763,-0.0524181
414.952,312.5,0.164589,0.156171,0.00150478,-0.0519395
415.818,312,0.16707,0.158944,0.00158458,-0.0514453
416.684,311.5,0.169451,0.161606,0.00165705,-0.0509354
417.55,311,0.171733,0.164159,0.00172217,-0.0504099
418.416,310.5,0.173895,0.166595,0.00177649,-0.049824
419.282,310,0.175714,0.168848,0.001776,-0.0486072
420.148,309.5,0.177465,0.171003,0.00177168,-0.0474189
421.014,309,0.179147,0.173062,0.00176354,-0.0462592
421.88,308.5,0.180998,0.175187,0.00175828,-0.0454617
422.746,308,0.182788,0.177232,0.00175104,-0.0446922
423.612,307.5,0.18451,0.179193,0.00174162,-0.0439398
424.478,307,0.185887,0.180846,0.00171989,-0.0429606
425.344,306.5,0.187127,0.182361,0.00169357,-0.0419292
426.21,306,0.188325,0.183817,0.00166617,-0.040928
427.076,305.5,0.189481,0.185212,0.00163767,-0.0399572
427.942,305,0.190592,0.186549,0.0016081,-0.0390167
428.808,304.5,0.191658,0.187825,0.00157743,-0.0381065
429.674,304,0.192589,0.188973,0.0015386,-0.0371142
430.54,303.5,0.193374,0.189983,0.00149094,-0.036019
431.406,303,0.194182,0.190973,0.00145384,-0.0351273
432.272,302.5,0.194971,0.191932,0.00141741,-0.0342608
433.138,302,0.195739,0.19286,0.00138163,-0.0334194
434.004,301.5,0.196486,0.193758,0.00134652,-0.0326031
434.87,301,0.197187,0.194602,0.00131134,-0.031796
435.737,300.5,0.19769,0.195256,0.00127178,-0.0308992
436.603,300,0.198183,0.195891,0.00123324,-0.0300305
437.469,299.5,0.198666,0.196506,0.00119573,-0.0291898
438.335,299,0.199138,0.197102,0.00115925,-0.0283771
439.201,298.5,0.199599,0.197679,0.00112379,-0.0275923
440.067,298,0.200059,0.198247,0.00108977,-0.0268464
440.933,297.5,0.200509,0.198793,0.00105652,-0.0261545
441.799,297,0.200924,0.199301,0.00102311,-0.0254654
442.665,296.5,0.201328,0.199793,0.000990479,-0.0247966
443.531,296,0.201723,0.20027,0.000958635,-0.0241483
444.397,295.5,0.202108,0.200732,0.000927576,-0.0235203
445.263,295,0.202482,0.201179,0.000897302,-0.0229128
446.129,294.5,0.202791,0.20156,0.000866688,-0.0223007
446.995,294,0.203038,0.201876,0.000835703,-0.0216827
447.861,293.5,0.20328,0.202182,0.000805513,-0.0210843
448.727,293,0.203517,0.20248,0.000776118,-0.0205055
449.593,292.5,0.203754,0.202773,0.000748578,-0.0199537
450.459,292,0.204016,0.203084,0.000727434,-0.0194591
451.325,291.5,0.20426,0.203375,0.000706691,-0.0189731
452.191,291,0.204438,0.2036,0.000685647,-0.0184747
453.057,290.5,0.204614,0.203821,0.00066513,-0.0179901
453.923,290,0.204789,0.204037,0.000645137,-0.0175192
454.789,289.5,0.204961,0.204249,0.000625671,-0.017062
455.655,289,0.205132,0.204457,0.000606729,-0.0166186
456.521,288.5,0.2053,0.20466,0.000588314,-0.0161889
457.387,288,0.205413,0.204807,0.000569803,-0.0157567
458.253,287.5,0.205518,0.204944,0.000551735,-0.0153346
459.119,287,0.205633,0.205089,0.000534199,-0.014933
459.985,286.5,0.205782,0.205265,0.000517087,-0.0145701
460.851,286,0.205929,0.205437,0.000500396,-0.0142169
461.717,285.5,0.206073,0.205605,0.000484128,-0.0138735
462.583,285,0.20619,0.205745,0.00046818,-0.0135341
463.449,284.5,0.206285,0.205862,0.000452575,-0.0131992
464.315,284,0.206379,0.205977,0.000437399,-0.0128731
465.181,283.5,0.206472,0.20609,0.000422652,-0.0125558
466.047,283,0.206564,0.2062,0.000408334,-0.0122473
466.913,282.5,0.206655,0.206309,0.000394445,-0.0119477
467.779,282,0.206737,0.206408,0.000380885,-0.0116555
468.645,281.5,0.206796,0.206482,0.000368273,-0.0113709
469.512,281,0.206867,0.206569,0.000358222,-0.0111039
470.378,280.5,0.206939,0.206654,0.000348419,-0.0108433
471.244,280,0.20701,0.206738,0.000338862,-0.0105892
472.11,279.5,0.20708,0.206822,0.000329552,-0.0103414
472.976,279,0.207151,0.206904,0.000320488,-0.0101001
473.842,278.5,0.207196,0.206961,0.000311705,-0.00986284
474.708,278,0.207239,0.207015,0.000303118,-0.00963114
475.574,277.5,0.207283,0.207069,0.000294722,-0.00940524
476.44,277,0.207326,0.207123,0.000286518,-0.00918513
477.306,276.5,0.20737,0.207176,0.000278504,-0.00897082
478.172,276,0.207421,0.207236,0.000270577,-0.00876629
479.038,275.5,0.207471,0.207293,0.000262607,-0.00857344
