x,v,vx,vy,vz
220.096,425,0.192981,0.192653,0.000913698,-0.0111957
220.962,424.5,0.192624,0.192283,0.000941747,-0.0114073
221.828,424,0.192234,0.19188,0.000972683,-0.011621
222.694,423.5,0.191807,0.191439,0.00100963,-0.0118356
223.56,423,0.191386,0.191003,0.00104788,-0.0120563
224.426,422.5,0.190964,0.190565,0.00108657,-0.0122833
225.292,422,0.190541,0.190126,0.0011257,-0.0125166
226.158,421.5,0.190118,0.189686,0.00116528,-0.0127562
227.024,421,0.189686,0.189236,0.00120601,-0.0130013
227.89,420.5,0.189159,0.188691,0.00125505,-0.0132446
228.756,420,0.188631,0.188143,0.00130468,-0.0134953
229.622,419.5,0.188101,0.187592,0.0013549,-0.0137533
230.488,419,0.187569,0.187039,0.0014057,-0.0140186
231.355,418.5,0.187035,0.186483,0.00145709,-0.0142913
232.221,418,0.186521,0.185944,0.00150508,-0.0145776
233.087,417.5,0.185917,0.185315,0.00156098,-0.0148634
233.953,417,0.185281,0.184653,0.00162012,-0.0151554
234.819,416.5,0.184644,0.183988,0.00167978,-0.0154573
235.685,416,0.184006,0.18332,0.00173994,-0.0157692
236.551,415.5,0.183366,0.182649,0.00180062,-0.0160909
237.417,415,0.182724,0.181975,0.0018618,-0.0164226
238.283,414.5,0.182006,0.181223,0.00193025,-0.0167564
239.149,414,0.181194,0.180375,0.00200755,-0.0170921
240.015,413.5,0.180378,0.179521,0.00208561,-0.0174396
240.881,413,0.179559,0.178661,0.00216444,-0.0177988
241.747,412.5,0.178768,0.177828,0.00224829,-0.0181716
242.613,412,0.177985,0.176999,0.00233431,-0.0185578
243.479,411.5,0.177172,0.176139,0.00242423,-0.0189526
244.345,411,0.176178,0.175096,0.00253343,-0.0193356
245.211,410.5,0.175181,0.174046,0.00264406,-0.0197341
246.077,410,0.174181,0.17299,0.00275613,-0.0201479
246.943,409.5,0.173179,0.171928,0.00286963,-0.0205772
247.809,409,0.172173,0.170859,0.00298457,-0.021022
248.675,408.5,0.171165,0.169784,0.00310094,-0.0214822
249.541,408,0.169919,0.168467,0.00323997,-0.0219333
250.407,407.5,0.168616,0.167088,0.00338539,-0.0223976
251.273,407,0.167369,0.165758,0.00352298,-0.0228982
252.139,406.5,0.166131,0.164431,0.00366021,-0.0234241
253.005,406,0.164893,0.163097,0.00379885,-0.0239722
253.871,405.5,0.163654,0.161755,0.00393889,-0.0245424
254.737,405,0.162236,0.16023,0.00409969,-0.0251039
255.603,404.5,0.160643,0.158522,0.00428117,-0.025661
256.469,404,0.159046,0.156802,0.00446482,-0.0262451
257.335,403.5,0.157446,0.155069,0.00465066,-0.026856
258.201,403,0.155845,0.153324,0.00483867,-0.0274939
259.067,402.5,0.154242,0.151566,0.00502886,-0.0281588
259.933,402,0.152539,0.149696,0.00522982,-0.028841
260.799,401.5,0.150513,0.147485,0.00547544,-0.0295321
261.665,401,0.148498,0.145268,0.00572453,-0.0302647
262.531,400.5,0.146487,0.143036,0.00597643,-0.0310373
263.397,400,0.14448,0.140788,0.00623115,-0.03185
264.263,399.5,0.14248,0.138524,0.00648869,-0.0327028
265.13,399,0.140488,0.136245,0.00674904,-0.0335955
265.996,398.5,0.137966,0.133415,0.00707388,-0.0344211
266.862,398,0.135376,0.130487,0.00741132,-0.0352816
267.728,397.5,0.132797,0.127534,0.00775295,-0.0361925
268.594,397,0.130231,0.124556,0.00809877,-0.0371538
269.46,396.5,0.127684,0.121553,0.00844878,-0.0381654
270.326,396,0.125383,0.118749,0.00878149,-0.0392761
271.192,395.5,0.1226,0.115382,0.00915742,-0.040421
272.058,395,0.119454,0.111558,0.00956871,-0.0416224
272.924,394.5,0.116367,0.107707,0.00998424,-0.042906
273.79,394,0.113351,0.103828,0.010404,-0.0442718
274.656,393.5,0.110417,0.099922,0.010828,-0.0457199
275.522,393,0.107578,0.0959883,0.0112562,-0.0472502
276.388,392.5,0.10458,0.0917492,0.0117204,-0.0488035
277.254,392,0.100919,0.0866358,0.0122856,-0.0502778
278.12,391.5,0.0974356,0.0814784,0.0128575,-0.0518619
278.986,391,0.0941753,0.0762894,0.0134358,-0.0535574
279.852,390.5,0.0915158,0.0714657,0.0140053,-0.0554224
280.718,390,0.089167,0.0666442,0.014578,-0.0574177
281.584,389.5,0.0871629,0.0618249,0.0151541,-0.0595434
282.45,389,0.084357,0.055092,0.0158343,-0.061889
283.316,388.5,0.082142,0.048196,0.0165244,-0.0644314
284.182,388,0.0806904,0.0412697,0.0172174,-0.0671663
285.048,387.5,0.0800712,0.0343131,0.0179132,-0.0700937
285.914,387,0.0803329,0.0273264,0.0186119,-0.0732136
286.78,386.5,0.0814967,0.0203093,0.0193134,-0.076526
287.646,386,0.0832284,0.0118714,0.0201462,-0.0798759
288.512,385.5,0.0860545,0.00262879,0.0210567,-0.0833971
289.378,385,0.0900796,-0.00564958,0.0219177,-0.0871896
290.244,384.5,0.0951028,-0.0138176,0.0227776,-0.0912951
291.11,384,0.100987,-0.0218751,0.0236365,-0.0957136
291.976,383.5,0.107604,-0.0298223,0.0244943,-0.100445
292.842,383,0.115553,-0.0389672,0.0253968,-0.105778
293.708,382.5,0.126043,-0.0509776,0.0264009,-0.11221
294.574,382,0.137479,-0.0628713,0.0274011,-0.119151
295.44,381.5,0.149688,-0.0746484,0.0283975,-0.1266
296.306,381,0.162539,-0.086309,0.02939,-0.134558
297.172,380.5,0.175938,-0.0978529,0.0303785,-0.143025
298.038,380,0.18949,-0.108947,0.0313418,-0.151838
298.905,379.5,0.20489,-0.122358,0.0324157,-0.161114
299.771,379,0.220502,-0.135069,0.0334731,-0.171047
300.637,378.5,0.236219,-0.147036,0.0345116,-0.181628
301.503,378,0.251998,-0.158258,0.0355311,-0.19286
302.369,377.5,0.267815,-0.168736,0.0365318,-0.20474
303.235,377,0.283663,-0.178469,0.0375135,-0.21727
304.101,376.5,0.306523,-0.192876,0.0382186,-0.235149
304.967,376,0.332812,-0.208846,0.03879,-0.256209
305.833,375.5,0.359193,-0.223719,0.0393534,-0.278246
306.699,375,0.385687,-0.237496,0.0399087,-0.30126
307.565,374.5,0.411023,-0.249598,0.04038,-0.324053
308.431,374,0.431148,-0.25822,0.0405305,-0.342883
309.297,373.5,0.456897,-0.265201,0.0414402,-0.369737
310.163,373,0.493203,-0.270266,0.0436171,-0.410247
311.029,372.5,0.528218,-0.273323,0.0455173,-0.449708
311.895,372,0.561928,-0.274374,0.0471409,-0.488119
312.761,371.5,0.594338,-0.273419,0.0484879,-0.52548
313.627,371,0.62547,-0.270457,0.0495582,-0.561791
314.493,370.5,0.654466,-0.265251,0.0505515,-0.596165
315.359,370,0.666217,-0.249776,0.0545085,-0.615212
316.225,369.5,0.682124,-0.225914,0.056473,-0.641145
317.091,369,0.700488,-0.197258,0.0566722,-0.669746
317.957,368.5,0.714777,-0.172958,0.0561286,-0.691261
318.823,368,0.731448,-0.145836,0.0546366,-0.714677
319.689,367.5,0.750831,-0.115892,0.0521963,-0.739995
320.555,367,0.678619,-0.133188,0.0299885,-0.664745
321.421,366.5,0.591426,-0.157004,0.00184066,-0.570203
322.287,366,0.524686,-0.167532,-0.025031,-0.49659
323.153,365.5,0.476198,-0.164772,-0.0506266,-0.443905
324.019,365,0.444525,-0.148724,-0.074946,-0.412149
324.885,364.5,0.430016,-0.119389,-0.0979893,-0.401321
325.751,364,0.393582,-0.109229,-0.143473,-0.349845
326.617,363.5,0.340594,-0.145282,-0.217328,-0.218325
327.483,363,0.347778,-0.185509,-0.282078,-0.0834746
328.349,362.5,0.399804,-0.208171,-0.340451,0.0245214
329.215,362,0.458982,-0.213269,-0.392449,0.105663
330.081,361.5,0.507752,-0.200804,-0.43807,0.159952
330.947,361,0.548583,-0.179975,-0.478649,0.198613
331.813,360.5,0.655567,-0.228825,-0.527295,0.315226
332.679,360,0.75877,-0.270949,-0.574391,0.415204
333.546,359.5,0.852477,-0.306346,-0.619936,0.498546
334.412,359,0.934105,-0.335016,-0.663932,0.565252
335.278,358.5,1.0025,-0.356959,-0.706378,0.615323
336.144,358,1.06708,-0.37574,-0.744022,0.66627
337.01,357.5,1.14764,-0.374354,-0.760986,0.773203
337.876,357,1.22517,-0.353441,-0.772637,0.882695
338.742,356.5,1.29437,-0.315766,-0.782459,0.981548
339.608,356,1.35554,-0.261331,-0.790453,1.06976
340.474,355.5,1.40966,-0.190135,-0.796616,1.14734
341.34,355,1.45822,-0.102179,-0.800951,1.21427
342.206,354.5,1.42619,-0.020447,-0.769786,1.20043
343.072,354,1.32347,0.0230753,-0.699828,1.12306
343.938,353.5,1.24171,0.0435888,-0.628963,1.06974
344.804,353,1.18098,0.0410935,-0.557191,1.04047
345.67,352.5,1.12987,0.00186481,-0.467376,1.02867
346.536,352,1.05903,-0.0515133,-0.349221,0.998464
347.402,351.5,0.938039,-0.0725776,-0.204237,0.912653
348.268,351,0.674145,0.0131729,0.0102298,0.673938
349.134,350.5,0.52775,0.0717905,0.197276,0.484199
350,350,0.505957,0.103275,0.356901,0.343436
350.866,349.5,0.560477,0.107627,0.489104,0.251649
351.732,349,0.635228,0.0848464,0.593887,0.208837
352.598,348.5,0.705706,0.0349327,0.671249,0.215002
353.464,348,0.669471,0.0407742,0.571067,0.347002
354.33,347.5,0.655922,0.079612,0.432835,0.486363
355.196,347,0.686783,0.139781,0.270683,0.615519
356.062,346.5,0.761753,0.200033,0.110782,0.726624
356.928,346,0.854917,0.25386,-0.0258238,0.815948
357.794,345.5,0.943754,0.301261,-0.139135,0.88349
358.66,345,0.966688,0.323506,-0.173651,0.894245
359.526,344.5,0.938685,0.323912,-0.154113,0.867444
360.392,344,0.908255,0.319648,-0.136001,0.839199
361.258,343.5,0.875264,0.310715,-0.119315,0.809511
362.124,343,0.839629,0.297111,-0.104055,0.778379
362.99,342.5,0.801321,0.278838,-0.0902205,0.745804
363.856,342,0.762276,0.258228,-0.0795093,0.712784
364.722,341.5,0.739651,0.244115,-0.0704173,0.694645
365.588,341,0.724861,0.230517,-0.0592988,0.684667
366.454,340.5,0.711893,0.217928,-0.0499385,0.675873
367.321,340,0.700677,0.206346,-0.0423365,0.668264
368.187,339.5,0.69115,0.195773,-0.0364927,0.661838
369.053,339,0.683259,0.186208,-0.0324071,0.656597
369.919,338.5,0.671783,0.179418,-0.0291316,0.646725
370.785,338,0.660127,0.172797,-0.0265188,0.636558
371.651,337.5,0.64881,0.166089,-0.0246231,0.626708
372.517,337,0.637833,0.159294,-0.0234445,0.617176
373.383,336.5,0.627197,0.152412,-0.022983,0.607963
374.249,336,0.616624,0.14609,-0.023727,0.598599
375.115,335.5,0.604114,0.140187,-0.0240474,0.587131
375.981,335,0.59061,0.134346,-0.0239273,0.57463
376.847,334.5,0.577379,0.128286,-0.0237872,0.562444
377.713,334,0.564425,0.122006,-0.023627,0.550574
378.579,333.5,0.551755,0.115506,-0.0234468,0.53902
379.445,333,0.539377,0.108788,-0.0232465,0.527781
380.311,332.5,0.527389,0.102432,-0.0228576,0.51684
381.177,332,0.515919,0.0974846,-0.0220632,0.506145
382.043,331.5,0.504715,0.0923806,-0.0213636,0.495728
382.909,331,0.49378,0.0871205,-0.0207589,0.485591
383.775,330.5,0.483403,0.0810121,-0.0201852,0.476139
384.641,330,0.473409,0.0746772,-0.0196551,0.467069
385.507,329.5,0.463691,0.0684196,-0.0191894,0.458214
386.373,329,0.453893,0.0626805,-0.0184579,0.449165
387.239,328.5,0.444262,0.0570342,-0.0177989,0.440227
388.105,328,0.434817,0.0514594,-0.017229,0.431417
388.971,327.5,0.425557,0.0459559,-0.016748,0.422737
389.837,327,0.416484,0.0405239,-0.0163561,0.414185
390.703,326.5,0.4076,0.0351633,-0.0160532,0.405763
391.569,326,0.39882,0.0303388,-0.0157951,0.397351
392.435,325.5,0.39018,0.0258724,-0.0155739,0.38901
393.301,325,0.38202,0.0216434,-0.0152972,0.3811
394.167,324.5,0.374025,0.0175201,-0.0150331,0.373312
395.033,324,0.366099,0.0134603,-0.0148114,0.365551
395.899,323.5,0.358244,0.00946398,-0.0146319,0.35782
396.765,323,0.350203,0.0055793,-0.0144986,0.349858
397.631,322.5,0.341711,0.00187228,-0.0144088,0.341402
398.497,322,0.33331,-0.00175001,-0.0143504,0.332996
399.363,321.5,0.324999,-0.00528757,-0.0143234,0.32464
400.229,321,0.31678,-0.00874041,-0.0143278,0.316335
401.095,320.5,0.308652,-0.0121085,-0.0143636,0.30808
401.962,320,0.30061,-0.0153848,-0.0144316,0.299869
402.828,319.5,0.292557,-0.0178683,-0.0144506,0.291653
403.694,319,0.284667,-0.0202355,-0.0144481,0.283579
404.56,318.5,0.276843,-0.0224787,-0.0144495,0.27555
405.426,318,0.269084,-0.024598,-0.0144549,0.267567
406.292,317.5,0.261389,-0.0265932,-0.0144642,0.25963
407.158,317,0.253755,-0.0284645,-0.0144775,0.251738
408.024,316.5,0.245614,-0.0297773,-0.0145084,0.24337
408.89,316,0.237291,-0.0307802,-0.0145393,0.234836
409.756,315.5,0.229034,-0.0316646,-0.0145624,0.226367
410.622,315,0.220843,-0.0324307,-0.0145778,0.217962
411.488,314.5,0.212717,-0.0330785,-0.0145853,0.209622
412.354,314,0.20529,-0.03385,-0.0145823,0.201954
413.22,313.5,0.19775,-0.0341974,-0.014584,0.194224
414.086,313,0.189873,-0.0338892,-0.0145932,0.186253
414.952,312.5,0.18209,-0.0334935,-0.0145884,0.178388
415.818,312,0.174401,-0.0330104,-0.0145696,0.170627
416.684,311.5,0.166804,-0.0324398,-0.0145368,0.162972
417.55,311,0.159298,-0.0317817,-0.0144899,0.155421
418.416,310.5,0.151842,-0.0309747,-0.0144271,0.147947
419.282,310,0.143915,-0.0292131,-0.0143204,0.140189
420.148,309.5,0.136099,-0.0273862,-0.0141945,0.132557
421.014,309,0.128394,-0.0254941,-0.0140494,0.125051
421.88,308.5,0.121151,-0.0238111,-0.0138968,0.117972
422.746,308,0.114022,-0.0220967,-0.0137341,0.111014
423.612,307.5,0.106996,-0.0203425,-0.0135612,0.104166
424.478,307,0.0998302,-0.0178624,-0.0133391,0.0973091
425.344,306.5,0.092723,-0.0151383,-0.0130948,0.0905368
426.21,306,0.0857682,-0.0124014,-0.0128415,0.0838897
427.076,305.5,0.0789759,-0.00965188,-0.0125791,0.077368
427.942,305,0.0723596,-0.0068896,-0.0123076,0.0709716
428.808,304.5,0.0659373,-0.0041146,-0.012027,0.0647004
429.674,304,0.0597331,-0.000973401,-0.0117114,0.0585657
430.54,303.5,0.053871,0.00260799,-0.011357,0.0525957
431.406,303,0.0488601,0.00586113,-0.0110794,0.0472251
432.272,302.5,0.0442832,0.0090984,-0.0107968,0.0419721
433.138,302,0.0402388,0.0123198,-0.0105092,0.0368367
434.004,301.5,0.0368492,0.0155254,-0.0102166,0.0318189
434.87,301,0.0343148,0.0187968,-0.00991206,0.0269432
435.737,300.5,0.0332187,0.0226317,-0.00955375,0.022361
436.603,300,0.0332119,0.0264254,-0.00919316,0.0178944
437.469,299.5,0.0342361,0.0301779,-0.00883029,0.0135435
438.335,299,0.0361494,0.0338892,-0.00846513,0.00930834
439.201,298.5,0.0387711,0.0375593,-0.00809769,0.00518883
440.067,298,0.0418999,0.0411624,-0.0077348,0.00119604
440.933,297.5,0.0455532,0.0448871,-0.00740458,-0.00232784
441.799,297,0.0494935,0.048654,-0.00707002,-0.00569254
442.665,296.5,0.0535496,0.0523629,-0.0067393,-0.00895941
443.531,296,0.0576692,0.0560136,-0.00641243,-0.0121285
444.397,295.5,0.0618144,0.0596062,-0.0060894,-0.0151997
445.263,295,0.0659569,0.0631408,-0.00577021,-0.0181731
446.129,294.5,0.070185,0.0667924,-0.00543963,-0.0208597
446.995,294,0.0744671,0.0705569,-0.00509883,-0.0232612
447.861,293.5,0.0786755,0.0742496,-0.00476416,-0.0255761
448.727,293,0.0828044,0.0778705,-0.00443561,-0.0278045
449.593,292.5,0.0868141,0.0813835,-0.00412428,-0.02994
450.459,292,0.090554,0.0846361,-0.00387752,-0.0319645
451.325,291.5,0.0942305,0.0878666,-0.00363191,-0.0338475
452.191,291,0.0978767,0.0912154,-0.00337869,-0.0353295
453.057,290.5,0.10144,0.0944955,-0.00313076,-0.0367553
453.923,290,0.104921,0.0977067,-0.00288814,-0.0381251
454.789,289.5,0.108319,0.100849,-0.00265081,-0.0394388
455.655,289,0.111633,0.103923,-0.00241878,-0.0406964
456.521,288.5,0.114864,0.106928,-0.00219205,-0.0418979
457.387,288,0.117973,0.109954,-0.0019643,-0.0427092
458.253,287.5,0.120996,0.112922,-0.00174195,-0.0434237
459.119,287,0.12393,0.115802,-0.00153659,-0.044115
459.985,286.5,0.12676,0.118558,-0.00137427,-0.0448366
460.851,286,0.129523,0.121253,-0.00121698,-0.0455236
461.717,285.5,0.132218,0.123888,-0.00106471,-0.0461758
462.583,285,0.134792,0.126477,-0.000918487,-0.0465981
463.449,284.5,0.137258,0.129019,-0.00077838,-0.0468336
464.315,284,0.139665,0.131501,-0.000643615,-0.0470465
465.181,283.5,0.142011,0.133923,-0.000514192,-0.0472369
466.047,283,0.144296,0.136286,-0.00039011,-0.0474048
466.913,282.5,0.14652,0.138589,-0.00027137,-0.04755
467.779,282,0.148653,0.140825,-0.000159351,-0.0476027
468.645,281.5,0.150623,0.142956,-6.08873e-05,-0.0474433
469.512,281,0.152521,0.144981,2.3939e-05,-0.0473618
470.378,280.5,0.154374,0.146959,0.000105501,-0.0472708
471.244,280,0.156185,0.148891,0.0001838,-0.0471705
472.11,279.5,0.157951,0.150778,0.000258834,-0.0470607
472.976,279,0.159674,0.152618,0.000330604,-0.0469415
473.842,278.5,0.161236,0.154359,0.000392013,-0.0465857
474.708,278,0.162751,0.156053,0.00045015,-0.046208
475.574,277.5,0.16423,0.157705,0.000505676,-0.0458294
476.44,277,0.165673,0.159316,0.000558593,-0.0454497
477.306,276.5,0.167079,0.160885,0.0006089,-0.0450689
478.172,276,0.168472,0.162425,0.000652463,-0.0447256
479.038,275.5,0.169797,0.163905,0.00068199,-0.0443364
