x,v,vx,vy,vz
220.096,425,0.156795,0.156309,0.00323791,-0.011901
220.962,424.5,0.155533,0.155018,0.00333699,-0.0121892
221.828,424,0.154165,0.153621,0.00344491,-0.0124746
222.694,423.5,0.152672,0.152096,0.00356643,-0.0127583
223.56,423,0.151191,0.15058,0.00368918,-0.0130641
224.426,422.5,0.149705,0.149057,0.00381297,-0.0133883
225.292,422,0.148216,0.147526,0.0039378,-0.0137308
226.158,421.5,0.146722,0.145987,0.00406365,-0.0140916
227.024,421,0.145198,0.144415,0.00419265,-0.014467
227.89,420.5,0.143378,0.142544,0.00434637,-0.0148216
228.756,420,0.141552,0.140661,0.00450143,-0.0151989
229.622,419.5,0.13972,0.138768,0.00465785,-0.0155988
230.488,419,0.137882,0.136864,0.00481562,-0.0160213
231.355,418.5,0.13604,0.134948,0.00497474,-0.0164665
232.221,418,0.134262,0.13309,0.00513024,-0.0169419
233.087,417.5,0.132204,0.130945,0.00531003,-0.0174083
233.953,417,0.130053,0.128699,0.00549881,-0.017893
234.819,416.5,0.127905,0.126445,0.005689,-0.0184077
235.685,416,0.125759,0.124184,0.00588061,-0.0189524
236.551,415.5,0.123617,0.121914,0.00607363,-0.0195271
237.417,415,0.12148,0.119637,0.00626806,-0.0201317
238.283,414.5,0.119118,0.117117,0.00648269,-0.0207494
239.149,414,0.116482,0.114305,0.00672168,-0.0213827
240.015,413.5,0.113854,0.111481,0.00696241,-0.0220544
240.881,413,0.111238,0.108645,0.0072049,-0.0227645
241.747,412.5,0.10873,0.105896,0.00744776,-0.0235098
242.613,412,0.106271,0.103171,0.00769162,-0.0242923
243.479,411.5,0.103754,0.100356,0.00794387,-0.025109
244.345,411,0.100733,0.0969849,0.00824154,-0.0259444
245.211,410.5,0.0977547,0.0936123,0.00854074,-0.0268285
246.077,410,0.0948252,0.0902384,0.00884145,-0.0277612
246.943,409.5,0.0919508,0.0868632,0.00914367,-0.0287425
247.809,409,0.0891386,0.0834867,0.00944742,-0.0297725
248.675,408.5,0.0863964,0.0801089,0.00975268,-0.030851
249.541,408,0.083125,0.0760486,0.0101086,-0.0320031
250.407,407.5,0.0798417,0.0718415,0.0104767,-0.0332225
251.273,407,0.0768357,0.067817,0.0108359,-0.0344552
252.139,406.5,0.0740125,0.0638407,0.0111944,-0.0357338
253.005,406,0.0713658,0.05988,0.0115543,-0.0370669
253.871,405.5,0.0689162,0.0559349,0.0119155,-0.0384544
254.737,405,0.0663305,0.0515134,0.0123119,-0.0399316
255.603,404.5,0.0637215,0.04664,0.0127425,-0.0415062
256.469,404,0.0614974,0.0417934,0.0131747,-0.0431471
257.335,403.5,0.0597004,0.0369735,0.0136085,-0.0448543
258.201,403,0.0583691,0.0321804,0.0140437,-0.0466277
259.067,402.5,0.0575353,0.027414,0.0144805,-0.0484675
259.933,402,0.0571688,0.0224469,0.0149312,-0.050413
260.799,401.5,0.0571762,0.0167285,0.0154312,-0.0524514
261.665,401,0.0578774,0.0110703,0.0159329,-0.0545288
262.531,400.5,0.0592466,0.00545602,0.0164367,-0.0566588
263.397,400,0.0612323,-0.000114461,0.0169427,-0.0588415
264.263,399.5,0.063771,-0.00564109,0.0174509,-0.0610769
265.13,399,0.0667942,-0.0111239,0.0179613,-0.0633649
265.996,398.5,0.0706865,-0.017635,0.0185262,-0.0658967
266.862,398,0.0751262,-0.0242332,0.0191042,-0.0684962
267.728,397.5,0.0799674,-0.0307695,0.0196884,-0.0711365
268.594,397,0.0851314,-0.0372439,0.0202788,-0.0738175
269.46,396.5,0.0905535,-0.0436565,0.0208753,-0.0765393
270.326,396,0.0960092,-0.0499003,0.0214601,-0.0791656
271.192,395.5,0.10216,-0.0568219,0.0220909,-0.0819755
272.058,395,0.108913,-0.0642794,0.0227649,-0.0849237
272.924,394.5,0.115838,-0.07172,0.0234526,-0.0878896
273.79,394,0.122903,-0.0791439,0.024154,-0.0908731
274.656,393.5,0.130084,-0.0865509,0.0248689,-0.0938744
275.522,393,0.137363,-0.0939412,0.0255975,-0.0968934
276.388,392.5,0.144895,-0.10165,0.0263835,-0.0998291
277.254,392,0.153052,-0.110382,0.0273223,-0.102441
278.12,391.5,0.161318,-0.11915,0.0282872,-0.105009
278.986,391,0.169687,-0.12795,0.0292757,-0.107542
279.852,390.5,0.178311,-0.136742,0.0302057,-0.110382
280.718,390,0.187091,-0.145585,0.0311441,-0.113306
281.584,389.5,0.196017,-0.15448,0.0320909,-0.116313
282.45,389,0.206324,-0.165167,0.0330763,-0.119145
283.316,388.5,0.217032,-0.176251,0.0341252,-0.121959
284.182,388,0.228055,-0.187616,0.0352373,-0.124771
285.048,387.5,0.239392,-0.199263,0.0364125,-0.127581
285.914,387,0.251039,-0.211191,0.0376508,-0.130388
286.78,386.5,0.262995,-0.223402,0.0389523,-0.133194
287.646,386,0.276852,-0.236482,0.0400101,-0.138284
288.512,385.5,0.29206,-0.250409,0.0410669,-0.144597
289.378,385,0.307134,-0.263544,0.041843,-0.152069
290.244,384.5,0.322562,-0.277069,0.0426859,-0.159552
291.11,384,0.338345,-0.290984,0.0435958,-0.167047
291.976,383.5,0.354482,-0.30529,0.0445725,-0.174552
292.842,383,0.3726,-0.320776,0.0463625,-0.183803
293.708,382.5,0.395212,-0.338677,0.0498287,-0.197503
294.574,382,0.418846,-0.357311,0.0532229,-0.211963
295.44,381.5,0.443504,-0.376678,0.0565452,-0.227184
296.306,381,0.469187,-0.396777,0.0597955,-0.243164
297.172,380.5,0.495897,-0.417609,0.0629738,-0.259905
298.038,380,0.522961,-0.438408,0.0658844,-0.277392
298.905,379.5,0.532962,-0.458815,0.0752005,-0.260542
299.771,379,0.545958,-0.478184,0.0834384,-0.249897
300.637,378.5,0.56135,-0.496476,0.0905191,-0.245829
301.503,378,0.578662,-0.51369,0.0964424,-0.248336
302.369,377.5,0.597683,-0.529828,0.101208,-0.257419
303.235,377,0.618435,-0.544888,0.104817,-0.273079
304.101,376.5,0.643586,-0.610271,0.097456,-0.179651
304.967,376,0.703215,-0.696729,0.085524,-0.0420078
305.833,375.5,0.787018,-0.779084,0.0739853,0.0833719
306.699,375,0.881805,-0.857335,0.06284,0.196489
307.565,374.5,0.975411,-0.927644,0.0526237,0.296872
308.431,374,1.04836,-0.976273,0.0451633,0.379341
309.297,373.5,1.17578,-1.06238,0.0283168,0.502982
310.163,373,1.42552,-1.22939,-0.00541584,0.721574
311.029,372.5,1.67865,-1.39539,-0.0371086,0.932409
311.895,372,1.93094,-1.56037,-0.0667614,1.13549
312.761,371.5,2.1802,-1.72433,-0.0943744,1.33081
313.627,371,2.42521,-1.88728,-0.119948,1.51837
314.493,370.5,2.66309,-2.04845,-0.144208,1.69561
315.359,370,2.86712,-2.20337,-0.184369,1.82526
316.225,369.5,3.09758,-2.37736,-0.227955,1.97261
317.091,369,3.33367,-2.55413,-0.273234,2.12488
317.957,368.5,3.53298,-2.70266,-0.315163,2.25349
318.823,368,3.7429,-2.86142,-0.35685,2.38626
319.689,367.5,3.9634,-3.03042,-0.398296,2.52318
320.555,367,4.01528,-3.08862,-0.429095,2.52958
321.421,366.5,4.03785,-3.12866,-0.461848,2.51046
322.287,366,4.10094,-3.19752,-0.501314,2.51839
323.153,365.5,4.2045,-3.2952,-0.547495,2.55337
324.019,365,4.34844,-3.42171,-0.600389,2.61541
324.885,364.5,4.53268,-3.57704,-0.659997,2.70451
325.751,364,4.63426,-3.6736,-0.704216,2.7359
326.617,363.5,4.55494,-3.63847,-0.717635,2.64461
327.483,363,4.42855,-3.56831,-0.72771,2.51984
328.349,362.5,4.34605,-3.53044,-0.747106,2.42198
329.215,362,4.30742,-3.52485,-0.775824,2.35104
330.081,361.5,4.31256,-3.55155,-0.813863,2.30701
330.947,361,4.3381,-3.59333,-0.855688,2.27485
331.813,360.5,4.19865,-3.51189,-0.857632,2.13535
332.679,360,4.09676,-3.45651,-0.868346,2.02038
333.546,359.5,4.03218,-3.42719,-0.887831,1.92993
334.412,359,4.00462,-3.42392,-0.916086,1.86401
335.278,358.5,4.01374,-3.44671,-0.953112,1.82261
336.144,358,3.98135,-3.42683,-0.987654,1.76991
337.01,357.5,3.72587,-3.22196,-0.975909,1.59644
337.876,357,3.4631,-3.00868,-0.955708,1.42392
338.742,356.5,3.23198,-2.81671,-0.936981,1.27826
339.608,356,3.0318,-2.64605,-0.91973,1.15944
340.474,355.5,2.86185,-2.49671,-0.903955,1.06748
341.34,355,2.72155,-2.36867,-0.889654,1.00237
342.206,354.5,2.57965,-2.24303,-0.848676,0.950356
343.072,354,2.41696,-2.10717,-0.768411,0.900603
343.938,353.5,2.26307,-1.97853,-0.677002,0.865183
344.804,353,2.11929,-1.85712,-0.574448,0.844095
345.67,352.5,1.8674,-1.64416,-0.423389,0.777615
346.536,352,1.50371,-1.33325,-0.222574,0.65881
347.402,351.5,1.17679,-1.03554,-0.0213339,0.558606
348.268,351,0.914863,-0.758852,0.138703,0.491812
349.134,350.5,0.749357,-0.536566,0.275306,0.444791
350,350,0.679103,-0.368683,0.388474,0.417542
350.866,349.5,0.67968,-0.255203,0.478209,0.410065
351.732,349,0.71648,-0.196125,0.54451,0.42236
352.598,348.5,0.766922,-0.19145,0.587377,0.454428
353.464,348,0.764714,-0.172591,0.485638,0.564939
354.33,347.5,0.774628,-0.12806,0.34587,0.681193
355.196,347,0.808567,-0.0554759,0.185562,0.785029
356.062,346.5,0.867174,0.0237276,0.0339287,0.866185
356.928,346,0.935521,0.0949953,-0.0951528,0.925808
357.794,345.5,0.997418,0.158327,-0.201682,0.963898
358.66,345,0.99569,0.202293,-0.224144,0.948808
359.526,344.5,0.949327,0.227226,-0.18935,0.902074
360.392,344,0.90541,0.243081,-0.158606,0.857626
361.258,343.5,0.863025,0.249859,-0.131911,0.815465
362.124,343,0.82144,0.247558,-0.109265,0.77559
362.99,342.5,0.780159,0.236179,-0.0906677,0.738002
363.856,342,0.741702,0.219771,-0.0766269,0.704238
364.722,341.5,0.725164,0.222977,-0.0637837,0.687077
365.588,341,0.716895,0.230474,-0.0504345,0.676961
366.454,340.5,0.709954,0.236741,-0.0388785,0.668189
367.321,340,0.704209,0.241778,-0.0291158,0.660762
368.187,339.5,0.699545,0.245584,-0.0211462,0.654679
369.053,339,0.695866,0.248161,-0.0149699,0.64994
369.919,338.5,0.693731,0.248162,-0.0136631,0.647682
370.785,338,0.690739,0.247124,-0.0132469,0.644884
371.651,337.5,0.68672,0.245216,-0.0133061,0.641309
372.517,337,0.681676,0.242439,-0.0138406,0.636957
373.383,336.5,0.675611,0.238794,-0.0148504,0.631828
374.249,336,0.666539,0.232243,-0.0167733,0.624545
375.115,335.5,0.652499,0.2235,-0.0178174,0.612769
375.981,335,0.636375,0.214368,-0.0181656,0.598907
376.847,334.5,0.620806,0.205416,-0.0184781,0.585545
377.713,334,0.605794,0.196645,-0.018755,0.572683
378.579,333.5,0.591342,0.188055,-0.0189962,0.560321
379.445,333,0.57745,0.179646,-0.0192017,0.548459
380.311,332.5,0.564156,0.172284,-0.0192816,0.53686
381.177,332,0.551465,0.167343,-0.0191142,0.525114
382.043,331.5,0.539246,0.162396,-0.0189634,0.513863
382.909,331,0.527501,0.157441,-0.0188292,0.503106
383.775,330.5,0.516811,0.151649,-0.0186096,0.49371
384.641,330,0.506657,0.145618,-0.0183711,0.484932
385.507,329.5,0.496784,0.139688,-0.0181544,0.476395
386.373,329,0.486944,0.134812,-0.0174497,0.467585
387.239,328.5,0.477326,0.130042,-0.0167831,0.458963
388.105,328,0.467941,0.125334,-0.0161802,0.450553
388.971,327.5,0.458789,0.120686,-0.015641,0.442355
389.837,327,0.449871,0.116099,-0.0151656,0.434368
390.703,326.5,0.441189,0.111573,-0.0147538,0.426593
391.569,326,0.432799,0.1075,-0.0143297,0.418991
392.435,325.5,0.424626,0.103678,-0.0139283,0.411539
393.301,325,0.416725,0.0996429,-0.0135393,0.40441
394.167,324.5,0.408996,0.0955753,-0.0131726,0.397454
395.033,324,0.40141,0.0915438,-0.0128395,0.390621
395.899,323.5,0.393966,0.0875483,-0.0125399,0.38391
396.765,323,0.386613,0.0836613,-0.0122607,0.377254
397.631,322.5,0.379277,0.0799708,-0.0119919,0.370557
398.497,322,0.372056,0.0763311,-0.0117637,0.363952
399.363,321.5,0.36495,0.0727423,-0.0115761,0.35744
400.229,321,0.357959,0.0692044,-0.0114291,0.35102
401.095,320.5,0.351084,0.0657173,-0.0113226,0.344693
401.962,320,0.344323,0.0622842,-0.0112572,0.338455
402.828,319.5,0.337767,0.0589256,-0.01113,0.332401
403.694,319,0.331347,0.0555789,-0.0109945,0.326467
404.56,318.5,0.325017,0.0523,-0.0108754,0.320597
405.426,318,0.318779,0.0490889,-0.0107727,0.314792
406.292,317.5,0.312631,0.0459455,-0.0106865,0.309051
407.158,317,0.306573,0.0428699,-0.0106167,0.303375
408.024,316.5,0.300387,0.0400227,-0.0105859,0.297521
408.89,316,0.294182,0.0373122,-0.0105795,0.291614
409.756,315.5,0.288051,0.0346673,-0.0105869,0.285761
410.622,315,0.281993,0.0320881,-0.0106083,0.27996
411.488,314.5,0.276008,0.0295746,-0.0106436,0.274213
412.354,314,0.270223,0.0269893,-0.0106298,0.268661
413.22,313.5,0.264401,0.0245832,-0.0106343,0.263041
414.086,313,0.258453,0.0224543,-0.0106728,0.257255
414.952,312.5,0.252564,0.0203857,-0.0107123,0.251512
415.818,312,0.246734,0.0183775,-0.0107528,0.245814
416.684,311.5,0.240963,0.0164295,-0.0107942,0.240159
417.55,311,0.235249,0.0145419,-0.0108365,0.234548
418.416,310.5,0.229569,0.0127389,-0.0108819,0.228957
419.282,310,0.223612,0.0113441,-0.0109565,0.223055
420.148,309.5,0.217707,0.0100114,-0.0110294,0.217197
421.014,309,0.211853,0.00874088,-0.0111005,0.211381
421.88,308.5,0.20625,0.00746757,-0.0111144,0.205815
422.746,308,0.200695,0.00625288,-0.0111225,0.200289
423.612,307.5,0.195181,0.00509889,-0.0111267,0.194797
424.478,307,0.189465,0.00435468,-0.0111456,0.189087
425.344,306.5,0.183709,0.003784,-0.0111637,0.18333
426.21,306,0.177993,0.00327042,-0.0111746,0.177612
427.076,305.5,0.172318,0.00281395,-0.0111782,0.171932
427.942,305,0.166683,0.00241458,-0.0111745,0.16629
428.808,304.5,0.161088,0.00207231,-0.0111636,0.160687
429.674,304,0.155395,0.00200913,-0.0111468,0.154982
430.54,303.5,0.149583,0.00228316,-0.0111231,0.149151
431.406,303,0.14418,0.00250896,-0.0111024,0.14373
432.272,302.5,0.138833,0.00278213,-0.0110745,0.138363
433.138,302,0.133544,0.00310268,-0.0110393,0.133051
434.004,301.5,0.128312,0.00347062,-0.0109968,0.127793
434.87,301,0.123114,0.0039536,-0.0109451,0.122563
435.737,300.5,0.117804,0.00497008,-0.0108716,0.117196
436.603,300,0.112572,0.00602475,-0.0107892,0.111891
437.469,299.5,0.10742,0.00711761,-0.0106979,0.106648
438.335,299,0.102352,0.00824866,-0.0105978,0.101467
439.201,298.5,0.0973742,0.0094179,-0.0104888,0.0963484
440.067,298,0.0925099,0.0106117,-0.0103714,0.0913121
440.933,297.5,0.0878674,0.0121382,-0.0102331,0.0864212
441.799,297,0.0833393,0.0137855,-0.0100851,0.0815701
442.665,296.5,0.0789533,0.0154485,-0.00993194,0.0767876
443.531,296,0.0747225,0.0171271,-0.00977357,0.0720736
444.397,295.5,0.0706622,0.0188213,-0.00961003,0.0674281
445.263,295,0.0667902,0.0205312,-0.00944132,0.0628512
446.129,294.5,0.0632022,0.0225128,-0.00925267,0.0583273
446.995,294,0.0599677,0.0247649,-0.00904437,0.0538611
447.861,293.5,0.0570557,0.0270194,-0.00883194,0.0494703
448.727,293,0.0545002,0.0292763,-0.00861539,0.0451547
449.593,292.5,0.0523582,0.0315107,-0.0084037,0.0409614
450.459,292,0.0507294,0.0336114,-0.00823707,0.0370931
451.325,291.5,0.0495496,0.0357922,-0.00806245,0.0333028
452.191,291,0.04909,0.0383428,-0.00786224,0.0296284
453.057,290.5,0.0490622,0.0408797,-0.0076601,0.0260244
453.923,290,0.0494493,0.0434028,-0.00745602,0.022491
454.789,289.5,0.050225,0.0459121,-0.00725,0.019028
455.655,289,0.0513552,0.0484076,-0.00704205,0.0156356
456.521,288.5,0.0528019,0.0508894,-0.00683217,0.0123136
457.387,288,0.0548695,0.0536922,-0.00659516,0.0091821
458.253,287.5,0.0572088,0.0565223,-0.00635335,0.00614046
459.119,287,0.0596884,0.059288,-0.0061179,0.00319409
459.985,286.5,0.0621758,0.0618932,-0.00590808,0.000402345
460.851,286,0.0647645,0.0644713,-0.00569946,-0.00232509
461.717,285.5,0.0674318,0.0670224,-0.00549203,-0.00498821
462.583,285,0.0703114,0.0697134,-0.00527468,-0.00747706
463.449,284.5,0.0733432,0.0725082,-0.00505028,-0.00981282
464.315,284,0.0763835,0.0752664,-0.00482834,-0.0120871
465.181,283.5,0.0794221,0.0779881,-0.00460885,-0.0142999
466.047,283,0.0824506,0.0806732,-0.00439183,-0.0164513
466.913,282.5,0.085462,0.0833218,-0.00417726,-0.0185412
467.779,282,0.0884881,0.0859861,-0.00396124,-0.0205143
468.645,281.5,0.0915574,0.0887388,-0.00374848,-0.0222292
469.512,281,0.0944712,0.0913415,-0.00357162,-0.0238494
470.378,280.5,0.0973438,0.0939036,-0.00339704,-0.0254243
471.244,280,0.100173,0.0964251,-0.00322472,-0.0269539
472.11,279.5,0.102959,0.0989061,-0.00305467,-0.0284381
472.976,279,0.105698,0.101346,-0.00288689,-0.0298771
473.842,278.5,0.108452,0.103881,-0.00271368,-0.0310381
474.708,278,0.111159,0.106382,-0.00254282,-0.0321393
475.574,277.5,0.113814,0.108837,-0.00237502,-0.0332019
476.44,277,0.116414,0.111248,-0.00221029,-0.0342257
477.306,276.5,0.118962,0.113613,-0.00204863,-0.0352108
478.172,276,0.121433,0.115908,-0.00189963,-0.0361635
479.038,275.5,0.123816,0.118162,-0.00176811,-0.0369443
