x,v,vx,vy,vz
220.096,425,0.206912,0.206732,6.42859e-05,-0.00863844
220.962,424.5,0.206889,0.206701,6.65439e-05,-0.00880756
221.828,424,0.206858,0.206663,6.93538e-05,-0.00898317
222.694,423.5,0.206825,0.206622,7.41411e-05,-0.00916272
223.56,423,0.206799,0.206588,7.95572e-05,-0.00934266
224.426,422.5,0.206776,0.206557,8.50458e-05,-0.00952548
225.292,422,0.206756,0.206528,9.06068e-05,-0.00971118
226.158,421.5,0.206738,0.206501,9.62403e-05,-0.00989975
227.024,421,0.206721,0.206474,0.000102097,-0.0100923
227.89,420.5,0.20668,0.206423,0.000109725,-0.0102998
228.756,420,0.206642,0.206375,0.000117459,-0.0105107
229.622,419.5,0.206607,0.206329,0.000125298,-0.0107252
230.488,419,0.206575,0.206285,0.000133244,-0.0109431
231.355,418.5,0.206546,0.206244,0.000141295,-0.0111644
232.221,418,0.206523,0.206209,0.000146938,-0.0113901
233.087,417.5,0.206479,0.206151,0.000153752,-0.0116302
233.953,417,0.20643,0.206088,0.000161122,-0.0118781
234.819,416.5,0.206384,0.206027,0.000168368,-0.0121307
235.685,416,0.206342,0.20597,0.000175489,-0.0123881
236.551,415.5,0.206303,0.205915,0.000182486,-0.0126502
237.417,415,0.206268,0.205863,0.000189359,-0.012917
238.283,414.5,0.206215,0.205792,0.000197594,-0.0131978
239.149,414,0.20614,0.205698,0.000207513,-0.0134952
240.015,413.5,0.206069,0.205606,0.000217321,-0.0137986
240.881,413,0.206001,0.205517,0.000227016,-0.0141079
241.747,412.5,0.205961,0.205457,0.000240494,-0.0144083
242.613,412,0.205934,0.205408,0.000255275,-0.0147097
243.479,411.5,0.205905,0.205356,0.00027106,-0.0150186
244.345,411,0.205838,0.205264,0.000291863,-0.0153492
245.211,410.5,0.205776,0.205177,0.000313067,-0.0156857
246.077,410,0.205721,0.205095,0.000334672,-0.0160284
246.943,409.5,0.205672,0.205018,0.000356679,-0.016377
247.809,409,0.205629,0.204947,0.000379087,-0.0167318
248.675,408.5,0.205592,0.20488,0.000401897,-0.0170925
249.541,408,0.2055,0.204754,0.00043026,-0.0174862
250.407,407.5,0.2054,0.204618,0.000460256,-0.017893
251.273,407,0.205309,0.204491,0.000482282,-0.0183098
252.139,406.5,0.205227,0.204369,0.000502632,-0.0187356
253.005,406,0.205151,0.204252,0.000522826,-0.0191701
253.871,405.5,0.205082,0.204141,0.000542865,-0.0196133
254.737,405,0.204979,0.203993,0.000568337,-0.020078
255.603,404.5,0.204844,0.203809,0.000599145,-0.0205654
256.469,404,0.204718,0.203631,0.000629913,-0.0210632
257.335,403.5,0.2046,0.203459,0.000660642,-0.0215714
258.201,403,0.20449,0.203292,0.000691331,-0.0220901
259.067,402.5,0.204389,0.203132,0.00072198,-0.0226191
259.933,402,0.204271,0.202951,0.00075492,-0.0231696
260.799,401.5,0.204113,0.202726,0.000810526,-0.023741
261.665,401,0.203974,0.202517,0.000868536,-0.02432
262.531,400.5,0.203847,0.202317,0.000927663,-0.0249106
263.397,400,0.203733,0.202127,0.000987907,-0.0255127
264.263,399.5,0.203632,0.201946,0.00104927,-0.0261262
265.13,399,0.203543,0.201774,0.00111175,-0.0267512
265.996,398.5,0.203353,0.201493,0.00119527,-0.0274171
266.862,398,0.203164,0.201207,0.00128317,-0.0281014
267.728,397.5,0.202989,0.200931,0.00137273,-0.0288002
268.594,397,0.202829,0.200665,0.00146394,-0.0295135
269.46,396.5,0.202686,0.200411,0.00155681,-0.0302412
270.326,396,0.202574,0.200186,0.00162783,-0.0309732
271.192,395.5,0.202348,0.19983,0.00171125,-0.0317779
272.058,395,0.202038,0.199374,0.00180521,-0.0326469
272.924,394.5,0.201747,0.198931,0.00189994,-0.0335361
273.79,394,0.201475,0.198499,0.00199542,-0.0344456
274.656,393.5,0.201223,0.198078,0.00209167,-0.0353754
275.522,393,0.200992,0.19767,0.00218868,-0.0363254
276.388,392.5,0.200732,0.197222,0.00229756,-0.0373028
277.254,392,0.200351,0.196636,0.00244128,-0.0383242
278.12,391.5,0.199997,0.196067,0.00258678,-0.0393693
278.986,391,0.199675,0.195518,0.00273495,-0.0404357
279.852,390.5,0.199472,0.195096,0.00291394,-0.0414485
280.718,390,0.199302,0.194696,0.00309596,-0.0424834
281.584,389.5,0.199164,0.194319,0.00328099,-0.0435402
282.45,389,0.198637,0.193482,0.00350424,-0.0448252
283.316,388.5,0.198114,0.192626,0.00373333,-0.0461561
284.182,388,0.197626,0.191787,0.0039658,-0.0475188
285.048,387.5,0.197173,0.190963,0.00420165,-0.0489132
285.914,387,0.196755,0.190155,0.00444087,-0.0503394
286.78,386.5,0.196375,0.189363,0.00468348,-0.0517974
287.646,386,0.195883,0.188432,0.00497858,-0.0532771
288.512,385.5,0.195356,0.187444,0.00530416,-0.0547791
289.378,385,0.194974,0.186605,0.00559565,-0.0562329
290.244,384.5,0.194664,0.185817,0.00589131,-0.0577187
291.11,384,0.194429,0.185082,0.00619113,-0.0592362
291.976,383.5,0.194268,0.184399,0.00649513,-0.0607857
292.842,383,0.193913,0.183427,0.0068173,-0.0625306
293.708,382.5,0.193018,0.181713,0.0071757,-0.0646927
294.574,382,0.192196,0.180017,0.00753845,-0.0669058
295.44,381.5,0.191449,0.178342,0.00790557,-0.06917
296.306,381,0.190779,0.176686,0.00827705,-0.0714854
297.172,380.5,0.190188,0.17505,0.00865289,-0.0738518
298.038,380,0.189685,0.173452,0.00903737,-0.0762448
298.905,379.5,0.189299,0.172088,0.00955273,-0.0782858
299.771,379,0.189054,0.170816,0.0100704,-0.0803865
300.637,378.5,0.188951,0.169634,0.0105894,-0.0825497
301.503,378,0.18899,0.168544,0.0111097,-0.0847754
302.369,377.5,0.189172,0.167543,0.0116314,-0.0870636
303.235,377,0.189498,0.166634,0.0121543,-0.0894142
304.101,376.5,0.188878,0.164004,0.0127259,-0.0928201
304.967,376,0.187927,0.160524,0.0133235,-0.0968047
305.833,375.5,0.187187,0.15705,0.0139247,-0.100899
306.699,375,0.186667,0.15358,0.0145296,-0.105102
307.565,374.5,0.186418,0.150229,0.0151319,-0.109334
308.431,374,0.186529,0.147298,0.0157179,-0.113355
309.297,373.5,0.187121,0.145095,0.0162548,-0.117036
310.163,373,0.188567,0.144393,0.0166898,-0.120123
311.029,372.5,0.190424,0.144055,0.0171182,-0.123355
311.895,372,0.192686,0.144081,0.01754,-0.126732
312.761,371.5,0.195346,0.144471,0.0179553,-0.130253
313.627,371,0.198399,0.145226,0.0183639,-0.133919
314.493,370.5,0.201708,0.145984,0.0187866,-0.13792
315.359,370,0.202813,0.139342,0.0196459,-0.146051
316.225,369.5,0.204485,0.132537,0.0205288,-0.154359
317.091,369,0.206594,0.125693,0.021408,-0.162554
317.957,368.5,0.208753,0.119117,0.0222288,-0.169985
318.823,368,0.211256,0.112565,0.0230541,-0.177275
319.689,367.5,0.214072,0.106037,0.0238839,-0.184424
320.555,367,0.22055,0.109014,0.0228604,-0.190357
321.421,366.5,0.229348,0.116454,0.0210192,-0.196462
322.287,366,0.239375,0.125019,0.0190218,-0.203246
323.153,365.5,0.250658,0.134711,0.0168681,-0.210708
324.019,365,0.263221,0.145529,0.0145581,-0.218848
324.885,364.5,0.277085,0.157472,0.0120919,-0.227667
325.751,364,0.286321,0.157719,0.01164,-0.238682
326.617,363.5,0.287978,0.140161,0.0142233,-0.251165
327.483,363,0.289876,0.123292,0.0168437,-0.261808
328.349,362.5,0.291841,0.106969,0.0196701,-0.270817
329.215,362,0.293635,0.0911895,0.0227026,-0.278192
330.081,361.5,0.295059,0.0759547,0.0259412,-0.283932
330.947,361,0.299902,0.067753,0.0273036,-0.29087
331.813,360.5,0.344431,0.117959,0.00884626,-0.323481
332.679,360,0.396941,0.1697,-0.0123672,-0.358625
333.546,359.5,0.456171,0.222974,-0.0363368,-0.396301
334.412,359,0.52123,0.277782,-0.0630625,-0.43651
335.278,358.5,0.591512,0.334124,-0.0925443,-0.479252
336.144,358,0.662887,0.390576,-0.121126,-0.521726
337.01,357.5,0.680883,0.380539,-0.0972302,-0.556181
337.876,357,0.687712,0.364247,-0.0579048,-0.580447
338.742,356.5,0.695817,0.360487,-0.0158799,-0.594944
339.608,356,0.704834,0.369261,0.0288443,-0.599671
340.474,355.5,0.715502,0.390569,0.0762678,-0.594628
341.34,355,0.729578,0.42441,0.126391,-0.579815
342.206,354.5,0.702402,0.507459,0.128032,-0.468468
343.072,354,0.687703,0.625905,0.0849193,-0.271967
343.938,353.5,0.740647,0.732245,0.0577694,-0.0950644
344.804,353,0.830127,0.826479,0.0465831,0.0622408
345.67,352.5,0.898385,0.878057,0.0493117,0.183517
346.536,352,0.911657,0.873939,0.069268,0.250104
347.402,351.5,0.872753,0.82135,0.110461,0.273641
348.268,351,0.710684,0.637049,0.159324,0.271765
349.134,350.5,0.573807,0.466263,0.202648,0.266059
350,350,0.468069,0.308993,0.240433,0.256523
350.866,349.5,0.400978,0.165239,0.27268,0.243157
351.732,349,0.376718,0.0350006,0.299387,0.225962
352.598,348.5,0.389145,-0.0817223,0.320556,0.204937
353.464,348,0.39498,-0.124917,0.324655,0.187095
354.33,347.5,0.396903,-0.144295,0.309734,0.201929
355.196,347,0.414409,-0.132036,0.262021,0.292654
356.062,346.5,0.472291,-0.0988005,0.196944,0.417745
356.928,346,0.549279,-0.0640243,0.131891,0.529351
357.794,345.5,0.631635,-0.0277069,0.0668614,0.627475
358.66,345,0.687702,0.0170267,0.0320551,0.686744
359.526,344.5,0.720171,0.0622839,0.0256713,0.717013
360.392,344,0.750148,0.0997001,0.0211243,0.743193
361.258,343.5,0.776346,0.129275,0.0184141,0.765285
362.124,343,0.797905,0.151009,0.0175407,0.783288
362.99,342.5,0.81429,0.164903,0.0185042,0.797203
363.856,342,0.819222,0.167409,0.017681,0.80174
364.722,341.5,0.793091,0.151116,0.00756946,0.778524
365.588,341,0.76425,0.133002,-0.000158764,0.752588
366.454,340.5,0.737312,0.115281,-0.00706013,0.72821
367.321,340,0.712279,0.0979541,-0.0131346,0.705389
368.187,339.5,0.689153,0.0810205,-0.0183823,0.684127
369.053,339,0.667932,0.0644805,-0.0228031,0.664421
369.919,338.5,0.649062,0.0561589,-0.0227123,0.646229
370.785,338,0.630886,0.0489196,-0.0222092,0.628595
371.651,337.5,0.613288,0.0418661,-0.0217555,0.61147
372.517,337,0.596267,0.0349985,-0.0213511,0.594856
373.383,336.5,0.579824,0.0283168,-0.0209959,0.578751
374.249,336,0.565452,0.0205774,-0.0206982,0.564699
375.115,335.5,0.54992,0.0116944,-0.0205483,0.549412
375.981,335,0.533108,0.00269735,-0.0204726,0.532708
376.847,334.5,0.516718,-0.00592103,-0.0204087,0.516281
377.713,334,0.500746,-0.0141608,-0.0203565,0.500131
378.579,333.5,0.485185,-0.0220218,-0.0203161,0.484259
379.445,333,0.470029,-0.0295042,-0.0202875,0.468663
380.311,332.5,0.455594,-0.0356261,-0.0202046,0.453749
381.177,332,0.442285,-0.0387357,-0.0200423,0.44013
382.043,331.5,0.429141,-0.0415262,-0.0200315,0.426657
382.909,331,0.416156,-0.0439976,-0.0201721,0.413332
383.775,330.5,0.404159,-0.0477069,-0.0204135,0.400813
384.641,330,0.392649,-0.0518922,-0.0206466,0.388657
385.507,329.5,0.381305,-0.0559747,-0.0208682,0.376597
386.373,329,0.368178,-0.0596183,-0.0210092,0.362712
387.239,328.5,0.355155,-0.0630282,-0.0211053,0.348879
388.105,328,0.342326,-0.066218,-0.0211592,0.335194
388.971,327.5,0.329692,-0.0691877,-0.0211708,0.321655
389.837,327,0.31725,-0.0719374,-0.0211403,0.308262
390.703,326.5,0.304998,-0.0744669,-0.0210674,0.295016
391.569,326,0.292435,-0.0752589,-0.0210417,0.281801
392.435,325.5,0.279724,-0.0750024,-0.0210542,0.268658
393.301,325,0.268353,-0.074837,-0.0211612,0.256836
394.167,324.5,0.257468,-0.074633,-0.02128,0.245493
395.033,324,0.24673,-0.0743214,-0.0213813,0.234297
395.899,323.5,0.23614,-0.0739021,-0.0214652,0.223248
396.765,323,0.225305,-0.0728943,-0.0214978,0.2121
397.631,322.5,0.213808,-0.0707807,-0.0214277,0.200612
398.497,322,0.202469,-0.068564,-0.0213171,0.18931
399.363,321.5,0.191285,-0.0662443,-0.021166,0.178195
400.229,321,0.180254,-0.0638217,-0.0209745,0.167267
401.095,320.5,0.169375,-0.061296,-0.0207426,0.156526
401.962,320,0.158639,-0.0586514,-0.020469,0.14597
402.828,319.5,0.14776,-0.0547607,-0.0200798,0.135761
403.694,319,0.137173,-0.0509487,-0.0196802,0.125831
404.56,318.5,0.126787,-0.0471345,-0.0192647,0.116113
405.426,318,0.116603,-0.0433181,-0.018833,0.106608
406.292,317.5,0.106623,-0.0394996,-0.0183852,0.0973146
407.158,317,0.0968474,-0.035679,-0.0179214,0.088234
408.024,316.5,0.0870148,-0.0308603,-0.017332,0.079491
408.89,316,0.0773412,-0.0256482,-0.0166848,0.0710313
409.756,315.5,0.0679773,-0.0204881,-0.0160292,0.062803
410.622,315,0.0589604,-0.01538,-0.0153651,0.0548059
411.488,314.5,0.0503511,-0.0103238,-0.0146926,0.0470402
412.354,314,0.0430257,-0.00588366,-0.0142272,0.0401768
413.22,313.5,0.0364168,-0.00117111,-0.0137246,0.0337112
414.086,313,0.030885,0.00407913,-0.0131348,0.0276537
414.952,312.5,0.0267766,0.00924781,-0.0125442,0.021774
415.818,312,0.0246308,0.0143349,-0.0119528,0.0160722
416.684,311.5,0.0247868,0.0193405,-0.0113608,0.0105482
417.55,311,0.0270513,0.0242645,-0.010768,0.0052021
418.416,310.5,0.0308834,0.0291609,-0.0101694,7.58834e-05
419.282,310,0.0362585,0.0347282,-0.00950373,-0.00427859
420.148,309.5,0.0420018,0.0401769,-0.00884644,-0.00846779
421.014,309,0.0478971,0.0455071,-0.00819755,-0.0124917
421.88,308.5,0.0535376,0.0503925,-0.00772003,-0.0163486
422.746,308,0.0591423,0.0551593,-0.00725582,-0.0200653
423.612,307.5,0.0646793,0.0598183,-0.00679965,-0.0236421
424.478,307,0.0701977,0.0646566,-0.00631213,-0.0265968
425.344,306.5,0.0756118,0.0694715,-0.00582312,-0.0292735
426.21,306,0.080887,0.0741661,-0.00534622,-0.0318356
427.076,305.5,0.0860186,0.0787404,-0.00488142,-0.034283
427.942,305,0.0910034,0.0831943,-0.00442873,-0.0366158
428.808,304.5,0.095839,0.087528,-0.00398814,-0.0388339
429.674,304,0.100504,0.0918523,-0.00355644,-0.0406386
430.54,303.5,0.104987,0.0961838,-0.00313776,-0.0419649
431.406,303,0.109092,0.100089,-0.00282224,-0.0433042
432.272,302.5,0.113084,0.103896,-0.00251616,-0.0445787
433.138,302,0.116961,0.107603,-0.00221954,-0.0457883
434.004,301.5,0.120725,0.111212,-0.00193236,-0.0469331
434.87,301,0.12435,0.114724,-0.00165444,-0.0479436
435.737,300.5,0.127697,0.118162,-0.00138522,-0.0483986
436.603,300,0.130946,0.121502,-0.00112646,-0.048813
437.469,299.5,0.134095,0.124745,-0.000878148,-0.0491867
438.335,299,0.137145,0.127891,-0.000640296,-0.0495197
439.201,298.5,0.140094,0.130939,-0.0004129,-0.0498121
440.067,298,0.14295,0.133889,-0.000200768,-0.0500828
440.933,297.5,0.145613,0.136722,-5.77076e-05,-0.0501037
441.799,297,0.148167,0.139471,7.52409e-05,-0.050013
442.665,296.5,0.150652,0.142144,0.000201469,-0.049908
443.531,296,0.153065,0.144741,0.000320978,-0.0497888
444.397,295.5,0.155408,0.147261,0.000433767,-0.0496553
445.263,295,0.15768,0.149705,0.000539836,-0.0495075
446.129,294.5,0.159771,0.152018,0.000631673,-0.0491622
446.995,294,0.16169,0.154204,0.00071022,-0.0486244
447.861,293.5,0.163555,0.156324,0.000783657,-0.0480874
448.727,293,0.165363,0.158376,0.000851984,-0.0475513
449.593,292.5,0.167114,0.160353,0.000914556,-0.0470464
450.459,292,0.168812,0.16222,0.000969659,-0.0467044
451.325,291.5,0.170431,0.164016,0.00101867,-0.0463083
452.191,291,0.171855,0.165672,0.00105157,-0.0456736
453.057,290.5,0.173246,0.167283,0.00108235,-0.0450473
453.923,290,0.174601,0.16885,0.00111099,-0.0444294
454.789,289.5,0.175921,0.170373,0.0011375,-0.0438199
455.655,289,0.177206,0.171851,0.00116188,-0.0432189
456.521,288.5,0.178454,0.173284,0.00118414,-0.0426262
457.387,288,0.179519,0.174567,0.00119428,-0.0418609
458.253,287.5,0.180535,0.175795,0.00120124,-0.0410821
459.119,287,0.181549,0.177004,0.00120541,-0.04035
459.985,286.5,0.182621,0.17824,0.00120416,-0.039741
460.851,286,0.183666,0.179443,0.00120217,-0.0391437
461.717,285.5,0.184686,0.180612,0.00119944,-0.0385581
462.583,285,0.185603,0.181689,0.0011915,-0.0378966
463.449,284.5,0.186436,0.182688,0.00117928,-0.0371776
464.315,284,0.18725,0.18366,0.00116655,-0.0364747
465.181,283.5,0.188045,0.184605,0.00115329,-0.0357878
466.047,283,0.18882,0.185523,0.00113951,-0.0351168
466.913,282.5,0.189575,0.186413,0.00112521,-0.0344619
467.779,282,0.190282,0.187254,0.00110931,-0.0337965
468.645,281.5,0.190889,0.187996,0.00109152,-0.0330892
469.512,281,0.191504,0.188728,0.00107857,-0.0324692
470.378,280.5,0.192106,0.189442,0.00106542,-0.0318625
471.244,280,0.192697,0.19014,0.00105208,-0.031269
472.11,279.5,0.193275,0.19082,0.00103854,-0.0306888
472.976,279,0.193841,0.191483,0.0010248,-0.0301219
473.842,278.5,0.194307,0.192053,0.00100787,-0.0294936
474.708,278,0.194756,0.192602,0.000990757,-0.0288732
475.574,277.5,0.195198,0.193138,0.000973742,-0.0282673
476.44,277,0.19563,0.19366,0.000956827,-0.0276761
477.306,276.5,0.196055,0.19417,0.000940013,-0.0270993
478.172,276,0.196493,0.194688,0.000922904,-0.0265605
479.038,275.5,0.196918,0.195186,0.000903544,-0.0260439
