x,v,vx,vy,vz
220.096,425,0.204704,0.204459,0.000207031,-0.00999841
220.962,424.5,0.204634,0.20438,0.000213485,-0.0101923
221.828,424,0.204553,0.204288,0.000220907,-0.0103931
222.694,423.5,0.204463,0.204188,0.000231188,-0.010598
223.56,423,0.204381,0.204095,0.000242288,-0.0108039
224.426,422.5,0.204302,0.204004,0.000253521,-0.0110133
225.292,422,0.204225,0.203916,0.000264886,-0.0112262
226.158,421.5,0.204151,0.20383,0.000276384,-0.0114426
227.024,421,0.204077,0.203743,0.000288265,-0.0116635
227.89,420.5,0.203967,0.20362,0.000303104,-0.0118994
228.756,420,0.203861,0.203499,0.000318127,-0.0121394
229.622,419.5,0.203757,0.20338,0.000333336,-0.0123837
230.488,419,0.203656,0.203263,0.000348731,-0.0126321
231.355,418.5,0.203558,0.203149,0.00036431,-0.0128847
232.221,418,0.203469,0.203044,0.000377056,-0.0131419
233.087,417.5,0.203348,0.202905,0.000392123,-0.0134134
233.953,417,0.203219,0.202757,0.000408219,-0.0136933
234.819,416.5,0.203094,0.202612,0.000424278,-0.0139787
235.685,416,0.202972,0.202469,0.0004403,-0.0142695
236.551,415.5,0.202853,0.202329,0.000456285,-0.0145658
237.417,415,0.202738,0.202192,0.000472233,-0.0148677
238.283,414.5,0.202597,0.202027,0.000490607,-0.0151834
239.149,414,0.202424,0.201828,0.000511958,-0.0155157
240.015,413.5,0.202255,0.201632,0.000533323,-0.0158547
240.881,413,0.202089,0.201437,0.000554702,-0.0162004
241.747,412.5,0.201949,0.20127,0.000580465,-0.016539
242.613,412,0.201822,0.201114,0.000607794,-0.0168797
243.479,411.5,0.201689,0.200951,0.000636656,-0.0172286
244.345,411,0.201496,0.200725,0.000673201,-0.0175986
245.211,410.5,0.201309,0.200504,0.000710326,-0.0179758
246.077,410,0.201128,0.200286,0.00074803,-0.0183602
246.943,409.5,0.200952,0.200073,0.000786314,-0.0187518
247.809,409,0.200782,0.199865,0.000825178,-0.0191505
248.675,408.5,0.200618,0.19966,0.000864621,-0.0195565
249.541,408,0.200372,0.19937,0.000912767,-0.0199934
250.407,407.5,0.200113,0.199063,0.000963394,-0.0204441
251.273,407,0.199873,0.198775,0.00100557,-0.0209041
252.139,406.5,0.199644,0.198493,0.0010462,-0.0213737
253.005,406,0.199421,0.198217,0.00108694,-0.021853
253.871,405.5,0.199206,0.197946,0.0011278,-0.0223421
254.737,405,0.198937,0.197617,0.00117687,-0.0228514
255.603,404.5,0.198618,0.197233,0.00123407,-0.023382
256.469,404,0.198306,0.196854,0.00129162,-0.0239242
257.335,403.5,0.198003,0.19648,0.00134954,-0.024478
258.201,403,0.197708,0.196111,0.00140782,-0.0250434
259.067,402.5,0.197422,0.195747,0.00146646,-0.0256203
259.933,402,0.197109,0.195352,0.00152894,-0.0262182
260.799,401.5,0.196706,0.19486,0.00161906,-0.0268367
261.665,401,0.196317,0.194379,0.00171185,-0.0274656
262.531,400.5,0.19594,0.193905,0.00180604,-0.0281079
263.397,400,0.195574,0.193438,0.00190162,-0.0287638
264.263,399.5,0.195219,0.192978,0.0019986,-0.0294331
265.13,399,0.194876,0.192523,0.00209698,-0.030116
265.996,398.5,0.19438,0.191907,0.00222363,-0.0308298
266.862,398,0.193875,0.191274,0.00235602,-0.0315623
267.728,397.5,0.193383,0.190648,0.00249048,-0.0323111
268.594,397,0.192904,0.190029,0.00262701,-0.0330764
269.46,396.5,0.192439,0.189417,0.00276561,-0.0338581
270.326,396,0.192037,0.188864,0.00288431,-0.0346432
271.192,395.5,0.19147,0.188127,0.00302027,-0.0354947
272.058,395,0.190779,0.187247,0.00317073,-0.0364063
272.924,394.5,0.190106,0.186373,0.00332282,-0.0373403
273.79,394,0.189451,0.185507,0.00347653,-0.0382966
274.656,393.5,0.188814,0.184648,0.00363187,-0.0392752
275.522,393,0.188196,0.183797,0.00378883,-0.0402763
276.388,392.5,0.18753,0.182883,0.00396131,-0.0412972
277.254,392,0.186682,0.181771,0.00417803,-0.0423353
278.12,391.5,0.185861,0.18067,0.00439769,-0.0433991
278.986,391,0.185069,0.179583,0.00462096,-0.0444869
279.852,390.5,0.184375,0.178595,0.00486869,-0.0455442
280.718,390,0.183713,0.177623,0.00511972,-0.0466275
281.584,389.5,0.183083,0.176668,0.00537406,-0.0477367
282.45,389,0.181914,0.175082,0.00567021,-0.0490597
283.316,388.5,0.180735,0.173453,0.00597227,-0.0504322
284.182,388,0.179588,0.171828,0.00627755,-0.0518413
285.048,387.5,0.178474,0.170206,0.00658604,-0.0532872
285.914,387,0.177395,0.168587,0.00689774,-0.0547698
286.78,386.5,0.176351,0.166971,0.00721265,-0.0562891
287.646,386,0.175144,0.165172,0.00758808,-0.0577584
288.512,385.5,0.173878,0.16329,0.00800003,-0.0592089
289.378,385,0.172807,0.161598,0.00838826,-0.0606466
290.244,384.5,0.171812,0.159945,0.00878165,-0.0621266
291.11,384,0.170894,0.158332,0.00918022,-0.0636489
291.976,383.5,0.170054,0.15676,0.00958395,-0.0652135
292.842,383,0.168941,0.154769,0.0100014,-0.0669903
293.708,382.5,0.167104,0.151737,0.0104428,-0.0692131
294.574,382,0.165349,0.148691,0.0108884,-0.0715033
295.44,381.5,0.163684,0.145631,0.011338,-0.073861
296.306,381,0.162113,0.142555,0.0117918,-0.0762863
297.172,380.5,0.160645,0.139466,0.0122497,-0.078779
298.038,380,0.1593,0.136389,0.0127113,-0.0813205
298.905,379.5,0.158031,0.133734,0.0132985,-0.0831395
299.771,379,0.156943,0.131176,0.0138888,-0.0850342
300.637,378.5,0.15604,0.128716,0.0144808,-0.0870111
301.503,378,0.155323,0.126351,0.0150745,-0.0890705
302.369,377.5,0.154795,0.124082,0.0156701,-0.0912121
303.235,377,0.154457,0.12191,0.0162674,-0.0934361
304.101,376.5,0.152973,0.117119,0.0168173,-0.0969598
304.967,376,0.151164,0.110953,0.0173403,-0.10119
305.833,375.5,0.149728,0.104685,0.0178591,-0.105548
306.699,375,0.148698,0.0983142,0.0183738,-0.110036
307.565,374.5,0.148165,0.0919524,0.0188794,-0.114635
308.431,374,0.148274,0.0859024,0.0193647,-0.119294
309.297,373.5,0.148748,0.0810733,0.0198442,-0.123123
310.163,373,0.149548,0.0787101,0.0203133,-0.125526
311.029,372.5,0.15082,0.0766279,0.0207775,-0.128231
311.895,372,0.152557,0.0748267,0.0212368,-0.131239
312.761,371.5,0.15475,0.0733066,0.0216912,-0.134549
313.627,371,0.157392,0.0720674,0.0221407,-0.138161
314.493,370.5,0.160414,0.0704992,0.0225654,-0.142314
315.359,370,0.1633,0.0561568,0.0225712,-0.151671
316.225,369.5,0.167986,0.0413235,0.0225717,-0.161252
317.091,369,0.174468,0.0265067,0.0225062,-0.170967
317.957,368.5,0.182366,0.0128149,0.022233,-0.180551
318.823,368,0.191421,-0.000869979,0.021881,-0.190164
319.689,367.5,0.201479,-0.0145479,0.0214502,-0.199805
320.555,367,0.208752,-0.0165913,0.020034,-0.207125
321.421,366.5,0.216212,-0.0139749,0.0182282,-0.214989
322.287,366,0.225334,-0.0109135,0.0163696,-0.224473
323.153,365.5,0.236139,-0.00740737,0.0144582,-0.23558
324.019,365,0.248645,-0.00345633,0.0124939,-0.248307
324.885,364.5,0.262866,0.000939571,0.0104767,-0.262656
325.751,364,0.28088,-0.0103259,0.00688301,-0.280606
326.617,363.5,0.304738,-0.0420393,0.00019161,-0.301824
327.483,363,0.330087,-0.0676734,-0.00866979,-0.32296
328.349,362.5,0.356274,-0.0908228,-0.0188831,-0.343986
329.215,362,0.382767,-0.111487,-0.0304483,-0.364902
330.081,361.5,0.409226,-0.129667,-0.0433655,-0.38571
330.947,361,0.439534,-0.141118,-0.0565688,-0.412402
331.813,360.5,0.508739,-0.111513,-0.0608044,-0.492628
332.679,360,0.582812,-0.0774716,-0.0647498,-0.573999
333.546,359.5,0.661219,-0.0389935,-0.0684051,-0.656514
334.412,359,0.743655,0.00392125,-0.0717701,-0.740173
335.278,358.5,0.82995,0.0512727,-0.0748449,-0.824977
336.144,358,0.912849,0.102397,-0.0790437,-0.903638
337.01,357.5,0.876597,0.127969,-0.120123,-0.858846
337.876,357,0.828956,0.166373,-0.156923,-0.796783
338.742,356.5,0.803429,0.227042,-0.178816,-0.749649
339.608,356,0.803328,0.309974,-0.185804,-0.717446
340.474,355.5,0.833217,0.415171,-0.177885,-0.700172
341.34,355,0.897473,0.542631,-0.15506,-0.697829
342.206,354.5,0.840693,0.636422,-0.147905,-0.529014
343.072,354,0.703411,0.659011,-0.163433,-0.183798
343.938,353.5,0.69543,0.661839,-0.168684,0.13091
344.804,353,0.784222,0.644906,-0.163657,0.41511
345.67,352.5,0.915347,0.591392,-0.149634,0.68244
346.536,352,1.05803,0.51526,-0.120527,0.916192
347.402,351.5,1.11913,0.438575,-0.0538889,1.0282
348.268,351,0.867942,0.345416,0.108337,0.788844
349.134,350.5,0.689881,0.248554,0.248762,0.593528
350,350,0.593684,0.147986,0.367386,0.442254
350.866,349.5,0.574145,0.0437138,0.46421,0.335023
351.732,349,0.607286,-0.0642631,0.539233,0.271834
352.598,348.5,0.667691,-0.175945,0.592456,0.252688
353.464,348,0.645421,-0.165988,0.523424,0.339181
354.33,347.5,0.624812,-0.121742,0.426831,0.439755
355.196,347,0.625556,-0.0637161,0.307424,0.541064
356.062,346.5,0.660728,-0.00387072,0.183245,0.634797
356.928,346,0.722567,0.0527312,0.0726175,0.716972
357.794,345.5,0.795079,0.10609,-0.0244584,0.78759
358.66,345,0.831354,0.144658,-0.0622882,0.816299
359.526,344.5,0.834109,0.168118,-0.0560728,0.815065
360.392,344,0.83629,0.186326,-0.0498931,0.813741
361.258,343.5,0.837558,0.19928,-0.043749,0.812328
362.124,343,0.837674,0.206981,-0.0376405,0.810827
362.99,342.5,0.836492,0.209428,-0.0315677,0.809236
363.856,342,0.830679,0.205834,-0.0289275,0.804253
364.722,341.5,0.806494,0.194314,-0.0311955,0.782114
365.588,341,0.780256,0.180565,-0.0292248,0.758513
366.454,340.5,0.75604,0.166639,-0.0276244,0.736929
367.321,340,0.733876,0.152537,-0.0263941,0.717363
368.187,339.5,0.713797,0.138259,-0.025534,0.699813
369.053,339,0.695841,0.123805,-0.0250441,0.68428
369.919,338.5,0.676323,0.113818,-0.024118,0.666241
370.785,338,0.657512,0.104737,-0.0232648,0.648699
371.651,337.5,0.639769,0.0960652,-0.0225648,0.632112
372.517,337,0.623092,0.0878037,-0.0220179,0.616481
373.383,336.5,0.607478,0.0799521,-0.0216243,0.601805
374.249,336,0.593655,0.071705,-0.0215178,0.588916
375.115,335.5,0.578718,0.0632044,-0.0214429,0.574857
375.981,335,0.562768,0.0549108,-0.0213387,0.559676
376.847,334.5,0.547221,0.0467309,-0.0212447,0.544808
377.713,334,0.532082,0.0386647,-0.021161,0.530254
378.579,333.5,0.517355,0.0307121,-0.0210874,0.516012
379.445,333,0.503044,0.0228733,-0.0210241,0.502084
380.311,332.5,0.489612,0.0159515,-0.0208752,0.488906
381.177,332,0.477655,0.0113401,-0.0205371,0.477079
382.043,331.5,0.465817,0.00686008,-0.0203052,0.465323
382.909,331,0.454095,0.00251149,-0.0201796,0.45364
383.775,330.5,0.443141,-0.00252113,-0.0201354,0.442676
384.641,330,0.432622,-0.00783252,-0.0201128,0.432083
385.507,329.5,0.422296,-0.0131185,-0.020109,0.421613
386.373,329,0.410578,-0.0185105,-0.0199725,0.409674
387.239,328.5,0.398981,-0.0237359,-0.0198278,0.39778
388.105,328,0.38758,-0.0287851,-0.0196816,0.386009
388.971,327.5,0.376376,-0.033658,-0.0195339,0.374359
389.837,327,0.365367,-0.0383547,-0.0193847,0.362831
390.703,326.5,0.354553,-0.042875,-0.019234,0.351425
391.569,326,0.343636,-0.0461131,-0.0191625,0.339989
392.435,325.5,0.33266,-0.0484953,-0.0191512,0.328548
393.301,325,0.32241,-0.0506655,-0.0192219,0.317823
394.167,324.5,0.312452,-0.0527212,-0.0193169,0.307365
395.033,324,0.302609,-0.0546682,-0.0194167,0.296996
395.899,323.5,0.292883,-0.0565067,-0.0195214,0.286717
396.765,323,0.28285,-0.0579629,-0.0196309,0.27615
397.631,322.5,0.272068,-0.0587201,-0.0197225,0.264923
398.497,322,0.261427,-0.0593376,-0.0197851,0.253834
399.363,321.5,0.250925,-0.0598153,-0.0198186,0.242884
400.229,321,0.24056,-0.0601532,-0.0198229,0.232073
401.095,320.5,0.230331,-0.0603514,-0.0197981,0.221401
401.962,320,0.220228,-0.0603947,-0.0197441,0.210862
402.828,319.5,0.209906,-0.058991,-0.0196117,0.200489
403.694,319,0.199818,-0.0575493,-0.0194521,0.19036
404.56,318.5,0.189857,-0.0560326,-0.0192742,0.180374
405.426,318,0.180022,-0.0544409,-0.019078,0.170529
406.292,317.5,0.170313,-0.0527741,-0.0188635,0.160827
407.158,317,0.160728,-0.0510323,-0.0186307,0.151268
408.024,316.5,0.150707,-0.0483021,-0.0182999,0.141579
408.89,316,0.140596,-0.0451271,-0.0179151,0.131947
409.756,315.5,0.130647,-0.0419139,-0.0175113,0.122496
410.622,315,0.12086,-0.0386623,-0.0170885,0.113227
411.488,314.5,0.111235,-0.0353725,-0.0166466,0.104139
412.354,314,0.102765,-0.0325307,-0.0163528,0.0960986
413.22,313.5,0.0943963,-0.0292448,-0.0160229,0.0883101
414.086,313,0.0859586,-0.0252051,-0.0156177,0.0806825
414.952,312.5,0.077736,-0.0211788,-0.0151993,0.0732347
415.818,312,0.0697449,-0.0171659,-0.0147676,0.0659666
416.684,311.5,0.0620092,-0.0131665,-0.0143227,0.0588782
417.55,311,0.0545649,-0.00918044,-0.0138646,0.0519694
418.416,310.5,0.0474739,-0.00513849,-0.013387,0.0452565
419.282,310,0.0410089,-0.000142537,-0.0128108,0.0389563
420.148,309.5,0.0353705,0.00479635,-0.012229,0.0328408
421.014,309,0.0308763,0.00967816,-0.0116417,0.02691
421.88,308.5,0.0279022,0.0140934,-0.0112016,0.0213175
422.746,308,0.0266139,0.0184342,-0.0107668,0.0158919
423.612,307.5,0.0271224,0.0227136,-0.0103324,0.0106281
424.478,307,0.0297538,0.0274617,-0.00984119,0.0058564
425.344,306.5,0.0336495,0.0323006,-0.00933528,0.00134626
426.21,306,0.0382087,0.037051,-0.00883431,-0.00301349
427.076,305.5,0.0431468,0.0417127,-0.00833826,-0.00722287
427.942,305,0.0482829,0.0462859,-0.00784715,-0.0112819
428.808,304.5,0.053503,0.0507704,-0.00736096,-0.0151905
429.674,304,0.0588658,0.0553928,-0.00686107,-0.0187014
430.54,303.5,0.0643144,0.060191,-0.00634919,-0.0217502
431.406,303,0.069288,0.0645101,-0.00596012,-0.0245715
432.272,302.5,0.0741683,0.0687386,-0.00557784,-0.0272915
433.138,302,0.0789474,0.0728767,-0.00520234,-0.0299102
434.004,301.5,0.0836197,0.0769242,-0.00483363,-0.0324277
434.87,301,0.0881825,0.0809131,-0.00446844,-0.0347743
435.737,300.5,0.0926402,0.085037,-0.00408813,-0.0365269
436.603,300,0.096978,0.08906,-0.00371771,-0.0381999
437.469,299.5,0.101195,0.0929822,-0.00335719,-0.0397934
438.335,299,0.105291,0.0968035,-0.00300657,-0.0413072
439.201,298.5,0.109266,0.100524,-0.00266585,-0.0427416
440.067,298,0.113114,0.104133,-0.00234215,-0.0441087
440.933,297.5,0.116725,0.107647,-0.0020944,-0.045084
441.799,297,0.120224,0.111099,-0.00185464,-0.0459065
442.665,296.5,0.123628,0.114463,-0.00162328,-0.0466836
443.531,296,0.126937,0.117741,-0.00140034,-0.0474154
444.397,295.5,0.130152,0.120931,-0.0011858,-0.0481018
445.263,295,0.133272,0.124035,-0.000979673,-0.048743
446.129,294.5,0.136212,0.127049,-0.000784238,-0.0491106
446.995,294,0.138981,0.129975,-0.000599574,-0.049211
447.861,293.5,0.141669,0.132819,-0.000423315,-0.0492852
448.727,293,0.144276,0.135579,-0.000255462,-0.0493331
449.593,292.5,0.146793,0.138237,-9.98487e-05,-0.049382
450.459,292,0.149188,0.140718,2.82949e-05,-0.0495541
451.325,291.5,0.151486,0.143124,0.000148258,-0.0496353
452.191,291,0.153576,0.14542,0.000251029,-0.0493818
453.057,290.5,0.155614,0.147657,0.000349182,-0.0491209
453.923,290,0.157598,0.149835,0.000442715,-0.0488523
454.789,289.5,0.159529,0.151952,0.000531628,-0.0485763
455.655,289,0.161406,0.154011,0.000615922,-0.0482927
456.521,288.5,0.163228,0.156009,0.000695597,-0.0480016
457.387,288,0.164841,0.157862,0.000760535,-0.0474485
458.253,287.5,0.166386,0.15965,0.000820103,-0.0468582
459.119,287,0.16791,0.161396,0.000872507,-0.0463064
459.985,286.5,0.169467,0.163136,0.00090965,-0.0458805
460.851,286,0.170986,0.16483,0.00094451,-0.0454572
461.717,285.5,0.172465,0.166478,0.000977087,-0.0450364
462.583,285,0.173818,0.168025,0.00100106,-0.0444909
463.449,284.5,0.175067,0.169484,0.00101804,-0.0438485
464.315,284,0.176286,0.170904,0.00103343,-0.0432163
465.181,283.5,0.177475,0.172285,0.00104721,-0.0425942
466.047,283,0.178634,0.173627,0.0010594,-0.0419822
466.913,282.5,0.179761,0.17493,0.00106998,-0.0413804
467.779,282,0.180824,0.17617,0.00107689,-0.0407484
468.645,281.5,0.181757,0.177291,0.00107701,-0.0400321
469.512,281,0.182685,0.178378,0.00107984,-0.0394195
470.378,280.5,0.183594,0.17944,0.00108202,-0.0388177
471.244,280,0.184482,0.180475,0.00108357,-0.0382267
472.11,279.5,0.185351,0.181484,0.00108448,-0.0376466
472.976,279,0.1862,0.182468,0.00108475,-0.0370774
473.842,278.5,0.18692,0.183338,0.0010789,-0.0363996
474.708,278,0.187616,0.18418,0.00107203,-0.0357251
475.574,277.5,0.188297,0.185001,0.00106464,-0.0350649
476.44,277,0.188964,0.1858,0.00105673,-0.0344188
477.306,276.5,0.189615,0.186578,0.00104831,-0.0337869
478.172,276,0.190279,0.187357,0.0010384,-0.0331998
479.038,275.5,0.190918,0.188106,0.00102433,-0.032626
