x,v,vx,vy,vz
220.096,425,0.317139,0.308034,-0.0672627,0.034174
220.962,424.5,0.327132,0.317795,-0.0688766,0.0357456
221.828,424,0.337637,0.32808,-0.0703994,0.0374961
222.694,423.5,0.34836,0.338462,-0.0720313,0.0401189
223.56,423,0.358804,0.348456,-0.0737253,0.043397
224.426,422.5,0.369212,0.358385,-0.0753281,0.0469331
225.292,422,0.379587,0.368251,-0.0768396,0.0507271
226.158,421.5,0.389934,0.378052,-0.0782598,0.054779
227.024,421,0.400177,0.387763,-0.0794945,0.0588369
227.89,420.5,0.409408,0.397112,-0.0794229,0.0600775
228.756,420,0.418448,0.406366,-0.078959,0.0610856
229.622,419.5,0.427302,0.415524,-0.0781028,0.0618612
230.488,419,0.435976,0.424587,-0.0768543,0.0624042
231.355,418.5,0.444477,0.433554,-0.0752135,0.0627147
232.221,418,0.449125,0.439361,-0.0699782,0.0614696
233.087,417.5,0.44948,0.441556,-0.0624656,0.0562064
233.953,417,0.448077,0.442022,-0.0544345,0.0492579
234.819,416.5,0.445611,0.441281,-0.0460121,0.0415095
235.685,416,0.442133,0.439331,-0.0371986,0.0329612
236.551,415.5,0.437708,0.436173,-0.0279938,0.0236129
237.417,415,0.432408,0.431807,-0.0183978,0.0134648
238.283,414.5,0.425928,0.425814,-0.00959022,0.00223988
239.149,414,0.418344,0.418226,-0.0021967,-0.00969151
240.015,413.5,0.410204,0.409591,0.00506574,-0.0218335
240.881,413,0.401553,0.39991,0.0121971,-0.0341861
241.747,412.5,0.392794,0.38969,0.0175764,-0.0460446
242.613,412,0.384675,0.379755,0.0221227,-0.0571951
243.479,411.5,0.37756,0.370576,0.0259419,-0.0674713
244.345,411,0.373179,0.364456,0.0275668,-0.0753289
245.211,410.5,0.368873,0.358367,0.0291342,-0.0824097
246.077,410,0.364595,0.352308,0.0306441,-0.0887137
246.943,409.5,0.360305,0.346278,0.0320964,-0.0942409
247.809,409,0.355964,0.340278,0.0334911,-0.0989914
248.675,408.5,0.351535,0.334308,0.0348283,-0.102965
249.541,408,0.34825,0.329635,0.0361417,-0.106361
250.407,407.5,0.344909,0.325036,0.037483,-0.109128
251.273,407,0.342639,0.322833,0.0378588,-0.108385
252.139,406.5,0.340181,0.320733,0.0380576,-0.106794
253.005,406,0.337262,0.318238,0.0382614,-0.104911
253.871,405.5,0.333885,0.315348,0.0384704,-0.102738
254.737,405,0.330705,0.312423,0.038907,-0.101213
255.603,404.5,0.327623,0.309391,0.0395606,-0.100243
256.469,404,0.323982,0.305884,0.0402151,-0.0989036
257.335,403.5,0.319783,0.301901,0.0408704,-0.0971932
258.201,403,0.315029,0.297443,0.0415265,-0.0951121
259.067,402.5,0.309722,0.29251,0.0421834,-0.0926605
259.933,402,0.304271,0.287318,0.0428885,-0.0904972
260.799,401.5,0.303663,0.286574,0.0431193,-0.0907072
261.665,401,0.302913,0.285745,0.0432625,-0.0907454
262.531,400.5,0.301645,0.284419,0.0433859,-0.0906254
263.397,400,0.299858,0.282597,0.0434895,-0.0903474
264.263,399.5,0.297554,0.280278,0.0435732,-0.0899113
265.13,399,0.294731,0.277461,0.0436371,-0.089317
265.996,398.5,0.291084,0.273188,0.044115,-0.0902872
266.862,398,0.286853,0.268214,0.0445633,-0.0914342
267.728,397.5,0.282085,0.262665,0.0449176,-0.092527
268.594,397,0.276785,0.256543,0.0451781,-0.0935658
269.46,396.5,0.27096,0.249847,0.0453446,-0.0945503
270.326,396,0.266471,0.24419,0.0446521,-0.0968726
271.192,395.5,0.260786,0.237143,0.0443405,-0.0990255
272.058,395,0.253809,0.228654,0.0442918,-0.10087
272.924,394.5,0.246133,0.219312,0.0441978,-0.102617
273.79,394,0.237789,0.20912,0.0440587,-0.104265
274.656,393.5,0.228814,0.198076,0.0438743,-0.105815
275.522,393,0.219258,0.18618,0.0436446,-0.107267
276.388,392.5,0.209105,0.173529,0.043499,-0.10826
277.254,392,0.198392,0.160509,0.0436666,-0.108119
278.12,391.5,0.187514,0.146949,0.0437398,-0.107956
278.986,391,0.176699,0.132987,0.0436894,-0.107834
279.852,390.5,0.169871,0.122767,0.042872,-0.109299
280.718,390,0.162713,0.112006,0.0424129,-0.110142
281.584,389.5,0.15528,0.100704,0.0423121,-0.110363
282.45,389,0.147787,0.0901569,0.0430948,-0.108884
283.316,388.5,0.140267,0.0793438,0.0443923,-0.106812
284.182,388,0.132828,0.0681807,0.0461719,-0.104225
285.048,387.5,0.125632,0.0566676,0.0484334,-0.101125
285.914,387,0.118891,0.0448045,0.051177,-0.0975114
286.78,386.5,0.112882,0.0325914,0.0544026,-0.0933835
287.646,386,0.105993,0.021327,0.0577544,-0.0862791
288.512,385.5,0.0995845,0.0110218,0.0612002,-0.0777826
289.378,385,0.0996155,0.000744182,0.0659229,-0.0746785
290.244,384.5,0.100998,-0.00949394,0.0715126,-0.0706851
291.11,384,0.103909,-0.0196926,0.0779694,-0.0658024
291.976,383.5,0.108488,-0.0298518,0.0852933,-0.0600304
292.842,383,0.115546,-0.0430812,0.0914938,-0.05589
293.708,382.5,0.127278,-0.0651231,0.0925706,-0.058218
294.574,382,0.142992,-0.0898356,0.0922821,-0.0621319
295.44,381.5,0.162873,-0.117219,0.0906283,-0.0676315
296.306,381,0.186941,-0.147272,0.0876091,-0.0747171
297.172,380.5,0.215125,-0.179996,0.0832246,-0.0833884
298.038,380,0.246724,-0.214745,0.0778402,-0.093264
298.905,379.5,0.288899,-0.244128,0.0600331,-0.142339
299.771,379,0.336474,-0.271855,0.0418844,-0.193791
300.637,378.5,0.387882,-0.297949,0.0235283,-0.247235
301.503,378,0.442246,-0.322407,0.0049647,-0.302671
302.369,377.5,0.499047,-0.345232,-0.0138063,-0.3601
303.235,377,0.557976,-0.366422,-0.0327846,-0.419521
304.101,376.5,0.601447,-0.372448,-0.0475559,-0.46985
304.967,376,0.636421,-0.36966,-0.0604869,-0.514515
305.833,375.5,0.670844,-0.364424,-0.0737118,-0.558385
306.699,375,0.70472,-0.35674,-0.0872307,-0.601462
307.565,374.5,0.735864,-0.345027,-0.0998916,-0.642241
308.431,374,0.760501,-0.326111,-0.109077,-0.678318
309.297,373.5,0.7737,-0.304132,-0.113808,-0.702256
310.163,373,0.763634,-0.278212,-0.110219,-0.702557
311.029,372.5,0.75484,-0.252386,-0.107834,-0.703177
311.895,372,0.747344,-0.226652,-0.106654,-0.704115
312.761,371.5,0.741171,-0.201012,-0.106679,-0.705371
313.627,371,0.736345,-0.175466,-0.107908,-0.706945
314.493,370.5,0.731994,-0.15007,-0.109908,-0.707964
315.359,370,0.71067,-0.126315,-0.103652,-0.69163
316.225,369.5,0.691233,-0.103317,-0.0977088,-0.676448
317.091,369,0.673732,-0.0796867,-0.0915354,-0.662711
317.957,368.5,0.658741,-0.0537976,-0.0850204,-0.651012
318.823,368,0.646329,-0.029505,-0.0799673,-0.640683
319.689,367.5,0.636361,-0.00680872,-0.0763763,-0.631725
320.555,367,0.621034,0.00670122,-0.0685785,-0.6172
321.421,366.5,0.604123,0.0162405,-0.0591141,-0.601004
322.287,366,0.588251,0.0246634,-0.0499044,-0.585611
323.153,365.5,0.573378,0.0319699,-0.0409495,-0.57102
324.019,365,0.559467,0.0381601,-0.0322494,-0.557231
324.885,364.5,0.546478,0.0432338,-0.023804,-0.544245
325.751,364,0.536065,0.0441521,-0.0156353,-0.534015
326.617,363.5,0.529425,0.0423732,-0.00771476,-0.52767
327.483,363,0.524548,0.0437302,-0.000228269,-0.522722
328.349,362.5,0.519699,0.0438155,0.00705498,-0.517801
329.215,362,0.51487,0.0426291,0.014135,-0.512907
330.081,361.5,0.510059,0.0401711,0.0210118,-0.50804
330.947,361,0.507694,0.0368458,0.0273226,-0.505618
331.813,360.5,0.527027,0.0362899,0.0303881,-0.524897
332.679,360,0.546964,0.0353117,0.0335437,-0.544791
333.546,359.5,0.567511,0.0339112,0.0367893,-0.565301
334.412,359,0.588673,0.0320885,0.0401251,-0.586427
335.278,358.5,0.610455,0.0298434,0.043551,-0.608168
336.144,358,0.632982,0.0277481,0.0498301,-0.630407
337.01,357.5,0.679769,0.016268,0.048158,-0.677866
337.876,357,0.733485,0.00292454,0.0455159,-0.732066
338.742,356.5,0.78749,-0.00970057,0.0455712,-0.78611
339.608,356,0.841667,-0.0216073,0.0483239,-0.840001
340.474,355.5,0.895953,-0.0327956,0.053774,-0.893736
341.34,355,0.950324,-0.0432656,0.0619215,-0.947317
342.206,354.5,0.982188,-0.0395587,0.0969298,-0.976592
343.072,354,0.985005,-0.0152603,0.169345,-0.970219
343.938,353.5,0.985818,0.0163147,0.254912,-0.952151
344.804,353,0.989392,0.0551662,0.353632,-0.922387
345.67,352.5,0.977559,0.0886065,0.447222,-0.864733
346.536,352,0.936218,0.0954386,0.515238,-0.775839
347.402,351.5,0.881558,0.0831655,0.558261,-0.677179
348.268,351,0.797772,0.0953869,0.510433,-0.60564
349.134,350.5,0.728712,0.162321,0.439936,-0.557789
350,350,0.696883,0.283969,0.346769,-0.533628
350.866,349.5,0.741275,0.460329,0.230932,-0.533157
351.732,349,0.892263,0.691403,0.0924254,-0.556375
352.598,348.5,1.15047,0.977189,-0.0687507,-0.603282
353.464,348,1.44437,1.25766,-0.252191,-0.664012
354.33,347.5,1.76193,1.53979,-0.43357,-0.738554
355.196,347,1.99884,1.74751,-0.576018,-0.780873
356.062,346.5,2.15891,1.88873,-0.678583,-0.795665
356.928,346,2.32836,2.03671,-0.770457,-0.824307
357.794,345.5,2.5058,2.19143,-0.85164,-0.8668
358.66,345,2.66929,2.34146,-0.898464,-0.914012
359.526,344.5,2.82909,2.49264,-0.919928,-0.971703
360.392,344,3.00689,2.65665,-0.939212,-1.04953
361.258,343.5,3.20309,2.83347,-0.956316,-1.14748
362.124,343,3.41821,3.02311,-0.971241,-1.26556
362.99,342.5,3.65283,3.22558,-0.983986,-1.40378
363.856,342,3.88421,3.42374,-0.988713,-1.54516
364.722,341.5,3.95561,3.48459,-0.965386,-1.6039
365.588,341,3.98252,3.50072,-0.939162,-1.65027
366.454,340.5,4.03134,3.53358,-0.916592,-1.71038
367.321,340,4.10223,3.58316,-0.897675,-1.78423
368.187,339.5,4.19535,3.64946,-0.88241,-1.87183
369.053,339,4.31082,3.73249,-0.870797,-1.97316
369.919,338.5,4.33275,3.74307,-0.834773,-2.01626
370.785,338,4.37463,3.76875,-0.804027,-2.07062
371.651,337.5,4.4502,3.82008,-0.781994,-2.14471
372.517,337,4.55949,3.89707,-0.768673,-2.23851
373.383,336.5,4.70251,3.99971,-0.764065,-2.35204
374.249,336,4.79024,4.05964,-0.755036,-2.42811
375.115,335.5,4.75422,4.02279,-0.718874,-2.42961
375.981,335,4.67791,3.95352,-0.671561,-2.40862
376.847,334.5,4.63538,3.90911,-0.631106,-2.40984
377.713,334,4.6267,3.88954,-0.597511,-2.43327
378.579,333.5,4.65192,3.89482,-0.570774,-2.4789
379.445,333,4.71111,3.92495,-0.550896,-2.54674
380.311,332.5,4.75254,3.9407,-0.527986,-2.60361
381.177,332,4.6844,3.87365,-0.483585,-2.58931
382.043,331.5,4.64611,3.83004,-0.443765,-2.59233
382.909,331,4.63765,3.80984,-0.408527,-2.61266
383.775,330.5,4.58883,3.75937,-0.369414,-2.60539
384.641,330,4.54481,3.71101,-0.33206,-2.60258
385.507,329.5,4.53351,3.68576,-0.299853,-2.62259
386.373,329,4.33854,3.52255,-0.24948,-2.52038
387.239,328.5,4.16043,3.37286,-0.199073,-2.42763
388.105,328,4.00958,3.24442,-0.149661,-2.35118
388.971,327.5,3.88603,3.13722,-0.101243,-2.29103
389.837,327,3.78986,3.05128,-0.0538193,-2.24718
390.703,326.5,3.72108,2.98658,-0.00739019,-2.21963
391.569,326,3.54546,2.84873,0.0287281,-2.11051
392.435,325.5,3.29606,2.66055,0.0638911,-1.94459
393.301,325,3.01027,2.44352,0.105229,-1.75495
394.167,324.5,2.72911,2.2295,0.149842,-1.56682
395.033,324,2.46446,2.0277,0.19724,-1.38676
395.899,323.5,2.21713,1.83814,0.247422,-1.21478
396.765,323,1.99508,1.67382,0.280263,-1.04888
397.631,322.5,1.78437,1.5331,0.273778,-0.871006
398.497,322,1.56149,1.38088,0.269767,-0.677247
399.363,321.5,1.3312,1.21717,0.268228,-0.467602
400.229,321,1.10305,1.04196,0.269162,-0.242074
401.095,320.5,0.89764,0.855256,0.272568,-0.000661585
401.962,320,0.759095,0.658874,0.278153,0.254445
402.828,319.5,0.745348,0.637283,0.25157,0.293473
403.694,319,0.732679,0.608218,0.222708,0.342477
404.56,318.5,0.725283,0.571937,0.192003,0.402566
405.426,318,0.727395,0.528441,0.159455,0.473738
406.292,317.5,0.743636,0.477729,0.125066,0.555993
407.158,317,0.778305,0.419802,0.0888336,0.649333
408.024,316.5,0.779971,0.398562,0.0701014,0.666776
408.89,316,0.762599,0.394634,0.0588983,0.649886
409.756,315.5,0.746979,0.38969,0.0468917,0.635548
410.622,315,0.733135,0.383731,0.0340814,0.623759
411.488,314.5,0.721111,0.376757,0.0204676,0.614521
412.354,314,0.705407,0.364124,0.00523502,0.60414
413.22,313.5,0.691106,0.354389,-0.00553462,0.5933
414.086,313,0.676893,0.351712,-0.00849532,0.578282
414.952,312.5,0.664183,0.349791,-0.0113446,0.564497
415.818,312,0.652979,0.348627,-0.0140826,0.551945
416.684,311.5,0.643281,0.348218,-0.0167092,0.540626
417.55,311,0.63509,0.348565,-0.0192244,0.53054
418.416,310.5,0.628311,0.349635,-0.0214716,0.521602
419.282,310,0.621181,0.350829,-0.0213107,0.512183
420.148,309.5,0.614614,0.352492,-0.0209298,0.503052
421.014,309,0.608617,0.354626,-0.0203291,0.494209
421.88,308.5,0.602133,0.35511,-0.0198194,0.485868
422.746,308,0.596432,0.356442,-0.01914,0.477823
423.612,307.5,0.591572,0.358695,-0.0182815,0.470065
424.478,307,0.585948,0.359455,-0.0175443,0.462406
425.344,306.5,0.580182,0.359868,-0.0167043,0.454782
426.21,306,0.574754,0.36067,-0.0156585,0.447229
427.076,305.5,0.569675,0.361863,-0.0144069,0.439747
427.942,305,0.564955,0.363446,-0.0129494,0.432336
428.808,304.5,0.560605,0.365418,-0.0112861,0.424995
429.674,304,0.556018,0.366786,-0.00999389,0.417761
430.54,303.5,0.550855,0.366998,-0.00930775,0.41069
431.406,303,0.545617,0.366767,-0.008625,0.403864
432.272,302.5,0.540527,0.366684,-0.00780812,0.397053
433.138,302,0.535588,0.36675,-0.00685711,0.390259
434.004,301.5,0.530805,0.366965,-0.00577197,0.38348
434.87,301,0.526067,0.367186,-0.00466283,0.376694
435.737,300.5,0.520603,0.366421,-0.00426351,0.36979
436.603,300,0.515206,0.365628,-0.00380962,0.362958
437.469,299.5,0.509876,0.364807,-0.00330114,0.3562
438.335,299,0.504612,0.363957,-0.00273809,0.349515
439.201,298.5,0.499414,0.36308,-0.00212045,0.342904
440.067,298,0.494262,0.362161,-0.00145059,0.336352
440.933,297.5,0.488675,0.360581,-0.00103824,0.329824
441.799,297,0.483022,0.358803,-0.000680223,0.323373
442.665,296.5,0.477373,0.356942,-0.000311167,0.316981
443.531,296,0.471725,0.354998,6.89316e-05,0.310646
444.397,295.5,0.466079,0.352972,0.000460072,0.304369
445.263,295,0.460432,0.350862,0.000862254,0.298149
446.129,294.5,0.454902,0.348624,0.00119472,0.292225
446.995,294,0.449488,0.346254,0.00144127,0.286611
447.861,293.5,0.444066,0.343797,0.00168089,0.281061
448.727,293,0.438633,0.341254,0.00191357,0.275574
449.593,292.5,0.433152,0.338599,0.00213816,0.270125
450.459,292,0.427456,0.335715,0.00235093,0.264591
451.325,291.5,0.421825,0.332777,0.00254862,0.259208
452.191,291,0.416572,0.329944,0.00269085,0.254286
453.057,290.5,0.411308,0.327032,0.00282519,0.249432
453.923,290,0.406032,0.32404,0.00295165,0.244645
454.789,289.5,0.400742,0.320969,0.00307022,0.239925
455.655,289,0.395438,0.317818,0.00318091,0.235272
456.521,288.5,0.390119,0.314588,0.00328372,0.230687
457.387,288,0.385242,0.311607,0.00335443,0.226497
458.253,287.5,0.380429,0.308614,0.00341511,0.222422
459.119,287,0.375554,0.305518,0.0034697,0.218374
459.985,286.5,0.370488,0.302222,0.00351773,0.214267
460.851,286,0.365419,0.298866,0.0035592,0.210232
461.717,285.5,0.360347,0.295449,0.00359409,0.206269
462.583,285,0.355551,0.292211,0.00360524,0.202525
463.449,284.5,0.350987,0.289122,0.00359615,0.198966
464.315,284,0.346425,0.285989,0.00358117,0.195468
465.181,283.5,0.341863,0.28281,0.0035603,0.192031
466.047,283,0.337301,0.279586,0.00353354,0.188656
466.913,282.5,0.332738,0.276316,0.0035009,0.185342
467.779,282,0.328282,0.273106,0.00345587,0.182127
468.645,281.5,0.324126,0.270154,0.00338276,0.179061
469.512,281,0.319828,0.267047,0.00330069,0.175968
470.378,280.5,0.315542,0.263917,0.00321378,0.172929
471.244,280,0.311268,0.260764,0.00312205,0.169942
472.11,279.5,0.307005,0.257587,0.00302548,0.167009
472.976,279,0.302754,0.254388,0.00292409,0.164128
473.842,278.5,0.298895,0.251577,0.00279936,0.161367
474.708,278,0.29508,0.248786,0.00266962,0.158653
475.574,277.5,0.291276,0.245979,0.0025366,0.15598
476.44,277,0.287483,0.243157,0.00240028,0.153348
477.306,276.5,0.2837,0.240319,0.00226069,0.150756
478.172,276,0.279878,0.237423,0.00212418,0.148181
479.038,275.5,0.276201,0.234695,0.00199218,0.145606
