x,v,vx,vy,vz
220.096,425,0.117997,0.117587,0.00590067,-0.00786205
220.962,424.5,0.115795,0.115354,0.00607477,-0.00806796
221.828,424,0.113429,0.112954,0.00626211,-0.00825704
222.694,423.5,0.110854,0.110344,0.00646849,-0.00842756
223.56,423,0.108286,0.107735,0.00667638,-0.00862479
224.426,422.5,0.105706,0.10511,0.00688608,-0.00884182
225.292,422,0.103114,0.102468,0.00709758,-0.00907867
226.158,421.5,0.100511,0.0998092,0.00731087,-0.00933533
227.024,421,0.0978592,0.0970953,0.00752902,-0.00960381
227.89,420.5,0.0947609,0.0939304,0.00778335,-0.00980451
228.756,420,0.0916494,0.0907437,0.00803987,-0.0100277
229.622,419.5,0.088526,0.0875354,0.00829859,-0.0102733
230.488,419,0.0853919,0.0843053,0.00855951,-0.0105413
231.355,418.5,0.0822486,0.0810535,0.00882263,-0.0108318
232.221,418,0.0791671,0.0778481,0.0090834,-0.0111624
233.087,417.5,0.075673,0.0742147,0.00937729,-0.0114304
233.953,417,0.0720434,0.070425,0.00968372,-0.0116964
234.819,416.5,0.0684143,0.0666103,0.00999283,-0.0119888
235.685,416,0.0647905,0.0627706,0.0103046,-0.0123077
236.551,415.5,0.0611782,0.0589059,0.0106191,-0.0126531
237.417,415,0.057585,0.0550162,0.0109363,-0.0130249
238.283,414.5,0.0537047,0.0507799,0.0112795,-0.0133554
239.149,414,0.0494875,0.0461237,0.0116542,-0.0136308
240.015,413.5,0.0453396,0.0414337,0.0120326,-0.0139333
240.881,413,0.0412938,0.0367101,0.0124145,-0.014263
241.747,412.5,0.0374659,0.0320152,0.0127991,-0.0146597
242.613,412,0.0338729,0.0273034,0.0131869,-0.0150997
243.479,411.5,0.0304933,0.0224443,0.0135851,-0.0155415
244.345,411,0.0270329,0.016837,0.0140312,-0.0158246
245.211,410.5,0.0243967,0.01118,0.0144822,-0.0161391
246.077,410,0.0229099,0.00547325,0.014938,-0.0164852
246.943,409.5,0.0228375,-0.000283252,0.0153986,-0.0168628
247.809,409,0.0242296,-0.00608948,0.0158641,-0.0172719
248.675,408.5,0.0268932,-0.0119454,0.0163345,-0.0177126
249.541,408,0.0309179,-0.0187231,0.0168576,-0.0179216
250.407,407.5,0.0359697,-0.0257598,0.0173975,-0.0180991
251.273,407,0.0416392,-0.0327489,0.0179353,-0.0184299
252.139,406.5,0.047747,-0.0397958,0.0184785,-0.0188313
253.005,406,0.0541819,-0.0469236,0.0190287,-0.0192812
253.871,405.5,0.0608699,-0.0541322,0.0195858,-0.0197798
254.737,405,0.0682245,-0.0620162,0.0201637,-0.0200501
255.603,404.5,0.0762794,-0.0705935,0.0207637,-0.020099
256.469,404,0.0845775,-0.0793016,0.0213734,-0.0201935
257.335,403.5,0.0930908,-0.0881405,0.0219928,-0.0203337
258.201,403,0.1018,-0.0971102,0.0226219,-0.0205195
259.067,402.5,0.11069,-0.106211,0.0232606,-0.020751
259.933,402,0.120033,-0.115763,0.0239224,-0.0208496
260.799,401.5,0.13064,-0.126622,0.0246484,-0.020648
261.665,401,0.141508,-0.137678,0.0253882,-0.0206085
262.531,400.5,0.152641,-0.148955,0.0261422,-0.0206934
263.397,400,0.164029,-0.160451,0.0269105,-0.0209027
264.263,399.5,0.175668,-0.172167,0.027693,-0.0212365
265.13,399,0.187553,-0.184102,0.0284897,-0.0216946
265.996,398.5,0.201232,-0.198024,0.0292322,-0.0206414
266.862,398,0.215557,-0.212569,0.0299784,-0.0195095
267.728,397.5,0.230317,-0.227504,0.0307378,-0.0185257
268.594,397,0.245503,-0.242829,0.0315102,-0.0176899
269.46,396.5,0.261108,-0.258544,0.0322958,-0.0170021
270.326,396,0.276075,-0.273525,0.0330501,-0.0175905
271.192,395.5,0.292966,-0.290517,0.0333311,-0.0178429
272.058,395,0.311611,-0.309301,0.0331903,-0.0182363
272.924,394.5,0.330768,-0.328547,0.0329835,-0.0194084
273.79,394,0.350439,-0.348255,0.0327105,-0.0213592
274.656,393.5,0.370627,-0.368424,0.0323715,-0.0240887
275.522,393,0.391341,-0.389055,0.0319663,-0.0275969
276.388,392.5,0.414113,-0.411568,0.0309516,-0.0338135
277.254,392,0.442409,-0.438993,0.0283544,-0.0469823
278.12,391.5,0.471903,-0.46716,0.0258826,-0.0615141
278.986,391,0.502494,-0.495938,0.0235541,-0.077404
279.852,390.5,0.529824,-0.520892,0.0219852,-0.0943516
280.718,390,0.557498,-0.545665,0.0206928,-0.112366
281.584,389.5,0.585541,-0.570257,0.0196767,-0.131446
282.45,389,0.611835,-0.600532,0.0327481,-0.112389
283.316,388.5,0.638873,-0.630767,0.0476048,-0.0895886
284.182,388,0.666815,-0.660542,0.0632986,-0.0657187
285.048,387.5,0.695658,-0.689859,0.0798296,-0.0407791
285.914,387,0.725409,-0.718716,0.0971978,-0.0147699
286.78,386.5,0.756074,-0.747113,0.115403,0.0123089
287.646,386,0.81299,-0.785866,0.146377,0.148123
288.512,385.5,0.926786,-0.836301,0.184487,0.354255
289.378,385,1.06648,-0.886516,0.219327,0.550787
290.244,384.5,1.22897,-0.941975,0.2537,0.747456
291.11,384,1.40702,-1.00268,0.287607,0.944261
291.976,383.5,1.59605,-1.06863,0.321047,1.1412
292.842,383,1.81174,-1.16695,0.338597,1.34387
293.708,382.5,2.08151,-1.33616,0.319604,1.56372
294.574,382,2.36519,-1.5165,0.298699,1.79029
295.44,381.5,2.66235,-1.70797,0.275882,2.02357
296.306,381,2.97274,-1.91059,0.251152,2.26357
297.172,380.5,3.29618,-2.12433,0.224509,2.5103
298.038,380,3.62599,-2.34516,0.196478,2.75852
298.905,379.5,3.608,-2.4042,0.150393,2.68605
299.771,379,3.61167,-2.4749,0.102038,2.62843
300.637,378.5,3.64016,-2.55874,0.0515985,2.58863
301.503,378,3.69332,-2.65572,-0.000924224,2.56666
302.369,377.5,3.77087,-2.76584,-0.0555307,2.56252
303.235,377,3.87252,-2.88911,-0.112221,2.57621
304.101,376.5,3.80156,-2.89747,-0.138684,2.45709
304.967,376,3.64495,-2.84482,-0.149556,2.27383
305.833,375.5,3.494,-2.79023,-0.15994,2.09693
306.699,375,3.34855,-2.73369,-0.169836,1.92637
307.565,374.5,3.21273,-2.68016,-0.179893,1.76239
308.431,374,3.11142,-2.65265,-0.1943,1.6145
309.297,373.5,3.01524,-2.61973,-0.204137,1.47887
310.163,373,2.88668,-2.55163,-0.199375,1.33505
311.029,372.5,2.75645,-2.4779,-0.192833,1.19199
311.895,372,2.62465,-2.39851,-0.184512,1.0497
312.761,371.5,2.49146,-2.31348,-0.174411,0.908163
313.627,371,2.35715,-2.22281,-0.16253,0.76739
314.493,370.5,2.22375,-2.1274,-0.149508,0.629988
315.359,370,2.11397,-2.03889,-0.145801,0.539029
316.225,369.5,1.98484,-1.93231,-0.136206,0.432704
317.091,369,1.86321,-1.83059,-0.126568,0.323244
317.957,368.5,1.7988,-1.77809,-0.128009,0.240153
318.823,368,1.73299,-1.72111,-0.126725,0.158056
319.689,367.5,1.66595,-1.65964,-0.122716,0.0769514
320.555,367,1.63638,-1.63102,-0.124266,0.0456333
321.421,366.5,1.60276,-1.59794,-0.122709,0.0194254
322.287,366,1.54894,-1.54455,-0.114468,-0.0217519
323.153,365.5,1.47627,-1.47085,-0.0995439,-0.0778985
324.019,365,1.38706,-1.37683,-0.0779362,-0.149015
324.885,364.5,1.28517,-1.26251,-0.0496448,-0.2351
325.751,364,1.20315,-1.16388,-0.0165771,-0.304423
326.617,363.5,1.19286,-1.14975,0.00230237,-0.317785
327.483,363,1.24826,-1.21357,-0.00605033,-0.292199
328.349,362.5,1.29031,-1.26126,-0.0111575,-0.272012
329.215,362,1.31822,-1.29282,-0.0130191,-0.257224
330.081,361.5,1.33157,-1.30825,-0.0116351,-0.247835
330.947,361,1.33695,-1.31554,-0.00899714,-0.238173
331.813,360.5,1.38686,-1.37396,-0.0198599,-0.187676
332.679,360,1.41843,-1.41028,-0.0259406,-0.149613
333.546,359.5,1.43013,-1.42449,-0.0272391,-0.123984
334.412,359,1.42111,-1.41659,-0.0237555,-0.110787
335.278,358.5,1.39102,-1.38658,-0.0154897,-0.110024
336.144,358,1.39956,-1.39358,-0.0298639,-0.125739
337.01,357.5,1.52425,-1.51513,-0.09471,-0.136917
337.876,357,1.64871,-1.63491,-0.159475,-0.140976
338.742,356.5,1.76208,-1.74247,-0.220918,-0.141171
339.608,356,1.86395,-1.83781,-0.279039,-0.137503
340.474,355.5,1.95406,-1.92094,-0.333836,-0.129971
341.34,355,2.03224,-1.99186,-0.385312,-0.118575
342.206,354.5,2.10052,-2.05527,-0.42396,-0.0911277
343.072,354,2.15038,-2.10419,-0.441047,-0.0446072
343.938,353.5,2.17652,-2.13064,-0.444467,0.00792979
344.804,353,2.17934,-2.13461,-0.434222,0.0664832
345.67,352.5,2.00613,-1.96888,-0.366965,0.115843
346.536,352,1.66487,-1.63991,-0.243446,0.152453
347.402,351.5,1.33519,-1.31609,-0.112913,0.194663
348.268,351,1.01313,-0.982892,0.0237429,0.244505
349.134,350.5,0.768949,-0.697184,0.146759,0.289275
350,350,0.620066,-0.458968,0.256137,0.328973
350.866,349.5,0.572693,-0.268246,0.351876,0.363599
351.732,349,0.598777,-0.125017,0.433976,0.393153
352.598,348.5,0.654003,-0.0292814,0.502437,0.417635
353.464,348,0.685506,0.00730673,0.475251,0.493964
354.33,347.5,0.718202,0.0508404,0.425972,0.576001
355.196,347,0.752228,0.105549,0.353932,0.655316
356.062,346.5,0.793407,0.162588,0.267879,0.728904
356.928,346,0.844735,0.221605,0.184511,0.793993
357.794,345.5,0.902294,0.282601,0.10383,0.850583
358.66,345,0.946918,0.336086,0.0372196,0.884485
359.526,344.5,0.970818,0.373455,-0.0117505,0.896037
360.392,344,0.984123,0.400228,-0.0517892,0.89757
361.258,343.5,0.985261,0.416406,-0.0828967,0.889086
362.124,343,0.973155,0.421988,-0.105073,0.870584
362.99,342.5,0.947069,0.416975,-0.118318,0.842064
363.856,342,0.904848,0.401599,-0.118951,0.802071
364.722,341.5,0.858956,0.3863,-0.0985674,0.76083
365.588,341,0.821064,0.373621,-0.0771408,0.727051
366.454,340.5,0.786915,0.361421,-0.0580789,0.696589
367.321,340,0.756413,0.349701,-0.0413817,0.669445
368.187,339.5,0.729459,0.338461,-0.0270492,0.645618
369.053,339,0.705958,0.3277,-0.0150813,0.625109
369.919,338.5,0.69994,0.323893,-0.0100786,0.620409
370.785,338,0.695432,0.320321,-0.00665683,0.617233
371.651,337.5,0.690644,0.316199,-0.00422548,0.613994
372.517,337,0.685568,0.311527,-0.00278451,0.610694
373.383,336.5,0.680206,0.306304,-0.00233393,0.607332
374.249,336,0.672986,0.297982,-0.0039692,0.603408
375.115,335.5,0.661383,0.2867,-0.00572689,0.595984
375.981,335,0.647641,0.274666,-0.00707488,0.58647
376.847,334.5,0.634282,0.263022,-0.0082897,0.577118
377.713,334,0.621303,0.251768,-0.00937135,0.567928
378.579,333.5,0.608698,0.240905,-0.0103198,0.558902
379.445,333,0.59646,0.230433,-0.0111351,0.550037
380.311,332.5,0.584272,0.22103,-0.0117748,0.540723
381.177,332,0.571676,0.213768,-0.0122256,0.530064
382.043,331.5,0.559565,0.206741,-0.0126381,0.519819
382.909,331,0.547939,0.19995,-0.0130122,0.509988
383.775,330.5,0.537322,0.192921,-0.013187,0.501321
384.641,330,0.527215,0.185853,-0.0133047,0.493191
385.507,329.5,0.517383,0.178915,-0.0134356,0.485277
386.373,329,0.507064,0.173457,-0.0130867,0.476293
387.239,328.5,0.496975,0.168145,-0.0127548,0.467492
388.105,328,0.487154,0.162914,-0.0124643,0.458936
388.971,327.5,0.477599,0.157763,-0.0122153,0.450625
389.837,327,0.468313,0.152692,-0.0120077,0.442559
390.703,326.5,0.459296,0.147702,-0.0118416,0.434737
391.569,326,0.450588,0.143425,-0.011634,0.426994
392.435,325.5,0.442123,0.139562,-0.0114182,0.419363
393.301,325,0.43388,0.135339,-0.0111867,0.41208
394.167,324.5,0.425826,0.13106,-0.010964,0.405007
395.033,324,0.417954,0.12684,-0.0107634,0.398097
395.899,323.5,0.410266,0.12268,-0.0105848,0.391351
396.765,323,0.402719,0.118742,-0.0104169,0.384674
397.631,322.5,0.395251,0.115198,-0.0102461,0.377952
398.497,322,0.387941,0.111713,-0.010096,0.371371
399.363,321.5,0.380789,0.108285,-0.00996647,0.364931
400.229,321,0.373795,0.104915,-0.00985753,0.358633
401.095,320.5,0.366959,0.101603,-0.0097692,0.352477
401.962,320,0.360281,0.0983527,-0.00970194,0.346461
402.828,319.5,0.353837,0.0952265,-0.00961265,0.340647
403.694,319,0.347525,0.0920747,-0.00951872,0.33497
404.56,318.5,0.341326,0.0889695,-0.00943619,0.329392
405.426,318,0.335241,0.0859108,-0.00936504,0.323911
406.292,317.5,0.32927,0.0828985,-0.0093053,0.318528
407.158,317,0.323413,0.0799328,-0.00925694,0.313243
408.024,316.5,0.317572,0.0772424,-0.00923216,0.307896
408.89,316,0.311791,0.0746962,-0.00922403,0.302571
409.756,315.5,0.306113,0.0721931,-0.0092272,0.297336
410.622,315,0.300539,0.069733,-0.00924166,0.292191
411.488,314.5,0.295067,0.067316,-0.00926742,0.287136
412.354,314,0.289668,0.0647352,-0.00923963,0.282191
413.22,313.5,0.28431,0.0623053,-0.0092195,0.277246
414.086,313,0.278966,0.0601262,-0.00921796,0.272254
414.952,312.5,0.273691,0.0579748,-0.00921878,0.267322
415.818,312,0.268485,0.055851,-0.00922195,0.262449
416.684,311.5,0.263347,0.0537548,-0.00922747,0.257637
417.55,311,0.258278,0.0516863,-0.00923535,0.252884
418.416,310.5,0.253268,0.0496642,-0.00924619,0.248179
419.282,310,0.248197,0.047935,-0.00926814,0.243348
420.148,309.5,0.243185,0.0462316,-0.00929242,0.238569
421.014,309,0.238232,0.0445538,-0.00931905,0.233843
421.88,308.5,0.233408,0.0428116,-0.00932088,0.229259
422.746,308,0.228632,0.0411015,-0.00932428,0.224714
423.612,307.5,0.223902,0.0394264,-0.00933013,0.220205
424.478,307,0.21912,0.0380027,-0.00935293,0.215596
425.344,306.5,0.214343,0.0366844,-0.00938031,0.210972
426.21,306,0.209604,0.0353993,-0.00940709,0.206379
427.076,305.5,0.204902,0.0341476,-0.00943327,0.201816
427.942,305,0.200237,0.0329291,-0.00945884,0.197284
428.808,304.5,0.195608,0.0317439,-0.00948381,0.192782
429.674,304,0.190939,0.0307164,-0.00951278,0.188211
430.54,303.5,0.186205,0.0298823,-0.00954403,0.183543
431.406,303,0.18164,0.0290334,-0.00954574,0.17905
432.272,302.5,0.177112,0.0282217,-0.0095463,0.174588
433.138,302,0.172621,0.0274473,-0.00954569,0.170157
434.004,301.5,0.168167,0.0267101,-0.00954393,0.165757
434.87,301,0.163731,0.0260501,-0.00954213,0.161364
435.737,300.5,0.159202,0.0257167,-0.00954583,0.156821
436.603,300,0.154712,0.025421,-0.00954555,0.152311
437.469,299.5,0.150261,0.0251628,-0.00954129,0.147831
438.335,299,0.145849,0.0249422,-0.00953306,0.143384
439.201,298.5,0.141477,0.0247591,-0.00952085,0.138968
440.067,298,0.137157,0.0246097,-0.00950252,0.134597
440.933,297.5,0.132886,0.0247434,-0.00946124,0.130219
441.799,297,0.128636,0.0249771,-0.00941623,0.125836
442.665,296.5,0.124435,0.0252417,-0.0093671,0.121487
443.531,296,0.120285,0.0255373,-0.00931386,0.117174
444.397,295.5,0.116189,0.0258639,-0.0092565,0.112895
445.263,295,0.112148,0.0262214,-0.00919503,0.108651
446.129,294.5,0.108141,0.0268019,-0.00912424,0.104369
446.995,294,0.104182,0.0276081,-0.00904356,0.10005
447.861,293.5,0.100306,0.0284402,-0.00895825,0.0957713
448.727,293,0.0965162,0.0292982,-0.00886829,0.0915334
449.593,292.5,0.0928554,0.0301707,-0.00877601,0.0873776
450.459,292,0.089483,0.0310061,-0.0086927,0.0834881
451.325,291.5,0.0862166,0.0319317,-0.0086038,0.0796219
452.191,291,0.0831048,0.0331925,-0.00849942,0.0757128
453.057,290.5,0.080132,0.0344692,-0.0083925,0.0718511
453.923,290,0.0773079,0.0357618,-0.00828303,0.0680368
454.789,289.5,0.074643,0.0370703,-0.00817101,0.0642698
455.655,289,0.0721483,0.0383947,-0.00805644,0.0605502
456.521,288.5,0.0698355,0.0397349,-0.00793932,0.0568779
457.387,288,0.0678888,0.0414172,-0.00780219,0.0532224
458.253,287.5,0.0662038,0.04316,-0.00765974,0.0496133
459.119,287,0.0647723,0.0448853,-0.00751462,0.04609
459.985,286.5,0.0636036,0.0465244,-0.00736694,0.0427391
460.851,286,0.0626682,0.0481654,-0.00721762,0.0394373
461.717,285.5,0.0619688,0.0498083,-0.00706668,0.0361846
462.583,285,0.0616679,0.051641,-0.00690463,0.0329919
463.449,284.5,0.0617462,0.0536249,-0.00673359,0.02986
464.315,284,0.0620642,0.055603,-0.00656157,0.0267808
465.181,283.5,0.0626099,0.0575753,-0.00638855,0.0237545
466.047,283,0.0633693,0.0595416,-0.00621455,0.0207809
466.913,282.5,0.0643271,0.0615022,-0.00603956,0.0178601
467.779,282,0.0655405,0.0635287,-0.00585909,0.0150111
468.645,281.5,0.0671342,0.0657479,-0.00567664,0.0123283
469.512,281,0.068796,0.0678666,-0.00552756,0.00982143
470.378,280.5,0.0705605,0.069969,-0.00537791,0.00736188
471.244,280,0.0724139,0.0720552,-0.00522767,0.00494964
472.11,279.5,0.0743438,0.0741252,-0.00507687,0.00258473
472.976,279,0.0763384,0.0761789,-0.00492549,0.000267139
473.842,278.5,0.078613,0.078446,-0.00476038,-0.00188592
474.708,278,0.080939,0.0807103,-0.00459438,-0.00398193
475.574,277.5,0.0832875,0.0829507,-0.00442872,-0.00603144
476.44,277,0.0856516,0.0851673,-0.0042634,-0.00803444
477.306,276.5,0.0880249,0.08736,-0.00409841,-0.00999095
478.172,276,0.0903625,0.0894915,-0.00394188,-0.0118788
479.038,275.5,0.092726,0.0916472,-0.00379349,-0.013583
