x,v,vx,vy,vz
220.096,425,0.381226,0.37905,-0.0390815,-0.0112804
220.962,424.5,0.384854,0.382635,-0.0404801,-0.00801111
221.828,424,0.389185,0.386885,-0.0420295,-0.00432677
222.694,423.5,0.394405,0.391947,-0.0439665,8.10716e-05
223.56,423,0.399626,0.396947,-0.04594,0.00491386
224.426,422.5,0.405015,0.402057,-0.0478104,0.0100686
225.292,422,0.410579,0.407278,-0.0495776,0.0155452
226.158,421.5,0.416326,0.412609,-0.0512416,0.0213437
227.024,421,0.422365,0.418181,-0.0526378,0.027309
227.89,420.5,0.42966,0.425335,-0.0518563,0.031769
228.756,420,0.437072,0.432615,-0.050531,0.0363702
229.622,419.5,0.444611,0.440023,-0.0486618,0.0411127
230.488,419,0.452287,0.447559,-0.0462489,0.0459964
231.355,418.5,0.460113,0.455222,-0.0432921,0.0510213
232.221,418,0.464101,0.459186,-0.0374031,0.0560228
233.087,417.5,0.464233,0.459676,-0.0293975,0.0578497
233.953,417,0.462623,0.45844,-0.02097,0.0584174
234.819,416.5,0.459721,0.455798,-0.0123181,0.0586547
235.685,416,0.455541,0.451748,-0.00344171,0.0585616
236.551,415.5,0.450098,0.446291,0.00565904,0.0581381
237.417,415,0.443411,0.439427,0.0149842,0.0573841
238.283,414.5,0.43426,0.430123,0.0235885,0.0549475
239.149,414,0.42231,0.418107,0.0309723,0.0507246
240.015,413.5,0.409041,0.404603,0.0381638,0.0464174
240.881,413,0.394466,0.389612,0.0451633,0.0420258
241.747,412.5,0.378046,0.373173,0.0484716,0.0362141
242.613,412,0.361634,0.356834,0.0502747,0.0303498
243.479,411.5,0.345479,0.340723,0.0514122,0.0249036
244.345,411,0.329099,0.324378,0.051684,0.0203462
245.211,410.5,0.312801,0.308012,0.0519511,0.016554
246.077,410,0.296572,0.291626,0.0522136,0.013527
246.943,409.5,0.280402,0.275218,0.0524715,0.0112653
247.809,409,0.264286,0.258789,0.0527249,0.00976887
248.675,408.5,0.248226,0.242339,0.0529736,0.00903764
249.541,408,0.232052,0.225645,0.0531615,0.0103041
250.407,407.5,0.21561,0.208513,0.0533386,0.0128449
251.273,407,0.203627,0.195823,0.0534979,0.0159882
252.139,406.5,0.192264,0.183702,0.0533831,0.0192153
253.005,406,0.180674,0.171257,0.0529746,0.0225325
253.871,405.5,0.168889,0.158488,0.0522726,0.0259396
254.737,405,0.15784,0.146535,0.0510282,0.0289323
255.603,404.5,0.147485,0.135306,0.0493443,0.0317655
256.469,404,0.137031,0.12368,0.0474922,0.0350045
257.335,403.5,0.126604,0.111656,0.0454717,0.0386494
258.201,403,0.11638,0.0992347,0.043283,0.0427001
259.067,402.5,0.106613,0.0864158,0.040926,0.0471566
259.933,402,0.0977106,0.073826,0.0384413,0.0511797
260.799,401.5,0.0910084,0.0653622,0.0374519,0.0510653
261.665,401,0.0847786,0.0571285,0.0363219,0.051034
262.531,400.5,0.0789494,0.0489489,0.0348909,0.0511824
263.397,400,0.0736166,0.0408234,0.0331591,0.0515105
264.263,399.5,0.0689017,0.0327519,0.0311263,0.0520185
265.13,399,0.0649519,0.0247344,0.0287926,0.0527062
265.996,398.5,0.0582671,0.0170192,0.0261015,0.0492353
266.862,398,0.0515258,0.00906528,0.0228885,0.0452642
267.728,397.5,0.0456074,0.000817275,0.0191476,0.0413852
268.594,397,0.0411666,-0.00772476,0.0148787,0.0375984
269.46,396.5,0.039056,-0.0165608,0.0100818,0.0339037
270.326,396,0.0351405,-0.0229601,0.00625464,0.0258566
271.192,395.5,0.0328718,-0.0287299,0.00389916,0.0154902
272.058,395,0.0348595,-0.0345327,0.00265638,0.00395246
272.924,394.5,0.0416574,-0.0409302,0.00130226,-0.00763985
273.79,394,0.051658,-0.0479223,-0.000163197,-0.0192867
274.656,393.5,0.0635967,-0.0555091,-0.00173999,-0.0309881
275.522,393,0.0767808,-0.0636905,-0.00342812,-0.0427441
276.388,392.5,0.0906827,-0.0721367,-0.00515681,-0.0547088
277.254,392,0.104712,-0.0799518,-0.00691552,-0.0672646
278.12,391.5,0.119254,-0.0879892,-0.00899641,-0.0799908
278.986,391,0.134181,-0.0961548,-0.0113067,-0.0929024
279.852,390.5,0.147383,-0.101741,-0.0107097,-0.106094
280.718,390,0.160669,-0.107771,-0.00974696,-0.118764
281.584,389.5,0.173958,-0.114247,-0.00841868,-0.130913
282.45,389,0.183418,-0.118079,-0.00451129,-0.140283
283.316,388.5,0.191872,-0.121296,-0.00012557,-0.148668
284.182,388,0.199554,-0.124086,0.00458217,-0.156216
285.048,387.5,0.206463,-0.12645,0.00961194,-0.162927
285.914,387,0.212604,-0.128387,0.0149637,-0.1688
286.78,386.5,0.217987,-0.129896,0.0206376,-0.173837
287.646,386,0.221457,-0.128178,0.0235486,-0.179051
288.512,385.5,0.223237,-0.123821,0.0247859,-0.184089
289.378,385,0.221725,-0.118891,0.0262415,-0.185305
290.244,384.5,0.220952,-0.115102,0.0273153,-0.186615
291.11,384,0.220864,-0.112455,0.0280074,-0.188017
291.976,383.5,0.22142,-0.110949,0.0283178,-0.189513
292.842,383,0.225894,-0.111628,0.0266258,-0.194573
293.708,382.5,0.240081,-0.115674,0.0203509,-0.20939
294.574,382,0.257379,-0.120625,0.0129139,-0.226995
295.44,381.5,0.277878,-0.12648,0.00431491,-0.247387
296.306,381,0.301644,-0.133241,-0.00544619,-0.270566
297.172,380.5,0.328716,-0.140906,-0.0163694,-0.296532
298.038,380,0.359136,-0.149419,-0.0286837,-0.325315
298.905,379.5,0.387025,-0.148631,-0.041371,-0.354945
299.771,379,0.415048,-0.146112,-0.0532456,-0.384813
300.637,378.5,0.443225,-0.141946,-0.0643167,-0.414925
301.503,378,0.471563,-0.136131,-0.0745845,-0.445283
302.369,377.5,0.500087,-0.128669,-0.0840487,-0.475886
303.235,377,0.528836,-0.119558,-0.0927095,-0.506733
304.101,376.5,0.551322,-0.108757,-0.0987091,-0.531399
304.967,376,0.570978,-0.096976,-0.103188,-0.55314
305.833,375.5,0.590964,-0.0843692,-0.107073,-0.575027
306.699,375,0.611305,-0.0709366,-0.110363,-0.597061
307.565,374.5,0.631059,-0.0564761,-0.112694,-0.618341
308.431,374,0.647834,-0.0408337,-0.113393,-0.636524
309.297,373.5,0.65806,-0.0247877,-0.112173,-0.647955
310.163,373,0.656629,-0.00816833,-0.107867,-0.647657
311.029,372.5,0.656212,0.00872339,-0.103682,-0.647911
311.895,372,0.656831,0.0258875,-0.0996189,-0.648716
312.761,371.5,0.658502,0.0433241,-0.0956766,-0.650072
313.627,371,0.661241,0.0610331,-0.0918556,-0.651979
314.493,370.5,0.664434,0.0785808,-0.0878202,-0.6539
315.359,370,0.655699,0.0875432,-0.0771654,-0.645231
316.225,369.5,0.647952,0.097037,-0.0670498,-0.637126
317.091,369,0.640447,0.107731,-0.0571718,-0.628727
317.957,368.5,0.632104,0.120504,-0.0471008,-0.618721
318.823,368,0.624909,0.133556,-0.0376296,-0.609309
319.689,367.5,0.618864,0.146886,-0.0287581,-0.600492
320.555,367,0.599745,0.154437,-0.017768,-0.579247
321.421,366.5,0.576428,0.160384,-0.0063494,-0.55363
322.287,366,0.554179,0.167008,0.00450302,-0.528397
323.153,365.5,0.533069,0.174308,0.0147893,-0.503548
324.019,365,0.513176,0.182285,0.0245093,-0.479083
324.885,364.5,0.494589,0.190938,0.0336632,-0.455003
325.751,364,0.474473,0.192419,0.0431985,-0.431548
326.617,363.5,0.450765,0.182849,0.0535401,-0.40852
327.483,363,0.428698,0.173483,0.0621848,-0.387064
328.349,362.5,0.407019,0.163941,0.0704059,-0.365829
329.215,362,0.385743,0.154223,0.0782033,-0.344815
330.081,361.5,0.364889,0.144329,0.0855771,-0.324021
330.947,361,0.347481,0.134379,0.0910887,-0.307227
331.813,360.5,0.356729,0.124395,0.0833162,-0.32379
332.679,360,0.36601,0.112557,0.0748423,-0.340137
333.546,359.5,0.375516,0.0988658,0.0656671,-0.356266
334.412,359,0.385449,0.0833206,0.0557905,-0.372178
335.278,358.5,0.396024,0.0659216,0.0452126,-0.387872
336.144,358,0.406253,0.0523716,0.0398033,-0.400892
337.01,357.5,0.457258,0.0599683,0.0567863,-0.449738
337.876,357,0.510804,0.0692514,0.0888383,-0.49823
338.742,356.5,0.55587,0.0764712,0.133665,-0.534114
339.608,356,0.594921,0.0816278,0.191267,-0.557391
340.474,355.5,0.631132,0.0847211,0.261644,-0.56806
341.34,355,0.668381,0.0857511,0.344796,-0.566123
342.206,354.5,0.703368,0.0706683,0.414028,-0.564194
343.072,354,0.731458,0.0373726,0.456796,-0.570063
343.938,353.5,0.759365,0.00141212,0.49958,-0.571886
344.804,353,0.787448,-0.0372132,0.542378,-0.569663
345.67,352.5,0.796564,-0.0745702,0.562185,-0.559376
346.536,352,0.783956,-0.111363,0.564962,-0.53198
347.402,351.5,0.751072,-0.114308,0.563045,-0.483759
348.268,351,0.631624,0.0653098,0.482807,-0.401971
349.134,350.5,0.565991,0.21029,0.415569,-0.3216
350,350,0.540595,0.320634,0.36133,-0.242647
350.866,349.5,0.535542,0.396341,0.32009,-0.165111
351.732,349,0.533314,0.43741,0.29185,-0.0889931
352.598,348.5,0.523177,0.443843,0.276609,-0.0142927
353.464,348,0.56738,0.520494,0.225072,0.0186656
354.33,347.5,0.647285,0.625684,0.16211,0.034883
355.196,347,0.78145,0.776676,0.0750372,0.0425147
356.062,346.5,0.93155,0.92992,-0.0140012,0.0532739
356.928,346,1.04949,1.04405,-0.0807963,0.0696554
357.794,345.5,1.1298,1.11907,-0.125348,0.0916593
358.66,345,1.18521,1.17177,-0.140583,0.109201
359.526,344.5,1.22674,1.21327,-0.138704,0.116717
360.392,344,1.24525,1.23254,-0.129578,0.12118
361.258,343.5,1.24087,1.2296,-0.113204,0.122588
362.124,343,1.21379,1.20443,-0.0895836,0.120942
362.99,342.5,1.16434,1.15703,-0.0587158,0.116241
363.856,342,1.10235,1.09638,-0.0208735,0.11264
364.722,341.5,1.14932,1.14396,-0.03112,0.106441
365.588,341,1.24206,1.2363,-0.0699418,0.0969428
366.454,340.5,1.31716,1.30966,-0.102123,0.0964004
367.321,340,1.374,1.36403,-0.127663,0.104814
368.187,339.5,1.41238,1.39943,-0.146563,0.122183
369.053,339,1.43245,1.41585,-0.158822,0.148508
369.919,338.5,1.45058,1.43063,-0.156895,0.181272
370.785,338,1.45322,1.42881,-0.149732,0.218892
371.651,337.5,1.43917,1.40845,-0.138309,0.26145
372.517,337,1.40929,1.36953,-0.122625,0.308945
373.383,336.5,1.3648,1.31208,-0.10268,0.361378
374.249,336,1.3585,1.30797,-0.0893008,0.356066
375.115,335.5,1.3779,1.33841,-0.0768058,0.318358
375.981,335,1.39368,1.3631,-0.0611001,0.283843
376.847,334.5,1.40044,1.3762,-0.044846,0.255527
377.713,334,1.39764,1.37772,-0.0280433,0.23341
378.579,333.5,1.38489,1.36766,-0.0106922,0.217492
379.445,333,1.36198,1.34602,0.00720744,0.207774
380.311,332.5,1.32887,1.31296,0.0247106,0.203515
381.177,332,1.28391,1.26692,0.0404427,0.20418
382.043,331.5,1.22619,1.20634,0.0571194,0.212205
382.909,331,1.1563,1.13122,0.0747408,0.227592
383.775,330.5,1.12577,1.09925,0.0804582,0.229188
384.641,330,1.1125,1.08698,0.0803941,0.222872
385.507,329.5,1.09807,1.07374,0.079298,0.215775
386.373,329,1.0995,1.07938,0.0625434,0.199855
387.239,328.5,1.09781,1.08095,0.0459993,0.186056
388.105,328,1.09193,1.07741,0.0304166,0.174844
388.971,327.5,1.08172,1.06875,0.0157954,0.166218
389.837,327,1.06707,1.05497,0.00213571,0.160179
390.703,326.5,1.04792,1.03608,-0.0105626,0.156726
391.569,326,1.04442,1.03298,-0.0261454,0.151874
392.435,325.5,1.04478,1.03302,-0.0420189,0.150522
393.301,325,1.05657,1.04532,-0.0507276,0.145167
394.167,324.5,1.07036,1.05979,-0.057058,0.138738
395.033,324,1.08116,1.07105,-0.0625717,0.133594
395.899,323.5,1.08895,1.0791,-0.0672686,0.129737
396.765,323,1.10206,1.09264,-0.069931,0.125618
397.631,322.5,1.1278,1.11919,-0.0694157,0.120569
398.497,322,1.14778,1.13962,-0.0683471,0.118331
399.363,321.5,1.16196,1.15393,-0.0667252,0.118902
400.229,321,1.17033,1.16213,-0.0645499,0.122283
401.095,320.5,1.17291,1.16421,-0.0618212,0.128474
401.962,320,1.16988,1.16032,-0.0583887,0.137361
402.828,319.5,1.18683,1.17897,-0.0381754,0.130863
403.694,319,1.20362,1.19696,-0.0189585,0.124957
404.56,318.5,1.21794,1.21194,-0.00103388,0.120836
405.426,318,1.22972,1.22389,0.0155984,0.118499
406.292,317.5,1.23885,1.23284,0.0309382,0.117947
407.158,317,1.2453,1.23877,0.0449857,0.119179
408.024,316.5,1.24316,1.23829,0.0671267,0.0870919
408.89,316,1.23493,1.23057,0.0930265,0.0457714
409.756,315.5,1.22244,1.21661,0.118732,0.011419
410.622,315,1.20516,1.19639,0.144244,-0.0159655
411.488,314.5,1.18271,1.16993,0.169562,-0.0363821
412.354,314,1.1728,1.15459,0.194914,-0.0661796
413.22,313.5,1.1656,1.13821,0.217245,-0.126077
414.086,313,1.1645,1.11633,0.236466,-0.232263
414.952,312.5,1.16681,1.08901,0.255382,-0.332095
415.818,312,1.17127,1.05627,0.273994,-0.425573
416.684,311.5,1.17677,1.01809,0.292301,-0.512698
417.55,311,1.18241,0.974473,0.310304,-0.593468
418.416,310.5,1.186,0.924511,0.326669,-0.667204
419.282,310,1.17019,0.857799,0.323937,-0.727035
420.148,309.5,1.15824,0.789031,0.321391,-0.784636
421.014,309,1.15031,0.718205,0.319034,-0.840009
421.88,308.5,1.15352,0.654404,0.315691,-0.895941
422.746,308,1.15602,0.589343,0.311018,-0.944625
423.612,307.5,1.15684,0.522736,0.305028,-0.985889
424.478,307,1.05152,0.459993,0.256986,-0.909975
425.344,306.5,0.916718,0.404603,0.193362,-0.79955
426.21,306,0.788854,0.355779,0.127584,-0.692412
427.076,305.5,0.669522,0.313522,0.0596532,-0.588562
427.942,305,0.561642,0.277831,-0.0104314,-0.487999
428.808,304.5,0.470482,0.248706,-0.0826695,-0.390723
429.674,304,0.396992,0.229623,-0.137224,-0.293335
430.54,303.5,0.336616,0.218423,-0.164951,-0.195941
431.406,303,0.29919,0.207124,-0.19108,-0.100512
432.272,302.5,0.292012,0.200008,-0.212473,-0.0110897
433.138,302,0.310755,0.197074,-0.229128,0.0723262
434.004,301.5,0.346202,0.198322,-0.241047,0.149735
434.87,301,0.385361,0.204937,-0.245334,0.21521
435.737,300.5,0.39427,0.222249,-0.226285,0.234199
436.603,300,0.404656,0.240021,-0.206798,0.251736
437.469,299.5,0.416346,0.258254,-0.186872,0.26782
438.335,299,0.429188,0.276947,-0.166507,0.282451
439.201,298.5,0.443059,0.2961,-0.145703,0.295629
440.067,298,0.457764,0.31562,-0.1244,0.307337
440.933,297.5,0.462195,0.328601,-0.112117,0.305083
441.799,297,0.464851,0.340131,-0.102468,0.29983
442.665,296.5,0.468171,0.351648,-0.0931547,0.294703
443.531,296,0.472116,0.363154,-0.084177,0.289701
444.397,295.5,0.476647,0.374647,-0.0755353,0.284826
445.263,295,0.481723,0.386128,-0.0672294,0.280076
446.129,294.5,0.484444,0.393941,-0.0609957,0.275273
446.995,294,0.484614,0.398113,-0.0566629,0.270455
447.861,293.5,0.485171,0.402477,-0.0523562,0.265823
448.727,293,0.486111,0.407033,-0.0480756,0.261375
449.593,292.5,0.487404,0.411681,-0.0438072,0.25722
450.459,292,0.488934,0.416077,-0.039496,0.253726
451.325,291.5,0.490271,0.420061,-0.0354889,0.25031
452.191,291,0.489105,0.420756,-0.0327408,0.247215
453.057,290.5,0.48817,0.421664,-0.0299976,0.24415
453.923,290,0.487469,0.422785,-0.0272593,0.241115
454.789,289.5,0.487004,0.424117,-0.0245259,0.238109
455.655,289,0.486777,0.425663,-0.0217973,0.235134
456.521,288.5,0.486789,0.42742,-0.0190736,0.232188
457.387,288,0.484756,0.426931,-0.0173499,0.228947
458.253,287.5,0.482505,0.426159,-0.0157897,0.225721
459.119,287,0.480397,0.425471,-0.0142339,0.222604
459.985,286.5,0.478409,0.424808,-0.0126786,0.219665
460.851,286,0.47652,0.424229,-0.0111198,0.216743
461.717,285.5,0.474729,0.423734,-0.00955766,0.213837
462.583,285,0.472143,0.422439,-0.00832724,0.210701
463.449,284.5,0.468888,0.420459,-0.00737405,0.207403
464.315,284,0.465697,0.418514,-0.00642182,0.204154
465.181,283.5,0.462569,0.416603,-0.00547056,0.200953
466.047,283,0.459505,0.414727,-0.00452024,0.197802
466.913,282.5,0.456503,0.412886,-0.00357089,0.194698
467.779,282,0.453345,0.410854,-0.00269726,0.191609
468.645,281.5,0.449472,0.408049,-0.00206822,0.188459
469.512,281,0.445531,0.405136,-0.00142951,0.185365
470.378,280.5,0.441614,0.402224,-0.00079445,0.182315
471.244,280,0.437723,0.399311,-0.000163029,0.179312
472.11,279.5,0.433857,0.396397,0.000464749,0.176354
472.976,279,0.430015,0.393484,0.00108888,0.173442
473.842,278.5,0.425883,0.39019,0.0014514,0.170665
474.708,278,0.421742,0.386855,0.00178464,0.167948
475.574,277.5,0.41762,0.383515,0.00211164,0.165282
476.44,277,0.413515,0.380169,0.00243241,0.162667
477.306,276.5,0.409428,0.376817,0.00274693,0.160103
478.172,276,0.405307,0.373412,0.00305908,0.157569
479.038,275.5,0.401086,0.369871,0.00327259,0.155097
