x,v,vx,vy,vz
220.096,425,0.209103,0.209016,-6.41236e-05,-0.00600527
220.962,424.5,0.209123,0.209033,-6.54702e-05,-0.00612177
221.828,424,0.20914,0.209047,-6.67058e-05,-0.00624306
222.694,423.5,0.20916,0.209063,-6.71272e-05,-0.00636702
223.56,423,0.209186,0.209085,-6.72198e-05,-0.00649069
224.426,422.5,0.209214,0.20911,-6.72977e-05,-0.00661605
225.292,422,0.209245,0.209136,-6.73607e-05,-0.00674312
226.158,421.5,0.209277,0.209164,-6.74089e-05,-0.00687189
227.024,421,0.209311,0.209193,-6.74114e-05,-0.00700326
227.89,420.5,0.209334,0.209212,-6.70601e-05,-0.00714665
228.756,420,0.20936,0.209233,-6.67037e-05,-0.00729209
229.622,419.5,0.209389,0.209257,-6.63422e-05,-0.00743958
230.488,419,0.20942,0.209282,-6.59757e-05,-0.00758911
231.355,418.5,0.209453,0.20931,-6.5604e-05,-0.00774069
232.221,418,0.209488,0.209339,-6.6723e-05,-0.00789577
233.087,417.5,0.209514,0.209359,-6.77198e-05,-0.00806196
233.953,417,0.20954,0.209378,-6.86248e-05,-0.00823359
234.819,416.5,0.209567,0.209399,-6.96882e-05,-0.00840828
235.685,416,0.209597,0.209421,-7.09097e-05,-0.00858603
236.551,415.5,0.20963,0.209446,-7.22895e-05,-0.00876682
237.417,415,0.209665,0.209473,-7.38276e-05,-0.00895068
238.283,414.5,0.209692,0.209492,-7.52134e-05,-0.00914564
239.149,414,0.209709,0.2095,-7.63878e-05,-0.00935403
240.015,413.5,0.209728,0.209509,-7.77281e-05,-0.00956638
240.881,413,0.209749,0.209521,-7.92343e-05,-0.00978267
241.747,412.5,0.209796,0.209558,-7.84109e-05,-0.00998968
242.613,412,0.209854,0.209606,-7.68515e-05,-0.0101959
243.479,411.5,0.209913,0.209655,-7.49572e-05,-0.0104069
244.345,411,0.209961,0.209691,-7.12303e-05,-0.0106335
245.211,410.5,0.210014,0.209733,-6.73239e-05,-0.0108635
246.077,410,0.210072,0.209779,-6.32381e-05,-0.011097
246.943,409.5,0.210136,0.20983,-5.89727e-05,-0.0113339
247.809,409,0.210205,0.209886,-5.45278e-05,-0.0115744
248.675,408.5,0.21028,0.209948,-4.99033e-05,-0.0118183
249.541,408,0.210328,0.209981,-4.39602e-05,-0.0120893
250.407,407.5,0.210376,0.210012,-3.75844e-05,-0.0123695
251.273,407,0.210414,0.210032,-3.66639e-05,-0.0126616
252.139,406.5,0.210454,0.210054,-3.70736e-05,-0.0129609
253.005,406,0.210498,0.210079,-3.78084e-05,-0.0132663
253.871,405.5,0.210546,0.210108,-3.88684e-05,-0.0135778
254.737,405,0.210585,0.210126,-3.78475e-05,-0.0139046
255.603,404.5,0.210617,0.210134,-3.48588e-05,-0.0142472
256.469,404,0.210653,0.210147,-3.22391e-05,-0.0145969
257.335,403.5,0.210695,0.210164,-2.99883e-05,-0.0149538
258.201,403,0.210742,0.210184,-2.81065e-05,-0.0153177
259.067,402.5,0.210794,0.210209,-2.65936e-05,-0.0156888
259.933,402,0.210837,0.210223,-2.47855e-05,-0.0160774
260.799,401.5,0.210898,0.210253,-1.06401e-05,-0.0164792
261.665,401,0.210976,0.210299,5.02603e-06,-0.0168836
262.531,400.5,0.211065,0.210355,2.12267e-05,-0.0172945
263.397,400,0.211164,0.21042,3.7962e-05,-0.0177117
264.263,399.5,0.211274,0.210495,5.52319e-05,-0.0181353
265.13,399,0.211395,0.210578,7.30364e-05,-0.0185654
265.996,398.5,0.211495,0.210638,0.000101413,-0.0190204
266.862,398,0.211605,0.210705,0.000132242,-0.0194865
267.728,397.5,0.211728,0.210784,0.000164174,-0.0199612
268.594,397,0.211864,0.210875,0.000197211,-0.0204444
269.46,396.5,0.212015,0.210978,0.000231352,-0.0209363
270.326,396,0.212128,0.211041,0.000246519,-0.0214519
271.192,395.5,0.212172,0.211025,0.000265588,-0.022032
272.058,395,0.212165,0.21095,0.000288185,-0.0226683
272.924,394.5,0.212168,0.210882,0.000310486,-0.0233203
273.79,394,0.212181,0.210821,0.000332492,-0.023988
274.656,393.5,0.212205,0.210766,0.000354202,-0.0246714
275.522,393,0.21224,0.210718,0.000375617,-0.0253705
276.388,392.5,0.212273,0.210663,0.000402848,-0.0260869
277.254,392,0.212279,0.210577,0.000448473,-0.0268247
278.12,391.5,0.212301,0.210502,0.000494267,-0.0275796
278.986,391,0.212345,0.210444,0.000541211,-0.0283488
279.852,390.5,0.212574,0.21058,0.000620047,-0.0290469
280.718,390,0.212831,0.210739,0.000701606,-0.02976
281.584,389.5,0.213115,0.210922,0.000785888,-0.0304882
282.45,389,0.213153,0.210823,0.000893191,-0.0314194
283.316,388.5,0.213196,0.21072,0.00100537,-0.0323836
284.182,388,0.213264,0.210635,0.00112103,-0.0333679
285.048,387.5,0.213357,0.210567,0.00124018,-0.0343721
285.914,387,0.213476,0.210516,0.0013628,-0.0353964
286.78,386.5,0.213619,0.210483,0.00148891,-0.0364406
287.646,386,0.213734,0.210414,0.00165383,-0.0374861
288.512,385.5,0.213839,0.210328,0.00184048,-0.0385438
289.378,385,0.213912,0.210204,0.00198562,-0.0396043
290.244,384.5,0.21403,0.210116,0.00213322,-0.0406869
291.11,384,0.214194,0.210065,0.00228327,-0.0417915
291.976,383.5,0.214403,0.21005,0.00243577,-0.0429182
292.842,383,0.214474,0.209853,0.00260508,-0.0442011
293.708,382.5,0.214158,0.209179,0.00281066,-0.045825
294.574,382,0.213875,0.208513,0.0030204,-0.0474914
295.44,381.5,0.213624,0.207855,0.0032343,-0.0492004
296.306,381,0.213406,0.207206,0.00345236,-0.050952
297.172,380.5,0.213224,0.206564,0.00367457,-0.0527461
298.038,380,0.213118,0.205979,0.00391167,-0.0545605
298.905,379.5,0.213224,0.205674,0.00431828,-0.0560713
299.771,379,0.213397,0.205412,0.00473434,-0.0576365
300.637,378.5,0.21364,0.205192,0.00515881,-0.0592584
301.503,378,0.213953,0.205015,0.00559169,-0.0609371
302.369,377.5,0.214337,0.204881,0.00603299,-0.0626724
303.235,377,0.214794,0.20479,0.00648271,-0.0644645
304.101,376.5,0.214515,0.203651,0.00703672,-0.067032
304.967,376,0.213944,0.202007,0.00765257,-0.0700462
305.833,375.5,0.213479,0.200376,0.00828563,-0.0731704
306.699,375,0.213126,0.198759,0.00893589,-0.0764046
307.565,374.5,0.212916,0.19722,0.00958525,-0.0796601
308.431,374,0.212898,0.195923,0.0101867,-0.0826794
309.297,373.5,0.212892,0.194672,0.0107991,-0.0854944
310.163,373,0.213024,0.1937,0.01141,-0.0879173
311.029,372.5,0.213514,0.193045,0.0120256,-0.0904284
311.895,372,0.214359,0.192706,0.0126459,-0.0930276
312.761,371.5,0.215557,0.192685,0.0132709,-0.095715
313.627,371,0.217106,0.19298,0.0139005,-0.0984906
314.493,370.5,0.218883,0.193391,0.0145707,-0.101476
315.359,370,0.218469,0.18975,0.0160131,-0.107085
316.225,369.5,0.218265,0.186028,0.0175089,-0.112811
317.091,369,0.218193,0.182141,0.0190791,-0.118613
317.957,368.5,0.2182,0.178025,0.0207718,-0.124447
318.823,368,0.218577,0.173939,0.0225411,-0.130434
319.689,367.5,0.219335,0.169884,0.0243871,-0.136574
320.555,367,0.221142,0.167461,0.0247922,-0.142288
321.421,366.5,0.223588,0.165694,0.0245825,-0.148098
322.287,366,0.226442,0.164,0.0242951,-0.154239
323.153,365.5,0.229714,0.162381,0.0239301,-0.160712
324.019,365,0.233412,0.160835,0.0234873,-0.167515
324.885,364.5,0.237544,0.159364,0.0229668,-0.17465
325.751,364,0.2413,0.153718,0.0253565,-0.184265
326.617,363.5,0.246787,0.14451,0.0320631,-0.197466
327.483,363,0.255759,0.140077,0.0387927,-0.210443
328.349,362.5,0.264966,0.135414,0.0459912,-0.223058
329.215,362,0.274385,0.130523,0.0536585,-0.235311
330.081,361.5,0.283996,0.125403,0.0617947,-0.247203
330.947,361,0.296125,0.121666,0.0682909,-0.261197
331.813,360.5,0.33253,0.135004,0.0550592,-0.298862
332.679,360,0.375448,0.15368,0.0394518,-0.340276
333.546,359.5,0.424967,0.177693,0.0214689,-0.385436
334.412,359,0.481169,0.207044,0.00111037,-0.434345
335.278,358.5,0.544125,0.241732,-0.0216238,-0.487001
336.144,358,0.603436,0.278625,-0.0423408,-0.533582
337.01,357.5,0.621154,0.296208,-0.0158642,-0.545749
337.876,357,0.632888,0.323289,0.0204348,-0.543704
338.742,356.5,0.648247,0.365973,0.0553429,-0.532188
339.608,356,0.670238,0.42426,0.0888603,-0.511201
340.474,355.5,0.702783,0.498148,0.120987,-0.480743
341.34,355,0.750105,0.58764,0.151723,-0.440814
342.206,354.5,0.780482,0.661526,0.173024,-0.376294
343.072,354,0.793957,0.695781,0.206155,-0.322112
343.938,353.5,0.826105,0.717996,0.268072,-0.308333
344.804,353,0.878152,0.728172,0.358775,-0.334958
345.67,352.5,0.904534,0.698553,0.44956,-0.357913
346.536,352,0.88685,0.635298,0.518911,-0.337091
347.402,351.5,0.848047,0.567918,0.567769,-0.272564
348.268,351,0.683184,0.471542,0.492925,-0.03759
349.134,350.5,0.590539,0.375063,0.433969,0.140481
350,350,0.546641,0.278482,0.390901,0.261649
350.866,349.5,0.521118,0.181799,0.363721,0.325914
351.732,349,0.492449,0.0850127,0.352429,0.333276
352.598,348.5,0.456194,-0.0118755,0.357024,0.283736
353.464,348,0.448744,-0.0912626,0.351494,0.263618
354.33,347.5,0.462139,-0.153821,0.329644,0.285038
355.196,347,0.517843,-0.181908,0.274158,0.399885
356.062,346.5,0.621863,-0.185095,0.200937,0.558639
356.928,346,0.730206,-0.183041,0.131638,0.694527
357.794,345.5,0.829105,-0.175746,0.0662599,0.80755
358.66,345,0.868876,-0.144639,0.0354586,0.856019
359.526,344.5,0.865868,-0.102164,0.0320788,0.859221
360.392,344,0.86219,-0.0681777,0.0274879,0.859051
361.258,343.5,0.856845,-0.0426783,0.0216859,0.855507
362.124,343,0.849104,-0.0256662,0.0146728,0.848589
362.99,342.5,0.838497,-0.0171414,0.00644848,0.838297
363.856,342,0.820283,-0.0166822,-0.00109378,0.820113
364.722,341.5,0.785815,-0.0278455,-0.00533174,0.785303
365.588,341,0.753048,-0.0444933,-0.0111104,0.75165
366.454,340.5,0.721544,-0.0603661,-0.0162139,0.718832
367.321,340,0.691289,-0.0754638,-0.020642,0.686848
368.187,339.5,0.662267,-0.0897865,-0.0243949,0.655699
369.053,339,0.634459,-0.103334,-0.0274724,0.625385
369.919,338.5,0.60937,-0.107269,-0.0277789,0.599211
370.785,338,0.585666,-0.11027,-0.0279,0.574514
371.651,337.5,0.563183,-0.113382,-0.0281119,0.550935
372.517,337,0.54193,-0.116607,-0.0284145,0.528473
373.383,336.5,0.521914,-0.119943,-0.0288079,0.507127
374.249,336,0.505135,-0.12378,-0.0283764,0.488912
375.115,335.5,0.486338,-0.127337,-0.0277497,0.468551
375.981,335,0.465656,-0.130289,-0.0271844,0.44623
376.847,334.5,0.445706,-0.132841,-0.0265651,0.424619
377.713,334,0.426478,-0.134994,-0.025892,0.40372
378.579,333.5,0.407958,-0.136748,-0.0251649,0.383531
379.445,333,0.39013,-0.138102,-0.024384,0.364054
380.311,332.5,0.37239,-0.13765,-0.0236095,0.345209
381.177,332,0.353612,-0.133114,-0.0229943,0.326792
382.043,331.5,0.335342,-0.128405,-0.0224028,0.308973
382.909,331,0.317575,-0.123523,-0.021835,0.291752
383.775,330.5,0.301024,-0.120662,-0.022124,0.274893
384.641,330,0.285067,-0.118526,-0.0226853,0.258264
385.507,329.5,0.269396,-0.11626,-0.0231803,0.24191
386.373,329,0.252574,-0.110856,-0.0231008,0.225768
387.239,328.5,0.236026,-0.105428,-0.0229449,0.20992
388.105,328,0.219824,-0.100128,-0.0227375,0.19437
388.971,327.5,0.203974,-0.0949566,-0.0224785,0.179119
389.837,327,0.188483,-0.0899129,-0.0221679,0.164164
390.703,326.5,0.173357,-0.0849972,-0.0218058,0.149508
391.569,326,0.158034,-0.0784334,-0.021339,0.135527
392.435,325.5,0.14285,-0.0710656,-0.0207898,0.122163
393.301,325,0.130191,-0.0650469,-0.0203271,0.11093
394.167,324.5,0.118394,-0.059427,-0.0198773,0.100451
395.033,324,0.106866,-0.0538717,-0.0194045,0.0902308
395.899,323.5,0.0956109,-0.048381,-0.0189089,0.0802694
396.765,323,0.0846111,-0.0422898,-0.0183118,0.0709597
397.631,322.5,0.0738783,-0.0349211,-0.0175467,0.0626948
398.497,322,0.0635103,-0.0276811,-0.0167861,0.0546401
399.363,321.5,0.0535716,-0.0205697,-0.0160301,0.0467957
400.229,321,0.0441777,-0.013587,-0.0152786,0.0391616
401.095,320.5,0.0355498,-0.00673291,-0.0145316,0.0317378
401.962,320,0.0281398,-1.4236e-06,-0.0137867,0.0245311
402.828,319.5,0.0233245,0.00679559,-0.0129828,0.0181467
403.694,319,0.0217034,0.0133578,-0.0122272,0.0119625
404.56,318.5,0.023629,0.0197604,-0.0114851,0.0059958
405.426,318,0.0281414,0.0260034,-0.0107565,0.000246458
406.292,317.5,0.0340342,0.0320868,-0.0100414,-0.00528549
407.158,317,0.0405511,0.0380105,-0.00933969,-0.0106
408.024,316.5,0.0475541,0.0443519,-0.00863451,-0.0148238
408.89,316,0.0546002,0.0507565,-0.00793595,-0.0184927
409.756,315.5,0.0614946,0.0569654,-0.00725159,-0.0219987
410.622,315,0.0682042,0.0629785,-0.00658142,-0.0253416
411.488,314.5,0.0747093,0.068796,-0.00592544,-0.0285215
412.354,314,0.0805462,0.0739135,-0.00544996,-0.03154
413.22,313.5,0.0860984,0.078873,-0.00497529,-0.0341646
414.086,313,0.0913671,0.0837499,-0.00447106,-0.0362479
414.952,312.5,0.0964834,0.0884948,-0.00398291,-0.038234
415.818,312,0.101446,0.0931077,-0.00351085,-0.0401231
416.684,311.5,0.106253,0.0975885,-0.00305488,-0.041915
417.55,311,0.110905,0.101937,-0.002615,-0.0436099
418.416,310.5,0.115389,0.106166,-0.00219331,-0.0451491
419.282,310,0.11956,0.110435,-0.0018174,-0.045776
420.148,309.5,0.123595,0.114567,-0.00145677,-0.0463444
421.014,309,0.127492,0.118565,-0.0011114,-0.0468543
421.88,308.5,0.131317,0.1224,-0.000855468,-0.0475582
422.746,308,0.13502,0.126113,-0.00061314,-0.0482233
423.612,307.5,0.138598,0.129707,-0.00038196,-0.0488415
424.478,307,0.141812,0.133075,-0.000167836,-0.0490078
425.344,306.5,0.144846,0.136302,3.30845e-05,-0.0490118
426.21,306,0.147781,0.139424,0.000222753,-0.0489908
427.076,305.5,0.150618,0.142443,0.000401169,-0.0489448
427.942,305,0.153355,0.145357,0.000568333,-0.0488738
428.808,304.5,0.155991,0.148167,0.000724244,-0.0487778
429.674,304,0.15843,0.150847,0.000853685,-0.0484221
430.54,303.5,0.160659,0.153391,0.000953452,-0.0477645
431.406,303,0.162773,0.15573,0.00102681,-0.047351
432.272,302.5,0.164828,0.158001,0.00109582,-0.0469355
433.138,302,0.166823,0.160202,0.00116049,-0.046518
434.004,301.5,0.168758,0.162335,0.00122083,-0.0460983
434.87,301,0.170599,0.164377,0.00127464,-0.0456363
435.737,300.5,0.172154,0.166194,0.00130891,-0.0448873
436.603,300,0.173666,0.167955,0.0013399,-0.0441497
437.469,299.5,0.175134,0.16966,0.00136764,-0.0434235
438.335,299,0.176557,0.171308,0.0013921,-0.0427089
439.201,298.5,0.177934,0.172899,0.00141331,-0.0420057
440.067,298,0.179279,0.174443,0.00143068,-0.0413324
440.933,297.5,0.180564,0.175929,0.0014249,-0.0406235
441.799,297,0.181781,0.177348,0.00141445,-0.039877
442.665,296.5,0.182965,0.178723,0.00140308,-0.0391474
443.531,296,0.184117,0.180055,0.00139077,-0.0384348
444.397,295.5,0.185235,0.181345,0.00137754,-0.0377393
445.263,295,0.18632,0.182592,0.00136338,-0.0370606
446.129,294.5,0.187281,0.183722,0.00134424,-0.0363128
446.995,294,0.188126,0.184742,0.00132037,-0.0354961
447.861,293.5,0.188948,0.18573,0.00129609,-0.0347012
448.727,293,0.189747,0.186685,0.00127139,-0.0339279
449.593,292.5,0.190526,0.187608,0.00124771,-0.0331967
450.459,292,0.191309,0.188508,0.00123141,-0.0325927
451.325,291.5,0.192049,0.189364,0.00121369,-0.0319795
452.191,291,0.192667,0.190108,0.00119031,-0.0312734
453.057,290.5,0.193272,0.190833,0.00116709,-0.0305847
453.923,290,0.193864,0.191538,0.00114403,-0.0299133
454.789,289.5,0.194442,0.192225,0.00112113,-0.0292593
455.655,289,0.195007,0.192892,0.00109839,-0.0286227
456.521,288.5,0.195558,0.19354,0.0010758,-0.0280034
457.387,288,0.195999,0.194081,0.0010502,-0.027329
458.253,287.5,0.196415,0.194594,0.00102451,-0.0266616
459.119,287,0.196841,0.19511,0.00099945,-0.0260314
459.985,286.5,0.197324,0.195669,0.000975478,-0.0254832
460.851,286,0.197796,0.196214,0.000951877,-0.0249491
461.717,285.5,0.198257,0.196744,0.000928645,-0.0244289
462.583,285,0.19866,0.197216,0.000904264,-0.0238898
463.449,284.5,0.199016,0.197641,0.000879091,-0.0233379
464.315,284,0.199365,0.198055,0.000854414,-0.0228004
465.181,283.5,0.199707,0.198459,0.000830233,-0.0222774
466.047,283,0.200042,0.198852,0.000806549,-0.0217688
466.913,282.5,0.200369,0.199235,0.00078336,-0.0212746
467.779,282,0.200672,0.199591,0.000760249,-0.0207855
468.645,281.5,0.200921,0.199892,0.000737916,-0.0202933
469.512,281,0.201184,0.200201,0.000720188,-0.0198478
470.378,280.5,0.201442,0.200504,0.000702818,-0.019413
471.244,280,0.201697,0.2008,0.000685804,-0.0189889
472.11,279.5,0.201948,0.20109,0.000669147,-0.0185754
472.976,279,0.202194,0.201374,0.000652848,-0.0181726
473.842,278.5,0.202386,0.201605,0.000635959,-0.0177553
474.708,278,0.202571,0.201826,0.000619345,-0.0173461
475.574,277.5,0.202754,0.202044,0.000603091,-0.0169473
476.44,277,0.202935,0.202257,0.000587198,-0.0165589
477.306,276.5,0.203113,0.202466,0.000571666,-0.0161809
478.172,276,0.203302,0.202684,0.000556388,-0.0158249
479.038,275.5,0.203487,0.202896,0.000540869,-0.0154885
