x,v,vx,vy,vz
220.096,425,0.241303,-0.132783,-0.0189381,0.200592
220.962,424.5,0.243924,-0.129938,-0.0219767,0.205261
221.828,424,0.245523,-0.12542,-0.0253245,0.209548
222.694,423.5,0.245435,-0.118252,-0.0297048,0.213009
223.56,423,0.245523,-0.110489,-0.0346691,0.216499
224.426,422.5,0.245917,-0.102148,-0.0399181,0.220108
225.292,422,0.246699,-0.0932264,-0.0454517,0.223838
226.158,421.5,0.247951,-0.0837255,-0.0512701,0.227686
227.024,421,0.249415,-0.0733102,-0.0573419,0.231398
227.89,420.5,0.247703,-0.0584353,-0.0632861,0.232243
228.756,420,0.246805,-0.0427081,-0.0693961,0.232965
229.622,419.5,0.246904,-0.0261287,-0.075672,0.233565
230.488,419,0.248182,-0.00869717,-0.0821136,0.234043
231.355,418.5,0.250811,0.00958657,-0.0887211,0.234399
232.221,418,0.255277,0.0299889,-0.0954781,0.234842
233.087,417.5,0.257375,0.0521777,-0.100032,0.231328
233.953,417,0.25972,0.0750188,-0.103243,0.226202
234.819,416.5,0.263656,0.0983774,-0.105639,0.220628
235.685,416,0.269254,0.122253,-0.10722,0.214607
236.551,415.5,0.276564,0.146647,-0.107987,0.208137
237.417,415,0.285609,0.171558,-0.107939,0.20122
238.283,414.5,0.293376,0.194094,-0.107032,0.192201
239.149,414,0.298545,0.213113,-0.105511,0.180498
240.015,413.5,0.304519,0.23191,-0.103527,0.168023
240.881,413,0.311313,0.250486,-0.101078,0.154776
241.747,412.5,0.314285,0.264047,-0.0940655,0.142147
242.613,412,0.316253,0.275962,-0.0854083,0.128712
243.479,411.5,0.318134,0.286806,-0.0766475,0.114356
244.345,411,0.317166,0.292337,-0.0702749,0.100972
245.211,410.5,0.31602,0.29706,-0.0641222,0.0866748
246.077,410,0.314769,0.300976,-0.0581894,0.0714655
246.943,409.5,0.313502,0.304084,-0.0524767,0.0553436
247.809,409,0.312324,0.306384,-0.0469839,0.0383091
248.675,408.5,0.311356,0.307877,-0.041711,0.020362
249.541,408,0.311575,0.309064,-0.0388786,0.00681287
250.407,407.5,0.312161,0.309906,-0.036979,-0.00596841
251.273,407,0.308349,0.305853,-0.0349834,-0.0175893
252.139,406.5,0.303707,0.300465,-0.033189,-0.0292718
253.005,406,0.299129,0.294565,-0.0316877,-0.0412916
253.871,405.5,0.294685,0.288153,-0.0304795,-0.0536485
254.737,405,0.292878,0.284009,-0.0316679,-0.0641396
255.603,404.5,0.293642,0.282305,-0.0355683,-0.0725548
256.469,404,0.29465,0.280441,-0.0402726,-0.0809319
257.335,403.5,0.295939,0.278415,-0.045781,-0.0892709
258.201,403,0.29755,0.276228,-0.0520933,-0.0975718
259.067,402.5,0.299529,0.273881,-0.0592097,-0.105835
259.933,402,0.302327,0.272177,-0.0666793,-0.113468
260.799,401.5,0.310344,0.275769,-0.0742302,-0.12147
261.665,401,0.318324,0.278915,-0.0817699,-0.129807
262.531,400.5,0.325906,0.28138,-0.0891315,-0.138187
263.397,400,0.333094,0.283162,-0.0963151,-0.146608
264.263,399.5,0.339894,0.284263,-0.103321,-0.155072
265.13,399,0.346316,0.284683,-0.110148,-0.163579
265.996,398.5,0.350916,0.284429,-0.112088,-0.172275
266.862,398,0.355187,0.284021,-0.113114,-0.180818
267.728,397.5,0.359334,0.283492,-0.11387,-0.189174
268.594,397,0.363346,0.282841,-0.114355,-0.197343
269.46,396.5,0.367215,0.282069,-0.11457,-0.205324
270.326,396,0.375974,0.289336,-0.115442,-0.21051
271.192,395.5,0.382173,0.296331,-0.113229,-0.213128
272.058,395,0.386428,0.303036,-0.109112,-0.21352
272.924,394.5,0.391031,0.31017,-0.105711,-0.213367
273.79,394,0.395976,0.317733,-0.103026,-0.21267
274.656,393.5,0.401262,0.325725,-0.101057,-0.211428
275.522,393,0.406896,0.334146,-0.0998038,-0.209643
276.388,392.5,0.412721,0.342874,-0.0993014,-0.20716
277.254,392,0.4188,0.35171,-0.0992036,-0.204577
278.12,391.5,0.42586,0.361051,-0.0991573,-0.202896
278.986,391,0.433679,0.37072,-0.098793,-0.202198
279.852,390.5,0.435235,0.374468,-0.0863812,-0.204308
280.718,390,0.435656,0.376841,-0.0727634,-0.206138
281.584,389.5,0.435032,0.377838,-0.0579397,-0.207687
282.45,389,0.42967,0.370808,-0.0366971,-0.213941
283.316,388.5,0.423174,0.361275,-0.0156075,-0.219802
284.182,388,0.415794,0.349682,0.00490626,-0.224907
285.048,387.5,0.407542,0.33603,0.0248441,-0.229255
285.914,387,0.398465,0.320317,0.0442059,-0.232845
286.78,386.5,0.388646,0.302544,0.0629919,-0.23568
287.646,386,0.375504,0.279303,0.0789016,-0.238259
288.512,385.5,0.361553,0.255024,0.0909609,-0.239603
289.378,385,0.346267,0.237753,0.0958235,-0.232792
290.244,384.5,0.332705,0.222633,0.0997437,-0.226227
291.11,384,0.320734,0.209663,0.102721,-0.219908
291.976,383.5,0.310225,0.198845,0.104757,-0.213837
292.842,383,0.301176,0.190434,0.105311,-0.20821
293.708,382.5,0.293706,0.184365,0.104218,-0.203498
294.574,382,0.287568,0.179842,0.102986,-0.199364
295.44,381.5,0.28275,0.176866,0.101614,-0.195809
296.306,381,0.279252,0.175436,0.100102,-0.192831
297.172,380.5,0.277083,0.175552,0.0984506,-0.19043
298.038,380,0.275319,0.176659,0.0969007,-0.187624
298.905,379.5,0.269705,0.172056,0.0992571,-0.182442
299.771,379,0.264429,0.167299,0.10145,-0.177881
300.637,378.5,0.259479,0.162419,0.103453,-0.173916
301.503,378,0.254848,0.157415,0.105266,-0.170549
302.369,377.5,0.250532,0.152288,0.106889,-0.167778
303.235,377,0.246533,0.147038,0.108322,-0.165604
304.101,376.5,0.243164,0.136975,0.11154,-0.16711
304.967,376,0.241902,0.125664,0.115357,-0.171516
305.833,375.5,0.242851,0.115577,0.118792,-0.177502
306.699,375,0.245935,0.106713,0.121844,-0.185068
307.565,374.5,0.249704,0.0981835,0.124281,-0.193045
308.431,374,0.249988,0.0869679,0.125463,-0.197964
309.297,373.5,0.24999,0.06989,0.127095,-0.20361
310.163,373,0.251794,0.0439089,0.130106,-0.211056
311.029,372.5,0.258727,0.0201488,0.133024,-0.220994
311.895,372,0.270079,-0.00139043,0.135848,-0.233422
312.761,371.5,0.285143,-0.0207087,0.138578,-0.248342
313.627,371,0.303308,-0.0378061,0.141214,-0.265754
314.493,370.5,0.324578,-0.0534387,0.143071,-0.286402
315.359,370,0.359291,-0.0831527,0.131345,-0.32392
316.225,369.5,0.397599,-0.111827,0.120928,-0.361879
317.091,369,0.438053,-0.139792,0.112114,-0.399724
317.957,368.5,0.479211,-0.167046,0.105051,-0.436696
318.823,368,0.521282,-0.192456,0.0988129,-0.47427
319.689,367.5,0.563906,-0.21602,0.0933983,-0.512447
320.555,367,0.602705,-0.232154,0.0706281,-0.551697
321.421,366.5,0.643062,-0.24666,0.0414588,-0.592426
322.287,366,0.686624,-0.261946,0.0124887,-0.634572
323.153,365.5,0.73309,-0.278012,-0.0162823,-0.678133
324.019,365,0.782203,-0.294858,-0.0448542,-0.72311
324.885,364.5,0.833753,-0.312483,-0.0732269,-0.769504
325.751,364,0.870108,-0.323292,-0.0978825,-0.801866
326.617,363.5,0.884372,-0.322643,-0.116957,-0.815069
327.483,363,0.901678,-0.31796,-0.136006,-0.832723
328.349,362.5,0.923552,-0.312004,-0.158118,-0.854751
329.215,362,0.95022,-0.304775,-0.183294,-0.881155
330.081,361.5,0.981909,-0.296274,-0.211534,-0.911932
330.947,361,1.0153,-0.287318,-0.238754,-0.944078
331.813,360.5,1.02234,-0.285216,-0.232813,-0.953746
332.679,360,1.03378,-0.283467,-0.229662,-0.967261
333.546,359.5,1.04958,-0.28207,-0.229302,-0.984621
334.412,359,1.06975,-0.281025,-0.231732,-1.00583
335.278,358.5,1.09428,-0.280333,-0.236952,-1.03088
336.144,358,1.11885,-0.275334,-0.241062,-1.05731
337.01,357.5,1.09865,-0.258616,-0.225835,-1.04362
337.876,357,1.06114,-0.228666,-0.209118,-1.01489
338.742,356.5,1.01765,-0.185507,-0.195492,-0.981318
339.608,356,0.969512,-0.129138,-0.184957,-0.942904
340.474,355.5,0.918927,-0.0595606,-0.177513,-0.899649
341.34,355,0.86929,0.0232265,-0.17316,-0.851552
342.206,354.5,0.777065,0.101988,-0.124778,-0.760171
343.072,354,0.629623,0.156733,-0.0173364,-0.609556
343.938,353.5,0.492398,0.20029,0.09988,-0.438593
344.804,353,0.408348,0.232659,0.226872,-0.247279
345.67,352.5,0.430635,0.243755,0.34718,-0.0741388
346.536,352,0.498551,0.229783,0.44006,0.0458209
347.402,351.5,0.547466,0.191853,0.499644,0.115183
348.268,351,0.46001,0.0927296,0.450567,0.000192149
349.134,350.5,0.413898,-0.0142581,0.389771,-0.138517
350,350,0.455948,-0.12911,0.317256,-0.300945
350.866,349.5,0.595796,-0.251826,0.233021,-0.487091
351.732,349,0.806703,-0.382407,0.137068,-0.696956
352.598,348.5,1.0668,-0.520851,0.0293954,-0.930539
353.464,348,1.08306,-0.557874,-0.00391405,-0.928324
354.33,347.5,1.00509,-0.561071,0.00374708,-0.833901
355.196,347,0.861873,-0.540501,0.0459181,-0.669758
356.062,346.5,0.686083,-0.497621,0.109584,-0.459429
356.928,346,0.528817,-0.4401,0.185268,-0.227235
357.794,345.5,0.458923,-0.367939,0.272969,0.0268241
358.66,345,0.485139,-0.32267,0.299473,0.203863
359.526,344.5,0.50995,-0.319065,0.263373,0.298129
360.392,344,0.558924,-0.325894,0.227339,0.393072
361.258,343.5,0.627056,-0.343156,0.191369,0.488693
362.124,343,0.709869,-0.370852,0.155465,0.584991
362.99,342.5,0.804147,-0.408981,0.119625,0.681966
363.856,342,0.887234,-0.436429,0.0866673,0.767595
364.722,341.5,0.895963,-0.389882,0.064029,0.80414
365.588,341,0.90761,-0.34359,0.0422222,0.838999
366.454,340.5,0.925711,-0.297938,0.0213855,0.876194
367.321,340,0.950015,-0.252926,0.00151895,0.915726
368.187,339.5,0.980196,-0.208553,-0.0173774,0.957595
369.053,339,1.01588,-0.164821,-0.0353036,1.0018
369.919,338.5,1.01297,-0.134182,-0.0402108,1.00324
370.785,338,1.00511,-0.105413,-0.0440287,0.998594
371.651,337.5,0.996952,-0.0770951,-0.048188,0.992798
372.517,337,0.988484,-0.049228,-0.0526886,0.985851
373.383,336.5,0.979685,-0.0218116,-0.0575306,0.977751
374.249,336,0.969284,0.00777927,-0.062345,0.967245
375.115,335.5,0.9532,0.0393413,-0.0637432,0.950252
375.981,335,0.933488,0.0710341,-0.062779,0.928662
376.847,334.5,0.913506,0.101691,-0.0618754,0.905717
377.713,334,0.893233,0.131312,-0.0610324,0.881418
378.579,333.5,0.872657,0.159897,-0.06025,0.855764
379.445,333,0.851773,0.187447,-0.0595282,0.828756
380.311,332.5,0.833089,0.210504,-0.0580682,0.803961
381.177,332,0.820864,0.223488,-0.0545039,0.787973
382.043,331.5,0.808261,0.236012,-0.0510138,0.771351
382.909,331,0.795278,0.248077,-0.0475978,0.754095
383.775,330.5,0.780231,0.259352,-0.0439163,0.734553
384.641,330,0.764557,0.269916,-0.0401163,0.714202
385.507,329.5,0.748974,0.279881,-0.0363208,0.693765
386.373,329,0.739897,0.286042,-0.033168,0.681562
387.239,328.5,0.731347,0.291703,-0.0301478,0.669977
388.105,328,0.723008,0.297023,-0.0272319,0.658616
388.971,327.5,0.714865,0.302003,-0.0244203,0.64748
389.837,327,0.706907,0.306642,-0.0217129,0.636567
390.703,326.5,0.699123,0.310942,-0.0191098,0.625878
391.569,326,0.690426,0.313287,-0.0170615,0.615019
392.435,325.5,0.6813,0.314498,-0.0153143,0.604174
393.301,325,0.671498,0.31479,-0.0134122,0.59299
394.167,324.5,0.661599,0.314663,-0.0115188,0.581866
395.033,324,0.651831,0.314315,-0.00969031,0.570961
395.899,323.5,0.642189,0.313746,-0.00792686,0.560274
396.765,323,0.632162,0.312648,-0.0064369,0.549399
397.631,322.5,0.621246,0.310728,-0.00540905,0.537926
398.497,322,0.610507,0.308653,-0.00439031,0.526719
399.363,321.5,0.599944,0.306422,-0.00338067,0.515778
400.229,321,0.589552,0.304035,-0.00238015,0.505103
401.095,320.5,0.579327,0.301492,-0.00138873,0.494693
401.962,320,0.56927,0.298794,-0.000412368,0.484551
402.828,319.5,0.558982,0.295419,-3.45216e-06,0.474541
403.694,319,0.548758,0.291835,0.000410631,0.464723
404.56,318.5,0.53872,0.28818,0.000821573,0.45516
405.426,318,0.528866,0.284451,0.00122938,0.445853
406.292,317.5,0.519195,0.28065,0.00163404,0.436802
407.158,317,0.509705,0.276777,0.00203556,0.428007
408.024,316.5,0.500725,0.273206,0.00218952,0.419617
408.89,316,0.492039,0.269733,0.00224378,0.411511
409.756,315.5,0.483499,0.266196,0.00230756,0.403615
410.622,315,0.475101,0.262594,0.00238088,0.395929
411.488,314.5,0.466846,0.258927,0.00246372,0.388453
412.354,314,0.458311,0.254649,0.00254529,0.381046
413.22,313.5,0.450096,0.25056,0.00258397,0.373898
414.086,313,0.442354,0.246886,0.0025561,0.36704
414.952,312.5,0.434739,0.243187,0.00253222,0.360349
415.818,312,0.42725,0.239465,0.00251235,0.353826
416.684,311.5,0.419887,0.235718,0.00249647,0.347471
417.55,311,0.41265,0.231948,0.00248459,0.341283
418.416,310.5,0.405565,0.228195,0.00247603,0.335266
419.282,310,0.398975,0.225014,0.00246035,0.32946
420.148,309.5,0.392486,0.221811,0.002446,0.323789
421.014,309,0.386095,0.218586,0.00243298,0.318251
421.88,308.5,0.379503,0.214943,0.0023967,0.312756
422.746,308,0.373011,0.211288,0.00235871,0.30739
423.612,307.5,0.366627,0.207635,0.00231976,0.302155
424.478,307,0.360598,0.204403,0.00227013,0.29706
425.344,306.5,0.35474,0.201311,0.00221496,0.292077
426.21,306,0.348969,0.198218,0.00215728,0.287201
427.076,305.5,0.343286,0.195125,0.00209709,0.282431
427.942,305,0.337691,0.19203,0.00203439,0.277769
428.808,304.5,0.332183,0.188935,0.00196918,0.273212
429.674,304,0.326865,0.186061,0.00189391,0.268735
430.54,303.5,0.321754,0.183464,0.00180509,0.264317
431.406,303,0.316513,0.180582,0.00170593,0.259938
432.272,302.5,0.31135,0.177714,0.0016031,0.255644
433.138,302,0.306264,0.17486,0.00149661,0.251435
434.004,301.5,0.301257,0.17202,0.00138644,0.247312
434.87,301,0.296353,0.169252,0.00127074,0.243263
435.737,300.5,0.291703,0.166918,0.00113764,0.239223
436.603,300,0.28712,0.164596,0.00100055,0.235255
437.469,299.5,0.282604,0.162286,0.000859455,0.231361
438.335,299,0.278156,0.159987,0.000714364,0.22754
439.201,298.5,0.273775,0.157701,0.000565275,0.223792
440.067,298,0.269445,0.155406,0.000412918,0.220112
440.933,297.5,0.265157,0.153291,0.000261893,0.216357
441.799,297,0.260964,0.151282,0.000107391,0.212641
442.665,296.5,0.256831,0.14929,-5.003e-05,0.208985
443.531,296,0.252759,0.147316,-0.000210369,0.20539
444.397,295.5,0.248747,0.14536,-0.000373627,0.201855
445.263,295,0.244796,0.143421,-0.000539803,0.198381
446.129,294.5,0.240988,0.141709,-0.000706705,0.194919
446.995,294,0.237324,0.14023,-0.000873816,0.191461
447.861,293.5,0.233715,0.138765,-0.00104325,0.188058
448.727,293,0.230161,0.137313,-0.00121502,0.18471
449.593,292.5,0.22664,0.135848,-0.00138207,0.181408
450.459,292,0.223049,0.134249,-0.00151274,0.178117
451.325,291.5,0.219543,0.13274,-0.0016422,0.174862
452.191,291,0.216229,0.131577,-0.00176185,0.171579
453.057,290.5,0.212969,0.13043,-0.00188242,0.168345
453.923,290,0.209763,0.129299,-0.0020039,0.165161
454.789,289.5,0.20661,0.128184,-0.0021263,0.162025
455.655,289,0.203512,0.127086,-0.00224962,0.158937
456.521,288.5,0.200467,0.126003,-0.00237386,0.155899
457.387,288,0.197627,0.125252,-0.00248846,0.152847
458.253,287.5,0.194863,0.124563,-0.00260187,0.14983
459.119,287,0.192126,0.123853,-0.00271161,0.146852
459.985,286.5,0.189346,0.12304,-0.00280695,0.143892
460.851,286,0.186615,0.12224,-0.00290256,0.140976
461.717,285.5,0.183935,0.121451,-0.00299845,0.138104
462.583,285,0.181405,0.120859,-0.00308447,0.135247
463.449,284.5,0.179011,0.120429,-0.0031617,0.132408
464.315,284,0.176668,0.120007,-0.00323837,0.129612
465.181,283.5,0.174376,0.119595,-0.00331447,0.126859
466.047,283,0.172137,0.119191,-0.00338999,0.124149
466.913,282.5,0.169948,0.118795,-0.00346494,0.121483
467.779,282,0.167855,0.118477,-0.00353692,0.118854
468.645,281.5,0.165932,0.118357,-0.00358677,0.116241
469.512,281,0.163989,0.118162,-0.00360144,0.113653
470.378,280.5,0.162093,0.11797,-0.00361449,0.111104
471.244,280,0.160244,0.117781,-0.00362594,0.108593
472.11,279.5,0.158441,0.117595,-0.00363579,0.106121
472.976,279,0.156684,0.117412,-0.00364403,0.103688
473.842,278.5,0.155156,0.117477,-0.00364067,0.101287
474.708,278,0.153688,0.117563,-0.00363423,0.0989232
475.574,277.5,0.152267,0.117647,-0.00362557,0.0965973
476.44,277,0.150889,0.11773,-0.0036147,0.0943091
477.306,276.5,0.149556,0.11781,-0.00360163,0.0920588
478.172,276,0.148246,0.11786,-0.00359097,0.0898508
479.038,275.5,0.14706,0.117992,-0.00358061,0.0877019
