x,v,vx,vy,vz
220.096,425,0.198062,0.197758,0.000609882,-0.0109623
220.962,424.5,0.197833,0.197517,0.000628547,-0.011169
221.828,424,0.197581,0.197252,0.000649264,-0.01138
222.694,423.5,0.197304,0.196962,0.000674733,-0.0115933
223.56,423,0.197034,0.196678,0.000701351,-0.0118101
224.426,422.5,0.196764,0.196394,0.000728284,-0.0120319
225.292,422,0.196495,0.196111,0.000755533,-0.0122585
226.158,421.5,0.196227,0.195828,0.000783098,-0.0124901
227.024,421,0.195954,0.195539,0.000811485,-0.0127265
227.89,420.5,0.195614,0.195181,0.000845882,-0.0129688
228.756,420,0.195273,0.194824,0.000880691,-0.0132167
229.622,419.5,0.194933,0.194465,0.000915911,-0.0134704
230.488,419,0.194594,0.194106,0.000951542,-0.0137298
231.355,418.5,0.194255,0.193747,0.000987585,-0.0139948
232.221,418,0.19393,0.193402,0.00102034,-0.014269
233.087,417.5,0.193542,0.192992,0.00105855,-0.0145491
233.953,417,0.193133,0.19256,0.00109903,-0.014836
234.819,416.5,0.192725,0.192127,0.00113979,-0.0151305
235.685,416,0.192318,0.191694,0.00118082,-0.0154326
236.551,415.5,0.191912,0.191261,0.00122211,-0.0157422
237.417,415,0.191506,0.190827,0.00126367,-0.0160593
238.283,414.5,0.191047,0.190339,0.00131041,-0.0163834
239.149,414,0.190522,0.189783,0.00136349,-0.0167153
240.015,413.5,0.189997,0.189225,0.00141701,-0.0170561
240.881,413,0.189472,0.188665,0.00147097,-0.0174058
241.747,412.5,0.188971,0.188129,0.00152998,-0.0177594
242.613,412,0.188479,0.187599,0.00159098,-0.0181208
243.479,411.5,0.187968,0.187049,0.00165486,-0.01849
244.345,411,0.187332,0.186372,0.00173298,-0.018861
245.211,410.5,0.186697,0.185694,0.0018122,-0.0192429
246.077,410,0.186062,0.185013,0.0018925,-0.0196357
246.943,409.5,0.185427,0.18433,0.0019739,-0.0200395
247.809,409,0.184793,0.183646,0.00205638,-0.0204541
248.675,408.5,0.184159,0.182959,0.00213996,-0.0208796
249.541,408,0.18336,0.182104,0.00224012,-0.0213118
250.407,407.5,0.182525,0.181208,0.00234497,-0.0217559
251.273,407,0.181726,0.180346,0.00244165,-0.0222224
252.139,406.5,0.180937,0.179488,0.00253751,-0.0227057
253.005,406,0.180148,0.178628,0.00263428,-0.0232042
253.871,405.5,0.179362,0.177766,0.00273196,-0.0237178
254.737,405,0.178456,0.17678,0.0028449,-0.0242325
255.603,404.5,0.177433,0.175673,0.00297305,-0.0247507
256.469,404,0.176409,0.17456,0.00310266,-0.0252869
257.335,403.5,0.175387,0.173443,0.00323373,-0.025841
258.201,403,0.174365,0.17232,0.00336627,-0.026413
259.067,402.5,0.173344,0.171192,0.00350026,-0.027003
259.933,402,0.172256,0.16999,0.00364202,-0.0276086
260.799,401.5,0.170941,0.168551,0.00382144,-0.0282236
261.665,401,0.169633,0.167111,0.00400415,-0.0288631
262.531,400.5,0.168326,0.165663,0.00418918,-0.0295276
263.397,400,0.167021,0.164207,0.00437651,-0.030217
264.263,399.5,0.165719,0.162743,0.00456616,-0.0309313
265.13,399,0.16442,0.161271,0.00475811,-0.0316706
265.996,398.5,0.162773,0.159444,0.00499799,-0.0323698
266.862,398,0.16108,0.157557,0.00524753,-0.0330896
267.728,397.5,0.159387,0.155657,0.0055005,-0.033839
268.594,397,0.157698,0.153744,0.00575692,-0.0346183
269.46,396.5,0.156013,0.151818,0.00601677,-0.0354272
270.326,396,0.154466,0.150011,0.00626021,-0.0362928
271.192,395.5,0.15257,0.147823,0.00653435,-0.0371913
272.058,395,0.150399,0.145324,0.00683398,-0.0381318
272.924,394.5,0.148239,0.142806,0.00713727,-0.039119
273.79,394,0.146091,0.140268,0.00744422,-0.040153
274.656,393.5,0.14396,0.13771,0.00775484,-0.0412338
275.522,393,0.141847,0.135134,0.00806911,-0.0423613
276.388,392.5,0.139589,0.132375,0.00841072,-0.043486
277.254,392,0.136848,0.129105,0.00882869,-0.0445138
278.12,391.5,0.134135,0.125808,0.00925266,-0.045598
278.986,391,0.131461,0.12249,0.00968273,-0.0467397
279.852,390.5,0.129025,0.119345,0.0101211,-0.047976
280.718,390,0.126652,0.116192,0.010564,-0.0492825
281.584,389.5,0.124352,0.11303,0.0110115,-0.0506593
282.45,389,0.120996,0.108562,0.0115276,-0.0521674
283.316,388.5,0.117663,0.103959,0.0120528,-0.053776
284.182,388,0.114452,0.0993108,0.0125825,-0.0554818
285.048,387.5,0.111382,0.094617,0.0131167,-0.0572846
285.914,387,0.108477,0.0898778,0.0136555,-0.0591846
286.78,386.5,0.105762,0.085093,0.0141988,-0.0611816
287.646,386,0.102556,0.0795734,0.0148527,-0.0629691
288.512,385.5,0.0992404,0.0736222,0.0155756,-0.0646981
289.378,385,0.0966748,0.0680965,0.0162734,-0.0666638
290.244,384.5,0.0945302,0.0625681,0.0169772,-0.0687965
291.11,384,0.0928479,0.057037,0.017687,-0.0710962
291.976,383.5,0.0916666,0.0515033,0.0184029,-0.0735629
292.842,383,0.0906576,0.0450438,0.0191428,-0.0763113
293.708,382.5,0.0897232,0.0364193,0.0199288,-0.0795407
294.574,382,0.0899368,0.0277007,0.0207194,-0.0830181
295.44,381.5,0.0913459,0.018888,0.0215144,-0.0867435
296.306,381,0.0939526,0.00998131,0.022314,-0.0907169
297.172,380.5,0.0977174,0.000980514,0.0231181,-0.0949383
298.038,380,0.102561,-0.00793009,0.0239154,-0.099418
298.905,379.5,0.107855,-0.0181061,0.024896,-0.103368
299.771,379,0.114384,-0.0282001,0.025876,-0.107791
300.637,378.5,0.121983,-0.0381897,0.0268532,-0.112696
301.503,378,0.130495,-0.0480749,0.0278275,-0.118082
302.369,377.5,0.139787,-0.0578558,0.0287989,-0.123951
303.235,377,0.14975,-0.0675324,0.0297675,-0.130301
304.101,376.5,0.163539,-0.0817731,0.0306796,-0.138263
304.967,376,0.180011,-0.0982524,0.0315569,-0.147494
305.833,375.5,0.197544,-0.114747,0.0324239,-0.157497
306.699,375,0.215991,-0.131258,0.0332807,-0.168273
307.565,374.5,0.234679,-0.147052,0.034118,-0.179683
308.431,374,0.251811,-0.159926,0.034923,-0.191345
309.297,373.5,0.271018,-0.174723,0.0356517,-0.204087
310.163,373,0.293901,-0.193074,0.0362486,-0.218601
311.029,372.5,0.317282,-0.210559,0.0368679,-0.234464
311.895,372,0.341113,-0.227179,0.0375095,-0.251676
312.761,371.5,0.365379,-0.242933,0.0381736,-0.270237
313.627,371,0.390086,-0.257821,0.0388601,-0.290147
314.493,370.5,0.416365,-0.272239,0.0396507,-0.312528
315.359,370,0.46658,-0.293494,0.0424121,-0.360221
316.225,369.5,0.518234,-0.312878,0.045681,-0.410593
317.091,369,0.568017,-0.328586,0.0489706,-0.460735
317.957,368.5,0.608706,-0.337646,0.0510244,-0.503899
318.823,368,0.648028,-0.344582,0.0528056,-0.546274
319.689,367.5,0.686005,-0.349394,0.0543143,-0.587857
320.555,367,0.727433,-0.360532,0.0542855,-0.629467
321.421,366.5,0.769916,-0.365825,0.0534753,-0.67534
322.287,366,0.812458,-0.361106,0.0523419,-0.725913
323.153,365.5,0.856049,-0.346377,0.050885,-0.781188
324.019,365,0.901896,-0.321637,0.0491049,-0.841163
324.885,364.5,0.951344,-0.286886,0.0470014,-0.905839
325.751,364,0.950448,-0.266957,0.0304646,-0.911679
326.617,363.5,0.878777,-0.278252,-0.00581151,-0.833541
327.483,363,0.806828,-0.285997,-0.0403115,-0.753361
328.349,362.5,0.748185,-0.27856,-0.0732839,-0.690518
329.215,362,0.701793,-0.255939,-0.104729,-0.645013
330.081,361.5,0.66799,-0.218135,-0.134647,-0.616845
330.947,361,0.631171,-0.171518,-0.167534,-0.583859
331.813,360.5,0.479751,-0.168295,-0.23527,-0.382735
332.679,360,0.397891,-0.154073,-0.295387,-0.217543
333.546,359.5,0.381343,-0.128852,-0.347887,-0.0882844
334.412,359,0.403577,-0.0926335,-0.392769,0.00504141
335.278,358.5,0.436909,-0.045416,-0.430034,0.0624344
336.144,358,0.475423,-0.0021172,-0.459846,0.120684
337.01,357.5,0.591952,-0.0186275,-0.500118,0.316137
337.876,357,0.740948,-0.0271009,-0.535115,0.511782
338.742,356.5,0.878402,-0.0126779,-0.559873,0.676737
339.608,356,0.994109,0.0246415,-0.57439,0.811001
340.474,355.5,1.08559,0.0848574,-0.578667,0.914574
341.34,355,1.15381,0.16797,-0.572703,0.987457
342.206,354.5,1.14474,0.239547,-0.537199,0.98207
343.072,354,1.08166,0.262705,-0.47947,0.933313
343.938,353.5,1.03736,0.264167,-0.424533,0.908904
344.804,353,1.01201,0.243933,-0.372388,0.908843
345.67,352.5,1.0043,0.17146,-0.312502,0.938916
346.536,352,0.986424,0.0695341,-0.231904,0.956252
347.402,351.5,0.909189,0.00180995,-0.121119,0.901084
348.268,351,0.664104,0.0336972,0.0724211,0.659283
349.134,350.5,0.527068,0.0481077,0.240114,0.466724
350,350,0.502507,0.0450416,0.381959,0.323406
350.866,349.5,0.548774,0.0244988,0.497956,0.22933
351.732,349,0.616515,-0.0135206,0.588106,0.184495
352.598,348.5,0.682704,-0.0690167,0.652409,0.188902
353.464,348,0.641884,-0.0583332,0.550536,0.324843
354.33,347.5,0.624818,-0.0153902,0.412571,0.468984
355.196,347,0.654354,0.051353,0.250638,0.602265
356.062,346.5,0.732954,0.12076,0.0902371,0.717283
356.928,346,0.832528,0.18276,-0.0477462,0.810816
357.794,345.5,0.928683,0.237353,-0.163312,0.882861
358.66,345,0.95668,0.266911,-0.197667,0.897175
359.526,344.5,0.932529,0.275235,-0.175755,0.873479
360.392,344,0.90718,0.278692,-0.155963,0.849107
361.258,343.5,0.880388,0.277282,-0.138288,0.82406
362.124,343,0.851968,0.271006,-0.122732,0.798337
362.99,342.5,0.821805,0.259864,-0.109294,0.771938
363.856,342,0.790459,0.245677,-0.0997037,0.744666
364.722,341.5,0.766612,0.233622,-0.0893809,0.724656
365.588,341,0.747882,0.220288,-0.0755478,0.7107
366.454,340.5,0.73105,0.207572,-0.0636875,0.698063
367.321,340,0.716047,0.195475,-0.0538001,0.686744
368.187,339.5,0.702812,0.183998,-0.0458855,0.676745
369.053,339,0.691291,0.173139,-0.0399438,0.668065
369.919,338.5,0.676039,0.164502,-0.0356739,0.654749
370.785,338,0.661101,0.156199,-0.0321475,0.641578
371.651,337.5,0.647043,0.148022,-0.0293346,0.629201
372.517,337,0.633864,0.139971,-0.0272352,0.617616
373.383,336.5,0.621563,0.132047,-0.0258493,0.606824
374.249,336,0.610445,0.124926,-0.0255345,0.596979
375.115,335.5,0.597619,0.118466,-0.0252186,0.585217
375.981,335,0.583676,0.112193,-0.024768,0.572256
376.847,334.5,0.570041,0.105731,-0.0243411,0.559621
377.713,334,0.556723,0.0990771,-0.023938,0.547313
378.579,333.5,0.543728,0.0922332,-0.0235585,0.53533
379.445,333,0.531066,0.0851987,-0.0232028,0.523674
380.311,332.5,0.518923,0.078601,-0.0227298,0.512431
381.177,332,0.507518,0.0735616,-0.0219399,0.50168
382.043,331.5,0.49633,0.0683975,-0.021242,0.491135
382.909,331,0.485362,0.0631089,-0.0206362,0.480799
383.775,330.5,0.474877,0.0570818,-0.0201032,0.471005
384.641,330,0.464751,0.0508447,-0.0196349,0.461544
385.507,329.5,0.454893,0.044663,-0.0192352,0.452286
386.373,329,0.444617,0.0387903,-0.0186317,0.442529
387.239,328.5,0.434501,0.0330213,-0.0180906,0.432867
388.105,328,0.424579,0.0273446,-0.0176251,0.423331
388.971,327.5,0.414851,0.02176,-0.0172352,0.413921
389.837,327,0.405318,0.0162677,-0.0169209,0.404637
390.703,326.5,0.395981,0.0108676,-0.0166823,0.39548
391.569,326,0.386712,0.00616556,-0.0165212,0.38631
392.435,325.5,0.377544,0.0019523,-0.0164132,0.377182
393.301,325,0.368881,-0.00196175,-0.0162478,0.368518
394.167,324.5,0.360396,-0.00575291,-0.016089,0.359991
395.033,324,0.351987,-0.00946968,-0.0159647,0.351497
395.899,323.5,0.343652,-0.0131121,-0.0158751,0.343035
396.765,323,0.335067,-0.0165951,-0.0158282,0.334281
397.631,322.5,0.325897,-0.0198055,-0.01582,0.32491
398.497,322,0.316831,-0.0229092,-0.0158269,0.315606
399.363,321.5,0.30787,-0.0259062,-0.0158488,0.306369
400.229,321,0.299013,-0.0287965,-0.0158858,0.297199
401.095,320.5,0.290261,-0.0315802,-0.0159377,0.288097
401.962,320,0.281605,-0.0342476,-0.0160053,0.279056
402.828,319.5,0.272859,-0.0358335,-0.0160319,0.27002
403.694,319,0.264288,-0.0373001,-0.0160334,0.261151
404.56,318.5,0.255789,-0.0386435,-0.0160309,0.252345
405.426,318,0.247361,-0.0398637,-0.0160244,0.243601
406.292,317.5,0.239002,-0.0409607,-0.0160138,0.234921
407.158,317,0.230711,-0.0419346,-0.0159992,0.226303
408.024,316.5,0.221862,-0.0421973,-0.0159769,0.217226
408.89,316,0.21282,-0.0420901,-0.0159394,0.208007
409.756,315.5,0.20386,-0.041873,-0.0158865,0.19888
410.622,315,0.194982,-0.0415461,-0.0158182,0.189846
411.488,314.5,0.186183,-0.0411094,-0.0157344,0.180905
412.354,314,0.178268,-0.0408792,-0.0156777,0.172808
413.22,313.5,0.170269,-0.0401698,-0.0156112,0.164724
414.086,313,0.161943,-0.038707,-0.0155253,0.156481
414.952,312.5,0.153733,-0.0371757,-0.0154215,0.148371
415.818,312,0.145637,-0.0355758,-0.0152997,0.140394
416.684,311.5,0.137655,-0.0339074,-0.01516,0.13255
417.55,311,0.129787,-0.0321704,-0.0150024,0.124839
418.416,310.5,0.121998,-0.030296,-0.014823,0.117243
419.282,310,0.113838,-0.0273871,-0.0145696,0.10953
420.148,309.5,0.105829,-0.0244417,-0.0142969,0.101971
421.014,309,0.0979747,-0.0214598,-0.0140051,0.0945641
421.88,308.5,0.0906346,-0.018788,-0.0137557,0.0875924
422.746,308,0.0834564,-0.0161136,-0.0134998,0.0807655
423.612,307.5,0.0764358,-0.013426,-0.0132353,0.0740743
424.478,307,0.0694788,-0.0100285,-0.0129116,0.0675279
425.344,306.5,0.0627355,-0.00641328,-0.0125646,0.0611289
426.21,306,0.0562881,-0.00281577,-0.0122115,0.0548753
427.076,305.5,0.0501925,0.000764089,-0.0118524,0.0487671
427.942,305,0.0445296,0.00432629,-0.0114871,0.0428043
428.808,304.5,0.0394151,0.00787083,-0.0111158,0.036987
429.674,304,0.0351956,0.011738,-0.0107105,0.0314044
430.54,303.5,0.0322882,0.0159949,-0.0102682,0.0261008
431.406,303,0.0307795,0.0198483,-0.0099254,0.0213286
432.272,302.5,0.030491,0.0236586,-0.00958103,0.0166787
433.138,302,0.0313864,0.0274257,-0.00923509,0.012151
434.004,301.5,0.033306,0.0311498,-0.00888756,0.00774549
434.87,301,0.0361002,0.034902,-0.0085317,0.00350486
435.737,300.5,0.0399524,0.0391158,-0.00812718,-0.000308873
436.603,300,0.0441292,0.0432626,-0.00772456,-0.00400842
437.469,299.5,0.0485037,0.0473424,-0.00732385,-0.00759378
438.335,299,0.0529882,0.0513552,-0.00692504,-0.0110649
439.201,298.5,0.0575223,0.055301,-0.00652813,-0.0144219
440.067,298,0.0620411,0.0591564,-0.00614096,-0.0176608
440.933,297.5,0.0665228,0.0630488,-0.00580691,-0.0204063
441.799,297,0.0709917,0.0669464,-0.00547293,-0.0229794
442.665,296.5,0.0753874,0.0707695,-0.00514547,-0.025465
443.531,296,0.0797031,0.0745181,-0.00482452,-0.0278633
444.397,295.5,0.0839335,0.0781921,-0.00451008,-0.0301741
445.263,295,0.0880746,0.0817917,-0.00420215,-0.0323976
446.129,294.5,0.092149,0.0854348,-0.00389078,-0.0343102
446.995,294,0.0961509,0.0891191,-0.00357698,-0.0359163
447.861,293.5,0.100052,0.0927202,-0.0032715,-0.0374511
448.727,293,0.103851,0.096238,-0.00297433,-0.0389147
449.593,292.5,0.10752,0.0996398,-0.00269462,-0.0403144
450.459,292,0.110951,0.102791,-0.0024708,-0.0416914
451.325,291.5,0.114289,0.105894,-0.0022513,-0.0429341
452.191,291,0.1175,0.109027,-0.00203333,-0.0437645
453.057,290.5,0.120632,0.112087,-0.00182134,-0.0445537
453.923,290,0.123683,0.115077,-0.00161531,-0.0453018
454.789,289.5,0.126655,0.117994,-0.00141525,-0.0460088
455.655,289,0.129546,0.12084,-0.00122116,-0.0466746
456.521,288.5,0.132358,0.123614,-0.00103304,-0.0472993
457.387,288,0.134988,0.126333,-0.000851434,-0.0475501
458.253,287.5,0.13753,0.128984,-0.000676432,-0.0477202
459.119,287,0.140005,0.131558,-0.00051662,-0.0478916
459.985,286.5,0.142429,0.134046,-0.000393225,-0.0481386
460.851,286,0.144792,0.136475,-0.000274813,-0.0483644
461.717,285.5,0.147095,0.138845,-0.000161383,-0.0485688
462.583,285,0.149261,0.141137,-5.78945e-05,-0.0485697
463.449,284.5,0.15131,0.143357,3.68397e-05,-0.0484075
464.315,284,0.153308,0.145522,0.00012702,-0.0482356
465.181,283.5,0.155256,0.147632,0.000212646,-0.0480542
466.047,283,0.157152,0.149686,0.000293719,-0.0478632
466.913,282.5,0.158998,0.151685,0.000370238,-0.0476626
467.779,282,0.160757,0.153612,0.000440313,-0.0473904
468.645,281.5,0.162354,0.155417,0.000498921,-0.0469484
469.512,281,0.163907,0.157141,0.000551486,-0.0466046
470.378,280.5,0.165426,0.158825,0.000601766,-0.04626
471.244,280,0.166909,0.160468,0.00064976,-0.0459147
472.11,279.5,0.168357,0.162071,0.000695468,-0.0455686
472.976,279,0.169769,0.163634,0.00073889,-0.0452219
473.842,278.5,0.171021,0.16508,0.00077231,-0.0446802
474.708,278,0.172234,0.166483,0.000803317,-0.044127
475.574,277.5,0.173418,0.167851,0.000832628,-0.04358
476.44,277,0.174575,0.169184,0.000860242,-0.0430392
477.306,276.5,0.175702,0.170481,0.00088616,-0.0425046
478.172,276,0.176828,0.171762,0.00090748,-0.0420145
479.038,275.5,0.177902,0.172991,0.000917487,-0.0415041
