x,v,vx,vy,vz
220.096,425,0.208207,0.208207,-6.15213e-06,-0.000228909
220.962,424.5,0.20821,0.20821,-6.30899e-06,-0.0002336
221.828,424,0.208212,0.208212,-6.46593e-06,-0.000238515
222.694,423.5,0.208214,0.208214,-6.61912e-06,-0.000243651
223.56,423,0.208217,0.208217,-6.7741e-06,-0.00024882
224.426,422.5,0.208219,0.208219,-6.93221e-06,-0.000254071
225.292,422,0.208222,0.208222,-7.09343e-06,-0.000259403
226.158,421.5,0.208225,0.208224,-7.25778e-06,-0.000264817
227.024,421,0.208227,0.208227,-7.42537e-06,-0.000270353
227.89,420.5,0.20823,0.20823,-7.59677e-06,-0.000276431
228.756,420,0.208233,0.208233,-7.77028e-06,-0.000282608
229.622,419.5,0.208236,0.208235,-7.94591e-06,-0.000288885
230.488,419,0.208239,0.208238,-8.12364e-06,-0.000295262
231.355,418.5,0.208242,0.208241,-8.30348e-06,-0.000301739
232.221,418,0.208245,0.208245,-8.49654e-06,-0.00030824
233.087,417.5,0.208248,0.208248,-8.69111e-06,-0.000315272
233.953,417,0.208251,0.208251,-8.88685e-06,-0.000322565
234.819,416.5,0.208255,0.208255,-9.0857e-06,-0.00032998
235.685,416,0.208258,0.208258,-9.28764e-06,-0.000337519
236.551,415.5,0.208262,0.208262,-9.49267e-06,-0.000345181
237.417,415,0.208266,0.208266,-9.7008e-06,-0.000352966
238.283,414.5,0.20827,0.208269,-9.90881e-06,-0.000361199
239.149,414,0.208273,0.208273,-1.01175e-05,-0.000369968
240.015,413.5,0.208277,0.208277,-1.03312e-05,-0.000378888
240.881,413,0.208281,0.20828,-1.055e-05,-0.000387959
241.747,412.5,0.208285,0.208285,-1.07677e-05,-0.000396936
242.613,412,0.20829,0.208289,-1.09859e-05,-0.000406
243.479,411.5,0.208294,0.208294,-1.12037e-05,-0.000415345
244.345,411,0.208298,0.208298,-1.14128e-05,-0.000425656
245.211,410.5,0.208303,0.208302,-1.16278e-05,-0.000436173
246.077,410,0.208307,0.208307,-1.18485e-05,-0.000446897
246.943,409.5,0.208312,0.208311,-1.20749e-05,-0.000457826
247.809,409,0.208317,0.208316,-1.23071e-05,-0.000468962
248.675,408.5,0.208322,0.208321,-1.2545e-05,-0.000480304
249.541,408,0.208326,0.208326,-1.27659e-05,-0.00049274
250.407,407.5,0.208331,0.20833,-1.29848e-05,-0.000505621
251.273,407,0.208336,0.208336,-1.32403e-05,-0.000518423
252.139,406.5,0.208342,0.208342,-1.35124e-05,-0.000531386
253.005,406,0.208349,0.208348,-1.37954e-05,-0.000544572
253.871,405.5,0.208355,0.208355,-1.40892e-05,-0.00055798
254.737,405,0.208362,0.208361,-1.44041e-05,-0.000572402
255.603,404.5,0.208367,0.208367,-1.47388e-05,-0.000587859
256.469,404,0.208374,0.208373,-1.50833e-05,-0.000603605
257.335,403.5,0.20838,0.208379,-1.54378e-05,-0.00061964
258.201,403,0.208387,0.208386,-1.58021e-05,-0.000635962
259.067,402.5,0.208394,0.208393,-1.61763e-05,-0.000652573
259.933,402,0.208401,0.2084,-1.65591e-05,-0.000669748
260.799,401.5,0.208408,0.208407,-1.69025e-05,-0.000688251
261.665,401,0.208415,0.208414,-1.7245e-05,-0.000707224
262.531,400.5,0.208423,0.208421,-1.75908e-05,-0.000726688
263.397,400,0.20843,0.208429,-1.794e-05,-0.000746644
264.263,399.5,0.208439,0.208437,-1.82926e-05,-0.00076709
265.13,399,0.208447,0.208446,-1.86485e-05,-0.000788028
265.996,398.5,0.208453,0.208452,-1.91433e-05,-0.000812228
266.862,398,0.208459,0.208458,-1.96743e-05,-0.000837507
267.728,397.5,0.208466,0.208464,-2.02238e-05,-0.000863496
268.594,397,0.208472,0.20847,-2.07918e-05,-0.000890195
269.46,396.5,0.208479,0.208477,-2.13783e-05,-0.000917605
270.326,396,0.208491,0.208489,-2.22032e-05,-0.000943131
271.192,395.5,0.208504,0.208502,-2.30593e-05,-0.000970286
272.058,395,0.208517,0.208515,-2.39573e-05,-0.000998942
272.924,394.5,0.208532,0.208529,-2.4913e-05,-0.00102815
273.79,394,0.208547,0.208544,-2.59264e-05,-0.00105791
274.656,393.5,0.208563,0.208561,-2.69976e-05,-0.00108822
275.522,393,0.208581,0.208578,-2.81264e-05,-0.00111908
276.388,392.5,0.208598,0.208595,-2.94102e-05,-0.0011522
277.254,392,0.208611,0.208608,-3.10574e-05,-0.0011912
278.12,391.5,0.208626,0.208622,-3.27832e-05,-0.00123107
278.986,391,0.208641,0.208637,-3.45741e-05,-0.00127188
279.852,390.5,0.208654,0.208649,-3.60106e-05,-0.00131626
280.718,390,0.208667,0.208662,-3.74857e-05,-0.0013621
281.584,389.5,0.208681,0.208676,-3.89997e-05,-0.0014094
282.45,389,0.208694,0.208689,-4.00052e-05,-0.00146133
283.316,388.5,0.208709,0.208704,-4.09489e-05,-0.0015154
284.182,388,0.208725,0.208719,-4.18671e-05,-0.00157139
285.048,387.5,0.208742,0.208735,-4.27597e-05,-0.0016293
285.914,387,0.208759,0.208752,-4.36267e-05,-0.00168914
286.78,386.5,0.208778,0.208771,-4.44681e-05,-0.00175091
287.646,386,0.20879,0.208782,-4.53546e-05,-0.00182423
288.512,385.5,0.2088,0.208792,-4.63755e-05,-0.00190503
289.378,385,0.208833,0.208824,-4.85892e-05,-0.00197778
290.244,384.5,0.208868,0.208858,-5.08887e-05,-0.00205241
291.11,384,0.208906,0.208895,-5.32742e-05,-0.00212892
291.976,383.5,0.208947,0.208936,-5.57455e-05,-0.00220731
292.842,383,0.208987,0.208975,-5.76646e-05,-0.00229037
293.708,382.5,0.209022,0.209008,-5.81838e-05,-0.00238252
294.574,382,0.20906,0.209045,-5.87394e-05,-0.00247785
295.44,381.5,0.2091,0.209084,-5.93312e-05,-0.00257639
296.306,381,0.209143,0.209126,-5.99593e-05,-0.00267811
297.172,380.5,0.209189,0.20917,-6.06236e-05,-0.00278304
298.038,380,0.209236,0.209216,-6.08598e-05,-0.0028914
298.905,379.5,0.209266,0.209244,-5.77648e-05,-0.00302407
299.771,379,0.209305,0.209281,-5.43953e-05,-0.00316133
300.637,378.5,0.209352,0.209326,-5.07581e-05,-0.003303
301.503,378,0.209407,0.209379,-4.68531e-05,-0.00344908
302.369,377.5,0.209471,0.20944,-4.26803e-05,-0.00359957
303.235,377,0.209543,0.209509,-3.82397e-05,-0.00375446
304.101,376.5,0.209556,0.209519,-3.40092e-05,-0.003948
304.967,376,0.209538,0.209497,-2.98865e-05,-0.00416417
305.833,375.5,0.209521,0.209475,-2.56702e-05,-0.00438686
306.699,375,0.209505,0.209454,-2.13604e-05,-0.00461607
307.565,374.5,0.209497,0.209441,-1.81549e-05,-0.00485221
308.431,374,0.20952,0.209458,-1.93176e-05,-0.00510151
309.297,373.5,0.209603,0.209534,-1.76986e-05,-0.00534909
310.163,373,0.209792,0.209718,-1.15942e-05,-0.00557756
311.029,372.5,0.209988,0.209907,-6.58482e-06,-0.00581459
311.895,372,0.21019,0.210103,-2.67042e-06,-0.00606016
312.761,371.5,0.2104,0.210305,1.48959e-07,-0.00631428
313.627,371,0.210615,0.210513,1.87333e-06,-0.00657695
314.493,370.5,0.210813,0.210701,4.52621e-06,-0.00686904
315.359,370,0.210492,0.210354,5.15913e-05,-0.00763356
316.225,369.5,0.210162,0.209991,0.000104325,-0.00846629
317.091,369,0.209888,0.209681,0.000168586,-0.00931335
317.957,368.5,0.209764,0.209523,0.000258168,-0.0100407
318.823,368,0.209612,0.209336,0.000360721,-0.0107578
319.689,367.5,0.209434,0.209119,0.000476244,-0.0114647
320.555,367,0.209933,0.209605,0.000597176,-0.0117079
321.421,366.5,0.21089,0.210557,0.00072864,-0.0118247
322.287,366,0.212082,0.211741,0.000873467,-0.0119895
323.153,365.5,0.21351,0.213158,0.00103166,-0.0122023
324.019,365,0.215173,0.214808,0.00120321,-0.0124631
324.885,364.5,0.217071,0.21669,0.00138813,-0.012772
325.751,364,0.217537,0.217096,0.0019819,-0.0137132
326.617,363.5,0.215296,0.214707,0.00319699,-0.0155787
327.483,363,0.212472,0.211657,0.00451145,-0.01803
328.349,362.5,0.209724,0.208584,0.00597884,-0.0210058
329.215,362,0.207082,0.205487,0.00759916,-0.024506
330.081,361.5,0.204582,0.202366,0.00937241,-0.0285307
330.947,361,0.202415,0.199469,0.0110567,-0.0325846
331.813,360.5,0.201506,0.198626,0.0105119,-0.032278
332.679,360,0.200318,0.197578,0.00967423,-0.0315704
333.546,359.5,0.198858,0.196325,0.0085438,-0.0304618
334.412,359,0.197135,0.194868,0.00712058,-0.0289523
335.278,358.5,0.195163,0.193205,0.00540458,-0.0270417
336.144,358,0.196794,0.195036,0.00456916,-0.0258498
337.01,357.5,0.198133,0.19309,0.0184458,-0.0404072
337.876,357,0.197448,0.184798,0.0412073,-0.0560118
338.742,356.5,0.198314,0.17241,0.0699589,-0.0686235
339.608,356,0.203463,0.155926,0.104701,-0.0782422
340.474,355.5,0.216037,0.135346,0.145432,-0.0848679
341.34,355,0.238755,0.110671,0.192154,-0.0885007
342.206,354.5,0.247325,0.0827682,0.216897,-0.0852924
343.072,354,0.232916,0.0534874,0.211722,-0.0810123
343.938,353.5,0.223148,0.0224846,0.206237,-0.0821936
344.804,353,0.219485,-0.0102402,0.200441,-0.0888362
345.67,352.5,0.218511,-0.0380862,0.192979,-0.0951591
346.536,352,0.224225,-0.0616389,0.191943,-0.0981595
347.402,351.5,0.224411,-0.0766968,0.186606,-0.0982652
348.268,351,0.134595,-0.0307763,0.105656,-0.0774944
349.134,350.5,0.0740191,0.0102357,0.0271978,-0.068076
350,350,0.0970933,0.0463391,-0.0487689,-0.0700099
350.866,349.5,0.167013,0.0775339,-0.122244,-0.0832962
351.732,349,0.244469,0.10382,-0.193227,-0.107935
352.598,348.5,0.323861,0.125198,-0.261718,-0.143926
353.464,348,0.344363,0.146201,-0.25643,-0.177355
354.33,347.5,0.366829,0.16897,-0.249323,-0.209406
355.196,347,0.383699,0.192728,-0.247327,-0.221157
356.062,346.5,0.387687,0.212614,-0.24047,-0.217419
356.928,346,0.390881,0.227505,-0.232114,-0.217147
357.794,345.5,0.392821,0.237402,-0.222259,-0.220339
358.66,345,0.37067,0.234753,-0.188011,-0.216655
359.526,344.5,0.334119,0.225235,-0.138707,-0.20412
360.392,344,0.305016,0.217112,-0.0969645,-0.191036
361.258,343.5,0.282269,0.210385,-0.0627834,-0.177404
362.124,343,0.264569,0.205053,-0.0361637,-0.163225
362.99,342.5,0.250582,0.201116,-0.0171054,-0.148497
363.856,342,0.237829,0.196394,-0.00496624,-0.134042
364.722,341.5,0.228611,0.194922,-0.000763161,-0.119448
365.588,341,0.22541,0.200007,-0.00098874,-0.103951
366.454,340.5,0.223616,0.20471,-0.00114898,-0.0899815
367.321,340,0.222953,0.209031,-0.00124389,-0.0775393
368.187,339.5,0.223152,0.21297,-0.00127346,-0.0666245
369.053,339,0.223969,0.216528,-0.00123769,-0.057237
369.919,338.5,0.224257,0.218505,-0.00123326,-0.0504489
370.785,338,0.224651,0.220208,-0.00118143,-0.0444422
371.651,337.5,0.225201,0.221787,-0.00107164,-0.0390492
372.517,337,0.225858,0.223241,-0.000903882,-0.0342698
373.383,336.5,0.22658,0.22457,-0.000678158,-0.0301041
374.249,336,0.226558,0.224891,-0.000192307,-0.0274297
375.115,335.5,0.225185,0.22371,0.000192112,-0.0257274
375.981,335,0.223244,0.221914,0.000429666,-0.0243319
376.847,334.5,0.221481,0.220285,0.000640744,-0.0229767
377.713,334,0.219896,0.218825,0.000825346,-0.0216619
378.579,333.5,0.218489,0.217534,0.000983472,-0.0203874
379.445,333,0.217259,0.21641,0.00111512,-0.0191533
380.311,332.5,0.216207,0.215453,0.00118686,-0.0180026
381.177,332,0.215287,0.214612,0.00115388,-0.016998
382.043,331.5,0.214473,0.213871,0.00111449,-0.0160156
382.909,331,0.213764,0.21323,0.00106869,-0.0150555
383.775,330.5,0.213593,0.213139,0.00101074,-0.0138757
384.641,330,0.213604,0.213225,0.00095397,-0.0126769
385.507,329.5,0.213611,0.213296,0.000902255,-0.0115625
386.373,329,0.21335,0.213076,0.000834998,-0.0107717
387.239,328.5,0.213087,0.212849,0.000770952,-0.0100379
388.105,328,0.212835,0.212628,0.000711091,-0.0093485
388.971,327.5,0.212594,0.212415,0.000655415,-0.00870357
389.837,327,0.212363,0.212207,0.000603924,-0.00810309
390.703,326.5,0.212142,0.212007,0.000556618,-0.00754705
391.569,326,0.211938,0.211819,0.000512521,-0.00708053
392.435,325.5,0.211746,0.211641,0.000471165,-0.00666823
393.301,325,0.211539,0.211443,0.000439007,-0.0063453
394.167,324.5,0.211339,0.211252,0.000410144,-0.00604996
395.033,324,0.211156,0.211077,0.000382684,-0.00576236
395.899,323.5,0.210988,0.210916,0.000356625,-0.00548251
396.765,323,0.210828,0.210763,0.000332433,-0.00522712
397.631,322.5,0.210664,0.210604,0.000310458,-0.00501227
398.497,322,0.210512,0.210457,0.000289651,-0.00480216
399.363,321.5,0.210372,0.210321,0.000270014,-0.00459678
400.229,321,0.210244,0.210198,0.000251547,-0.00439613
401.095,320.5,0.210128,0.210086,0.000234248,-0.00420021
401.962,320,0.210025,0.209986,0.000218152,-0.00400943
402.828,319.5,0.209936,0.209901,0.000208758,-0.00383714
403.694,319,0.209857,0.209825,0.000200094,-0.00366584
404.56,318.5,0.209782,0.209752,0.000191689,-0.0035006
405.426,318,0.20971,0.209684,0.000183542,-0.00334142
406.292,317.5,0.209643,0.209619,0.000175654,-0.00318829
407.158,317,0.20958,0.209558,0.000168024,-0.00304122
408.024,316.5,0.209518,0.209498,0.000160427,-0.00291134
408.89,316,0.209458,0.209439,0.000152944,-0.00279069
409.756,315.5,0.209401,0.209384,0.000145666,-0.00267405
410.622,315,0.209348,0.209332,0.000138592,-0.00256145
411.488,314.5,0.209298,0.209284,0.000131724,-0.00245286
412.354,314,0.20926,0.209246,0.00012481,-0.00235034
413.22,313.5,0.20922,0.209208,0.00011867,-0.00225737
414.086,313,0.209175,0.209164,0.000113632,-0.00217701
414.952,312.5,0.209133,0.209123,0.000108718,-0.00209872
415.818,312,0.209093,0.209083,0.000103928,-0.00202251
416.684,311.5,0.209055,0.209046,9.92615e-05,-0.00194838
417.55,311,0.209019,0.209011,9.47194e-05,-0.00187632
418.416,310.5,0.208985,0.208977,9.03011e-05,-0.00180684
419.282,310,0.208951,0.208944,8.60114e-05,-0.00174648
420.148,309.5,0.208919,0.208913,8.18583e-05,-0.00168761
421.014,309,0.208889,0.208883,7.78418e-05,-0.00163024
421.88,308.5,0.208865,0.20886,7.42326e-05,-0.0015705
422.746,308,0.208843,0.208838,7.07394e-05,-0.00151233
423.612,307.5,0.208823,0.208818,6.7353e-05,-0.00145584
424.478,307,0.208799,0.208795,6.45145e-05,-0.00140668
425.344,306.5,0.208776,0.208772,6.19035e-05,-0.00136066
426.21,306,0.208754,0.20875,5.93697e-05,-0.00131585
427.076,305.5,0.208733,0.208729,5.69132e-05,-0.00127224
427.942,305,0.208713,0.208709,5.4534e-05,-0.00122985
428.808,304.5,0.208694,0.208691,5.2232e-05,-0.00118866
429.674,304,0.208676,0.208672,5.00427e-05,-0.00115052
430.54,303.5,0.208657,0.208654,4.7966e-05,-0.00111576
431.406,303,0.208642,0.208639,4.59664e-05,-0.00108168
432.272,302.5,0.208627,0.208625,4.40308e-05,-0.00104837
433.138,302,0.208613,0.208611,4.21592e-05,-0.00101584
434.004,301.5,0.2086,0.208598,4.03516e-05,-0.000984093
434.87,301,0.208587,0.208585,3.86381e-05,-0.000953558
435.737,300.5,0.208573,0.20857,3.71938e-05,-0.000926881
436.603,300,0.208559,0.208557,3.57903e-05,-0.000900766
437.469,299.5,0.208545,0.208544,3.44278e-05,-0.000875211
438.335,299,0.208533,0.208531,3.31061e-05,-0.000850218
439.201,298.5,0.208521,0.208519,3.18253e-05,-0.000825787
440.067,298,0.208509,0.208508,3.05941e-05,-0.000801848
440.933,297.5,0.208499,0.208498,2.95489e-05,-0.000779749
441.799,297,0.208489,0.208488,2.8545e-05,-0.000758577
442.665,296.5,0.20848,0.208478,2.75661e-05,-0.000737857
443.531,296,0.20847,0.208469,2.66122e-05,-0.000717587
444.397,295.5,0.208462,0.20846,2.56832e-05,-0.000697769
445.263,295,0.208453,0.208452,2.47793e-05,-0.000678402
446.129,294.5,0.208444,0.208443,2.39435e-05,-0.000660421
446.995,294,0.208435,0.208434,2.31749e-05,-0.000643776
447.861,293.5,0.208427,0.208426,2.24282e-05,-0.000627472
448.727,293,0.208419,0.208418,2.17033e-05,-0.00061151
449.593,292.5,0.208411,0.20841,2.10042e-05,-0.00059583
450.459,292,0.208404,0.208403,2.03441e-05,-0.000580149
451.325,291.5,0.208397,0.208397,1.9706e-05,-0.000565028
452.191,291,0.20839,0.20839,1.91111e-05,-0.000551347
453.057,290.5,0.208383,0.208383,1.85321e-05,-0.000537909
453.923,290,0.208377,0.208376,1.79689e-05,-0.000524716
454.789,289.5,0.208371,0.20837,1.74214e-05,-0.000511766
455.655,289,0.208364,0.208364,1.68898e-05,-0.000499061
456.521,288.5,0.208359,0.208358,1.6374e-05,-0.000486599
457.387,288,0.208352,0.208352,1.5901e-05,-0.000475329
458.253,287.5,0.208346,0.208346,1.54431e-05,-0.000464404
459.119,287,0.208341,0.20834,1.49968e-05,-0.000453635
459.985,286.5,0.208336,0.208335,1.45651e-05,-0.000442931
460.851,286,0.208331,0.20833,1.41435e-05,-0.000432418
461.717,285.5,0.208326,0.208326,1.37322e-05,-0.000422097
462.583,285,0.208321,0.208321,1.33414e-05,-0.00041245
463.449,284.5,0.208316,0.208316,1.29669e-05,-0.000403361
464.315,284,0.208312,0.208311,1.25996e-05,-0.000394425
465.181,283.5,0.208307,0.208307,1.22393e-05,-0.00038564
466.047,283,0.208303,0.208302,1.18862e-05,-0.000377008
466.913,282.5,0.208299,0.208298,1.15401e-05,-0.000368527
467.779,282,0.208294,0.208294,1.12056e-05,-0.000360361
468.645,281.5,0.20829,0.20829,1.0899e-05,-0.000352802
469.512,281,0.208286,0.208286,1.06124e-05,-0.000345208
470.378,280.5,0.208283,0.208283,1.03309e-05,-0.000337732
471.244,280,0.208279,0.208279,1.00545e-05,-0.000330377
472.11,279.5,0.208276,0.208276,9.78334e-06,-0.000323141
472.976,279,0.208272,0.208272,9.5173e-06,-0.000316025
473.842,278.5,0.208269,0.208269,9.26779e-06,-0.000309544
474.708,278,0.208266,0.208265,9.0242e-06,-0.000303208
475.574,277.5,0.208262,0.208262,8.78549e-06,-0.00029697
476.44,277,0.208259,0.208259,8.55167e-06,-0.00029083
477.306,276.5,0.208256,0.208256,8.32272e-06,-0.000284787
478.172,276,0.208253,0.208253,8.09745e-06,-0.000278817
479.038,275.5,0.20825,0.20825,7.88045e-06,-0.000273173
