x,v,vx,vy,vz
220.096,425,0.0908628,0.0905176,0.00775503,-0.00157387
220.962,424.5,0.0879837,0.087607,0.00797855,-0.00157498
221.828,424,0.0849107,0.0844983,0.00821689,-0.00153291
222.694,423.5,0.0815787,0.0811242,0.00847647,-0.00144506
223.56,423,0.0782357,0.0777338,0.00873847,-0.0013871
224.426,422.5,0.0748681,0.0743126,0.00900315,-0.00134559
225.292,422,0.0714766,0.0708606,0.00927051,-0.00132054
226.158,421.5,0.0680625,0.0673778,0.00954056,-0.00131195
227.024,421,0.0645832,0.0638195,0.00981653,-0.00130489
227.89,420.5,0.0605907,0.0597266,0.0101317,-0.00114751
228.756,420,0.056576,0.0555934,0.0104501,-0.00100601
229.622,419.5,0.0525436,0.0514201,0.0107718,-0.000880386
230.488,419,0.0484993,0.0472065,0.0110967,-0.00077063
231.355,418.5,0.0444513,0.0429527,0.0114248,-0.000676746
232.221,418,0.0404626,0.0387127,0.0117527,-0.000648442
233.087,417.5,0.0360665,0.0339682,0.0121133,-0.000466728
233.953,417,0.0315967,0.0290235,0.0124871,-0.000246643
234.819,416.5,0.0272516,0.0240236,0.0128652,-4.66273e-05
235.685,416,0.0231371,0.0189686,0.0132476,0.00013332
236.551,415.5,0.0194431,0.0138585,0.0136341,0.000293199
237.417,415,0.0165063,0.00869331,0.0140249,0.00043301
238.283,414.5,0.0147874,0.00311029,0.0144393,0.000707186
239.149,414,0.0152217,-0.00298115,0.0148824,0.00115242
240.015,413.5,0.0179231,-0.00914826,0.0153309,0.00158372
240.881,413,0.0221372,-0.015391,0.015785,0.00200109
241.747,412.5,0.0271774,-0.0216682,0.0162445,0.00228338
242.613,412,0.0327157,-0.0280151,0.0167094,0.00250317
243.479,411.5,0.0386976,-0.0345637,0.0171819,0.0027638
244.345,411,0.0456635,-0.0419638,0.0176732,0.00344216
245.211,410.5,0.0528712,-0.0494813,0.0181712,0.00409577
246.077,410,0.0602774,-0.0571162,0.0186758,0.00472462
246.943,409.5,0.0678561,-0.0648684,0.0191871,0.00532872
247.809,409,0.0755912,-0.0727381,0.0197051,0.00590807
248.675,408.5,0.0834719,-0.0807251,0.0202296,0.00646266
249.541,408,0.0924651,-0.0897811,0.0207607,0.007625
250.407,407.5,0.101858,-0.0992062,0.0212987,0.00891386
251.273,407,0.111294,-0.108683,0.0218394,0.00986907
252.139,406.5,0.120893,-0.118319,0.0223871,0.0107055
253.005,406,0.130681,-0.128138,0.0229426,0.0114791
253.871,405.5,0.140655,-0.13814,0.0235059,0.0121899
254.737,405,0.151464,-0.148946,0.0239941,0.0134465
255.603,404.5,0.163166,-0.160609,0.0244088,0.0152332
256.469,404,0.175155,-0.172554,0.0248296,0.0169634
257.335,403.5,0.187428,-0.184781,0.0252565,0.0186371
258.201,403,0.199982,-0.197289,0.0256895,0.0202541
259.067,402.5,0.212818,-0.210078,0.0261287,0.0218147
259.933,402,0.226243,-0.223428,0.026483,0.0237573
260.799,401.5,0.240827,-0.237877,0.0264673,0.0266742
261.665,401,0.255719,-0.252657,0.0264224,0.0293002
262.531,400.5,0.270965,-0.267811,0.0263458,0.0317108
263.397,400,0.286562,-0.283337,0.0262375,0.033906
264.263,399.5,0.302507,-0.299235,0.0260975,0.0358858
265.13,399,0.318801,-0.315507,0.0259259,0.0376501
265.996,398.5,0.336747,-0.333687,0.0227567,0.03916
266.862,398,0.355481,-0.352735,0.0188463,0.0398662
267.728,397.5,0.374857,-0.372459,0.0145837,0.0397363
268.594,397,0.394893,-0.392859,0.00996912,0.0387704
269.46,396.5,0.415611,-0.413934,0.00500241,0.0369685
270.326,396,0.434987,-0.43377,0.000308637,0.0325134
271.192,395.5,0.456072,-0.455267,-0.00754459,0.0260141
272.058,395,0.47864,-0.477958,-0.017326,0.0187491
272.924,394.5,0.50161,-0.50077,-0.0265491,0.0117
273.79,394,0.524907,-0.523701,-0.0352137,0.00486687
274.656,393.5,0.548469,-0.546753,-0.04332,-0.00175029
275.522,393,0.572247,-0.569924,-0.0508678,-0.00815147
276.388,392.5,0.590894,-0.588495,-0.0531088,0.00297666
277.254,392,0.597967,-0.592433,-0.0390772,0.0711315
278.12,391.5,0.613899,-0.59562,-0.0222114,0.147022
278.986,391,0.641018,-0.598101,-0.00248119,0.230594
279.852,390.5,0.682052,-0.602345,0.0206501,0.319294
280.718,390,0.736928,-0.60799,0.0458966,0.413889
281.584,389.5,0.805123,-0.615036,0.0732581,0.51438
282.45,389,0.944806,-0.628202,0.111304,0.696872
283.316,388.5,1.11341,-0.653102,0.148863,0.889372
284.182,388,1.30022,-0.689742,0.185228,1.08651
285.048,387.5,1.50104,-0.738124,0.2204,1.2883
285.914,387,1.7135,-0.798246,0.254377,1.49472
286.78,386.5,1.9363,-0.87011,0.28716,1.70579
287.646,386,2.05151,-0.965863,0.298371,1.78516
288.512,385.5,2.09802,-1.07392,0.294403,1.77812
289.378,385,2.14597,-1.18852,0.283509,1.76415
290.244,384.5,2.20275,-1.30588,0.269857,1.75327
291.11,384,2.26814,-1.42597,0.253447,1.74551
291.976,383.5,2.34185,-1.54882,0.23428,1.74085
292.842,383,2.3623,-1.64439,0.214723,1.68236
293.708,382.5,2.24691,-1.66706,0.199294,1.49325
294.574,382,2.13388,-1.68133,0.183393,1.30112
295.44,381.5,2.02429,-1.68721,0.167022,1.10598
296.306,381,1.9196,-1.6847,0.150178,0.907802
297.172,380.5,1.82168,-1.67379,0.132864,0.706607
298.038,380,1.73704,-1.65769,0.114423,0.506226
298.905,379.5,1.72404,-1.6671,0.0901639,0.430038
299.771,379,1.69979,-1.66328,0.0692274,0.343466
300.637,378.5,1.66505,-1.64605,0.0516489,0.245433
301.503,378,1.62155,-1.6154,0.0374284,0.135937
302.369,377.5,1.57164,-1.57134,0.0265659,0.0149797
303.235,377,1.51853,-1.51387,0.0190614,-0.11744
304.101,376.5,1.48574,-1.47471,0.00419387,-0.180659
304.967,376,1.46078,-1.44534,-0.0125907,-0.211397
305.833,375.5,1.43381,-1.41207,-0.0261672,-0.247391
306.699,375,1.40533,-1.37488,-0.0365358,-0.28864
307.565,374.5,1.3782,-1.33731,-0.0449443,-0.330176
308.431,374,1.35208,-1.30118,-0.0536052,-0.363574
309.297,373.5,1.31779,-1.25564,-0.063389,-0.394868
310.163,373,1.28239,-1.2135,-0.0799911,-0.406862
311.029,372.5,1.24474,-1.16713,-0.0933518,-0.422444
311.895,372,1.20513,-1.11652,-0.103471,-0.441611
312.761,371.5,1.16403,-1.06168,-0.110349,-0.464366
313.627,371,1.12204,-1.00259,-0.113986,-0.490706
314.493,370.5,1.07984,-0.939457,-0.114666,-0.519932
315.359,370,1.03689,-0.879361,-0.119556,-0.536258
316.225,369.5,0.997785,-0.82153,-0.124184,-0.552488
317.091,369,0.967503,-0.772466,-0.12994,-0.567868
317.957,368.5,0.950469,-0.735608,-0.135829,-0.586365
318.823,368,0.933298,-0.690583,-0.136518,-0.612784
319.689,367.5,0.91786,-0.637391,-0.132006,-0.647127
320.555,367,0.904975,-0.5879,-0.112807,-0.678695
321.421,366.5,0.895885,-0.540918,-0.0867301,-0.70887
322.287,366,0.8917,-0.493063,-0.0575446,-0.740747
323.153,365.5,0.893116,-0.444336,-0.0252501,-0.774328
324.019,365,0.900772,-0.394737,0.0101533,-0.809611
324.885,364.5,0.915213,-0.344265,0.0486656,-0.846598
325.751,364,0.926663,-0.305703,0.0909454,-0.870045
326.617,363.5,0.906311,-0.302097,0.127778,-0.844873
327.483,363,0.853533,-0.327105,0.152558,-0.773464
328.349,362.5,0.808164,-0.348259,0.175909,-0.707743
329.215,362,0.769609,-0.365557,0.197831,-0.64771
330.081,361.5,0.73715,-0.379001,0.218324,-0.593365
330.947,361,0.710499,-0.391455,0.23497,-0.544391
331.813,360.5,0.693343,-0.424981,0.228939,-0.497697
332.679,360,0.680284,-0.453966,0.221678,-0.455588
333.546,359.5,0.67015,-0.478409,0.213189,-0.418063
334.412,359,0.661841,-0.498311,0.203471,-0.385123
335.278,358.5,0.654375,-0.513671,0.192523,-0.356767
336.144,358,0.694046,-0.591439,0.147774,-0.331758
337.01,357.5,0.808607,-0.740973,0.0611357,-0.31791
337.876,357,0.920363,-0.867889,-0.0180788,-0.305792
338.742,356.5,1.02253,-0.975554,-0.0907281,-0.292617
339.608,356,1.11091,-1.06397,-0.156812,-0.278383
340.474,355.5,1.18322,-1.13313,-0.216331,-0.263091
341.34,355,1.23814,-1.18304,-0.269284,-0.246741
342.206,354.5,1.2659,-1.20904,-0.297856,-0.228014
343.072,354,1.25773,-1.20544,-0.293999,-0.205779
343.938,353.5,1.22097,-1.1756,-0.275498,-0.181158
344.804,353,1.15577,-1.11952,-0.242354,-0.154152
345.67,352.5,1.04628,-1.02347,-0.186533,-0.111367
346.536,352,0.917888,-0.908919,-0.117875,-0.0499031
347.402,351.5,0.800905,-0.79927,-0.04779,0.0182227
348.268,351,0.688826,-0.681492,0.0332316,0.094577
349.134,350.5,0.58466,-0.550722,0.118129,0.156773
350,350,0.500372,-0.40696,0.206901,0.204809
350.866,349.5,0.457499,-0.250206,0.29955,0.238687
351.732,349,0.479711,-0.0804603,0.396074,0.258407
352.598,348.5,0.571511,0.102278,0.496473,0.263967
353.464,348,0.599413,0.106985,0.512616,0.291676
354.33,347.5,0.613325,0.0854084,0.517026,0.31868
355.196,347,0.620515,0.0808546,0.498519,0.360528
356.062,346.5,0.626281,0.0957499,0.452123,0.422663
356.928,346,0.643197,0.12412,0.399779,0.488337
357.794,345.5,0.674551,0.165966,0.341484,0.557551
358.66,345,0.743847,0.237475,0.255582,0.656956
359.526,344.5,0.842644,0.317992,0.159926,0.763776
360.392,344,0.935527,0.387185,0.0786996,0.848
361.258,343.5,1.01274,0.445052,0.0119039,0.90963
362.124,343,1.06924,0.491593,-0.0404615,0.948664
362.99,342.5,1.10231,0.526809,-0.0783965,0.965103
363.856,342,1.09998,0.542222,-0.0967341,0.952147
364.722,341.5,1.0321,0.510484,-0.0808571,0.89336
365.588,341,0.959417,0.473588,-0.0610533,0.832147
366.454,340.5,0.893534,0.438829,-0.0435997,0.77713
367.321,340,0.834415,0.406207,-0.0284964,0.728308
368.187,339.5,0.782032,0.375722,-0.0157433,0.685682
369.053,339,0.736359,0.347374,-0.00534046,0.649251
369.919,338.5,0.717837,0.337685,-0.000894326,0.633449
370.785,338,0.704118,0.330678,0.00198314,0.621635
371.651,337.5,0.692649,0.324411,0.00376395,0.611969
372.517,337,0.683424,0.318883,0.00444809,0.604452
373.383,336.5,0.676441,0.314095,0.00403557,0.599083
374.249,336,0.670796,0.308511,0.0012987,0.59564
375.115,335.5,0.662129,0.300549,-0.00120464,0.589986
375.981,335,0.65148,0.291501,-0.0029665,0.582619
376.847,334.5,0.6408,0.282448,-0.00454562,0.575176
377.713,334,0.630089,0.27339,-0.00594201,0.567657
378.579,333.5,0.619347,0.264326,-0.00715566,0.560063
379.445,333,0.608574,0.255258,-0.00818658,0.552394
380.311,332.5,0.597356,0.246532,-0.00894206,0.544037
381.177,332,0.585235,0.23887,-0.00935921,0.534185
382.043,331.5,0.57349,0.231398,-0.00974598,0.524644
382.909,331,0.56212,0.224115,-0.0101024,0.515411
383.775,330.5,0.551407,0.216548,-0.0102636,0.507003
384.641,330,0.541105,0.208938,-0.010378,0.499031
385.507,329.5,0.531091,0.201462,-0.0105176,0.491284
386.373,329,0.520484,0.195445,-0.0102844,0.482286
387.239,328.5,0.510118,0.189587,-0.0100691,0.473472
388.105,328,0.500035,0.183822,-0.00989124,0.464915
388.971,327.5,0.490235,0.178153,-0.00975085,0.456614
389.837,327,0.480719,0.172577,-0.00964792,0.44857
390.703,326.5,0.471488,0.167095,-0.00958245,0.440782
391.569,326,0.462533,0.162428,-0.0094795,0.432971
392.435,325.5,0.453809,0.158236,-0.00936605,0.425225
393.301,325,0.445283,0.153623,-0.00922554,0.417842
394.167,324.5,0.436954,0.148951,-0.00908996,0.410683
395.033,324,0.428831,0.144357,-0.00897426,0.403703
395.899,323.5,0.420912,0.139841,-0.00887846,0.396904
396.765,323,0.413148,0.13562,-0.00879545,0.390155
397.631,322.5,0.405468,0.131922,-0.00871348,0.383308
398.497,322,0.397967,0.12829,-0.00864525,0.376623
399.363,321.5,0.390644,0.124724,-0.00859075,0.370099
400.229,321,0.383501,0.121225,-0.00854998,0.363736
401.095,320.5,0.376536,0.117792,-0.00852295,0.357536
401.962,320,0.369751,0.114432,-0.00851012,0.351495
402.828,319.5,0.363173,0.111308,-0.00848216,0.345591
403.694,319,0.356724,0.108154,-0.0084487,0.339828
404.56,318.5,0.350401,0.105045,-0.00842333,0.334178
405.426,318,0.344203,0.101982,-0.00840606,0.328641
406.292,317.5,0.338131,0.098963,-0.00839687,0.323215
407.158,317,0.332185,0.0959897,-0.00839577,0.317903
408.024,316.5,0.326298,0.0933575,-0.00841179,0.312545
408.89,316,0.320501,0.0908957,-0.00843943,0.307226
409.756,315.5,0.314822,0.0884733,-0.00847465,0.302015
410.622,315,0.309259,0.0860904,-0.00851744,0.296913
411.488,314.5,0.303814,0.083747,-0.00856781,0.291918
412.354,314,0.29842,0.0811927,-0.0085586,0.287034
413.22,313.5,0.2931,0.0788077,-0.008551,0.282177
414.086,313,0.287846,0.0767096,-0.00855422,0.277305
414.952,312.5,0.282671,0.0746315,-0.00855991,0.272507
415.818,312,0.277575,0.0725736,-0.00856806,0.267783
416.684,311.5,0.272557,0.0705357,-0.00857868,0.263132
417.55,311,0.267618,0.068518,-0.00859175,0.258555
418.416,310.5,0.262754,0.0665417,-0.00860692,0.254043
419.282,310,0.257913,0.0648868,-0.00861972,0.249468
420.148,309.5,0.253142,0.063246,-0.00863592,0.244962
421.014,309,0.248442,0.0616192,-0.00865554,0.240523
421.88,308.5,0.243814,0.0598751,-0.00865761,0.236189
422.746,308,0.239239,0.058151,-0.00866301,0.231902
423.612,307.5,0.234718,0.0564513,-0.00867242,0.227663
424.478,307,0.230221,0.0549931,-0.00868927,0.223387
425.344,306.5,0.225758,0.0536264,-0.00870986,0.219123
426.21,306,0.221338,0.0522786,-0.00873285,0.214898
427.076,305.5,0.216962,0.0509496,-0.00875825,0.210713
427.942,305,0.212628,0.0496395,-0.00878605,0.206566
428.808,304.5,0.208337,0.0483482,-0.00881626,0.202458
429.674,304,0.204051,0.0471822,-0.00884898,0.198324
430.54,303.5,0.199753,0.0461704,-0.00888126,0.194141
431.406,303,0.195537,0.0451171,-0.00886823,0.190054
432.272,302.5,0.191357,0.0440892,-0.00885695,0.185998
433.138,302,0.187212,0.0430867,-0.00884742,0.181971
434.004,301.5,0.183102,0.0421096,-0.00883964,0.177975
434.87,301,0.179019,0.0411885,-0.0088347,0.173992
435.737,300.5,0.174899,0.0405157,-0.0088383,0.169912
436.603,300,0.170812,0.0398698,-0.00884144,0.165859
437.469,299.5,0.166758,0.0392507,-0.00884414,0.161832
438.335,299,0.162738,0.0386584,-0.00884638,0.157832
439.201,298.5,0.15875,0.038093,-0.00884817,0.153858
440.067,298,0.154804,0.0375521,-0.00884673,0.14992
440.933,297.5,0.150883,0.0372308,-0.008821,0.145951
441.799,297,0.146977,0.0369889,-0.00879392,0.141974
442.665,296.5,0.143106,0.0367747,-0.00876459,0.138023
443.531,296,0.139272,0.0365881,-0.008733,0.134096
444.397,295.5,0.135474,0.0364291,-0.00869917,0.130194
445.263,295,0.131714,0.0362977,-0.00866309,0.126317
446.129,294.5,0.127968,0.0363422,-0.00862426,0.122396
446.995,294,0.124242,0.0365666,-0.00858211,0.118428
447.861,293.5,0.120565,0.0368172,-0.008537,0.114488
448.727,293,0.11694,0.037094,-0.00848891,0.110576
449.593,292.5,0.113397,0.0373904,-0.00843708,0.106723
450.459,292,0.110063,0.0376762,-0.00837883,0.103074
451.325,291.5,0.106785,0.0380417,-0.00831746,0.0994323
452.191,291,0.103566,0.0386871,-0.0082478,0.0957139
453.057,290.5,0.100425,0.0393539,-0.00817629,0.0920302
453.923,290,0.0973666,0.0400424,-0.00810294,0.088381
454.789,289.5,0.0943956,0.0407524,-0.00802773,0.0847663
455.655,289,0.0915169,0.041484,-0.00795067,0.0811863
456.521,288.5,0.0887357,0.0422371,-0.00787177,0.0776407
457.387,288,0.0861382,0.0432931,-0.00777989,0.0740606
458.253,287.5,0.0836823,0.0444115,-0.00768414,0.0705074
459.119,287,0.081381,0.0455308,-0.007584,0.0670246
459.985,286.5,0.0792773,0.0466058,-0.00747356,0.063694
460.851,286,0.0773108,0.0476918,-0.00736093,0.0604009
461.717,285.5,0.075488,0.048789,-0.00724611,0.0571451
462.583,285,0.0739123,0.050068,-0.00712272,0.0539026
463.449,284.5,0.0725892,0.0514952,-0.00699208,0.0506808
464.315,284,0.0714477,0.0529283,-0.00685956,0.0475006
465.181,283.5,0.0704912,0.0543672,-0.00672514,0.044362
466.047,283,0.0697221,0.0558118,-0.00658883,0.041265
466.913,282.5,0.0691415,0.0572623,-0.00645064,0.0382096
467.779,282,0.0688102,0.0587888,-0.00630711,0.0351985
468.645,281.5,0.0688774,0.0605248,-0.00616247,0.0322935
469.512,281,0.0691316,0.062196,-0.00604636,0.0295682
470.378,280.5,0.0695448,0.0638636,-0.00592878,0.0268842
471.244,280,0.0701092,0.0655278,-0.00580972,0.0242415
472.11,279.5,0.0708163,0.0671884,-0.00568918,0.0216401
472.976,279,0.0716572,0.0688456,-0.00556717,0.0190801
473.842,278.5,0.0728683,0.0707415,-0.00543194,0.0166111
474.708,278,0.0742108,0.072649,-0.00529471,0.0141891
475.574,277.5,0.0756515,0.0745459,-0.00515654,0.0118099
476.44,277,0.0771804,0.0764323,-0.00501745,0.00947332
477.306,276.5,0.0787878,0.0783083,-0.00487743,0.00717943
478.172,276,0.0804312,0.0801381,-0.00474157,0.00495811
479.038,275.5,0.082207,0.0820268,-0.00460631,0.00289359
