x,v,vx,vy,vz
220.096,425,0.208682,0.20868,-2.75782e-05,-0.000915642
220.962,424.5,0.208693,0.208691,-2.82543e-05,-0.000933638
221.828,424,0.208705,0.208703,-2.89566e-05,-0.000952541
222.694,423.5,0.208717,0.208714,-2.96916e-05,-0.000972374
223.56,423,0.208729,0.208727,-3.044e-05,-0.000992297
224.426,422.5,0.208742,0.20874,-3.12028e-05,-0.0010125
225.292,422,0.208755,0.208753,-3.19801e-05,-0.00103298
226.158,421.5,0.208769,0.208766,-3.27718e-05,-0.00105374
227.024,421,0.208783,0.20878,-3.35812e-05,-0.00107496
227.89,420.5,0.208797,0.208794,-3.44405e-05,-0.00109845
228.756,420,0.208811,0.208808,-3.53144e-05,-0.0011223
229.622,419.5,0.208825,0.208822,-3.62029e-05,-0.00114648
230.488,419,0.20884,0.208837,-3.71059e-05,-0.00117102
231.355,418.5,0.208856,0.208852,-3.80236e-05,-0.00119589
232.221,418,0.208872,0.208869,-3.89938e-05,-0.00122053
233.087,417.5,0.208889,0.208886,-4.00367e-05,-0.00124731
233.953,417,0.208907,0.208903,-4.11133e-05,-0.0012751
234.819,416.5,0.208925,0.20892,-4.2212e-05,-0.0013033
235.685,416,0.208943,0.208939,-4.33329e-05,-0.0013319
236.551,415.5,0.208962,0.208958,-4.44759e-05,-0.0013609
237.417,415,0.208982,0.208977,-4.5641e-05,-0.00139031
238.283,414.5,0.209001,0.208997,-4.68489e-05,-0.00142161
239.149,414,0.209021,0.209016,-4.81074e-05,-0.00145521
240.015,413.5,0.209042,0.209036,-4.9393e-05,-0.00148933
240.881,413,0.209063,0.209057,-5.07055e-05,-0.00152396
241.747,412.5,0.209085,0.209079,-5.20339e-05,-0.00155825
242.613,412,0.209109,0.209103,-5.3385e-05,-0.00159281
243.479,411.5,0.209133,0.209127,-5.47738e-05,-0.00162844
244.345,411,0.209157,0.20915,-5.62679e-05,-0.00166819
245.211,410.5,0.209181,0.209174,-5.77972e-05,-0.00170862
246.077,410,0.209207,0.209199,-5.93617e-05,-0.00174973
246.943,409.5,0.209233,0.209225,-6.09614e-05,-0.00179151
247.809,409,0.20926,0.209252,-6.25963e-05,-0.00183397
248.675,408.5,0.209288,0.209279,-6.42664e-05,-0.00187711
249.541,408,0.209315,0.209306,-6.60398e-05,-0.00192526
250.407,407.5,0.209343,0.209333,-6.78672e-05,-0.0019752
251.273,407,0.209375,0.209365,-6.98464e-05,-0.00202422
252.139,406.5,0.209408,0.209398,-7.18968e-05,-0.00207371
253.005,406,0.209443,0.209432,-7.39984e-05,-0.00212401
253.871,405.5,0.209479,0.209467,-7.61513e-05,-0.0021751
254.737,405,0.209515,0.209503,-7.84443e-05,-0.00223037
255.603,404.5,0.209551,0.209539,-8.08801e-05,-0.0022899
256.469,404,0.209589,0.209576,-8.33744e-05,-0.00235046
257.335,403.5,0.209628,0.209614,-8.59272e-05,-0.00241207
258.201,403,0.209669,0.209654,-8.85386e-05,-0.00247472
259.067,402.5,0.209711,0.209695,-9.12085e-05,-0.00253842
259.933,402,0.209753,0.209737,-9.39818e-05,-0.00260493
260.799,401.5,0.209797,0.20978,-9.70204e-05,-0.00267771
261.665,401,0.209843,0.209825,-0.000100155,-0.0027516
262.531,400.5,0.209891,0.209872,-0.000103386,-0.00282685
263.397,400,0.20994,0.20992,-0.000106714,-0.00290348
264.263,399.5,0.209992,0.209971,-0.000110137,-0.00298147
265.13,399,0.210046,0.210023,-0.000113657,-0.00306083
265.996,398.5,0.2101,0.210076,-0.000117552,-0.00315095
266.862,398,0.210156,0.210131,-0.000121605,-0.00324413
267.728,397.5,0.210215,0.210189,-0.00012578,-0.00333911
268.594,397,0.210277,0.210249,-0.000130077,-0.00343587
269.46,396.5,0.210341,0.210311,-0.000134496,-0.00353443
270.326,396,0.210414,0.210383,-0.000139164,-0.00363035
271.192,395.5,0.210485,0.210452,-0.00014447,-0.0037383
272.058,395,0.210556,0.21052,-0.000150339,-0.00385695
272.924,394.5,0.210629,0.210591,-0.000156382,-0.00397851
273.79,394,0.210705,0.210665,-0.0001626,-0.00410297
274.656,393.5,0.210784,0.210741,-0.000168991,-0.00423033
275.522,393,0.210866,0.21082,-0.000175557,-0.0043606
276.388,392.5,0.210951,0.210903,-0.000182315,-0.0044976
277.254,392,0.211043,0.210992,-0.000189291,-0.00464954
278.12,391.5,0.211139,0.211084,-0.00019643,-0.00480517
278.986,391,0.211239,0.211181,-0.000203755,-0.00496404
279.852,390.5,0.211363,0.211301,-0.000212076,-0.00511164
280.718,390,0.211495,0.211429,-0.00022069,-0.0052616
281.584,389.5,0.211634,0.211564,-0.000229596,-0.00541392
282.45,389,0.211751,0.211676,-0.000241042,-0.00561263
283.316,388.5,0.211873,0.211793,-0.000253191,-0.00581795
284.182,388,0.212003,0.211917,-0.000265897,-0.00602683
285.048,387.5,0.212139,0.212047,-0.000279157,-0.00623927
285.914,387,0.212283,0.212185,-0.000292974,-0.00645528
286.78,386.5,0.212435,0.21233,-0.000307346,-0.00667485
287.646,386,0.212619,0.212507,-0.000320446,-0.00690638
288.512,385.5,0.212831,0.212711,-0.000332622,-0.0071481
289.378,385,0.213037,0.212908,-0.000342858,-0.00740348
290.244,384.5,0.21325,0.213112,-0.000353128,-0.0076662
291.11,384,0.21347,0.213322,-0.00036343,-0.00793627
291.976,383.5,0.213698,0.21354,-0.000373764,-0.0082137
292.842,383,0.2139,0.213729,-0.000385693,-0.00853897
293.708,382.5,0.214033,0.213845,-0.000400959,-0.00897233
294.574,382,0.214172,0.213964,-0.000415874,-0.00942601
295.44,381.5,0.214317,0.214087,-0.000430438,-0.00990001
296.306,381,0.214467,0.214215,-0.000444651,-0.0103943
297.172,380.5,0.214623,0.214345,-0.000458513,-0.010909
298.038,380,0.214811,0.214506,-0.000473681,-0.011422
298.905,379.5,0.215254,0.21493,-0.000488725,-0.0117845
299.771,379,0.215759,0.215416,-0.000503828,-0.0121536
300.637,378.5,0.216327,0.215963,-0.000519079,-0.01253
301.503,378,0.216956,0.216571,-0.000534478,-0.0129134
302.369,377.5,0.217648,0.21724,-0.000550026,-0.0133041
303.235,377,0.218401,0.21797,-0.000565721,-0.0137018
304.101,376.5,0.218953,0.218482,-0.000584565,-0.0143451
304.967,376,0.21941,0.218889,-0.00060682,-0.0150974
305.833,375.5,0.219893,0.219321,-0.000631398,-0.0158419
306.699,375,0.220402,0.219777,-0.000658297,-0.0165785
307.565,374.5,0.220859,0.220174,-0.000677828,-0.01736
308.431,374,0.221057,0.220292,-0.000658535,-0.0183716
309.297,373.5,0.221474,0.220623,-0.000626166,-0.0193903
310.163,373,0.222233,0.221302,-0.000583941,-0.0203169
311.029,372.5,0.222974,0.221959,-0.00054333,-0.0212472
311.895,372,0.223697,0.222594,-0.000504333,-0.0221813
312.761,371.5,0.224402,0.223207,-0.00046695,-0.0231193
313.627,371,0.225089,0.223799,-0.000431182,-0.0240609
314.493,370.5,0.225723,0.224324,-0.000385313,-0.025086
315.359,370,0.225653,0.223921,-7.87563e-05,-0.0279042
316.225,369.5,0.225656,0.223518,0.000263125,-0.0309908
317.091,369,0.226169,0.223593,0.000637899,-0.0340324
317.957,368.5,0.227801,0.224896,0.00104889,-0.0362514
318.823,368,0.229423,0.226201,0.0015063,-0.0382861
319.689,367.5,0.23103,0.227508,0.00201014,-0.0401365
320.555,367,0.233637,0.229976,0.00227123,-0.0411327
321.421,366.5,0.237191,0.233418,0.00244414,-0.0420662
322.287,366,0.241412,0.237494,0.00263076,-0.0432403
323.153,365.5,0.246301,0.242202,0.00283108,-0.0446549
324.019,365,0.251857,0.247544,0.00304512,-0.0463101
324.885,364.5,0.258083,0.253519,0.00327286,-0.0482058
325.751,364,0.263214,0.258164,0.00490354,-0.0510767
326.617,363.5,0.264751,0.258854,0.0087858,-0.0548699
327.483,363,0.263927,0.256785,0.0130386,-0.0595747
328.349,362.5,0.263621,0.254729,0.0175812,-0.0655769
329.215,362,0.263938,0.252686,0.0224136,-0.0728765
330.081,361.5,0.264999,0.250655,0.0275357,-0.0814735
330.947,361,0.266831,0.248736,0.0323786,-0.0909977
331.813,360.5,0.268595,0.248217,0.0323163,-0.0974004
332.679,360,0.271071,0.248653,0.0322384,-0.103014
333.546,359.5,0.274197,0.250043,0.032145,-0.107839
334.412,359,0.277924,0.252387,0.032036,-0.111875
335.278,358.5,0.282217,0.255686,0.0319114,-0.115122
336.144,358,0.291638,0.265307,0.0319844,-0.116799
337.01,357.5,0.311734,0.276813,0.0584927,-0.130886
337.876,357,0.33696,0.288218,0.0990179,-0.143763
338.742,356.5,0.368273,0.301771,0.147223,-0.151277
339.608,356,0.406919,0.317474,0.203109,-0.153426
340.474,355.5,0.454007,0.335326,0.266675,-0.150212
341.34,355,0.510399,0.355326,0.337921,-0.141634
342.206,354.5,0.543348,0.355613,0.382615,-0.149572
343.072,354,0.53801,0.324818,0.391881,-0.174292
343.938,353.5,0.528096,0.284236,0.40225,-0.190501
344.804,353,0.51492,0.233865,0.413723,-0.198199
345.67,352.5,0.493709,0.178951,0.416215,-0.196189
346.536,352,0.478917,0.134637,0.421042,-0.184277
347.402,351.5,0.467098,0.135238,0.420776,-0.151128
348.268,351,0.439054,0.298145,0.317559,-0.0550823
349.134,350.5,0.47592,0.410182,0.239937,0.0260848
350,350,0.515764,0.471349,0.18791,0.0923738
350.866,349.5,0.527951,0.481646,0.161476,0.143785
351.732,349,0.502857,0.441074,0.160638,0.180317
352.598,348.5,0.444303,0.349631,0.185393,0.201972
353.464,348,0.401852,0.320212,0.177484,0.165675
354.33,347.5,0.359376,0.309911,0.1491,0.104286
355.196,347,0.366534,0.354303,0.0753103,0.0560811
356.062,346.5,0.421816,0.420809,-0.010124,0.027315
356.928,346,0.46029,0.455036,-0.0691028,-0.00584051
357.794,345.5,0.470153,0.456983,-0.101626,-0.0433855
358.66,345,0.426395,0.406079,-0.0823057,-0.100691
359.526,344.5,0.374488,0.327493,-0.0374366,-0.17773
360.392,344,0.35936,0.246738,0.00297298,-0.261249
361.258,343.5,0.389517,0.163812,0.0389231,-0.351247
362.124,343,0.460012,0.0787159,0.0704138,-0.447724
362.99,342.5,0.5593,-0.00855047,0.0974451,-0.55068
363.856,342,0.652864,-0.0940677,0.12479,-0.633885
364.722,341.5,0.620517,-0.103824,0.128225,-0.598181
365.588,341,0.565216,-0.0728408,0.107694,-0.550059
366.454,340.5,0.51553,-0.041432,0.0886463,-0.506159
367.321,340,0.471963,-0.00959754,0.0710814,-0.466481
368.187,339.5,0.43511,0.0226627,0.0549995,-0.431024
369.053,339,0.405619,0.0553486,0.0404006,-0.399789
369.919,338.5,0.36442,0.0804254,0.031339,-0.35405
370.785,338,0.32917,0.103352,0.0239676,-0.311604
371.651,337.5,0.302247,0.12495,0.0178138,-0.274634
372.517,337,0.283498,0.145218,0.0128778,-0.24314
373.383,336.5,0.272348,0.164157,0.00915942,-0.217122
374.249,336,0.272813,0.181405,0.0057505,-0.203681
375.115,335.5,0.270567,0.191144,0.00449676,-0.191443
375.981,335,0.264453,0.196215,0.00473251,-0.177237
376.847,334.5,0.259338,0.200921,0.00494249,-0.163899
377.713,334,0.255126,0.205262,0.0051267,-0.151429
378.579,333.5,0.251715,0.209238,0.00528515,-0.139827
379.445,333,0.248997,0.21285,0.00541784,-0.129093
380.311,332.5,0.245761,0.214702,0.00545964,-0.119463
381.177,332,0.240139,0.212805,0.00531106,-0.111142
382.043,331.5,0.235184,0.211185,0.00515649,-0.103372
382.909,331,0.230878,0.209844,0.00499593,-0.0961527
383.775,330.5,0.229382,0.211274,0.00490537,-0.0891945
384.641,330,0.229081,0.213612,0.00483651,-0.0826124
385.507,329.5,0.229035,0.215825,0.00475928,-0.0765101
386.373,329,0.228008,0.216613,0.00457679,-0.0710298
387.239,328.5,0.227108,0.217294,0.00439136,-0.0658945
388.105,328,0.226374,0.217933,0.00420792,-0.061094
388.971,327.5,0.225783,0.21853,0.00402645,-0.0566282
389.837,327,0.225319,0.219084,0.00384696,-0.0524972
390.703,326.5,0.224961,0.219596,0.00366945,-0.048701
391.569,326,0.22424,0.219565,0.00347761,-0.0454189
392.435,325.5,0.223364,0.219265,0.00328164,-0.0424659
393.301,325,0.222484,0.218807,0.00308067,-0.040164
394.167,324.5,0.221662,0.218347,0.00288599,-0.0380829
395.033,324,0.220923,0.217939,0.00270101,-0.0360839
395.899,323.5,0.220265,0.217584,0.00252575,-0.0341672
396.765,323,0.219577,0.217161,0.00236184,-0.0323957
397.631,322.5,0.218735,0.216541,0.00220985,-0.0308231
398.497,322,0.217967,0.215977,0.00206578,-0.0293101
399.363,321.5,0.217271,0.21547,0.0019296,-0.0278567
400.229,321,0.216647,0.215018,0.00180133,-0.026463
401.095,320.5,0.216094,0.214622,0.00168096,-0.0251289
401.962,320,0.215609,0.21428,0.00156851,-0.023856
402.828,319.5,0.215329,0.214127,0.00148523,-0.0226674
403.694,319,0.215128,0.214046,0.00140862,-0.0215075
404.56,318.5,0.214943,0.213969,0.00133454,-0.0203989
405.426,318,0.214772,0.213896,0.00126296,-0.0193416
406.292,317.5,0.214615,0.213827,0.00119389,-0.0183357
407.158,317,0.214471,0.213763,0.00112733,-0.0173811
408.024,316.5,0.214257,0.213614,0.00106742,-0.0165436
408.89,316,0.21402,0.213436,0.00101143,-0.0157723
409.756,315.5,0.213798,0.213266,0.000957477,-0.0150357
410.622,315,0.213589,0.213105,0.000905552,-0.0143338
411.488,314.5,0.213393,0.212954,0.000855659,-0.0136666
412.354,314,0.213212,0.212808,0.000808639,-0.013082
413.22,313.5,0.213023,0.212652,0.000765057,-0.0125435
414.086,313,0.212812,0.212469,0.00072533,-0.0120558
414.952,312.5,0.212616,0.212299,0.000687139,-0.0115822
415.818,312,0.212433,0.21214,0.000650483,-0.0111226
416.684,311.5,0.212263,0.211994,0.000615362,-0.0106772
417.55,311,0.212108,0.211859,0.000581777,-0.0102458
418.416,310.5,0.211963,0.211734,0.000549912,-0.00983158
419.282,310,0.211787,0.211575,0.000522014,-0.00947388
420.148,309.5,0.211624,0.211426,0.000495256,-0.00912653
421.014,309,0.211472,0.211289,0.000469638,-0.00878954
421.88,308.5,0.211387,0.211217,0.000447896,-0.00844497
422.746,308,0.211308,0.211152,0.000426947,-0.00811153
423.612,307.5,0.211233,0.211089,0.000406694,-0.00778981
424.478,307,0.211142,0.211009,0.000388414,-0.00750297
425.344,306.5,0.211049,0.210924,0.000371132,-0.00723276
426.21,306,0.21096,0.210844,0.000354411,-0.00697109
427.076,305.5,0.210875,0.210768,0.000338249,-0.00671797
427.942,305,0.210795,0.210695,0.000322646,-0.0064734
428.808,304.5,0.210719,0.210627,0.000307603,-0.00623737
429.674,304,0.21064,0.210553,0.000293607,-0.0060195
430.54,303.5,0.210554,0.210473,0.000280734,-0.00582098
431.406,303,0.210484,0.210408,0.000268943,-0.00563166
432.272,302.5,0.210417,0.210347,0.00025753,-0.00544712
433.138,302,0.210355,0.210288,0.000246494,-0.00526734
434.004,301.5,0.210295,0.210233,0.000235836,-0.00509234
434.87,301,0.210238,0.21018,0.000225671,-0.00492409
435.737,300.5,0.210172,0.210118,0.000216658,-0.00477433
436.603,300,0.21011,0.210059,0.000207927,-0.00462822
437.469,299.5,0.21005,0.210002,0.000199478,-0.00448575
438.335,299,0.209994,0.209949,0.00019131,-0.00434692
439.201,298.5,0.209941,0.209899,0.000183425,-0.00421173
440.067,298,0.209892,0.209852,0.00017587,-0.00407994
440.933,297.5,0.209848,0.209811,0.000169425,-0.00395925
441.799,297,0.209804,0.209769,0.000163247,-0.00384374
442.665,296.5,0.209762,0.209729,0.000157236,-0.00373098
443.531,296,0.209722,0.209691,0.000151393,-0.00362096
444.397,295.5,0.209684,0.209654,0.000145716,-0.00351369
445.263,295,0.209647,0.209619,0.000140207,-0.00340916
446.129,294.5,0.209609,0.209582,0.000135075,-0.00331181
446.995,294,0.209568,0.209544,0.000130304,-0.00322131
447.861,293.5,0.20953,0.209506,0.00012567,-0.00313292
448.727,293,0.209493,0.209471,0.000121172,-0.00304664
449.593,292.5,0.209459,0.209438,0.000116846,-0.00296237
450.459,292,0.20943,0.209411,0.000112831,-0.00287948
451.325,291.5,0.209403,0.209384,0.000108964,-0.00279969
452.191,291,0.209372,0.209354,0.000105385,-0.00272734
453.057,290.5,0.209342,0.209325,0.000101897,-0.00265645
453.923,290,0.209313,0.209297,9.85008e-05,-0.00258705
454.789,289.5,0.209286,0.209271,9.51962e-05,-0.00251912
455.655,289,0.20926,0.209245,9.19831e-05,-0.00245266
456.521,288.5,0.209234,0.209221,8.88616e-05,-0.00238769
457.387,288,0.209207,0.209194,8.60086e-05,-0.0023287
458.253,287.5,0.20918,0.209168,8.32553e-05,-0.00227162
459.119,287,0.209155,0.209144,8.05965e-05,-0.00221554
459.985,286.5,0.209134,0.209123,7.80906e-05,-0.00216007
460.851,286,0.209114,0.209103,7.56458e-05,-0.0021057
461.717,285.5,0.209094,0.209084,7.32622e-05,-0.00205245
462.583,285,0.209074,0.209064,7.10085e-05,-0.00200265
463.449,284.5,0.209053,0.209043,6.8863e-05,-0.00195571
464.315,284,0.209032,0.209024,6.67657e-05,-0.00190966
465.181,283.5,0.209013,0.209004,6.47165e-05,-0.00186449
466.047,283,0.208994,0.208986,6.27155e-05,-0.0018202
466.913,282.5,0.208975,0.208968,6.07627e-05,-0.00177679
467.779,282,0.208957,0.20895,5.88865e-05,-0.00173503
468.645,281.5,0.208939,0.208932,5.71722e-05,-0.00169642
469.512,281,0.208923,0.208917,5.55551e-05,-0.00165806
470.378,280.5,0.208908,0.208901,5.39711e-05,-0.00162037
471.244,280,0.208893,0.208887,5.242e-05,-0.00158336
472.11,279.5,0.208878,0.208872,5.0902e-05,-0.00154701
472.976,279,0.208864,0.208859,4.9417e-05,-0.00151133
473.842,278.5,0.208849,0.208844,4.80312e-05,-0.00147879
474.708,278,0.208834,0.208829,4.6681e-05,-0.00144703
475.574,277.5,0.20882,0.208815,4.53604e-05,-0.00141581
476.44,277,0.208806,0.208802,4.40692e-05,-0.00138514
477.306,276.5,0.208793,0.208789,4.28075e-05,-0.00135503
478.172,276,0.208781,0.208777,4.15864e-05,-0.00132536
479.038,275.5,0.208769,0.208765,4.04547e-05,-0.00129729
