x,v,vx,vy,vz
220.096,425,0.208289,0.208173,-1.81862e-05,-0.00696187
220.962,424.5,0.208293,0.208172,-1.83399e-05,-0.00709775
221.828,424,0.208293,0.208167,-1.82269e-05,-0.00723902
222.694,423.5,0.208294,0.208163,-1.68778e-05,-0.00738337
223.56,423,0.208302,0.208166,-1.50878e-05,-0.00752772
224.426,422.5,0.208311,0.20817,-1.32619e-05,-0.00767421
225.292,422,0.208324,0.208177,-1.14001e-05,-0.00782286
226.158,421.5,0.208338,0.208185,-9.50248e-06,-0.00797366
227.024,421,0.208353,0.208195,-7.49706e-06,-0.00812756
227.89,420.5,0.208354,0.208189,-4.65196e-06,-0.00829443
228.756,420,0.208357,0.208185,-1.76685e-06,-0.00846389
229.622,419.5,0.208363,0.208184,1.15826e-06,-0.00863592
230.488,419,0.208372,0.208185,4.12338e-06,-0.00881055
231.355,418.5,0.208383,0.208189,7.1285e-06,-0.00898775
232.221,418,0.208396,0.208195,8.29949e-06,-0.00916917
233.087,417.5,0.208397,0.208187,9.97677e-06,-0.00936296
233.953,417,0.208396,0.208176,1.1907e-05,-0.00956306
234.819,416.5,0.208397,0.208168,1.36798e-05,-0.00976691
235.685,416,0.208401,0.208162,1.52952e-05,-0.0099745
236.551,415.5,0.208407,0.208158,1.67531e-05,-0.0101858
237.417,415,0.208416,0.208157,1.80537e-05,-0.0104009
238.283,414.5,0.208414,0.208143,1.99249e-05,-0.0106281
239.149,414,0.208398,0.208114,2.25113e-05,-0.0108698
240.015,413.5,0.208384,0.208088,2.49301e-05,-0.0111163
240.881,413,0.208373,0.208063,2.71812e-05,-0.0113675
241.747,412.5,0.208389,0.208066,3.23716e-05,-0.0116098
242.613,412,0.208417,0.20808,3.85337e-05,-0.011852
243.479,411.5,0.208446,0.208094,4.52791e-05,-0.0121
244.345,411,0.208453,0.208086,5.5044e-05,-0.0123656
245.211,410.5,0.208466,0.208082,6.5089e-05,-0.0126357
246.077,410,0.208484,0.208084,7.54141e-05,-0.0129104
246.943,409.5,0.208508,0.20809,8.60192e-05,-0.0131896
247.809,409,0.208538,0.208102,9.69044e-05,-0.0134734
248.675,408.5,0.208573,0.208118,0.00010807,-0.0137617
249.541,408,0.208571,0.208095,0.000122145,-0.0140788
250.407,407.5,0.208566,0.208068,0.000137126,-0.0144067
251.273,407,0.208558,0.208036,0.000145436,-0.0147468
252.139,406.5,0.208554,0.208007,0.000152195,-0.0150952
253.005,406,0.208555,0.207981,0.000158653,-0.0154508
253.871,405.5,0.208561,0.20796,0.00016481,-0.0158135
254.737,405,0.208548,0.207919,0.000174198,-0.0161939
255.603,404.5,0.208519,0.207858,0.00018672,-0.0165926
256.469,404,0.208496,0.207802,0.000198969,-0.0169999
257.335,403.5,0.20848,0.207751,0.000210945,-0.0174158
258.201,403,0.208469,0.207704,0.000222648,-0.0178402
259.067,402.5,0.208465,0.207662,0.000234078,-0.0182733
259.933,402,0.208449,0.207606,0.000246549,-0.0187254
260.799,401.5,0.20843,0.207545,0.000276008,-0.0191933
261.665,401,0.20843,0.2075,0.000307464,-0.0196662
262.531,400.5,0.208441,0.207464,0.00033975,-0.0201478
263.397,400,0.208462,0.207438,0.000372867,-0.0206381
264.263,399.5,0.208495,0.20742,0.000406814,-0.0211371
265.13,399,0.208539,0.207412,0.000441591,-0.0216448
265.996,398.5,0.208529,0.207345,0.000490784,-0.0221831
266.862,398,0.208524,0.20728,0.000543174,-0.0227356
267.728,397.5,0.208533,0.207226,0.000596924,-0.0232994
268.594,397,0.208556,0.207183,0.000652033,-0.0238746
269.46,396.5,0.208592,0.207151,0.0007085,-0.024461
270.326,396,0.20862,0.207107,0.000743643,-0.0250656
271.192,395.5,0.208561,0.206965,0.000786468,-0.0257371
272.058,395,0.208438,0.206749,0.000835998,-0.0264674
272.924,394.5,0.208329,0.206542,0.000885688,-0.0272158
273.79,394,0.208234,0.206343,0.00093554,-0.0279823
274.656,393.5,0.208152,0.206153,0.000985554,-0.0287668
275.522,393,0.208085,0.205971,0.00103573,-0.0295695
276.388,392.5,0.208002,0.205766,0.0010943,-0.0303939
277.254,392,0.207844,0.205478,0.00117826,-0.031249
278.12,391.5,0.207706,0.205203,0.00126306,-0.0321249
278.986,391,0.207593,0.204945,0.00134974,-0.033019
279.852,390.5,0.207639,0.204855,0.00147002,-0.0338542
280.718,390,0.207713,0.204786,0.00159325,-0.0347088
281.584,389.5,0.207815,0.204739,0.0017194,-0.0355828
282.45,389,0.207617,0.204346,0.00187754,-0.0366633
283.316,388.5,0.207424,0.203943,0.00204166,-0.037784
284.182,388,0.207257,0.203556,0.00220974,-0.0389322
285.048,387.5,0.207119,0.203185,0.00238178,-0.0401079
285.914,387,0.207009,0.202829,0.0025578,-0.041311
286.78,386.5,0.206928,0.202489,0.00273778,-0.0425415
287.646,386,0.206749,0.202036,0.00296489,-0.0437901
288.512,385.5,0.206529,0.201527,0.00321878,-0.0450616
289.378,385,0.206371,0.201077,0.00343074,-0.046315
290.244,384.5,0.206271,0.200672,0.00364605,-0.0475977
291.11,384,0.206231,0.20031,0.00386472,-0.04891
291.976,383.5,0.206249,0.199992,0.00408673,-0.0502517
292.842,383,0.206111,0.199459,0.00432957,-0.0517624
293.708,382.5,0.205536,0.198361,0.00461642,-0.0536345
294.574,382,0.205012,0.19728,0.00490791,-0.0555575
295.44,381.5,0.204541,0.196215,0.00520405,-0.0575317
296.306,381,0.204126,0.195167,0.00550484,-0.0595569
297.172,380.5,0.203767,0.194135,0.00581028,-0.0616331
298.038,380,0.20349,0.193152,0.00612909,-0.0637389
298.905,379.5,0.203249,0.192261,0.00660922,-0.0655934
299.771,379,0.203108,0.191428,0.00709616,-0.0675123
300.637,378.5,0.203068,0.190655,0.00758883,-0.0694976
301.503,378,0.203132,0.189942,0.00808723,-0.0715492
302.369,377.5,0.2033,0.189289,0.00859136,-0.0736672
303.235,377,0.203575,0.188696,0.00910123,-0.0758515
304.101,376.5,0.203028,0.186806,0.00971707,-0.0789274
304.967,376,0.202184,0.184285,0.0103929,-0.0825192
305.833,375.5,0.201503,0.181778,0.0110818,-0.0862407
306.699,375,0.200994,0.179285,0.0117837,-0.0900918
307.565,374.5,0.200724,0.176928,0.0124831,-0.0939734
308.431,374,0.200831,0.175031,0.0131399,-0.0975938
309.297,373.5,0.201127,0.173368,0.0137763,-0.101024
310.163,373,0.201826,0.172307,0.014355,-0.104105
311.029,372.5,0.202956,0.171614,0.0149294,-0.107317
311.895,372,0.204513,0.171289,0.0154995,-0.11066
312.761,371.5,0.206492,0.171331,0.0160654,-0.114134
313.627,371,0.208888,0.171741,0.0166271,-0.11774
314.493,370.5,0.211563,0.172246,0.0172227,-0.121628
315.359,370,0.211918,0.167242,0.0186325,-0.128812
316.225,369.5,0.212739,0.162219,0.0200906,-0.136159
317.091,369,0.21387,0.15713,0.021609,-0.143469
317.957,368.5,0.215032,0.151976,0.0232194,-0.150343
318.823,368,0.216641,0.146922,0.0248983,-0.15725
319.689,367.5,0.218685,0.141967,0.0266458,-0.164191
320.555,367,0.223717,0.141691,0.0265743,-0.171075
321.421,366.5,0.230431,0.143659,0.0257096,-0.178324
322.287,366,0.237927,0.146259,0.0247195,-0.186028
323.153,365.5,0.246198,0.149492,0.0236041,-0.194187
324.019,365,0.255239,0.153358,0.0223632,-0.202801
324.885,364.5,0.265043,0.157856,0.0209969,-0.21187
325.751,364,0.272728,0.155078,0.0229219,-0.223173
326.617,363.5,0.278135,0.142916,0.0298125,-0.236739
327.483,363,0.284956,0.134431,0.0368334,-0.248539
328.349,362.5,0.29159,0.126741,0.0441408,-0.258869
329.215,362,0.297858,0.119846,0.0517347,-0.267731
330.081,361.5,0.303621,0.113748,0.059615,-0.275124
330.947,361,0.313395,0.111887,0.0659751,-0.285211
331.813,360.5,0.36572,0.142271,0.0553474,-0.332335
332.679,360,0.421679,0.175338,0.0426182,-0.381121
333.546,359.5,0.48123,0.211088,0.0277874,-0.431569
334.412,359,0.544356,0.249519,0.0108551,-0.48368
335.278,358.5,0.611056,0.290633,-0.00817885,-0.537452
336.144,358,0.673142,0.331164,-0.0257246,-0.585481
337.01,357.5,0.68688,0.360587,0.000579745,-0.584621
337.876,357,0.692956,0.396539,0.0374996,-0.567043
338.742,356.5,0.703496,0.441864,0.0745213,-0.542318
339.608,356,0.720827,0.496561,0.111645,-0.510445
340.474,355.5,0.747468,0.56063,0.14887,-0.471424
341.34,355,0.785849,0.634071,0.186198,-0.425255
342.206,354.5,0.799459,0.689599,0.204321,-0.349057
343.072,354,0.788549,0.712078,0.212528,-0.263793
343.938,353.5,0.791822,0.727738,0.236552,-0.203524
344.804,353,0.804519,0.736579,0.276393,-0.168252
345.67,352.5,0.794988,0.714045,0.318401,-0.144102
346.536,352,0.759375,0.660797,0.355485,-0.11674
347.402,351.5,0.716685,0.600562,0.384777,-0.0700706
348.268,351,0.617846,0.510861,0.338168,0.0799773
349.134,350.5,0.546233,0.422463,0.306087,0.161883
350,350,0.475997,0.335367,0.288532,0.175646
350.866,349.5,0.398127,0.249572,0.285505,0.121268
351.732,349,0.3398,0.16508,0.297003,-0.00125325
352.598,348.5,0.384559,0.0818892,0.323029,-0.191916
353.464,348,0.419412,-0.00345338,0.343479,-0.240658
354.33,347.5,0.403087,-0.073994,0.343518,-0.197484
355.196,347,0.322592,-0.111613,0.302532,0.00908798
356.062,346.5,0.394235,-0.124797,0.235892,0.290176
356.928,346,0.573923,-0.129912,0.16667,0.533603
357.794,345.5,0.756164,-0.126956,0.0948659,0.739369
358.66,345,0.841013,-0.0969465,0.0512719,0.833832
359.526,344.5,0.851853,-0.0537665,0.0364972,0.849371
360.392,344,0.859993,-0.0180678,0.0241912,0.859463
361.258,343.5,0.864288,0.0101494,0.0143538,0.864109
362.124,343,0.863889,0.0308853,0.00698507,0.863308
362.99,342.5,0.858199,0.0441399,0.00208501,0.857061
363.856,342,0.842958,0.0488568,-0.0018007,0.841539
364.722,341.5,0.808676,0.0367683,-0.00912253,0.807788
365.588,341,0.774149,0.0189489,-0.0153354,0.773765
366.454,340.5,0.741413,0.00214614,-0.0206737,0.741122
367.321,340,0.710432,-0.0136399,-0.0251374,0.709857
368.187,339.5,0.681169,-0.0284093,-0.0287265,0.67997
369.053,339,0.653581,-0.0421619,-0.0314409,0.651462
369.919,338.5,0.631309,-0.0475868,-0.0297035,0.628812
370.785,338,0.610333,-0.0520857,-0.0278146,0.60747
371.651,337.5,0.590199,-0.0565353,-0.0262397,0.586899
372.517,337,0.570908,-0.0609357,-0.0249786,0.567097
373.383,336.5,0.552463,-0.0652868,-0.0240314,0.548065
374.249,336,0.537269,-0.0703857,-0.0232981,0.532129
375.115,335.5,0.520366,-0.0763077,-0.0228627,0.514233
375.981,335,0.501597,-0.0822865,-0.0225597,0.494287
376.847,334.5,0.483383,-0.087855,-0.022238,0.474812
377.713,334,0.465715,-0.093013,-0.0218976,0.455806
378.579,333.5,0.448583,-0.0977607,-0.0215386,0.437271
379.445,333,0.431979,-0.102098,-0.021161,0.419206
380.311,332.5,0.415711,-0.104756,-0.0207792,0.401758
381.177,332,0.399354,-0.10362,-0.0205072,0.385131
382.043,331.5,0.383327,-0.10218,-0.0203568,0.368896
382.909,331,0.367623,-0.100437,-0.020328,0.353052
383.775,330.5,0.352844,-0.100636,-0.0207367,0.337552
384.641,330,0.338555,-0.101549,-0.0212512,0.322267
385.507,329.5,0.324508,-0.102317,-0.0217249,0.307189
386.373,329,0.309,-0.101222,-0.0219356,0.291125
387.239,328.5,0.293662,-0.0999571,-0.0220767,0.275243
388.105,328,0.278581,-0.098606,-0.0221583,0.259602
388.971,327.5,0.263758,-0.0971688,-0.0221805,0.244202
389.837,327,0.249196,-0.0956455,-0.0221432,0.229042
390.703,326.5,0.234898,-0.0940362,-0.0220466,0.214122
391.569,326,0.220226,-0.0904702,-0.0219285,0.199584
392.435,325.5,0.2055,-0.0858581,-0.0217919,0.185428
393.301,325,0.192952,-0.082069,-0.0216828,0.173277
394.167,324.5,0.181148,-0.0784813,-0.0215603,0.161835
395.033,324,0.169556,-0.0748669,-0.0214074,0.150618
395.899,323.5,0.158175,-0.0712258,-0.0212241,0.139627
396.765,323,0.146787,-0.0669053,-0.020933,0.128965
397.631,322.5,0.135156,-0.0612318,-0.0204574,0.11874
398.497,322,0.12374,-0.0555814,-0.019962,0.108738
399.363,321.5,0.112544,-0.049954,-0.0194468,0.0989575
400.229,321,0.101572,-0.0443497,-0.0189116,0.0893997
401.095,320.5,0.0908307,-0.0387684,-0.0183566,0.0800641
401.962,320,0.080329,-0.0331982,-0.0177795,0.0709543
402.828,319.5,0.0701881,-0.027015,-0.0170888,0.0624863
403.694,319,0.06048,-0.0210323,-0.016422,0.0542751
404.56,318.5,0.0512105,-0.0151521,-0.0157553,0.046311
405.426,318,0.0424856,-0.00937429,-0.0150887,0.0385938
406.292,317.5,0.0345016,-0.00369896,-0.0144221,0.0311236
407.158,317,0.0276398,0.00187392,-0.0137556,0.0239004
408.024,316.5,0.0233432,0.00817306,-0.0130171,0.0175687
408.89,316,0.0224433,0.0146861,-0.0122517,0.0117437
409.756,315.5,0.0247478,0.0210408,-0.0114916,0.00613852
410.622,315,0.0292867,0.0272371,-0.0107369,0.000753076
411.488,314.5,0.0350208,0.033275,-0.00998771,-0.00441262
412.354,314,0.040755,0.0385834,-0.00945046,-0.00910917
413.22,313.5,0.046732,0.0438901,-0.00889491,-0.0133573
414.086,313,0.0528645,0.0493536,-0.00827735,-0.0170401
414.952,312.5,0.0589344,0.0546872,-0.0076724,-0.0205842
415.818,312,0.0649041,0.0598909,-0.00708005,-0.0239896
416.684,311.5,0.07075,0.0649646,-0.00650031,-0.0272564
417.55,311,0.0764565,0.0699083,-0.00593317,-0.0303845
418.416,310.5,0.0820141,0.0747494,-0.00537798,-0.0333153
419.282,310,0.0874261,0.0798426,-0.00482796,-0.0352871
420.148,309.5,0.0926722,0.0847898,-0.00429439,-0.0371535
421.014,309,0.0977506,0.0895911,-0.00377726,-0.0389145
421.88,308.5,0.102596,0.0940979,-0.00339644,-0.0407431
422.746,308,0.107291,0.0984715,-0.00303161,-0.0424914
423.612,307.5,0.111837,0.102717,-0.00267886,-0.0441541
424.478,307,0.116057,0.106849,-0.002328,-0.0452446
425.344,306.5,0.120089,0.110865,-0.00198734,-0.0461117
426.21,306,0.123992,0.11476,-0.00166047,-0.0469206
427.076,305.5,0.127767,0.118533,-0.00134738,-0.0476712
427.942,305,0.131413,0.122186,-0.00104808,-0.0483636
428.808,304.5,0.13493,0.125717,-0.000762562,-0.0489977
429.674,304,0.138226,0.129137,-0.000502082,-0.0492946
430.54,303.5,0.141289,0.132446,-0.000271227,-0.0492004
431.406,303,0.144151,0.135458,-9.93396e-05,-0.0493003
432.272,302.5,0.146931,0.138386,6.47696e-05,-0.049377
433.138,302,0.149629,0.141229,0.0002211,-0.0494305
434.004,301.5,0.152245,0.143986,0.000369652,-0.0494609
434.87,301,0.154745,0.146642,0.000508329,-0.0494145
435.737,300.5,0.15693,0.149094,0.000624623,-0.0489668
436.603,300,0.159053,0.151472,0.000734244,-0.0485149
437.469,299.5,0.161113,0.153776,0.000837191,-0.0480588
438.335,299,0.163108,0.156005,0.000933465,-0.0475983
439.201,298.5,0.165037,0.15816,0.00102307,-0.0471336
440.067,298,0.166914,0.160249,0.00110407,-0.0466849
440.933,297.5,0.168685,0.16225,0.00114303,-0.0461335
441.799,297,0.17037,0.164173,0.00117475,-0.0455187
442.665,296.5,0.17201,0.166039,0.00120374,-0.0449127
443.531,296,0.173604,0.167848,0.00123,-0.0443155
444.397,295.5,0.175152,0.169601,0.00125353,-0.043727
445.263,295,0.176652,0.171297,0.00127433,-0.0431472
446.129,294.5,0.178004,0.172863,0.00128553,-0.0424535
446.995,294,0.179215,0.174303,0.00128765,-0.0416481
447.861,293.5,0.180391,0.175698,0.00128806,-0.0408603
448.727,293,0.181533,0.177047,0.00128675,-0.04009
449.593,292.5,0.182644,0.178347,0.00128473,-0.0393629
450.459,292,0.183742,0.179596,0.00128688,-0.0387882
451.325,291.5,0.184783,0.180789,0.00128608,-0.0381898
452.191,291,0.185673,0.181853,0.0012753,-0.0374465
453.057,290.5,0.186543,0.182888,0.00126398,-0.0367195
453.923,290,0.187392,0.183895,0.00125213,-0.0360089
454.789,289.5,0.18822,0.184874,0.00123973,-0.0353147
455.655,289,0.189028,0.185823,0.0012268,-0.0346369
456.521,288.5,0.189814,0.186745,0.00121332,-0.0339755
457.387,288,0.190461,0.187537,0.0011946,-0.0332201
458.253,287.5,0.191074,0.188292,0.00117489,-0.0324663
459.119,287,0.191695,0.189043,0.00115497,-0.0317558
459.985,286.5,0.192378,0.189836,0.00113491,-0.0311463
460.851,286,0.193045,0.190609,0.00111483,-0.0305515
461.717,285.5,0.193696,0.19136,0.00109472,-0.0299712
462.583,285,0.194272,0.192038,0.00107234,-0.0293547
463.449,284.5,0.194787,0.192656,0.0010483,-0.0287117
464.315,284,0.195291,0.193258,0.0010245,-0.0280849
465.181,283.5,0.195784,0.193844,0.00100096,-0.0274742
466.047,283,0.196266,0.194414,0.000977681,-0.0268797
466.913,282.5,0.196736,0.194968,0.000954652,-0.0263013
467.779,282,0.197173,0.195486,0.00093116,-0.0257242
468.645,281.5,0.19754,0.195933,0.000907501,-0.0251337
469.512,281,0.197919,0.196382,0.000888872,-0.0246062
470.378,280.5,0.198292,0.196821,0.00087053,-0.0240909
471.244,280,0.198658,0.197251,0.000852473,-0.0235879
472.11,279.5,0.199017,0.197671,0.000834704,-0.0230972
472.976,279,0.19937,0.198081,0.00081722,-0.0226187
473.842,278.5,0.199652,0.198422,0.000798145,-0.0221116
474.708,278,0.199924,0.19875,0.000779256,-0.0216133
475.574,277.5,0.200191,0.199072,0.000760723,-0.0211274
476.44,277,0.200454,0.199386,0.000742548,-0.0206539
477.306,276.5,0.200713,0.199694,0.00072473,-0.0201929
478.172,276,0.200985,0.20001,0.000707135,-0.0197602
479.038,275.5,0.201251,0.200317,0.000688851,-0.0193496
