x,v,vx,vy,vz
220.096,425,0.209724,0.20968,-8.22276e-05,-0.00427394
220.962,424.5,0.209755,0.20971,-8.41285e-05,-0.00435617
221.828,424,0.209786,0.209739,-8.60307e-05,-0.00444198
222.694,423.5,0.20982,0.209771,-8.76699e-05,-0.00452994
223.56,423,0.209858,0.209808,-8.91892e-05,-0.00461753
224.426,422.5,0.209899,0.209846,-9.0719e-05,-0.00470621
225.292,422,0.20994,0.209886,-9.22592e-05,-0.00479597
226.158,421.5,0.209984,0.209927,-9.38099e-05,-0.00488682
227.024,421,0.210029,0.20997,-9.5375e-05,-0.0049795
227.89,420.5,0.210069,0.210008,-9.70141e-05,-0.00508175
228.756,420,0.210112,0.210048,-9.86983e-05,-0.0051853
229.622,419.5,0.210156,0.21009,-0.000100427,-0.00529017
230.488,419,0.210203,0.210133,-0.000102202,-0.00539634
231.355,418.5,0.210251,0.210179,-0.000104021,-0.00550382
232.221,418,0.2103,0.210225,-0.000106544,-0.00561355
233.087,417.5,0.210346,0.210268,-0.000109026,-0.00573174
233.953,417,0.210393,0.210311,-0.000111507,-0.0058539
234.819,416.5,0.210441,0.210356,-0.000114106,-0.0059781
235.685,416,0.210491,0.210403,-0.000116823,-0.00610435
236.551,415.5,0.210543,0.210451,-0.000119656,-0.00623265
237.417,415,0.210597,0.210501,-0.000122607,-0.00636299
238.283,414.5,0.210648,0.210547,-0.000125724,-0.00650224
239.149,414,0.210693,0.210588,-0.000129007,-0.00665234
240.015,413.5,0.210741,0.210631,-0.000132395,-0.0068052
240.881,413,0.21079,0.210675,-0.000135889,-0.00696081
241.747,412.5,0.210859,0.210739,-0.000138505,-0.00710845
242.613,412,0.210936,0.210812,-0.000140904,-0.00725489
243.479,411.5,0.211017,0.210887,-0.000143246,-0.00740457
244.345,411,0.211097,0.210961,-0.000144886,-0.00756589
245.211,410.5,0.211181,0.21104,-0.000146484,-0.00772931
246.077,410,0.211271,0.211123,-0.000148039,-0.00789482
246.943,409.5,0.211365,0.211211,-0.000149552,-0.00806243
247.809,409,0.211463,0.211303,-0.000151023,-0.00823213
248.675,408.5,0.211566,0.211399,-0.000152451,-0.00840392
249.541,408,0.211657,0.211482,-0.000154245,-0.00859835
250.407,407.5,0.211748,0.211565,-0.000156156,-0.00879973
251.273,407,0.211826,0.211634,-0.000160556,-0.00901171
252.139,406.5,0.211903,0.211702,-0.000165618,-0.00922946
253.005,406,0.211984,0.211773,-0.000170902,-0.00945165
253.871,405.5,0.212067,0.211846,-0.000176408,-0.00967828
254.737,405,0.212152,0.21192,-0.000180941,-0.00991622
255.603,404.5,0.212239,0.211996,-0.000184601,-0.0101657
256.469,404,0.21233,0.212074,-0.000188565,-0.0104202
257.335,403.5,0.212424,0.212155,-0.000192833,-0.0106797
258.201,403,0.212522,0.212239,-0.000197404,-0.0109442
259.067,402.5,0.212623,0.212327,-0.000202279,-0.0112138
259.933,402,0.212719,0.212408,-0.000207584,-0.0114982
260.799,401.5,0.212851,0.212524,-0.000209246,-0.0117935
261.665,401,0.213,0.212657,-0.000210447,-0.0120884
262.531,400.5,0.213158,0.212798,-0.000211638,-0.0123866
263.397,400,0.213326,0.212948,-0.000212817,-0.0126882
264.263,399.5,0.213503,0.213107,-0.000213984,-0.0129931
265.13,399,0.213689,0.213274,-0.00021514,-0.0133013
265.996,398.5,0.213895,0.21346,-0.000210403,-0.0136244
266.862,398,0.214115,0.21366,-0.000204375,-0.0139538
267.728,397.5,0.21435,0.213873,-0.000197835,-0.0142881
268.594,397,0.214599,0.214099,-0.000190784,-0.0146274
269.46,396.5,0.214861,0.214339,-0.000183222,-0.0149715
270.326,396,0.215053,0.214504,-0.000185513,-0.0153475
271.192,395.5,0.215194,0.214614,-0.000190091,-0.0157839
272.058,395,0.215298,0.214682,-0.00019622,-0.0162729
272.924,394.5,0.215408,0.214753,-0.000202768,-0.0167754
273.79,394,0.215523,0.214829,-0.000209733,-0.0172912
274.656,393.5,0.215645,0.214908,-0.000217116,-0.0178205
275.522,393,0.215773,0.214991,-0.000224918,-0.0183631
276.388,392.5,0.215918,0.215087,-0.00022903,-0.0189164
277.254,392,0.2161,0.21522,-0.000221163,-0.0194737
278.12,391.5,0.216292,0.215361,-0.000213656,-0.0200433
278.986,391,0.216501,0.215517,-0.000205985,-0.0206218
279.852,390.5,0.216939,0.21591,-0.00018142,-0.0211094
280.718,390,0.217407,0.216331,-0.000155182,-0.0216062
281.584,389.5,0.217905,0.21678,-0.000127271,-0.0221122
282.45,389,0.218216,0.217019,-0.000100066,-0.0228287
283.316,388.5,0.218537,0.217262,-7.22953e-05,-0.023568
284.182,388,0.218881,0.217526,-4.38249e-05,-0.0243161
285.048,387.5,0.219249,0.217811,-1.46549e-05,-0.025073
285.914,387,0.219642,0.218117,1.52148e-05,-0.0258387
286.78,386.5,0.220059,0.218443,4.57842e-05,-0.0266131
287.646,386,0.220591,0.218887,0.000108106,-0.0273619
288.512,385.5,0.221196,0.219402,0.00019019,-0.0281095
289.378,385,0.221618,0.219724,0.000250335,-0.0289117
290.244,384.5,0.222069,0.22007,0.00031113,-0.0297262
291.11,384,0.22255,0.220442,0.000372574,-0.0305529
291.976,383.5,0.22306,0.22084,0.000434667,-0.0313918
292.842,383,0.223435,0.221074,0.000499063,-0.0323942
293.708,382.5,0.223451,0.220883,0.000568942,-0.0337737
294.574,382,0.223479,0.220689,0.000641105,-0.0351968
295.44,381.5,0.223519,0.22049,0.000715552,-0.0366634
296.306,381,0.223572,0.220288,0.000792284,-0.0381737
297.172,380.5,0.22364,0.220081,0.000871299,-0.0397275
298.038,380,0.223804,0.219961,0.00095997,-0.041286
298.905,379.5,0.224814,0.220795,0.00118819,-0.0423067
299.771,379,0.225915,0.221709,0.00142716,-0.0433706
300.637,378.5,0.227104,0.222699,0.00167596,-0.0444815
301.503,378,0.22838,0.223765,0.00193458,-0.0456393
302.369,377.5,0.229744,0.224907,0.00220303,-0.046844
303.235,377,0.231196,0.226125,0.00248131,-0.0480956
304.101,376.5,0.231925,0.226413,0.00281059,-0.050183
304.967,376,0.232352,0.226273,0.00317309,-0.0527074
305.833,375.5,0.232871,0.226183,0.00354973,-0.0552922
306.699,375,0.233481,0.226144,0.00394051,-0.0579373
307.565,374.5,0.234063,0.226044,0.00433386,-0.0605868
308.431,374,0.234252,0.225546,0.00470271,-0.0630955
309.297,373.5,0.234691,0.225357,0.0051188,-0.0653295
310.163,373,0.23575,0.225956,0.00559811,-0.067013
311.029,372.5,0.237098,0.226837,0.00608699,-0.0687248
311.895,372,0.238732,0.228001,0.00658544,-0.0704649
312.761,371.5,0.240654,0.229448,0.00709346,-0.0722333
313.627,371,0.24286,0.231177,0.00761105,-0.0740299
314.493,370.5,0.245208,0.232993,0.008171,-0.0759924
315.359,370,0.244728,0.230789,0.00945887,-0.0808622
316.225,369.5,0.244214,0.228384,0.0108295,-0.0858111
317.091,369,0.243899,0.226021,0.012294,-0.0908297
317.957,368.5,0.244352,0.224323,0.0138582,-0.0958888
318.823,368,0.245131,0.222817,0.0154877,-0.101004
319.689,367.5,0.246233,0.221501,0.0171825,-0.106174
320.555,367,0.248875,0.222287,0.0177974,-0.110501
321.421,366.5,0.252035,0.223728,0.0179549,-0.11465
322.287,366,0.255232,0.225088,0.0180603,-0.118967
323.153,365.5,0.258474,0.226364,0.0181133,-0.123451
324.019,365,0.261765,0.227557,0.0181141,-0.128103
324.885,364.5,0.265111,0.228668,0.0180627,-0.132922
325.751,364,0.26881,0.228121,0.0206092,-0.140693
326.617,363.5,0.274925,0.227166,0.0271567,-0.152452
327.483,363,0.282387,0.227986,0.0346656,-0.162982
328.349,362.5,0.288872,0.227052,0.0433041,-0.173261
329.215,362,0.294535,0.224365,0.0530722,-0.183288
330.081,361.5,0.299554,0.219925,0.06397,-0.193063
330.947,361,0.304849,0.214708,0.0735567,-0.203527
331.813,360.5,0.320195,0.220837,0.0605781,-0.2238
332.679,360,0.342746,0.233345,0.0448534,-0.247009
333.546,359.5,0.372733,0.252234,0.0263825,-0.273152
334.412,359,0.410337,0.277502,0.00516555,-0.302229
335.278,358.5,0.455681,0.30915,-0.0187976,-0.334242
336.144,358,0.500467,0.342298,-0.0409107,-0.362802
337.01,357.5,0.499089,0.352283,0.0112293,-0.353356
337.876,357,0.498892,0.365664,0.0788616,-0.330097
338.742,356.5,0.511477,0.388277,0.143357,-0.300497
339.608,356,0.537029,0.420121,0.204716,-0.264556
340.474,355.5,0.575539,0.461197,0.262937,-0.222275
341.34,355,0.626842,0.511505,0.318022,-0.173652
342.206,354.5,0.644256,0.529455,0.332714,-0.155064
343.072,354,0.621499,0.495568,0.32701,-0.183679
343.938,353.5,0.61388,0.451115,0.351306,-0.223445
344.804,353,0.629826,0.396095,0.405603,-0.274365
345.67,352.5,0.65007,0.325865,0.464182,-0.317708
346.536,352,0.662079,0.253157,0.512748,-0.333691
347.402,351.5,0.654912,0.212007,0.545225,-0.294437
348.268,351,0.517387,0.281444,0.43096,-0.0524654
349.134,350.5,0.483631,0.314896,0.341589,0.134375
350,350,0.495136,0.31236,0.277112,0.266083
350.866,349.5,0.498821,0.273838,0.237529,0.342659
351.732,349,0.471128,0.19933,0.222841,0.364103
352.598,348.5,0.413977,0.0888345,0.233047,0.330416
353.464,348,0.385232,-0.058678,0.252177,0.28525
354.33,347.5,0.413863,-0.199549,0.253628,0.259105
355.196,347,0.459048,-0.259756,0.203651,0.319026
356.062,346.5,0.517328,-0.255025,0.129588,0.431043
356.928,346,0.586055,-0.249559,0.0680307,0.525883
357.794,345.5,0.651041,-0.243357,0.0189796,0.603548
358.66,345,0.680205,-0.215165,0.0170981,0.645051
359.526,344.5,0.686252,-0.172059,0.04191,0.663009
360.392,344,0.693277,-0.134546,0.057212,0.677685
361.258,343.5,0.699523,-0.102626,0.063004,0.68908
362.124,343,0.703857,-0.0763002,0.059286,0.697193
362.99,342.5,0.705726,-0.0555673,0.0460581,0.702026
363.856,342,0.69974,-0.0401814,0.0291562,0.697977
364.722,341.5,0.66693,-0.0445975,0.0237552,0.665013
365.588,341,0.632287,-0.061115,0.0146115,0.629157
366.454,340.5,0.600262,-0.0785931,0.00602112,0.595064
367.321,340,0.571044,-0.0970319,-0.00201596,0.562736
368.187,339.5,0.544843,-0.116431,-0.00949974,0.532173
369.053,339,0.521888,-0.136792,-0.0164302,0.503373
369.919,338.5,0.500209,-0.147096,-0.023747,0.477502
370.785,338,0.479267,-0.154694,-0.0307097,0.452575
371.651,337.5,0.45907,-0.160703,-0.0372168,0.42841
372.517,337,0.439508,-0.165122,-0.0432683,0.405006
373.383,336.5,0.420475,-0.167953,-0.0488644,0.382365
374.249,336,0.400295,-0.165468,-0.0502288,0.361017
375.115,335.5,0.378007,-0.160768,-0.0492048,0.338558
375.981,335,0.355033,-0.155533,-0.0477427,0.315561
376.847,334.5,0.332828,-0.150035,-0.0461879,0.29348
377.713,334,0.311376,-0.144273,-0.0445405,0.272317
378.579,333.5,0.290661,-0.138247,-0.0428004,0.252071
379.445,333,0.270665,-0.131957,-0.0409677,0.232742
380.311,332.5,0.250703,-0.124551,-0.0390617,0.21404
381.177,332,0.229655,-0.114855,-0.0370284,0.195393
382.043,331.5,0.209362,-0.105356,-0.0347651,0.17755
382.909,331,0.189819,-0.0960539,-0.0322717,0.160509
383.775,330.5,0.172547,-0.0883948,-0.0310984,0.144885
384.641,330,0.156175,-0.0813231,-0.0304587,0.129806
385.507,329.5,0.140045,-0.0742441,-0.0297717,0.114952
386.373,329,0.123546,-0.0629121,-0.0281151,0.102544
387.239,328.5,0.107652,-0.0519096,-0.0264464,0.0905259
388.105,328,0.0924235,-0.0414542,-0.024812,0.078791
388.971,327.5,0.0779009,-0.0315457,-0.0232121,0.0673396
389.837,327,0.0641557,-0.0221842,-0.0216464,0.0561716
390.703,326.5,0.0513253,-0.0133696,-0.0201152,0.0452871
391.569,326,0.0399377,-0.00473839,-0.0183533,0.0351528
392.435,325.5,0.0307594,0.00371837,-0.0164408,0.0257297
393.301,325,0.0259146,0.01051,-0.015009,0.0183259
394.167,324.5,0.0245904,0.0167744,-0.0137543,0.0115812
395.033,324,0.0265964,0.0229048,-0.0125457,0.00503428
395.899,323.5,0.0310899,0.0289012,-0.0113831,-0.00131477
396.765,323,0.0373302,0.0352179,-0.0102859,-0.00688774
397.631,322.5,0.0447168,0.0423171,-0.0092772,-0.0110808
398.497,322,0.0521709,0.0492376,-0.00831764,-0.0151089
399.363,321.5,0.0595692,0.0559793,-0.00740721,-0.0189721
400.229,321,0.0668456,0.0625424,-0.0065459,-0.0226703
401.095,320.5,0.0739621,0.0689267,-0.00573373,-0.0262036
401.962,320,0.08089,0.0751287,-0.00496915,-0.0295665
402.828,319.5,0.0870553,0.0806696,-0.00430318,-0.0324426
403.694,319,0.0930315,0.0860272,-0.00370199,-0.0352205
404.56,318.5,0.0988206,0.0912265,-0.0031254,-0.037861
405.426,318,0.104419,0.0962676,-0.00257341,-0.0403642
406.292,317.5,0.109825,0.10115,-0.00204602,-0.0427299
407.158,317,0.115035,0.105875,-0.00154323,-0.0449583
408.024,316.5,0.120043,0.110774,-0.00114452,-0.0462416
408.89,316,0.124857,0.115642,-0.000799635,-0.0470702
409.756,315.5,0.12948,0.12033,-0.000472672,-0.0478052
410.622,315,0.13391,0.124839,-0.000163628,-0.0484466
411.488,314.5,0.138149,0.129169,0.000127495,-0.0489945
412.354,314,0.141949,0.13296,0.000330913,-0.0497113
413.22,313.5,0.145453,0.13652,0.000518704,-0.0501849
414.086,313,0.148614,0.139849,0.000699233,-0.0502786
414.952,312.5,0.151666,0.143068,0.000868963,-0.0503315
415.818,312,0.154608,0.146178,0.00102789,-0.0503437
416.684,311.5,0.15744,0.149179,0.00117603,-0.0503152
417.55,311,0.160162,0.152071,0.00131336,-0.050246
418.416,310.5,0.16276,0.154855,0.00143573,-0.0500865
419.282,310,0.165064,0.157553,0.00149017,-0.0492021
420.148,309.5,0.167282,0.160143,0.00153806,-0.0483224
421.014,309,0.169412,0.162624,0.00157943,-0.0474472
421.88,308.5,0.171659,0.165118,0.00161162,-0.0469058
422.746,308,0.173832,0.167523,0.00163961,-0.0463779
423.612,307.5,0.175924,0.169835,0.00166352,-0.0458528
424.478,307,0.177664,0.171847,0.00167255,-0.0450595
425.344,306.5,0.179258,0.173717,0.00167494,-0.044193
426.21,306,0.180796,0.175515,0.00167444,-0.0433454
427.076,305.5,0.182279,0.177243,0.00167105,-0.0425168
427.942,305,0.183704,0.1789,0.00166476,-0.041707
428.808,304.5,0.185073,0.180485,0.00165559,-0.0409163
429.674,304,0.186296,0.181944,0.00163343,-0.0399972
430.54,303.5,0.187364,0.183269,0.00159702,-0.0389245
431.406,303,0.188425,0.18453,0.00156723,-0.0380813
432.272,302.5,0.189458,0.185751,0.00153747,-0.0372593
433.138,302,0.190461,0.186933,0.00150776,-0.0364584
434.004,301.5,0.191435,0.188075,0.00147808,-0.0356786
434.87,301,0.192351,0.189153,0.00144757,-0.0348995
435.737,300.5,0.193044,0.190022,0.00141101,-0.0339963
436.603,300,0.193721,0.190864,0.00137506,-0.0331192
437.469,299.5,0.194381,0.191679,0.0013397,-0.0322684
438.335,299,0.195024,0.192468,0.00130494,-0.0314436
439.201,298.5,0.195649,0.19323,0.00127078,-0.030645
440.067,298,0.196268,0.193976,0.00123771,-0.0298852
440.933,297.5,0.196876,0.1947,0.00120384,-0.0291649
441.799,297,0.197441,0.195379,0.00116914,-0.02844
442.665,296.5,0.197993,0.196037,0.00113509,-0.027736
443.531,296,0.19853,0.196675,0.0011017,-0.0270529
444.397,295.5,0.199052,0.197292,0.00106896,-0.0263908
445.263,295,0.199559,0.197888,0.00103689,-0.0257495
446.129,294.5,0.199988,0.198404,0.00100394,-0.0250939
446.995,294,0.200342,0.198845,0.000970171,-0.0244227
447.861,293.5,0.200688,0.199273,0.000937171,-0.0237724
448.727,293,0.201025,0.199686,0.000904943,-0.023143
449.593,292.5,0.201359,0.200091,0.000874643,-0.0225446
450.459,292,0.201713,0.200506,0.000851256,-0.0220175
451.325,291.5,0.202046,0.200897,0.000828104,-0.0214962
452.191,291,0.202303,0.201213,0.000803852,-0.0209483
453.057,290.5,0.202556,0.201523,0.000780201,-0.0204154
453.923,290,0.202805,0.201825,0.000757149,-0.0198973
454.789,289.5,0.20305,0.20212,0.000734697,-0.0193942
455.655,289,0.203291,0.202409,0.000712845,-0.018906
456.521,288.5,0.203528,0.20269,0.000691593,-0.0184328
457.387,288,0.203699,0.202905,0.000670017,-0.0179488
458.253,287.5,0.203858,0.203107,0.000648907,-0.0174749
459.119,287,0.204028,0.203315,0.000628496,-0.0170252
459.985,286.5,0.204238,0.203559,0.000608903,-0.0166232
460.851,286,0.204443,0.203797,0.000589775,-0.0162321
461.717,285.5,0.204645,0.204029,0.000571113,-0.0158517
462.583,285,0.204813,0.204227,0.000552667,-0.0154718
463.449,284.5,0.204956,0.204398,0.000534485,-0.0150937
464.315,284,0.205096,0.204566,0.000516777,-0.0147257
465.181,283.5,0.205234,0.20473,0.000499541,-0.0143678
466.047,283,0.20537,0.20489,0.000482779,-0.0140199
466.913,282.5,0.205503,0.205047,0.000466489,-0.0136821
467.779,282,0.205625,0.20519,0.000450544,-0.0133515
468.645,281.5,0.205718,0.205304,0.000435676,-0.0130271
469.512,281,0.205823,0.205429,0.000423849,-0.0127251
470.378,280.5,0.205928,0.205552,0.00041231,-0.0124305
471.244,280,0.206032,0.205674,0.000401057,-0.0121432
472.11,279.5,0.206135,0.205793,0.000390091,-0.0118632
472.976,279,0.206237,0.205911,0.000379413,-0.0115905
473.842,278.5,0.206309,0.205998,0.000368972,-0.011319
474.708,278,0.206378,0.206081,0.000358765,-0.0110537
475.574,277.5,0.206446,0.206164,0.000348793,-0.0107951
476.44,277,0.206515,0.206245,0.000339057,-0.0105432
477.306,276.5,0.206583,0.206326,0.000329557,-0.010298
478.172,276,0.206659,0.206413,0.000320179,-0.010065
479.038,275.5,0.206733,0.206498,0.000310737,-0.00984534
