x,v,vx,vy,vz
220.096,425,0.215271,-0.156205,0.0122022,0.147623
220.962,424.5,0.222281,-0.161161,0.0119265,0.152623
221.828,424,0.228966,-0.165452,0.0115003,0.157856
222.694,423.5,0.2353,-0.16899,0.0107618,0.16338
223.56,423,0.241878,-0.172669,0.00991151,0.169092
224.426,422.5,0.24859,-0.176319,0.0089819,0.175009
225.292,422,0.255442,-0.179941,0.00797293,0.18113
226.158,421.5,0.262435,-0.183534,0.00688461,0.187457
227.024,421,0.269378,-0.186855,0.00565708,0.193952
227.89,420.5,0.274238,-0.187331,0.00365027,0.20025
228.756,420,0.279155,-0.187571,0.00150419,0.206743
229.622,419.5,0.284142,-0.187573,-0.000781178,0.21343
230.488,419,0.289212,-0.187338,-0.00320582,0.220313
231.355,418.5,0.294379,-0.186867,-0.00576974,0.22739
232.221,418,0.29994,-0.186288,-0.00911684,0.234899
233.087,417.5,0.302217,-0.181382,-0.0136028,0.241351
233.953,417,0.303406,-0.174434,-0.0185905,0.247553
234.819,416.5,0.30464,-0.1666,-0.0238937,0.253927
235.685,416,0.306013,-0.157882,-0.0295122,0.260473
236.551,415.5,0.307628,-0.14828,-0.0354463,0.267192
237.417,415,0.309593,-0.137793,-0.0416958,0.274084
238.283,414.5,0.308615,-0.124522,-0.0481413,0.278244
239.149,414,0.303775,-0.107916,-0.0546751,0.278647
240.015,413.5,0.299253,-0.0902134,-0.0614102,0.278644
240.881,413,0.295274,-0.0714142,-0.0683467,0.278236
241.747,412.5,0.291412,-0.0495375,-0.0767755,0.276718
242.613,412,0.288248,-0.0255759,-0.0853755,0.274123
243.479,411.5,0.285462,-0.000482279,-0.0934284,0.269739
244.345,411,0.278061,0.0226857,-0.0991149,0.258804
245.211,410.5,0.271516,0.0462252,-0.104213,0.246423
246.077,410,0.266159,0.0701365,-0.108721,0.232596
246.943,409.5,0.262361,0.0944193,-0.112642,0.217325
247.809,409,0.260523,0.119074,-0.115973,0.200608
248.675,408.5,0.261046,0.1441,-0.118715,0.182447
249.541,408,0.260954,0.162184,-0.120956,0.164811
250.407,407.5,0.261631,0.178414,-0.122872,0.146703
251.273,407,0.258521,0.190007,-0.120392,0.127421
252.139,406.5,0.255477,0.200115,-0.117112,0.107272
253.005,406,0.253565,0.209503,-0.11381,0.086322
253.871,405.5,0.252931,0.21817,-0.110485,0.0645699
254.737,405,0.254196,0.224765,-0.109763,0.0452554
255.603,404.5,0.256824,0.229197,-0.112235,0.0288253
256.469,404,0.260141,0.232727,-0.115584,0.0123285
257.335,403.5,0.264129,0.235355,-0.11981,-0.00423501
258.201,403,0.268787,0.237081,-0.124914,-0.0208652
259.067,402.5,0.274123,0.237906,-0.130894,-0.0375621
259.933,402,0.281123,0.239156,-0.138063,-0.0526619
260.799,401.5,0.284811,0.239633,-0.139101,-0.0659101
261.665,401,0.287839,0.238172,-0.140363,-0.0801444
262.531,400.5,0.291111,0.235322,-0.142722,-0.0948678
263.397,400,0.294761,0.231082,-0.146176,-0.11008
264.263,399.5,0.298945,0.225453,-0.150726,-0.125782
265.13,399,0.303844,0.218434,-0.156371,-0.141972
265.996,398.5,0.302093,0.208089,-0.156291,-0.153402
266.862,398,0.299927,0.197322,-0.156519,-0.162857
267.728,397.5,0.298267,0.186479,-0.158005,-0.170947
268.594,397,0.297035,0.175561,-0.160749,-0.177673
269.46,396.5,0.296188,0.164567,-0.164751,-0.183035
270.326,396,0.30044,0.169655,-0.167955,-0.182407
271.192,395.5,0.303947,0.182663,-0.167213,-0.176233
272.058,395,0.307173,0.201332,-0.161817,-0.166241
272.924,394.5,0.312042,0.221053,-0.154655,-0.156805
273.79,394,0.318744,0.241826,-0.145726,-0.147924
274.656,393.5,0.327464,0.263651,-0.13503,-0.1396
275.522,393,0.338379,0.286528,-0.122567,-0.131831
276.388,392.5,0.348024,0.306785,-0.104771,-0.126595
277.254,392,0.346932,0.313685,-0.0743492,-0.128202
278.12,391.5,0.344839,0.316256,-0.0419662,-0.1309
278.986,391,0.341398,0.313795,-0.00766897,-0.134264
279.852,390.5,0.314854,0.288146,0.0241818,-0.124579
280.718,390,0.292215,0.263813,0.052302,-0.114265
281.584,389.5,0.27302,0.240797,0.0766916,-0.103322
282.45,389,0.246271,0.20985,0.088745,-0.09347
283.316,388.5,0.22343,0.18272,0.097318,-0.0840456
284.182,388,0.204664,0.160159,0.103041,-0.0749607
285.048,387.5,0.189246,0.142167,0.105915,-0.0662152
285.914,387,0.176466,0.128745,0.10594,-0.0578092
286.78,386.5,0.165774,0.119892,0.103115,-0.0497426
287.646,386,0.159547,0.119768,0.0951323,-0.0453971
288.512,385.5,0.15857,0.126332,0.0850043,-0.0442608
289.378,385,0.167503,0.141347,0.076939,-0.0464608
290.244,384.5,0.178066,0.15649,0.069411,-0.0489954
291.11,384,0.189969,0.171762,0.0624204,-0.0518646
291.976,383.5,0.202963,0.187161,0.0559672,-0.0550685
292.842,383,0.217728,0.203336,0.0501935,-0.0595038
293.708,382.5,0.234794,0.22071,0.0452538,-0.0660846
294.574,382,0.25178,0.237593,0.0408096,-0.0726442
295.44,381.5,0.268582,0.253983,0.0368608,-0.0791826
296.306,381,0.285126,0.269882,0.0334075,-0.0856998
297.172,380.5,0.301358,0.285288,0.0304497,-0.0921958
298.038,380,0.31639,0.299321,0.028519,-0.0984709
298.905,379.5,0.327645,0.308006,0.0309554,-0.107356
299.771,379,0.337621,0.315315,0.0335841,-0.115918
300.637,378.5,0.346305,0.321243,0.0363938,-0.124119
301.503,378,0.3537,0.325791,0.0393845,-0.131958
302.369,377.5,0.359815,0.328958,0.0425563,-0.139436
303.235,377,0.364661,0.330745,0.0459091,-0.146553
304.101,376.5,0.369122,0.329892,0.0507245,-0.157637
304.967,376,0.374049,0.328047,0.0555951,-0.1709
305.833,375.5,0.379262,0.326009,0.0597618,-0.184353
306.699,375,0.384748,0.323777,0.0632244,-0.197997
307.565,374.5,0.389159,0.320703,0.0657449,-0.210408
308.431,374,0.388293,0.31452,0.0670122,-0.21762
309.297,373.5,0.385698,0.304591,0.0689056,-0.22636
310.163,373,0.38295,0.290437,0.0717427,-0.239061
311.029,372.5,0.382522,0.277298,0.0738907,-0.252921
311.895,372,0.38443,0.265174,0.0753496,-0.26794
312.761,371.5,0.388672,0.254065,0.0761193,-0.284118
313.627,371,0.395225,0.24397,0.0761999,-0.301455
314.493,370.5,0.403663,0.234371,0.0757898,-0.319797
315.359,370,0.407888,0.216219,0.07884,-0.336758
316.225,369.5,0.417166,0.201387,0.0812621,-0.356184
317.091,369,0.430407,0.190581,0.0829875,-0.376885
317.957,368.5,0.444722,0.183714,0.0840266,-0.396189
318.823,368,0.461061,0.178319,0.084621,-0.416676
319.689,367.5,0.479318,0.174396,0.0847706,-0.438345
320.555,367,0.481406,0.153907,0.0863938,-0.447884
321.421,366.5,0.481225,0.13009,0.088691,-0.45474
322.287,366,0.485402,0.109857,0.0910214,-0.463963
323.153,365.5,0.493519,0.0932088,0.0933848,-0.475555
324.019,365,0.505194,0.0801453,0.0957813,-0.489514
324.885,364.5,0.520109,0.0706667,0.098211,-0.50584
325.751,364,0.534111,0.0572279,0.0981318,-0.521891
326.617,363.5,0.543458,0.0332463,0.0962928,-0.533825
327.483,363,0.553953,0.00925266,0.0962034,-0.545456
328.349,362.5,0.56633,-0.0120572,0.0974023,-0.557761
329.215,362,0.580226,-0.0306833,0.0998896,-0.570739
330.081,361.5,0.595342,-0.0466257,0.103665,-0.58439
330.947,361,0.614209,-0.0604509,0.106335,-0.601906
331.813,360.5,0.660265,-0.079373,0.0895302,-0.649334
332.679,360,0.710487,-0.100648,0.0747216,-0.699341
333.546,359.5,0.764639,-0.124276,0.0619088,-0.751928
334.412,359,0.82255,-0.150256,0.0510919,-0.807094
335.278,358.5,0.884098,-0.17859,0.042271,-0.86484
336.144,358,0.943743,-0.197693,0.0316752,-0.922261
337.01,357.5,0.938915,-0.184047,0.041194,-0.919778
337.876,357,0.917932,-0.156544,0.0535621,-0.902898
338.742,356.5,0.897177,-0.118062,0.0615968,-0.88724
339.608,356,0.877926,-0.068599,0.0652982,-0.872803
340.474,355.5,0.862055,-0.00815595,0.0646661,-0.859588
341.34,355,0.852046,0.0632674,0.0597008,-0.847594
342.206,354.5,0.800767,0.110341,0.0811128,-0.78897
343.072,354,0.687444,0.119566,0.140612,-0.662202
343.938,353.5,0.569414,0.127094,0.206764,-0.5151
344.804,353,0.465507,0.132925,0.279569,-0.347663
345.67,352.5,0.417247,0.108605,0.331449,-0.229002
346.536,352,0.404803,0.0376202,0.338906,-0.218158
347.402,351.5,0.420391,-0.0489736,0.325217,-0.261847
348.268,351,0.469653,-0.118318,0.312674,-0.329863
349.134,350.5,0.501901,-0.17555,0.324401,-0.340368
350,350,0.514434,-0.22067,0.360398,-0.293362
350.866,349.5,0.526282,-0.253677,0.420664,-0.188845
351.732,349,0.575618,-0.274573,0.505199,-0.026817
352.598,348.5,0.70316,-0.283356,0.614004,0.192722
353.464,348,0.70724,-0.312656,0.590151,0.232713
354.33,347.5,0.687197,-0.350833,0.549486,0.217303
355.196,347,0.659226,-0.397152,0.495014,0.178355
356.062,346.5,0.639202,-0.441939,0.437672,0.147351
356.928,346,0.64067,-0.47877,0.402224,0.139475
357.794,345.5,0.657805,-0.507646,0.388668,0.154728
358.66,345,0.654406,-0.489947,0.365758,0.233283
359.526,344.5,0.64342,-0.437005,0.3178,0.349313
360.392,344,0.657046,-0.385609,0.266876,0.460209
361.258,343.5,0.691679,-0.335758,0.212986,0.565971
362.124,343,0.742536,-0.287452,0.15613,0.666599
362.99,342.5,0.804981,-0.240691,0.0963089,0.762094
363.856,342,0.85893,-0.196949,0.0444941,0.834861
364.722,341.5,0.849093,-0.160362,0.0362738,0.833023
365.588,341,0.835559,-0.12468,0.0300624,0.825657
366.454,340.5,0.822722,-0.0902234,0.0228158,0.817442
367.321,340,0.810515,-0.0569921,0.014534,0.808379
368.187,339.5,0.798875,-0.0249862,0.00521708,0.798467
369.053,339,0.787744,0.00579419,-0.00513504,0.787706
369.919,338.5,0.783265,0.0454008,-0.0103039,0.78188
370.785,338,0.780246,0.083252,-0.0149389,0.775648
371.651,337.5,0.777619,0.118121,-0.0196977,0.768343
372.517,337,0.775018,0.150007,-0.0245802,0.759965
373.383,336.5,0.772111,0.17891,-0.0295865,0.750514
374.249,336,0.766846,0.203661,-0.0348321,0.738486
375.115,335.5,0.761524,0.221903,-0.0361297,0.72758
375.981,335,0.75719,0.236251,-0.0348556,0.718545
376.847,334.5,0.752752,0.249524,-0.0338536,0.709385
377.713,334,0.748154,0.261723,-0.0331238,0.700099
378.579,333.5,0.743344,0.272847,-0.0326662,0.690687
379.445,333,0.738275,0.282897,-0.0324808,0.681149
380.311,332.5,0.73297,0.291455,-0.0319298,0.671774
381.177,332,0.727651,0.297993,-0.0298676,0.663162
382.043,331.5,0.722179,0.303753,-0.0280008,0.654593
382.909,331,0.716529,0.308736,-0.0263295,0.646067
383.775,330.5,0.709547,0.311606,-0.0247037,0.636984
384.641,330,0.702165,0.313463,-0.0231621,0.627886
385.507,329.5,0.694857,0.314877,-0.021755,0.619036
386.373,329,0.683194,0.313736,-0.0194606,0.606584
387.239,328.5,0.671568,0.312268,-0.0172436,0.594302
388.105,328,0.660191,0.310578,-0.0151531,0.582377
388.971,327.5,0.649056,0.308668,-0.013189,0.57081
389.837,327,0.638159,0.306537,-0.0113514,0.559601
390.703,326.5,0.627492,0.304185,-0.00964031,0.548749
391.569,326,0.616428,0.301423,-0.0083146,0.537641
392.435,325.5,0.605264,0.298401,-0.00719557,0.526545
393.301,325,0.593712,0.294327,-0.00603531,0.515586
394.167,324.5,0.582226,0.28991,-0.00491443,0.504891
395.033,324,0.570984,0.28541,-0.00385956,0.494519
395.899,323.5,0.559986,0.280828,-0.0028707,0.48447
396.765,323,0.549298,0.276308,-0.00207652,0.474739
397.631,322.5,0.538998,0.272036,-0.00158961,0.46531
398.497,322,0.528945,0.267727,-0.00112844,0.456184
399.363,321.5,0.519137,0.263382,-0.000693019,0.447362
400.229,321,0.509573,0.258999,-0.000283336,0.438844
401.095,320.5,0.500253,0.254581,0.000100604,0.430629
401.962,320,0.491179,0.250131,0.000456303,0.422718
402.828,319.5,0.482219,0.245661,0.000600168,0.414953
403.694,319,0.473367,0.24108,0.000745264,0.407377
404.56,318.5,0.464697,0.2365,0.000880609,0.400013
405.426,318,0.456211,0.231923,0.0010062,0.39286
406.292,317.5,0.447909,0.227347,0.00112204,0.38592
407.158,317,0.43979,0.222772,0.00122814,0.379192
408.024,316.5,0.432019,0.218657,0.00123105,0.372597
408.89,316,0.424477,0.214746,0.00118984,0.366146
409.756,315.5,0.417085,0.21084,0.00114672,0.359868
410.622,315,0.409844,0.206937,0.00110169,0.353763
411.488,314.5,0.402755,0.203039,0.00105474,0.34783
412.354,314,0.39555,0.198684,0.00103051,0.342029
413.22,313.5,0.388556,0.194553,0.000978949,0.336339
414.086,313,0.381834,0.190839,0.000882949,0.330722
414.952,312.5,0.375236,0.187153,0.000784136,0.325231
415.818,312,0.368762,0.183495,0.000682511,0.319866
416.684,311.5,0.362413,0.179865,0.000578074,0.314629
417.55,311,0.356189,0.176264,0.000470825,0.309518
418.416,310.5,0.350099,0.172729,0.000358809,0.304522
419.282,310,0.344246,0.169763,0.000215339,0.299475
420.148,309.5,0.338502,0.166823,6.77465e-05,0.294539
421.014,309,0.332868,0.16391,-8.3969e-05,0.289715
421.88,308.5,0.327143,0.160687,-0.000221989,0.28496
422.746,308,0.321515,0.157488,-0.000362201,0.280302
423.612,307.5,0.315992,0.154325,-0.000505157,0.275744
424.478,307,0.310658,0.151611,-0.000660366,0.27115
425.344,306.5,0.305446,0.149064,-0.000822049,0.266602
426.21,306,0.300326,0.146547,-0.000987126,0.262142
427.076,305.5,0.295297,0.144059,-0.0011556,0.257771
427.942,305,0.290359,0.141599,-0.00132746,0.253488
428.808,304.5,0.285513,0.139168,-0.00150272,0.249294
429.674,304,0.280797,0.136993,-0.00167595,0.245106
430.54,303.5,0.276216,0.13513,-0.00184563,0.240898
431.406,303,0.27156,0.133036,-0.00197993,0.236733
432.272,302.5,0.266985,0.130972,-0.00211651,0.232643
433.138,302,0.26249,0.128937,-0.00225537,0.228629
434.004,301.5,0.258076,0.126931,-0.0023965,0.224691
434.87,301,0.253756,0.125012,-0.00253763,0.220812
435.737,300.5,0.249617,0.123539,-0.00266528,0.216886
436.603,300,0.245551,0.122088,-0.00279649,0.213031
437.469,299.5,0.241561,0.120658,-0.00293126,0.209248
438.335,299,0.237645,0.119249,-0.0030696,0.205537
439.201,298.5,0.233804,0.117861,-0.00321149,0.201898
440.067,298,0.230024,0.116475,-0.0033548,0.198327
440.933,297.5,0.226277,0.115261,-0.0034588,0.19469
441.799,297,0.222618,0.114148,-0.00356033,0.191092
442.665,296.5,0.219024,0.113053,-0.00366457,0.187556
443.531,296,0.215496,0.111975,-0.00377153,0.184081
444.397,295.5,0.212032,0.110914,-0.0038812,0.180667
445.263,295,0.208633,0.10987,-0.00399358,0.177314
446.129,294.5,0.20537,0.109032,-0.00409886,0.173989
446.995,294,0.202243,0.108399,-0.00419672,0.170688
447.861,293.5,0.199179,0.107774,-0.00429729,0.167448
448.727,293,0.196178,0.107158,-0.00440058,0.164267
449.593,292.5,0.193218,0.106527,-0.00449654,0.161136
450.459,292,0.190202,0.105776,-0.00454017,0.158011
451.325,291.5,0.187266,0.105095,-0.0045814,0.154928
452.191,291,0.184507,0.104694,-0.00460682,0.151858
453.057,290.5,0.181801,0.104297,-0.00463335,0.148836
453.923,290,0.179148,0.103904,-0.00466098,0.145863
454.789,289.5,0.176548,0.103517,-0.00468971,0.142939
455.655,289,0.174001,0.103133,-0.00471955,0.140063
456.521,288.5,0.171508,0.102755,-0.00475049,0.137236
457.387,288,0.169207,0.102621,-0.0047709,0.134451
458.253,287.5,0.166979,0.102525,-0.0047902,0.131711
459.119,287,0.164781,0.1024,-0.00480558,0.129012
459.985,286.5,0.162556,0.102175,-0.00480494,0.126339
460.851,286,0.160377,0.101952,-0.00480474,0.123708
461.717,285.5,0.158246,0.10173,-0.00480497,0.121118
462.583,285,0.156248,0.101641,-0.00479836,0.118574
463.449,284.5,0.15437,0.101658,-0.00478619,0.116072
464.315,284,0.152536,0.101673,-0.00477452,0.113609
465.181,283.5,0.150747,0.101685,-0.00476333,0.111185
466.047,283,0.149002,0.101694,-0.00475263,0.108799
466.913,282.5,0.1473,0.101701,-0.00474242,0.106451
467.779,282,0.145681,0.101752,-0.00473086,0.104149
468.645,281.5,0.144206,0.101931,-0.00470245,0.101899
469.512,281,0.142717,0.102048,-0.00464576,0.0996629
470.378,280.5,0.141266,0.102161,-0.00458896,0.0974587
471.244,280,0.139854,0.102269,-0.00453206,0.095286
472.11,279.5,0.138479,0.102374,-0.00447504,0.093145
472.976,279,0.137142,0.102474,-0.00441792,0.0910356
473.842,278.5,0.135979,0.102724,-0.00435192,0.0889886
474.708,278,0.134863,0.102982,-0.00428554,0.0869736
475.574,277.5,0.133782,0.103233,-0.00421959,0.0849876
476.44,277,0.132736,0.103477,-0.00415405,0.0830306
477.306,276.5,0.131723,0.103714,-0.00408894,0.0811027
478.172,276,0.130731,0.103928,-0.0040289,0.0792036
479.038,275.5,0.129828,0.104189,-0.00397638,0.0773584
