x,v,vx,vy,vz
220.096,425,0.209697,0.209675,-7.69406e-05,-0.0030661
220.962,424.5,0.209728,0.209705,-7.87547e-05,-0.00312444
221.828,424,0.209759,0.209735,-8.06109e-05,-0.00318548
222.694,423.5,0.209792,0.209767,-8.2426e-05,-0.00324877
223.56,423,0.209827,0.209801,-8.42072e-05,-0.00331203
224.426,422.5,0.209864,0.209837,-8.6008e-05,-0.00337607
225.292,422,0.209901,0.209873,-8.78284e-05,-0.00344089
226.158,421.5,0.20994,0.209911,-8.96685e-05,-0.00350648
227.024,421,0.20998,0.20995,-9.15401e-05,-0.00357342
227.89,420.5,0.210019,0.209987,-9.35852e-05,-0.00364752
228.756,420,0.210058,0.210025,-9.5688e-05,-0.00372257
229.622,419.5,0.210099,0.210065,-9.78484e-05,-0.00379857
230.488,419,0.210141,0.210106,-0.000100067,-0.00387551
231.355,418.5,0.210185,0.210148,-0.000102342,-0.00395339
232.221,418,0.210231,0.210192,-0.000104934,-0.00403166
233.087,417.5,0.210277,0.210237,-0.000107544,-0.00411617
233.953,417,0.210324,0.210282,-0.00011019,-0.00420364
234.819,416.5,0.210372,0.210328,-0.000112917,-0.00429245
235.685,416,0.210422,0.210376,-0.000115723,-0.00438261
236.551,415.5,0.210473,0.210426,-0.000118609,-0.00447412
237.417,415,0.210526,0.210476,-0.000121574,-0.00456698
238.283,414.5,0.210577,0.210526,-0.000124721,-0.00466629
239.149,414,0.210627,0.210573,-0.000128054,-0.00477344
240.015,413.5,0.210679,0.210622,-0.000131444,-0.00488243
240.881,413,0.210732,0.210672,-0.000134892,-0.00499326
241.747,412.5,0.210795,0.210734,-0.000138196,-0.00509959
242.613,412,0.210864,0.2108,-0.000141538,-0.00520541
243.479,411.5,0.210935,0.210868,-0.00014495,-0.00531377
244.345,411,0.211008,0.210938,-0.000148251,-0.005432
245.211,410.5,0.211083,0.21101,-0.000151598,-0.00555168
246.077,410,0.211162,0.211086,-0.000154991,-0.00567283
246.943,409.5,0.211244,0.211165,-0.00015843,-0.00579545
247.809,409,0.21133,0.211247,-0.000161916,-0.00591952
248.675,408.5,0.211419,0.211333,-0.000165448,-0.00604505
249.541,408,0.211503,0.211412,-0.000169596,-0.0061872
250.407,407.5,0.211588,0.211493,-0.000173992,-0.0063344
251.273,407,0.211669,0.211569,-0.000179054,-0.00648694
252.139,406.5,0.21175,0.211646,-0.000184321,-0.00664311
253.005,406,0.211834,0.211725,-0.000189695,-0.00680235
253.871,405.5,0.21192,0.211806,-0.000195174,-0.00696466
254.737,405,0.212009,0.211889,-0.00020032,-0.00713671
255.603,404.5,0.2121,0.211974,-0.000205199,-0.00731868
256.469,404,0.212195,0.212062,-0.000210252,-0.00750428
257.335,403.5,0.212292,0.212152,-0.000215478,-0.00769351
258.201,403,0.212391,0.212245,-0.000220878,-0.00788636
259.067,402.5,0.212494,0.21234,-0.000226453,-0.00808284
259.933,402,0.212594,0.212432,-0.000232386,-0.00829028
260.799,401.5,0.212724,0.212553,-0.00023872,-0.00850563
261.665,401,0.212865,0.212686,-0.000245249,-0.00872026
262.531,400.5,0.213015,0.212827,-0.000252034,-0.00893683
263.397,400,0.213172,0.212975,-0.000259075,-0.00915534
264.263,399.5,0.213336,0.21313,-0.000266371,-0.00937579
265.13,399,0.213508,0.213292,-0.000273922,-0.00959818
265.996,398.5,0.2137,0.213473,-0.000279134,-0.00983609
266.862,398,0.213904,0.213667,-0.000283963,-0.0100787
267.728,397.5,0.21412,0.213871,-0.000288748,-0.0103242
268.594,397,0.214348,0.214087,-0.000293491,-0.0105726
269.46,396.5,0.214587,0.214314,-0.000298191,-0.0108238
270.326,396,0.214769,0.214482,-0.000304889,-0.011103
271.192,395.5,0.214922,0.214617,-0.000313964,-0.0114272
272.058,395,0.215053,0.21473,-0.000324764,-0.0117914
272.924,394.5,0.215189,0.214845,-0.000335715,-0.0121666
273.79,394,0.215329,0.214962,-0.000346818,-0.012553
274.656,393.5,0.215473,0.215083,-0.000358072,-0.0129505
275.522,393,0.215621,0.215206,-0.000369478,-0.0133591
276.388,392.5,0.215782,0.215341,-0.000379129,-0.0137792
277.254,392,0.215975,0.215507,-0.000383309,-0.0142109
278.12,391.5,0.216173,0.215676,-0.000387823,-0.0146525
278.986,391,0.216383,0.215855,-0.000392597,-0.0151009
279.852,390.5,0.216798,0.216246,-0.000394944,-0.0154558
280.718,390,0.217242,0.216666,-0.000396677,-0.0158155
281.584,389.5,0.217715,0.217113,-0.000397794,-0.01618
282.45,389,0.218081,0.217439,-0.000404372,-0.0167076
283.316,388.5,0.218458,0.217776,-0.000412119,-0.0172481
284.182,388,0.218857,0.218133,-0.000420656,-0.0177902
285.048,387.5,0.219278,0.21851,-0.000429983,-0.018334
285.914,387,0.219721,0.218908,-0.0004401,-0.0188794
286.78,386.5,0.220185,0.219326,-0.000451006,-0.0194264
287.646,386,0.220778,0.219873,-0.000443819,-0.019963
288.512,385.5,0.22145,0.220498,-0.000423886,-0.0205097
289.378,385,0.221893,0.220882,-0.000405024,-0.0211535
290.244,384.5,0.222349,0.221277,-0.000386396,-0.0218059
291.11,384,0.222817,0.221681,-0.000368001,-0.022467
291.976,383.5,0.223297,0.222095,-0.000349839,-0.0231368
292.842,383,0.223675,0.222389,-0.000334771,-0.023942
293.708,382.5,0.2238,0.222391,-0.000324639,-0.0250714
294.574,382,0.223934,0.22239,-0.000311964,-0.0262502
295.44,381.5,0.224078,0.222386,-0.000296747,-0.0274783
296.306,381,0.224231,0.222379,-0.000278987,-0.0287557
297.172,380.5,0.224395,0.22237,-0.000258685,-0.0300825
298.038,380,0.224666,0.222461,-0.000235828,-0.0314001
298.905,379.5,0.225864,0.223571,-0.000155078,-0.0321028
299.771,379,0.227182,0.224796,-6.61375e-05,-0.0328393
300.637,378.5,0.228616,0.226132,3.04747e-05,-0.0336129
301.503,378,0.230168,0.22758,0.000134758,-0.0344234
302.369,377.5,0.231838,0.229139,0.000246714,-0.035271
303.235,377,0.233624,0.230809,0.00036634,-0.0361556
304.101,376.5,0.234804,0.231749,0.000507434,-0.0377512
304.967,376,0.235709,0.232344,0.000661031,-0.0396806
305.833,375.5,0.236679,0.23299,0.000820159,-0.0416152
306.699,375,0.237712,0.233686,0.000984818,-0.0435549
307.565,374.5,0.238604,0.234218,0.00115957,-0.0455239
308.431,374,0.238792,0.233988,0.00136462,-0.0476389
309.297,373.5,0.239414,0.234221,0.00161953,-0.0495683
310.163,373,0.240898,0.235428,0.00194029,-0.051006
311.029,372.5,0.242554,0.236814,0.00226946,-0.0524065
311.895,372,0.244382,0.238379,0.00260703,-0.05377
312.761,371.5,0.246381,0.240123,0.002953,-0.0550964
313.627,371,0.248549,0.242047,0.00330737,-0.0563857
314.493,370.5,0.250753,0.243975,0.00369453,-0.0577905
315.359,370,0.250231,0.24227,0.00462544,-0.0624432
316.225,369.5,0.249665,0.24036,0.00562154,-0.0672896
317.091,369,0.249547,0.238781,0.00669696,-0.0721995
317.957,368.5,0.250749,0.238572,0.0078811,-0.0767859
318.823,368,0.252115,0.238479,0.00914201,-0.0812777
319.689,367.5,0.253639,0.238501,0.0104797,-0.0856749
320.555,367,0.257685,0.241735,0.0110366,-0.0885648
321.421,366.5,0.262847,0.246273,0.0112488,-0.0911666
322.287,366,0.268271,0.250986,0.0114147,-0.09405
323.153,365.5,0.27396,0.255872,0.0115346,-0.097215
324.019,365,0.279916,0.260932,0.0116083,-0.100662
324.885,364.5,0.286141,0.266166,0.0116359,-0.10439
325.751,364,0.291499,0.268999,0.0138755,-0.111439
326.617,363.5,0.296132,0.268934,0.0196763,-0.122399
327.483,363,0.300057,0.268408,0.0264684,-0.131495
328.349,362.5,0.302758,0.266128,0.0341529,-0.140257
329.215,362,0.304347,0.262095,0.0427298,-0.148687
330.081,361.5,0.304959,0.256309,0.0521991,-0.156783
330.947,361,0.306072,0.250535,0.060638,-0.165032
331.813,360.5,0.322016,0.263005,0.0515898,-0.178498
332.679,360,0.344438,0.281727,0.0409024,-0.193892
333.546,359.5,0.373489,0.306701,0.0285756,-0.211215
334.412,359,0.409295,0.337927,0.0146096,-0.230466
335.278,358.5,0.451946,0.375405,-0.00099561,-0.251646
336.144,358,0.493489,0.412306,-0.0152134,-0.270746
337.01,357.5,0.486503,0.411036,0.0328142,-0.258182
337.876,357,0.480291,0.409025,0.0964971,-0.232522
338.742,356.5,0.488009,0.415138,0.160176,-0.200393
339.608,356,0.510538,0.429376,0.22385,-0.161793
340.474,355.5,0.548051,0.451738,0.28752,-0.116723
341.34,355,0.600101,0.482226,0.351185,-0.0651826
342.206,354.5,0.616031,0.484734,0.374711,-0.0641773
343.072,354,0.585321,0.436614,0.368871,-0.126109
343.938,353.5,0.566978,0.37163,0.384093,-0.189283
344.804,353,0.570137,0.289785,0.420377,-0.2537
345.67,352.5,0.587771,0.201522,0.457403,-0.309267
346.536,352,0.611937,0.127072,0.4912,-0.342115
347.402,351.5,0.614201,0.096788,0.515165,-0.320125
348.268,351,0.480178,0.231111,0.406613,-0.108743
349.134,350.5,0.457006,0.316188,0.324946,0.0573513
350,350,0.478173,0.352021,0.270166,0.178159
350.866,349.5,0.48755,0.338607,0.242273,0.25368
351.732,349,0.463642,0.275949,0.241265,0.283914
352.598,348.5,0.412993,0.164045,0.267144,0.268861
353.464,348,0.374202,0.0377547,0.278457,0.247111
354.33,347.5,0.363995,-0.0900152,0.270186,0.226691
355.196,347,0.3649,-0.131677,0.204244,0.272209
356.062,346.5,0.396558,-0.102835,0.112962,0.365954
356.928,346,0.454576,-0.0849244,0.0422286,0.444571
357.794,345.5,0.514066,-0.0779454,-0.00795625,0.508061
358.66,345,0.542504,-0.0796418,-0.00251307,0.53662
359.526,344.5,0.549933,-0.0796006,0.0329158,0.543145
360.392,344,0.557259,-0.0765483,0.0601717,0.548687
361.258,343.5,0.56332,-0.0704848,0.0792545,0.553245
362.124,343,0.567407,-0.0614102,0.0901644,0.556821
362.99,342.5,0.569216,-0.0493244,0.0929014,0.559413
363.856,342,0.571439,-0.0327606,0.0921913,0.563001
364.722,341.5,0.563427,-0.0232321,0.0847074,0.556538
365.588,341,0.542857,-0.0249834,0.0650991,0.53836
366.454,340.5,0.522035,-0.0299543,0.047676,0.51899
367.321,340,0.500937,-0.0381446,0.0324383,0.498428
368.187,339.5,0.479636,-0.0495545,0.0193859,0.476675
369.053,339,0.458327,-0.064184,0.00851872,0.45373
369.919,338.5,0.429108,-0.0814183,-0.00303028,0.421302
370.785,338,0.401482,-0.0978855,-0.0138872,0.389119
371.651,337.5,0.376532,-0.113445,-0.0237902,0.358246
372.517,337,0.354281,-0.128098,-0.0327391,0.328685
373.383,336.5,0.334723,-0.141843,-0.040734,0.300435
374.249,336,0.314542,-0.144163,-0.0432994,0.276186
375.115,335.5,0.292299,-0.137488,-0.042615,0.2544
375.981,335,0.269762,-0.128166,-0.041231,0.233762
376.847,334.5,0.247882,-0.118586,-0.0398164,0.214003
377.713,334,0.226653,-0.108749,-0.0383713,0.195123
378.579,333.5,0.206073,-0.0986544,-0.0368956,0.177121
379.445,333,0.186143,-0.088302,-0.0353894,0.159998
380.311,332.5,0.166257,-0.0783044,-0.033811,0.142711
381.177,332,0.145382,-0.0695971,-0.0320184,0.12356
382.043,331.5,0.125202,-0.0604459,-0.0300841,0.105436
382.909,331,0.105708,-0.0508508,-0.0280081,0.0883396
383.775,330.5,0.0887206,-0.0431737,-0.0259322,0.0730404
384.641,330,0.0729813,-0.0363647,-0.0239418,0.0585719
385.507,329.5,0.0578207,-0.0295629,-0.0220095,0.0445517
386.373,329,0.0418014,-0.0178951,-0.0199269,0.0320943
387.239,328.5,0.0279165,-0.00645276,-0.017884,0.0204415
388.105,328,0.0190806,0.00451852,-0.0158906,0.00954677
388.971,327.5,0.0205042,0.0150188,-0.0139467,-0.000589987
389.837,327,0.0295302,0.0250479,-0.0120523,-0.00996874
390.703,326.5,0.0405874,0.034606,-0.0102074,-0.0185895
391.569,326,0.0518113,0.0439419,-0.00834138,-0.0261524
392.435,325.5,0.0627029,0.0529941,-0.00654247,-0.0328706
393.301,325,0.0715497,0.0601014,-0.00540879,-0.0384439
394.167,324.5,0.0796628,0.0665735,-0.00448883,-0.0435199
395.033,324,0.087479,0.072865,-0.00362263,-0.0482716
395.899,323.5,0.0949854,0.0789756,-0.00281018,-0.0526991
396.765,323,0.102285,0.0854639,-0.002128,-0.0561563
397.631,322.5,0.109502,0.0928561,-0.00164284,-0.0580149
398.497,322,0.116405,0.0999501,-0.00118724,-0.0596557
399.363,321.5,0.122987,0.106746,-0.000761203,-0.0610787
400.229,321,0.129242,0.113243,-0.000364738,-0.062284
401.095,320.5,0.135165,0.119442,2.15957e-06,-0.0632715
401.962,320,0.140747,0.12534,0.000339587,-0.0640279
402.828,319.5,0.14544,0.130603,0.00059362,-0.0639936
403.694,319,0.149978,0.135619,0.000820595,-0.0640318
404.56,318.5,0.154316,0.14041,0.00103368,-0.0640122
405.426,318,0.158451,0.144974,0.00123287,-0.0639346
406.292,317.5,0.162378,0.149313,0.00141818,-0.063799
407.158,317,0.166095,0.153425,0.00158959,-0.0636056
408.024,316.5,0.169212,0.157255,0.00169856,-0.0624571
408.89,316,0.172021,0.160856,0.00177555,-0.0609368
409.756,315.5,0.174698,0.16426,0.00184245,-0.0594529
410.622,315,0.177237,0.167465,0.00189926,-0.0580054
411.488,314.5,0.179632,0.170472,0.00194598,-0.0565945
412.354,314,0.181961,0.173238,0.00196993,-0.0556289
413.22,313.5,0.183953,0.175686,0.00197775,-0.054492
414.086,313,0.18548,0.17773,0.00196614,-0.0530188
414.952,312.5,0.186963,0.179694,0.00195276,-0.0515903
415.818,312,0.188399,0.181576,0.00193763,-0.0502065
416.684,311.5,0.189787,0.183377,0.00192072,-0.0488673
417.55,311,0.191123,0.185098,0.00190206,-0.0475729
418.416,310.5,0.192382,0.186719,0.00187972,-0.0462967
419.282,310,0.193254,0.188006,0.00182949,-0.0446948
420.148,309.5,0.194106,0.18924,0.00177963,-0.0431553
421.014,309,0.194935,0.19042,0.00173013,-0.0416781
421.88,308.5,0.196002,0.191756,0.001691,-0.040543
422.746,308,0.197042,0.193044,0.00165231,-0.0394558
423.612,307.5,0.198044,0.194277,0.00161372,-0.0384072
424.478,307,0.198765,0.195236,0.00156691,-0.0372536
425.344,306.5,0.199386,0.196086,0.00151803,-0.0360938
426.21,306,0.199991,0.196903,0.00146993,-0.0349759
427.076,305.5,0.200577,0.197687,0.00142262,-0.0339
427.942,305,0.201145,0.198437,0.00137608,-0.032866
428.808,304.5,0.201693,0.199154,0.00133033,-0.031874
429.674,304,0.202137,0.199761,0.00128227,-0.0308721
430.54,303.5,0.202464,0.200248,0.00123181,-0.0298473
431.406,303,0.202858,0.200777,0.001194,-0.0289571
432.272,302.5,0.203245,0.201291,0.00115719,-0.0280952
433.138,302,0.203627,0.20179,0.0011214,-0.0272616
434.004,301.5,0.204001,0.202275,0.00108661,-0.0264563
434.87,301,0.204349,0.202728,0.00105241,-0.0256724
435.737,300.5,0.204556,0.203037,0.00101622,-0.0248654
436.603,300,0.204763,0.20334,0.00098117,-0.0240853
437.469,299.5,0.20497,0.203635,0.000947258,-0.023332
438.335,299,0.205175,0.203924,0.000914486,-0.0226057
439.201,298.5,0.20538,0.204206,0.000882854,-0.0219062
440.067,298,0.205591,0.204489,0.000852522,-0.0212405
440.933,297.5,0.205799,0.20476,0.000823231,-0.0206384
441.799,297,0.205983,0.205004,0.000794403,-0.020048
442.665,296.5,0.206165,0.205242,0.00076639,-0.0194752
443.531,296,0.206344,0.205473,0.000739192,-0.01892
444.397,295.5,0.20652,0.205699,0.000712808,-0.0183825
445.263,295,0.206692,0.205917,0.00068724,-0.0178627
446.129,294.5,0.206822,0.206092,0.000661929,-0.0173527
446.995,294,0.206911,0.206222,0.000636787,-0.0168509
447.861,293.5,0.207,0.206351,0.000612367,-0.0163649
448.727,293,0.207088,0.206476,0.000588669,-0.0158945
449.593,292.5,0.207181,0.206604,0.000566508,-0.0154438
450.459,292,0.207302,0.206755,0.000549335,-0.0150279
451.325,291.5,0.207411,0.206894,0.00053264,-0.014623
452.191,291,0.207474,0.206986,0.000516314,-0.0142244
453.057,290.5,0.207539,0.207076,0.000500388,-0.0138367
453.923,290,0.207604,0.207166,0.000484863,-0.01346
454.789,289.5,0.207669,0.207255,0.000469738,-0.0130941
455.655,289,0.207735,0.207344,0.000455013,-0.0127393
456.521,288.5,0.207802,0.207432,0.000440688,-0.0123953
457.387,288,0.207833,0.207482,0.000426554,-0.0120598
458.253,287.5,0.207859,0.207527,0.000412799,-0.0117336
459.119,287,0.207894,0.207579,0.00039941,-0.0114209
459.985,286.5,0.207955,0.207656,0.000386216,-0.0111314
460.851,286,0.208016,0.207732,0.000373361,-0.0108494
461.717,285.5,0.208076,0.207807,0.000360843,-0.010575
462.583,285,0.208118,0.207863,0.00034872,-0.0103088
463.449,284.5,0.208147,0.207904,0.000336985,-0.0100498
464.315,284,0.208176,0.207945,0.000325591,-0.00979746
465.181,283.5,0.208205,0.207986,0.000314539,-0.00955167
466.047,283,0.208235,0.208026,0.000303827,-0.00931248
466.913,282.5,0.208265,0.208067,0.000293456,-0.00907987
467.779,282,0.20829,0.208102,0.00028338,-0.00885419
468.645,281.5,0.208301,0.208122,0.000274013,-0.00863786
469.512,281,0.208324,0.208153,0.000266304,-0.0084323
470.378,280.5,0.208346,0.208184,0.000258787,-0.0082315
471.244,280,0.20837,0.208215,0.000251463,-0.00803546
472.11,279.5,0.208394,0.208246,0.00024433,-0.0078442
472.976,279,0.208418,0.208277,0.00023739,-0.00765771
473.842,278.5,0.208426,0.208291,0.000230771,-0.00747834
474.708,278,0.208433,0.208304,0.000224306,-0.00730337
475.574,277.5,0.20844,0.208318,0.00021798,-0.00713259
476.44,277,0.208449,0.208333,0.000211793,-0.00696599
477.306,276.5,0.208459,0.208347,0.000205746,-0.00680356
478.172,276,0.208473,0.208367,0.000199793,-0.00664719
479.038,275.5,0.208488,0.208387,0.000193924,-0.00649939
