x,v,vx,vy,vz
220.096,425,0.0353722,-0.000224192,0.0132437,0.0327986
220.962,424.5,0.0369316,-0.00519878,0.0135679,0.0339533
221.828,424,0.0392978,-0.0103957,0.0138955,0.0352585
222.694,423.5,0.0424993,-0.0159388,0.0142275,0.0367385
223.56,423,0.0462302,-0.0215751,0.0145642,0.0382051
224.426,422.5,0.0504177,-0.0272898,0.0149052,0.0396869
225.292,422,0.0549833,-0.0330827,0.0152504,0.041184
226.158,421.5,0.0598645,-0.038954,0.0155999,0.0426964
227.024,421,0.0650624,-0.0449396,0.0159527,0.0442613
227.89,420.5,0.071058,-0.0514105,0.0162992,0.0462659
228.756,420,0.0772722,-0.057973,0.01665,0.0483
229.622,419.5,0.0836799,-0.064627,0.0170049,0.0503638
230.488,419,0.0902623,-0.0713725,0.017364,0.0524571
231.355,418.5,0.0970049,-0.0782094,0.0177272,0.05458
232.221,418,0.103895,-0.0851982,0.0181014,0.0566376
233.087,417.5,0.11137,-0.0925467,0.0184314,0.0591487
233.953,417,0.119136,-0.100085,0.0187489,0.0618439
234.819,416.5,0.127059,-0.107746,0.0190694,0.064585
235.685,416,0.135137,-0.115529,0.0193928,0.0673722
236.551,415.5,0.143364,-0.123433,0.0197191,0.0702053
237.417,415,0.151739,-0.131459,0.0200483,0.0730844
238.283,414.5,0.160458,-0.139665,0.0203162,0.0763397
239.149,414,0.16957,-0.148068,0.0205045,0.0800578
240.015,413.5,0.178836,-0.156601,0.0206892,0.0838464
240.881,413,0.188255,-0.165264,0.0208702,0.0877055
241.747,412.5,0.197933,-0.174248,0.0210296,0.0915025
242.613,412,0.207815,-0.183438,0.0211745,0.0953389
243.479,411.5,0.217864,-0.192711,0.0212478,0.0993763
244.345,411,0.228009,-0.201679,0.0209123,0.104289
245.211,410.5,0.238316,-0.210763,0.0205368,0.109325
246.077,410,0.248787,-0.219962,0.0201214,0.114483
246.943,409.5,0.25942,-0.229278,0.0196661,0.119765
247.809,409,0.270217,-0.238709,0.0191708,0.125169
248.675,408.5,0.281176,-0.248256,0.0186357,0.130697
249.541,408,0.291175,-0.256358,0.0168885,0.137034
250.407,407.5,0.30103,-0.264139,0.01475,0.14364
251.273,407,0.311129,-0.272159,0.0121933,0.150273
252.139,406.5,0.32134,-0.280239,0.00930631,0.156968
253.005,406,0.331639,-0.288334,0.00612765,0.163738
253.871,405.5,0.342032,-0.296446,0.00265734,0.170582
254.737,405,0.350335,-0.302652,-0.00361616,0.176418
255.603,404.5,0.356493,-0.306861,-0.0129293,0.180987
256.469,404,0.362613,-0.31088,-0.0229583,0.185242
257.335,403.5,0.368737,-0.314708,-0.033703,0.189182
258.201,403,0.374911,-0.318345,-0.0451636,0.192807
259.067,402.5,0.381183,-0.321792,-0.05734,0.196117
259.933,402,0.385556,-0.32287,-0.0715971,0.198197
260.799,401.5,0.381997,-0.31337,-0.0938336,0.197271
261.665,401,0.378718,-0.301182,-0.117006,0.197551
262.531,400.5,0.376082,-0.28631,-0.140956,0.198987
263.397,400,0.374586,-0.268754,-0.165683,0.201581
264.263,399.5,0.374798,-0.248514,-0.191189,0.205331
265.13,399,0.37734,-0.22559,-0.217473,0.210239
265.996,398.5,0.378964,-0.168962,-0.243864,0.235787
266.862,398,0.393538,-0.102144,-0.269544,0.267927
267.728,397.5,0.424383,-0.0292018,-0.294515,0.304153
268.594,397,0.471975,0.0498652,-0.318777,0.344464
269.46,396.5,0.53539,0.135057,-0.34233,0.38886
270.326,396,0.606907,0.224766,-0.351836,0.440487
271.192,395.5,0.667035,0.307689,-0.335608,0.487474
272.058,395,0.711411,0.375112,-0.301147,0.524125
272.924,394.5,0.749686,0.431514,-0.264708,0.552951
273.79,394,0.779782,0.476896,-0.226291,0.573954
274.656,393.5,0.800416,0.511257,-0.185897,0.587132
275.522,393,0.810823,0.534597,-0.143525,0.592487
276.388,392.5,0.787148,0.527456,-0.0997732,0.575706
277.254,392,0.68186,0.451544,-0.0582761,0.507588
278.12,391.5,0.565667,0.365937,-0.0186926,0.430952
278.986,391,0.438927,0.270099,0.0188073,0.34547
279.852,390.5,0.293043,0.152144,0.0491626,0.245579
280.718,390,0.168039,0.0326522,0.0776807,0.145385
281.584,389.5,0.143932,-0.0883755,0.104361,0.0448872
282.45,389,0.233804,-0.196848,0.125432,-0.0134909
283.316,388.5,0.333556,-0.294785,0.144422,-0.0591922
284.182,388,0.426196,-0.382798,0.161595,-0.0948469
285.048,387.5,0.508171,-0.460887,0.176951,-0.120455
285.914,387,0.578518,-0.529052,0.190491,-0.136016
286.78,386.5,0.637051,-0.587293,0.202214,-0.14153
287.646,386,0.662814,-0.6194,0.200771,-0.123922
288.512,385.5,0.671248,-0.636385,0.19092,-0.0955952
289.378,385,0.671805,-0.644025,0.178977,-0.0672394
290.244,384.5,0.671944,-0.649761,0.166298,-0.0408017
291.11,384,0.671432,-0.653592,0.152883,-0.0162819
291.976,383.5,0.670068,-0.655518,0.138733,0.00631987
292.842,383,0.661276,-0.650033,0.119677,0.0205169
293.708,382.5,0.637353,-0.630544,0.0911208,0.0181582
294.574,382,0.613237,-0.609834,0.0629511,0.0140943
295.44,381.5,0.589012,-0.587902,0.0351675,0.00832524
296.306,381,0.564803,-0.564749,0.00776998,0.000850965
297.172,380.5,0.540781,-0.540374,-0.0192414,-0.00832851
298.038,380,0.516874,-0.514545,-0.0449519,-0.0195439
298.905,379.5,0.484619,-0.478491,-0.0636655,-0.0429924
299.771,379,0.455045,-0.442822,-0.0812237,-0.0661619
300.637,378.5,0.428488,-0.407622,-0.0976383,-0.0889556
301.503,378,0.405217,-0.372892,-0.112909,-0.111374
302.369,377.5,0.385498,-0.338631,-0.127037,-0.133416
303.235,377,0.369571,-0.304839,-0.14002,-0.155083
304.101,376.5,0.352584,-0.26731,-0.146957,-0.176818
304.967,376,0.338983,-0.229002,-0.152169,-0.198274
305.833,375.5,0.331705,-0.192085,-0.158355,-0.219215
306.699,375,0.330656,-0.156558,-0.165516,-0.239641
307.565,374.5,0.334981,-0.122209,-0.172821,-0.259634
308.431,374,0.342943,-0.0886101,-0.177541,-0.27971
309.297,373.5,0.352248,-0.0579236,-0.178368,-0.298175
310.163,373,0.360269,-0.030259,-0.173899,-0.314065
311.029,372.5,0.372321,-0.00283692,-0.17176,-0.330324
311.895,372,0.387986,0.0243424,-0.171949,-0.346949
312.761,371.5,0.406845,0.0512791,-0.174468,-0.363943
313.627,371,0.428517,0.0779732,-0.179316,-0.381304
314.493,370.5,0.452122,0.104007,-0.185983,-0.398757
315.359,370,0.465972,0.121575,-0.183832,-0.410555
316.225,369.5,0.480794,0.139724,-0.182892,-0.422126
317.091,369,0.496994,0.157272,-0.181396,-0.43516
317.957,368.5,0.515415,0.171492,-0.176587,-0.452836
318.823,368,0.534872,0.184904,-0.172977,-0.471145
319.689,367.5,0.555237,0.197508,-0.170566,-0.490087
320.555,367,0.56902,0.203834,-0.16031,-0.506494
321.421,366.5,0.579782,0.207667,-0.146626,-0.521078
322.287,366,0.59005,0.211071,-0.132635,-0.534805
323.153,365.5,0.599804,0.214043,-0.118338,-0.547674
324.019,365,0.609029,0.216586,-0.103734,-0.559684
324.885,364.5,0.617716,0.218698,-0.0888232,-0.570837
325.751,364,0.620875,0.215188,-0.0683401,-0.578368
326.617,363.5,0.617033,0.20345,-0.0373311,-0.58133
327.483,363,0.613964,0.191009,-0.00233437,-0.583491
328.349,362.5,0.611007,0.179725,0.0305161,-0.583179
329.215,362,0.607757,0.169596,0.0612202,-0.580395
330.081,361.5,0.603858,0.160622,0.089778,-0.575139
330.947,361,0.598126,0.152659,0.114794,-0.566809
331.813,360.5,0.584392,0.145905,0.126681,-0.551523
332.679,360,0.571118,0.142754,0.138864,-0.53527
333.546,359.5,0.55838,0.143206,0.151345,-0.518049
334.412,359,0.546335,0.147261,0.164123,-0.49986
335.278,358.5,0.535233,0.154918,0.177198,-0.480703
336.144,358,0.512754,0.165224,0.169908,-0.454697
337.01,357.5,0.512484,0.14491,0.149117,-0.468407
337.876,357,0.525275,0.117572,0.136532,-0.493406
338.742,356.5,0.539803,0.0915808,0.127309,-0.516519
339.608,356,0.555339,0.0669353,0.121449,-0.537746
340.474,355.5,0.571314,0.0436358,0.118951,-0.557087
341.34,355,0.587303,0.0216824,0.119816,-0.574542
342.206,354.5,0.569156,0.0202507,0.135758,-0.552357
343.072,354,0.514093,0.0549517,0.180868,-0.478078
343.938,353.5,0.475018,0.109134,0.246606,-0.391047
344.804,353,0.478664,0.182797,0.332971,-0.291263
345.67,352.5,0.482994,0.17284,0.393303,-0.22073
346.536,352,0.446131,0.0546118,0.400706,-0.188376
347.402,351.5,0.42671,-0.0706054,0.391699,-0.153845
348.268,351,0.430131,-0.221047,0.345097,-0.130611
349.134,350.5,0.453609,-0.310932,0.321179,-0.076985
350,350,0.467112,-0.340263,0.319945,0.00703279
350.866,349.5,0.47624,-0.309038,0.341397,0.121442
351.732,349,0.516452,-0.217258,0.385533,0.266244
352.598,348.5,0.635378,-0.0649228,0.452354,0.441437
353.464,348,0.652228,-0.049253,0.438951,0.479893
354.33,347.5,0.645743,-0.0631557,0.433617,0.474312
355.196,347,0.632371,-0.0850189,0.432246,0.453682
356.062,346.5,0.611335,-0.107379,0.421538,0.429541
356.928,346,0.593132,-0.118917,0.417496,0.404181
357.794,345.5,0.577402,-0.119633,0.420119,0.3776
358.66,345,0.577216,-0.078927,0.380588,0.426734
359.526,344.5,0.614095,-0.0106481,0.30446,0.533202
360.392,344,0.67014,0.0545506,0.235529,0.62501
361.258,343.5,0.732698,0.116669,0.173795,0.702161
362.124,343,0.793594,0.175708,0.119259,0.764654
362.99,342.5,0.847927,0.231666,0.0719199,0.812489
363.856,342,0.878775,0.272585,0.039709,0.834486
364.722,341.5,0.855083,0.266049,0.0351747,0.811879
365.588,341,0.832342,0.258468,0.0283489,0.790686
366.454,340.5,0.809367,0.250902,0.0221321,0.769176
367.321,340,0.786147,0.243352,0.0165245,0.747352
368.187,339.5,0.762675,0.235816,0.011526,0.725211
369.053,339,0.738941,0.228296,0.00713664,0.702755
369.919,338.5,0.729957,0.239891,0.00549215,0.689391
370.785,338,0.72348,0.252536,0.00394069,0.677963
371.651,337.5,0.717789,0.264007,0.0021999,0.66747
372.517,337,0.712804,0.274304,0.000269769,0.657911
373.383,336.5,0.708454,0.283427,-0.0018497,0.649287
374.249,336,0.702438,0.288836,-0.00432513,0.640292
375.115,335.5,0.696381,0.291568,-0.00605773,0.632375
375.981,335,0.690493,0.293104,-0.00713628,0.625156
376.847,334.5,0.684268,0.293854,-0.00816673,0.617905
377.713,334,0.677696,0.293819,-0.00914908,0.610621
378.579,333.5,0.670766,0.292998,-0.0100833,0.603306
379.445,333,0.663473,0.291392,-0.0109695,0.595958
380.311,332.5,0.654819,0.288763,-0.0114894,0.587598
381.177,332,0.64332,0.284955,-0.0111256,0.576661
382.043,331.5,0.631796,0.280753,-0.0107606,0.565887
382.909,331,0.620246,0.276158,-0.0103945,0.555278
383.775,330.5,0.608001,0.269745,-0.00992974,0.544797
384.641,330,0.595748,0.262709,-0.00946235,0.534612
385.507,329.5,0.583797,0.255663,-0.0090364,0.52476
386.373,329,0.571707,0.249568,-0.00833417,0.514291
387.239,328.5,0.559954,0.24356,-0.00768319,0.504151
388.105,328,0.548559,0.237594,-0.00709938,0.494384
388.971,327.5,0.537523,0.23167,-0.00658273,0.484991
389.837,327,0.526848,0.225789,-0.00613325,0.475973
390.703,326.5,0.516534,0.219951,-0.00575093,0.467329
391.569,326,0.506611,0.214706,-0.00546688,0.458831
392.435,325.5,0.49699,0.209811,-0.00524124,0.450501
393.301,325,0.487578,0.204507,-0.00497412,0.442589
394.167,324.5,0.478388,0.199129,-0.00472093,0.434948
395.033,324,0.469431,0.193805,-0.00450316,0.427533
395.899,323.5,0.460709,0.188534,-0.00432079,0.420344
396.765,323,0.452183,0.183561,-0.00420157,0.413227
397.631,322.5,0.443786,0.179151,-0.00416305,0.405997
398.497,322,0.435591,0.174797,-0.00414115,0.39896
399.363,321.5,0.427601,0.170498,-0.00413585,0.392117
400.229,321,0.419815,0.166255,-0.00414716,0.385469
401.095,320.5,0.412233,0.162068,-0.00417507,0.379015
401.962,320,0.404856,0.157945,-0.00422061,0.372752
402.828,319.5,0.397506,0.154056,-0.00432725,0.366414
403.694,319,0.390278,0.150131,-0.00442864,0.360219
404.56,318.5,0.383208,0.146275,-0.00453453,0.354163
405.426,318,0.376297,0.142488,-0.00464493,0.348246
406.292,317.5,0.369546,0.138769,-0.00475982,0.342469
407.158,317,0.362954,0.135119,-0.00487921,0.33683
408.024,316.5,0.356486,0.131993,-0.00503034,0.331111
408.89,316,0.350149,0.129122,-0.00519454,0.32543
409.756,315.5,0.343957,0.126305,-0.00535924,0.319882
410.622,315,0.33791,0.123542,-0.00552445,0.314468
411.488,314.5,0.332008,0.120832,-0.00569016,0.309187
412.354,314,0.32618,0.117885,-0.00578482,0.304077
413.22,313.5,0.320478,0.115189,-0.00587476,0.299003
414.086,313,0.31491,0.112906,-0.00596918,0.293914
414.952,312.5,0.309446,0.110651,-0.00606383,0.288923
415.818,312,0.304086,0.108426,-0.00615871,0.284032
416.684,311.5,0.298829,0.106228,-0.00625381,0.27924
417.55,311,0.293675,0.104059,-0.00634914,0.274548
418.416,310.5,0.288627,0.101951,-0.00644322,0.269944
419.282,310,0.283698,0.100345,-0.0065183,0.265279
420.148,309.5,0.278868,0.0987559,-0.00659741,0.260713
421.014,309,0.274137,0.0971848,-0.00668053,0.256245
421.88,308.5,0.269374,0.0953549,-0.00674659,0.251842
422.746,308,0.264689,0.0935399,-0.00681415,0.247516
423.612,307.5,0.260086,0.0917488,-0.00688386,0.243268
424.478,307,0.255622,0.0903129,-0.00694168,0.239036
425.344,306.5,0.251251,0.0889979,-0.00699759,0.234856
426.21,306,0.246951,0.0876917,-0.00705631,0.230749
427.076,305.5,0.242722,0.0863945,-0.00711786,0.226714
427.942,305,0.238564,0.0851061,-0.00718223,0.222752
428.808,304.5,0.234478,0.0838267,-0.00724942,0.218862
429.674,304,0.23049,0.0827082,-0.00730862,0.215015
430.54,303.5,0.226601,0.0817843,-0.00735594,0.2112
431.406,303,0.22269,0.0807143,-0.0073448,0.207417
432.272,302.5,0.21883,0.0796523,-0.00733654,0.203687
433.138,302,0.215023,0.0785983,-0.00733117,0.200008
434.004,301.5,0.211267,0.0775523,-0.00732868,0.196382
434.87,301,0.207574,0.0765489,-0.00732762,0.192804
435.737,300.5,0.204002,0.0758003,-0.00731901,0.189255
436.603,300,0.200474,0.0750533,-0.00731337,0.185751
437.469,299.5,0.19699,0.0743077,-0.00731072,0.182291
438.335,299,0.193549,0.0735636,-0.00731106,0.178875
439.201,298.5,0.190152,0.0728209,-0.00731438,0.175503
440.067,298,0.186794,0.0720703,-0.00731873,0.172176
440.933,297.5,0.183481,0.0714152,-0.00729872,0.168854
441.799,297,0.180213,0.070811,-0.00727806,0.165558
442.665,296.5,0.176981,0.0702139,-0.00725858,0.162294
443.531,296,0.173784,0.0696238,-0.00724026,0.159063
444.397,295.5,0.170624,0.0690408,-0.00722312,0.155864
445.263,295,0.167499,0.0684648,-0.00720715,0.152698
446.129,294.5,0.164437,0.0679925,-0.00719177,0.149548
446.995,294,0.161434,0.0676269,-0.00717629,0.146411
447.861,293.5,0.158465,0.067268,-0.00716109,0.1433
448.727,293,0.155529,0.0669159,-0.00714616,0.140216
449.593,292.5,0.152628,0.0665638,-0.00712636,0.137163
450.459,292,0.149769,0.0661837,-0.00707946,0.134166
451.325,291.5,0.14695,0.0658458,-0.00703311,0.131184
452.191,291,0.14419,0.0656688,-0.00698546,0.128177
453.057,290.5,0.141465,0.0655019,-0.00693837,0.125195
453.923,290,0.138778,0.0653452,-0.00689186,0.122237
454.789,289.5,0.136127,0.0651986,-0.00684592,0.119302
455.655,289,0.133515,0.0650622,-0.00680055,0.116391
456.521,288.5,0.130941,0.0649359,-0.00675575,0.113504
457.387,288,0.12845,0.0649801,-0.00671128,0.110598
458.253,287.5,0.126009,0.0650608,-0.00666674,0.107707
459.119,287,0.123619,0.0651477,-0.00661959,0.10485
459.985,286.5,0.121302,0.0652295,-0.00656296,0.10206
460.851,286,0.119029,0.0653223,-0.00650565,0.0992898
461.717,285.5,0.1168,0.0654262,-0.00644766,0.0965411
462.583,285,0.11465,0.0656435,-0.00638893,0.0937798
463.449,284.5,0.112576,0.0659563,-0.00632916,0.0910118
464.315,284,0.110558,0.0662799,-0.00626829,0.0882647
465.181,283.5,0.108595,0.0666144,-0.00620632,0.0855386
466.047,283,0.10669,0.0669598,-0.00614325,0.0828335
466.913,282.5,0.104844,0.067316,-0.00607909,0.0801494
467.779,282,0.103082,0.0677289,-0.00601332,0.0774762
468.645,281.5,0.101477,0.0682956,-0.00594824,0.0748199
469.512,281,0.0999839,0.0688524,-0.00589166,0.0722593
470.378,280.5,0.0985602,0.0694188,-0.00583473,0.0697216
471.244,280,0.097208,0.0699945,-0.00577745,0.067207
472.11,279.5,0.0959286,0.0705798,-0.00571982,0.0647153
472.976,279,0.0947233,0.0711744,-0.00566184,0.0622466
473.842,278.5,0.0937061,0.0719557,-0.00560046,0.0597648
474.708,278,0.0927823,0.0727607,-0.00553846,0.0573041
475.574,277.5,0.0919429,0.0735735,-0.00547609,0.0548675
476.44,277,0.0911884,0.074394,-0.00541336,0.0524553
477.306,276.5,0.0905194,0.0752223,-0.00535027,0.0500673
478.172,276,0.0899338,0.0760429,-0.00528375,0.0477248
479.038,275.5,0.0895232,0.0769591,-0.00520731,0.0454377
