x,v,vx,vy,vz
220.096,425,0.208748,0.208745,-3.05293e-05,-0.00101254
220.962,424.5,0.20876,0.208758,-3.1276e-05,-0.00103236
221.828,424,0.208773,0.20877,-3.20519e-05,-0.00105318
222.694,423.5,0.208786,0.208784,-3.28624e-05,-0.00107502
223.56,423,0.2088,0.208797,-3.3686e-05,-0.00109696
224.426,422.5,0.208814,0.208811,-3.45249e-05,-0.0011192
225.292,422,0.208829,0.208826,-3.53792e-05,-0.00114175
226.158,421.5,0.208844,0.208841,-3.62487e-05,-0.0011646
227.024,421,0.20886,0.208856,-3.71375e-05,-0.00118795
227.89,420.5,0.208875,0.208871,-3.80849e-05,-0.00121382
228.756,420,0.208891,0.208887,-3.90491e-05,-0.00124007
229.622,419.5,0.208907,0.208903,-4.00299e-05,-0.00126669
230.488,419,0.208923,0.208919,-4.10275e-05,-0.00129369
231.355,418.5,0.20894,0.208936,-4.20417e-05,-0.00132106
232.221,418,0.208959,0.208955,-4.31176e-05,-0.00134816
233.087,417.5,0.208978,0.208973,-4.42724e-05,-0.00137759
233.953,417,0.208997,0.208992,-4.54643e-05,-0.00140814
234.819,416.5,0.209017,0.209012,-4.66813e-05,-0.00143913
235.685,416,0.209038,0.209032,-4.79235e-05,-0.00147055
236.551,415.5,0.209059,0.209053,-4.91908e-05,-0.00150242
237.417,415,0.20908,0.209075,-5.04833e-05,-0.00153472
238.283,414.5,0.209102,0.209097,-5.18267e-05,-0.00156913
239.149,414,0.209124,0.209118,-5.32295e-05,-0.00160607
240.015,413.5,0.209147,0.209141,-5.46616e-05,-0.00164357
240.881,413,0.20917,0.209164,-5.6123e-05,-0.00168165
241.747,412.5,0.209196,0.209189,-5.75974e-05,-0.00171931
242.613,412,0.209222,0.209215,-5.90969e-05,-0.00175726
243.479,411.5,0.209249,0.209241,-6.06388e-05,-0.00179638
244.345,411,0.209275,0.209267,-6.22949e-05,-0.00184
245.211,410.5,0.209303,0.209294,-6.3989e-05,-0.00188436
246.077,410,0.209331,0.209322,-6.57213e-05,-0.00192944
246.943,409.5,0.20936,0.209351,-6.74916e-05,-0.00197524
247.809,409,0.20939,0.209381,-6.93001e-05,-0.00202178
248.675,408.5,0.209421,0.209411,-7.11466e-05,-0.00206905
249.541,408,0.209452,0.209441,-7.31266e-05,-0.00212189
250.407,407.5,0.209483,0.209471,-7.51725e-05,-0.00217669
251.273,407,0.209518,0.209506,-7.73877e-05,-0.00223051
252.139,406.5,0.209555,0.209542,-7.96803e-05,-0.00228486
253.005,406,0.209593,0.20958,-8.2028e-05,-0.00234008
253.871,405.5,0.209633,0.209619,-8.44309e-05,-0.00239618
254.737,405,0.209673,0.209659,-8.69757e-05,-0.00245681
255.603,404.5,0.209714,0.209699,-8.96661e-05,-0.00252205
256.469,404,0.209756,0.20974,-9.24205e-05,-0.00258843
257.335,403.5,0.209799,0.209783,-9.52389e-05,-0.00265595
258.201,403,0.209845,0.209827,-9.81212e-05,-0.0027246
259.067,402.5,0.209891,0.209873,-0.000101067,-0.0027944
259.933,402,0.209939,0.209919,-0.000104134,-0.00286736
260.799,401.5,0.209987,0.209967,-0.000107534,-0.00294718
261.665,401,0.210039,0.210017,-0.000111046,-0.00302814
262.531,400.5,0.210092,0.210069,-0.000114671,-0.00311054
263.397,400,0.210147,0.210123,-0.000118407,-0.00319438
264.263,399.5,0.210205,0.210179,-0.000122256,-0.00327966
265.13,399,0.210265,0.210238,-0.000126216,-0.00336638
265.996,398.5,0.210326,0.210298,-0.000130519,-0.00346443
266.862,398,0.21039,0.21036,-0.000134985,-0.00356569
267.728,397.5,0.210457,0.210425,-0.000139584,-0.00366881
268.594,397,0.210527,0.210493,-0.000144317,-0.0037738
269.46,396.5,0.2106,0.210564,-0.000149182,-0.00388066
270.326,396,0.210681,0.210644,-0.000154247,-0.00398531
271.192,395.5,0.21076,0.21072,-0.000160069,-0.00410365
272.058,395,0.210837,0.210794,-0.000166548,-0.00423415
272.924,394.5,0.210917,0.210871,-0.000173204,-0.0043679
273.79,394,0.211,0.210952,-0.000180037,-0.0045049
274.656,393.5,0.211086,0.211035,-0.000187048,-0.00464515
275.522,393,0.211175,0.211121,-0.000194237,-0.00478864
276.388,392.5,0.211269,0.211211,-0.000201569,-0.00493927
277.254,392,0.211371,0.211309,-0.000208965,-0.00510534
278.12,391.5,0.211476,0.21141,-0.00021652,-0.00527548
278.986,391,0.211587,0.211517,-0.000224267,-0.0054491
279.852,390.5,0.211727,0.211653,-0.000233282,-0.00560798
280.718,390,0.211876,0.211797,-0.000242612,-0.0057692
281.584,389.5,0.212033,0.21195,-0.000252257,-0.00593275
282.45,389,0.212166,0.212077,-0.000264867,-0.00614861
283.316,388.5,0.212305,0.212209,-0.000278288,-0.00637135
284.182,388,0.212451,0.212349,-0.000292346,-0.00659752
285.048,387.5,0.212606,0.212497,-0.000307041,-0.00682711
285.914,387,0.21277,0.212652,-0.000322373,-0.00706012
286.78,386.5,0.212941,0.212816,-0.000338341,-0.00729656
287.646,386,0.213152,0.213018,-0.000352698,-0.00754451
288.512,385.5,0.213393,0.21325,-0.00036583,-0.00780296
289.378,385,0.213618,0.213465,-0.000376201,-0.00808044
290.244,384.5,0.21385,0.213686,-0.000386572,-0.00836579
291.11,384,0.214089,0.213913,-0.000396942,-0.00865902
291.976,383.5,0.214334,0.214147,-0.000407312,-0.00896013
292.842,383,0.214552,0.21435,-0.000419351,-0.00931398
293.708,382.5,0.214697,0.214473,-0.000434817,-0.00978761
294.574,382,0.214848,0.214601,-0.000449713,-0.010284
295.44,381.5,0.215004,0.214732,-0.000464038,-0.010803
296.306,381,0.215167,0.214867,-0.000477791,-0.0113448
297.172,380.5,0.215336,0.215006,-0.000490974,-0.0119093
298.038,380,0.215542,0.21518,-0.000505642,-0.0124708
298.905,379.5,0.216035,0.215652,-0.000521824,-0.0128538
299.771,379,0.216598,0.216192,-0.000537906,-0.0132443
300.637,378.5,0.21723,0.216801,-0.000553982,-0.0136427
301.503,378,0.217932,0.217478,-0.000570051,-0.014049
302.369,377.5,0.218702,0.218223,-0.000586113,-0.0144633
303.235,377,0.219542,0.219036,-0.000602169,-0.0148855
304.101,376.5,0.220174,0.219622,-0.000619579,-0.0155696
304.967,376,0.220709,0.220101,-0.000639694,-0.0163667
305.833,375.5,0.221274,0.220607,-0.000662259,-0.0171516
306.699,375,0.221867,0.221141,-0.000687273,-0.0179244
307.565,374.5,0.222396,0.221603,-0.000703572,-0.0187455
308.431,374,0.222614,0.221728,-0.00067502,-0.0198279
309.297,373.5,0.223064,0.222079,-0.000632019,-0.020926
310.163,373,0.223873,0.222796,-0.000578444,-0.0219322
311.029,372.5,0.22466,0.223486,-0.000526171,-0.0229368
311.895,372,0.225424,0.224149,-0.0004752,-0.0239398
312.761,371.5,0.226166,0.224786,-0.00042553,-0.0249412
313.627,371,0.226885,0.225397,-0.000377162,-0.0259409
314.493,370.5,0.227545,0.225934,-0.000317341,-0.0270242
315.359,370,0.227489,0.225499,2.59774e-05,-0.0300247
316.225,369.5,0.227512,0.225059,0.000406744,-0.033313
317.091,369,0.228096,0.225147,0.00082245,-0.0365527
317.957,368.5,0.229922,0.226603,0.00127807,-0.0389049
318.823,368,0.231741,0.228069,0.00178501,-0.0410522
319.689,367.5,0.23355,0.229546,0.00234325,-0.0429947
320.555,367,0.236433,0.232278,0.00263244,-0.0440497
321.421,366.5,0.240311,0.236034,0.00281711,-0.0450474
322.287,366,0.244878,0.240442,0.00300911,-0.0463003
323.153,365.5,0.250134,0.245502,0.00320843,-0.0478086
324.019,365,0.256081,0.251214,0.00341508,-0.0495722
324.885,364.5,0.262719,0.257578,0.00362906,-0.0515911
325.751,364,0.268303,0.262624,0.00532276,-0.0546495
326.617,363.5,0.27027,0.26366,0.0094078,-0.0586593
327.483,363,0.269645,0.261698,0.0138837,-0.0634807
328.349,362.5,0.269466,0.259661,0.0186429,-0.0695706
329.215,362,0.269836,0.257551,0.0236852,-0.076929
330.081,361.5,0.270875,0.255366,0.0290108,-0.0855558
330.947,361,0.272713,0.253312,0.0340037,-0.0951272
331.813,360.5,0.275518,0.253713,0.0336809,-0.102008
332.679,360,0.279322,0.255358,0.033354,-0.108167
333.546,359.5,0.284057,0.258248,0.0330229,-0.113603
334.412,359,0.289676,0.262383,0.0326876,-0.118317
335.278,358.5,0.296145,0.267761,0.0323481,-0.122308
336.144,358,0.307425,0.279225,0.0321064,-0.124551
337.01,357.5,0.326154,0.290484,0.0585629,-0.136255
337.876,357,0.349577,0.301813,0.0989153,-0.146043
338.742,356.5,0.379378,0.315874,0.146676,-0.150457
339.608,356,0.416844,0.332667,0.201847,-0.149497
340.474,355.5,0.463095,0.352193,0.264426,-0.143164
341.34,355,0.518967,0.374452,0.334413,-0.131457
342.206,354.5,0.553513,0.379116,0.378156,-0.140164
343.072,354,0.551729,0.353997,0.38765,-0.169761
343.938,353.5,0.54486,0.318309,0.399077,-0.190499
344.804,353,0.533921,0.272051,0.412434,-0.202379
345.67,352.5,0.51387,0.219942,0.416911,-0.204629
346.536,352,0.499378,0.177468,0.423142,-0.197063
347.402,351.5,0.48953,0.178698,0.424471,-0.165924
348.268,351,0.471757,0.337855,0.323614,-0.0606845
349.134,350.5,0.513011,0.44794,0.248133,0.0309878
350,350,0.556912,0.508954,0.198029,0.109093
350.866,349.5,0.575774,0.520898,0.173301,0.17363
351.732,349,0.561015,0.48377,0.173949,0.2246
352.598,348.5,0.516428,0.397572,0.199974,0.262002
353.464,348,0.483596,0.370013,0.194513,0.243146
354.33,347.5,0.441224,0.354197,0.172032,0.199067
355.196,347,0.435255,0.389375,0.103489,0.164694
356.062,346.5,0.472309,0.448499,0.0199645,0.146716
356.928,346,0.493344,0.475986,-0.0377544,0.124097
357.794,345.5,0.486684,0.471837,-0.0696682,0.0968383
358.66,345,0.425493,0.420769,-0.0519826,0.0359948
359.526,344.5,0.349526,0.344786,-0.00892561,-0.0566663
360.392,344,0.307965,0.26386,0.0315081,-0.155652
361.258,343.5,0.323399,0.177992,0.0693185,-0.260962
362.124,343,0.396673,0.0871803,0.104506,-0.372596
362.99,342.5,0.509417,-0.00857406,0.137069,-0.490554
363.856,342,0.622329,-0.105628,0.17041,-0.589149
364.722,341.5,0.609022,-0.126673,0.173822,-0.569779
365.588,341,0.567144,-0.104269,0.152,-0.536354
366.454,340.5,0.52861,-0.0805482,0.131516,-0.505612
367.321,340,0.493725,-0.0555089,0.112368,-0.477552
368.187,339.5,0.462874,-0.0291516,0.0945577,-0.452175
369.053,339,0.436522,-0.00147633,0.078084,-0.429479
369.919,338.5,0.390225,0.0262266,0.0622882,-0.384328
370.785,338,0.349026,0.0528106,0.0482361,-0.341619
371.651,337.5,0.316307,0.078299,0.0360279,-0.304337
372.517,337,0.29232,0.102692,0.0256636,-0.272483
373.383,336.5,0.276967,0.125989,0.0171434,-0.246056
374.249,336,0.276967,0.148515,0.0100143,-0.233567
375.115,335.5,0.274563,0.163121,0.00713379,-0.220739
375.981,335,0.267578,0.172426,0.00687599,-0.204499
376.847,334.5,0.261963,0.181017,0.00665046,-0.189243
377.713,334,0.25756,0.188893,0.00645722,-0.174971
378.579,333.5,0.254201,0.196054,0.00629624,-0.161683
379.445,333,0.25171,0.202499,0.00616754,-0.149379
380.311,332.5,0.248472,0.206437,0.00604991,-0.13815
381.177,332,0.242059,0.205362,0.00587988,-0.128002
382.043,331.5,0.236458,0.204485,0.00569962,-0.118599
382.909,331,0.231633,0.203807,0.00550912,-0.109939
383.775,330.5,0.229998,0.206001,0.00539449,-0.102145
384.641,330,0.229728,0.209115,0.00530605,-0.0949614
385.507,329.5,0.229761,0.212049,0.00521057,-0.0883088
386.373,329,0.228658,0.213357,0.00502843,-0.0820833
387.239,328.5,0.227718,0.214523,0.00484242,-0.0762352
388.105,328,0.226982,0.215618,0.00465653,-0.0707658
388.971,327.5,0.226423,0.216643,0.00447078,-0.0656754
389.837,327,0.226016,0.217597,0.00428516,-0.0609637
390.703,326.5,0.225738,0.21848,0.00409966,-0.056631
391.569,326,0.22496,0.218629,0.00389884,-0.0528508
392.435,325.5,0.223965,0.218411,0.00369318,-0.0494319
393.301,325,0.223046,0.218066,0.00347417,-0.0467387
394.167,324.5,0.222209,0.217724,0.00326029,-0.0442997
395.033,324,0.221463,0.217429,0.00305728,-0.0419635
395.899,323.5,0.220805,0.217182,0.00286514,-0.0397301
396.765,323,0.220104,0.216842,0.00268393,-0.0376554
397.631,322.5,0.219217,0.216263,0.00251249,-0.035782
398.497,322,0.218412,0.215739,0.00235002,-0.0339847
399.363,321.5,0.217686,0.21527,0.00219654,-0.0322637
400.229,321,0.217037,0.214857,0.00205204,-0.0306188
401.095,320.5,0.216466,0.214499,0.00191653,-0.0290501
401.962,320,0.215967,0.214194,0.00178999,-0.0275592
402.828,319.5,0.215677,0.214076,0.00169664,-0.0261798
403.694,319,0.21548,0.214038,0.001611,-0.0248391
404.56,318.5,0.215301,0.214003,0.00152806,-0.0235583
405.426,318,0.215138,0.21397,0.00144784,-0.0223374
406.292,317.5,0.214991,0.213941,0.00137032,-0.0211764
407.158,317,0.214858,0.213914,0.0012955,-0.0200753
408.024,316.5,0.21464,0.213785,0.00122726,-0.0191016
408.89,316,0.214394,0.213617,0.0011631,-0.0182016
409.756,315.5,0.214165,0.213458,0.00110125,-0.0173427
410.622,315,0.21395,0.213308,0.00104172,-0.0165252
411.488,314.5,0.21375,0.213167,0.000984515,-0.0157488
412.354,314,0.213565,0.21303,0.000930717,-0.0150743
413.22,313.5,0.213368,0.212876,0.000880704,-0.0144523
414.086,313,0.21314,0.212686,0.000834836,-0.0138864
414.952,312.5,0.212929,0.212509,0.000790761,-0.0133374
415.818,312,0.212732,0.212345,0.000748481,-0.0128051
416.684,311.5,0.212552,0.212195,0.000707994,-0.0122897
417.55,311,0.212386,0.212058,0.000669302,-0.011791
418.416,310.5,0.212232,0.21193,0.000632605,-0.0113125
419.282,310,0.21204,0.211759,0.000600325,-0.0108966
420.148,309.5,0.211862,0.211601,0.000569384,-0.0104931
421.014,309,0.211696,0.211454,0.00053978,-0.0101021
421.88,308.5,0.211612,0.211388,0.000514851,-0.00970369
422.746,308,0.211534,0.211328,0.000490842,-0.00931851
423.612,307.5,0.211461,0.211271,0.000467637,-0.0089472
424.478,307,0.211367,0.211191,0.000446553,-0.00861482
425.344,306.5,0.211269,0.211105,0.000426574,-0.0083014
426.21,306,0.211176,0.211024,0.000407244,-0.00799815
427.076,305.5,0.211088,0.210946,0.000388563,-0.00770507
427.942,305,0.211004,0.210873,0.000370529,-0.00742217
428.808,304.5,0.210925,0.210804,0.000353144,-0.00714943
429.674,304,0.210841,0.210728,0.000336967,-0.00689738
430.54,303.5,0.210749,0.210643,0.000322087,-0.00666726
431.406,303,0.210674,0.210575,0.000308535,-0.00644956
432.272,302.5,0.210603,0.21051,0.00029542,-0.00623744
433.138,302,0.210535,0.210449,0.000282742,-0.00603089
434.004,301.5,0.210472,0.210391,0.000270501,-0.00582991
434.87,301,0.210411,0.210335,0.000258819,-0.00563666
435.737,300.5,0.21034,0.210269,0.000248398,-0.00546394
436.603,300,0.210272,0.210205,0.000238308,-0.0052955
437.469,299.5,0.210208,0.210145,0.00022855,-0.00513134
438.335,299,0.210147,0.210088,0.000219123,-0.00497146
439.201,298.5,0.21009,0.210035,0.000210028,-0.00481587
440.067,298,0.210038,0.209986,0.00020132,-0.00466429
440.933,297.5,0.209992,0.209943,0.000193894,-0.00452532
441.799,297,0.209945,0.209899,0.000186776,-0.00439231
442.665,296.5,0.2099,0.209857,0.000179853,-0.00426254
443.531,296,0.209857,0.209817,0.000173125,-0.00413599
444.397,295.5,0.209817,0.209778,0.000166593,-0.00401268
445.263,295,0.209778,0.209742,0.000160255,-0.00389261
446.129,294.5,0.209737,0.209702,0.000154339,-0.00378064
446.995,294,0.209693,0.209661,0.000148825,-0.00367639
447.861,293.5,0.209652,0.209621,0.000143469,-0.00357464
448.727,293,0.209612,0.209583,0.000138272,-0.00347539
449.593,292.5,0.209575,0.209548,0.000133278,-0.00337856
450.459,292,0.209545,0.209519,0.00012867,-0.00328366
451.325,291.5,0.209515,0.209491,0.000124234,-0.00319231
452.191,291,0.209482,0.209459,0.000120133,-0.00310928
453.057,290.5,0.20945,0.209428,0.000116137,-0.00302797
453.923,290,0.209419,0.209398,0.000112246,-0.00294839
454.789,289.5,0.209389,0.20937,0.00010846,-0.00287054
455.655,289,0.209361,0.209342,0.00010478,-0.00279441
456.521,288.5,0.209334,0.209316,0.000101205,-0.00272
457.387,288,0.209304,0.209287,9.79295e-05,-0.00265231
458.253,287.5,0.209275,0.209259,9.4769e-05,-0.0025868
459.119,287,0.209248,0.209233,9.17183e-05,-0.0025225
459.985,286.5,0.209225,0.209211,8.88423e-05,-0.00245901
460.851,286,0.209204,0.20919,8.60366e-05,-0.00239681
461.717,285.5,0.209183,0.20917,8.33011e-05,-0.0023359
462.583,285,0.209161,0.209148,8.07147e-05,-0.00227889
463.449,284.5,0.209138,0.209126,7.82532e-05,-0.00222513
464.315,284,0.209116,0.209104,7.58484e-05,-0.00217239
465.181,283.5,0.209094,0.209084,7.35003e-05,-0.00212068
466.047,283,0.209074,0.209064,7.12088e-05,-0.00207001
466.913,282.5,0.209054,0.209045,6.89739e-05,-0.00202036
467.779,282,0.209035,0.209026,6.68263e-05,-0.0019726
468.645,281.5,0.209015,0.209006,6.48612e-05,-0.0019284
469.512,281,0.208998,0.208989,6.30154e-05,-0.00188456
470.378,280.5,0.208981,0.208973,6.12081e-05,-0.0018415
471.244,280,0.208965,0.208957,5.94393e-05,-0.00179922
472.11,279.5,0.208949,0.208942,5.77091e-05,-0.00175773
472.976,279,0.208934,0.208927,5.60173e-05,-0.00171701
473.842,278.5,0.208918,0.208911,5.44399e-05,-0.00167982
474.708,278,0.208902,0.208895,5.29032e-05,-0.00164351
475.574,277.5,0.208886,0.20888,5.14e-05,-0.00160785
476.44,277,0.208871,0.208865,4.99305e-05,-0.00157282
477.306,276.5,0.208857,0.208851,4.84945e-05,-0.00153844
478.172,276,0.208844,0.208838,4.71046e-05,-0.00150459
479.038,275.5,0.208831,0.208826,4.5815e-05,-0.00147258
