x,v,vx,vy,vz
220.096,425,0.203621,0.203358,0.00027359,-0.0103381
220.962,424.5,0.203527,0.203253,0.00028206,-0.0105373
221.828,424,0.203419,0.203135,0.000291685,-0.0107432
222.694,423.5,0.2033,0.203004,0.000304527,-0.0109531
223.56,423,0.203188,0.202881,0.000318258,-0.0111643
224.426,422.5,0.20308,0.20276,0.000332152,-0.0113792
225.292,422,0.202973,0.202641,0.000346208,-0.0115978
226.158,421.5,0.202869,0.202524,0.000360426,-0.0118201
227.024,421,0.202764,0.202406,0.000375102,-0.012047
227.89,420.5,0.202619,0.202246,0.000393258,-0.012288
228.756,420,0.202476,0.202087,0.000411635,-0.0125333
229.622,419.5,0.202336,0.201931,0.000430233,-0.0127831
230.488,419,0.202198,0.201777,0.000449052,-0.0130373
231.355,418.5,0.202063,0.201624,0.000468093,-0.0132959
232.221,418,0.201938,0.201482,0.000484171,-0.0135595
233.087,417.5,0.201776,0.2013,0.000503097,-0.0138366
233.953,417,0.201604,0.201108,0.000523265,-0.0141218
234.819,416.5,0.201436,0.200919,0.000543442,-0.0144128
235.685,416,0.20127,0.200731,0.000563628,-0.0147095
236.551,415.5,0.201108,0.200546,0.000583824,-0.0150121
237.417,415,0.200949,0.200363,0.000604028,-0.0153204
238.283,414.5,0.20076,0.200148,0.000627131,-0.0156418
239.149,414,0.200533,0.199895,0.000653788,-0.0159786
240.015,413.5,0.20031,0.199643,0.000680526,-0.0163225
240.881,413,0.20009,0.199392,0.000707345,-0.0166734
241.747,412.5,0.199896,0.199168,0.00073873,-0.0170185
242.613,412,0.199712,0.198955,0.000771772,-0.0173664
243.479,411.5,0.199522,0.198732,0.000806574,-0.0177225
244.345,411,0.199262,0.198436,0.000850191,-0.0180974
245.211,410.5,0.199006,0.198144,0.000894473,-0.0184799
246.077,410,0.198755,0.197855,0.000939419,-0.01887
246.943,409.5,0.198509,0.19757,0.00098503,-0.0192679
247.809,409,0.198269,0.197288,0.00103131,-0.0196734
248.675,408.5,0.198033,0.197009,0.00107825,-0.0200865
249.541,408,0.197703,0.196631,0.00113525,-0.0205274
250.407,407.5,0.197357,0.196235,0.0011951,-0.0209818
251.273,407,0.197033,0.195858,0.00124647,-0.0214464
252.139,406.5,0.196719,0.19549,0.0012964,-0.0219214
253.005,406,0.196412,0.195125,0.00134657,-0.0224067
253.871,405.5,0.196111,0.194764,0.001397,-0.0229023
254.737,405,0.195747,0.194336,0.00145682,-0.0234154
255.603,404.5,0.195322,0.193842,0.00152597,-0.0239473
256.469,404,0.194904,0.193353,0.00159566,-0.0244915
257.335,403.5,0.194494,0.192867,0.0016659,-0.0250478
258.201,403,0.194091,0.192385,0.00173668,-0.0256164
259.067,402.5,0.193695,0.191907,0.00180801,-0.0261972
259.933,402,0.193267,0.191391,0.00188385,-0.0267979
260.799,401.5,0.192725,0.190754,0.00198923,-0.0274173
261.665,401,0.192196,0.190127,0.00209738,-0.0280486
262.531,400.5,0.191677,0.189504,0.00220707,-0.0286947
263.397,400,0.191167,0.188885,0.00231831,-0.0293554
264.263,399.5,0.190666,0.188271,0.00243108,-0.0300309
265.13,399,0.190176,0.187661,0.00254539,-0.0307211
265.996,398.5,0.189506,0.186861,0.00269109,-0.0314315
266.862,398,0.18882,0.186039,0.00284314,-0.0321601
267.728,397.5,0.188146,0.185221,0.00299748,-0.0329064
268.594,397,0.187483,0.184407,0.0031541,-0.0336703
269.46,396.5,0.186831,0.183597,0.003313,-0.0344519
270.326,396,0.186253,0.182856,0.00345288,-0.0352424
271.192,395.5,0.185484,0.181902,0.0036121,-0.0360934
272.058,395,0.184567,0.18078,0.00378752,-0.0370004
272.924,394.5,0.183665,0.179661,0.00396496,-0.0379321
273.79,394,0.182778,0.178545,0.00414441,-0.0388884
274.656,393.5,0.181908,0.177433,0.00432587,-0.0398694
275.522,393,0.181055,0.176323,0.00450935,-0.040875
276.388,392.5,0.18014,0.175137,0.00471002,-0.041895
277.254,392,0.179004,0.173714,0.00495932,-0.0429112
278.12,391.5,0.177892,0.172297,0.00521206,-0.0439555
278.986,391,0.176806,0.170889,0.00546884,-0.0450267
279.852,390.5,0.175823,0.169579,0.00574734,-0.0460837
280.718,390,0.174872,0.168282,0.00602936,-0.0471708
281.584,389.5,0.173952,0.166996,0.0063149,-0.0482878
282.45,389,0.172406,0.164982,0.00664416,-0.0496059
283.316,388.5,0.170842,0.16291,0.00697955,-0.0509779
284.182,388,0.169309,0.160832,0.00731824,-0.0523922
285.048,387.5,0.167808,0.158749,0.00766024,-0.0538488
285.914,387,0.166342,0.156659,0.00800554,-0.0553477
286.78,386.5,0.164913,0.154564,0.00835414,-0.0568889
287.646,386,0.163271,0.152242,0.00876992,-0.0583337
288.512,385.5,0.161544,0.14981,0.00922688,-0.0597357
289.378,385,0.160047,0.147585,0.00966276,-0.0611569
290.244,384.5,0.158631,0.145393,0.0101043,-0.0626313
291.11,384,0.157299,0.143232,0.0105514,-0.064159
291.976,383.5,0.156054,0.141103,0.0110042,-0.0657399
292.842,383,0.15449,0.138468,0.0114687,-0.0675438
293.708,382.5,0.152092,0.134596,0.0119514,-0.0698067
294.574,382,0.1498,0.130688,0.0124381,-0.0721524
295.44,381.5,0.147626,0.126743,0.0129288,-0.074581
296.306,381,0.145582,0.122762,0.0134236,-0.0770924
297.172,380.5,0.143681,0.118745,0.0139223,-0.0796866
298.038,380,0.141962,0.114733,0.0144229,-0.0823505
298.905,379.5,0.14021,0.111146,0.0150728,-0.0841319
299.771,379,0.138688,0.107642,0.0157273,-0.0860246
300.637,378.5,0.137407,0.104219,0.0163849,-0.0880375
301.503,378,0.136373,0.100878,0.0170455,-0.0901707
302.369,377.5,0.135592,0.0976187,0.0177091,-0.0924241
303.235,377,0.135068,0.0944407,0.0183757,-0.0947978
304.101,376.5,0.133564,0.0881825,0.0189487,-0.098509
304.967,376,0.132018,0.0803046,0.0194696,-0.10296
305.833,375.5,0.131138,0.0722906,0.0199831,-0.107573
306.699,375,0.13098,0.0641403,0.0204892,-0.112347
307.565,374.5,0.131662,0.0560157,0.0209802,-0.11729
308.431,374,0.133366,0.0483797,0.021437,-0.122418
309.297,373.5,0.135235,0.0417402,0.0219457,-0.126746
310.163,373,0.136787,0.0370765,0.0225483,-0.129721
311.029,372.5,0.139011,0.0325952,0.0231395,-0.13314
311.895,372,0.141891,0.0282963,0.0237194,-0.137003
312.761,371.5,0.145406,0.0241797,0.0242878,-0.141309
313.627,371,0.149535,0.0202454,0.0248449,-0.14606
314.493,370.5,0.154387,0.0158977,0.02535,-0.151459
315.359,370,0.163444,-0.000932581,0.0249933,-0.161519
316.225,369.5,0.174654,-0.018167,0.0246106,-0.171955
317.091,369,0.187689,-0.035085,0.0241488,-0.182793
317.957,368.5,0.201817,-0.0501706,0.023495,-0.194064
318.823,368,0.216933,-0.0650437,0.0227675,-0.205696
319.689,367.5,0.232859,-0.0797043,0.0219662,-0.217688
320.555,367,0.246526,-0.0888507,0.0201018,-0.229077
321.421,366.5,0.260777,-0.0958229,0.0177372,-0.241884
322.287,366,0.276834,-0.102567,0.0152264,-0.256681
323.153,365.5,0.294689,-0.109084,0.0125694,-0.273467
324.019,365,0.314345,-0.115373,0.00976616,-0.292244
324.885,364.5,0.33581,-0.121435,0.0068167,-0.31301
325.751,364,0.370272,-0.136959,0.00299497,-0.343999
326.617,363.5,0.419658,-0.161903,-0.00247505,-0.387162
327.483,363,0.463321,-0.177005,-0.00965472,-0.428068
328.349,362.5,0.504904,-0.188576,-0.0183135,-0.468009
329.215,362,0.544519,-0.196614,-0.0284512,-0.506985
330.081,361.5,0.582303,-0.201121,-0.0400681,-0.544997
330.947,361,0.621451,-0.20188,-0.0531694,-0.585337
331.813,360.5,0.688352,-0.194017,-0.0651483,-0.657223
332.679,360,0.758942,-0.176846,-0.0737968,-0.734352
333.546,359.5,0.834211,-0.150366,-0.0791151,-0.816724
334.412,359,0.91517,-0.114578,-0.0811032,-0.90434
335.278,358.5,1.00279,-0.0694815,-0.0797609,-0.997199
336.144,358,1.08378,-0.0167845,-0.0785647,-1.0808
337.01,357.5,0.928814,0.036185,-0.137704,-0.917837
337.876,357,0.754138,0.103111,-0.194853,-0.721196
338.742,356.5,0.630534,0.186213,-0.233019,-0.555518
339.608,356,0.567616,0.285493,-0.252204,-0.420802
340.474,355.5,0.570079,0.40095,-0.252407,-0.317048
341.34,355,0.630784,0.532583,-0.233628,-0.244257
342.206,354.5,0.656645,0.611965,-0.209605,-0.112904
343.072,354,0.646331,0.608633,-0.192193,0.10184
343.938,353.5,0.686424,0.591059,-0.169705,0.305004
344.804,353,0.761288,0.559243,-0.14214,0.496591
345.67,352.5,0.854837,0.490588,-0.113058,0.69086
346.536,352,0.954128,0.397733,-0.0761207,0.863929
347.402,351.5,0.985191,0.315252,-0.00706578,0.933363
348.268,351,0.762431,0.250277,0.150178,0.704351
349.134,350.5,0.620064,0.179866,0.285037,0.520462
350,350,0.56083,0.104018,0.397513,0.381698
350.866,349.5,0.566792,0.0227333,0.487605,0.288059
351.732,349,0.608152,-0.0639878,0.555313,0.239544
352.598,348.5,0.664015,-0.156146,0.600637,0.236154
353.464,348,0.637458,-0.138153,0.519888,0.342028
354.33,347.5,0.621837,-0.0873861,0.41258,0.45697
355.196,347,0.632734,-0.0235102,0.284947,0.564451
356.062,346.5,0.679093,0.0400218,0.154684,0.660029
356.928,346,0.750287,0.0986656,0.039426,0.742725
357.794,345.5,0.828947,0.152421,-0.0608288,0.812539
358.66,345,0.863702,0.185888,-0.0980607,0.837742
359.526,344.5,0.86018,0.201322,-0.0890032,0.831539
360.392,344,0.856091,0.212695,-0.0802146,0.825359
361.258,343.5,0.851255,0.220006,-0.0716947,0.819202
362.124,343,0.845545,0.223256,-0.0634436,0.813067
362.99,342.5,0.838888,0.222444,-0.0554614,0.806954
363.856,342,0.828627,0.21733,-0.0508063,0.798003
364.722,341.5,0.804371,0.206323,-0.0494177,0.775888
365.588,341,0.779246,0.192944,-0.0437873,0.753711
366.454,340.5,0.756228,0.179495,-0.039002,0.733581
367.321,340,0.735332,0.165976,-0.0350617,0.715497
368.187,339.5,0.716581,0.152387,-0.0319664,0.69946
369.053,339,0.699998,0.138728,-0.0297162,0.68547
369.919,338.5,0.680631,0.128466,-0.0278465,0.667817
370.785,338,0.661954,0.118993,-0.0262222,0.650642
371.651,337.5,0.644479,0.109942,-0.0248667,0.634545
372.517,337,0.628203,0.101312,-0.0237798,0.619524
373.383,336.5,0.613124,0.0931047,-0.0229617,0.605579
374.249,336,0.599852,0.0849167,-0.0225753,0.593382
375.115,335.5,0.585343,0.0768826,-0.0223494,0.579841
375.981,335,0.569798,0.0691423,-0.0221611,0.565153
376.847,334.5,0.554648,0.0614139,-0.0219857,0.550799
377.713,334,0.5399,0.0536974,-0.0218234,0.53678
378.579,333.5,0.52556,0.0459928,-0.021674,0.523095
379.445,333,0.511636,0.0383001,-0.0215377,0.509745
380.311,332.5,0.498545,0.03137,-0.0213105,0.497101
381.177,332,0.486815,0.0265252,-0.0208637,0.485644
382.043,331.5,0.47522,0.0217408,-0.0205084,0.474279
382.909,331,0.46376,0.0170168,-0.0202446,0.463006
383.775,330.5,0.452963,0.0116722,-0.0200617,0.452368
384.641,330,0.442572,0.00608764,-0.019918,0.442082
385.507,329.5,0.432395,0.000524135,-0.0198098,0.431941
386.373,329,0.421057,-0.00510999,-0.0195599,0.420572
387.239,328.5,0.409852,-0.0105988,-0.0193201,0.409259
388.105,328,0.398845,-0.0159349,-0.0190988,0.398069
388.971,327.5,0.388037,-0.0211182,-0.0188959,0.387001
389.837,327,0.377427,-0.0261487,-0.0187115,0.376054
390.703,326.5,0.367015,-0.0310265,-0.0185454,0.36523
391.569,326,0.356557,-0.0347796,-0.0184654,0.354376
392.435,325.5,0.346081,-0.0377619,-0.0184483,0.34352
393.301,325,0.336224,-0.0404847,-0.0184777,0.333266
394.167,324.5,0.326616,-0.0430853,-0.0185271,0.323231
395.033,324,0.317113,-0.0455848,-0.0185893,0.313269
395.899,323.5,0.307716,-0.0479831,-0.0186643,0.303378
396.765,323,0.298011,-0.0500652,-0.0187574,0.293176
397.631,322.5,0.287571,-0.0515738,-0.0188524,0.28228
398.497,322,0.277265,-0.0529445,-0.018927,0.271504
399.363,321.5,0.267092,-0.0541772,-0.0189811,0.26085
400.229,321,0.257051,-0.0552719,-0.0190147,0.250317
401.095,320.5,0.24714,-0.0562286,-0.0190279,0.239905
401.962,320,0.237349,-0.0570333,-0.0190209,0.229609
402.828,319.5,0.227355,-0.0564143,-0.0189503,0.219428
403.694,319,0.217578,-0.0557275,-0.018851,0.209474
404.56,318.5,0.207908,-0.0549488,-0.0187354,0.199638
405.426,318,0.198345,-0.0540783,-0.0186037,0.189922
406.292,317.5,0.188889,-0.0531159,-0.0184557,0.180325
407.158,317,0.179538,-0.0520616,-0.0182915,0.170847
408.024,316.5,0.169684,-0.0500646,-0.0180496,0.161123
408.89,316,0.159698,-0.0476278,-0.0177611,0.151392
409.756,315.5,0.149848,-0.0451295,-0.0174521,0.141821
410.622,315,0.140135,-0.0425696,-0.0171227,0.13241
411.488,314.5,0.130559,-0.0399482,-0.0167729,0.12316
412.354,314,0.1221,-0.0377156,-0.0165429,0.114945
413.22,313.5,0.113681,-0.035008,-0.0162805,0.106924
414.086,313,0.105094,-0.0315144,-0.0159527,0.0989803
414.952,312.5,0.096682,-0.028012,-0.0156089,0.0912091
415.818,312,0.088451,-0.0245009,-0.0152491,0.0836108
416.684,311.5,0.080409,-0.0209809,-0.0148733,0.0761853
417.55,311,0.0725673,-0.0174521,-0.0144815,0.0689327
418.416,310.5,0.0649324,-0.013843,-0.0140677,0.0618602
419.282,310,0.0574576,-0.00922602,-0.0135541,0.0550686
420.148,309.5,0.0503954,-0.00464252,-0.0130305,0.0484598
421.014,309,0.0438524,-9.25624e-05,-0.0124971,0.0420339
421.88,308.5,0.0381726,0.0040117,-0.0120914,0.0359841
422.746,308,0.0332817,0.00805911,-0.0116881,0.0301017
423.612,307.5,0.0294484,0.0120628,-0.0112827,0.0243803
424.478,307,0.0275139,0.0166135,-0.0108165,0.019079
425.344,306.5,0.0275066,0.0212908,-0.0103322,0.01402
426.21,306,0.0291664,0.0258949,-0.00984993,0.00911643
427.076,305.5,0.0321342,0.0304258,-0.00936965,0.00436826
427.942,305,0.0359996,0.0348835,-0.00889137,-0.000224499
428.808,304.5,0.0404293,0.039268,-0.00841509,-0.00466184
429.674,304,0.0453968,0.0438408,-0.00791826,-0.00872695
430.54,303.5,0.0507351,0.0486472,-0.00740152,-0.0123582
431.406,303,0.055691,0.0529765,-0.00700738,-0.0156803
432.272,302.5,0.0606237,0.0572233,-0.00661827,-0.0188923
433.138,302,0.0655061,0.0613875,-0.00623418,-0.0219943
434.004,301.5,0.0703193,0.0654692,-0.00585513,-0.0249862
434.87,301,0.0750642,0.0695103,-0.00547678,-0.0278021
435.737,300.5,0.0798093,0.0737656,-0.00507409,-0.0300403
436.603,300,0.0844397,0.0779238,-0.00467999,-0.0321874
437.469,299.5,0.0889528,0.081985,-0.00429448,-0.0342436
438.335,299,0.0933469,0.085949,-0.00391756,-0.0362088
439.201,298.5,0.0976208,0.089816,-0.00354923,-0.0380829
440.067,298,0.101764,0.0935716,-0.00319716,-0.0398751
440.933,297.5,0.105675,0.0972533,-0.00292022,-0.0412364
441.799,297,0.109478,0.100885,-0.00265001,-0.042435
442.665,296.5,0.113182,0.104429,-0.00238831,-0.0435775
443.531,296,0.116786,0.107887,-0.00213512,-0.0446638
444.397,295.5,0.120289,0.111256,-0.00189043,-0.0456939
445.263,295,0.123692,0.114539,-0.00165425,-0.0466679
446.129,294.5,0.126927,0.117756,-0.00142613,-0.0473502
446.995,294,0.130001,0.120909,-0.00120622,-0.0477471
447.861,293.5,0.132986,0.123976,-0.000995035,-0.0481072
448.727,293,0.135883,0.126957,-0.000792582,-0.0484304
449.593,292.5,0.138678,0.129829,-0.000603906,-0.0487409
450.459,292,0.141325,0.132502,-0.000449513,-0.0491495
451.325,291.5,0.14387,0.135103,-0.00030288,-0.0494548
452.191,291,0.146214,0.137617,-0.000171025,-0.0493971
453.057,290.5,0.148497,0.140066,-4.46844e-05,-0.0493249
453.923,290,0.150721,0.142451,7.61412e-05,-0.049238
454.789,289.5,0.152883,0.144772,0.000191452,-0.0491364
455.655,289,0.154985,0.147028,0.000301248,-0.0490202
456.521,288.5,0.157025,0.14922,0.00040553,-0.0488894
457.387,288,0.158853,0.151278,0.00049468,-0.048466
458.253,287.5,0.160607,0.153267,0.000577599,-0.0479958
459.119,287,0.162332,0.155207,0.000651352,-0.0475584
459.985,286.5,0.164076,0.157126,0.000705317,-0.047242
460.851,286,0.165776,0.158995,0.000756364,-0.0469236
461.717,285.5,0.167433,0.160815,0.000804495,-0.0466034
462.583,285,0.168957,0.162533,0.000843441,-0.0461398
463.449,284.5,0.170371,0.164163,0.000874865,-0.0455642
464.315,284,0.171752,0.16575,0.000904121,-0.0449954
465.181,283.5,0.173097,0.167295,0.000931209,-0.0444335
466.047,283,0.174408,0.168796,0.00095613,-0.0438783
466.913,282.5,0.175684,0.170254,0.000978883,-0.0433299
467.779,282,0.17689,0.171645,0.00099726,-0.042743
468.645,281.5,0.177956,0.172912,0.00100759,-0.0420547
469.512,281,0.17901,0.174136,0.00101934,-0.0414727
470.378,280.5,0.180041,0.175331,0.00103016,-0.0408997
471.244,280,0.18105,0.176497,0.00104007,-0.0403359
472.11,279.5,0.182036,0.177633,0.00104905,-0.0397811
472.976,279,0.182999,0.17874,0.00105711,-0.0392354
473.842,278.5,0.183824,0.179731,0.0010575,-0.0385626
474.708,278,0.184622,0.180689,0.0010566,-0.0378908
475.574,277.5,0.185402,0.181622,0.001055,-0.0372322
476.44,277,0.186165,0.182532,0.00105272,-0.036587
477.306,276.5,0.18691,0.183417,0.00104976,-0.035955
478.172,276,0.187666,0.1843,0.00104479,-0.0353691
479.038,275.5,0.188391,0.185148,0.00103426,-0.0347911
