x,v,vx,vy,vz
220.096,425,0.177418,0.065321,-0.0755992,0.146612
220.962,424.5,0.184389,0.0777609,-0.0802413,0.146676
221.828,424,0.191996,0.091391,-0.0846937,0.146072
222.694,423.5,0.200741,0.107096,-0.0890806,0.14454
223.56,423,0.210967,0.123456,-0.0935567,0.143224
224.426,422.5,0.222363,0.140277,-0.0979058,0.142064
225.292,422,0.234848,0.157561,-0.102128,0.14106
226.158,421.5,0.248346,0.175307,-0.106223,0.140213
227.024,421,0.26253,0.193408,-0.110017,0.139327
227.89,420.5,0.274512,0.21055,-0.111557,0.136311
228.756,420,0.286919,0.227758,-0.112655,0.133258
229.622,419.5,0.299706,0.245033,-0.113311,0.130167
230.488,419,0.312836,0.262374,-0.113523,0.127038
231.355,418.5,0.326278,0.279781,-0.113293,0.123872
232.221,418,0.335919,0.29365,-0.108738,0.121603
233.087,417.5,0.341,0.303609,-0.101016,0.11789
233.953,417,0.344988,0.312447,-0.0924339,0.113357
234.819,416.5,0.348699,0.320773,-0.0831971,0.108507
235.685,416,0.352168,0.328587,-0.073306,0.10334
236.551,415.5,0.355439,0.33589,-0.0627605,0.0978553
237.417,415,0.358556,0.342681,-0.0515608,0.0920539
238.283,414.5,0.360832,0.348232,-0.0416033,0.0848729
239.149,414,0.362182,0.352519,-0.0338898,0.0758767
240.015,413.5,0.363536,0.356472,-0.0263566,0.0662688
240.881,413,0.364922,0.360091,-0.0190034,0.056049
241.747,412.5,0.360562,0.357444,-0.0121111,0.0457391
242.613,412,0.355113,0.353331,-0.00601865,0.0350154
243.479,411.5,0.350335,0.349513,-0.00102167,0.0239627
244.345,411,0.346428,0.346146,0.00151959,0.0138874
245.211,410.5,0.34302,0.342982,0.00372099,0.00348422
246.077,410,0.340146,0.340023,0.00558253,-0.0072467
246.943,409.5,0.337838,0.337267,0.00710421,-0.0183054
247.809,409,0.336131,0.334715,0.00828602,-0.0296918
248.675,408.5,0.33506,0.332367,0.00912797,-0.041406
249.541,408,0.335567,0.331314,0.00950022,-0.0524041
250.407,407.5,0.336886,0.330748,0.00957421,-0.0632928
251.273,407,0.341134,0.333311,0.00639927,-0.0723547
252.139,406.5,0.346225,0.336604,0.00287281,-0.0809996
253.005,406,0.351689,0.340092,-0.000412931,-0.0895701
253.871,405.5,0.357503,0.343773,-0.00345795,-0.0980661
254.737,405,0.363613,0.347565,-0.00606815,-0.106659
255.603,404.5,0.369747,0.351204,-0.00818415,-0.115333
256.469,404,0.37584,0.354683,-0.00997213,-0.123921
257.335,403.5,0.381879,0.358001,-0.0114321,-0.132422
258.201,403,0.387852,0.36116,-0.012564,-0.140837
259.067,402.5,0.393752,0.364158,-0.0133679,-0.149166
259.933,402,0.399293,0.366714,-0.0139166,-0.157359
260.799,401.5,0.406021,0.370214,-0.0163692,-0.165911
261.665,401,0.412749,0.373598,-0.0186225,-0.174468
262.531,400.5,0.419215,0.376623,-0.0204766,-0.182967
263.397,400,0.425414,0.379288,-0.0219315,-0.191408
264.263,399.5,0.431345,0.381593,-0.0229873,-0.199792
265.13,399,0.437005,0.383538,-0.0236439,-0.208118
265.996,398.5,0.440134,0.383391,-0.0250476,-0.214714
266.862,398,0.44276,0.382654,-0.0263903,-0.22117
267.728,397.5,0.445207,0.381567,-0.0275257,-0.227724
268.594,397,0.447484,0.38013,-0.0284536,-0.234379
269.46,396.5,0.4496,0.378344,-0.0291743,-0.241132
270.326,396,0.452977,0.378719,-0.0305512,-0.246629
271.192,395.5,0.455442,0.378565,-0.0315783,-0.251235
272.058,395,0.457012,0.377754,-0.031964,-0.255226
272.924,394.5,0.458159,0.376514,-0.0316635,-0.259123
273.79,394,0.45889,0.374846,-0.0306768,-0.262925
274.656,393.5,0.459213,0.37275,-0.0290039,-0.266633
275.522,393,0.45914,0.370225,-0.0266448,-0.270245
276.388,392.5,0.45787,0.366837,-0.0229046,-0.273041
277.254,392,0.453745,0.361715,-0.0165224,-0.273448
278.12,391.5,0.449215,0.356176,-0.00967173,-0.273567
278.986,391,0.444301,0.350271,-0.00239021,-0.273328
279.852,390.5,0.438833,0.345616,0.0040099,-0.270384
280.718,390,0.432841,0.340681,0.0105243,-0.26679
281.584,389.5,0.426336,0.335466,0.0171529,-0.262547
282.45,389,0.414486,0.327188,0.0232453,-0.253391
283.316,388.5,0.402431,0.31851,0.0292034,-0.244232
284.182,388,0.390531,0.30963,0.0350658,-0.235401
285.048,387.5,0.378787,0.300549,0.0408324,-0.226898
285.914,387,0.367202,0.291265,0.0465033,-0.218722
286.78,386.5,0.355781,0.281779,0.0520785,-0.210875
287.646,386,0.34256,0.268609,0.057838,-0.204576
288.512,385.5,0.328114,0.251974,0.0640816,-0.200153
289.378,385,0.311336,0.230547,0.0724787,-0.196278
290.244,384.5,0.295625,0.208963,0.0808821,-0.192839
291.11,384,0.28118,0.187222,0.0892919,-0.189835
291.976,383.5,0.268231,0.165325,0.0977081,-0.187267
292.842,383,0.255403,0.14014,0.10666,-0.184974
293.708,382.5,0.242076,0.108394,0.116523,-0.182411
294.574,382,0.232802,0.0776099,0.125936,-0.17976
295.44,381.5,0.227634,0.0477863,0.134897,-0.177021
296.306,381,0.226423,0.0189236,0.143406,-0.174196
297.172,380.5,0.228822,-0.00897832,0.151464,-0.171282
298.038,380,0.232639,-0.0346197,0.158626,-0.166614
298.905,379.5,0.231318,-0.0623998,0.16013,-0.154831
299.771,379,0.234734,-0.088178,0.161935,-0.145265
300.637,378.5,0.24176,-0.111849,0.16407,-0.137908
301.503,378,0.251314,-0.133412,0.166537,-0.132759
302.369,377.5,0.262481,-0.152868,0.169336,-0.129819
303.235,377,0.274558,-0.170217,0.172465,-0.129088
304.101,376.5,0.297183,-0.193996,0.166897,-0.151091
304.967,376,0.327999,-0.221313,0.15795,-0.183455
305.833,375.5,0.361749,-0.248365,0.150084,-0.215991
306.699,375,0.397612,-0.275154,0.143298,-0.248699
307.565,374.5,0.433288,-0.300655,0.137424,-0.280107
308.431,374,0.463524,-0.321454,0.132447,-0.306561
309.297,373.5,0.492446,-0.333672,0.123279,-0.340542
310.163,373,0.521545,-0.332711,0.104929,-0.387689
311.029,372.5,0.554187,-0.331405,0.0877746,-0.435418
311.895,372,0.589823,-0.329756,0.0718159,-0.48373
312.761,371.5,0.62799,-0.327762,0.057053,-0.532623
313.627,371,0.668305,-0.325425,0.0434859,-0.582099
314.493,370.5,0.708762,-0.32193,0.0307873,-0.630679
315.359,370,0.717099,-0.301356,0.0111981,-0.650608
316.225,369.5,0.730034,-0.280679,-0.00967369,-0.673851
317.091,369,0.746649,-0.260801,-0.0312803,-0.69892
317.957,368.5,0.765857,-0.243306,-0.0521316,-0.724307
318.823,368,0.790805,-0.225995,-0.0732703,-0.754275
319.689,367.5,0.821483,-0.208868,-0.0946964,-0.788823
320.555,367,0.821015,-0.203074,-0.102411,-0.788884
321.421,366.5,0.811465,-0.202506,-0.107251,-0.778437
322.287,366,0.80623,-0.203214,-0.114668,-0.771726
323.153,365.5,0.805375,-0.205199,-0.124664,-0.768753
324.019,365,0.808978,-0.20846,-0.137238,-0.769516
324.885,364.5,0.817125,-0.212998,-0.15239,-0.774017
325.751,364,0.819926,-0.212366,-0.161123,-0.775383
326.617,363.5,0.809519,-0.201108,-0.156838,-0.768296
327.483,363,0.79935,-0.187526,-0.15126,-0.762177
328.349,362.5,0.793121,-0.177101,-0.147261,-0.758941
329.215,362,0.790743,-0.169832,-0.144842,-0.758586
330.081,361.5,0.792145,-0.16572,-0.144003,-0.761114
330.947,361,0.798893,-0.164834,-0.144469,-0.768237
331.813,360.5,0.824108,-0.16744,-0.144016,-0.793963
332.679,360,0.853926,-0.172694,-0.144996,-0.823615
333.546,359.5,0.888329,-0.180596,-0.147411,-0.857195
334.412,359,0.927313,-0.191146,-0.15126,-0.894702
335.278,358.5,0.970883,-0.204344,-0.156543,-0.936137
336.144,358,1.01756,-0.215706,-0.160238,-0.981436
337.01,357.5,1.05405,-0.23267,-0.149855,-1.01707
337.876,357,1.07996,-0.248312,-0.133599,-1.04249
338.742,356.5,1.09704,-0.259171,-0.113746,-1.0599
339.608,356,1.1054,-0.265247,-0.0902978,-1.0693
340.474,355.5,1.10517,-0.26654,-0.0632532,-1.07068
341.34,355,1.09656,-0.263049,-0.0326125,-1.06404
342.206,354.5,1.04202,-0.237958,0.0318747,-1.01398
343.072,354,0.939389,-0.193029,0.142236,-0.908274
343.938,353.5,0.84127,-0.148407,0.267686,-0.783616
344.804,353,0.766222,-0.104093,0.408224,-0.640011
345.67,352.5,0.723695,-0.06158,0.53538,-0.483022
346.536,352,0.702745,-0.0343319,0.627016,-0.315473
347.402,351.5,0.701234,-0.0366537,0.682468,-0.156919
348.268,351,0.606903,-0.0941575,0.578415,-0.157803
349.134,350.5,0.514161,-0.130027,0.449217,-0.213678
350,350,0.461618,-0.144262,0.294874,-0.324544
350.866,349.5,0.522053,-0.136863,0.115386,-0.490402
351.732,349,0.724892,-0.107829,-0.089247,-0.71125
352.598,348.5,1.03894,-0.057161,-0.319025,-0.987089
353.464,348,1.19207,-0.05538,-0.467161,-1.09531
354.33,347.5,1.28709,-0.0718084,-0.583312,-1.14507
355.196,347,1.3472,-0.0737991,-0.661602,-1.17123
356.062,346.5,1.39977,-0.0458655,-0.714211,-1.20298
356.928,346,1.4648,-0.00167728,-0.76403,-1.24975
357.794,345.5,1.54319,0.0587655,-0.811062,-1.31155
358.66,345,1.51884,0.160662,-0.781701,-1.29228
359.526,344.5,1.38735,0.274751,-0.684084,-1.17528
360.392,344,1.24747,0.370272,-0.584164,-1.03819
361.258,343.5,1.0993,0.447226,-0.481941,-0.881011
362.124,343,0.945165,0.505611,-0.377414,-0.703742
362.99,342.5,0.791918,0.545429,-0.270583,-0.506385
363.856,342,0.670945,0.561567,-0.178246,-0.320996
364.722,341.5,0.631808,0.551046,-0.143594,-0.273698
365.588,341,0.590091,0.535762,-0.0998723,-0.226257
366.454,340.5,0.535842,0.51225,-0.0448163,-0.150727
367.321,340,0.483296,0.480511,0.0215741,-0.0471089
368.187,339.5,0.459452,0.440544,0.099299,0.0845984
369.053,339,0.499146,0.39235,0.188358,0.244395
369.919,338.5,0.535268,0.385002,0.197347,0.31518
370.785,338,0.572401,0.375703,0.198648,0.383444
371.651,337.5,0.61862,0.358936,0.202144,0.461512
372.517,337,0.676049,0.3347,0.207835,0.549384
373.383,336.5,0.746344,0.302997,0.215722,0.647059
374.249,336,0.821534,0.25909,0.223445,0.746903
375.115,335.5,0.858209,0.225701,0.211522,0.800525
375.981,335,0.865822,0.200577,0.183875,0.821953
376.847,334.5,0.879132,0.170608,0.154063,0.848547
377.713,334,0.899047,0.135795,0.122086,0.880307
378.579,333.5,0.926442,0.0961383,0.0879446,0.917234
379.445,333,0.962103,0.0516374,0.0516384,0.959327
380.311,332.5,0.988231,0.0206127,0.021134,0.98779
381.177,332,0.968739,0.0366419,0.0109422,0.967984
382.043,331.5,0.951097,0.0510677,-0.000147638,0.949725
382.909,331,0.935279,0.0638902,-0.0121356,0.933015
383.775,330.5,0.920083,0.0727252,-0.0258698,0.916839
384.641,330,0.907007,0.0798208,-0.039914,0.902606
385.507,329.5,0.896621,0.0862403,-0.0537857,0.890841
386.373,329,0.881282,0.0988286,-0.0551238,0.873986
387.239,328.5,0.865695,0.112673,-0.0558985,0.856509
388.105,328,0.850237,0.12748,-0.0567104,0.838711
388.971,327.5,0.834987,0.143251,-0.0575595,0.820591
389.837,327,0.820034,0.159986,-0.0584459,0.80215
390.703,326.5,0.805476,0.177684,-0.0593696,0.783387
391.569,326,0.793898,0.192164,-0.0578245,0.768117
392.435,325.5,0.783769,0.204856,-0.0547189,0.754543
393.301,325,0.774081,0.218392,-0.0510734,0.740877
394.167,324.5,0.764221,0.232404,-0.0472075,0.726494
395.033,324,0.754078,0.246778,-0.0432279,0.711242
395.899,323.5,0.743716,0.261514,-0.0391348,0.69512
396.765,323,0.734061,0.273805,-0.035336,0.680167
397.631,322.5,0.726102,0.280413,-0.0322415,0.668994
398.497,322,0.718086,0.287072,-0.0289862,0.657569
399.363,321.5,0.710027,0.293783,-0.0255702,0.645892
400.229,321,0.701939,0.300546,-0.0219933,0.633961
401.095,320.5,0.693839,0.307362,-0.0182557,0.621778
401.962,320,0.685743,0.314192,-0.0143815,0.609361
402.828,319.5,0.677034,0.317296,-0.0127578,0.597943
403.694,319,0.668253,0.320177,-0.0110371,0.586453
404.56,318.5,0.659501,0.322803,-0.00923753,0.575025
405.426,318,0.650773,0.325175,-0.00735912,0.56366
406.292,317.5,0.642066,0.327293,-0.00540185,0.552358
407.158,317,0.633375,0.329156,-0.00336573,0.541119
408.024,316.5,0.624405,0.32995,-0.00229735,0.530103
408.89,316,0.615325,0.330143,-0.00164228,0.519257
409.756,315.5,0.606259,0.330093,-0.000946958,0.508515
410.622,315,0.597202,0.3298,-0.000211381,0.497877
411.488,314.5,0.588149,0.329264,0.00056445,0.487344
412.354,314,0.578306,0.328053,0.0013562,0.476254
413.22,313.5,0.568548,0.326469,0.00190986,0.465469
414.086,313,0.559054,0.324563,0.00205051,0.455187
414.952,312.5,0.549611,0.322454,0.00221201,0.445074
415.818,312,0.540215,0.320141,0.00239436,0.435128
416.684,311.5,0.530862,0.317624,0.00259756,0.42535
417.55,311,0.521548,0.314904,0.0028216,0.415741
418.416,310.5,0.512339,0.31202,0.00305072,0.406356
419.282,310,0.50416,0.30952,0.00307045,0.397952
420.148,309.5,0.496025,0.306853,0.00310208,0.389707
421.014,309,0.487928,0.304021,0.00314561,0.381622
421.88,308.5,0.479267,0.30051,0.00315157,0.373337
422.746,308,0.470674,0.29686,0.00316205,0.365237
423.612,307.5,0.462168,0.293088,0.00317855,0.357335
424.478,307,0.454475,0.28981,0.00318454,0.350068
425.344,306.5,0.447094,0.286636,0.00318562,0.343108
426.21,306,0.439781,0.283364,0.00318649,0.336307
427.076,305.5,0.432534,0.279995,0.00318716,0.329664
427.942,305,0.425351,0.27653,0.00318763,0.323179
428.808,304.5,0.418229,0.272966,0.00318789,0.316852
429.674,304,0.411491,0.269642,0.00320156,0.310818
430.54,303.5,0.405206,0.266654,0.00322927,0.305085
431.406,303,0.398579,0.263185,0.00321702,0.299313
432.272,302.5,0.392025,0.25967,0.00320152,0.293675
433.138,302,0.385542,0.256107,0.00318279,0.288169
434.004,301.5,0.37913,0.252497,0.00316082,0.282798
434.87,301,0.372859,0.248921,0.00313733,0.277583
435.737,300.5,0.367164,0.245885,0.00312281,0.272654
436.603,300,0.361523,0.24281,0.00310441,0.267829
437.469,299.5,0.355934,0.239696,0.00308215,0.263107
438.335,299,0.350398,0.236543,0.00305602,0.258489
439.201,298.5,0.344913,0.23335,0.00302603,0.253975
440.067,298,0.339454,0.230089,0.00299083,0.249557
440.933,297.5,0.334187,0.226993,0.002936,0.245248
441.799,297,0.329065,0.223995,0.0028775,0.241043
442.665,296.5,0.323995,0.220982,0.0028162,0.236922
443.531,296,0.318977,0.217955,0.00275209,0.232883
444.397,295.5,0.314011,0.214914,0.00268518,0.228928
445.263,295,0.309097,0.211858,0.00261546,0.225056
446.129,294.5,0.304422,0.209041,0.00253474,0.221288
446.995,294,0.299985,0.206471,0.00244209,0.217611
447.861,293.5,0.295589,0.20389,0.00234578,0.214
448.727,293,0.291234,0.201298,0.00224579,0.210455
449.593,292.5,0.286891,0.19866,0.00214195,0.206968
450.459,292,0.282437,0.195835,0.00203432,0.203507
451.325,291.5,0.278088,0.193095,0.00192266,0.20011
452.191,291,0.274044,0.190738,0.00179904,0.196763
453.057,290.5,0.27004,0.188384,0.00167239,0.193468
453.923,290,0.266076,0.186032,0.00154271,0.190227
454.789,289.5,0.262153,0.183683,0.00141001,0.187038
455.655,289,0.258271,0.181335,0.00127428,0.183902
456.521,288.5,0.254428,0.178989,0.00113553,0.180818
457.387,288,0.250859,0.177015,0.000989557,0.177749
458.253,287.5,0.247362,0.175102,0.00084017,0.174718
459.119,287,0.243873,0.173162,0.000688347,0.171721
459.985,286.5,0.240317,0.171119,0.000535291,0.168732
460.851,286,0.236799,0.169085,0.000380293,0.165783
461.717,285.5,0.233319,0.16706,0.000223352,0.162876
462.583,285,0.230004,0.165261,6.68814e-05,0.159971
463.449,284.5,0.226829,0.163648,-8.9173e-05,0.15707
464.315,284,0.223691,0.162044,-0.000246699,0.154204
465.181,283.5,0.220587,0.16045,-0.000405698,0.151375
466.047,283,0.21752,0.158866,-0.000566168,0.148581
466.913,282.5,0.214487,0.15729,-0.00072811,0.145822
467.779,282,0.211541,0.155809,-0.000888921,0.143082
468.645,281.5,0.208775,0.154588,-0.00103271,0.140315
469.512,281,0.205983,0.153305,-0.00115323,0.137568
470.378,280.5,0.203229,0.152035,-0.00127377,0.134854
471.244,280,0.200512,0.150777,-0.00139434,0.132172
472.11,279.5,0.197833,0.149532,-0.00151493,0.129521
472.976,279,0.195192,0.148299,-0.00163554,0.126903
473.842,278.5,0.192788,0.147392,-0.00174279,0.124257
474.708,278,0.190441,0.146523,-0.00184819,0.121636
475.574,277.5,0.188132,0.145664,-0.00195292,0.119045
476.44,277,0.185862,0.144816,-0.00205697,0.116485
477.306,276.5,0.18363,0.143977,-0.00216035,0.113956
478.172,276,0.181421,0.143123,-0.00225748,0.111464
479.038,275.5,0.179347,0.142416,-0.00233709,0.108985
