x,v,vx,vy,vz
220.096,425,0.072032,0.0713372,0.00903166,0.00424721
220.962,424.5,0.0687259,0.067951,0.00928618,0.00443498
221.828,424,0.0652225,0.0643482,0.00955547,0.00468756
222.694,423.5,0.0614488,0.0604477,0.00984591,0.00500879
223.56,423,0.0576627,0.0565164,0.0101394,0.00529864
224.426,422.5,0.053859,0.0525433,0.0104362,0.00557546
225.292,422,0.0500437,0.0485284,0.0107362,0.00583926
226.158,421.5,0.0462244,0.0444718,0.0110395,0.00609002
227.024,421,0.0423708,0.040326,0.011349,0.00634805
227.89,420.5,0.0380904,0.035603,0.0116953,0.00682092
228.756,420,0.0338878,0.0308259,0.0120455,0.00728378
229.622,419.5,0.0298216,0.0259947,0.0123995,0.00773662
230.488,419,0.0259858,0.0211094,0.0127574,0.00817946
231.355,418.5,0.0225333,0.01617,0.0131191,0.00861229
232.221,418,0.0196966,0.011217,0.0134827,0.0089641
233.087,417.5,0.0177815,0.00572682,0.013871,0.00953849
233.953,417,0.0175291,1.20531e-05,0.0142705,0.0101796
234.819,416.5,0.0191192,-0.00577934,0.0146749,0.010807
235.685,416,0.0222178,-0.0116474,0.0150843,0.0114207
236.551,415.5,0.0263474,-0.017592,0.0154985,0.0120208
237.417,415,0.0311433,-0.0236133,0.0159177,0.0126072
238.283,414.5,0.0367614,-0.0300764,0.0163511,0.0133959
239.149,414,0.0431913,-0.0370768,0.0168013,0.01444
240.015,413.5,0.0498936,-0.0441802,0.0172573,0.0154812
240.881,413,0.0568107,-0.0513867,0.0177192,0.0165197
241.747,412.5,0.0638436,-0.0586764,0.018187,0.0173873
242.613,412,0.071025,-0.0660727,0.0186608,0.0181859
243.479,411.5,0.0784877,-0.0736953,0.0191351,0.0190569
244.345,411,0.0869207,-0.0821641,0.0195817,0.0205143
245.211,410.5,0.0955324,-0.0907911,0.0200336,0.0219563
246.077,410,0.104317,-0.0995764,0.0204906,0.023383
246.943,409.5,0.113271,-0.10852,0.0209528,0.0247943
247.809,409,0.122391,-0.117622,0.0214201,0.0261903
248.675,408.5,0.131675,-0.126882,0.0218926,0.027571
249.541,408,0.142095,-0.137144,0.0222709,0.0297764
250.407,407.5,0.152943,-0.1478,0.0226281,0.0321666
251.273,407,0.16383,-0.158573,0.0229858,0.0341535
252.139,406.5,0.174907,-0.169559,0.0233458,0.0360153
253.005,406,0.186208,-0.180778,0.023708,0.0378234
253.871,405.5,0.197732,-0.192229,0.0240725,0.0395777
254.737,405,0.210012,-0.204317,0.024185,0.0421299
255.603,404.5,0.223094,-0.217083,0.0240395,0.0454752
256.469,404,0.236481,-0.230157,0.0238774,0.0487977
257.335,403.5,0.250172,-0.243537,0.0236985,0.0520975
258.201,403,0.264166,-0.257225,0.0235028,0.0553747
259.067,402.5,0.27846,-0.27122,0.0232905,0.058629
259.933,402,0.293165,-0.285586,0.0226579,0.0622369
260.799,401.5,0.308129,-0.300233,0.0201938,0.0663015
261.665,401,0.323396,-0.315309,0.0174173,0.0697286
262.531,400.5,0.339028,-0.330853,0.0143258,0.0726042
263.397,400,0.355033,-0.346864,0.0109194,0.0749283
264.263,399.5,0.371421,-0.363344,0.00719805,0.076701
265.13,399,0.388205,-0.380291,0.00316171,0.0779222
265.996,398.5,0.405066,-0.397803,-0.00818589,0.0759252
266.862,398,0.422564,-0.415745,-0.021082,0.0726075
267.728,397.5,0.440803,-0.434102,-0.0345802,0.0683107
268.594,397,0.459824,-0.452874,-0.0486803,0.0630347
269.46,396.5,0.479669,-0.47206,-0.0633825,0.0567795
270.326,396,0.498172,-0.48968,-0.0761732,0.0508631
271.192,395.5,0.508454,-0.497417,-0.0867395,0.0598181
272.058,395,0.512588,-0.496691,-0.094012,0.0848885
272.924,394.5,0.517811,-0.494859,-0.0990883,0.115863
273.79,394,0.525086,-0.491923,-0.101968,0.152741
274.656,393.5,0.535531,-0.487881,-0.102652,0.195522
275.522,393,0.550362,-0.482733,-0.10114,0.244208
276.388,392.5,0.57118,-0.465341,-0.0914167,0.318351
277.254,392,0.621198,-0.41429,-0.0610754,0.458825
278.12,391.5,0.708785,-0.363695,-0.0280263,0.607714
278.986,391,0.826935,-0.314114,0.00767833,0.764915
279.852,390.5,0.969335,-0.286452,0.0429618,0.925046
280.718,390,1.12414,-0.267295,0.0780193,1.08911
281.584,389.5,1.28799,-0.256642,0.112851,1.25711
282.45,389,1.33097,-0.318503,0.131358,1.28561
283.316,388.5,1.36083,-0.390129,0.146426,1.29546
284.182,388,1.38698,-0.466933,0.159111,1.29629
285.048,387.5,1.41038,-0.548913,0.169413,1.28808
285.914,387,1.43216,-0.63607,0.177331,1.27085
286.78,386.5,1.45361,-0.728404,0.182866,1.24458
287.646,386,1.39578,-0.813493,0.188334,1.11846
288.512,385.5,1.30173,-0.886955,0.193891,0.932851
289.378,385,1.23209,-0.956105,0.197046,0.75172
290.244,384.5,1.18116,-1.01659,0.199484,0.567351
291.11,384,1.1516,-1.06841,0.201206,0.379746
291.976,383.5,1.14549,-1.11157,0.202212,0.188903
292.842,383,1.16865,-1.15068,0.200093,0.0403915
293.708,382.5,1.20905,-1.19375,0.191625,-0.00686726
294.574,382,1.24602,-1.23134,0.18222,-0.0563074
295.44,381.5,1.27966,-1.26347,0.171875,-0.107929
296.306,381,1.3101,-1.29012,0.160591,-0.161732
297.172,380.5,1.33751,-1.3113,0.148369,-0.217717
298.038,380,1.36148,-1.32645,0.135388,-0.275366
298.905,379.5,1.34653,-1.31608,0.102698,-0.265552
299.771,379,1.33087,-1.30365,0.0722864,-0.257831
300.637,378.5,1.31465,-1.28934,0.0443651,-0.252866
301.503,378,1.29773,-1.27315,0.0189341,-0.250658
302.369,377.5,1.27998,-1.25509,-0.0040066,-0.251205
303.235,377,1.26132,-1.23514,-0.0244571,-0.254508
304.101,376.5,1.23272,-1.20205,-0.0469345,-0.269232
304.967,376,1.20116,-1.1639,-0.0700208,-0.288455
305.833,375.5,1.17137,-1.12655,-0.0917262,-0.307546
306.699,375,1.14335,-1.08999,-0.112051,-0.326505
307.565,374.5,1.11408,-1.05174,-0.130664,-0.343421
308.431,374,1.07403,-1.00348,-0.145854,-0.353953
309.297,373.5,1.02998,-0.948996,-0.157837,-0.367916
310.163,373,0.9833,-0.888358,-0.167772,-0.386718
311.029,372.5,0.940358,-0.829779,-0.177095,-0.405436
311.895,372,0.90127,-0.773257,-0.185805,-0.424072
312.761,371.5,0.866129,-0.718794,-0.193902,-0.442625
313.627,371,0.835008,-0.666388,-0.201387,-0.461095
314.493,370.5,0.807786,-0.615978,-0.207892,-0.479447
315.359,370,0.782058,-0.566624,-0.207341,-0.497556
316.225,369.5,0.762054,-0.519915,-0.208439,-0.516689
317.091,369,0.75002,-0.474558,-0.208187,-0.542202
317.957,368.5,0.749618,-0.427938,-0.199059,-0.582385
318.823,368,0.755312,-0.383018,-0.187117,-0.623523
319.689,367.5,0.766954,-0.339797,-0.172362,-0.665618
320.555,367,0.775182,-0.304708,-0.142051,-0.698485
321.421,366.5,0.783526,-0.274686,-0.106425,-0.72604
322.287,366,0.794474,-0.247522,-0.070505,-0.751632
323.153,365.5,0.807486,-0.223214,-0.0342924,-0.775263
324.019,365,0.822079,-0.201765,0.00221332,-0.796932
324.885,364.5,0.837838,-0.183172,0.039012,-0.816639
325.751,364,0.844519,-0.170473,0.0774621,-0.823499
326.617,363.5,0.821999,-0.164425,0.114233,-0.797244
327.483,363,0.772153,-0.161004,0.144918,-0.741145
328.349,362.5,0.723614,-0.159253,0.171559,-0.684706
329.215,362,0.676257,-0.159172,0.194154,-0.627926
330.081,361.5,0.630005,-0.160761,0.212705,-0.570806
330.947,361,0.586609,-0.164239,0.225835,-0.515883
331.813,360.5,0.560441,-0.169765,0.224284,-0.484738
332.679,360,0.536296,-0.174139,0.221462,-0.456336
333.546,359.5,0.513994,-0.177363,0.217371,-0.430676
334.412,359,0.493369,-0.179436,0.21201,-0.407759
335.278,358.5,0.474268,-0.180357,0.205379,-0.387583
336.144,358,0.466623,-0.235931,0.165428,-0.367025
337.01,357.5,0.532995,-0.354685,0.0955338,-0.386205
337.876,357,0.61404,-0.452142,0.0391483,-0.413618
338.742,356.5,0.686775,-0.529368,-0.00732835,-0.437465
339.608,356,0.745172,-0.586365,-0.0438961,-0.457745
340.474,355.5,0.786373,-0.623132,-0.070555,-0.474459
341.34,355,0.809047,-0.639668,-0.087305,-0.487606
342.206,354.5,0.801383,-0.638043,-0.080059,-0.478233
343.072,354,0.75738,-0.610701,-0.0391537,-0.446247
343.938,353.5,0.690557,-0.552531,0.022531,-0.413608
344.804,353,0.60871,-0.463534,0.104995,-0.380316
345.67,352.5,0.568997,-0.417446,0.174208,-0.345177
346.536,352,0.570948,-0.436745,0.210327,-0.301658
347.402,351.5,0.569845,-0.45775,0.23832,-0.241642
348.268,351,0.592153,-0.526253,0.233205,-0.138989
349.134,350.5,0.598859,-0.54506,0.24549,-0.0357275
350,350,0.587142,-0.51417,0.275176,0.0681406
350.866,349.5,0.567136,-0.433584,0.322261,0.172616
351.732,349,0.564519,-0.303301,0.386747,0.277698
352.598,348.5,0.617909,-0.123322,0.468634,0.383387
353.464,348,0.64572,-0.101431,0.466809,0.43446
354.33,347.5,0.665269,-0.107385,0.462428,0.466059
355.196,347,0.679959,-0.0821449,0.453661,0.499787
356.062,346.5,0.691073,-0.0317994,0.425757,0.543417
356.928,346,0.707722,0.0218679,0.391652,0.589068
357.794,345.5,0.731506,0.0788571,0.351346,0.636741
358.66,345,0.795654,0.168076,0.277405,0.726542
359.526,344.5,0.8984,0.273912,0.186421,0.83507
360.392,344,0.996629,0.366627,0.107168,0.920527
361.258,343.5,1.08018,0.446219,0.039645,0.982912
362.124,343,1.1437,0.51269,-0.0161471,1.02222
362.99,342.5,1.18425,0.566039,-0.0602086,1.03847
363.856,342,1.18722,0.594622,-0.0850297,1.02405
364.722,341.5,1.11002,0.557311,-0.0702532,0.957405
365.588,341,1.02471,0.511067,-0.0525738,0.886614
366.454,340.5,0.946705,0.467326,-0.0368982,0.822493
367.321,340,0.876001,0.426089,-0.0232265,0.76504
368.187,339.5,0.812612,0.387355,-0.0115585,0.714256
369.053,339,0.756558,0.351124,-0.00189434,0.67014
369.919,338.5,0.730889,0.337953,0.00255813,0.648058
370.785,338,0.711632,0.328531,0.00529878,0.631236
371.651,337.5,0.695976,0.32047,0.00672585,0.617767
372.517,337,0.683914,0.313772,0.00683934,0.60765
373.383,336.5,0.675447,0.308437,0.00563924,0.600886
374.249,336,0.671393,0.304799,0.00213345,0.598216
375.115,335.5,0.665523,0.300517,-0.000755425,0.593809
375.981,335,0.657491,0.295306,-0.0026825,0.587436
376.847,334.5,0.649017,0.289637,-0.00439559,0.580788
377.713,334,0.640105,0.28351,-0.00589469,0.573865
378.579,333.5,0.630755,0.276925,-0.0071798,0.566668
379.445,333,0.620972,0.269883,-0.00825092,0.559197
380.311,332.5,0.61033,0.262577,-0.00894152,0.550886
381.177,332,0.598522,0.255638,-0.00909349,0.541105
382.043,331.5,0.58696,0.248705,-0.00923389,0.531585
382.909,331,0.575648,0.24178,-0.00936271,0.522327
383.775,330.5,0.564318,0.233879,-0.00936602,0.513486
384.641,330,0.553238,0.225737,-0.00935292,0.505002
385.507,329.5,0.54253,0.217761,-0.0093745,0.496821
386.373,329,0.53145,0.21123,-0.00911615,0.487584
387.239,328.5,0.520657,0.204879,-0.00888082,0.47857
388.105,328,0.510186,0.198645,-0.00868379,0.469845
388.971,327.5,0.500038,0.19253,-0.00852504,0.461409
389.837,327,0.490215,0.186531,-0.00840459,0.453262
390.703,326.5,0.480716,0.18065,-0.00832242,0.445403
391.569,326,0.471493,0.175613,-0.00822698,0.437491
392.435,325.5,0.46251,0.171071,-0.00813382,0.429632
393.301,325,0.453816,0.166172,-0.00800964,0.422222
394.167,324.5,0.445344,0.16123,-0.00789079,0.41506
395.033,324,0.437082,0.156366,-0.00779339,0.40808
395.899,323.5,0.429028,0.151582,-0.00771745,0.401284
396.765,323,0.421127,0.147118,-0.00766177,0.394519
397.631,322.5,0.413299,0.143228,-0.00761936,0.387613
398.497,322,0.405657,0.139406,-0.00758975,0.380875
399.363,321.5,0.398202,0.135653,-0.00757295,0.374307
400.229,321,0.390933,0.131969,-0.00756897,0.367907
401.095,320.5,0.383851,0.128353,-0.00757779,0.361677
401.962,320,0.376957,0.124812,-0.00759994,0.355613
402.828,319.5,0.370223,0.121567,-0.00761603,0.349612
403.694,319,0.363616,0.118293,-0.00762589,0.343752
404.56,318.5,0.357144,0.115068,-0.00764206,0.338013
405.426,318,0.350807,0.111892,-0.00766455,0.332396
406.292,317.5,0.344605,0.108767,-0.00769335,0.326899
407.158,317,0.338538,0.105691,-0.00772846,0.321524
408.024,316.5,0.33255,0.10301,-0.00777888,0.316098
408.89,316,0.326664,0.100522,-0.00783877,0.310714
409.756,315.5,0.320905,0.098076,-0.00790403,0.305449
410.622,315,0.315272,0.0956707,-0.00797465,0.3003
411.488,314.5,0.309766,0.0933064,-0.00805064,0.295269
412.354,314,0.30431,0.0907098,-0.00806273,0.290365
413.22,313.5,0.298947,0.0883019,-0.00807277,0.285494
414.086,313,0.293675,0.0862132,-0.00808928,0.280618
414.952,312.5,0.288488,0.0841441,-0.00810794,0.275825
415.818,312,0.283386,0.0820947,-0.00812874,0.271113
416.684,311.5,0.27837,0.0800649,-0.00815168,0.266483
417.55,311,0.273439,0.0780547,-0.00817676,0.261934
418.416,310.5,0.268593,0.0760883,-0.00820316,0.257459
419.282,310,0.263807,0.0744816,-0.0082208,0.25294
420.148,309.5,0.259099,0.0728862,-0.00824235,0.248499
421.014,309,0.254469,0.071302,-0.00826782,0.244136
421.88,308.5,0.249882,0.0695667,-0.00827773,0.23986
422.746,308,0.245353,0.067847,-0.00829113,0.235639
423.612,307.5,0.240883,0.0661482,-0.00830866,0.231474
424.478,307,0.236477,0.0647079,-0.00832729,0.227299
425.344,306.5,0.232122,0.06336,-0.00834843,0.223151
426.21,306,0.227816,0.0620244,-0.00837298,0.21905
427.076,305.5,0.223558,0.060701,-0.00840095,0.214995
427.942,305,0.219349,0.05939,-0.00843234,0.210987
428.808,304.5,0.215188,0.0580912,-0.00846713,0.207026
429.674,304,0.21106,0.0569135,-0.00850191,0.203063
430.54,303.5,0.206953,0.0558842,-0.00853307,0.199082
431.406,303,0.20289,0.0547883,-0.00851145,0.195167
432.272,302.5,0.198865,0.0537111,-0.00849265,0.191286
433.138,302,0.194877,0.0526524,-0.00847668,0.187438
434.004,301.5,0.190926,0.0516123,-0.00846353,0.183623
434.87,301,0.187008,0.0506189,-0.00845381,0.179829
435.737,300.5,0.183096,0.0498488,-0.00845046,0.175977
436.603,300,0.179216,0.0490977,-0.00844845,0.172152
437.469,299.5,0.175369,0.0483657,-0.0084478,0.168355
438.335,299,0.171554,0.0476529,-0.00844849,0.164586
439.201,298.5,0.167772,0.0469592,-0.00845054,0.160845
440.067,298,0.164029,0.0462817,-0.00845111,0.157137
440.933,297.5,0.160309,0.0457846,-0.00842791,0.1534
441.799,297,0.156607,0.0453555,-0.00840434,0.14966
442.665,296.5,0.152937,0.0449496,-0.00837963,0.145942
443.531,296,0.149299,0.0445668,-0.00835377,0.142247
444.397,295.5,0.145693,0.0442073,-0.00832678,0.138574
445.263,295,0.14212,0.0438709,-0.00829864,0.134924
446.129,294.5,0.138563,0.0436831,-0.00826982,0.131237
446.995,294,0.135026,0.0436481,-0.00823967,0.127511
447.861,293.5,0.131528,0.0436362,-0.00820746,0.123807
448.727,293,0.128071,0.0436474,-0.00817321,0.120127
449.593,292.5,0.124679,0.0436766,-0.00813473,0.116495
450.459,292,0.121451,0.0437012,-0.00808313,0.113027
451.325,291.5,0.118264,0.0437957,-0.00803006,0.109562
452.191,291,0.115115,0.0441322,-0.00797337,0.10602
453.057,290.5,0.112024,0.0444903,-0.00791551,0.102506
453.923,290,0.108995,0.0448698,-0.00785646,0.0990197
454.789,289.5,0.10603,0.0452709,-0.00779624,0.0955623
455.655,289,0.103132,0.0456936,-0.00773483,0.0921333
456.521,288.5,0.100305,0.0461378,-0.00767225,0.0887327
457.387,288,0.0976017,0.0468518,-0.00760119,0.0852831
458.253,287.5,0.0949977,0.0476249,-0.0075273,0.0818521
459.119,287,0.0925087,0.0484059,-0.00744888,0.0784808
459.985,286.5,0.090181,0.049163,-0.00735839,0.0752427
460.851,286,0.0879508,0.0499341,-0.00726569,0.0720356
461.717,285.5,0.0858224,0.0507192,-0.00717076,0.0688594
462.583,285,0.0838665,0.0516729,-0.00706916,0.0656776
463.449,284.5,0.0820903,0.0527656,-0.00696174,0.0624992
464.315,284,0.0804478,0.0538687,-0.00685224,0.0593554
465.181,283.5,0.0789437,0.054982,-0.00674064,0.0562463
466.047,283,0.0775822,0.0561056,-0.00662696,0.0531718
466.913,282.5,0.0763673,0.0572394,-0.00651118,0.050132
467.779,282,0.0753506,0.0584496,-0.00639074,0.0471224
468.645,281.5,0.0746704,0.0598659,-0.00627031,0.0441862
469.512,281,0.0741868,0.0612376,-0.00617461,0.0414187
470.378,280.5,0.0738505,0.0626117,-0.00607729,0.0386877
471.244,280,0.0736598,0.0639884,-0.00597836,0.0359932
472.11,279.5,0.0736118,0.0653676,-0.00587781,0.0333351
472.976,279,0.0737032,0.0667494,-0.00577564,0.0307135
473.842,278.5,0.0741526,0.0683705,-0.00566218,0.0281431
474.708,278,0.0747538,0.0700098,-0.00554656,0.0256124
475.574,277.5,0.0754795,0.0716459,-0.00542966,0.0231201
476.44,277,0.0763222,0.0732787,-0.00531148,0.0206664
477.306,276.5,0.0772742,0.0749082,-0.00519202,0.0182511
478.172,276,0.0783031,0.0765026,-0.00507408,0.0159054
479.038,275.5,0.0795175,0.0781731,-0.00495249,0.0136921
