x,v,vx,vy,vz
220.096,425,0.260344,0.238649,-0.0782986,0.0685202
220.962,424.5,0.27221,0.250703,-0.0807665,0.0687229
221.828,424,0.284605,0.263365,-0.0830305,0.0688825
222.694,423.5,0.297495,0.2764,-0.0851862,0.0696408
223.56,423,0.310359,0.289193,-0.0874055,0.0710629
224.426,422.5,0.323252,0.301957,-0.0895562,0.0727559
225.292,422,0.33617,0.31469,-0.0916383,0.0747199
226.158,421.5,0.34911,0.327392,-0.0936519,0.0769548
227.024,421,0.361892,0.339963,-0.0954786,0.0792127
227.89,420.5,0.372525,0.351305,-0.0957338,0.0787043
228.756,420,0.382874,0.362461,-0.0955823,0.0779655
229.622,419.5,0.392949,0.373431,-0.0950242,0.0769963
230.488,419,0.402758,0.384215,-0.0940594,0.0757967
231.355,418.5,0.41231,0.394814,-0.0926879,0.0743667
232.221,418,0.417021,0.401529,-0.0869678,0.0715355
233.087,417.5,0.416872,0.404153,-0.078322,0.0656333
233.953,417,0.415001,0.405036,-0.0690166,0.0583853
234.819,416.5,0.41215,0.404741,-0.0592497,0.0504093
235.685,416,0.408374,0.403271,-0.0490215,0.0417054
236.551,415.5,0.403745,0.400623,-0.0383318,0.0322736
237.417,415,0.398343,0.396799,-0.0271808,0.0221138
238.283,414.5,0.392647,0.392114,-0.0171641,0.0111331
239.149,414,0.387093,0.386986,-0.0091162,-0.00031525
240.015,413.5,0.381356,0.381166,-0.00129741,-0.0119783
240.881,413,0.375466,0.374654,0.00629227,-0.0238561
241.747,412.5,0.369105,0.367244,0.0119194,-0.035043
242.613,412,0.363234,0.359991,0.0164238,-0.0455534
243.479,411.5,0.358398,0.353525,0.0198842,-0.0554382
244.345,411,0.356608,0.350196,0.0207165,-0.0640553
245.211,410.5,0.355166,0.347095,0.0213654,-0.0721899
246.077,410,0.354034,0.344221,0.0218307,-0.0798423
246.943,409.5,0.353177,0.341576,0.0221126,-0.0870123
247.809,409,0.352564,0.339158,0.0222111,-0.0936999
248.675,408.5,0.352162,0.336969,0.0221261,-0.0999052
249.541,408,0.352499,0.335422,0.0224548,-0.106037
250.407,407.5,0.35293,0.333935,0.0229295,-0.111899
251.273,407,0.355606,0.335865,0.0224855,-0.114652
252.139,406.5,0.358429,0.338199,0.0219239,-0.11667
253.005,406,0.360952,0.34028,0.0214235,-0.118477
253.871,405.5,0.363173,0.342107,0.0209843,-0.120073
254.737,405,0.365475,0.343803,0.020742,-0.122233
255.603,404.5,0.367754,0.345272,0.0206923,-0.124909
256.469,404,0.369611,0.346363,0.0207042,-0.127343
257.335,403.5,0.371043,0.347077,0.0207776,-0.129534
258.201,403,0.37205,0.347414,0.0209125,-0.131483
259.067,402.5,0.37263,0.347373,0.021109,-0.133189
259.933,402,0.373105,0.347077,0.021392,-0.13523
260.799,401.5,0.377721,0.350521,0.020626,-0.139224
261.665,401,0.382149,0.353776,0.0199815,-0.143112
262.531,400.5,0.386058,0.356467,0.0195922,-0.146931
263.397,400,0.389449,0.358591,0.019458,-0.150679
264.263,399.5,0.392323,0.36015,0.019579,-0.154358
265.13,399,0.394685,0.361143,0.0199551,-0.157967
265.996,398.5,0.394702,0.359388,0.0213181,-0.161788
266.862,398,0.394015,0.356762,0.0229812,-0.165651
267.728,397.5,0.392892,0.353568,0.0248399,-0.16952
268.594,397,0.391347,0.349804,0.0268942,-0.173397
269.46,396.5,0.389393,0.34547,0.029144,-0.17728
270.326,396,0.387431,0.341275,0.0306436,-0.180819
271.192,395.5,0.383457,0.335407,0.0322265,-0.183037
272.058,395,0.37772,0.328027,0.0339465,-0.18417
272.924,394.5,0.371227,0.31986,0.0358186,-0.184976
273.79,394,0.363991,0.310908,0.0378426,-0.185457
274.656,393.5,0.356027,0.301169,0.0400186,-0.18561
275.522,393,0.347353,0.290644,0.0423467,-0.185438
276.388,392.5,0.337709,0.279264,0.0448949,-0.184509
277.254,392,0.326755,0.26705,0.0478191,-0.182116
278.12,391.5,0.31549,0.254305,0.050925,-0.179638
278.986,391,0.304013,0.241113,0.0541315,-0.177082
279.852,390.5,0.293803,0.230034,0.0550352,-0.174286
280.718,390,0.282882,0.218472,0.0561809,-0.170692
281.584,389.5,0.271261,0.206429,0.0575686,-0.1663
282.45,389,0.25823,0.193975,0.0596887,-0.159666
283.316,388.5,0.244792,0.181346,0.0617949,-0.152374
284.182,388,0.231027,0.168547,0.0638429,-0.144532
285.048,387.5,0.216962,0.155577,0.0658328,-0.13614
285.914,387,0.202632,0.142437,0.0677646,-0.127199
286.78,386.5,0.188091,0.129126,0.0696383,-0.117708
287.646,386,0.172072,0.115272,0.0713893,-0.105946
288.512,385.5,0.156369,0.101359,0.0731529,-0.0939484
289.378,385,0.146787,0.0869666,0.0769451,-0.0897918
290.244,384.5,0.138935,0.0727332,0.0816398,-0.0857184
291.11,384,0.133156,0.0586585,0.0872368,-0.0817283
291.976,383.5,0.129787,0.0447426,0.0937363,-0.0778214
292.842,383,0.128264,0.0275584,0.10088,-0.0742653
293.708,382.5,0.129228,0.00131948,0.107654,-0.0714744
294.574,382,0.136124,-0.0269161,0.114285,-0.068877
295.44,381.5,0.149233,-0.0571484,0.120772,-0.0664732
296.306,381,0.168156,-0.0893774,0.127116,-0.064263
297.172,380.5,0.19216,-0.123603,0.133315,-0.0622464
298.038,380,0.219361,-0.158702,0.139359,-0.0592602
298.905,379.5,0.249405,-0.196238,0.124501,-0.0905159
299.771,379,0.286485,-0.233146,0.109842,-0.125106
300.637,378.5,0.328846,-0.269347,0.0955861,-0.16265
301.503,378,0.375338,-0.304842,0.0817343,-0.203149
302.369,377.5,0.425234,-0.33963,0.0682861,-0.246601
303.235,377,0.478086,-0.373712,0.0552418,-0.293008
304.101,376.5,0.526399,-0.392849,0.0391541,-0.348185
304.967,376,0.573302,-0.40342,0.020774,-0.406812
305.833,375.5,0.621799,-0.412066,0.00155566,-0.465653
306.699,375,0.671597,-0.418788,-0.0185009,-0.524707
307.565,374.5,0.719235,-0.421437,-0.0381116,-0.581582
308.431,374,0.757794,-0.415574,-0.0532393,-0.631439
309.297,373.5,0.782884,-0.403186,-0.0637485,-0.668045
310.163,373,0.780795,-0.37907,-0.0678595,-0.679222
311.029,372.5,0.781489,-0.354389,-0.0738082,-0.692593
311.895,372,0.785163,-0.32914,-0.0815945,-0.70816
312.761,371.5,0.792016,-0.303325,-0.0912186,-0.725922
313.627,371,0.802232,-0.276944,-0.10268,-0.745879
314.493,370.5,0.814309,-0.250051,-0.11518,-0.76636
315.359,370,0.794704,-0.224828,-0.11238,-0.753908
316.225,369.5,0.777381,-0.201163,-0.110376,-0.742746
317.091,369,0.760842,-0.177536,-0.107862,-0.731934
317.957,368.5,0.744601,-0.151002,-0.103973,-0.721677
318.823,368,0.733401,-0.125122,-0.102695,-0.715315
319.689,367.5,0.72729,-0.0998943,-0.104026,-0.712847
320.555,367,0.713077,-0.0828616,-0.0980497,-0.701426
321.421,366.5,0.695999,-0.071104,-0.0893831,-0.686563
322.287,366,0.680329,-0.0621366,-0.0814141,-0.672576
323.153,365.5,0.665974,-0.0559595,-0.0741425,-0.659464
324.019,365,0.652864,-0.0525727,-0.0675685,-0.647227
324.885,364.5,0.640961,-0.0519762,-0.0616921,-0.635865
325.751,364,0.632739,-0.052343,-0.0566879,-0.628017
326.617,363.5,0.629566,-0.0485091,-0.0520766,-0.62553
327.483,363,0.628022,-0.0409066,-0.0472353,-0.624906
328.349,362.5,0.627328,-0.0349248,-0.042839,-0.624889
329.215,362,0.627432,-0.030564,-0.0388877,-0.625479
330.081,361.5,0.628291,-0.027824,-0.0353812,-0.626677
330.947,361,0.631742,-0.0267927,-0.032364,-0.630343
331.813,360.5,0.653178,-0.0275439,-0.0305326,-0.651882
332.679,360,0.676783,-0.0288026,-0.0297815,-0.675514
333.546,359.5,0.70255,-0.0305689,-0.0301107,-0.701239
334.412,359,0.730476,-0.0328427,-0.0315201,-0.729057
335.278,358.5,0.760564,-0.035624,-0.0340098,-0.758968
336.144,358,0.793951,-0.0386684,-0.0339735,-0.79228
337.01,357.5,0.839517,-0.0557394,-0.0337064,-0.836987
337.876,357,0.885994,-0.0748458,-0.0333371,-0.882197
338.742,356.5,0.930651,-0.0922091,-0.031369,-0.92554
339.608,356,0.973405,-0.10783,-0.027802,-0.967015
340.474,355.5,1.01421,-0.121707,-0.0226363,-1.00662
341.34,355,1.05302,-0.133842,-0.0158717,-1.04436
342.206,354.5,1.06231,-0.126132,0.0241958,-1.05451
343.072,354,1.03476,-0.0930435,0.112116,-1.02445
343.938,353.5,1.00452,-0.0535925,0.216322,-0.979484
344.804,353,0.979387,-0.00777906,0.336813,-0.919617
345.67,352.5,0.946331,0.0349925,0.452131,-0.8306
346.536,352,0.89198,0.0549059,0.538553,-0.708925
347.402,351.5,0.831828,0.0512196,0.595146,-0.578893
348.268,351,0.742851,0.03999,0.538446,-0.5102
349.134,350.5,0.667247,0.0728482,0.458621,-0.479144
350,350,0.620378,0.149794,0.355672,-0.485724
350.866,349.5,0.637887,0.270828,0.229599,-0.529941
351.732,349,0.755518,0.435949,0.0804014,-0.611794
352.598,348.5,0.979517,0.645158,-0.0919208,-0.731284
353.464,348,1.22346,0.831266,-0.289317,-0.8498
354.33,347.5,1.49045,1.01376,-0.487512,-0.977787
355.196,347,1.72336,1.16726,-0.65329,-1.0866
356.062,346.5,1.92712,1.30285,-0.783753,-1.1841
356.928,346,2.15038,1.45347,-0.904178,-1.30155
357.794,345.5,2.39196,1.61912,-1.01457,-1.43895
358.66,345,2.5613,1.76669,-1.05607,-1.52439
359.526,344.5,2.6758,1.89858,-1.04699,-1.56814
360.392,344,2.81817,2.04412,-1.04367,-1.63536
361.258,343.5,2.98798,2.20328,-1.04612,-1.72604
362.124,343,3.18491,2.37608,-1.05435,-1.84018
362.99,342.5,3.40873,2.56251,-1.06835,-1.97779
363.856,342,3.6102,2.7306,-1.07366,-2.10347
364.722,341.5,3.57381,2.72723,-1.01176,-2.07621
365.588,341,3.51382,2.69879,-0.945002,-2.04217
366.454,340.5,3.48551,2.6913,-0.888146,-2.02901
367.321,340,3.48879,2.70477,-0.841189,-2.03674
368.187,339.5,3.52356,2.73919,-0.804132,-2.06535
369.053,339,3.58969,2.79457,-0.776974,-2.11485
369.919,338.5,3.51313,2.74712,-0.719478,-2.06827
370.785,338,3.43243,2.69818,-0.661431,-2.01593
371.651,337.5,3.36649,2.66128,-0.607071,-1.97035
372.517,337,3.31531,2.63645,-0.556398,-1.93154
373.383,336.5,3.2789,2.62366,-0.509412,-1.89949
374.249,336,3.21333,2.58402,-0.456677,-1.85465
375.115,335.5,3.07619,2.48497,-0.40019,-1.76854
375.981,335,2.89859,2.35604,-0.340959,-1.65369
376.847,334.5,2.73093,2.23665,-0.281287,-1.5415
377.713,334,2.5735,2.12682,-0.221176,-1.43199
378.579,333.5,2.42666,2.02654,-0.160625,-1.32515
379.445,333,2.29086,1.9358,-0.0996333,-1.22098
380.311,332.5,2.1572,1.84558,-0.0490022,-1.11577
381.177,332,1.98792,1.72475,-0.0224393,-0.988201
382.043,331.5,1.79725,1.58897,0.0122493,-0.839712
382.909,331,1.58772,1.43823,0.0550635,-0.670306
383.775,330.5,1.36379,1.26799,0.10319,-0.491401
384.641,330,1.14859,1.09545,0.155185,-0.308466
385.507,329.5,0.956115,0.924765,0.211633,-0.119064
386.373,329,0.885712,0.86158,0.2008,-0.0429507
387.239,328.5,0.812021,0.788379,0.188612,0.0475725
388.105,328,0.739284,0.699668,0.178471,0.158602
388.971,327.5,0.683934,0.595447,0.170379,0.290137
389.837,327,0.669951,0.475716,0.164335,0.442179
390.703,326.5,0.720778,0.340476,0.160339,0.614727
391.569,326,0.751518,0.288026,0.149882,0.677758
392.435,325.5,0.745626,0.285167,0.132771,0.676025
393.301,325,0.735319,0.279008,0.112454,0.670972
394.167,324.5,0.728568,0.266949,0.0897553,0.671933
395.033,324,0.728632,0.248581,0.06487,0.681839
395.899,323.5,0.736565,0.223904,0.0377983,0.70069
396.765,323,0.742741,0.203076,0.0166656,0.714245
397.631,322.5,0.730654,0.201363,0.0113117,0.702268
398.497,322,0.720231,0.199795,0.00535429,0.691944
399.363,321.5,0.711489,0.198372,-0.00120664,0.683274
400.229,321,0.704444,0.197095,-0.00837109,0.676258
401.095,320.5,0.699116,0.195963,-0.016139,0.670896
401.962,320,0.695489,0.195064,-0.02444,0.667126
402.828,319.5,0.687723,0.200653,-0.0259318,0.657289
403.694,319,0.680794,0.206686,-0.027458,0.64808
404.56,318.5,0.675071,0.213722,-0.0290007,0.639689
405.426,318,0.670583,0.221761,-0.03056,0.632115
406.292,317.5,0.667366,0.230803,-0.0321357,0.62536
407.158,317,0.665453,0.240847,-0.033728,0.619421
408.024,316.5,0.661057,0.248302,-0.033467,0.611737
408.89,316,0.655469,0.254985,-0.0321919,0.602981
409.756,315.5,0.650246,0.262438,-0.0306861,0.594142
410.622,315,0.645427,0.270661,-0.0289495,0.585218
411.488,314.5,0.641057,0.279654,-0.0269822,0.576211
412.354,314,0.637268,0.288572,-0.0249568,0.567639
413.22,313.5,0.633147,0.296065,-0.0231828,0.559181
414.086,313,0.62787,0.300267,-0.0217883,0.550986
414.952,312.5,0.622666,0.304806,-0.0201724,0.542586
415.818,312,0.617556,0.309682,-0.0183353,0.533981
416.684,311.5,0.61256,0.314897,-0.0162769,0.525171
417.55,311,0.607701,0.320448,-0.0139972,0.516157
418.416,310.5,0.602913,0.326097,-0.0116162,0.506981
419.282,310,0.596946,0.328454,-0.0107707,0.498344
420.148,309.5,0.591058,0.330791,-0.00978269,0.489726
421.014,309,0.585252,0.33311,-0.00865211,0.481126
421.88,308.5,0.579314,0.335348,-0.00748758,0.472325
422.746,308,0.573374,0.33757,-0.00618401,0.463428
423.612,307.5,0.56744,0.33978,-0.00473789,0.45444
424.478,307,0.561017,0.340842,-0.00411739,0.44559
425.344,306.5,0.554434,0.341405,-0.00373848,0.436835
426.21,306,0.547852,0.341831,-0.00328843,0.428115
427.076,305.5,0.541271,0.342119,-0.00276724,0.41943
427.942,305,0.534689,0.342269,-0.0021749,0.410779
428.808,304.5,0.528104,0.342281,-0.00151142,0.402163
429.674,304,0.521539,0.341902,-0.000975574,0.393834
430.54,303.5,0.514971,0.341032,-0.00066236,0.385865
431.406,303,0.507993,0.339859,-0.000360075,0.377561
432.272,302.5,0.500988,0.338505,-3.6923e-05,0.369328
433.138,302,0.493953,0.336969,0.000307095,0.361167
434.004,301.5,0.486885,0.335251,0.000671979,0.353077
434.87,301,0.479864,0.333362,0.0010378,0.345164
435.737,300.5,0.473408,0.331374,0.00126601,0.33809
436.603,300,0.46693,0.329236,0.00149053,0.331097
437.469,299.5,0.460429,0.326947,0.00171135,0.324187
438.335,299,0.453901,0.324508,0.00192847,0.317358
439.201,298.5,0.447344,0.32192,0.0021419,0.310612
440.067,298,0.440719,0.319157,0.00234977,0.303918
440.933,297.5,0.434355,0.316373,0.00249532,0.2976
441.799,297,0.428143,0.313556,0.00262502,0.291518
442.665,296.5,0.42193,0.310622,0.00274842,0.285536
443.531,296,0.415711,0.307573,0.00286551,0.279654
444.397,295.5,0.409486,0.304408,0.00297629,0.273872
445.263,295,0.403253,0.301128,0.00308078,0.268189
446.129,294.5,0.397378,0.298011,0.00317074,0.262848
446.995,294,0.391882,0.295088,0.00324644,0.257845
447.861,293.5,0.386383,0.292077,0.00331658,0.252927
448.727,293,0.380881,0.288977,0.00338114,0.248095
449.593,292.5,0.375323,0.285747,0.00343692,0.243319
450.459,292,0.369498,0.282208,0.00346937,0.238486
451.325,291.5,0.363806,0.278699,0.00349159,0.233815
452.191,291,0.358673,0.275607,0.00349026,0.229511
453.057,290.5,0.353557,0.272461,0.00348474,0.225289
453.923,290,0.348456,0.269262,0.00347501,0.221151
454.789,289.5,0.343371,0.26601,0.00346109,0.217094
455.655,289,0.338299,0.262705,0.00344298,0.213121
456.521,288.5,0.333241,0.259347,0.00342067,0.20923
457.387,288,0.328673,0.256414,0.00337166,0.205589
458.253,287.5,0.324193,0.253515,0.00331583,0.202039
459.119,287,0.319673,0.250532,0.00325303,0.19853
459.985,286.5,0.314998,0.247359,0.0031735,0.195006
460.851,286,0.310349,0.24416,0.00309086,0.191554
461.717,285.5,0.305727,0.240938,0.0030051,0.188173
462.583,285,0.301381,0.237968,0.0029037,0.184915
463.449,284.5,0.297266,0.235208,0.00278936,0.181759
464.315,284,0.29317,0.23243,0.00267263,0.178656
465.181,283.5,0.289094,0.229633,0.0025535,0.175605
466.047,283,0.285036,0.226818,0.00243197,0.172608
466.913,282.5,0.280998,0.223984,0.00230804,0.169663
467.779,282,0.277068,0.22124,0.00217774,0.166778
468.645,281.5,0.273411,0.218798,0.00203076,0.163941
469.512,281,0.269664,0.216244,0.00187976,0.161102
470.378,280.5,0.265943,0.213688,0.00172768,0.158305
471.244,280,0.262248,0.21113,0.00157454,0.155549
472.11,279.5,0.258579,0.208572,0.00142033,0.152836
472.976,279,0.254935,0.206012,0.00126505,0.150164
473.842,278.5,0.25162,0.203845,0.00110497,0.147509
474.708,278,0.248356,0.201714,0.000943624,0.144883
475.574,277.5,0.245113,0.199584,0.000781362,0.142289
476.44,277,0.241892,0.197454,0.00061818,0.139726
477.306,276.5,0.238693,0.195325,0.000454078,0.137195
478.172,276,0.235486,0.193165,0.000295918,0.134688
479.038,275.5,0.232424,0.191188,0.000155583,0.132168
