x,v,vx,vy,vz
220.096,425,0.282463,0.266807,-0.0747102,0.0549351
220.962,424.5,0.293832,0.278118,-0.07678,0.0556116
221.828,424,0.305706,0.289981,-0.0786904,0.0563498
222.694,423.5,0.317912,0.302035,-0.0805921,0.0578571
223.56,423,0.329947,0.313756,-0.0825676,0.0600437
224.426,422.5,0.341957,0.325412,-0.0844759,0.0624953
225.292,422,0.353943,0.337005,-0.0863168,0.0652118
226.158,421.5,0.365904,0.348534,-0.0880904,0.0681932
227.024,421,0.377704,0.359928,-0.0896908,0.0711834
227.89,420.5,0.387777,0.37042,-0.0898656,0.0713053
228.756,420,0.397589,0.380754,-0.0896466,0.0711794
229.622,419.5,0.407146,0.390931,-0.0890338,0.0708057
230.488,419,0.416457,0.400951,-0.0880272,0.0701843
231.355,418.5,0.425531,0.410814,-0.0866267,0.0693152
232.221,418,0.430123,0.417083,-0.0811148,0.0668419
233.087,417.5,0.429998,0.419383,-0.0728696,0.0608829
233.953,417,0.42809,0.419892,-0.0640124,0.0534251
234.819,416.5,0.425139,0.419174,-0.0547235,0.0451801
235.685,416,0.421204,0.41723,-0.045003,0.0361477
236.551,415.5,0.416357,0.414059,-0.0348508,0.0263281
237.417,415,0.410681,0.409662,-0.024267,0.0157211
238.283,414.5,0.404449,0.404161,-0.01467,0.00426472
239.149,414,0.398002,0.397871,-0.00681102,-0.0076174
240.015,413.5,0.39125,0.390753,0.000852844,-0.0196859
240.881,413,0.384229,0.382809,0.00832165,-0.0319408
241.747,412.5,0.377213,0.374445,0.0139483,-0.0434291
242.613,412,0.370821,0.366374,0.0185749,-0.0541596
243.479,411.5,0.365464,0.359103,0.0222588,-0.0641356
244.345,411,0.363214,0.355161,0.0233359,-0.0723933
245.211,410.5,0.361195,0.351378,0.0242435,-0.0800435
246.077,410,0.359363,0.347755,0.0249816,-0.0870861
246.943,409.5,0.357681,0.344292,0.0255502,-0.0935211
247.809,409,0.356113,0.340988,0.0259492,-0.0993486
248.675,408.5,0.354624,0.337844,0.0261786,-0.104568
249.541,408,0.354116,0.335628,0.0267886,-0.109701
250.407,407.5,0.353676,0.333502,0.0275386,-0.114477
251.273,407,0.354791,0.334179,0.0274638,-0.115962
252.139,406.5,0.355873,0.335104,0.0272717,-0.116649
253.005,406,0.356586,0.335724,0.0271227,-0.117078
253.871,405.5,0.35693,0.336038,0.0270169,-0.11725
254.737,405,0.357296,0.336146,0.0271686,-0.118019
255.603,404.5,0.357594,0.335966,0.0275686,-0.119333
256.469,404,0.357422,0.33538,0.0280089,-0.120358
257.335,403.5,0.356779,0.334388,0.0284895,-0.121095
258.201,403,0.355664,0.33299,0.0290104,-0.121543
259.067,402.5,0.354077,0.331186,0.0295716,-0.121703
259.933,402,0.352375,0.329137,0.0301948,-0.122168
260.799,401.5,0.355123,0.331213,0.0299352,-0.124557
261.665,401,0.35769,0.333134,0.0297076,-0.126812
262.531,400.5,0.359723,0.334498,0.0296208,-0.128975
263.397,400,0.361224,0.335304,0.0296747,-0.131046
264.263,399.5,0.362193,0.335553,0.0298692,-0.133024
265.13,399,0.362632,0.335244,0.0302045,-0.134911
265.996,398.5,0.361367,0.332679,0.0313619,-0.137576
266.862,398,0.359462,0.329308,0.0327106,-0.140356
267.728,397.5,0.357093,0.325362,0.034154,-0.143137
268.594,397,0.354269,0.320843,0.035692,-0.145919
269.46,396.5,0.351004,0.31575,0.0373246,-0.148703
270.326,396,0.348114,0.310973,0.0381341,-0.15174
271.192,395.5,0.343368,0.304484,0.0391854,-0.153802
272.058,395,0.336921,0.296403,0.0404463,-0.155001
272.924,394.5,0.329706,0.287486,0.0417697,-0.155927
273.79,394,0.321739,0.277733,0.0431557,-0.156582
274.656,393.5,0.313038,0.267144,0.0446041,-0.156964
275.522,393,0.30363,0.255719,0.0461151,-0.157074
276.388,392.5,0.293349,0.243489,0.0477695,-0.156476
277.254,392,0.282045,0.230727,0.0497282,-0.154407
278.12,391.5,0.270458,0.217462,0.0517467,-0.152249
278.986,391,0.258719,0.203799,0.0537579,-0.150039
279.852,390.5,0.249244,0.192798,0.0538603,-0.148494
280.718,390,0.23912,0.181259,0.0542289,-0.146228
281.584,389.5,0.228367,0.169183,0.0548637,-0.143242
282.45,389,0.216909,0.157268,0.0561787,-0.138421
283.316,388.5,0.205117,0.145179,0.0575675,-0.132975
284.182,388,0.193034,0.132878,0.0589934,-0.126986
285.048,387.5,0.1807,0.120367,0.0604567,-0.120454
285.914,387,0.16817,0.107643,0.0619571,-0.113381
286.78,386.5,0.155524,0.0947083,0.0634949,-0.105766
287.646,386,0.141506,0.0815518,0.065212,-0.0955013
288.512,385.5,0.127916,0.0686,0.0672046,-0.0844988
289.378,385,0.121246,0.0553898,0.0715645,-0.0806907
290.244,384.5,0.116494,0.0423038,0.0768982,-0.0766024
291.11,384,0.114026,0.0293419,0.0832055,-0.0722341
291.976,383.5,0.11414,0.0165042,0.0904866,-0.0675857
292.842,383,0.116732,0.000458833,0.0978933,-0.0635852
293.708,382.5,0.122972,-0.0246473,0.103285,-0.0620222
294.574,382,0.134596,-0.0520737,0.108031,-0.0611042
295.44,381.5,0.151553,-0.0818203,0.112131,-0.0608311
296.306,381,0.173425,-0.113887,0.115586,-0.061203
297.172,380.5,0.199685,-0.148274,0.118396,-0.06222
298.038,380,0.228885,-0.184005,0.120691,-0.0629606
298.905,379.5,0.263282,-0.219167,0.103913,-0.102398
299.771,379,0.304734,-0.253446,0.0870943,-0.14506
300.637,378.5,0.351452,-0.286799,0.0704262,-0.190538
301.503,378,0.40231,-0.319228,0.053909,-0.238831
302.369,377.5,0.456605,-0.350733,0.0375426,-0.28994
303.235,377,0.513903,-0.381312,0.021327,-0.343863
304.101,376.5,0.56204,-0.395921,0.00512571,-0.398884
304.967,376,0.60574,-0.401334,-0.0117726,-0.453556
305.833,375.5,0.650283,-0.404576,-0.0294539,-0.508251
306.699,375,0.695543,-0.405645,-0.0479182,-0.56297
307.565,374.5,0.738437,-0.402503,-0.0658591,-0.615583
308.431,374,0.772988,-0.390938,-0.0795743,-0.662077
309.297,373.5,0.793921,-0.374142,-0.0881703,-0.694661
310.163,373,0.787001,-0.348585,-0.0885547,-0.700012
311.029,372.5,0.782218,-0.322749,-0.0906723,-0.706736
311.895,372,0.779688,-0.296636,-0.094523,-0.714833
312.761,371.5,0.77953,-0.270246,-0.100107,-0.724302
313.627,371,0.78186,-0.243578,-0.107424,-0.735143
314.493,370.5,0.785492,-0.216709,-0.115806,-0.746072
315.359,370,0.764515,-0.192017,-0.111411,-0.731574
316.225,369.5,0.745513,-0.168709,-0.107489,-0.718173
317.091,369,0.727721,-0.145216,-0.10308,-0.705596
317.957,368.5,0.711405,-0.119003,-0.0978153,-0.694527
318.823,368,0.69916,-0.0940215,-0.0947884,-0.686294
319.689,367.5,0.690938,-0.0702711,-0.093999,-0.680898
320.555,367,0.676659,-0.0543031,-0.087572,-0.668767
321.421,366.5,0.660205,-0.0427033,-0.078884,-0.654083
322.287,366,0.644806,-0.033177,-0.0705808,-0.640072
323.153,365.5,0.630386,-0.025724,-0.0626623,-0.626736
324.019,365,0.616878,-0.0203445,-0.0551285,-0.614073
324.885,364.5,0.604233,-0.0170384,-0.0479794,-0.602084
325.751,364,0.594963,-0.0162244,-0.0415138,-0.593291
326.617,363.5,0.590759,-0.014362,-0.0355445,-0.589514
327.483,363,0.588512,-0.00894074,-0.0295763,-0.5877
328.349,362.5,0.58698,-0.00499306,-0.024145,-0.586462
329.215,362,0.58612,-0.002519,-0.0192505,-0.585798
330.081,361.5,0.585901,-0.00151856,-0.0148928,-0.585709
330.947,361,0.588287,-0.00196004,-0.0111457,-0.588178
331.813,360.5,0.609183,-0.00297009,-0.00862863,-0.609115
332.679,360,0.63137,-0.00431916,-0.00672303,-0.631319
333.546,359.5,0.654843,-0.00600724,-0.00542895,-0.654792
334.412,359,0.679598,-0.00803433,-0.00474638,-0.679534
335.278,358.5,0.705636,-0.0104004,-0.00467531,-0.705544
336.144,358,0.733941,-0.0128458,-0.00180148,-0.733826
337.01,357.5,0.780871,-0.028205,-0.0027932,-0.780356
337.876,357,0.831782,-0.0457234,-0.00468606,-0.830511
338.742,356.5,0.882089,-0.0619222,-0.00487428,-0.879899
339.608,356,0.931699,-0.0768012,-0.00335788,-0.928522
340.474,355.5,0.980552,-0.0903606,-0.000136848,-0.97638
341.34,355,1.02861,-0.1026,0.00478881,-1.02347
342.206,354.5,1.04868,-0.0969883,0.0417813,-1.04335
343.072,354,1.03274,-0.0675975,0.12467,-1.02296
343.938,353.5,1.01368,-0.0314835,0.223185,-0.988302
344.804,353,0.998174,0.0113537,0.337326,-0.939379
345.67,352.5,0.971349,0.0508297,0.446693,-0.861047
346.536,352,0.919876,0.0671733,0.528128,-0.75016
347.402,351.5,0.859369,0.0619225,0.581175,-0.630012
348.268,351,0.7705,0.0594398,0.529184,-0.556867
349.134,350.5,0.695454,0.104961,0.454316,-0.515981
350,350,0.651113,0.198487,0.356571,-0.507354
350.866,349.5,0.673224,0.340017,0.235949,-0.530987
351.732,349,0.795863,0.529551,0.0924507,-0.586879
352.598,348.5,1.02448,0.767089,-0.0739246,-0.67503
353.464,348,1.28869,0.993353,-0.269522,-0.775462
354.33,347.5,1.57986,1.21946,-0.465421,-0.890091
355.196,347,1.8216,1.40112,-0.626863,-0.980891
356.062,346.5,2.0178,1.54816,-0.751467,-1.05356
356.928,346,2.23031,1.70782,-0.865196,-1.14415
357.794,345.5,2.45783,1.88007,-0.968051,-1.25265
358.66,345,2.63954,2.03755,-1.0175,-1.33426
359.526,344.5,2.79032,2.18508,-1.02802,-1.39804
360.392,344,2.96672,2.34772,-1.04075,-1.48542
361.258,343.5,3.16877,2.5255,-1.05568,-1.59641
362.124,343,3.39661,2.71839,-1.0728,-1.73102
362.99,342.5,3.65046,2.92641,-1.09213,-1.88923
363.856,342,3.88664,3.12021,-1.10076,-2.03926
364.722,341.5,3.89472,3.14155,-1.05033,-2.04849
365.588,341,3.87172,3.13026,-0.996338,-2.04915
366.454,340.5,3.88199,3.14181,-0.951606,-2.07202
367.321,340,3.92553,3.17622,-0.916135,-2.1171
368.187,339.5,4.00237,3.23348,-0.889926,-2.1844
369.053,339,4.1125,3.31359,-0.87298,-2.27392
369.919,338.5,4.07333,3.2847,-0.820171,-2.26498
370.785,338,4.03969,3.2604,-0.769944,-2.25746
371.651,337.5,4.03181,3.25544,-0.727323,-2.26464
372.517,337,4.04959,3.26983,-0.692307,-2.28651
373.383,336.5,4.09295,3.30355,-0.664897,-2.32308
374.249,336,4.09431,3.30242,-0.631231,-2.33644
375.115,335.5,3.98851,3.21957,-0.578285,-2.28213
375.981,335,3.83426,3.10181,-0.51624,-2.19403
376.847,334.5,3.70404,3.00246,-0.458374,-2.12015
377.713,334,3.59788,2.92153,-0.404685,-2.06049
378.579,333.5,3.51575,2.85901,-0.355175,-2.01504
379.445,333,3.45764,2.81491,-0.309843,-1.98382
380.311,332.5,3.3842,2.75905,-0.268189,-1.94126
381.177,332,3.21155,2.62925,-0.22349,-1.83062
382.043,331.5,3.0375,2.50163,-0.173729,-1.71408
382.909,331,2.86248,2.37619,-0.118908,-1.59165
383.775,330.5,2.66332,2.229,-0.0590275,-1.45649
384.641,330,2.47183,2.08563,0.00158073,-1.32669
385.507,329.5,2.30043,1.95722,0.0622089,-1.20722
386.373,329,2.09882,1.80725,0.0786543,-1.06429
387.239,328.5,1.88362,1.64831,0.0986889,-0.906289
388.105,328,1.65833,1.48166,0.124578,-0.734306
388.971,327.5,1.42623,1.30729,0.156321,-0.548335
389.837,327,1.19376,1.12521,0.193919,-0.348375
390.703,326.5,0.974368,0.935402,0.237372,-0.134428
391.569,326,0.869255,0.834085,0.244705,-0.00498917
392.435,325.5,0.810845,0.773118,0.22839,0.087154
393.301,325,0.750929,0.69626,0.20958,0.187594
394.167,324.5,0.704674,0.60729,0.190634,0.302365
395.033,324,0.689243,0.50678,0.172082,0.434302
395.899,323.5,0.72102,0.394731,0.153925,0.583407
396.765,323,0.768249,0.313427,0.137584,0.68778
397.631,322.5,0.752841,0.314042,0.122909,0.673083
398.497,322,0.741375,0.311307,0.106083,0.664433
399.363,321.5,0.734007,0.305223,0.087106,0.66183
400.229,321,0.731049,0.29579,0.0659781,0.665273
401.095,320.5,0.732955,0.283007,0.0426992,0.674764
401.962,320,0.740095,0.267052,0.0174804,0.690014
402.828,319.5,0.724605,0.263879,0.0123177,0.674736
403.694,319,0.710051,0.260366,0.00677649,0.660557
404.56,318.5,0.697565,0.257216,0.000907573,0.648411
405.426,318,0.687156,0.254429,-0.00528908,0.638295
406.292,317.5,0.678831,0.252005,-0.0118135,0.630211
407.158,317,0.672602,0.249943,-0.0186656,0.624158
408.024,316.5,0.666084,0.252959,-0.0215715,0.615804
408.89,316,0.659499,0.25874,-0.0225471,0.606204
409.756,315.5,0.653716,0.265277,-0.0234001,0.597013
410.622,315,0.648762,0.272571,-0.0241303,0.58823
411.488,314.5,0.644664,0.28062,-0.0247378,0.579855
412.354,314,0.640824,0.287404,-0.025474,0.572194
413.22,313.5,0.636764,0.29311,-0.0256641,0.564709
414.086,313,0.630939,0.296354,-0.0247903,0.556457
414.952,312.5,0.625441,0.300297,-0.0237036,0.548121
415.818,312,0.620297,0.304941,-0.022404,0.539701
416.684,311.5,0.615536,0.310285,-0.0208915,0.531198
417.55,311,0.61119,0.316329,-0.0191661,0.522611
418.416,310.5,0.607174,0.322788,-0.0173005,0.513974
419.282,310,0.601743,0.325583,-0.0162686,0.505791
420.148,309.5,0.596495,0.328551,-0.0150397,0.497628
421.014,309,0.591438,0.331691,-0.0136138,0.489485
421.88,308.5,0.586437,0.33458,-0.0121651,0.481473
422.746,308,0.581544,0.337756,-0.0105344,0.47329
423.612,307.5,0.576779,0.341232,-0.00871628,0.464929
424.478,307,0.571246,0.343032,-0.00788535,0.456716
425.344,306.5,0.565487,0.344199,-0.00731615,0.448608
426.21,306,0.559796,0.345351,-0.0066268,0.440523
427.076,305.5,0.554173,0.346487,-0.0058173,0.432459
427.942,305,0.548621,0.347608,-0.00488766,0.424417
428.808,304.5,0.543142,0.348714,-0.00383786,0.416398
429.674,304,0.537466,0.349319,-0.00304958,0.408457
430.54,303.5,0.53146,0.349205,-0.00269108,0.400623
431.406,303,0.525188,0.348872,-0.00233733,0.392562
432.272,302.5,0.518907,0.348409,-0.00193241,0.384541
433.138,302,0.512616,0.347816,-0.00147634,0.376559
434.004,301.5,0.506313,0.347093,-0.000969111,0.368617
434.87,301,0.500012,0.34619,-0.000445069,0.360783
435.737,300.5,0.493801,0.344787,-0.000143942,0.353498
436.603,300,0.48757,0.343245,0.000164194,0.346276
437.469,299.5,0.481317,0.341564,0.000479339,0.339117
438.335,299,0.47504,0.339743,0.000801495,0.332021
439.201,298.5,0.468737,0.337782,0.00113066,0.324987
440.067,298,0.462374,0.335666,0.00146505,0.317988
440.933,297.5,0.456156,0.333345,0.0016886,0.311378
441.799,297,0.450035,0.330919,0.00188363,0.304992
442.665,296.5,0.443897,0.328368,0.00207305,0.298688
443.531,296,0.437739,0.32569,0.00225685,0.292466
444.397,295.5,0.43156,0.322887,0.00243505,0.286325
445.263,295,0.425357,0.319957,0.00260764,0.280266
446.129,294.5,0.41947,0.317104,0.00275753,0.274577
446.995,294,0.41392,0.314354,0.00288307,0.269264
447.861,293.5,0.408357,0.311504,0.0030016,0.264029
448.727,293,0.402778,0.308555,0.00311312,0.258871
449.593,292.5,0.397132,0.305468,0.00321513,0.253758
450.459,292,0.391209,0.302083,0.00329674,0.248555
451.325,291.5,0.3854,0.298694,0.0033676,0.243523
452.191,291,0.380141,0.295647,0.00341453,0.238931
453.057,290.5,0.374885,0.292531,0.00345549,0.23442
453.923,290,0.369632,0.289344,0.00349047,0.229991
454.789,289.5,0.364381,0.286089,0.00351947,0.225643
455.655,289,0.359131,0.282763,0.0035425,0.221376
456.521,288.5,0.35388,0.279368,0.00355956,0.217191
457.387,288,0.34914,0.276364,0.00354875,0.213328
458.253,287.5,0.344484,0.27338,0.00353039,0.20957
459.119,287,0.339775,0.270298,0.00350537,0.205848
459.985,286.5,0.334885,0.267011,0.00346604,0.202092
460.851,286,0.330013,0.263685,0.00342176,0.198411
461.717,285.5,0.325156,0.260319,0.00337252,0.194806
462.583,285,0.320593,0.257193,0.00330423,0.191365
463.449,284.5,0.316274,0.254268,0.00322055,0.188061
464.315,284,0.311968,0.251313,0.00313351,0.184814
465.181,283.5,0.307676,0.248329,0.00304309,0.181626
466.047,283,0.303397,0.245316,0.00294932,0.178496
466.913,282.5,0.29913,0.242274,0.00285217,0.175425
467.779,282,0.294976,0.239315,0.00274664,0.172428
468.645,281.5,0.291113,0.236653,0.00261952,0.169515
469.512,281,0.287138,0.233859,0.00248502,0.16659
470.378,280.5,0.283186,0.231057,0.00234831,0.163712
471.244,280,0.279257,0.228246,0.00220937,0.160882
472.11,279.5,0.275349,0.225428,0.0020682,0.158098
472.976,279,0.271463,0.222601,0.00192482,0.155362
473.842,278.5,0.267936,0.220174,0.0017691,0.152676
474.708,278,0.264459,0.21778,0.00161107,0.150026
475.574,277.5,0.261,0.215381,0.00145169,0.14741
476.44,277,0.257559,0.212977,0.00129095,0.144829
477.306,276.5,0.254135,0.210568,0.00112885,0.142283
478.172,276,0.250694,0.20812,0.000971931,0.139759
479.038,275.5,0.2474,0.205854,0.000828038,0.137225
