x,v,vx,vy,vz
220.096,425,0.38173,0.379706,-0.0371232,-0.0127533
220.962,424.5,0.384933,0.382884,-0.0385148,-0.0094658
221.828,424,0.388838,0.386724,-0.0400797,-0.00575098
222.694,423.5,0.393668,0.391412,-0.0420655,-0.00132589
223.56,423,0.398524,0.396062,-0.044095,0.00350195
224.426,422.5,0.403557,0.40083,-0.0460321,0.00865076
225.292,422,0.408775,0.405716,-0.0478768,0.0141206
226.158,421.5,0.414187,0.41072,-0.049629,0.0199113
227.024,421,0.419913,0.415986,-0.051117,0.0258831
227.89,420.5,0.427053,0.422974,-0.0503483,0.030539
228.756,420,0.434327,0.430098,-0.0490275,0.0353765
229.622,419.5,0.441745,0.43736,-0.0471545,0.0403953
230.488,419,0.449321,0.444758,-0.0447293,0.0455957
231.355,418.5,0.457067,0.452293,-0.0417519,0.0509775
232.221,418,0.460922,0.456056,-0.0357924,0.0563999
233.087,417.5,0.460795,0.456199,-0.0275875,0.0587668
233.953,417,0.458815,0.454491,-0.018937,0.0599223
234.819,416.5,0.45545,0.451265,-0.0100675,0.0607714
235.685,416,0.450712,0.446521,-0.000979011,0.0613142
236.551,415.5,0.444618,0.440258,0.00832853,0.0615506
237.417,415,0.43719,0.432477,0.0178551,0.0614807
238.283,414.5,0.427291,0.422257,0.0266114,0.0597355
239.149,414,0.414642,0.409401,0.0340474,0.0562095
240.015,413.5,0.400635,0.395018,0.0412295,0.0526253
240.881,413,0.385281,0.379108,0.0481577,0.0489831
241.747,412.5,0.368294,0.362074,0.0511871,0.0438461
242.613,412,0.351382,0.345258,0.0526446,0.0386551
243.479,411.5,0.334725,0.328694,0.0534159,0.0338817
244.345,411,0.317861,0.311938,0.0533044,0.0298164
245.211,410.5,0.301126,0.29521,0.0531672,0.0264804
246.077,410,0.284513,0.27851,0.0530045,0.0238739
246.943,409.5,0.268016,0.261838,0.0528161,0.0219967
247.809,409,0.251639,0.245195,0.0526022,0.0208489
248.675,408.5,0.235388,0.228579,0.0523626,0.0204305
249.541,408,0.219071,0.211645,0.0521345,0.0219199
250.407,407.5,0.202587,0.194265,0.0519172,0.0246408
251.273,407,0.190633,0.181322,0.0519387,0.027669
252.139,406.5,0.179328,0.168942,0.0517299,0.0306784
253.005,406,0.16784,0.156235,0.0512239,0.0337222
253.871,405.5,0.156213,0.143199,0.0504209,0.0368004
254.737,405,0.145317,0.130974,0.0490808,0.0394201
255.603,404.5,0.135148,0.119482,0.0472924,0.0418597
256.469,404,0.125019,0.107611,0.0453137,0.0446809
257.335,403.5,0.115099,0.09536,0.0431447,0.0478839
258.201,403,0.105625,0.0827292,0.0407855,0.0514685
259.067,402.5,0.0969315,0.0697189,0.038236,0.0554348
259.933,402,0.0893582,0.0569858,0.0355418,0.0589431
260.799,401.5,0.0833538,0.0484591,0.0344867,0.0583973
261.665,401,0.0779345,0.0401622,0.0332866,0.0579033
262.531,400.5,0.0730744,0.0319253,0.0317662,0.0575461
263.397,400,0.0688896,0.0237482,0.0299256,0.0573258
264.263,399.5,0.0655126,0.0156311,0.0277647,0.0572424
265.13,399,0.0630828,0.00757387,0.0252835,0.0572958
265.996,398.5,0.0576017,-0.00012938,0.0224684,0.0530388
266.862,398,0.0525223,-0.00804854,0.0191112,0.0482553
267.728,397.5,0.0489075,-0.0162445,0.0151998,0.0435548
268.594,397,0.0473528,-0.0247173,0.0107341,0.0389374
269.46,396.5,0.0483348,-0.0334669,0.00571416,0.0344031
270.326,396,0.0472591,-0.039765,0.00191165,0.0254659
271.192,395.5,0.0474528,-0.0453013,-0.000162296,0.0141256
272.058,395,0.0508072,-0.0507722,-0.000967102,0.00161949
272.924,394.5,0.0579069,-0.0568442,-0.00192556,-0.0108741
273.79,394,0.0677431,-0.0635172,-0.00303766,-0.0233551
274.656,393.5,0.0794561,-0.0707913,-0.00430342,-0.0358236
275.522,393,0.0924775,-0.0786665,-0.00572283,-0.0482796
276.388,392.5,0.106266,-0.0867823,-0.00724464,-0.0608995
277.254,392,0.120162,-0.0941421,-0.00887198,-0.0741448
278.12,391.5,0.134604,-0.101668,-0.0108228,-0.0875486
278.986,391,0.149446,-0.109272,-0.0129977,-0.101118
279.852,390.5,0.16249,-0.114466,-0.0120855,-0.114692
280.718,390,0.175636,-0.120075,-0.010867,-0.127718
281.584,389.5,0.188794,-0.126098,-0.009342,-0.140197
282.45,389,0.198191,-0.129353,-0.00538923,-0.150061
283.316,388.5,0.206532,-0.131868,-0.00100565,-0.158951
284.182,388,0.214044,-0.133834,0.00365951,-0.167003
285.048,387.5,0.220721,-0.135251,0.00860624,-0.174215
285.914,387,0.226566,-0.13612,0.0138345,-0.180588
286.78,386.5,0.231585,-0.13644,0.0193444,-0.186123
287.646,386,0.235207,-0.133691,0.0218848,-0.192277
288.512,385.5,0.237576,-0.128431,0.0226215,-0.198585
289.378,385,0.23623,-0.12238,0.0235291,-0.200684
290.244,384.5,0.235768,-0.117385,0.0240717,-0.203046
291.11,384,0.236133,-0.113446,0.0242491,-0.205672
291.976,383.5,0.237278,-0.110562,0.0240614,-0.208561
292.842,383,0.242046,-0.109578,0.022091,-0.214687
293.708,382.5,0.255527,-0.11136,0.0161352,-0.229418
294.574,382,0.271972,-0.11387,0.00921513,-0.246815
295.44,381.5,0.291444,-0.117108,0.0013307,-0.266877
296.306,381,0.313985,-0.121074,-0.00751806,-0.289606
297.172,380.5,0.339622,-0.125768,-0.0173311,-0.315
298.038,380,0.368402,-0.131252,-0.0284156,-0.343053
298.905,379.5,0.394544,-0.129234,-0.0405519,-0.370565
299.771,379,0.420833,-0.125623,-0.0517932,-0.398292
300.637,378.5,0.447292,-0.120489,-0.0621447,-0.426251
301.503,378,0.473924,-0.113832,-0.0716065,-0.454443
302.369,377.5,0.500751,-0.105654,-0.0801786,-0.482867
303.235,377,0.52781,-0.0959529,-0.0878609,-0.511524
304.101,376.5,0.549181,-0.0850136,-0.0933065,-0.534477
304.967,376,0.568082,-0.0733311,-0.0975183,-0.554824
305.833,375.5,0.587414,-0.0608934,-0.101202,-0.575418
306.699,375,0.607197,-0.0477006,-0.104357,-0.596257
307.565,374.5,0.626511,-0.0336131,-0.106679,-0.616446
308.431,374,0.642982,-0.0186242,-0.107552,-0.633649
309.297,373.5,0.653213,-0.00353146,-0.106372,-0.644484
310.163,373,0.652297,0.0117264,-0.102044,-0.644159
311.029,372.5,0.652419,0.0273348,-0.0978894,-0.644454
311.895,372,0.653602,0.0432938,-0.0939076,-0.64537
312.761,371.5,0.655865,0.0596034,-0.090099,-0.646907
313.627,371,0.659225,0.0762636,-0.0864634,-0.649065
314.493,370.5,0.663097,0.0928255,-0.0826563,-0.651344
315.359,370,0.655669,0.10054,-0.0720658,-0.643895
316.225,369.5,0.649256,0.108823,-0.0620173,-0.637059
317.091,369,0.643063,0.118354,-0.0521797,-0.62992
317.957,368.5,0.635924,0.130077,-0.0420571,-0.621056
318.823,368,0.629931,0.142185,-0.0325066,-0.612813
319.689,367.5,0.62509,0.154678,-0.0235282,-0.605192
320.555,367,0.606169,0.161254,-0.0125849,-0.584191
321.421,366.5,0.582675,0.166306,-0.0012672,-0.558436
322.287,366,0.560248,0.172213,0.0094943,-0.533038
323.153,365.5,0.538964,0.178975,0.0196997,-0.507998
324.019,365,0.518915,0.186593,0.0293488,-0.483316
324.885,364.5,0.500201,0.195066,0.0384419,-0.458991
325.751,364,0.480121,0.196742,0.0478622,-0.435337
326.617,363.5,0.456436,0.187523,0.0580436,-0.412068
327.483,363,0.434169,0.17807,0.0665733,-0.390335
328.349,362.5,0.412407,0.168405,0.0746855,-0.368973
329.215,362,0.391165,0.158527,0.0823804,-0.347983
330.081,361.5,0.370459,0.148438,0.0896579,-0.327365
330.947,361,0.353348,0.138258,0.0949858,-0.310993
331.813,360.5,0.363361,0.128077,0.0860119,-0.328982
332.679,360,0.37361,0.116103,0.0759875,-0.346886
333.546,359.5,0.384313,0.102337,0.0649124,-0.364705
334.412,359,0.395697,0.086779,0.0527868,-0.382438
335.278,358.5,0.407993,0.0694283,0.0396106,-0.400086
336.144,358,0.419479,0.056819,0.0315044,-0.414417
337.01,357.5,0.469767,0.0707701,0.0548549,-0.461155
337.876,357,0.523577,0.0875525,0.0940875,-0.507558
338.742,356.5,0.570222,0.102347,0.144341,-0.542074
339.608,356,0.611905,0.115154,0.205615,-0.564704
340.474,355.5,0.651339,0.125972,0.27791,-0.575447
341.34,355,0.691723,0.134803,0.361226,-0.574303
342.206,354.5,0.728768,0.123441,0.429692,-0.575526
343.072,354,0.758696,0.0927779,0.471435,-0.587164
343.938,353.5,0.788156,0.0642584,0.512212,-0.595567
344.804,353,0.816732,0.0378821,0.552025,-0.600736
345.67,352.5,0.824706,0.0094988,0.571647,-0.594365
346.536,352,0.809515,-0.0265145,0.579222,-0.564902
347.402,351.5,0.774138,-0.0328317,0.583037,-0.508211
348.268,351,0.654267,0.123194,0.507397,-0.394254
349.134,350.5,0.582188,0.244442,0.445297,-0.284432
350,350,0.546675,0.330914,0.396737,-0.178745
350.866,349.5,0.532152,0.382608,0.361716,-0.0771935
351.732,349,0.525156,0.399526,0.340234,0.0202234
352.598,348.5,0.518624,0.381666,0.332292,0.113505
353.464,348,0.549429,0.434163,0.285668,0.178239
354.33,347.5,0.597659,0.501809,0.231116,0.227969
355.196,347,0.690532,0.622154,0.147654,0.260687
356.062,346.5,0.816221,0.762063,0.0550727,0.287132
356.928,346,0.921108,0.865183,-0.0154059,0.315692
357.794,345.5,0.995871,0.931516,-0.0637813,0.346367
358.66,345,1.0377,0.973288,-0.0817531,0.350484
359.526,344.5,1.05574,0.999543,-0.0800071,0.330285
360.392,344,1.05199,1.00254,-0.0689997,0.311177
361.258,343.5,1.02625,0.982274,-0.0487309,0.29316
362.124,343,0.978736,0.938749,-0.0192007,0.276234
362.99,342.5,0.910226,0.871964,0.0195909,0.260398
363.856,342,0.835665,0.795157,0.0657426,0.248474
364.722,341.5,0.882537,0.849689,0.0550176,0.232108
365.588,341,0.978915,0.955438,0.0131378,0.212694
366.454,340.5,1.06375,1.04396,-0.0225832,0.202945
367.321,340,1.13476,1.11527,-0.0521453,0.202859
368.187,339.5,1.19088,1.16935,-0.0755485,0.212437
369.053,339,1.23175,1.2062,-0.0927927,0.231679
369.919,338.5,1.27199,1.24076,-0.102326,0.260773
370.785,338,1.29739,1.25898,-0.105899,0.294901
371.651,337.5,1.30676,1.25914,-0.103706,0.333793
372.517,337,1.30089,1.24124,-0.0957472,0.377449
373.383,336.5,1.28093,1.20528,-0.0820232,0.425869
374.249,336,1.28043,1.20868,-0.0722317,0.416392
375.115,335.5,1.29807,1.24144,-0.0622449,0.374107
375.981,335,1.31452,1.27043,-0.0486805,0.334069
376.847,334.5,1.32383,1.28925,-0.0343749,0.298661
377.713,334,1.32539,1.2979,-0.0193278,0.267881
378.579,333.5,1.31872,1.29637,-0.00353944,0.241731
379.445,333,1.30348,1.28468,0.0129903,0.22021
380.311,332.5,1.27718,1.26047,0.0304385,0.203693
381.177,332,1.23425,1.21792,0.0491063,0.194
382.043,331.5,1.17996,1.16242,0.0685103,0.190786
382.909,331,1.11458,1.09397,0.0886506,0.194052
383.775,330.5,1.083,1.06076,0.0982827,0.194978
384.641,330,1.06797,1.04559,0.102353,0.191945
385.507,329.5,1.05368,1.03159,0.104952,0.18726
386.373,329,1.04949,1.02968,0.091971,0.180911
387.239,328.5,1.04308,1.02527,0.078713,0.175011
388.105,328,1.03387,1.01774,0.0659027,0.16961
388.971,327.5,1.02185,1.00707,0.0535403,0.164708
389.837,327,1.00698,0.993266,0.0416258,0.160305
390.703,326.5,0.989242,0.976335,0.030159,0.156401
391.569,326,0.985116,0.973402,0.0126696,0.150938
392.435,325.5,0.984965,0.973794,-0.00705692,0.147755
393.301,325,0.988256,0.977729,-0.0181072,0.142719
394.167,324.5,0.992041,0.982162,-0.025981,0.137219
395.033,324,0.994111,0.984689,-0.0327042,0.132565
395.899,323.5,0.994426,0.985312,-0.0382767,0.128757
396.765,323,1.00052,0.991821,-0.0421216,0.124749
397.631,322.5,1.01872,1.0107,-0.0439364,0.119783
398.497,322,1.03227,1.02471,-0.0450862,0.116228
399.363,321.5,1.04115,1.03388,-0.0455711,0.114085
400.229,321,1.04535,1.03819,-0.045391,0.113352
401.095,320.5,1.04484,1.03765,-0.0445459,0.114031
401.962,320,1.03981,1.03241,-0.0429201,0.116115
402.828,319.5,1.05435,1.04732,-0.0271189,0.1185
403.694,319,1.06771,1.06074,-0.0120603,0.121221
404.56,318.5,1.07847,1.07128,0.00179802,0.124346
405.426,318,1.0866,1.07895,0.0144559,0.127877
406.292,317.5,1.09204,1.08375,0.0259135,0.131813
407.158,317,1.09477,1.08567,0.0361706,0.136153
408.024,316.5,1.09079,1.08203,0.0552647,0.126439
408.89,316,1.08315,1.07435,0.0780857,0.113508
409.756,315.5,1.07361,1.06382,0.100321,0.1042
410.622,315,1.06209,1.05046,0.121971,0.098514
411.488,314.5,1.04854,1.03425,0.143036,0.0964506
412.354,314,1.03895,1.02201,0.164551,0.0884771
413.22,313.5,1.02057,1.00223,0.184794,0.0544328
414.086,313,0.990802,0.96931,0.204392,-0.0187256
414.952,312.5,0.963793,0.933526,0.223273,-0.0870438
415.818,312,0.939015,0.894875,0.241434,-0.150522
416.684,311.5,0.915961,0.853358,0.258876,-0.20916
417.55,311,0.894171,0.808975,0.2756,-0.262958
418.416,310.5,0.87403,0.761525,0.290874,-0.315279
419.282,310,0.869549,0.707254,0.295343,-0.410707
420.148,309.5,0.872304,0.648066,0.299762,-0.501067
421.014,309,0.881658,0.583961,0.304129,-0.586358
421.88,308.5,0.905693,0.523826,0.308432,-0.671384
422.746,308,0.933597,0.46176,0.311968,-0.749037
423.612,307.5,0.963348,0.397519,0.314726,-0.819124
424.478,307,0.908519,0.340994,0.276326,-0.795471
425.344,306.5,0.826867,0.29173,0.222132,-0.741121
426.21,306,0.747256,0.247317,0.165332,-0.685487
427.076,305.5,0.670433,0.207755,0.105925,-0.628569
427.942,305,0.597655,0.173044,0.0439129,-0.570367
428.808,304.5,0.530971,0.143184,-0.0207056,-0.510882
429.674,304,0.453454,0.124691,-0.0778321,-0.42897
430.54,303.5,0.363859,0.116984,-0.121341,-0.322466
431.406,303,0.299258,0.113723,-0.163286,-0.223518
432.272,302.5,0.264033,0.112673,-0.20072,-0.129344
433.138,302,0.262951,0.113834,-0.233644,-0.0399426
434.004,301.5,0.290531,0.117206,-0.262057,0.044685
434.87,301,0.329656,0.124545,-0.280978,0.119218
435.737,300.5,0.335764,0.145922,-0.261388,0.152056
436.603,300,0.346227,0.16785,-0.241151,0.183154
437.469,299.5,0.360423,0.190331,-0.220269,0.21251
438.335,299,0.377734,0.213364,-0.198741,0.240126
439.201,298.5,0.39759,0.23695,-0.176567,0.266001
440.067,298,0.419314,0.260979,-0.15367,0.289999
440.933,297.5,0.426535,0.278051,-0.138525,0.292286
441.799,297,0.431339,0.293647,-0.125869,0.289796
442.665,296.5,0.437071,0.309283,-0.113648,0.287157
443.531,296,0.443667,0.324959,-0.101863,0.28437
444.397,295.5,0.451061,0.340674,-0.0905122,0.281434
445.263,295,0.45919,0.356429,-0.0795971,0.278349
446.129,294.5,0.464334,0.367885,-0.0717451,0.27408
446.995,294,0.466135,0.374895,-0.0667874,0.26884
447.861,293.5,0.468296,0.381951,-0.0619172,0.263783
448.727,293,0.470807,0.389051,-0.0571345,0.25891
449.593,292.5,0.473598,0.396065,-0.0524291,0.254321
450.459,292,0.476482,0.40257,-0.0477471,0.250384
451.325,291.5,0.479147,0.408507,-0.0433848,0.24662
452.191,291,0.479089,0.410639,-0.0402088,0.243487
453.057,290.5,0.479289,0.412991,-0.0370421,0.240384
453.923,290,0.479749,0.415566,-0.0338846,0.23731
454.789,289.5,0.48047,0.418361,-0.0307365,0.234265
455.655,289,0.481454,0.421378,-0.0275976,0.23125
456.521,288.5,0.482704,0.424617,-0.0244679,0.228265
457.387,288,0.481579,0.425087,-0.0223973,0.225205
458.253,287.5,0.480192,0.425201,-0.0205024,0.22219
459.119,287,0.478964,0.425414,-0.0186163,0.219279
459.985,286.5,0.477881,0.425672,-0.0167379,0.21655
460.851,286,0.476906,0.426024,-0.0148596,0.213827
461.717,285.5,0.476038,0.426469,-0.0129813,0.211109
462.583,285,0.474186,0.4259,-0.0115096,0.208156
463.449,284.5,0.471512,0.424469,-0.0103757,0.20504
464.315,284,0.468909,0.423082,-0.00924335,0.20197
465.181,283.5,0.466377,0.421738,-0.00811263,0.198944
466.047,283,0.463917,0.420438,-0.00698354,0.195964
466.913,282.5,0.461528,0.419182,-0.00585607,0.193028
467.779,282,0.458929,0.417687,-0.00481692,0.19008
468.645,281.5,0.455424,0.415243,-0.00406108,0.186997
469.512,281,0.451861,0.412701,-0.00329298,0.183972
470.378,280.5,0.448329,0.410165,-0.00252776,0.18099
471.244,280,0.444827,0.407635,-0.00176542,0.17805
472.11,279.5,0.441356,0.405112,-0.00100597,0.175152
472.976,279,0.437915,0.402596,-0.000249402,0.172297
473.842,278.5,0.433972,0.399488,0.000229533,0.169531
474.708,278,0.430002,0.396324,0.00067818,0.16682
475.574,277.5,0.426055,0.393158,0.00112106,0.16416
476.44,277,0.422128,0.389989,0.00155816,0.161551
477.306,276.5,0.418223,0.386817,0.0019895,0.158992
478.172,276,0.414288,0.383598,0.002419,0.156464
479.038,275.5,0.410185,0.380166,0.00271742,0.154005
