x,v,vx,vy,vz
220.096,425,0.282175,0.281898,-0.0107841,0.00629281
220.962,424.5,0.280864,0.280462,-0.0118643,0.0092312
221.828,424,0.280073,0.27949,-0.0129045,0.0126376
222.694,423.5,0.279818,0.278983,-0.0136246,0.016751
223.56,423,0.279383,0.278224,-0.0140873,0.0211558
224.426,422.5,0.278909,0.277333,-0.0143758,0.0258861
225.292,422,0.278414,0.27631,-0.0144901,0.030942
226.158,421.5,0.277916,0.275154,-0.0144302,0.0363234
227.024,421,0.277592,0.27401,-0.0140288,0.0421766
227.89,420.5,0.279026,0.274244,-0.0114611,0.050145
228.756,420,0.280519,0.27417,-0.00848764,0.0587325
229.622,419.5,0.282139,0.27379,-0.00510845,0.0679391
230.488,419,0.283961,0.273102,-0.00132351,0.0777648
231.355,418.5,0.286062,0.272107,0.00286717,0.0882096
232.221,418,0.284867,0.26762,0.00799716,0.0972889
233.087,417.5,0.277772,0.257403,0.014042,0.103459
233.953,417,0.267985,0.244308,0.0198879,0.108323
234.819,416.5,0.256613,0.229264,0.0253381,0.112456
235.685,416,0.243733,0.212271,0.0303924,0.115859
236.551,415.5,0.229464,0.193329,0.0350508,0.11853
237.417,415,0.213994,0.172437,0.0393133,0.120471
238.283,414.5,0.196776,0.149732,0.0418789,0.120612
239.149,414,0.178723,0.126232,0.0423363,0.119226
240.015,413.5,0.161526,0.102148,0.0422056,0.117792
240.881,413,0.145782,0.0774793,0.0414868,0.116311
241.747,412.5,0.134971,0.0575076,0.0395392,0.115528
242.613,412,0.128117,0.0397703,0.0372629,0.115947
243.479,411.5,0.12456,0.0237361,0.0348106,0.117218
244.345,411,0.122325,0.0132568,0.0319183,0.117341
245.211,410.5,0.121167,0.00324733,0.0292092,0.117549
246.077,410,0.120987,-0.00629218,0.0266834,0.11784
246.943,409.5,0.12167,-0.0153618,0.0243408,0.118216
247.809,409,0.123086,-0.0239614,0.0221814,0.118676
248.675,408.5,0.125106,-0.0320912,0.0202052,0.11922
249.541,408,0.125552,-0.0403726,0.0189747,0.117359
250.407,407.5,0.12616,-0.048911,0.0179221,0.114903
251.273,407,0.126451,-0.0559667,0.0177439,0.111994
252.139,406.5,0.12704,-0.0628755,0.0176306,0.108973
253.005,406,0.128114,-0.0699441,0.0174172,0.105914
253.871,405.5,0.129689,-0.0771724,0.0171038,0.102816
254.737,405,0.129052,-0.0831534,0.0163139,0.0973329
255.603,404.5,0.126336,-0.087877,0.0149461,0.0895271
256.469,404,0.124244,-0.0926849,0.0133271,0.081661
257.335,403.5,0.122839,-0.097577,0.011457,0.0737346
258.201,403,0.122177,-0.102554,0.00933573,0.0657479
259.067,402.5,0.122306,-0.107614,0.00696335,0.0577009
259.933,402,0.122429,-0.112407,0.00477101,0.0482786
260.799,401.5,0.117885,-0.112749,0.00528794,0.0340093
261.665,401,0.114973,-0.113118,0.00572772,0.0197538
262.531,400.5,0.114134,-0.113847,0.00597399,0.00544093
263.397,400,0.115439,-0.114935,0.00602674,-0.00892926
264.263,399.5,0.118848,-0.116382,0.00588596,-0.0233568
265.13,399,0.124222,-0.118188,0.00555167,-0.0378417
265.996,398.5,0.129861,-0.117939,0.00765813,-0.0538122
266.862,398,0.137041,-0.117441,0.0101212,-0.0698954
267.728,397.5,0.145692,-0.11701,0.01259,-0.0858851
268.594,397,0.15554,-0.116646,0.0150646,-0.101781
269.46,396.5,0.166346,-0.116349,0.0175449,-0.117584
270.326,396,0.177224,-0.115,0.0206345,-0.133258
271.192,395.5,0.187363,-0.113174,0.0232198,-0.147504
272.058,395,0.196743,-0.110622,0.0256782,-0.160659
272.924,394.5,0.206112,-0.107839,0.0282,-0.173372
273.79,394,0.215405,-0.104825,0.0307853,-0.185643
274.656,393.5,0.224571,-0.10158,0.0334341,-0.197474
275.522,393,0.233569,-0.0981049,0.0361462,-0.208862
276.388,392.5,0.242536,-0.0940294,0.0377406,-0.220358
277.254,392,0.252295,-0.0887004,0.0360759,-0.233418
278.12,391.5,0.262605,-0.0832811,0.0348477,-0.2466
278.986,391,0.273372,-0.0778028,0.0340229,-0.259849
279.852,390.5,0.282901,-0.0731121,0.0325021,-0.271351
280.718,390,0.292483,-0.0681567,0.0312072,-0.282713
281.584,389.5,0.302107,-0.0629364,0.0301381,-0.293937
282.45,389,0.310433,-0.0536497,0.0253704,-0.304708
283.316,388.5,0.31938,-0.0437619,0.020782,-0.315684
284.182,388,0.329037,-0.0335369,0.0166549,-0.3269
285.048,387.5,0.339383,-0.0229745,0.0129892,-0.338355
285.914,387,0.350396,-0.0120747,0.00978495,-0.350051
286.78,386.5,0.362055,-0.000837681,0.0070421,-0.361986
287.646,386,0.370506,0.0125618,0.00403798,-0.370271
288.512,385.5,0.377475,0.0275915,0.000701452,-0.376465
289.378,385,0.382399,0.0441412,-0.00234893,-0.379836
290.244,384.5,0.388916,0.0607895,-0.00506782,-0.384103
291.11,384,0.396984,0.0775363,-0.00745519,-0.389267
291.976,383.5,0.406549,0.0943817,-0.00951106,-0.395328
292.842,383,0.415382,0.110096,-0.0103853,-0.400391
293.708,382.5,0.420741,0.123296,-0.00937868,-0.402161
294.574,382,0.42761,0.136883,-0.00863394,-0.405018
295.44,381.5,0.435974,0.150855,-0.00815107,-0.408961
296.306,381,0.445812,0.165214,-0.00793008,-0.413992
297.172,380.5,0.457101,0.179959,-0.00797097,-0.42011
298.038,380,0.469195,0.194658,-0.00819472,-0.426831
298.905,379.5,0.472246,0.20056,-0.0065451,-0.427492
299.771,379,0.476683,0.207073,-0.00532602,-0.429323
300.637,378.5,0.482571,0.214265,-0.00455477,-0.432371
301.503,378,0.489911,0.222135,-0.00423135,-0.436636
302.369,377.5,0.498699,0.230684,-0.00435576,-0.442116
303.235,377,0.508936,0.239912,-0.004928,-0.448813
304.101,376.5,0.517902,0.243508,-0.00400022,-0.457067
304.967,376,0.526267,0.244286,-0.00288683,-0.466126
305.833,375.5,0.535191,0.245187,-0.0025819,-0.475716
306.699,375,0.544672,0.246212,-0.00308544,-0.485838
307.565,374.5,0.554072,0.246984,-0.00405199,-0.495962
308.431,374,0.5625,0.247264,-0.00448988,-0.50522
309.297,373.5,0.570351,0.24657,-0.00302143,-0.51429
310.163,373,0.575666,0.242909,0.0022361,-0.521902
311.029,372.5,0.582584,0.240226,0.0067346,-0.530708
311.895,372,0.591071,0.238521,0.0104741,-0.540706
312.761,371.5,0.601098,0.237794,0.0134545,-0.551899
313.627,371,0.61264,0.238044,0.0156759,-0.564284
314.493,370.5,0.624262,0.238471,0.0173186,-0.576658
315.359,370,0.608254,0.223283,0.0223274,-0.565348
316.225,369.5,0.594154,0.209154,0.0273118,-0.555453
317.091,369,0.581031,0.196021,0.0327926,-0.545983
317.957,368.5,0.568384,0.184516,0.0391521,-0.536172
318.823,368,0.559038,0.175209,0.0448188,-0.528977
319.689,367.5,0.552928,0.168099,0.0497926,-0.524397
320.555,367,0.540336,0.152673,0.0499655,-0.515904
321.421,366.5,0.524767,0.133517,0.0485462,-0.50517
322.287,366,0.509415,0.114177,0.0471398,-0.494212
323.153,365.5,0.494339,0.0946532,0.045746,-0.483031
324.019,365,0.479601,0.0749444,0.044365,-0.471627
324.885,364.5,0.465274,0.0550512,0.0429968,-0.46
325.751,364,0.462404,0.043076,0.042745,-0.458405
326.617,363.5,0.47484,0.0453297,0.0446917,-0.470554
327.483,363,0.48684,0.0528867,0.0484832,-0.481524
328.349,362.5,0.49697,0.0588541,0.0536346,-0.49055
329.215,362,0.505223,0.0632319,0.0601458,-0.497629
330.081,361.5,0.51162,0.0660202,0.0680169,-0.502762
330.947,361,0.520024,0.0680743,0.0749356,-0.510074
331.813,360.5,0.563271,0.0792725,0.0599871,-0.554429
332.679,360,0.610292,0.0946494,0.0413146,-0.601491
333.546,359.5,0.661469,0.114205,0.018918,-0.65126
334.412,359,0.717164,0.137939,-0.00720248,-0.703737
335.278,358.5,0.777714,0.165852,-0.037047,-0.75892
336.144,358,0.836505,0.198863,-0.0656248,-0.809869
337.01,357.5,0.818315,0.236422,-0.00751579,-0.783382
337.876,357,0.787194,0.281495,0.0692528,-0.731874
338.742,356.5,0.765065,0.334649,0.142624,-0.673047
339.608,356,0.755151,0.395883,0.212597,-0.606903
340.474,355.5,0.760859,0.465197,0.279174,-0.533441
341.34,355,0.785184,0.542592,0.342352,-0.452661
342.206,354.5,0.801013,0.586429,0.366571,-0.404164
343.072,354,0.796785,0.576709,0.370176,-0.406502
343.938,353.5,0.803163,0.55457,0.401008,-0.420376
344.804,353,0.82455,0.520012,0.459067,-0.445789
345.67,352.5,0.841106,0.472819,0.518651,-0.463577
346.536,352,0.838882,0.424417,0.56522,-0.451796
347.402,351.5,0.818085,0.39779,0.598164,-0.39144
348.268,351,0.703484,0.452561,0.510141,-0.172727
349.134,350.5,0.647995,0.473612,0.442244,-0.00307619
350,350,0.617971,0.460944,0.394474,0.117512
350.866,349.5,0.584942,0.414557,0.366831,0.189037
351.732,349,0.534505,0.334449,0.359314,0.211501
352.598,348.5,0.470309,0.220623,0.371925,0.184901
353.464,348,0.435651,0.153009,0.354174,0.202338
354.33,347.5,0.416519,0.109662,0.320145,0.242838
355.196,347,0.452086,0.14409,0.244931,0.351609
356.062,346.5,0.570703,0.233387,0.14871,0.499117
356.928,346,0.705255,0.31573,0.0647647,0.627299
357.794,345.5,0.833634,0.391117,-0.00690337,0.736155
358.66,345,0.901343,0.452132,-0.0311148,0.77912
359.526,344.5,0.928137,0.506616,-0.0248036,0.77728
360.392,344,0.960274,0.563383,-0.0235237,0.777285
361.258,343.5,0.997607,0.622435,-0.0272753,0.779135
362.124,343,1.04003,0.683771,-0.0360583,0.78283
362.99,342.5,1.08748,0.747391,-0.0498726,0.788371
363.856,342,1.14385,0.81886,-0.0650597,0.796007
364.722,341.5,1.20627,0.902472,-0.0776695,0.79661
365.588,341,1.26012,0.976512,-0.0946001,0.790814
366.454,340.5,1.31166,1.04557,-0.110092,0.7843
367.321,340,1.36034,1.10963,-0.124146,0.777067
368.187,339.5,1.40575,1.16872,-0.136761,0.769116
369.053,339,1.44756,1.22281,-0.147938,0.760447
369.919,338.5,1.47352,1.26363,-0.154383,0.742073
370.785,338,1.49581,1.30001,-0.159609,0.722458
371.651,337.5,1.51572,1.33297,-0.164021,0.702644
372.517,337,1.53314,1.36251,-0.167621,0.682632
373.383,336.5,1.54794,1.38863,-0.170407,0.662422
374.249,336,1.54478,1.39609,-0.170827,0.638837
375.115,335.5,1.53126,1.39339,-0.168508,0.612219
375.981,335,1.51717,1.38991,-0.16501,0.585428
376.847,334.5,1.50428,1.38676,-0.16151,0.560064
377.713,334,1.49253,1.38393,-0.15801,0.536127
378.579,333.5,1.48189,1.38142,-0.154508,0.513617
379.445,333,1.4723,1.37923,-0.151004,0.492533
380.311,332.5,1.46358,1.37737,-0.147125,0.472508
381.177,332,1.45546,1.3759,-0.142299,0.452787
382.043,331.5,1.44837,1.37485,-0.137592,0.434306
382.909,331,1.44225,1.37421,-0.133003,0.417064
383.775,330.5,1.43854,1.37475,-0.129106,0.403491
384.641,330,1.43605,1.37589,-0.12526,0.391755
385.507,329.5,1.43415,1.37733,-0.121192,0.380849
386.373,329,1.43223,1.37943,-0.111912,0.368678
387.239,328.5,1.43079,1.38162,-0.102412,0.357489
388.105,328,1.42983,1.38387,-0.0929391,0.34739
388.971,327.5,1.42933,1.38618,-0.0834927,0.33838
389.837,327,1.42926,1.38856,-0.0740728,0.330459
390.703,326.5,1.42961,1.391,-0.0646795,0.323628
391.569,326,1.42547,1.38976,-0.0497193,0.313157
392.435,325.5,1.41984,1.38707,-0.0321392,0.301583
393.301,325,1.40692,1.37677,-0.0123295,0.289404
394.167,324.5,1.39091,1.36292,0.00804381,0.277545
395.033,324,1.37399,1.34759,0.0282249,0.266554
395.899,323.5,1.35614,1.33081,0.0482137,0.256432
396.765,323,1.33084,1.30676,0.0667636,0.243024
397.631,322.5,1.29172,1.26989,0.0822457,0.22173
398.497,322,1.25268,1.2326,0.0971126,0.201145
399.363,321.5,1.2137,1.19491,0.111364,0.181268
400.229,321,1.17477,1.15679,0.125001,0.1621
401.095,320.5,1.13587,1.11827,0.138022,0.143641
401.962,320,1.09695,1.07929,0.150312,0.125858
402.828,319.5,1.04756,1.03121,0.15038,0.106691
403.694,319,0.998678,0.983356,0.150073,0.0885758
404.56,318.5,0.951224,0.936717,0.149371,0.0712505
405.426,318,0.905195,0.891291,0.148275,0.0547155
406.292,317.5,0.860585,0.847079,0.146784,0.0389708
407.158,317,0.817385,0.804081,0.144898,0.0240164
408.024,316.5,0.775207,0.761845,0.141322,0.023794
408.89,316,0.735652,0.722237,0.136868,0.0287218
409.756,315.5,0.699105,0.685744,0.132122,0.0323626
410.622,315,0.665536,0.652367,0.127083,0.0347166
411.488,314.5,0.634918,0.622107,0.121753,0.0357836
412.354,314,0.598936,0.585783,0.117886,0.0410647
413.22,313.5,0.560065,0.544792,0.116809,0.0568286
414.086,313,0.517964,0.496332,0.119934,0.0869318
414.952,312.5,0.478265,0.448033,0.12306,0.113401
415.818,312,0.440907,0.399894,0.126185,0.136237
416.684,311.5,0.405868,0.351917,0.129311,0.15544
417.55,311,0.373176,0.304101,0.132437,0.171009
418.416,310.5,0.341192,0.255138,0.134702,0.182132
419.282,310,0.286288,0.186916,0.12308,0.178534
420.148,309.5,0.235041,0.117484,0.108478,0.172262
421.014,309,0.192686,0.046841,0.0908949,0.163316
421.88,308.5,0.169418,-0.0252753,0.0695372,0.152408
422.746,308,0.173871,-0.0937935,0.0465237,0.138815
423.612,307.5,0.201624,-0.158629,0.0219015,0.122514
424.478,307,0.224164,-0.203266,0.00330958,0.0944544
425.344,306.5,0.246929,-0.237788,-0.0116915,0.065528
426.21,306,0.271614,-0.267547,-0.0252603,0.0394315
427.076,305.5,0.295365,-0.292542,-0.0373971,0.0161647
427.942,305,0.316479,-0.312773,-0.0481017,-0.00427231
428.808,304.5,0.333935,-0.328241,-0.0573742,-0.0218795
429.674,304,0.341401,-0.334361,-0.0609211,-0.0323468
430.54,303.5,0.339225,-0.332479,-0.0575429,-0.0349246
431.406,303,0.334083,-0.328954,-0.0470148,-0.0345017
432.272,302.5,0.329592,-0.325784,-0.0370217,-0.0335459
433.138,302,0.325724,-0.322968,-0.0275635,-0.0320571
434.004,301.5,0.322452,-0.320508,-0.0186402,-0.0300354
434.87,301,0.319167,-0.317721,-0.0112564,-0.0281775
435.737,300.5,0.312756,-0.310973,-0.0120364,-0.0310977
436.603,300,0.307911,-0.305717,-0.013953,-0.0339376
437.469,299.5,0.304648,-0.301951,-0.0170062,-0.0366971
438.335,299,0.302995,-0.299677,-0.0211961,-0.0393763
439.201,298.5,0.30299,-0.298894,-0.0265226,-0.0419752
440.067,298,0.304783,-0.299737,-0.0329795,-0.0443019
440.933,297.5,0.2991,-0.293603,-0.039651,-0.0410576
441.799,297,0.291132,-0.285076,-0.046263,-0.0367254
442.665,296.5,0.28313,-0.276276,-0.0529168,-0.032158
443.531,296,0.275133,-0.267201,-0.0596124,-0.0273554
444.397,295.5,0.267185,-0.257852,-0.0663497,-0.0223176
445.263,295,0.259338,-0.248229,-0.0731289,-0.0170446
446.129,294.5,0.259616,-0.246995,-0.0794427,-0.0090789
446.995,294,0.269404,-0.255496,-0.0854269,0.00161812
447.861,293.5,0.280803,-0.265128,-0.0916584,0.0124887
448.727,293,0.293769,-0.275891,-0.0981372,0.023533
449.593,292.5,0.307447,-0.287012,-0.104708,0.0344053
450.459,292,0.316889,-0.293903,-0.110354,0.0431462
451.325,291.5,0.320712,-0.295752,-0.113422,0.0502224
452.191,291,0.302179,-0.278169,-0.105758,0.0524357
453.057,290.5,0.283941,-0.260741,-0.0978521,0.0553345
453.923,290,0.266073,-0.243468,-0.0897041,0.0589188
454.789,289.5,0.248676,-0.226351,-0.081314,0.0631888
455.655,289,0.231885,-0.20939,-0.0726816,0.0681442
456.521,288.5,0.215881,-0.192584,-0.0638072,0.0737853
457.387,288,0.198942,-0.172795,-0.0571138,0.0803605
458.253,287.5,0.182597,-0.152276,-0.0508099,0.0870185
459.119,287,0.167671,-0.131614,-0.0446737,0.0937853
459.985,286.5,0.155156,-0.111039,-0.0390296,0.101096
460.851,286,0.14502,-0.0901047,-0.0333122,0.108638
461.717,285.5,0.137999,-0.0688117,-0.0275214,0.11641
462.583,285,0.13466,-0.0493869,-0.0238333,0.122989
463.449,284.5,0.1342,-0.0319881,-0.0219045,0.128478
464.315,284,0.136311,-0.0149314,-0.0199441,0.134015
465.181,283.5,0.140759,0.00178319,-0.0179521,0.139598
466.047,283,0.147223,0.0181556,-0.0159285,0.145229
466.913,282.5,0.15535,0.034186,-0.0138734,0.150906
467.779,282,0.163408,0.0489539,-0.0124863,0.155402
468.645,281.5,0.167645,0.0605525,-0.0139382,0.155704
469.512,281,0.172245,0.0722814,-0.0165228,0.155469
470.378,280.5,0.177405,0.0839104,-0.0191802,0.155124
471.244,280,0.183061,0.0954396,-0.0219104,0.15467
472.11,279.5,0.189156,0.106869,-0.0247135,0.154105
472.976,279,0.195635,0.118199,-0.0275895,0.153431
473.842,278.5,0.200942,0.129318,-0.02918,0.151006
474.708,278,0.206475,0.140324,-0.0305948,0.148342
475.574,277.5,0.212332,0.151225,-0.0319501,0.145585
476.44,277,0.218472,0.162022,-0.0332461,0.142736
477.306,276.5,0.224859,0.172714,-0.0344827,0.139794
478.172,276,0.231243,0.183287,-0.0356909,0.136402
479.038,275.5,0.237561,0.193613,-0.0360031,0.132865
