x,v,vx,vy,vz
220.096,425,0.20655,0.206354,8.82286e-05,-0.00900333
220.962,424.5,0.206519,0.206315,9.11933e-05,-0.00917949
221.828,424,0.206481,0.206268,9.47853e-05,-0.00936236
222.694,423.5,0.206438,0.206217,0.000100526,-0.00954935
223.56,423,0.206403,0.206174,0.000106935,-0.00973681
224.426,422.5,0.206371,0.206133,0.000113426,-0.00992731
225.292,422,0.206342,0.206094,0.00012,-0.0101208
226.158,421.5,0.206316,0.206058,0.000126656,-0.0103174
227.024,421,0.20629,0.206022,0.000133563,-0.0105181
227.89,420.5,0.206238,0.205958,0.000142463,-0.0107341
228.756,420,0.206189,0.205898,0.000151484,-0.0109538
229.622,419.5,0.206143,0.20584,0.000160625,-0.0111772
230.488,419,0.2061,0.205784,0.000169887,-0.0114041
231.355,418.5,0.20606,0.205731,0.00017927,-0.0116347
232.221,418,0.206027,0.205685,0.000186141,-0.0118697
233.087,417.5,0.205971,0.205614,0.000194386,-0.0121194
233.953,417,0.205909,0.205537,0.000203271,-0.0123772
234.819,416.5,0.205851,0.205463,0.000212044,-0.0126399
235.685,416,0.205797,0.205391,0.000220706,-0.0129075
236.551,415.5,0.205746,0.205323,0.000229255,-0.01318
237.417,415,0.205698,0.205257,0.000237693,-0.0134575
238.283,414.5,0.205632,0.205171,0.000247691,-0.0137493
239.149,414,0.205542,0.20506,0.000259614,-0.0140581
240.015,413.5,0.205455,0.204952,0.000271444,-0.0143731
240.881,413,0.205372,0.204846,0.00028318,-0.0146942
241.747,412.5,0.205318,0.204768,0.000298837,-0.0150066
242.613,412,0.205275,0.204703,0.000315853,-0.0153202
243.479,411.5,0.205231,0.204634,0.000333974,-0.0156415
244.345,411,0.205144,0.20452,0.000357624,-0.0159852
245.211,410.5,0.205063,0.204411,0.000381704,-0.0163353
246.077,410,0.204988,0.204307,0.000406215,-0.0166917
246.943,409.5,0.20492,0.204208,0.000431157,-0.0170544
247.809,409,0.204857,0.204115,0.00045653,-0.0174235
248.675,408.5,0.204802,0.204026,0.000482333,-0.0177989
249.541,408,0.204685,0.203873,0.000514291,-0.0182078
250.407,407.5,0.204561,0.20371,0.00054804,-0.0186303
251.273,407,0.204449,0.203557,0.000573655,-0.0190623
252.139,406.5,0.204345,0.203411,0.000597596,-0.0195034
253.005,406,0.204248,0.20327,0.000621424,-0.0199534
253.871,405.5,0.204159,0.203135,0.000645138,-0.0204124
254.737,405,0.204032,0.202958,0.000674823,-0.0208936
255.603,404.5,0.20387,0.202743,0.000710383,-0.021398
256.469,404,0.203717,0.202533,0.00074597,-0.0219131
257.335,403.5,0.203572,0.20233,0.000781584,-0.022439
258.201,403,0.203436,0.202133,0.000817224,-0.0229757
259.067,402.5,0.203309,0.201942,0.000852892,-0.0235231
259.933,402,0.203164,0.201728,0.000891141,-0.0240923
260.799,401.5,0.20297,0.201461,0.000953087,-0.0246831
261.665,401,0.202794,0.20121,0.00101749,-0.0252823
262.531,400.5,0.202631,0.200967,0.00108304,-0.0258933
263.397,400,0.202481,0.200734,0.00114976,-0.0265164
264.263,399.5,0.202344,0.20051,0.00121764,-0.0271514
265.13,399,0.202219,0.200295,0.00128667,-0.0277983
265.996,398.5,0.201985,0.199962,0.00137818,-0.0284871
266.862,398,0.20175,0.199621,0.00147431,-0.0291949
267.728,397.5,0.201529,0.19929,0.00157216,-0.0299176
268.594,397,0.201325,0.19897,0.00167173,-0.0306553
269.46,396.5,0.201136,0.19866,0.00177302,-0.0314079
270.326,396,0.200987,0.198388,0.00185273,-0.0321626
271.192,395.5,0.200716,0.197976,0.00194578,-0.0329907
272.058,395,0.200354,0.197457,0.00205011,-0.0338838
272.924,394.5,0.200012,0.19695,0.00215535,-0.0347975
273.79,394,0.199691,0.196455,0.00226148,-0.0357318
274.656,393.5,0.19939,0.195972,0.00236851,-0.0366866
275.522,393,0.199111,0.195501,0.00247644,-0.037662
276.388,392.5,0.198801,0.194987,0.00259692,-0.0386649
277.254,392,0.198361,0.194326,0.00275402,-0.0397112
278.12,391.5,0.19795,0.193682,0.00291309,-0.0407816
278.986,391,0.197572,0.193059,0.003075,-0.0418736
279.852,390.5,0.197306,0.192554,0.00326652,-0.0429141
280.718,390,0.197073,0.192073,0.00346105,-0.0439771
281.584,389.5,0.196875,0.191613,0.00365862,-0.0450627
282.45,389,0.196263,0.190664,0.00389499,-0.0463794
283.316,388.5,0.195654,0.189695,0.0041371,-0.0477428
284.182,388,0.195082,0.188741,0.00438245,-0.0491385
285.048,387.5,0.194545,0.187801,0.00463104,-0.0505666
285.914,387,0.194045,0.186877,0.00488288,-0.052027
286.78,386.5,0.193584,0.185967,0.00513795,-0.0535197
287.646,386,0.193008,0.184917,0.00544642,-0.0550282
288.512,385.5,0.1924,0.183809,0.00578607,-0.0565554
289.378,385,0.191947,0.182862,0.00609388,-0.0580351
290.244,384.5,0.191569,0.181967,0.00640598,-0.059548
291.11,384,0.191267,0.181123,0.00672236,-0.0610939
291.976,383.5,0.191041,0.180331,0.00704303,-0.062673
292.842,383,0.190613,0.179233,0.0073807,-0.0644526
293.708,382.5,0.189622,0.17735,0.00775159,-0.0666597
294.574,382,0.188708,0.175485,0.00812671,-0.0689198
295.44,381.5,0.187873,0.173637,0.00850605,-0.0712327
296.306,381,0.187118,0.171807,0.00888962,-0.0735987
297.172,380.5,0.186448,0.169994,0.00927742,-0.0760176
298.038,380,0.18587,0.168218,0.00967263,-0.0784645
298.905,379.5,0.18542,0.166713,0.010192,-0.0805201
299.771,379,0.185121,0.165307,0.0107131,-0.0826358
300.637,378.5,0.184973,0.163998,0.0112349,-0.0848148
301.503,378,0.184977,0.162786,0.0117574,-0.0870571
302.369,377.5,0.185133,0.161672,0.0122805,-0.0893627
303.235,377,0.185441,0.160655,0.0128043,-0.0917316
304.101,376.5,0.184801,0.157825,0.013359,-0.0952054
304.967,376,0.183836,0.154093,0.0139296,-0.0992828
305.833,375.5,0.183097,0.150359,0.0145017,-0.103471
306.699,375,0.182593,0.146623,0.0150753,-0.107771
307.565,374.5,0.182371,0.142993,0.0156459,-0.112104
308.431,374,0.1825,0.13975,0.0162046,-0.116248
309.297,373.5,0.18313,0.137337,0.0167126,-0.119983
310.163,373,0.184637,0.136631,0.0171174,-0.123002
311.029,372.5,0.186559,0.136303,0.0175148,-0.126171
311.895,372,0.188892,0.136353,0.0179049,-0.129489
312.761,371.5,0.191627,0.136781,0.0182876,-0.132957
313.627,371,0.194758,0.137586,0.0186629,-0.136574
314.493,370.5,0.198151,0.13837,0.0190463,-0.140552
315.359,370,0.199383,0.130924,0.019758,-0.149071
316.225,369.5,0.201251,0.123245,0.0204902,-0.157775
317.091,369,0.203638,0.115497,0.0212098,-0.16637
317.957,368.5,0.206138,0.108071,0.0218492,-0.174173
318.823,368,0.209013,0.100623,0.0224839,-0.181814
319.689,367.5,0.212234,0.0931511,0.0231139,-0.189293
320.555,367,0.21868,0.0968775,0.0219105,-0.194822
321.421,366.5,0.227409,0.10578,0.0199034,-0.200323
322.287,366,0.237534,0.115901,0.017745,-0.206578
323.153,365.5,0.249093,0.127241,0.0154353,-0.213585
324.019,365,0.262118,0.1398,0.0129744,-0.221345
324.885,364.5,0.276637,0.153577,0.0103622,-0.229859
325.751,364,0.285957,0.153132,0.00957827,-0.24131
326.617,363.5,0.287092,0.130982,0.0114648,-0.255213
327.483,363,0.289187,0.109356,0.0131623,-0.267389
328.349,362.5,0.291953,0.088349,0.0149167,-0.277864
329.215,362,0.295059,0.067961,0.0167278,-0.286638
330.081,361.5,0.298218,0.0481921,0.0185956,-0.293711
330.947,361,0.304449,0.0368266,0.0185611,-0.301643
331.813,360.5,0.346577,0.0953941,-0.000250921,-0.33319
332.679,360,0.40007,0.155574,-0.0217801,-0.367938
333.546,359.5,0.462721,0.217367,-0.0460263,-0.405887
334.412,359,0.532919,0.280772,-0.0729897,-0.447037
335.278,358.5,0.609568,0.34579,-0.10267,-0.491387
336.144,358,0.688017,0.410515,-0.13174,-0.53618
337.01,357.5,0.702028,0.388819,-0.111341,-0.573817
337.876,357,0.704771,0.358955,-0.0754935,-0.601793
338.742,356.5,0.710993,0.345245,-0.0362175,-0.620488
339.608,356,0.719519,0.347691,0.00648731,-0.629902
340.474,355.5,0.730673,0.366291,0.0526208,-0.630036
341.34,355,0.746178,0.401045,0.102183,-0.620888
342.206,354.5,0.706127,0.492773,0.104767,-0.494786
343.072,354,0.6766,0.620513,0.0635295,-0.262136
343.938,353.5,0.732202,0.729388,0.0380892,-0.0515966
344.804,353,0.831233,0.8194,0.0284458,0.136831
345.67,352.5,0.911557,0.864419,0.033034,0.287447
346.536,352,0.938766,0.856501,0.0555832,0.380262
347.402,351.5,0.906024,0.799714,0.102299,0.413367
348.268,351,0.730262,0.61206,0.168624,0.360875
349.134,350.5,0.585582,0.437846,0.225606,0.316701
350,350,0.4799,0.277071,0.273245,0.280844
350.866,349.5,0.421962,0.129736,0.311541,0.253304
351.732,349,0.413217,-0.0041601,0.340494,0.234082
352.598,348.5,0.441602,-0.124616,0.360104,0.223178
353.464,348,0.445297,-0.157617,0.348175,0.228518
354.33,347.5,0.442333,-0.164401,0.317573,0.260342
355.196,347,0.45682,-0.140661,0.257995,0.349769
356.062,346.5,0.508516,-0.0980261,0.184572,0.463587
356.928,346,0.57925,-0.0554815,0.113789,0.565247
357.794,345.5,0.656467,-0.0130269,0.0456456,0.654749
358.66,345,0.707286,0.0332352,0.0121764,0.7064
359.526,344.5,0.733971,0.0769992,0.00909457,0.729864
360.392,344,0.758764,0.112957,0.007466,0.750272
361.258,343.5,0.780519,0.141109,0.00729068,0.767623
362.124,343,0.798459,0.161456,0.0085686,0.781918
362.99,342.5,0.812096,0.173996,0.0112998,0.793157
363.856,342,0.815985,0.175698,0.0116537,0.79676
364.722,341.5,0.791643,0.161084,0.00267872,0.775076
365.588,341,0.764219,0.144793,-0.00350643,0.750369
366.454,340.5,0.738601,0.128585,-0.009047,0.727266
367.321,340,0.714808,0.112459,-0.013943,0.705768
368.187,339.5,0.692857,0.0964155,-0.0181944,0.685875
369.053,339,0.67277,0.0804545,-0.0218013,0.667586
369.919,338.5,0.654074,0.0716769,-0.0218302,0.649768
370.785,338,0.636014,0.063943,-0.0215369,0.632425
371.651,337.5,0.61858,0.0564572,-0.0212882,0.615631
372.517,337,0.601773,0.0492195,-0.0210842,0.599386
373.383,336.5,0.58559,0.0422301,-0.020925,0.583691
374.249,336,0.571351,0.0342455,-0.0208184,0.569944
375.115,335.5,0.555998,0.0252254,-0.0207127,0.555039
375.981,335,0.539444,0.0161408,-0.0205974,0.538809
376.847,334.5,0.523301,0.00739288,-0.0205019,0.522847
377.713,334,0.507566,-0.00101839,-0.0204261,0.507154
378.579,333.5,0.492235,-0.009093,-0.0203701,0.491729
379.445,333,0.477303,-0.0168309,-0.0203339,0.476573
380.311,332.5,0.463162,-0.0232909,-0.0202468,0.462132
381.177,332,0.450326,-0.0268826,-0.0200673,0.449075
382.043,331.5,0.437625,-0.0301844,-0.0200341,0.436123
382.909,331,0.425055,-0.0331962,-0.0201469,0.423277
383.775,330.5,0.413442,-0.037277,-0.0203499,0.411254
384.641,330,0.402307,-0.0417813,-0.0205445,0.399604
385.507,329.5,0.391334,-0.046207,-0.0207309,0.388043
386.373,329,0.378598,-0.0504257,-0.0208236,0.374646
387.239,328.5,0.365962,-0.0544215,-0.0208769,0.361291
388.105,328,0.35352,-0.0581974,-0.0208945,0.34807
388.971,327.5,0.341268,-0.0617534,-0.0208762,0.334984
389.837,327,0.329205,-0.0650895,-0.0208223,0.322034
390.703,326.5,0.317329,-0.0682056,-0.0207325,0.309218
391.569,326,0.305184,-0.0696767,-0.0206979,0.296402
392.435,325.5,0.2929,-0.0701311,-0.0207077,0.283625
393.301,325,0.281785,-0.0705799,-0.0208215,0.272006
394.167,324.5,0.271104,-0.0709631,-0.0209527,0.260812
395.033,324,0.260563,-0.071234,-0.0210705,0.24975
395.899,323.5,0.250162,-0.0713926,-0.021175,0.238821
396.765,323,0.239491,-0.0710051,-0.0212421,0.227735
397.631,322.5,0.228119,-0.0695983,-0.0212281,0.216203
398.497,322,0.216899,-0.0680735,-0.0211739,0.204849
399.363,321.5,0.205829,-0.0664308,-0.0210793,0.193671
400.229,321,0.194907,-0.0646701,-0.0209445,0.182669
401.095,320.5,0.184132,-0.0627915,-0.0207694,0.171844
401.962,320,0.173493,-0.0607789,-0.0205532,0.161193
402.828,319.5,0.162671,-0.0574422,-0.0202263,0.150842
403.694,319,0.152128,-0.054156,-0.019884,0.140765
404.56,318.5,0.141767,-0.0508485,-0.0195241,0.130885
405.426,318,0.131587,-0.0475197,-0.0191465,0.121204
406.292,317.5,0.12159,-0.0441697,-0.0187512,0.111721
407.158,317,0.111777,-0.0407984,-0.0183383,0.102436
408.024,316.5,0.101791,-0.0364124,-0.0178007,0.0933736
408.89,316,0.091883,-0.0316123,-0.0172037,0.0845411
409.756,315.5,0.0822288,-0.026842,-0.0165953,0.0759321
410.622,315,0.072844,-0.0221015,-0.0159754,0.0675467
411.488,314.5,0.0637529,-0.0173909,-0.0153441,0.0593848
412.354,314,0.0558663,-0.0132606,-0.0149111,0.052181
413.22,313.5,0.0484,-0.00881051,-0.0144398,0.0453479
414.086,313,0.0414466,-0.00376085,-0.0138814,0.0388713
414.952,312.5,0.035215,0.00122178,-0.0133192,0.0325761
415.818,312,0.0300094,0.00613738,-0.0127531,0.0264623
416.684,311.5,0.0262792,0.010986,-0.0121831,0.0205299
417.55,311,0.0245317,0.0157675,-0.0116092,0.0147788
418.416,310.5,0.0250793,0.0205405,-0.011026,0.00924584
419.282,310,0.0283919,0.0260614,-0.0103646,0.00441345
420.148,309.5,0.0329396,0.0314753,-0.00970877,-0.0002464
421.014,309,0.0381758,0.0367822,-0.00905844,-0.00473371
421.88,308.5,0.0434476,0.0416283,-0.00857902,-0.00900987
422.746,308,0.0488668,0.0463638,-0.00811142,-0.0131366
423.612,307.5,0.0543368,0.0510002,-0.00765033,-0.0171156
424.478,307,0.0599485,0.0558833,-0.00715108,-0.0204875
425.344,306.5,0.0655203,0.0607679,-0.0066473,-0.0235793
426.21,306,0.0709768,0.0655371,-0.00615436,-0.0265464
427.076,305.5,0.0763062,0.0701909,-0.00567226,-0.0293889
427.942,305,0.0815006,0.0747293,-0.00520099,-0.0321066
428.808,304.5,0.0865541,0.0791523,-0.00474056,-0.0346997
429.674,304,0.0914684,0.0835964,-0.00428417,-0.0368749
430.54,303.5,0.096232,0.0880823,-0.00383557,-0.0385666
431.406,303,0.100582,0.0921233,-0.00349698,-0.0402211
432.272,302.5,0.104814,0.0960652,-0.00316768,-0.0418019
433.138,302,0.108928,0.0999081,-0.00284765,-0.043309
434.004,301.5,0.112925,0.103652,-0.0025369,-0.0447424
434.87,301,0.116784,0.107306,-0.00223464,-0.0460313
435.737,300.5,0.120389,0.110926,-0.00193665,-0.0467461
436.603,300,0.123889,0.114446,-0.00164931,-0.0474114
437.469,299.5,0.127284,0.117867,-0.0013726,-0.0480275
438.335,299,0.130572,0.121188,-0.00110653,-0.0485941
439.201,298.5,0.133754,0.124409,-0.0008511,-0.0491114
440.067,298,0.136834,0.127527,-0.000611671,-0.0495974
440.933,297.5,0.139706,0.130528,-0.000443486,-0.0498
441.799,297,0.142466,0.133448,-0.000285284,-0.0498808
442.665,296.5,0.145151,0.136289,-0.000134542,-0.0499409
443.531,296,0.147759,0.139049,8.74206e-06,-0.0499803
444.397,295.5,0.150291,0.14173,0.000144567,-0.0499991
445.263,295,0.152745,0.144331,0.000272933,-0.0499971
446.129,294.5,0.155015,0.146805,0.000386695,-0.0497791
446.995,294,0.157111,0.149158,0.000486671,-0.0493507
447.861,293.5,0.159146,0.15144,0.000580616,-0.0489179
448.727,293,0.16112,0.153651,0.000668527,-0.048481
449.593,292.5,0.16303,0.15578,0.000749197,-0.0480701
450.459,292,0.164874,0.157786,0.000818639,-0.0478178
451.325,291.5,0.166635,0.159718,0.000881469,-0.0475037
452.191,291,0.168196,0.161514,0.000927759,-0.0469294
453.057,290.5,0.169719,0.163262,0.000971426,-0.0463606
453.923,290,0.171204,0.164961,0.00101247,-0.0457974
454.789,289.5,0.172649,0.166613,0.00105089,-0.0452397
455.655,289,0.174055,0.168217,0.00108669,-0.0446876
456.521,288.5,0.175421,0.169772,0.00111986,-0.0441411
457.387,288,0.176596,0.171176,0.00113995,-0.0434031
458.253,287.5,0.177718,0.172522,0.00115638,-0.042647
459.119,287,0.178835,0.173844,0.00116925,-0.0419369
459.985,286.5,0.180005,0.175187,0.00117493,-0.0413525
460.851,286,0.181148,0.176494,0.0011796,-0.0407782
461.717,285.5,0.182261,0.177766,0.00118324,-0.040214
462.583,285,0.183266,0.178941,0.00118072,-0.0395638
463.449,284.5,0.184183,0.180036,0.00117319,-0.0388481
464.315,284,0.185079,0.181101,0.00116497,-0.0381477
465.181,283.5,0.185953,0.182137,0.00115607,-0.0374624
466.047,283,0.186806,0.183143,0.00114648,-0.0367924
466.913,282.5,0.187636,0.184119,0.0011362,-0.0361376
467.779,282,0.188414,0.185042,0.00112397,-0.0354686
468.645,281.5,0.189086,0.185862,0.00110891,-0.0347493
469.512,281,0.189763,0.186667,0.00109835,-0.0341217
470.378,280.5,0.190427,0.187452,0.00108751,-0.0335071
471.244,280,0.191077,0.188219,0.00107638,-0.0329056
472.11,279.5,0.191714,0.188967,0.00106496,-0.0323173
472.976,279,0.192336,0.189696,0.00105324,-0.0317419
473.842,278.5,0.192852,0.190326,0.00103799,-0.031096
474.708,278,0.193351,0.190934,0.00102241,-0.0304571
475.574,277.5,0.19384,0.191527,0.00100679,-0.029833
476.44,277,0.194319,0.192106,0.000991137,-0.0292236
477.306,276.5,0.194788,0.19267,0.000975453,-0.0286289
478.172,276,0.195271,0.19324,0.000959259,-0.0280739
479.038,275.5,0.195739,0.19379,0.000940478,-0.02754
