x,v,vx,vy,vz
220.096,425,0.180292,0.0857091,-0.0781114,0.138049
220.962,424.5,0.188497,0.0984655,-0.0826027,0.137886
221.828,424,0.197387,0.112335,-0.0868651,0.137102
222.694,423.5,0.207496,0.128089,-0.0909545,0.135554
223.56,423,0.218932,0.144402,-0.0951006,0.134296
224.426,422.5,0.231366,0.161111,-0.0991162,0.133227
225.292,422,0.244718,0.178218,-0.103001,0.132347
226.158,421.5,0.258916,0.195722,-0.106756,0.131657
227.024,421,0.273632,0.213493,-0.110209,0.130955
227.89,420.5,0.285869,0.229987,-0.111457,0.128079
228.756,420,0.298343,0.246468,-0.112256,0.125141
229.622,419.5,0.311022,0.262938,-0.112604,0.122141
230.488,419,0.323881,0.279396,-0.112502,0.11908
231.355,418.5,0.336899,0.295841,-0.11195,0.115957
232.221,418,0.345692,0.308512,-0.106966,0.113495
233.087,417.5,0.349895,0.317251,-0.0987958,0.109626
233.953,417,0.352973,0.324823,-0.0897795,0.104974
234.819,416.5,0.355691,0.331809,-0.0801229,0.0999951
235.685,416,0.358088,0.338209,-0.069826,0.0946901
236.551,415.5,0.36021,0.344023,-0.0588888,0.0890585
237.417,415,0.362105,0.349251,-0.0473114,0.0831005
238.283,414.5,0.363304,0.353373,-0.0370595,0.0757849
239.149,414,0.363804,0.356446,-0.0291588,0.0667061
240.015,413.5,0.364291,0.359157,-0.0214646,0.057039
240.881,413,0.364789,0.361507,-0.0139768,0.0467833
241.747,412.5,0.35998,0.358064,-0.0073584,0.0363594
242.613,412,0.354291,0.353358,-0.00166401,0.0256365
243.479,411.5,0.3494,0.349078,0.00291135,0.0147129
244.345,411,0.345715,0.345647,0.00499385,0.00470941
245.211,410.5,0.342552,0.342441,0.00676508,-0.00551657
246.077,410,0.339935,0.33946,0.00822503,-0.015965
246.943,409.5,0.337887,0.336705,0.00937371,-0.026636
247.809,409,0.336431,0.334176,0.0102111,-0.0375294
248.675,408.5,0.335589,0.331871,0.0107372,-0.0486452
249.541,408,0.336205,0.330784,0.0109365,-0.05913
250.407,407.5,0.337556,0.330145,0.0108971,-0.0694951
251.273,407,0.342179,0.333112,0.00791475,-0.0778482
252.139,406.5,0.347601,0.336827,0.00460171,-0.0857486
253.005,406,0.353278,0.340658,0.0014947,-0.0935679
253.871,405.5,0.35919,0.344605,-0.00140627,-0.101306
254.737,405,0.365439,0.348689,-0.00389879,-0.1093
255.603,404.5,0.371806,0.35269,-0.0059331,-0.117533
256.469,404,0.378099,0.356518,-0.00768649,-0.125678
257.335,403.5,0.384308,0.360172,-0.00915896,-0.133735
258.201,403,0.390422,0.363651,-0.0103505,-0.141704
259.067,402.5,0.396433,0.366956,-0.0112611,-0.149584
259.933,402,0.402094,0.3698,-0.0118921,-0.157436
260.799,401.5,0.409138,0.373668,-0.0140364,-0.16604
261.665,401,0.416155,0.377405,-0.015944,-0.174631
262.531,400.5,0.422877,0.380758,-0.0174252,-0.183152
263.397,400,0.429301,0.383726,-0.01848,-0.191604
264.263,399.5,0.435425,0.38631,-0.0191085,-0.199986
265.13,399,0.441249,0.388509,-0.0193107,-0.208299
265.996,398.5,0.444167,0.388213,-0.0200793,-0.214877
266.862,398,0.446504,0.387252,-0.0207582,-0.221293
267.728,397.5,0.448629,0.385916,-0.0212233,-0.227785
268.594,397,0.450552,0.384205,-0.0214747,-0.234355
269.46,396.5,0.452283,0.38212,-0.0215124,-0.241001
270.326,396,0.454926,0.381842,-0.0222525,-0.24629
271.192,395.5,0.456481,0.380918,-0.0229393,-0.250499
272.058,395,0.45705,0.37927,-0.0232072,-0.253989
272.924,394.5,0.457191,0.377169,-0.0228039,-0.257386
273.79,394,0.456913,0.374615,-0.0217294,-0.260693
274.656,393.5,0.456223,0.371609,-0.0199837,-0.263907
275.522,393,0.455136,0.36815,-0.0175668,-0.26703
276.388,392.5,0.45292,0.363824,-0.0138591,-0.2694
277.254,392,0.44807,0.357784,-0.00768265,-0.269626
278.12,391.5,0.442845,0.35127,-0.00094236,-0.269666
278.986,391,0.437265,0.344332,0.00631043,-0.269436
279.852,390.5,0.430811,0.338545,0.0123128,-0.266146
280.718,390,0.423772,0.332459,0.0184457,-0.262133
281.584,389.5,0.416157,0.326073,0.024709,-0.257395
282.45,389,0.403452,0.316897,0.0307886,-0.247793
283.316,388.5,0.390502,0.307392,0.0366502,-0.238031
284.182,388,0.377646,0.297736,0.0423046,-0.228429
285.048,387.5,0.364882,0.28793,0.0477519,-0.218986
285.914,387,0.35221,0.277973,0.0529921,-0.209703
286.78,386.5,0.339633,0.267865,0.0580252,-0.200579
287.646,386,0.325376,0.254661,0.0628484,-0.19253
288.512,385.5,0.310251,0.238595,0.0678799,-0.186334
289.378,385,0.294193,0.2183,0.075044,-0.182382
290.244,384.5,0.279157,0.197803,0.082376,-0.178933
291.11,384,0.265357,0.177103,0.0898758,-0.175986
291.976,383.5,0.253042,0.156201,0.0975435,-0.173542
292.842,383,0.240812,0.131805,0.106051,-0.17138
293.708,382.5,0.228028,0.100266,0.115992,-0.168788
294.574,382,0.219505,0.069378,0.125692,-0.166044
295.44,381.5,0.21544,0.039142,0.135149,-0.163148
296.306,381,0.215788,0.00955755,0.144366,-0.160099
297.172,380.5,0.22024,-0.0193754,0.15334,-0.156898
298.038,380,0.226594,-0.046339,0.161611,-0.151919
298.905,379.5,0.229381,-0.0769838,0.161902,-0.143098
299.771,379,0.237174,-0.105755,0.162677,-0.136395
300.637,378.5,0.248638,-0.132532,0.163988,-0.131773
301.503,378,0.262585,-0.157315,0.165837,-0.129233
302.369,377.5,0.278063,-0.180104,0.168224,-0.128773
303.235,377,0.294372,-0.2009,0.171148,-0.130394
304.101,376.5,0.320355,-0.225721,0.163924,-0.1575
304.967,376,0.354725,-0.252989,0.152424,-0.196452
305.833,375.5,0.392617,-0.280112,0.141843,-0.235724
306.699,375,0.433099,-0.30709,0.132181,-0.275315
307.565,374.5,0.473403,-0.332549,0.123391,-0.313522
308.431,374,0.507144,-0.352243,0.116086,-0.345896
309.297,373.5,0.5376,-0.362217,0.105616,-0.38296
310.163,373,0.564394,-0.356639,0.0870578,-0.428684
311.029,372.5,0.594814,-0.350707,0.0693779,-0.47539
311.895,372,0.62849,-0.344423,0.0525763,-0.523076
312.761,371.5,0.665081,-0.337786,0.036653,-0.571743
313.627,371,0.704286,-0.330796,0.021608,-0.621391
314.493,370.5,0.743923,-0.322745,0.00735259,-0.670226
315.359,370,0.747006,-0.299826,-0.00918956,-0.684133
316.225,369.5,0.754652,-0.276886,-0.027388,-0.701487
317.091,369,0.765727,-0.254635,-0.0465144,-0.720649
317.957,368.5,0.778945,-0.234137,-0.0648914,-0.740084
318.823,368,0.798252,-0.21355,-0.0840741,-0.764548
319.689,367.5,0.82373,-0.192876,-0.104063,-0.794041
320.555,367,0.820061,-0.185404,-0.109248,-0.791321
321.421,366.5,0.807827,-0.184403,-0.111017,-0.778624
322.287,366,0.799779,-0.185249,-0.115343,-0.769432
323.153,365.5,0.79597,-0.18794,-0.122225,-0.763746
324.019,365,0.79647,-0.192478,-0.131663,-0.761565
324.885,364.5,0.801364,-0.198862,-0.143658,-0.76289
325.751,364,0.802402,-0.19955,-0.15061,-0.762461
326.617,363.5,0.792324,-0.187909,-0.146409,-0.755667
327.483,363,0.782056,-0.173411,-0.14064,-0.749507
328.349,362.5,0.775376,-0.161899,-0.136238,-0.745947
329.215,362,0.772184,-0.153372,-0.133202,-0.744985
330.081,361.5,0.772399,-0.147831,-0.131534,-0.746623
330.947,361,0.777767,-0.145375,-0.131016,-0.752743
331.813,360.5,0.803057,-0.146499,-0.129963,-0.778812
332.679,360,0.832835,-0.150098,-0.130296,-0.808769
333.546,359.5,0.867074,-0.156174,-0.132013,-0.842615
334.412,359,0.905762,-0.164726,-0.135115,-0.880349
335.278,358.5,0.948898,-0.175754,-0.139602,-0.92197
336.144,358,0.995543,-0.185748,-0.142648,-0.967603
337.01,357.5,1.03311,-0.20425,-0.132591,-1.004
337.876,357,1.06069,-0.221969,-0.117049,-1.03058
338.742,356.5,1.08003,-0.235072,-0.0981453,-1.04956
339.608,356,1.09119,-0.24356,-0.0758799,-1.06095
340.474,355.5,1.09427,-0.247434,-0.0502527,-1.06474
341.34,355,1.08945,-0.246693,-0.0212638,-1.06094
342.206,354.5,1.04096,-0.224169,0.0406207,-1.01573
343.072,354,0.946511,-0.181009,0.147739,-0.91722
343.938,353.5,0.85591,-0.137542,0.270247,-0.800394
344.804,353,0.786087,-0.0937685,0.408147,-0.665249
345.67,352.5,0.743785,-0.0519648,0.533567,-0.51558
346.536,352,0.717787,-0.0260119,0.624029,-0.353736
347.402,351.5,0.70811,-0.0288588,0.678779,-0.199615
348.268,351,0.61538,-0.0825228,0.577686,-0.195349
349.134,350.5,0.524978,-0.112531,0.451108,-0.243805
350,350,0.471776,-0.118885,0.299044,-0.344981
350.866,349.5,0.523412,-0.101582,0.121494,-0.498879
351.732,349,0.712777,-0.0606248,-0.0815408,-0.705497
352.598,348.5,1.01344,0.00398809,-0.310062,-0.964838
353.464,348,1.18331,0.020729,-0.470723,-1.08546
354.33,347.5,1.30639,0.0199556,-0.604296,-1.15805
355.196,347,1.39945,0.0313013,-0.70043,-1.21115
356.062,346.5,1.48719,0.0697828,-0.769318,-1.27084
356.928,346,1.58929,0.124214,-0.83506,-1.34651
357.794,345.5,1.70645,0.194594,-0.897654,-1.43816
358.66,345,1.70806,0.298415,-0.876763,-1.43517
359.526,344.5,1.59573,0.410616,-0.784251,-1.32766
360.392,344,1.48251,0.50838,-0.693024,-1.20793
361.258,343.5,1.36805,0.591706,-0.603082,-1.07598
362.124,343,1.2527,0.660594,-0.514426,-0.931798
362.99,342.5,1.13794,0.715044,-0.427055,-0.775398
363.856,342,1.0327,0.743497,-0.349705,-0.625613
364.722,341.5,0.952918,0.716204,-0.294743,-0.555185
365.588,341,0.864914,0.682256,-0.228662,-0.479913
366.454,340.5,0.762688,0.642891,-0.153918,-0.380386
367.321,340,0.65464,0.59811,-0.0705103,-0.256606
368.187,339.5,0.558983,0.547913,0.0215615,-0.10857
369.053,339,0.51125,0.492301,0.122297,0.0637188
369.919,338.5,0.522515,0.485151,0.138873,0.135514
370.785,338,0.539096,0.474823,0.150087,0.206498
371.651,337.5,0.564707,0.455009,0.166258,0.290205
372.517,337,0.604838,0.425709,0.187386,0.386635
373.383,336.5,0.664143,0.386924,0.21347,0.495789
374.249,336,0.73564,0.335938,0.242115,0.608023
375.115,335.5,0.774246,0.296255,0.240253,0.673772
375.981,335,0.784958,0.264906,0.213718,0.707325
376.847,334.5,0.803091,0.22804,0.185018,0.747477
377.713,334,0.830078,0.185655,0.154153,0.794228
378.579,333.5,0.8672,0.137752,0.121124,0.847578
379.445,333,0.915479,0.0843303,0.0859293,0.907527
380.311,332.5,0.953829,0.0451912,0.0555819,0.951135
381.177,332,0.938878,0.0560551,0.0426313,0.936234
382.043,331.5,0.926329,0.0640035,0.0282816,0.923682
382.909,331,0.916172,0.0690364,0.012533,0.913481
383.775,330.5,0.906119,0.0681326,-0.00577704,0.903536
384.641,330,0.898969,0.0640753,-0.0248314,0.896338
385.507,329.5,0.895883,0.0582014,-0.0439938,0.892907
386.373,329,0.880065,0.0698555,-0.0470232,0.876027
387.239,328.5,0.864068,0.083443,-0.0493741,0.858611
388.105,328,0.848689,0.0980976,-0.0518294,0.841406
388.971,327.5,0.834009,0.113819,-0.0543891,0.824413
389.837,327,0.820112,0.130608,-0.0570533,0.807632
390.703,326.5,0.807093,0.148464,-0.0598219,0.791062
391.569,326,0.796272,0.163543,-0.05941,0.777028
392.435,325.5,0.786291,0.177129,-0.0570369,0.763954
393.301,325,0.777013,0.191296,-0.0542088,0.751143
394.167,324.5,0.76765,0.206106,-0.0512023,0.737689
395.033,324,0.75804,0.221565,-0.0481093,0.723338
395.899,323.5,0.748266,0.237675,-0.0449297,0.708091
396.765,323,0.73914,0.251513,-0.0417204,0.693778
397.631,322.5,0.731439,0.25964,-0.0384736,0.682723
398.497,322,0.723658,0.267998,-0.0350364,0.67129
399.363,321.5,0.715821,0.276589,-0.0314086,0.659478
400.229,321,0.707958,0.285412,-0.0275904,0.64729
401.095,320.5,0.7001,0.294467,-0.0235817,0.634723
401.962,320,0.692281,0.303702,-0.0194068,0.621805
402.828,319.5,0.684278,0.307949,-0.0174664,0.610818
403.694,319,0.676203,0.312048,-0.0153942,0.5997
404.56,318.5,0.668122,0.31594,-0.013209,0.588553
405.426,318,0.660033,0.319626,-0.0109107,0.577377
406.292,317.5,0.651936,0.323106,-0.00849942,0.566172
407.158,317,0.64383,0.32638,-0.00597509,0.554939
408.024,316.5,0.635328,0.32822,-0.00463119,0.543959
408.89,316,0.626659,0.329287,-0.00378746,0.533159
409.756,315.5,0.617992,0.330113,-0.00288425,0.522428
410.622,315,0.609321,0.3307,-0.00192157,0.511768
411.488,314.5,0.600643,0.331047,-0.000899394,0.501178
412.354,314,0.591196,0.330832,0.000155563,0.489963
413.22,313.5,0.581714,0.330111,0.000909078,0.478976
414.086,313,0.572303,0.328841,0.00113326,0.468394
414.952,312.5,0.562918,0.327341,0.00138535,0.457955
415.818,312,0.553554,0.325611,0.00166536,0.447657
416.684,311.5,0.544207,0.323651,0.00197329,0.437501
417.55,311,0.534872,0.321462,0.00230913,0.427486
418.416,310.5,0.525611,0.319072,0.002651,0.417676
419.282,310,0.51732,0.316879,0.00270125,0.408901
420.148,309.5,0.509053,0.3145,0.00276714,0.400271
421.014,309,0.500809,0.311935,0.00284865,0.391788
421.88,308.5,0.491946,0.308697,0.00289802,0.383025
422.746,308,0.483135,0.305291,0.00295565,0.374443
423.612,307.5,0.474394,0.301734,0.003023,0.366056
424.478,307,0.466516,0.29861,0.00305677,0.358413
425.344,306.5,0.458964,0.295559,0.00307725,0.351117
426.21,306,0.45147,0.292392,0.00309763,0.34398
427.076,305.5,0.444032,0.289107,0.00311788,0.337004
427.942,305,0.436648,0.285706,0.00313803,0.330187
428.808,304.5,0.429315,0.282187,0.00315806,0.32353
429.674,304,0.422389,0.278895,0.00318844,0.317207
430.54,303.5,0.415953,0.275934,0.00322839,0.311235
431.406,303,0.409135,0.272467,0.00322657,0.305194
432.272,302.5,0.402386,0.268939,0.00322134,0.299292
433.138,302,0.395704,0.26535,0.00321271,0.293531
434.004,301.5,0.389088,0.261702,0.00320068,0.287909
434.87,301,0.382617,0.258077,0.00318735,0.282457
435.737,300.5,0.376773,0.255009,0.00318545,0.277341
436.603,300,0.370978,0.251892,0.00317927,0.272333
437.469,299.5,0.365234,0.248726,0.00316882,0.267434
438.335,299,0.359537,0.245511,0.0031541,0.262643
439.201,298.5,0.353889,0.242247,0.00313511,0.257961
440.067,298,0.34826,0.238904,0.0031103,0.253378
440.933,297.5,0.342845,0.235729,0.00306593,0.248928
441.799,297,0.337583,0.232652,0.00301852,0.244594
442.665,296.5,0.332371,0.229554,0.00296839,0.240347
443.531,296,0.327211,0.226436,0.00291555,0.236189
444.397,295.5,0.322101,0.223298,0.00286,0.232118
445.263,295,0.317041,0.220139,0.00280172,0.228136
446.129,294.5,0.312238,0.217223,0.00273267,0.224275
446.995,294,0.307691,0.214561,0.00265185,0.220522
447.861,293.5,0.303183,0.211883,0.00256735,0.216838
448.727,293,0.298714,0.209188,0.00247919,0.213223
449.593,292.5,0.294253,0.206442,0.00238658,0.209669
450.459,292,0.289674,0.203498,0.00228711,0.206142
451.325,291.5,0.285204,0.200637,0.0021834,0.202686
452.191,291,0.281062,0.19817,0.00206622,0.199299
453.057,290.5,0.27696,0.195703,0.00194602,0.195967
453.923,290,0.272897,0.193235,0.00182278,0.19269
454.789,289.5,0.268873,0.190766,0.00169653,0.189468
455.655,289,0.264888,0.188296,0.00156724,0.186301
456.521,288.5,0.260943,0.185825,0.00143493,0.183189
457.387,288,0.257287,0.183732,0.00129371,0.180105
458.253,287.5,0.253706,0.1817,0.0011486,0.177061
459.119,287,0.25013,0.179638,0.00100025,0.174053
459.985,286.5,0.246484,0.177467,0.000848431,0.171053
460.851,286,0.242875,0.175304,0.000694518,0.168096
461.717,285.5,0.239303,0.17315,0.000538516,0.165181
462.583,285,0.235903,0.171223,0.00038183,0.162274
463.449,284.5,0.232651,0.169486,0.000224482,0.159376
464.315,284,0.229433,0.167758,6.53902e-05,0.156514
465.181,283.5,0.226248,0.166038,-9.5447e-05,0.153687
466.047,283,0.223098,0.164326,-0.000258029,0.150897
466.913,282.5,0.219982,0.162622,-0.000422357,0.148142
467.779,282,0.216952,0.161012,-0.00058633,0.145406
468.645,281.5,0.214105,0.159667,-0.000736058,0.142642
469.512,281,0.211228,0.158258,-0.000864735,0.139896
470.378,280.5,0.208388,0.156861,-0.000993482,0.137183
471.244,280,0.205583,0.155476,-0.0011223,0.134501
472.11,279.5,0.202815,0.154104,-0.00125119,0.13185
472.976,279,0.200083,0.152743,-0.00138015,0.129231
473.842,278.5,0.197593,0.151714,-0.0014955,0.126584
474.708,278,0.195158,0.150725,-0.00160918,0.12396
475.574,277.5,0.19276,0.149746,-0.00172238,0.121366
476.44,277,0.1904,0.148778,-0.0018351,0.118802
477.306,276.5,0.188077,0.147821,-0.00194734,0.116267
478.172,276,0.185774,0.146848,-0.00205309,0.113769
479.038,275.5,0.183606,0.146026,-0.00214038,0.111279
