x,v,vx,vy,vz
220.096,425,0.209712,0.209688,-7.76401e-05,-0.00316626
220.962,424.5,0.209744,0.209719,-7.94689e-05,-0.00322664
221.828,424,0.209775,0.209749,-8.1338e-05,-0.00328981
222.694,423.5,0.209808,0.209782,-8.31562e-05,-0.00335523
223.56,423,0.209844,0.209816,-8.49372e-05,-0.0034206
224.426,422.5,0.209882,0.209853,-8.67378e-05,-0.00348677
225.292,422,0.20992,0.20989,-8.8558e-05,-0.00355374
226.158,421.5,0.20996,0.209929,-9.03978e-05,-0.00362151
227.024,421,0.210001,0.209968,-9.22688e-05,-0.00369067
227.89,420.5,0.21004,0.210006,-9.43094e-05,-0.00376723
228.756,420,0.21008,0.210045,-9.6408e-05,-0.00384475
229.622,419.5,0.210122,0.210085,-9.85645e-05,-0.00392325
230.488,419,0.210165,0.210127,-0.000100779,-0.00400271
231.355,418.5,0.21021,0.21017,-0.000103051,-0.00408315
232.221,418,0.210257,0.210215,-0.000105658,-0.00416413
233.087,417.5,0.210303,0.21026,-0.000108279,-0.00425156
233.953,417,0.210351,0.210306,-0.000110934,-0.00434203
234.819,416.5,0.2104,0.210353,-0.000113672,-0.00443391
235.685,416,0.21045,0.210401,-0.000116492,-0.0045272
236.551,415.5,0.210502,0.210451,-0.000119394,-0.00462189
237.417,415,0.210556,0.210503,-0.000122378,-0.004718
238.283,414.5,0.210608,0.210553,-0.000125545,-0.00482077
239.149,414,0.210658,0.2106,-0.0001289,-0.00493168
240.015,413.5,0.21071,0.210649,-0.000132316,-0.0050445
240.881,413,0.210763,0.2107,-0.000135791,-0.00515923
241.747,412.5,0.210828,0.210762,-0.000139093,-0.00526913
242.613,412,0.210899,0.21083,-0.000142424,-0.00537843
243.479,411.5,0.210972,0.2109,-0.000145819,-0.00549033
244.345,411,0.211045,0.210971,-0.00014907,-0.00561229
245.211,410.5,0.211123,0.211045,-0.000152363,-0.00573575
246.077,410,0.211204,0.211122,-0.000155698,-0.00586071
246.943,409.5,0.211288,0.211203,-0.000159075,-0.00598717
247.809,409,0.211376,0.211287,-0.000162493,-0.00611513
248.675,408.5,0.211467,0.211375,-0.000165954,-0.00624459
249.541,408,0.211553,0.211456,-0.000170029,-0.00639122
250.407,407.5,0.21164,0.211539,-0.00017435,-0.00654304
251.273,407,0.211722,0.211616,-0.000179428,-0.00670077
252.139,406.5,0.211804,0.211693,-0.000184736,-0.00686235
253.005,406,0.211888,0.211772,-0.000190158,-0.00702712
253.871,405.5,0.211975,0.211853,-0.000195693,-0.0071951
254.737,405,0.212065,0.211936,-0.000200853,-0.00737298
255.603,404.5,0.212157,0.212022,-0.000205708,-0.00756097
256.469,404,0.212252,0.21211,-0.000210748,-0.00775271
257.335,403.5,0.21235,0.212201,-0.000215973,-0.0079482
258.201,403,0.21245,0.212294,-0.000221383,-0.00814745
259.067,402.5,0.212554,0.212389,-0.000226978,-0.00835045
259.933,402,0.212655,0.212482,-0.000232945,-0.0085648
260.799,401.5,0.212786,0.212605,-0.000239105,-0.00878705
261.665,401,0.212931,0.21274,-0.000245425,-0.00900852
262.531,400.5,0.213083,0.212883,-0.000251985,-0.009232
263.397,400,0.213243,0.213033,-0.000258786,-0.0094575
264.263,399.5,0.213411,0.213191,-0.000265827,-0.00968502
265.13,399,0.213587,0.213356,-0.00027311,-0.00991454
265.996,398.5,0.213782,0.21354,-0.000277795,-0.0101595
266.862,398,0.213991,0.213737,-0.000282028,-0.0104093
267.728,397.5,0.214212,0.213946,-0.000286181,-0.0106621
268.594,397,0.214444,0.214166,-0.000290255,-0.0109178
269.46,396.5,0.214689,0.214397,-0.000294248,-0.0111766
270.326,396,0.214873,0.214567,-0.00030078,-0.0114644
271.192,395.5,0.215026,0.214702,-0.000309744,-0.0117987
272.058,395,0.215157,0.214812,-0.000320471,-0.0121743
272.924,394.5,0.215292,0.214925,-0.000331374,-0.0125612
273.79,394,0.215431,0.21504,-0.000342455,-0.0129595
274.656,393.5,0.215574,0.215159,-0.000353713,-0.0133691
275.522,393,0.215722,0.21528,-0.000365148,-0.0137902
276.388,392.5,0.215883,0.215414,-0.000374689,-0.0142226
277.254,392,0.216077,0.215579,-0.000378285,-0.0146657
278.12,391.5,0.216277,0.215748,-0.000382238,-0.015119
278.986,391,0.216489,0.215927,-0.000386439,-0.015579
279.852,390.5,0.216911,0.216324,-0.000387073,-0.0159445
280.718,390,0.217363,0.216749,-0.000386987,-0.0163151
281.584,389.5,0.217843,0.217203,-0.000386182,-0.0166909
282.45,389,0.218209,0.217527,-0.000390734,-0.0172351
283.316,388.5,0.218587,0.217861,-0.00039635,-0.017793
284.182,388,0.218986,0.218216,-0.000402651,-0.018353
285.048,387.5,0.219408,0.21859,-0.000409637,-0.0189151
285.914,387,0.219851,0.218986,-0.000417308,-0.0194793
286.78,386.5,0.220316,0.219402,-0.000425664,-0.0200456
287.646,386,0.220911,0.219948,-0.000414625,-0.0205994
288.512,385.5,0.221587,0.220574,-0.000390121,-0.0211622
289.378,385,0.222034,0.220959,-0.000368526,-0.0218198
290.244,384.5,0.222495,0.221355,-0.000347146,-0.0224861
291.11,384,0.22297,0.221763,-0.000325983,-0.0231612
291.976,383.5,0.223458,0.222182,-0.000305035,-0.023845
292.842,383,0.22384,0.222477,-0.000287088,-0.0246678
293.708,382.5,0.223958,0.222464,-0.000273931,-0.0258223
294.574,382,0.224084,0.222448,-0.000258275,-0.0270259
295.44,381.5,0.224219,0.222429,-0.000240122,-0.0282786
296.306,381,0.224365,0.222406,-0.00021947,-0.0295804
297.172,380.5,0.224522,0.222381,-0.000196321,-0.0309312
298.038,380,0.224784,0.222455,-0.000169976,-0.0322739
298.905,379.5,0.225984,0.223561,-7.74379e-05,-0.0330002
299.771,379,0.227302,0.22478,2.36808e-05,-0.0337613
300.637,378.5,0.228734,0.226108,0.000132817,-0.0345606
301.503,378,0.230282,0.227545,0.000249972,-0.035398
302.369,377.5,0.231944,0.22909,0.000375145,-0.0362737
303.235,377,0.233722,0.230744,0.000508335,-0.0371876
304.101,376.5,0.234873,0.23164,0.000665534,-0.0388315
304.967,376,0.235742,0.232179,0.000837219,-0.0408226
305.833,375.5,0.236679,0.23277,0.00101547,-0.0428239
306.699,375,0.237682,0.233412,0.0012003,-0.0448355
307.565,374.5,0.238551,0.233896,0.00139437,-0.0468733
308.431,374,0.238735,0.233641,0.00161222,-0.0490272
309.297,373.5,0.239344,0.233845,0.00188094,-0.0509796
310.163,373,0.240813,0.235028,0.00221797,-0.0524222
311.029,372.5,0.242467,0.236401,0.00256372,-0.0538332
311.895,372,0.244305,0.237966,0.00291817,-0.0552126
312.761,371.5,0.246326,0.239722,0.00328135,-0.0565604
313.627,371,0.248529,0.241669,0.00365323,-0.0578766
314.493,370.5,0.250776,0.243627,0.00405862,-0.0593136
315.359,370,0.250218,0.241845,0.00501707,-0.0639891
316.225,369.5,0.249607,0.239849,0.00604168,-0.0688437
317.091,369,0.249418,0.238153,0.00714837,-0.0737664
317.957,368.5,0.250512,0.237774,0.00836841,-0.0784199
318.823,368,0.25179,0.237521,0.00966481,-0.0829963
319.689,367.5,0.253245,0.237394,0.0110376,-0.0874956
320.555,367,0.257196,0.240456,0.0116188,-0.090529
321.421,366.5,0.262232,0.244794,0.0118545,-0.0932801
322.287,366,0.267512,0.249284,0.0120478,-0.0963068
323.153,365.5,0.273038,0.253927,0.0121987,-0.099609
324.019,365,0.278813,0.258723,0.0123072,-0.103187
324.885,364.5,0.284839,0.263671,0.0123734,-0.10704
325.751,364,0.290059,0.266212,0.0146613,-0.114237
326.617,363.5,0.294781,0.265988,0.0204945,-0.125405
327.483,363,0.298969,0.265518,0.0273015,-0.134675
328.349,362.5,0.301928,0.263283,0.0350297,-0.143581
329.215,362,0.303772,0.259285,0.0436791,-0.152122
330.081,361.5,0.304638,0.253522,0.0532498,-0.160299
330.947,361,0.30599,0.247731,0.0617784,-0.168649
331.813,360.5,0.322027,0.259954,0.0523955,-0.182703
332.679,360,0.344602,0.278451,0.041232,-0.198785
333.546,359.5,0.373883,0.303224,0.0282878,-0.216895
334.412,359,0.410008,0.334273,0.013563,-0.237033
335.278,358.5,0.453074,0.371596,-0.00294255,-0.259199
336.144,358,0.495047,0.408437,-0.0179557,-0.279157
337.01,357.5,0.488512,0.408232,0.0304574,-0.266576
337.876,357,0.482646,0.407488,0.0944922,-0.240773
338.742,356.5,0.490489,0.414798,0.158237,-0.208527
339.608,356,0.512864,0.43016,0.221692,-0.169836
340.474,355.5,0.549932,0.453576,0.284857,-0.124702
341.34,355,0.601276,0.485044,0.347732,-0.0731231
342.206,354.5,0.616608,0.4878,0.370419,-0.0710382
343.072,354,0.586019,0.439785,0.364427,-0.131151
343.938,353.5,0.568344,0.375751,0.380175,-0.193116
344.804,353,0.572618,0.295697,0.417662,-0.256931
345.67,352.5,0.590926,0.208825,0.456296,-0.312058
346.536,352,0.614882,0.134532,0.491379,-0.344279
347.402,351.5,0.616789,0.103509,0.516272,-0.321215
348.268,351,0.481601,0.23318,0.407861,-0.105907
349.134,350.5,0.457423,0.314602,0.326013,0.0630596
350,350,0.478247,0.347776,0.270728,0.185684
350.866,349.5,0.487733,0.332702,0.242006,0.261966
351.732,349,0.464005,0.269379,0.239846,0.291907
352.598,348.5,0.413079,0.157808,0.26425,0.275505
353.464,348,0.373134,0.0278307,0.275175,0.250466
354.33,347.5,0.365327,-0.103629,0.266611,0.227251
355.196,347,0.369633,-0.149075,0.201284,0.271827
356.062,346.5,0.401775,-0.123755,0.111178,0.365715
356.928,346,0.459254,-0.108128,0.0411749,0.44444
357.794,345.5,0.518254,-0.102195,-0.00872598,0.508003
358.66,345,0.547039,-0.102112,-0.00233186,0.537419
359.526,344.5,0.555632,-0.0986551,0.0342965,0.545727
360.392,344,0.56437,-0.092286,0.0619118,0.553321
361.258,343.5,0.572011,-0.0830048,0.0805139,0.5602
362.124,343,0.577842,-0.0708114,0.0901029,0.566364
362.99,342.5,0.581634,-0.0557059,0.0906788,0.571815
363.856,342,0.585137,-0.0362518,0.0871801,0.577469
364.722,341.5,0.574623,-0.0261116,0.0793172,0.568523
365.588,341,0.551846,-0.0286397,0.0604983,0.547771
366.454,340.5,0.529176,-0.0343819,0.0436842,0.526248
367.321,340,0.506637,-0.0433383,0.0288749,0.503953
368.187,339.5,0.484347,-0.0555088,0.0160704,0.480887
369.053,339,0.462545,-0.0708934,0.00527071,0.45705
369.919,338.5,0.434023,-0.0877525,-0.00646818,0.42501
370.785,338,0.40715,-0.103537,-0.017517,0.393376
371.651,337.5,0.382854,-0.118224,-0.0275952,0.363096
372.517,337,0.361099,-0.131814,-0.0367026,0.334171
373.383,336.5,0.341818,-0.144307,-0.0448393,0.306602
374.249,336,0.321714,-0.145725,-0.0474041,0.282873
375.115,335.5,0.299564,-0.138609,-0.0465773,0.261451
375.981,335,0.277134,-0.12902,-0.0450007,0.241106
376.847,334.5,0.255346,-0.119259,-0.0433901,0.221577
377.713,334,0.234197,-0.109325,-0.0417454,0.202864
378.579,333.5,0.213686,-0.0992168,-0.0400666,0.184966
379.445,333,0.193819,-0.088936,-0.0383536,0.167884
380.311,332.5,0.174024,-0.0790524,-0.0365621,0.15066
381.177,332,0.153326,-0.0704334,-0.0345331,0.131741
382.043,331.5,0.133312,-0.061462,-0.03234,0.113792
382.909,331,0.113975,-0.0521383,-0.029983,0.0968134
383.775,330.5,0.0971701,-0.0446299,-0.0278505,0.0816979
384.641,330,0.0815494,-0.0379249,-0.0258915,0.0673917
385.507,329.5,0.0663962,-0.0312254,-0.0239841,0.0534621
386.373,329,0.0506393,-0.0198874,-0.021808,0.041149
387.239,328.5,0.0365848,-0.00876801,-0.0196702,0.0295745
388.105,328,0.02573,0.00189862,-0.017586,0.0186858
388.971,327.5,0.0214627,0.0121125,-0.0155555,0.00848304
389.837,327,0.0257664,0.0218736,-0.0135787,-0.00103387
390.703,326.5,0.0347201,0.0311819,-0.0116556,-0.00986492
391.569,326,0.0450359,0.0401845,-0.0096841,-0.0178788
392.435,325.5,0.0555314,0.0488934,-0.00775715,-0.0251594
393.301,325,0.0641418,0.055724,-0.00651048,-0.0310905
394.167,324.5,0.0721009,0.0619521,-0.0054883,-0.036474
395.033,324,0.0798349,0.068025,-0.00452593,-0.0415419
395.899,323.5,0.0873143,0.0739427,-0.00362337,-0.0462941
396.765,323,0.0946774,0.0802684,-0.00285654,-0.0501261
397.631,322.5,0.102068,0.0875363,-0.00229173,-0.052441
398.497,322,0.109148,0.0945361,-0.00176279,-0.0545261
399.363,321.5,0.115912,0.101268,-0.00126971,-0.0563815
400.229,321,0.122358,0.107731,-0.000812484,-0.0580072
401.095,320.5,0.128484,0.113926,-0.000391121,-0.0594031
401.962,320,0.134282,0.119852,-5.51808e-06,-0.0605577
402.828,319.5,0.139263,0.125198,0.000282346,-0.060988
403.694,319,0.14406,0.130295,0.000540128,-0.0614516
404.56,318.5,0.148646,0.135172,0.000783018,-0.0618335
405.426,318,0.153017,0.13983,0.00101102,-0.0621338
406.292,317.5,0.157171,0.144268,0.00122413,-0.0623524
407.158,317,0.161107,0.148487,0.00142235,-0.0624894
408.024,316.5,0.164501,0.15252,0.0015534,-0.0616094
408.89,316,0.167598,0.156358,0.00165012,-0.0603213
409.756,315.5,0.170546,0.159988,0.00173609,-0.0590505
410.622,315,0.173339,0.16341,0.00181129,-0.0577972
411.488,314.5,0.175972,0.166624,0.00187573,-0.0565613
412.354,314,0.178492,0.169547,0.00191227,-0.0557636
413.22,313.5,0.180665,0.172151,0.00193206,-0.0547713
414.086,313,0.182366,0.174358,0.00193246,-0.0534129
414.952,312.5,0.184014,0.176476,0.00193031,-0.0520918
415.818,312,0.185608,0.178508,0.00192559,-0.0508079
416.684,311.5,0.187144,0.180452,0.00191831,-0.0495614
417.55,311,0.188621,0.182308,0.00190846,-0.0483521
418.416,310.5,0.190012,0.184059,0.00189396,-0.0471505
419.282,310,0.191013,0.185487,0.00184817,-0.0455757
420.148,309.5,0.191988,0.186855,0.00180228,-0.04406
421.014,309,0.192932,0.188162,0.00175628,-0.0426036
421.88,308.5,0.19411,0.189615,0.0017205,-0.041497
422.746,308,0.195255,0.191014,0.00168489,-0.0404366
423.612,307.5,0.196358,0.192355,0.00164911,-0.0394126
424.478,307,0.197166,0.193411,0.0016042,-0.0382648
425.344,306.5,0.197869,0.194353,0.00155683,-0.0371045
426.21,306,0.198552,0.195258,0.00151007,-0.0359856
427.076,305.5,0.199214,0.196126,0.00146392,-0.0349081
427.942,305,0.199853,0.196957,0.00141839,-0.0338719
428.808,304.5,0.200469,0.19775,0.00137348,-0.0328772
429.674,304,0.200976,0.198429,0.0013256,-0.0318639
430.54,303.5,0.20136,0.198983,0.00127461,-0.0308181
431.406,303,0.201806,0.199573,0.00123627,-0.0299181
432.272,302.5,0.202245,0.200145,0.00119892,-0.0290465
433.138,302,0.202676,0.200701,0.00116257,-0.0282032
434.004,301.5,0.203099,0.20124,0.00112722,-0.0273882
434.87,301,0.203492,0.201744,0.00109241,-0.0265933
435.737,300.5,0.203736,0.202097,0.00105527,-0.0257668
436.603,300,0.203978,0.202442,0.00101928,-0.0249678
437.469,299.5,0.204219,0.202778,0.000984452,-0.0241961
438.335,299,0.204457,0.203106,0.000950774,-0.0234519
439.201,298.5,0.204694,0.203425,0.000918249,-0.022735
440.067,298,0.204936,0.203745,0.000887069,-0.022053
440.933,297.5,0.205174,0.20405,0.000856964,-0.0214347
441.799,297,0.205387,0.204326,0.000827268,-0.0208272
442.665,296.5,0.205596,0.204596,0.000798394,-0.0202378
443.531,296,0.205801,0.204858,0.000770343,-0.0196666
444.397,295.5,0.206003,0.205113,0.000743115,-0.0191136
445.263,295,0.2062,0.20536,0.00071671,-0.0185788
446.129,294.5,0.206351,0.205559,0.000690495,-0.0180523
446.995,294,0.206459,0.205712,0.000664386,-0.0175325
447.861,293.5,0.206566,0.205862,0.000639017,-0.017029
448.727,293,0.206672,0.206008,0.000614389,-0.0165419
449.593,292.5,0.206783,0.206156,0.000591361,-0.0160755
450.459,292,0.206921,0.206327,0.000573587,-0.0156465
451.325,291.5,0.207047,0.206485,0.000556289,-0.0152285
452.191,291,0.207124,0.206593,0.000539297,-0.0148147
453.057,290.5,0.207201,0.206699,0.000522722,-0.0144123
453.923,290,0.20728,0.206804,0.000506564,-0.0140212
454.789,289.5,0.207358,0.206908,0.000490823,-0.0136416
455.655,289,0.207437,0.207011,0.000475499,-0.0132733
456.521,288.5,0.207516,0.207113,0.000460592,-0.0129165
457.387,288,0.207556,0.207175,0.000445841,-0.0125669
458.253,287.5,0.207591,0.20723,0.000431478,-0.0122268
459.119,287,0.207636,0.207294,0.000417494,-0.0119013
459.985,286.5,0.207707,0.207383,0.000403705,-0.011601
460.851,286,0.207778,0.20747,0.000390267,-0.0113085
461.717,285.5,0.207849,0.207556,0.000377182,-0.011024
462.583,285,0.2079,0.207622,0.00036449,-0.0107473
463.449,284.5,0.207936,0.207672,0.000352188,-0.0104776
464.315,284,0.207972,0.207721,0.000340242,-0.0102148
465.181,283.5,0.208009,0.20777,0.000328652,-0.00995885
466.047,283,0.208046,0.207819,0.000317417,-0.00970984
466.913,282.5,0.208084,0.207868,0.000306539,-0.00946773
467.779,282,0.208115,0.20791,0.000295964,-0.00923266
468.645,281.5,0.208132,0.207937,0.000286137,-0.0090068
469.512,281,0.20816,0.207974,0.000278103,-0.00879252
470.378,280.5,0.208188,0.208011,0.000270269,-0.00858324
471.244,280,0.208217,0.208048,0.000262633,-0.00837897
472.11,279.5,0.208247,0.208086,0.000255198,-0.0081797
472.976,279,0.208276,0.208123,0.000247962,-0.00798544
473.842,278.5,0.208288,0.208142,0.000241048,-0.00779802
474.708,278,0.208299,0.20816,0.000234293,-0.00761519
475.574,277.5,0.208311,0.208178,0.000227683,-0.00743676
476.44,277,0.208324,0.208197,0.000221219,-0.00726274
477.306,276.5,0.208337,0.208216,0.000214901,-0.00709311
478.172,276,0.208356,0.208241,0.000208675,-0.00693002
479.038,275.5,0.208375,0.208265,0.000202516,-0.00677593
