x,v,vx,vy,vz
220.096,425,0.208873,0.208796,-4.16277e-05,-0.00567825
220.962,424.5,0.208891,0.20881,-4.2614e-05,-0.00578952
221.828,424,0.208906,0.208822,-4.34738e-05,-0.00590528
222.694,423.5,0.208924,0.208837,-4.35261e-05,-0.00602359
223.56,423,0.208947,0.208857,-4.32565e-05,-0.00614171
224.426,422.5,0.208972,0.208879,-4.29653e-05,-0.00626148
225.292,422,0.209,0.208902,-4.26525e-05,-0.00638291
226.158,421.5,0.209029,0.208928,-4.23181e-05,-0.00650599
227.024,421,0.20906,0.208955,-4.1929e-05,-0.00663158
227.89,420.5,0.209081,0.208972,-4.11547e-05,-0.0067685
228.756,420,0.209105,0.208991,-4.03686e-05,-0.00690741
229.622,419.5,0.209131,0.209012,-3.95708e-05,-0.0070483
230.488,419,0.209159,0.209036,-3.87613e-05,-0.00719117
231.355,418.5,0.20919,0.209061,-3.79401e-05,-0.00733603
232.221,418,0.209221,0.209087,-3.85467e-05,-0.0074847
233.087,417.5,0.209245,0.209105,-3.89745e-05,-0.00764401
233.953,417,0.209268,0.209123,-3.92895e-05,-0.00780853
234.819,416.5,0.209294,0.209142,-3.97481e-05,-0.00797603
235.685,416,0.209322,0.209163,-4.03503e-05,-0.00814653
236.551,415.5,0.209351,0.209186,-4.1096e-05,-0.00832001
237.417,415,0.209383,0.209211,-4.19853e-05,-0.00849648
238.283,414.5,0.209408,0.209228,-4.26988e-05,-0.00868364
239.149,414,0.209423,0.209235,-4.3173e-05,-0.00888373
240.015,413.5,0.209441,0.209244,-4.37948e-05,-0.00908768
240.881,413,0.209461,0.209254,-4.45644e-05,-0.00929549
241.747,412.5,0.209506,0.20929,-4.3088e-05,-0.00949465
242.613,412,0.209561,0.209336,-4.08959e-05,-0.00969317
243.479,411.5,0.209618,0.209384,-3.83637e-05,-0.00989628
244.345,411,0.209665,0.209421,-3.40035e-05,-0.010114
245.211,410.5,0.209718,0.209463,-2.94553e-05,-0.0103352
246.077,410,0.209776,0.20951,-2.4719e-05,-0.0105597
246.943,409.5,0.209839,0.209561,-1.97946e-05,-0.0107876
247.809,409,0.209907,0.209618,-1.46822e-05,-0.0110189
248.675,408.5,0.20998,0.209679,-9.38166e-06,-0.0112535
249.541,408,0.21003,0.209714,-2.83043e-06,-0.0115144
250.407,407.5,0.210078,0.209747,4.14109e-06,-0.0117842
251.273,407,0.210117,0.20977,5.84174e-06,-0.0120667
252.139,406.5,0.210157,0.209793,6.26901e-06,-0.0123565
253.005,406,0.210201,0.20982,6.39615e-06,-0.0126524
253.871,405.5,0.210249,0.209849,6.22315e-06,-0.0129542
254.737,405,0.210289,0.20987,8.075e-06,-0.0132705
255.603,404.5,0.210324,0.209883,1.18414e-05,-0.0136019
256.469,404,0.210363,0.2099,1.52639e-05,-0.0139402
257.335,403.5,0.210407,0.209921,1.83424e-05,-0.0142855
258.201,403,0.210455,0.209945,2.10771e-05,-0.0146377
259.067,402.5,0.210509,0.209974,2.34678e-05,-0.0149968
259.933,402,0.210554,0.209992,2.61104e-05,-0.0153731
260.799,401.5,0.21062,0.210029,4.04591e-05,-0.0157628
261.665,401,0.210703,0.210083,5.62745e-05,-0.0161548
262.531,400.5,0.210797,0.210146,7.26068e-05,-0.0165531
263.397,400,0.2109,0.210217,8.94561e-05,-0.0169575
264.263,399.5,0.211014,0.210298,0.000106822,-0.017368
265.13,399,0.211138,0.210388,0.000124705,-0.0177847
265.996,398.5,0.211247,0.210459,0.000152851,-0.0182241
266.862,398,0.211365,0.210539,0.000183398,-0.0186737
267.728,397.5,0.211497,0.21063,0.000215039,-0.0191317
268.594,397,0.211642,0.210733,0.000247774,-0.0195978
269.46,396.5,0.2118,0.210847,0.000281603,-0.0200721
270.326,396,0.211918,0.210917,0.000296942,-0.0205727
271.192,395.5,0.211968,0.210911,0.000315755,-0.0211363
272.058,395,0.211967,0.210848,0.000337743,-0.0217549
272.924,394.5,0.211976,0.21079,0.00035943,-0.0223888
273.79,394,0.211994,0.210739,0.000380815,-0.0230381
274.656,393.5,0.212022,0.210693,0.000401899,-0.0237029
275.522,393,0.21206,0.210653,0.00042268,-0.024383
276.388,392.5,0.212097,0.210609,0.00044913,-0.0250789
277.254,392,0.212114,0.21054,0.000493538,-0.025792
278.12,391.5,0.212146,0.210481,0.000538112,-0.0265215
278.986,391,0.212199,0.210439,0.000583813,-0.0272649
279.852,390.5,0.21244,0.210594,0.00066079,-0.0279382
280.718,390,0.212708,0.210771,0.000740533,-0.0286261
281.584,389.5,0.213002,0.210972,0.000823043,-0.0293286
282.45,389,0.213056,0.210899,0.000927579,-0.0302306
283.316,388.5,0.213115,0.210822,0.00103691,-0.0311644
284.182,388,0.213198,0.210762,0.00114971,-0.0321171
285.048,387.5,0.213304,0.210718,0.00126599,-0.0330888
285.914,387,0.213435,0.210692,0.00138573,-0.0340795
286.78,386.5,0.21359,0.210682,0.00150894,-0.0350891
287.646,386,0.213729,0.210653,0.00167071,-0.0360944
288.512,385.5,0.213866,0.210614,0.00185421,-0.0371089
289.378,385,0.213958,0.210523,0.00199693,-0.0381344
290.244,384.5,0.214093,0.210467,0.00214217,-0.0391814
291.11,384,0.214272,0.210445,0.00228992,-0.0402497
291.976,383.5,0.214494,0.210458,0.00244017,-0.0413395
292.842,383,0.21458,0.210296,0.00260709,-0.0425843
293.708,382.5,0.214292,0.209672,0.0028099,-0.0441686
294.574,382,0.214034,0.209055,0.00301701,-0.0457948
295.44,381.5,0.213805,0.208445,0.0032284,-0.0474631
296.306,381,0.213606,0.207841,0.00344409,-0.0491733
297.172,380.5,0.21344,0.207244,0.00366406,-0.0509255
298.038,380,0.213351,0.206703,0.00389908,-0.0526983
298.905,379.5,0.213542,0.206514,0.00430467,-0.0541616
299.771,379,0.2138,0.206369,0.00472022,-0.0556784
300.637,378.5,0.214126,0.206266,0.00514471,-0.057251
301.503,378,0.21452,0.206206,0.00557812,-0.0588795
302.369,377.5,0.214984,0.206189,0.00602047,-0.0605637
303.235,377,0.215518,0.206215,0.00647175,-0.0623037
304.101,376.5,0.215345,0.205238,0.00702701,-0.0648168
304.967,376,0.214891,0.20378,0.00764446,-0.0677727
305.833,375.5,0.214539,0.202339,0.00827993,-0.0708349
306.699,375,0.214295,0.200912,0.0089334,-0.0740036
307.565,374.5,0.21418,0.199556,0.00958684,-0.0771936
308.431,374,0.214223,0.198399,0.0101937,-0.0801582
309.297,373.5,0.214294,0.197308,0.0108165,-0.0829131
310.163,373,0.214541,0.196537,0.0114468,-0.0852647
311.029,372.5,0.215139,0.196082,0.0120846,-0.0876971
311.895,372,0.216086,0.195942,0.0127298,-0.0902103
312.761,371.5,0.217379,0.196117,0.0133825,-0.0928042
313.627,371,0.219016,0.196607,0.0140426,-0.095479
314.493,370.5,0.220876,0.197219,0.0147468,-0.0983543
315.359,370,0.22054,0.193902,0.0162441,-0.103807
316.225,369.5,0.220382,0.190502,0.0178009,-0.109362
317.091,369,0.220321,0.186925,0.0194408,-0.114988
317.957,368.5,0.220297,0.183094,0.0212167,-0.120653
318.823,368,0.220606,0.179284,0.023078,-0.126458
319.689,367.5,0.22126,0.175498,0.0250245,-0.132402
320.555,367,0.222889,0.173257,0.0256381,-0.137855
321.421,366.5,0.22506,0.171591,0.0256971,-0.143346
322.287,366,0.22755,0.169936,0.0257043,-0.149131
323.153,365.5,0.23037,0.168293,0.0256597,-0.155208
324.019,365,0.233532,0.166662,0.0255634,-0.161578
324.885,364.5,0.237044,0.165043,0.0254154,-0.16824
325.751,364,0.240026,0.159422,0.0282115,-0.177205
326.617,363.5,0.2445,0.150392,0.0353752,-0.189502
327.483,363,0.252304,0.145681,0.0426688,-0.201528
328.349,362.5,0.260193,0.140378,0.0505397,-0.213168
329.215,362,0.268196,0.134481,0.0589878,-0.22442
330.081,361.5,0.276345,0.127992,0.0680133,-0.235285
330.947,361,0.28666,0.122659,0.0754411,-0.247865
331.813,360.5,0.318141,0.135551,0.0624589,-0.28096
332.679,360,0.356304,0.153943,0.0468324,-0.3179
333.546,359.5,0.401367,0.177835,0.0285614,-0.358684
334.412,359,0.453501,0.207226,0.00764609,-0.403313
335.278,358.5,0.512821,0.242117,-0.0159137,-0.451787
336.144,358,0.569648,0.27872,-0.0380095,-0.495348
337.01,357.5,0.583964,0.295466,-0.0109363,-0.503582
337.876,357,0.593199,0.321924,0.0256932,-0.497584
338.742,356.5,0.607737,0.364083,0.059859,-0.482912
339.608,356,0.630571,0.421943,0.0915612,-0.459565
340.474,355.5,0.665515,0.495504,0.1208,-0.427544
341.34,355,0.716506,0.584765,0.147574,-0.386849
342.206,354.5,0.75608,0.659564,0.16281,-0.33185
343.072,354,0.777994,0.694803,0.18963,-0.294217
343.938,353.5,0.812062,0.716479,0.246853,-0.291834
344.804,353,0.861592,0.724593,0.33448,-0.3247
345.67,352.5,0.889136,0.696708,0.425002,-0.352894
346.536,352,0.879207,0.641675,0.496211,-0.339164
347.402,351.5,0.848392,0.586048,0.547098,-0.277489
348.268,351,0.696972,0.510788,0.473021,-0.0334229
349.134,350.5,0.615932,0.428944,0.414928,0.15236
350,350,0.577294,0.340517,0.372819,0.279861
350.866,349.5,0.549843,0.245508,0.346694,0.349079
351.732,349,0.51341,0.143915,0.336553,0.360015
352.598,348.5,0.465052,0.0357394,0.342396,0.312668
353.464,348,0.448149,-0.0646655,0.339681,0.285083
354.33,347.5,0.462404,-0.147001,0.320918,0.298696
355.196,347,0.523213,-0.186247,0.26758,0.409224
356.062,346.5,0.629414,-0.194208,0.196104,0.565675
356.928,346,0.737524,-0.196354,0.129093,0.699086
357.794,345.5,0.834732,-0.192684,0.066548,0.809458
358.66,345,0.872519,-0.161563,0.037368,0.856616
359.526,344.5,0.868369,-0.116614,0.0339708,0.859832
360.392,344,0.863957,-0.0806921,0.0291049,0.859688
361.258,343.5,0.858175,-0.0537977,0.0227703,0.856184
362.124,343,0.850212,-0.0359309,0.0149671,0.84932
362.99,342.5,0.839553,-0.0270916,0.00569524,0.839096
363.856,342,0.821381,-0.0266874,-0.00260952,0.820943
364.722,341.5,0.786669,-0.0376229,-0.00626907,0.785743
365.588,341,0.753576,-0.0541146,-0.0118528,0.751537
366.454,340.5,0.721775,-0.0699116,-0.0168098,0.718185
367.321,340,0.691258,-0.0850137,-0.0211401,0.685685
368.187,339.5,0.662019,-0.0994209,-0.0248437,0.654039
369.053,339,0.634046,-0.113133,-0.0279207,0.623246
369.919,338.5,0.608689,-0.116619,-0.0285152,0.596732
370.785,338,0.584708,-0.119141,-0.0289222,0.57171
371.651,337.5,0.561957,-0.121821,-0.0293866,0.547806
372.517,337,0.540446,-0.124661,-0.0299085,0.525021
373.383,336.5,0.520183,-0.12766,-0.0304879,0.503353
374.249,336,0.502976,-0.131104,-0.0300565,0.484658
375.115,335.5,0.483722,-0.134159,-0.0293478,0.463818
375.981,335,0.462632,-0.136553,-0.0286961,0.441088
376.847,334.5,0.442299,-0.138556,-0.0279872,0.419103
377.713,334,0.422711,-0.140168,-0.0272213,0.397865
378.579,333.5,0.403853,-0.141388,-0.0263984,0.377373
379.445,333,0.385712,-0.142217,-0.0255183,0.357627
380.311,332.5,0.367642,-0.141227,-0.0246457,0.338539
381.177,332,0.348463,-0.136124,-0.0239325,0.319881
382.043,331.5,0.329822,-0.130883,-0.0232272,0.301849
382.909,331,0.311714,-0.125503,-0.0225297,0.284441
383.775,330.5,0.294867,-0.122153,-0.0227506,0.267409
384.641,330,0.278631,-0.119528,-0.0232703,0.250613
385.507,329.5,0.262687,-0.116783,-0.0237219,0.234101
386.373,329,0.245656,-0.110752,-0.0235539,0.218005
387.239,328.5,0.22892,-0.104726,-0.0233109,0.202221
388.105,328,0.21255,-0.0988656,-0.0230201,0.186743
388.971,327.5,0.196549,-0.0931701,-0.0226814,0.171571
389.837,327,0.180926,-0.0876395,-0.0222948,0.156705
390.703,326.5,0.165686,-0.0822738,-0.0218603,0.142144
391.569,326,0.150308,-0.0753423,-0.0213102,0.128304
392.435,325.5,0.135115,-0.0676594,-0.0206695,0.115113
393.301,325,0.122476,-0.0613936,-0.0201379,0.104046
394.167,324.5,0.110712,-0.055553,-0.0196281,0.0937328
395.033,324,0.0992288,-0.04979,-0.0190983,0.0836814
395.899,323.5,0.0880298,-0.0441045,-0.0185485,0.0738918
396.765,323,0.0771397,-0.0378388,-0.0179032,0.0647938
397.631,322.5,0.0666332,-0.0303237,-0.0170993,0.0568161
398.497,322,0.0565508,-0.0229503,-0.0163036,0.0490455
399.363,321.5,0.0469956,-0.0157187,-0.0155161,0.041482
400.229,321,0.03816,-0.0086288,-0.0147367,0.0341257
401.095,320.5,0.0304235,-0.00168067,-0.0139655,0.0269764
401.962,320,0.0245403,0.00513089,-0.0132,0.0200415
402.828,319.5,0.0221401,0.0119315,-0.0123876,0.0139416
403.694,319,0.023277,0.0184964,-0.0116266,0.00803251
404.56,318.5,0.0272705,0.0248966,-0.0108809,0.00233459
405.426,318,0.0328962,0.0311319,-0.0101503,-0.00315211
406.292,317.5,0.0392946,0.0372024,-0.00943494,-0.00842761
407.158,317,0.046007,0.0431082,-0.00873475,-0.0134919
408.024,316.5,0.0530004,0.0493925,-0.00804147,-0.0174574
408.89,316,0.0599561,0.0557227,-0.00735967,-0.0208696
409.756,315.5,0.0667306,0.0618554,-0.00669299,-0.0241266
410.622,315,0.0733036,0.0677904,-0.00604142,-0.0272284
411.488,314.5,0.0796623,0.0735277,-0.00540497,-0.0301751
412.354,314,0.0853638,0.0785736,-0.0049439,-0.0329958
413.22,313.5,0.0907685,0.0834464,-0.0044861,-0.0354329
414.086,313,0.0958724,0.0882122,-0.00400305,-0.0373376
414.952,312.5,0.100826,0.0928474,-0.0035361,-0.0391502
415.818,312,0.105628,0.097352,-0.00308526,-0.0408709
416.684,311.5,0.110279,0.101726,-0.00265051,-0.0424995
417.55,311,0.114777,0.105969,-0.00223187,-0.0440362
418.416,310.5,0.119109,0.110093,-0.00183175,-0.045423
419.282,310,0.123127,0.114238,-0.00148156,-0.0459119
420.148,309.5,0.127013,0.11825,-0.00114624,-0.0463476
421.014,309,0.130766,0.122128,-0.000825784,-0.04673
421.88,308.5,0.134463,0.125859,-0.000588013,-0.0473208
422.746,308,0.138041,0.129472,-0.000363376,-0.0478773
423.612,307.5,0.141498,0.132966,-0.000149621,-0.048391
424.478,307,0.144593,0.136227,4.58954e-05,-0.0484699
425.344,306.5,0.147511,0.139347,0.000228288,-0.0483943
426.21,306,0.150335,0.142365,0.00040003,-0.0482972
427.076,305.5,0.153062,0.145281,0.00056112,-0.0481785
427.942,305,0.155693,0.148095,0.000711559,-0.0480384
428.808,304.5,0.158228,0.150808,0.000851346,-0.0478767
429.674,304,0.160569,0.15339,0.000965206,-0.047465
430.54,303.5,0.162705,0.155837,0.00105011,-0.0467625
431.406,303,0.164735,0.158088,0.00111231,-0.0463079
432.272,302.5,0.166708,0.160273,0.00117061,-0.0458533
433.138,302,0.168623,0.162392,0.00122502,-0.0453987
434.004,301.5,0.170479,0.164443,0.00127552,-0.0449442
434.87,301,0.172246,0.166406,0.00132,-0.0444509
435.737,300.5,0.173731,0.168144,0.00134569,-0.0436839
436.603,300,0.175176,0.169828,0.00136851,-0.0429299
437.469,299.5,0.176578,0.171458,0.00138846,-0.0421889
438.335,299,0.177937,0.173033,0.00140553,-0.0414608
439.201,298.5,0.179253,0.174554,0.00141973,-0.0407457
440.067,298,0.180538,0.176031,0.00143063,-0.0400617
440.933,297.5,0.181769,0.177453,0.00142093,-0.0393492
441.799,297,0.182934,0.178809,0.00140694,-0.0386019
442.665,296.5,0.184068,0.180124,0.00139218,-0.0378722
443.531,296,0.18517,0.181398,0.00137665,-0.0371601
444.397,295.5,0.18624,0.182631,0.00136034,-0.0364655
445.263,295,0.187278,0.183822,0.00134327,-0.0357885
446.129,294.5,0.188197,0.1849,0.00132173,-0.0350473
446.995,294,0.189003,0.18587,0.00129599,-0.0342423
447.861,293.5,0.189786,0.186809,0.00126998,-0.0334591
448.727,293,0.190547,0.187717,0.00124372,-0.0326976
449.593,292.5,0.191291,0.188595,0.00121862,-0.0319776
450.459,292,0.192038,0.189453,0.00120106,-0.031381
451.325,291.5,0.192745,0.190268,0.0011822,-0.0307766
452.191,291,0.193334,0.190975,0.00115804,-0.0300852
453.057,290.5,0.19391,0.191663,0.00113413,-0.029411
453.923,290,0.194475,0.192334,0.00111046,-0.028754
454.789,289.5,0.195026,0.192986,0.00108703,-0.0281143
455.655,289,0.195565,0.19362,0.00106385,-0.0274918
456.521,288.5,0.196091,0.194236,0.00104091,-0.0268865
457.387,288,0.196509,0.194748,0.00101521,-0.0262303
458.253,287.5,0.196905,0.195234,0.000989485,-0.0255814
459.119,287,0.197311,0.195723,0.000964433,-0.0249688
459.985,286.5,0.197772,0.196254,0.000940516,-0.0244355
460.851,286,0.198222,0.196772,0.000917003,-0.023916
461.717,285.5,0.198663,0.197276,0.000893895,-0.0234103
462.583,285,0.199047,0.197725,0.000869792,-0.0228875
463.449,284.5,0.199387,0.198128,0.000845014,-0.0223531
464.315,284,0.199719,0.198521,0.00082074,-0.0218328
465.181,283.5,0.200045,0.198904,0.000796971,-0.0213266
466.047,283,0.200364,0.199277,0.000773706,-0.0208345
466.913,282.5,0.200676,0.199639,0.000750945,-0.0203564
467.779,282,0.200965,0.199977,0.000728309,-0.0198837
468.645,281.5,0.201202,0.200263,0.000706541,-0.0194087
469.512,281,0.201452,0.200555,0.000689278,-0.0189784
470.378,280.5,0.201699,0.200842,0.000672369,-0.0185585
471.244,280,0.201942,0.201124,0.000655816,-0.018149
472.11,279.5,0.202181,0.201399,0.000639617,-0.0177499
472.976,279,0.202416,0.201669,0.000623773,-0.0173611
473.842,278.5,0.202599,0.201887,0.00060744,-0.0169591
474.708,278,0.202775,0.202097,0.000591385,-0.0165652
475.574,277.5,0.20295,0.202303,0.000575685,-0.0161813
476.44,277,0.203122,0.202505,0.000560339,-0.0158075
477.306,276.5,0.203291,0.202703,0.000545347,-0.0154437
478.172,276,0.203472,0.20291,0.0005306,-0.0151011
479.038,275.5,0.203648,0.203111,0.000515636,-0.0147776
