x,v,vx,vy,vz
220.096,425,0.205324,0.205091,0.000166799,-0.00976508
220.962,424.5,0.205267,0.205026,0.000172069,-0.00995521
221.828,424,0.205201,0.20495,0.000178196,-0.0101523
222.694,423.5,0.205128,0.204866,0.000186959,-0.0103536
223.56,423,0.205062,0.20479,0.000196494,-0.0105558
224.426,422.5,0.204999,0.204716,0.000206144,-0.0107613
225.292,422,0.204939,0.204645,0.000215909,-0.0109701
226.158,421.5,0.204882,0.204576,0.000225789,-0.0111824
227.024,421,0.204825,0.204507,0.000236008,-0.011399
227.89,420.5,0.204735,0.204404,0.000248872,-0.0116312
228.756,420,0.204648,0.204304,0.000261899,-0.0118674
229.622,419.5,0.204565,0.204206,0.00027509,-0.0121076
230.488,419,0.204484,0.20411,0.000288444,-0.0123518
231.355,418.5,0.204406,0.204017,0.000301962,-0.0126001
232.221,418,0.204337,0.203932,0.000312732,-0.0128528
233.087,417.5,0.204239,0.203817,0.000325511,-0.0131203
233.953,417,0.204134,0.203693,0.000339191,-0.0133962
234.819,416.5,0.204032,0.203573,0.000352807,-0.0136774
235.685,416,0.203934,0.203455,0.000366358,-0.0139639
236.551,415.5,0.203839,0.20334,0.000379845,-0.0142558
237.417,415,0.203748,0.203227,0.000393267,-0.0145531
238.283,414.5,0.203634,0.20309,0.000408834,-0.0148646
239.149,414,0.20349,0.202922,0.000427034,-0.0151932
240.015,413.5,0.20335,0.202756,0.00044521,-0.0155285
240.881,413,0.203213,0.202592,0.00046336,-0.0158702
241.747,412.5,0.203104,0.202456,0.000485764,-0.0162042
242.613,412,0.203007,0.202332,0.000509672,-0.0165399
243.479,411.5,0.202906,0.202202,0.000534976,-0.0168838
244.345,411,0.202751,0.202015,0.000567278,-0.0172499
245.211,410.5,0.202601,0.201832,0.000600108,-0.017623
246.077,410,0.202457,0.201654,0.000633465,-0.0180031
246.943,409.5,0.20232,0.201481,0.000667351,-0.01839
247.809,409,0.202188,0.201313,0.000701764,-0.018784
248.675,408.5,0.202063,0.201149,0.000736705,-0.0191849
249.541,408,0.201863,0.200906,0.000779532,-0.0196185
250.407,407.5,0.201652,0.200649,0.000824616,-0.020066
251.273,407,0.201458,0.200409,0.000861302,-0.0205224
252.139,406.5,0.201274,0.200175,0.000896387,-0.0209882
253.005,406,0.201098,0.199947,0.000931504,-0.0214635
253.871,405.5,0.200929,0.199724,0.000966653,-0.0219483
254.737,405,0.200712,0.199449,0.0010093,-0.0224547
255.603,404.5,0.200449,0.199125,0.00105936,-0.0229837
256.469,404,0.200196,0.198806,0.00110967,-0.0235241
257.335,403.5,0.19995,0.198492,0.00116023,-0.0240758
258.201,403,0.199714,0.198185,0.00121103,-0.0246389
259.067,402.5,0.199487,0.197883,0.00126208,-0.0252134
259.933,402,0.199236,0.197553,0.00131657,-0.0258093
260.799,401.5,0.198908,0.19714,0.0013975,-0.026427
261.665,401,0.198597,0.19674,0.00148102,-0.0270543
262.531,400.5,0.198297,0.196348,0.00156586,-0.0276945
263.397,400,0.19801,0.195964,0.001652,-0.0283478
264.263,399.5,0.197735,0.195587,0.00173946,-0.029014
265.13,399,0.197472,0.195219,0.00182822,-0.0296933
265.996,398.5,0.197072,0.194702,0.00194342,-0.0304094
266.862,398,0.196665,0.194172,0.00206399,-0.0311444
267.728,397.5,0.196273,0.193651,0.00218649,-0.0318955
268.594,397,0.195895,0.193139,0.00231095,-0.0326624
269.46,396.5,0.195532,0.192635,0.00243735,-0.0334454
270.326,396,0.195225,0.192184,0.00254329,-0.0342295
271.192,395.5,0.19477,0.191565,0.00266523,-0.0350838
272.058,395,0.194202,0.190815,0.00280064,-0.0360008
272.924,394.5,0.193653,0.190075,0.00293742,-0.0369394
273.79,394,0.193124,0.189344,0.00307558,-0.0378996
274.656,393.5,0.192615,0.188622,0.00321511,-0.0388813
275.522,393,0.192126,0.187911,0.00335602,-0.0398847
276.388,392.5,0.191596,0.187144,0.00351146,-0.0409114
277.254,392,0.190905,0.186198,0.00370864,-0.0419672
278.12,391.5,0.190242,0.185267,0.00390842,-0.0430481
278.986,391,0.18961,0.184352,0.00411156,-0.044152
279.852,390.5,0.189078,0.183541,0.00434075,-0.0452163
280.718,390,0.188579,0.182749,0.00457313,-0.046305
281.584,389.5,0.188114,0.181976,0.00480867,-0.0474182
282.45,389,0.187155,0.180621,0.00508491,-0.0487547
283.316,388.5,0.186192,0.179234,0.00536692,-0.0501395
284.182,388,0.185263,0.177855,0.00565208,-0.0515588
285.048,387.5,0.18437,0.176484,0.00594038,-0.0530129
285.914,387,0.183512,0.175121,0.00623182,-0.0545016
286.78,386.5,0.182692,0.173767,0.00652642,-0.0560249
287.646,386,0.18173,0.172248,0.00687851,-0.0575258
288.512,385.5,0.180723,0.170659,0.00726493,-0.0590231
289.378,385,0.179898,0.169251,0.00762547,-0.0604907
290.244,384.5,0.179148,0.167888,0.00799084,-0.0619961
291.11,384,0.178474,0.166571,0.00836105,-0.0635396
291.976,383.5,0.177879,0.165299,0.00873609,-0.065121
292.842,383,0.177039,0.163653,0.00912584,-0.066911
293.708,382.5,0.17554,0.161067,0.00954242,-0.0691425
294.574,382,0.174121,0.15848,0.00996307,-0.0714348
295.44,381.5,0.172787,0.155893,0.0103878,-0.0737879
296.306,381,0.171541,0.153305,0.0108166,-0.0762019
297.172,380.5,0.170388,0.150716,0.0112495,-0.0786766
298.038,380,0.169342,0.148149,0.0116871,-0.08119
298.905,379.5,0.168402,0.145957,0.0122442,-0.083103
299.771,379,0.167631,0.143867,0.0128037,-0.0850802
300.637,378.5,0.167031,0.141878,0.0133643,-0.0871269
301.503,378,0.166601,0.139991,0.0139261,-0.0892431
302.369,377.5,0.166343,0.138205,0.014489,-0.0914288
303.235,377,0.166256,0.136521,0.015053,-0.0936839
304.101,376.5,0.165087,0.132535,0.0155986,-0.0971849
304.967,376,0.163566,0.127356,0.0161333,-0.101361
305.833,375.5,0.162332,0.122111,0.0166661,-0.105654
306.699,375,0.161407,0.1168,0.017197,-0.110065
307.565,374.5,0.160853,0.111519,0.0177221,-0.114556
308.431,374,0.160756,0.10652,0.0182327,-0.119011
309.297,373.5,0.161113,0.102678,0.0187125,-0.122736
310.163,373,0.16211,0.101204,0.0191317,-0.125185
311.029,372.5,0.163531,0.100066,0.0195438,-0.127856
311.895,372,0.165368,0.0992637,0.0199487,-0.130749
312.761,371.5,0.167615,0.098797,0.0203467,-0.133865
313.627,371,0.170264,0.0986661,0.0207375,-0.137203
314.493,370.5,0.173188,0.09831,0.0211162,-0.141009
315.359,370,0.174429,0.0862208,0.0213854,-0.150114
316.225,369.5,0.176925,0.0736372,0.0216548,-0.159409
317.091,369,0.180707,0.0609524,0.021871,-0.168705
317.957,368.5,0.185459,0.0490447,0.0219113,-0.17751
318.823,368,0.191104,0.0370595,0.0218899,-0.186194
319.689,367.5,0.197562,0.0249967,0.021807,-0.194757
320.555,367,0.203083,0.0266129,0.0204317,-0.200292
321.421,366.5,0.209461,0.0338765,0.0185494,-0.20587
322.287,366,0.217459,0.0418348,0.0166134,-0.21275
323.153,365.5,0.227099,0.0504879,0.0146238,-0.220932
324.019,365,0.238392,0.0598358,0.0125806,-0.230417
324.885,364.5,0.251341,0.0698784,0.0104837,-0.241205
325.751,364,0.26255,0.0621866,0.00773456,-0.254962
326.617,363.5,0.272867,0.029634,0.00318789,-0.271235
327.483,363,0.287486,0.000495347,-0.00360739,-0.287463
328.349,362.5,0.304478,-0.026847,-0.0117118,-0.303066
329.215,362,0.323024,-0.052393,-0.0211255,-0.318046
330.081,361.5,0.342494,-0.0761427,-0.0318483,-0.332401
330.947,361,0.365403,-0.0915086,-0.0433703,-0.351091
331.813,360.5,0.420263,-0.0465384,-0.0517758,-0.414457
332.679,360,0.483854,0.000857418,-0.061635,-0.479911
333.546,359.5,0.554613,0.0506788,-0.0729479,-0.547454
334.412,359,0.631455,0.102926,-0.0857145,-0.617085
335.278,358.5,0.713636,0.157599,-0.0999349,-0.688805
336.144,358,0.795939,0.214061,-0.114445,-0.758024
337.01,357.5,0.808733,0.216098,-0.139455,-0.766748
337.876,357,0.812915,0.225473,-0.156908,-0.765097
338.742,356.5,0.827218,0.259326,-0.162757,-0.768473
339.608,356,0.853869,0.317657,-0.157002,-0.776876
340.474,355.5,0.896916,0.400466,-0.139644,-0.790307
341.34,355,0.961334,0.507752,-0.110682,-0.808765
342.206,354.5,0.880619,0.603318,-0.106158,-0.632636
343.072,354,0.707766,0.646182,-0.130487,-0.257596
343.938,353.5,0.684435,0.663648,-0.143438,0.0863016
344.804,353,0.781177,0.655717,-0.145009,0.399056
345.67,352.5,0.925596,0.610965,-0.134942,0.682085
346.536,352,1.0688,0.544634,-0.10636,0.913454
347.402,351.5,1.1239,0.470755,-0.0407679,1.01975
348.268,351,0.872213,0.367096,0.109321,0.783611
349.134,350.5,0.688277,0.259877,0.239397,0.590659
350,350,0.582012,0.149099,0.349459,0.440892
350.866,349.5,0.553298,0.0347608,0.439508,0.33431
351.732,349,0.583044,-0.0831364,0.509543,0.270913
352.598,348.5,0.646392,-0.204593,0.559565,0.250701
353.464,348,0.629522,-0.204157,0.500464,0.322729
354.33,347.5,0.607449,-0.168274,0.414557,0.410877
355.196,347,0.60276,-0.111871,0.304709,0.507894
356.062,346.5,0.632674,-0.0486648,0.188896,0.601853
356.928,346,0.690212,0.011073,0.0849962,0.684869
357.794,345.5,0.759965,0.0673422,-0.00699097,0.756943
358.66,345,0.7985,0.111123,-0.04386,0.789512
359.526,344.5,0.806979,0.141308,-0.0391352,0.793546
360.392,344,0.814738,0.165331,-0.0342341,0.797052
361.258,343.5,0.821252,0.183192,-0.0291567,0.800029
362.124,343,0.826149,0.19489,-0.0239028,0.802477
362.99,342.5,0.829195,0.200426,-0.0184725,0.804396
363.856,342,0.826525,0.1984,-0.0164833,0.802191
364.722,341.5,0.802604,0.186269,-0.020855,0.780411
365.588,341,0.776055,0.172103,-0.0212408,0.756433
366.454,340.5,0.751441,0.157742,-0.0216892,0.734378
367.321,340,0.728794,0.143187,-0.0222,0.714244
368.187,339.5,0.708151,0.128438,-0.0227734,0.696034
369.053,339,0.689553,0.113495,-0.0234093,0.679745
369.919,338.5,0.670229,0.103703,-0.0229093,0.661761
370.785,338,0.651587,0.0948699,-0.0223738,0.644255
371.651,337.5,0.633883,0.0864217,-0.0219402,0.627581
372.517,337,0.617116,0.0783582,-0.0216085,0.61174
373.383,336.5,0.601282,0.0706793,-0.0213789,0.59673
374.249,336,0.587264,0.0623887,-0.0213507,0.58355
375.115,335.5,0.572189,0.05361,-0.0212856,0.569274
375.981,335,0.556081,0.0449773,-0.021163,0.553855
376.847,334.5,0.540377,0.0365286,-0.021056,0.53873
377.713,334,0.525079,0.0282639,-0.0209647,0.523898
378.579,333.5,0.510188,0.0201832,-0.0208889,0.50936
379.445,333,0.495706,0.0122864,-0.0208287,0.495116
380.311,332.5,0.482103,0.00540987,-0.0206972,0.481628
381.177,332,0.469993,0.00099158,-0.0204105,0.469549
382.043,331.5,0.457994,-0.00324374,-0.0202435,0.457535
382.909,331,0.446104,-0.0072961,-0.020196,0.445587
383.775,330.5,0.435049,-0.0121024,-0.0202324,0.43441
384.641,330,0.424444,-0.0172197,-0.0202795,0.423609
385.507,329.5,0.414018,-0.0223021,-0.0203356,0.412917
386.373,329,0.402056,-0.0274721,-0.0202689,0.400603
387.239,328.5,0.390205,-0.032459,-0.0201831,0.388329
388.105,328,0.378549,-0.0372532,-0.020084,0.376176
388.971,327.5,0.367086,-0.0418548,-0.0199717,0.364145
389.837,327,0.355816,-0.0462638,-0.0198461,0.352237
390.703,326.5,0.344737,-0.0504801,-0.0197072,0.340451
391.569,326,0.333507,-0.0533045,-0.0196422,0.328633
392.435,325.5,0.322189,-0.0552192,-0.0196346,0.316814
393.301,325,0.311698,-0.0569642,-0.0197258,0.305813
394.167,324.5,0.301533,-0.0586028,-0.019842,0.295117
395.033,324,0.29149,-0.060129,-0.0199576,0.284521
395.899,323.5,0.281569,-0.061543,-0.0200725,0.274026
396.765,323,0.271345,-0.0625275,-0.0201818,0.26327
397.631,322.5,0.260373,-0.0627225,-0.0202578,0.251892
398.497,322,0.249544,-0.0627796,-0.0203,0.240664
399.363,321.5,0.238858,-0.0626988,-0.0203082,0.229585
400.229,321,0.228311,-0.0624802,-0.0202826,0.218657
401.095,320.5,0.217903,-0.0621236,-0.020223,0.207878
401.962,320,0.207621,-0.0616137,-0.0201292,0.197244
402.828,319.5,0.197119,-0.059665,-0.0199465,0.186811
403.694,319,0.186863,-0.0577014,-0.0197388,0.176632
404.56,318.5,0.176748,-0.0556759,-0.0195122,0.166611
405.426,318,0.166773,-0.0535887,-0.0192667,0.156749
406.292,317.5,0.156937,-0.0514397,-0.0190023,0.147045
407.158,317,0.147241,-0.0492289,-0.0187191,0.137499
408.024,316.5,0.137167,-0.0460094,-0.0183269,0.127914
408.89,316,0.12704,-0.0423475,-0.0178775,0.118432
409.756,315.5,0.117093,-0.0386649,-0.0174107,0.109146
410.622,315,0.10733,-0.0349617,-0.0169265,0.100054
411.488,314.5,0.0977513,-0.031238,-0.0164248,0.0911578
412.354,314,0.0893404,-0.0280007,-0.0160883,0.0832997
413.22,313.5,0.0810854,-0.0243475,-0.0157143,0.0757304
414.086,313,0.0728531,-0.0199739,-0.01526,0.0683794
414.952,312.5,0.0648837,-0.0156291,-0.0147948,0.0612106
415.818,312,0.0572124,-0.0113131,-0.0143186,0.054224
416.684,311.5,0.0498929,-0.0070259,-0.0138316,0.0474197
417.55,311,0.0430103,-0.00276747,-0.0133337,0.0407976
418.416,310.5,0.0367237,0.00152917,-0.0128187,0.0343798
419.282,310,0.0316924,0.00673122,-0.0122084,0.0284614
420.148,309.5,0.0281358,0.0118607,-0.0115956,0.0227264
421.014,309,0.0264904,0.0169175,-0.0109805,0.0171747
421.88,308.5,0.0267465,0.0215016,-0.0105226,0.0119303
422.746,308,0.0287119,0.026,-0.010072,0.00685017
423.612,307.5,0.0319696,0.0304256,-0.00962359,0.00193006
424.478,307,0.0365046,0.035261,-0.00912251,-0.00245582
425.344,306.5,0.0415967,0.040162,-0.00860946,-0.00657075
426.21,306,0.0468897,0.0449652,-0.00810321,-0.010541
427.076,305.5,0.0522627,0.0496707,-0.00760378,-0.0143664
427.942,305,0.0576403,0.0542783,-0.00711115,-0.0180472
428.808,304.5,0.0629744,0.0587881,-0.00662534,-0.0215832
429.674,304,0.0683218,0.0634011,-0.00613077,-0.02471
430.54,303.5,0.0736532,0.06815,-0.00562976,-0.027362
431.406,303,0.0785069,0.0724239,-0.00524974,-0.029842
432.272,302.5,0.0832497,0.0766035,-0.00487751,-0.0322278
433.138,302,0.0878784,0.0806887,-0.00451307,-0.0345194
434.004,301.5,0.0923906,0.0846795,-0.00415642,-0.0367169
434.87,301,0.0967787,0.088601,-0.00380504,-0.0387492
435.737,300.5,0.101008,0.0926057,-0.00344468,-0.0401853
436.603,300,0.105118,0.0965085,-0.00309474,-0.0415502
437.469,299.5,0.109111,0.100309,-0.00275521,-0.0428439
438.335,299,0.112984,0.104008,-0.00242609,-0.0440666
439.201,298.5,0.116739,0.107605,-0.00210739,-0.0452181
440.067,298,0.120373,0.111092,-0.00180576,-0.0463127
440.933,297.5,0.123773,0.114473,-0.00157934,-0.0470446
441.799,297,0.127059,0.117786,-0.00136157,-0.0476316
442.665,296.5,0.130256,0.121012,-0.00115204,-0.0481805
443.531,296,0.133363,0.124153,-0.000950736,-0.0486914
444.397,295.5,0.13638,0.127207,-0.00075767,-0.0491642
445.263,295,0.139306,0.130176,-0.000572838,-0.049599
446.129,294.5,0.142048,0.133041,-0.000400441,-0.0497751
446.995,294,0.144615,0.135806,-0.000240489,-0.0496987
447.861,293.5,0.147106,0.138491,-8.8594e-05,-0.0496028
448.727,293,0.149522,0.141095,5.52452e-05,-0.0494875
449.593,292.5,0.151856,0.143602,0.000188011,-0.0493815
450.459,292,0.154086,0.145948,0.000298132,-0.0494122
451.325,291.5,0.156223,0.148219,0.000400371,-0.0493608
452.191,291,0.158151,0.15037,0.000485257,-0.0489955
453.057,290.5,0.160032,0.152464,0.00056615,-0.048627
453.923,290,0.161864,0.154502,0.00064305,-0.0482551
454.789,289.5,0.163647,0.156484,0.000715957,-0.04788
455.655,289,0.16538,0.158409,0.000784871,-0.0475016
456.521,288.5,0.167063,0.160278,0.000849793,-0.0471198
457.387,288,0.16854,0.161997,0.000900256,-0.046497
458.253,287.5,0.169954,0.163651,0.000945858,-0.045843
459.119,287,0.171351,0.165271,0.00098546,-0.0452305
459.985,286.5,0.172789,0.166892,0.00101243,-0.0447454
460.851,286,0.174192,0.168471,0.00103752,-0.0442654
461.717,285.5,0.175559,0.170007,0.00106073,-0.0437905
462.583,285,0.176805,0.171442,0.00107587,-0.0432027
463.449,284.5,0.17795,0.17279,0.00108448,-0.0425277
464.315,284,0.179069,0.174103,0.00109182,-0.0418648
465.181,283.5,0.180159,0.175379,0.00109789,-0.0412138
466.047,283,0.181222,0.176618,0.00110269,-0.0405748
466.913,282.5,0.182257,0.177822,0.00110622,-0.0399478
467.779,282,0.183231,0.178964,0.00110659,-0.0392957
468.645,281.5,0.184082,0.179992,0.00110122,-0.0385699
469.512,281,0.184931,0.180993,0.0010992,-0.037945
470.378,280.5,0.185763,0.18197,0.00109667,-0.0373318
471.244,280,0.186577,0.182922,0.00109364,-0.0367305
472.11,279.5,0.187373,0.183851,0.00109011,-0.0361409
472.976,279,0.18815,0.184756,0.00108607,-0.0355632
473.842,278.5,0.188806,0.185551,0.00107691,-0.0348886
474.708,278,0.189439,0.18632,0.00106694,-0.0342187
475.574,277.5,0.190059,0.187069,0.00105657,-0.0335634
476.44,277,0.190667,0.1878,0.0010458,-0.0329226
477.306,276.5,0.19126,0.188511,0.00103464,-0.0322963
478.172,276,0.191867,0.189225,0.0010223,-0.0317137
479.038,275.5,0.192452,0.189912,0.00100643,-0.0311473
