x,v,vx,vy,vz
220.096,425,0.170343,0.169915,0.00233983,-0.0118361
220.962,424.5,0.169412,0.168962,0.00241207,-0.0120942
221.828,424,0.168401,0.167929,0.00249105,-0.0123495
222.694,423.5,0.167297,0.166801,0.00258111,-0.0126033
223.56,423,0.166201,0.16568,0.00267257,-0.0128747
224.426,422.5,0.1651,0.164552,0.0027649,-0.0131604
225.292,422,0.163995,0.163417,0.0028581,-0.0134603
226.158,421.5,0.162886,0.162276,0.00295219,-0.0137745
227.024,421,0.161753,0.161109,0.00304877,-0.0140998
227.89,420.5,0.160395,0.159716,0.00316441,-0.014405
228.756,420,0.15903,0.158313,0.00328124,-0.0147275
229.622,419.5,0.157659,0.1569,0.00339924,-0.0150674
230.488,419,0.156281,0.155478,0.00351843,-0.0154247
231.355,418.5,0.154896,0.154045,0.0036388,-0.0157994
232.221,418,0.153559,0.152656,0.00375564,-0.0162032
233.087,417.5,0.152006,0.151047,0.00389147,-0.0165952
233.953,417,0.150378,0.149359,0.00403454,-0.017
234.819,416.5,0.148746,0.147662,0.00417887,-0.0174288
235.685,416,0.147111,0.145956,0.00432447,-0.0178816
236.551,415.5,0.145473,0.144241,0.00447133,-0.0183585
237.417,415,0.143833,0.142517,0.00461944,-0.0188594
238.283,414.5,0.14201,0.140603,0.00478385,-0.019363
239.149,414,0.139964,0.138457,0.00496796,-0.0198696
240.015,413.5,0.137913,0.136298,0.00515374,-0.0204066
240.881,413,0.135859,0.134124,0.00534117,-0.0209741
241.747,412.5,0.133884,0.132018,0.00553064,-0.0215825
242.613,412,0.131938,0.129927,0.00572166,-0.0222267
243.479,411.5,0.12993,0.127759,0.00592018,-0.0228962
244.345,411,0.12749,0.125143,0.00615837,-0.0235572
245.211,410.5,0.125061,0.122518,0.00639832,-0.0242609
246.077,410,0.122643,0.119883,0.00664005,-0.0250073
246.943,409.5,0.12024,0.117239,0.00688355,-0.0257964
247.809,409,0.117854,0.114584,0.00712883,-0.0266283
248.675,408.5,0.115486,0.111921,0.00737587,-0.0275028
249.541,408,0.112589,0.108678,0.00766919,-0.0284009
250.407,407.5,0.109602,0.105298,0.00797426,-0.0293504
251.273,407,0.106815,0.102078,0.00826988,-0.0303522
252.139,406.5,0.104114,0.0988921,0.0085648,-0.0314107
253.005,406,0.101473,0.0957095,0.00886112,-0.0325268
253.871,405.5,0.0989009,0.0925299,0.00915885,-0.0337004
254.737,405,0.0960002,0.0889151,0.00949312,-0.0349288
255.603,404.5,0.0928143,0.0848811,0.00986299,-0.0362272
256.469,404,0.0897542,0.0808522,0.0102346,-0.0376031
257.335,403.5,0.0868362,0.0768283,0.0106079,-0.0390565
258.201,403,0.0840784,0.0728094,0.0109829,-0.0405876
259.067,402.5,0.0815008,0.0687956,0.0113596,-0.0421961
259.933,402,0.0789548,0.0645597,0.0117527,-0.0439066
260.799,401.5,0.0761467,0.0596536,0.0121998,-0.0457267
261.665,401,0.0737125,0.0548175,0.0126455,-0.0476306
262.531,400.5,0.0716705,0.0500251,0.0130909,-0.0496264
263.397,400,0.0700538,0.0452764,0.0135359,-0.0517143
264.263,399.5,0.0688918,0.0405715,0.0139805,-0.0538942
265.13,399,0.0682073,0.0359103,0.0144247,-0.056166
265.996,398.5,0.0676878,0.0301294,0.0149402,-0.0587422
266.862,398,0.0678699,0.0242638,0.0154643,-0.0614691
267.728,397.5,0.0688036,0.0184758,0.0159871,-0.0643195
268.594,397,0.0704548,0.0127653,0.0165085,-0.0672934
269.46,396.5,0.0727715,0.00713243,0.0170285,-0.0703907
270.326,396,0.0753594,0.00195656,0.0175297,-0.0732661
271.192,395.5,0.0787715,-0.00404366,0.0180607,-0.0765663
272.058,395,0.0830395,-0.01063,0.0186153,-0.0802249
272.924,394.5,0.0878026,-0.0170689,0.0191692,-0.0839672
273.79,394,0.0929644,-0.0233604,0.0197226,-0.0877934
274.656,393.5,0.0984435,-0.0295043,0.0202754,-0.0917035
275.522,393,0.104173,-0.0355008,0.0208277,-0.0956973
276.388,392.5,0.110406,-0.0417059,0.0213876,-0.0999636
277.254,392,0.117726,-0.0487699,0.0219717,-0.104872
278.12,391.5,0.125158,-0.0555823,0.0225551,-0.109848
278.986,391,0.132639,-0.0621446,0.0231378,-0.114873
279.852,390.5,0.13968,-0.0685525,0.0237185,-0.119367
280.718,390,0.146721,-0.0747928,0.0243035,-0.123864
281.584,389.5,0.153741,-0.0808653,0.0248929,-0.128364
282.45,389,0.162148,-0.0880512,0.025511,-0.133746
283.316,388.5,0.170546,-0.0951366,0.0261425,-0.13911
284.182,388,0.178821,-0.102031,0.0267861,-0.144393
285.048,387.5,0.186961,-0.108735,0.0274418,-0.149593
285.914,387,0.194955,-0.115247,0.0281095,-0.154711
286.78,386.5,0.202798,-0.121569,0.0287893,-0.159747
287.646,386,0.211289,-0.128157,0.0291382,-0.165438
288.512,385.5,0.21992,-0.134899,0.0293847,-0.171183
289.378,385,0.228768,-0.142091,0.0296177,-0.176827
290.244,384.5,0.237508,-0.149311,0.0299241,-0.182266
291.11,384,0.24614,-0.156558,0.0303037,-0.1875
291.976,383.5,0.254666,-0.163833,0.0307568,-0.192529
292.842,383,0.263925,-0.170403,0.0308502,-0.199167
293.708,382.5,0.274834,-0.175704,0.0301424,-0.209173
294.574,382,0.285369,-0.181603,0.0296788,-0.218116
295.44,381.5,0.295506,-0.188102,0.0294595,-0.225995
296.306,381,0.305242,-0.195199,0.0294844,-0.23281
297.172,380.5,0.314584,-0.202894,0.0297536,-0.238562
298.038,380,0.323869,-0.21104,0.0301458,-0.243812
298.905,379.5,0.33358,-0.214432,0.0294847,-0.253821
299.771,379,0.344241,-0.219214,0.0287196,-0.26386
300.637,378.5,0.35584,-0.225436,0.027855,-0.273906
301.503,378,0.368363,-0.233097,0.026891,-0.283961
302.369,377.5,0.381807,-0.242198,0.0258274,-0.294023
303.235,377,0.396178,-0.252738,0.0246644,-0.304093
304.101,376.5,0.397028,-0.262312,0.026011,-0.296895
304.967,376,0.396854,-0.271299,0.0274562,-0.288333
305.833,375.5,0.403128,-0.280685,0.0275426,-0.288044
306.699,375,0.415569,-0.290471,0.0262703,-0.296029
307.565,374.5,0.431877,-0.299615,0.0240124,-0.310116
308.431,374,0.444355,-0.305849,0.0222007,-0.321581
309.297,373.5,0.447947,-0.332932,0.0166351,-0.299227
310.163,373,0.448931,-0.389046,0.00594629,-0.223935
311.029,372.5,0.466248,-0.435836,-0.00374317,-0.165589
311.895,372,0.489483,-0.473304,-0.0124333,-0.124188
312.761,371.5,0.511666,-0.501449,-0.0201241,-0.0997324
313.627,371,0.529061,-0.52027,-0.0268156,-0.0922219
314.493,370.5,0.54536,-0.536232,-0.0338693,-0.0934119
315.359,370,0.686069,-0.679806,-0.0675121,0.0632175
316.225,369.5,0.851809,-0.819547,-0.0989147,0.21009
317.091,369,1.02227,-0.951899,-0.128496,0.349883
317.957,368.5,1.17386,-1.06122,-0.156507,0.476737
318.823,368,1.30073,-1.15091,-0.181653,0.578179
319.689,367.5,1.40014,-1.22099,-0.203934,0.654208
320.555,367,1.56928,-1.3341,-0.24152,0.790231
321.421,366.5,1.77742,-1.47275,-0.285462,0.953284
322.287,366,1.99201,-1.61733,-0.329474,1.11525
323.153,365.5,2.21209,-1.76786,-0.373557,1.27612
324.019,365,2.43707,-1.92433,-0.417711,1.43589
324.885,364.5,2.66656,-2.08673,-0.461935,1.59458
325.751,364,2.85564,-2.2244,-0.506068,1.71773
326.617,363.5,2.97615,-2.31156,-0.549886,1.79215
327.483,363,3.06128,-2.367,-0.589894,1.84954
328.349,362.5,3.16737,-2.4389,-0.633753,1.91895
329.215,362,3.29438,-2.52727,-0.681462,2.00036
330.081,361.5,3.44227,-2.63211,-0.733022,2.09377
330.947,361,3.58498,-2.73556,-0.784526,2.18021
331.813,360.5,3.52862,-2.70351,-0.807883,2.11885
332.679,360,3.51114,-2.69827,-0.839639,2.08386
333.546,359.5,3.53243,-2.71982,-0.879795,2.07524
334.412,359,3.59239,-2.76819,-0.92835,2.09299
335.278,358.5,3.6909,-2.84335,-0.985304,2.13712
336.144,358,3.7524,-2.88186,-1.03571,2.16858
337.01,357.5,3.52979,-2.70749,-1.02702,2.01845
337.876,357,3.29418,-2.52134,-1.01474,1.86139
338.742,356.5,3.10198,-2.36198,-1.0109,1.73822
339.608,356,2.95306,-2.22942,-1.01551,1.64893
340.474,355.5,2.84731,-2.12364,-1.02857,1.59352
341.34,355,2.78469,-2.04466,-1.05009,1.572
342.206,354.5,2.64633,-1.92591,-1.01833,1.50232
343.072,354,2.40331,-1.7532,-0.912306,1.36743
343.938,353.5,2.18361,-1.59871,-0.796072,1.2564
344.804,353,1.98851,-1.46242,-0.669633,1.16923
345.67,352.5,1.72742,-1.27607,-0.501956,1.05056
346.536,352,1.39332,-1.03077,-0.292736,0.890597
347.402,351.5,1.09455,-0.795403,-0.0824601,0.74738
348.268,351,0.828111,-0.551438,0.0946019,0.61052
349.134,350.5,0.666883,-0.358178,0.247037,0.505385
350,350,0.611234,-0.215625,0.374845,0.431977
350.866,349.5,0.629411,-0.123777,0.478026,0.390294
351.732,349,0.679165,-0.0826355,0.55658,0.380336
352.598,348.5,0.736823,-0.0921995,0.610507,0.402105
353.464,348,0.724689,-0.0799498,0.501651,0.516845
354.33,347.5,0.728675,-0.0410275,0.351384,0.637035
355.196,347,0.764145,0.0207434,0.180742,0.742173
356.062,346.5,0.828038,0.0853282,0.0209365,0.823363
356.928,346,0.901543,0.142981,-0.113791,0.882829
357.794,345.5,0.9669,0.193701,-0.22344,0.92057
358.66,345,0.964353,0.227453,-0.241219,0.905569
359.526,344.5,0.915789,0.244339,-0.197739,0.860155
360.392,344,0.871037,0.253044,-0.160029,0.817964
361.258,343.5,0.829179,0.253567,-0.128088,0.778996
362.124,343,0.789482,0.245908,-0.101917,0.743252
362.99,342.5,0.751474,0.230067,-0.0815161,0.710731
363.856,342,0.716886,0.209621,-0.0680768,0.682166
364.722,341.5,0.702514,0.208179,-0.0575351,0.668489
365.588,341,0.696926,0.211807,-0.0457319,0.662384
366.454,340.5,0.692503,0.214721,-0.0357814,0.6574
367.321,340,0.689153,0.21692,-0.0276836,0.653538
368.187,339.5,0.686801,0.218404,-0.0214385,0.650797
369.053,339,0.685389,0.219174,-0.0170462,0.649177
369.919,338.5,0.682302,0.218094,-0.0159958,0.646308
370.785,338,0.678192,0.216273,-0.0156551,0.642593
371.651,337.5,0.673267,0.213845,-0.0157853,0.638208
372.517,337,0.667527,0.210808,-0.0163864,0.633154
373.383,336.5,0.660977,0.207163,-0.0174584,0.627431
374.249,336,0.651735,0.201757,-0.0193624,0.619418
375.115,335.5,0.638068,0.194901,-0.0203404,0.607232
375.981,335,0.622588,0.187718,-0.0206098,0.593256
376.847,334.5,0.607586,0.180518,-0.020833,0.579776
377.713,334,0.593064,0.173299,-0.0210098,0.56679
378.579,333.5,0.579025,0.166062,-0.0211404,0.554299
379.445,333,0.565475,0.158806,-0.0212246,0.542302
380.311,332.5,0.552507,0.152308,-0.0211424,0.530678
381.177,332,0.540225,0.147853,-0.0207386,0.519184
382.043,331.5,0.528352,0.143301,-0.0203698,0.508139
382.909,331,0.516889,0.138653,-0.020036,0.497542
383.775,330.5,0.506338,0.133032,-0.0196572,0.488154
384.641,330,0.496284,0.127135,-0.0192792,0.479336
385.507,329.5,0.486514,0.121332,-0.0189329,0.470762
386.373,329,0.476942,0.116356,-0.0181657,0.462174
387.239,328.5,0.467576,0.111476,-0.0174467,0.453757
388.105,328,0.458418,0.106657,-0.0167986,0.445521
388.971,327.5,0.44947,0.101897,-0.0162215,0.437467
389.837,327,0.440733,0.097197,-0.0157153,0.429594
390.703,326.5,0.432206,0.0925571,-0.01528,0.421903
391.569,326,0.423912,0.0883036,-0.0148405,0.414347
392.435,325.5,0.415801,0.0842627,-0.0144304,0.406918
393.301,325,0.408006,0.0801051,-0.0140309,0.399819
394.167,324.5,0.400377,0.0759476,-0.0136562,0.392871
395.033,324,0.392867,0.0718309,-0.0133199,0.386015
395.899,323.5,0.385477,0.0677551,-0.013022,0.379252
396.765,323,0.378122,0.0637673,-0.0127493,0.372488
397.631,322.5,0.370695,0.0599271,-0.0124928,0.365606
398.497,322,0.363364,0.0561407,-0.0122822,0.358791
399.363,321.5,0.35613,0.0524081,-0.0121178,0.352044
400.229,321,0.348992,0.0487293,-0.0119994,0.345364
401.095,320.5,0.341951,0.0451043,-0.0119271,0.338753
401.962,320,0.335004,0.0415364,-0.0119013,0.332206
402.828,319.5,0.328224,0.038139,-0.0118014,0.325787
403.694,319,0.321584,0.0347853,-0.0116897,0.319483
404.56,318.5,0.315023,0.0315161,-0.011594,0.313228
405.426,318,0.308542,0.0283315,-0.0115144,0.307022
406.292,317.5,0.30214,0.0252316,-0.0114508,0.300866
407.158,317,0.295816,0.0222163,-0.0114033,0.29476
408.024,316.5,0.289259,0.0194643,-0.0113992,0.288378
408.89,316,0.282632,0.0168752,-0.011419,0.281896
409.756,315.5,0.276068,0.0143704,-0.0114498,0.275456
410.622,315,0.269567,0.0119499,-0.0114918,0.269057
411.488,314.5,0.263128,0.00961365,-0.011545,0.262699
412.354,314,0.256983,0.0072321,-0.0115515,0.256622
413.22,313.5,0.250763,0.00508208,-0.011578,0.250444
414.086,313,0.24434,0.00328379,-0.0116406,0.24404
414.952,312.5,0.237978,0.00156313,-0.0117017,0.237685
415.818,312,0.231676,-7.98998e-05,-0.0117613,0.231377
416.684,311.5,0.225435,-0.00164529,-0.0118195,0.225119
417.55,311,0.219252,-0.00313306,-0.0118762,0.218908
418.416,310.5,0.213098,-0.00451052,-0.0119332,0.212716
419.282,310,0.206564,-0.00534393,-0.012012,0.206145
420.148,309.5,0.200088,-0.00610053,-0.0120844,0.19963
421.014,309,0.19367,-0.00678031,-0.0121507,0.19317
421.88,308.5,0.187569,-0.00747549,-0.0121503,0.187026
422.746,308,0.181524,-0.00810647,-0.0121411,0.180936
423.612,307.5,0.175526,-0.0086704,-0.0121251,0.174892
424.478,307,0.169278,-0.00870754,-0.0121118,0.168619
425.344,306.5,0.162983,-0.00853258,-0.0120928,0.16231
426.21,306,0.156743,-0.00829936,-0.0120644,0.156057
427.076,305.5,0.150555,-0.0080079,-0.0120268,0.14986
427.942,305,0.144421,-0.00765818,-0.0119798,0.14372
428.808,304.5,0.138341,-0.00725022,-0.0119236,0.137635
429.674,304,0.132171,-0.00650471,-0.0118508,0.131478
430.54,303.5,0.125899,-0.0053533,-0.0117584,0.125234
431.406,303,0.120154,-0.00430997,-0.0116846,0.119507
432.272,302.5,0.114489,-0.00322686,-0.011602,0.113854
433.138,302,0.108906,-0.00210398,-0.0115106,0.108276
434.004,301.5,0.103407,-0.000941313,-0.0114102,0.102771
434.87,301,0.0979759,0.000339882,-0.011297,0.0973218
435.737,300.5,0.0925174,0.00222384,-0.0111455,0.0918167
436.603,300,0.0871871,0.00413216,-0.0109852,0.0863935
437.469,299.5,0.0819955,0.00606483,-0.0108162,0.0810524
438.335,299,0.0769555,0.00802187,-0.0106384,0.0757933
439.201,298.5,0.072083,0.0100033,-0.0104519,0.0706162
440.067,298,0.0674153,0.0119897,-0.010259,0.0655425
440.933,297.5,0.0631806,0.0142807,-0.0100541,0.0607187
441.799,297,0.0592273,0.016685,-0.00983891,0.0559704
442.665,296.5,0.0555813,0.0190875,-0.00962001,0.0513069
443.531,296,0.0522839,0.0214883,-0.00939741,0.0467285
444.397,295.5,0.0493812,0.0238873,-0.0091711,0.0422349
445.263,295,0.0469218,0.0262846,-0.0089411,0.0378263
446.129,294.5,0.0451455,0.0289414,-0.00868945,0.033541
446.995,294,0.0441469,0.0318549,-0.00841676,0.0293833
447.861,293.5,0.0437573,0.0347504,-0.00814201,0.0253144
448.727,293,0.0439647,0.0376281,-0.00786521,0.0213344
449.593,292.5,0.0447233,0.0404568,-0.00759755,0.0174843
450.459,292,0.0458951,0.0430991,-0.00738845,0.0139371
451.325,291.5,0.0475314,0.0457998,-0.00717213,0.0104963
452.191,291,0.0498573,0.0488349,-0.00692973,0.0072716
453.057,290.5,0.0524288,0.051837,-0.00668709,0.00412188
453.923,290,0.0551934,0.0548059,-0.00644423,0.0010471
454.789,289.5,0.0581067,0.0577418,-0.00620114,-0.00195273
455.655,289,0.0611315,0.0606446,-0.00595783,-0.00487762
456.521,288.5,0.0642374,0.0635144,-0.00571429,-0.00772757
457.387,288,0.0676514,0.066641,-0.00544688,-0.0102962
458.253,287.5,0.0711148,0.0697688,-0.0051772,-0.0127603
459.119,287,0.0745334,0.0728137,-0.0049193,-0.0151392
459.985,286.5,0.0778011,0.0756841,-0.00470002,-0.0174024
460.851,286,0.0810474,0.0785131,-0.00448374,-0.019603
461.717,285.5,0.0842656,0.0813006,-0.00427048,-0.021741
462.583,285,0.0875335,0.0841772,-0.00405163,-0.0236624
463.449,284.5,0.0908223,0.0871144,-0.00382954,-0.025399
464.315,284,0.0940574,0.0900023,-0.00361159,-0.0270801
465.181,283.5,0.0972368,0.092841,-0.00339776,-0.0287056
466.047,283,0.100359,0.0956304,-0.00318807,-0.0302755
466.913,282.5,0.103423,0.0983706,-0.00298251,-0.0317898
467.779,282,0.106439,0.101096,-0.00277849,-0.033181
468.645,281.5,0.109393,0.103844,-0.00258163,-0.0342999
469.512,281,0.112191,0.106439,-0.0024167,-0.0353812
470.378,280.5,0.114933,0.108985,-0.00225497,-0.0364251
471.244,280,0.117619,0.111484,-0.00209644,-0.0374317
472.11,279.5,0.120249,0.113936,-0.00194111,-0.0384009
472.976,279,0.122822,0.11634,-0.00178898,-0.0393328
473.842,278.5,0.125322,0.118767,-0.0016366,-0.039968
474.708,278,0.127766,0.121151,-0.00148753,-0.0405508
475.574,277.5,0.130154,0.123486,-0.0013421,-0.0411047
476.44,277,0.132487,0.125771,-0.0012003,-0.0416298
477.306,276.5,0.134764,0.128006,-0.00106213,-0.042126
478.172,276,0.136979,0.130178,-0.000936276,-0.0426136
479.038,275.5,0.139094,0.132291,-0.000829974,-0.042959
