x,v,vx,vy,vz
220.096,425,0.370854,0.369625,-0.0257332,-0.0157382
220.962,424.5,0.371814,0.370618,-0.0270415,-0.0125372
221.828,424,0.373435,0.372234,-0.0285865,-0.00884741
222.694,423.5,0.376023,0.374753,-0.0305647,-0.00442511
223.56,423,0.3787,0.377297,-0.0325692,0.000290794
224.426,422.5,0.381563,0.379961,-0.0345248,0.00528317
225.292,422,0.384618,0.382743,-0.0364315,0.010552
226.158,421.5,0.387876,0.385645,-0.0382893,0.0160973
227.024,421,0.39151,0.388854,-0.0399153,0.0218861
227.89,420.5,0.397188,0.394281,-0.0391863,0.0276613
228.756,420,0.403055,0.399837,-0.0379155,0.0338575
229.622,419.5,0.409133,0.405522,-0.0361027,0.0404748
230.488,419,0.415446,0.411338,-0.0337481,0.0475132
231.355,418.5,0.422017,0.417283,-0.0308515,0.0549727
232.221,418,0.424587,0.419209,-0.0249493,0.0625749
233.087,417.5,0.422372,0.416583,-0.0157001,0.0678989
233.953,417,0.417547,0.411222,-0.00580645,0.072169
234.819,416.5,0.410719,0.403595,0.0041784,0.0760481
235.685,416,0.401909,0.393703,0.0142544,0.0795363
236.551,415.5,0.391153,0.381544,0.0244216,0.0826336
237.417,415,0.378501,0.36712,0.0346799,0.0853399
238.283,414.5,0.363007,0.34987,0.0435612,0.0864138
239.149,414,0.344932,0.330281,0.0501723,0.0858781
240.015,413.5,0.325678,0.309257,0.0560668,0.0853395
240.881,413,0.305276,0.286796,0.0612447,0.0847982
241.747,412.5,0.28538,0.26581,0.0622826,0.0831144
242.613,412,0.266412,0.245927,0.0617836,0.0817184
243.479,411.5,0.24824,0.226726,0.0605778,0.0809247
244.345,411,0.231353,0.209073,0.0581674,0.0801833
245.211,410.5,0.215091,0.191791,0.0556626,0.0798899
246.077,410,0.199513,0.174878,0.0530632,0.0800445
246.943,409.5,0.184693,0.158336,0.0503694,0.0806471
247.809,409,0.170731,0.142164,0.0475811,0.0816978
248.675,408.5,0.157757,0.126363,0.0446983,0.0831964
249.541,408,0.145607,0.110174,0.0422755,0.0852982
250.407,407.5,0.134581,0.09365,0.039985,0.0879944
251.273,407,0.126904,0.0808649,0.0390757,0.0896579
252.139,406.5,0.11997,0.0684343,0.0382319,0.0908174
253.005,406,0.113512,0.055611,0.0371844,0.0917041
253.871,405.5,0.107755,0.042395,0.0359331,0.0923181
254.737,405,0.102653,0.0300499,0.03424,0.0919906
255.603,404.5,0.0983064,0.0186215,0.0320589,0.0910473
256.469,404,0.0952168,0.00691651,0.0296023,0.0902336
257.335,403.5,0.093631,-0.00506507,0.0268703,0.0895494
258.201,403,0.0937529,-0.0173232,0.0238627,0.0889948
259.067,402.5,0.0957059,-0.029858,0.0205796,0.0885697
259.933,402,0.0984233,-0.0419395,0.0171438,0.0873746
260.799,401.5,0.0975836,-0.0489798,0.0159343,0.0828833
261.665,401,0.0972389,-0.055845,0.0145265,0.078267
262.531,400.5,0.0974662,-0.0627594,0.0127079,0.0734808
263.397,400,0.0983195,-0.0697229,0.0104786,0.0685247
264.263,399.5,0.0998458,-0.0767356,0.00783858,0.0633987
265.13,399,0.102083,-0.0837975,0.00478779,0.0581027
265.996,398.5,0.102048,-0.0899535,0.00242325,0.0481285
266.862,398,0.103253,-0.0961909,-0.000327518,0.0375289
267.728,397.5,0.106189,-0.102652,-0.0036238,0.0269359
268.594,397,0.110803,-0.109336,-0.00746561,0.0163495
269.46,396.5,0.116989,-0.116244,-0.0118529,0.0057695
270.326,396,0.122226,-0.121102,-0.0141224,-0.00860467
271.192,395.5,0.128253,-0.125075,-0.0135601,-0.0249223
272.058,395,0.13584,-0.128752,-0.011086,-0.0418658
272.924,394.5,0.145562,-0.133017,-0.00901438,-0.0584255
273.79,394,0.156931,-0.13787,-0.00734512,-0.0746016
274.656,393.5,0.169547,-0.143312,-0.00607824,-0.0903938
275.522,393,0.183097,-0.149342,-0.00521375,-0.105802
276.388,392.5,0.197081,-0.155352,-0.00493866,-0.121171
277.254,392,0.210683,-0.159556,-0.00546928,-0.137476
278.12,391.5,0.224556,-0.163453,-0.00614682,-0.153854
278.986,391,0.238576,-0.166988,-0.00686212,-0.170254
279.852,390.5,0.250292,-0.168779,-0.00433547,-0.184773
280.718,390,0.261945,-0.170763,-0.00194514,-0.198623
281.584,389.5,0.273443,-0.172941,0.000308859,-0.211807
282.45,389,0.282528,-0.172249,0.00187722,-0.22394
283.316,388.5,0.290833,-0.17039,0.00345391,-0.235667
284.182,388,0.298524,-0.16754,0.00508356,-0.247025
285.048,387.5,0.305637,-0.163699,0.00676616,-0.258013
285.914,387,0.312209,-0.158867,0.00850172,-0.268632
286.78,386.5,0.318282,-0.153045,0.0102902,-0.278882
287.646,386,0.324145,-0.144662,0.00972126,-0.289911
288.512,385.5,0.330077,-0.134078,0.00787097,-0.301515
289.378,385,0.330315,-0.120492,0.00688105,-0.307477
290.244,384.5,0.332391,-0.107221,0.00581436,-0.314569
291.11,384,0.336306,-0.0942673,0.0046709,-0.32279
291.976,383.5,0.342042,-0.0816297,0.00345068,-0.332141
292.842,383,0.349498,-0.0697584,0.00126651,-0.342464
293.708,382.5,0.359146,-0.0590392,-0.0030215,-0.354247
294.574,382,0.371452,-0.0483465,-0.00739567,-0.368218
295.44,381.5,0.386402,-0.0376803,-0.011856,-0.384377
296.306,381,0.403964,-0.0270405,-0.0164025,-0.402724
297.172,380.5,0.424099,-0.0164272,-0.0210352,-0.423259
298.038,380,0.446227,-0.00651599,-0.0260995,-0.445416
298.905,379.5,0.462368,0.00173061,-0.034056,-0.461109
299.771,379,0.479304,0.0106948,-0.0412613,-0.477405
300.637,378.5,0.497066,0.0203613,-0.0477013,-0.494353
301.503,378,0.515642,0.03073,-0.053376,-0.51195
302.369,377.5,0.535028,0.0418011,-0.0582852,-0.530199
303.235,377,0.555225,0.0535743,-0.0624291,-0.549097
304.101,376.5,0.571321,0.0640664,-0.0651648,-0.563966
304.967,376,0.586083,0.0739723,-0.0675459,-0.577459
305.833,375.5,0.601913,0.0841798,-0.0700205,-0.59187
306.699,375,0.618807,0.0946889,-0.0725886,-0.607196
307.565,374.5,0.635524,0.105309,-0.0750997,-0.622223
308.431,374,0.648784,0.115581,-0.0769683,-0.633749
309.297,373.5,0.657979,0.12463,-0.0758406,-0.641601
310.163,373,0.65939,0.131429,-0.0701101,-0.642345
311.029,372.5,0.661909,0.138857,-0.064921,-0.643916
311.895,372,0.665536,0.146912,-0.0602731,-0.646314
312.761,371.5,0.670275,0.155596,-0.0561667,-0.649541
313.627,371,0.676127,0.164908,-0.0526016,-0.653595
314.493,370.5,0.682485,0.174402,-0.0491575,-0.657992
315.359,370,0.677377,0.1754,-0.0375994,-0.653193
316.225,369.5,0.673579,0.177246,-0.0267027,-0.649292
317.091,369,0.670085,0.180627,-0.0160206,-0.645082
317.957,368.5,0.665587,0.186691,-0.00493812,-0.638849
318.823,368,0.662733,0.19372,0.00535901,-0.633766
319.689,367.5,0.661512,0.201714,0.0148707,-0.629832
320.555,367,0.641838,0.200585,0.0232688,-0.609246
321.421,366.5,0.61613,0.197125,0.0311025,-0.582916
322.287,366,0.591751,0.195107,0.0385455,-0.55733
323.153,365.5,0.568741,0.194532,0.0455979,-0.532489
324.019,365,0.547151,0.1954,0.0522597,-0.508391
324.885,364.5,0.527045,0.197711,0.0585307,-0.485038
325.751,364,0.508409,0.197367,0.0651046,-0.463991
326.617,363.5,0.489129,0.191792,0.0725771,-0.444067
327.483,363,0.470037,0.18706,0.0792349,-0.423869
328.349,362.5,0.451186,0.182197,0.0859963,-0.403704
329.215,362,0.432611,0.177203,0.0928613,-0.383572
330.081,361.5,0.414355,0.172078,0.0998299,-0.363473
330.947,361,0.400441,0.16757,0.104658,-0.34831
331.813,360.5,0.4222,0.169192,0.0884415,-0.37657
332.679,360,0.444791,0.170058,0.0699289,-0.405005
333.546,359.5,0.468393,0.170168,0.0491198,-0.433615
334.412,359,0.493182,0.169522,0.0260143,-0.462401
335.278,358.5,0.519328,0.16812,0.000612405,-0.491362
336.144,358,0.544972,0.169116,-0.0221483,-0.517594
337.01,357.5,0.556546,0.196987,0.0127608,-0.520362
337.876,357,0.56345,0.233357,0.0674665,-0.508398
338.742,356.5,0.571637,0.272518,0.128901,-0.485683
339.608,356,0.585,0.314468,0.197065,-0.452217
340.474,355.5,0.60783,0.359209,0.271958,-0.408001
341.34,355,0.644274,0.406741,0.35358,-0.353033
342.206,354.5,0.668712,0.411113,0.411144,-0.330336
343.072,354,0.664352,0.35191,0.438347,-0.354085
343.938,353.5,0.662799,0.275123,0.468647,-0.379445
344.804,353,0.670745,0.180754,0.502046,-0.406419
345.67,352.5,0.685246,0.0878985,0.523081,-0.433846
346.536,352,0.702692,0.0128048,0.540966,-0.448294
347.402,351.5,0.700816,-0.0228901,0.555322,-0.426892
348.268,351,0.572738,0.119928,0.471453,-0.302287
349.134,350.5,0.499234,0.215878,0.407779,-0.190648
350,350,0.459758,0.264961,0.3643,-0.0919743
350.866,349.5,0.433259,0.267176,0.341014,-0.00626568
351.732,349,0.410034,0.222523,0.337923,0.0664778
352.598,348.5,0.398932,0.131004,0.355027,0.126256
353.464,348,0.436359,0.134342,0.336722,0.242856
354.33,347.5,0.500653,0.160256,0.304904,0.363325
355.196,347,0.604071,0.282136,0.222154,0.485745
356.062,346.5,0.769766,0.464276,0.112939,0.603516
356.928,346,0.935767,0.614334,0.0235207,0.705479
357.794,345.5,1.07939,0.73231,-0.0461006,0.791635
358.66,345,1.12177,0.775453,-0.068542,0.807675
359.526,344.5,1.08929,0.767658,-0.0579822,0.770644
360.392,344,1.05155,0.753154,-0.0424038,0.732616
361.258,343.5,1.0086,0.731941,-0.0218069,0.69359
362.124,343,0.96063,0.704019,0.00380849,0.653568
362.99,342.5,0.908011,0.669389,0.0344424,0.612549
363.856,342,0.865937,0.638704,0.0671641,0.580855
364.722,341.5,0.910445,0.691143,0.0509677,0.590452
365.588,341,0.979927,0.774385,0.0105913,0.600392
366.454,340.5,1.05185,0.856721,-0.0270681,0.609658
367.321,340,1.12526,0.938148,-0.0620105,0.618249
368.187,339.5,1.19944,1.01867,-0.0942358,0.626166
369.053,339,1.27387,1.09828,-0.123744,0.633408
369.919,338.5,1.33565,1.16447,-0.144142,0.638118
370.785,338,1.38989,1.22428,-0.161975,0.637724
371.651,337.5,1.43771,1.27892,-0.178014,0.63221
372.517,337,1.47915,1.32837,-0.192259,0.621575
373.383,336.5,1.51429,1.37265,-0.20471,0.60582
374.249,336,1.51555,1.38526,-0.202906,0.580338
375.115,335.5,1.49158,1.37493,-0.186614,0.547316
375.981,335,1.46279,1.36044,-0.166291,0.51117
376.847,334.5,1.43688,1.34798,-0.148024,0.475043
377.713,334,1.4139,1.33756,-0.131813,0.438936
378.579,333.5,1.39385,1.32917,-0.117657,0.402848
379.445,333,1.37678,1.32282,-0.105557,0.366779
380.311,332.5,1.35841,1.31455,-0.09267,0.329616
381.177,332,1.33278,1.2989,-0.0733597,0.289458
382.043,331.5,1.31246,1.28739,-0.054933,0.249344
382.909,331,1.29755,1.28002,-0.0373899,0.209273
383.775,330.5,1.28354,1.27003,-0.0197122,0.18469
384.641,330,1.27076,1.2599,-0.00317218,0.165779
385.507,329.5,1.2606,1.25201,0.0117249,0.146429
386.373,329,1.2244,1.2164,0.0252517,0.137398
387.239,328.5,1.19129,1.18395,0.0387624,0.126235
388.105,328,1.16277,1.15614,0.0522816,0.112369
388.971,327.5,1.13894,1.13299,0.0658095,0.0957996
389.837,327,1.11993,1.11449,0.0793459,0.0765274
390.703,326.5,1.1059,1.10064,0.092891,0.0545522
391.569,326,1.08265,1.07724,0.099636,0.04204
392.435,325.5,1.0526,1.0469,0.103565,0.0349988
393.301,325,1.01245,1.00621,0.108425,0.0288332
394.167,324.5,0.97173,0.96471,0.114538,0.0217732
395.033,324,0.933706,0.925606,0.122007,0.0132217
395.899,323.5,0.898484,0.888902,0.13083,0.00317859
396.765,323,0.869163,0.858427,0.136024,-0.00671952
397.631,322.5,0.846102,0.835576,0.132437,-0.0127648
398.497,322,0.821596,0.810969,0.130567,-0.0173767
399.363,321.5,0.795636,0.784606,0.130414,-0.0205551
400.229,321,0.768237,0.756487,0.131979,-0.0223001
401.095,320.5,0.739441,0.726613,0.135262,-0.0226117
401.962,320,0.70952,0.695196,0.140202,-0.0215505
402.828,319.5,0.702434,0.688359,0.138043,-0.0228045
403.694,319,0.693178,0.679321,0.13612,-0.0221478
404.56,318.5,0.680888,0.667101,0.134848,-0.0200122
405.426,318,0.665581,0.6517,0.134225,-0.0163976
406.292,317.5,0.647293,0.633117,0.134253,-0.011304
407.158,317,0.626083,0.611352,0.13493,-0.00473136
408.024,316.5,0.612009,0.596767,0.135713,-0.00254053
408.89,316,0.598273,0.582467,0.136603,-0.00153016
409.756,315.5,0.580306,0.563711,0.137785,0.000856999
410.622,315,0.558167,0.540497,0.139257,0.00462094
411.488,314.5,0.531952,0.512826,0.141021,0.00976165
412.354,314,0.509065,0.488696,0.141959,0.0130683
413.22,313.5,0.491975,0.470176,0.143894,0.0163878
414.086,313,0.484454,0.461218,0.146863,0.0201154
414.952,312.5,0.472352,0.447282,0.149943,0.0239309
415.818,312,0.455765,0.428366,0.153134,0.0278343
416.684,311.5,0.434835,0.404471,0.156437,0.0318255
417.55,311,0.409773,0.375597,0.15985,0.0359046
418.416,310.5,0.381394,0.342327,0.163438,0.0395172
419.282,310,0.356855,0.313043,0.167818,0.0344434
420.148,309.5,0.329712,0.279976,0.171893,0.0278589
421.014,309,0.300594,0.243125,0.175661,0.0197638
421.88,308.5,0.269617,0.202974,0.177157,0.0104955
422.746,308,0.239803,0.161197,0.177541,-0.000152753
423.612,307.5,0.212859,0.117811,0.176864,-0.0121901
424.478,307,0.187518,0.0592722,0.17023,-0.0516868
425.344,306.5,0.187721,-0.00214673,0.16014,-0.0979271
426.21,306,0.214052,-0.0614861,0.14811,-0.141778
427.076,305.5,0.256265,-0.118746,0.134141,-0.183241
427.942,305,0.306028,-0.173926,0.118232,-0.222315
428.808,304.5,0.358747,-0.227027,0.100384,-0.259
429.674,304,0.386441,-0.262095,0.0752936,-0.273814
430.54,303.5,0.376602,-0.270711,0.0419353,-0.25843
431.406,303,0.351032,-0.262998,0.00914273,-0.232319
432.272,302.5,0.327019,-0.253498,-0.0228826,-0.205321
433.138,302,0.305089,-0.242209,-0.0541405,-0.177435
434.004,301.5,0.285945,-0.229133,-0.0846312,-0.148662
434.87,301,0.271173,-0.21578,-0.113142,-0.119047
435.737,300.5,0.266435,-0.21323,-0.131638,-0.0905111
436.603,300,0.266482,-0.21177,-0.148565,-0.0639886
437.469,299.5,0.270407,-0.211401,-0.163923,-0.0394799
438.335,299,0.277248,-0.212123,-0.177712,-0.0169851
439.201,298.5,0.286103,-0.213936,-0.189932,0.00349587
440.067,298,0.296425,-0.21714,-0.200585,0.0219953
440.933,297.5,0.276189,-0.19115,-0.195208,0.0404457
441.799,297,0.250592,-0.157226,-0.185828,0.0595358
442.665,296.5,0.228958,-0.123094,-0.176069,0.0791795
443.531,296,0.212805,-0.0887547,-0.16593,0.0993767
444.397,295.5,0.203769,-0.0542079,-0.155411,0.120128
445.263,295,0.203139,-0.0194538,-0.144513,0.141432
446.129,294.5,0.209003,0.0133294,-0.133155,0.160544
446.995,294,0.218342,0.043554,-0.121726,0.175951
447.861,293.5,0.231676,0.0732986,-0.110441,0.19001
448.727,293,0.247942,0.102563,-0.0993015,0.20272
449.593,292.5,0.265937,0.131224,-0.0883447,0.213771
450.459,292,0.283795,0.158917,-0.0778494,0.221866
451.325,291.5,0.300891,0.184619,-0.0688866,0.227389
452.191,291,0.309943,0.201667,-0.0657327,0.225997
453.057,290.5,0.319378,0.218549,-0.0627462,0.22428
453.923,290,0.329137,0.235266,-0.0599273,0.222238
454.789,289.5,0.33917,0.251818,-0.0572759,0.219873
455.655,289,0.349433,0.268204,-0.054792,0.217183
456.521,288.5,0.359887,0.284424,-0.0524757,0.214168
457.387,288,0.36703,0.295728,-0.0509488,0.211329
458.253,287.5,0.373724,0.306223,-0.0494701,0.208447
459.119,287,0.380483,0.316725,-0.0479269,0.205319
459.985,286.5,0.387249,0.327367,-0.0463014,0.201616
460.851,286,0.394158,0.337979,-0.0445664,0.197849
461.717,285.5,0.401202,0.348559,-0.042722,0.194021
462.583,285,0.40693,0.357067,-0.0406617,0.190897
463.449,284.5,0.411515,0.363842,-0.0384635,0.188372
464.315,284,0.416128,0.370569,-0.0362332,0.185818
465.181,283.5,0.420767,0.377248,-0.0339708,0.183234
466.047,283,0.42543,0.38388,-0.0316764,0.180621
466.913,282.5,0.430116,0.390464,-0.0293498,0.177979
467.779,282,0.43416,0.396213,-0.0271301,0.175425
468.645,281.5,0.435964,0.399284,-0.0253447,0.173188
469.512,281,0.437618,0.402222,-0.0235298,0.170802
470.378,280.5,0.439294,0.40514,-0.0217218,0.16843
471.244,280,0.44099,0.408039,-0.0199208,0.166073
472.11,279.5,0.442707,0.410918,-0.0181267,0.163731
472.976,279,0.444443,0.413778,-0.0163396,0.161403
473.842,278.5,0.444186,0.414463,-0.0150261,0.159046
474.708,278,0.443765,0.414945,-0.0137599,0.156713
475.574,277.5,0.443361,0.415417,-0.0124989,0.154407
476.44,277,0.442973,0.415879,-0.0112432,0.152128
477.306,276.5,0.442601,0.416332,-0.0099928,0.149877
478.172,276,0.442217,0.41676,-0.00874234,0.147615
479.038,275.5,0.440924,0.416232,-0.00769108,0.145278
