x,v,vx,vy,vz
220.096,425,0.273059,0.272727,-0.0102874,0.00867975
220.962,424.5,0.271716,0.271232,-0.0113373,0.0115994
221.828,424,0.270872,0.270176,-0.0123148,0.0149922
222.694,423.5,0.270498,0.269514,-0.0129135,0.0191009
223.56,423,0.269924,0.268573,-0.0132374,0.023498
224.426,422.5,0.269301,0.267484,-0.0133747,0.0282195
225.292,422,0.268649,0.266248,-0.0133254,0.0332653
226.158,421.5,0.267986,0.264864,-0.0130894,0.0386355
227.024,421,0.267486,0.263464,-0.012504,0.0444854
227.89,420.5,0.26865,0.263279,-0.00981373,0.0525451
228.756,420,0.269857,0.262736,-0.00674704,0.0612112
229.622,419.5,0.271177,0.261836,-0.00330392,0.0704836
230.488,419,0.272689,0.260578,0.000515613,0.0803624
231.355,418.5,0.274476,0.258963,0.00471157,0.0908476
232.221,418,0.273063,0.253974,0.00967468,0.099834
233.087,417.5,0.265822,0.243403,0.0152241,0.105757
233.953,417,0.255967,0.230051,0.0205003,0.11034
234.819,416.5,0.244616,0.214838,0.0253786,0.114183
235.685,416,0.231855,0.197761,0.029859,0.117285
236.551,415.5,0.217818,0.178822,0.0339415,0.119646
237.417,415,0.202711,0.158021,0.0376261,0.121266
238.283,414.5,0.186104,0.135627,0.0396764,0.121102
239.149,414,0.16895,0.112678,0.039727,0.119455
240.015,413.5,0.152879,0.0892207,0.039232,0.117781
240.881,413,0.138532,0.0652533,0.0381914,0.11608
241.747,412.5,0.129232,0.0460577,0.0361266,0.115215
242.613,412,0.123906,0.0291203,0.0338235,0.115589
243.479,411.5,0.121737,0.0139239,0.0314149,0.116787
244.345,411,0.120221,0.00439567,0.0287585,0.116648
245.211,410.5,0.119612,-0.004702,0.0263103,0.116588
246.077,410,0.119813,-0.0133691,0.0240704,0.116606
246.943,409.5,0.120716,-0.0216056,0.0220387,0.116704
247.809,409,0.122207,-0.0294115,0.0202154,0.11688
248.675,408.5,0.124177,-0.0367868,0.0186004,0.117135
249.541,408,0.124404,-0.0443377,0.0176918,0.114881
250.407,407.5,0.124718,-0.0521477,0.0169378,0.112019
251.273,407,0.124738,-0.0585717,0.0169067,0.108826
252.139,406.5,0.125037,-0.064834,0.0169156,0.105568
253.005,406,0.125778,-0.0712205,0.0168265,0.102296
253.871,405.5,0.126973,-0.0777312,0.0166394,0.0990113
254.737,405,0.125893,-0.0830567,0.0159914,0.0932459
255.603,404.5,0.122715,-0.0872171,0.0147884,0.0850499
256.469,404,0.120179,-0.0914707,0.0133466,0.0767984
257.335,403.5,0.118356,-0.0958175,0.0116661,0.0684912
258.201,403,0.117312,-0.100258,0.00974673,0.0601284
259.067,402.5,0.117101,-0.104791,0.00758863,0.05171
259.933,402,0.116996,-0.109086,0.0056282,0.0419143
260.799,401.5,0.112527,-0.109017,0.0063712,0.0271477
261.665,401,0.109925,-0.108991,0.00706159,0.0124345
262.531,400.5,0.109627,-0.10934,0.00758828,-0.00228374
263.397,400,0.111653,-0.110063,0.00795127,-0.0170071
264.263,399.5,0.11589,-0.111161,0.00815056,-0.0317356
265.13,399,0.122118,-0.112633,0.00818615,-0.0464692
265.996,398.5,0.128555,-0.112022,0.0104121,-0.0622013
266.862,398,0.136378,-0.111139,0.0129895,-0.0779627
267.728,397.5,0.14551,-0.110303,0.0156064,-0.0936093
268.594,397,0.155687,-0.109514,0.0182626,-0.109141
269.46,396.5,0.166689,-0.108771,0.0209583,-0.124559
270.326,396,0.177577,-0.107001,0.0240455,-0.139665
271.192,395.5,0.187502,-0.104725,0.0263692,-0.153278
272.058,395,0.196572,-0.101712,0.0284006,-0.165797
272.924,394.5,0.205605,-0.0984522,0.0305445,-0.177897
273.79,394,0.214549,-0.0949473,0.032801,-0.189579
274.656,393.5,0.223364,-0.0911968,0.03517,-0.200842
275.522,393,0.232019,-0.0872007,0.0376515,-0.211687
276.388,392.5,0.240681,-0.0825564,0.0390694,-0.222677
277.254,392,0.250234,-0.0765987,0.0372802,-0.235287
278.12,391.5,0.260375,-0.0706256,0.0359568,-0.248021
278.986,391,0.271001,-0.0646697,0.0350587,-0.260826
279.852,390.5,0.280445,-0.0595963,0.033279,-0.272011
280.718,390,0.289945,-0.0542914,0.0317924,-0.283037
281.584,389.5,0.299487,-0.0487549,0.0305989,-0.293903
282.45,389,0.308068,-0.0389744,0.0258649,-0.304496
283.316,388.5,0.317309,-0.0286554,0.0213351,-0.315291
284.182,388,0.327266,-0.0180777,0.0172839,-0.326309
285.048,387.5,0.337906,-0.00724151,0.0137112,-0.33755
285.914,387,0.349196,0.00385333,0.0106172,-0.349014
286.78,386.5,0.361109,0.0152068,0.00800167,-0.3607
287.646,386,0.369745,0.0284295,0.00523707,-0.368613
288.512,385.5,0.376903,0.0431148,0.00214777,-0.374422
289.378,385,0.382324,0.0590972,-0.000831496,-0.377728
290.244,384.5,0.38919,0.0751833,-0.0034937,-0.381843
291.11,384,0.397457,0.0913731,-0.00583885,-0.386767
291.976,383.5,0.407077,0.107667,-0.00786694,-0.392502
292.842,383,0.415906,0.122801,-0.00865533,-0.39727
293.708,382.5,0.421357,0.135387,-0.00738366,-0.398945
294.574,382,0.428242,0.148419,-0.00634465,-0.40165
295.44,381.5,0.436552,0.161898,-0.0055383,-0.405383
296.306,381,0.446271,0.175823,-0.00496461,-0.410146
297.172,380.5,0.457382,0.190194,-0.00462358,-0.415937
298.038,380,0.469229,0.204561,-0.00444454,-0.422269
298.905,379.5,0.471544,0.209471,-0.00219501,-0.422459
299.771,379,0.475236,0.215083,-0.000396234,-0.423779
300.637,378.5,0.480375,0.221472,0.000932095,-0.426274
301.503,378,0.48696,0.228638,0.00178998,-0.429944
302.369,377.5,0.494992,0.236581,0.00217741,-0.434789
303.235,377,0.50447,0.245301,0.00209439,-0.440809
304.101,376.5,0.512496,0.248141,0.00348658,-0.448404
304.967,376,0.519871,0.24809,0.00509159,-0.456828
305.833,375.5,0.527844,0.248253,0.00592625,-0.465784
306.699,375,0.536412,0.24863,0.00599056,-0.475273
307.565,374.5,0.544967,0.24881,0.00555177,-0.484821
308.431,374,0.552726,0.248454,0.00535666,-0.493708
309.297,373.5,0.559678,0.246951,0.00664485,-0.502206
310.163,373,0.563728,0.242137,0.0110811,-0.508956
311.029,372.5,0.56955,0.238431,0.0148457,-0.517027
311.895,372,0.577111,0.235834,0.0179386,-0.52642
312.761,371.5,0.586382,0.234346,0.0203598,-0.537133
313.627,371,0.597339,0.233966,0.0221094,-0.549168
314.493,370.5,0.608527,0.233864,0.0233432,-0.561309
315.359,370,0.591735,0.217598,0.0275284,-0.549584
316.225,369.5,0.576766,0.202317,0.0317883,-0.539181
317.091,369,0.562806,0.187958,0.036574,-0.529231
317.957,368.5,0.549617,0.175266,0.0421741,-0.519213
318.823,368,0.539776,0.164867,0.047203,-0.511809
319.689,367.5,0.53321,0.15676,0.0516607,-0.50702
320.555,367,0.522607,0.141459,0.0511883,-0.500487
321.421,366.5,0.509727,0.122612,0.049117,-0.492316
322.287,366,0.496856,0.103345,0.0471383,-0.483698
323.153,365.5,0.484068,0.083656,0.0452523,-0.474632
324.019,365,0.471447,0.0635458,0.0434588,-0.465119
324.885,364.5,0.45909,0.0430142,0.041758,-0.455159
325.751,364,0.45828,0.0312266,0.0413355,-0.455342
326.617,363.5,0.473189,0.0353248,0.0431385,-0.469893
327.483,363,0.487734,0.0448994,0.0466173,-0.48342
328.349,362.5,0.500382,0.0528267,0.0514446,-0.49492
329.215,362,0.5111,0.0591068,0.0576204,-0.50439
330.081,361.5,0.519884,0.0637395,0.0651446,-0.511833
330.947,361,0.530392,0.0674201,0.0719499,-0.521147
331.813,360.5,0.574154,0.0790151,0.0588179,-0.565641
332.679,360,0.621842,0.095172,0.0415464,-0.61311
333.546,359.5,0.673898,0.115891,0.0201354,-0.663553
334.412,359,0.730757,0.141172,-0.00541511,-0.716971
335.278,358.5,0.792823,0.171015,-0.0351051,-0.773363
336.144,358,0.85343,0.206103,-0.063792,-0.825709
337.01,357.5,0.836347,0.242711,-0.0078778,-0.800316
337.876,357,0.805524,0.286948,0.0662288,-0.749762
338.742,356.5,0.783063,0.340252,0.137041,-0.691835
339.608,356,0.772331,0.402623,0.204559,-0.626534
340.474,355.5,0.777006,0.474061,0.268783,-0.55386
341.34,355,0.800469,0.554566,0.329713,-0.473812
342.206,354.5,0.816358,0.6047,0.353058,-0.419678
343.072,354,0.813348,0.603267,0.35841,-0.411273
343.938,353.5,0.821171,0.588428,0.39258,-0.41708
344.804,353,0.844037,0.56018,0.455568,-0.437098
345.67,352.5,0.859893,0.516554,0.520164,-0.449463
346.536,352,0.854392,0.469104,0.569702,-0.430543
347.402,351.5,0.831644,0.440115,0.604333,-0.364298
348.268,351,0.71859,0.47917,0.516112,-0.142812
349.134,350.5,0.662871,0.487912,0.447809,0.0284147
350,350,0.631923,0.466339,0.399423,0.149383
350.866,349.5,0.59818,0.414453,0.370955,0.220093
351.732,349,0.547348,0.332252,0.362404,0.240545
352.598,348.5,0.482079,0.219737,0.373772,0.210738
353.464,348,0.445387,0.151695,0.354907,0.22226
354.33,347.5,0.424941,0.10798,0.319836,0.258108
355.196,347,0.460675,0.137747,0.244664,0.365222
356.062,346.5,0.57734,0.219686,0.148721,0.512779
356.928,346,0.709547,0.296791,0.0641428,0.641294
357.794,345.5,0.836625,0.369061,-0.00907016,0.750768
358.66,345,0.907778,0.434308,-0.0362481,0.796319
359.526,344.5,0.940998,0.497492,-0.033324,0.79804
360.392,344,0.978997,0.562035,-0.0351035,0.800824
361.258,343.5,1.02153,0.627938,-0.0415865,0.804671
362.124,343,1.06841,0.6952,-0.052773,0.80958
362.99,342.5,1.11949,0.763821,-0.068663,0.815553
363.856,342,1.17742,0.838464,-0.0852696,0.822203
364.722,341.5,1.23648,0.920293,-0.0964525,0.820146
365.588,341,1.28685,0.991815,-0.111072,0.812374
366.454,340.5,1.33484,1.05833,-0.124311,0.803911
367.321,340,1.37994,1.11985,-0.136168,0.794757
368.187,339.5,1.42176,1.17636,-0.146645,0.784911
369.053,339,1.45999,1.22787,-0.15574,0.774374
369.919,338.5,1.48282,1.2664,-0.159832,0.754605
370.785,338,1.50215,1.30064,-0.162883,0.733669
371.651,337.5,1.51926,1.33156,-0.165343,0.712561
372.517,337,1.53401,1.35917,-0.167211,0.691281
373.383,336.5,1.5463,1.38347,-0.168488,0.669828
374.249,336,1.54199,1.39021,-0.168346,0.645544
375.115,335.5,1.52825,1.38736,-0.166012,0.619052
375.981,335,1.51408,1.38373,-0.162554,0.592723
376.847,334.5,1.50112,1.38047,-0.159041,0.567785
377.713,334,1.48932,1.37758,-0.155474,0.544238
378.579,333.5,1.47865,1.37506,-0.151852,0.522082
379.445,333,1.46906,1.3729,-0.148175,0.501318
380.311,332.5,1.46032,1.37107,-0.144101,0.481609
381.177,332,1.45202,1.36943,-0.139119,0.462244
382.043,331.5,1.44458,1.36807,-0.134208,0.444056
382.909,331,1.43799,1.367,-0.129368,0.427044
383.775,330.5,1.43345,1.36677,-0.12513,0.413615
384.641,330,1.43005,1.36706,-0.120943,0.401967
385.507,329.5,1.42726,1.36767,-0.11656,0.391104
386.373,329,1.42466,1.36889,-0.107889,0.379693
387.239,328.5,1.42244,1.37012,-0.098945,0.36922
388.105,328,1.42059,1.37134,-0.0899291,0.359752
388.971,327.5,1.41909,1.37255,-0.080841,0.351291
389.837,327,1.41794,1.37375,-0.0716808,0.343835
390.703,326.5,1.4171,1.37494,-0.0624483,0.337386
391.569,326,1.41283,1.37336,-0.0478305,0.328115
392.435,325.5,1.40747,1.37069,-0.0306706,0.31817
393.301,325,1.3948,1.36035,-0.0113528,0.307842
394.167,324.5,1.37869,1.34615,0.00858097,0.297656
395.033,324,1.36124,1.33011,0.0284183,0.288057
395.899,323.5,1.34245,1.31225,0.0481592,0.279043
396.765,323,1.31577,1.28681,0.0667722,0.266287
397.631,322.5,1.27483,1.24826,0.0827384,0.245317
398.497,322,1.23359,1.20889,0.0979996,0.225248
399.363,321.5,1.19205,1.16869,0.112556,0.206082
400.229,321,1.15017,1.12767,0.126407,0.187817
401.095,320.5,1.10794,1.08582,0.139554,0.170454
401.962,320,1.06532,1.04314,0.151876,0.153928
402.828,319.5,1.01574,0.995627,0.151382,0.132413
403.694,319,0.966348,0.947918,0.150556,0.112311
404.56,318.5,0.917867,0.900782,0.14942,0.093513
405.426,318,0.870269,0.854221,0.147973,0.076019
406.292,317.5,0.823529,0.808234,0.146215,0.0598292
407.158,317,0.777621,0.762821,0.144146,0.0449435
408.024,316.5,0.735691,0.721005,0.140121,0.0419433
408.89,316,0.697375,0.682799,0.135132,0.0430765
409.756,315.5,0.661521,0.647186,0.129917,0.0433712
410.622,315,0.628114,0.614165,0.124474,0.0428273
411.488,314.5,0.597143,0.583736,0.118804,0.0414449
412.354,314,0.562765,0.549245,0.114598,0.0436145
413.22,313.5,0.525892,0.510429,0.113269,0.0565223
414.086,313,0.486415,0.464829,0.116009,0.0841158
414.952,312.5,0.448748,0.419004,0.118709,0.108253
415.818,312,0.412854,0.372953,0.121369,0.128933
416.684,311.5,0.378752,0.326677,0.12399,0.146157
417.55,311,0.346546,0.280175,0.126571,0.159925
418.416,310.5,0.314793,0.232098,0.12811,0.169744
419.282,310,0.261726,0.164324,0.113588,0.169103
420.148,309.5,0.213665,0.0959868,0.095868,0.165071
421.014,309,0.176647,0.0270858,0.07495,0.157648
421.88,308.5,0.162265,-0.0401523,0.0502711,0.148965
422.746,308,0.173817,-0.103133,0.0244362,0.137764
423.612,307.5,0.203902,-0.161852,-0.00250393,0.12399
424.478,307,0.224073,-0.19943,-0.0201943,0.100141
425.344,306.5,0.241574,-0.226982,-0.0332674,0.0756997
426.21,306,0.259714,-0.250094,-0.0448384,0.0537947
427.076,305.5,0.276468,-0.268764,-0.0549072,0.0344265
427.942,305,0.290559,-0.282995,-0.0634739,0.0175949
428.808,304.5,0.30118,-0.292785,-0.0705383,0.00330011
429.674,304,0.304743,-0.296205,-0.071395,-0.0058315
430.54,303.5,0.302349,-0.295142,-0.0649041,-0.00967851
431.406,303,0.298008,-0.293225,-0.0516823,-0.01252
432.272,302.5,0.294921,-0.291942,-0.0391062,-0.0148098
433.138,302,0.293023,-0.291291,-0.0271758,-0.0165478
434.004,301.5,0.292244,-0.291272,-0.0158911,-0.0177341
434.87,301,0.292196,-0.291506,-0.00634287,-0.0190323
435.737,300.5,0.291057,-0.289946,-0.00565755,-0.0247703
436.603,300,0.291252,-0.28961,-0.00615385,-0.0302674
437.469,299.5,0.292766,-0.290498,-0.00783177,-0.0355237
438.335,299,0.295597,-0.292609,-0.0106913,-0.0405391
439.201,298.5,0.299756,-0.295945,-0.0147325,-0.0453137
440.067,298,0.30531,-0.300594,-0.019904,-0.0496136
440.933,297.5,0.302796,-0.298026,-0.0263905,-0.0465791
441.799,297,0.297744,-0.292888,-0.0331453,-0.0420667
442.665,296.5,0.292331,-0.287192,-0.039901,-0.0372252
443.531,296,0.286585,-0.280939,-0.0466577,-0.0320544
444.397,295.5,0.280543,-0.274128,-0.0534154,-0.0265545
445.263,295,0.274246,-0.266759,-0.0601739,-0.0207254
446.129,294.5,0.273892,-0.265291,-0.0668748,-0.0128626
446.995,294,0.281867,-0.271952,-0.0740515,-0.00274408
447.861,293.5,0.292571,-0.280748,-0.0819471,0.0079228
448.727,293,0.306013,-0.291679,-0.0905616,0.019138
449.593,292.5,0.321208,-0.303827,-0.0996858,0.0304355
450.459,292,0.331906,-0.311458,-0.107813,0.0391411
451.325,291.5,0.337052,-0.314118,-0.113207,0.0460167
452.191,291,0.319346,-0.297193,-0.106968,0.0470697
453.057,290.5,0.301957,-0.280529,-0.100458,0.0488872
453.923,290,0.284933,-0.264126,-0.0936769,0.0514692
454.789,289.5,0.268336,-0.247983,-0.0866245,0.0548155
455.655,289,0.252254,-0.232101,-0.079301,0.0589264
456.521,288.5,0.236804,-0.21648,-0.0717065,0.0638016
457.387,288,0.220063,-0.198434,-0.0647347,0.0697226
458.253,287.5,0.203244,-0.179546,-0.0579026,0.0756236
459.119,287,0.186974,-0.160286,-0.0512363,0.0815014
459.985,286.5,0.172029,-0.140858,-0.045082,0.0878668
460.851,286,0.158324,-0.120926,-0.0388814,0.0945086
461.717,285.5,0.146459,-0.100488,-0.0326347,0.101427
462.583,285,0.138037,-0.0809587,-0.0285118,0.108106
463.449,284.5,0.13312,-0.0627881,-0.0260766,0.114449
464.315,284,0.131065,-0.045011,-0.0235158,0.120826
465.181,283.5,0.131858,-0.0276272,-0.0208292,0.127238
466.047,283,0.135311,-0.0106369,-0.0180169,0.133683
466.913,282.5,0.141098,0.00596013,-0.0150788,0.140163
467.779,282,0.147539,0.0212298,-0.0127796,0.145444
468.645,281.5,0.150963,0.033271,-0.0134619,0.146635
469.512,281,0.155134,0.0454522,-0.0152321,0.147542
470.378,280.5,0.160056,0.0575079,-0.0171541,0.14838
471.244,280,0.16564,0.0694381,-0.0192278,0.149149
472.11,279.5,0.1718,0.0812427,-0.0214531,0.149849
472.976,279,0.178456,0.0929218,-0.0238301,0.150479
473.842,278.5,0.18311,0.103919,-0.025537,0.148587
474.708,278,0.187976,0.114771,-0.0271726,0.14637
475.574,277.5,0.193227,0.125531,-0.0288042,0.144046
476.44,277,0.198823,0.136198,-0.0304318,0.141615
477.306,276.5,0.204724,0.146772,-0.0320554,0.139077
478.172,276,0.210678,0.15726,-0.0337521,0.136071
479.038,275.5,0.216629,0.167735,-0.0345449,0.132664
