x,v,vx,vy,vz
220.096,425,0.209479,0.209466,-6.4583e-05,-0.00234328
220.962,424.5,0.209506,0.209492,-6.61369e-05,-0.00238787
221.828,424,0.209533,0.209519,-6.77397e-05,-0.00243459
222.694,423.5,0.209561,0.209546,-6.93484e-05,-0.00248335
223.56,423,0.20959,0.209575,-7.09419e-05,-0.00253221
224.426,422.5,0.209621,0.209605,-7.25541e-05,-0.00258169
225.292,422,0.209653,0.209636,-7.41852e-05,-0.00263179
226.158,421.5,0.209685,0.209668,-7.58351e-05,-0.00268251
227.024,421,0.209718,0.209701,-7.75156e-05,-0.00273429
227.89,420.5,0.209751,0.209732,-7.93625e-05,-0.00279169
228.756,420,0.209784,0.209765,-8.1257e-05,-0.00284985
229.622,419.5,0.209819,0.209799,-8.3199e-05,-0.00290876
230.488,419,0.209854,0.209833,-8.51885e-05,-0.00296844
231.355,418.5,0.209891,0.209869,-8.72256e-05,-0.00302887
232.221,418,0.20993,0.209907,-8.94815e-05,-0.00308898
233.087,417.5,0.20997,0.209946,-9.18034e-05,-0.00315395
233.953,417,0.210011,0.209986,-9.41742e-05,-0.00322125
234.819,416.5,0.210053,0.210027,-9.66088e-05,-0.00328952
235.685,416,0.210096,0.210069,-9.91071e-05,-0.00335876
236.551,415.5,0.210141,0.210113,-0.000101669,-0.00342897
237.417,415,0.210187,0.210158,-0.000104295,-0.00350016
238.283,414.5,0.210232,0.210202,-0.000107082,-0.00357624
239.149,414,0.210277,0.210246,-0.000110035,-0.00365829
240.015,413.5,0.210324,0.21029,-0.000113035,-0.00374166
240.881,413,0.210371,0.210337,-0.000116081,-0.00382633
241.747,412.5,0.210425,0.210389,-0.000119075,-0.00390867
242.613,412,0.210482,0.210444,-0.000122125,-0.00399101
243.479,411.5,0.210541,0.210501,-0.00012526,-0.00407551
244.345,411,0.2106,0.210559,-0.000128446,-0.00416844
245.211,410.5,0.210662,0.210619,-0.00013169,-0.0042626
246.077,410,0.210726,0.210681,-0.000134992,-0.004358
246.943,409.5,0.210793,0.210746,-0.000138352,-0.00445463
247.809,409,0.210862,0.210813,-0.000141771,-0.00455249
248.675,408.5,0.210934,0.210883,-0.000145248,-0.00465158
249.541,408,0.211003,0.210949,-0.000149285,-0.00476363
250.407,407.5,0.211073,0.211016,-0.000153555,-0.00487973
251.273,407,0.211145,0.211085,-0.000158178,-0.00499738
252.139,406.5,0.211218,0.211156,-0.000162923,-0.00511716
253.005,406,0.211294,0.211229,-0.000167744,-0.00523912
253.871,405.5,0.211372,0.211304,-0.000172643,-0.00536327
254.737,405,0.211453,0.211381,-0.000177458,-0.00549571
255.603,404.5,0.211536,0.21146,-0.000182228,-0.00563661
256.469,404,0.211621,0.211542,-0.000187118,-0.0057802
257.335,403.5,0.211709,0.211626,-0.000192128,-0.00592648
258.201,403,0.211799,0.211712,-0.000197257,-0.00607546
259.067,402.5,0.211892,0.211801,-0.000202507,-0.00622714
259.933,402,0.211985,0.211889,-0.000208044,-0.006387
260.799,401.5,0.212094,0.211992,-0.000214624,-0.00655586
261.665,401,0.21221,0.212104,-0.000221504,-0.00672476
262.531,400.5,0.212333,0.212221,-0.000228666,-0.00689537
263.397,400,0.212462,0.212344,-0.000236112,-0.0070677
264.263,399.5,0.212597,0.212473,-0.000243841,-0.00724175
265.13,399,0.212737,0.212607,-0.000251852,-0.00741752
265.996,398.5,0.212892,0.212755,-0.000258971,-0.00760882
266.862,398,0.213056,0.212913,-0.000266077,-0.00780429
267.728,397.5,0.213229,0.213078,-0.000273325,-0.00800207
268.594,397,0.213411,0.213253,-0.000280715,-0.00820217
269.46,396.5,0.213601,0.213436,-0.000288246,-0.00840458
270.326,396,0.213762,0.213588,-0.000295596,-0.0086238
271.192,395.5,0.213905,0.21372,-0.000304853,-0.00887734
272.058,395,0.214036,0.21384,-0.000315533,-0.00916142
272.924,394.5,0.214171,0.213962,-0.000326273,-0.00945416
273.79,394,0.214309,0.214087,-0.000337071,-0.00975557
274.656,393.5,0.214451,0.214214,-0.000347929,-0.0100656
275.522,393,0.214597,0.214345,-0.000358846,-0.0103844
276.388,392.5,0.214752,0.214484,-0.000368849,-0.0107146
277.254,392,0.21493,0.214645,-0.000376054,-0.011062
278.12,391.5,0.215112,0.214808,-0.000383434,-0.011418
278.986,391,0.215302,0.214979,-0.000391071,-0.0117799
279.852,390.5,0.215644,0.215306,-0.000401405,-0.0120672
280.718,390,0.216011,0.215657,-0.00041176,-0.0123573
281.584,389.5,0.216401,0.216031,-0.000422137,-0.0126501
282.45,389,0.216726,0.216331,-0.000437926,-0.0130669
283.316,388.5,0.217063,0.216643,-0.000455282,-0.0134923
284.182,388,0.217421,0.216974,-0.000473865,-0.0139177
285.048,387.5,0.217797,0.217324,-0.000493677,-0.0143432
285.914,387,0.218193,0.217692,-0.000514717,-0.0147687
286.78,386.5,0.218609,0.218079,-0.000536985,-0.0151942
287.646,386,0.219131,0.218573,-0.000549154,-0.0156219
288.512,385.5,0.219723,0.219134,-0.000553396,-0.0160651
289.378,385,0.220118,0.21949,-0.000549777,-0.0166041
290.244,384.5,0.220518,0.219849,-0.000546239,-0.0171526
291.11,384,0.220921,0.220209,-0.000542781,-0.0177104
291.976,383.5,0.221328,0.220572,-0.000539403,-0.0182777
292.842,383,0.221661,0.220849,-0.000538738,-0.0189538
293.708,382.5,0.221822,0.220927,-0.000542362,-0.019891
294.574,382,0.221989,0.221004,-0.000543333,-0.0208761
295.44,381.5,0.222163,0.22108,-0.000541651,-0.0219091
296.306,381,0.222346,0.221154,-0.000537316,-0.0229901
297.172,380.5,0.222537,0.221226,-0.000530328,-0.024119
298.038,380,0.222829,0.221395,-0.000524284,-0.0252334
298.905,379.5,0.223907,0.222414,-0.000506466,-0.0258047
299.771,379,0.225113,0.22356,-0.000483644,-0.0263996
300.637,378.5,0.226446,0.224828,-0.000456092,-0.0270204
301.503,378,0.227905,0.226219,-0.000423809,-0.027667
302.369,377.5,0.22949,0.227734,-0.000386795,-0.0283395
303.235,377,0.231202,0.229371,-0.000345052,-0.0290379
304.101,376.5,0.232477,0.230496,-0.000293402,-0.0302841
304.967,376,0.233549,0.231379,-0.000238621,-0.031764
305.833,375.5,0.234676,0.232313,-0.000183987,-0.0332185
306.699,375,0.235856,0.233298,-0.0001295,-0.0346477
307.565,374.5,0.236857,0.234085,-6.04585e-05,-0.0361292
308.431,374,0.237061,0.234003,7.28569e-05,-0.0379508
309.297,373.5,0.237685,0.234344,0.000242852,-0.0397098
310.163,373,0.239055,0.235487,0.000452516,-0.0411448
311.029,372.5,0.24049,0.2367,0.000666383,-0.0425209
311.895,372,0.241989,0.237983,0.000884453,-0.0438382
312.761,371.5,0.24355,0.239336,0.00110673,-0.0450967
313.627,371,0.245174,0.24076,0.0013332,-0.0462963
314.493,370.5,0.246768,0.242132,0.00158523,-0.0475821
315.359,370,0.246514,0.240956,0.0023133,-0.0520025
316.225,369.5,0.246294,0.239653,0.00310082,-0.0567242
317.091,369,0.246752,0.238941,0.00395098,-0.0614659
317.957,368.5,0.248852,0.240039,0.00487823,-0.0654578
318.823,368,0.250987,0.241178,0.00587979,-0.0692324
319.689,367.5,0.253147,0.242356,0.00695565,-0.0727899
320.555,367,0.257583,0.246385,0.00734849,-0.0747618
321.421,366.5,0.263275,0.25181,0.00742262,-0.076486
322.287,366,0.269457,0.257649,0.00743864,-0.0785388
323.153,365.5,0.276129,0.263902,0.00739654,-0.08092
324.019,365,0.283293,0.270569,0.00729631,-0.0836297
324.885,364.5,0.29095,0.27765,0.00713797,-0.086668
325.751,364,0.297515,0.282643,0.00899684,-0.0924518
326.617,363.5,0.30163,0.283818,0.0142481,-0.101119
327.483,363,0.303606,0.282836,0.0204812,-0.108447
328.349,362.5,0.304784,0.280545,0.027386,-0.115922
329.215,362,0.305261,0.276945,0.0349627,-0.123544
330.081,361.5,0.305145,0.272036,0.0432112,-0.131313
330.947,361,0.305755,0.267428,0.0505587,-0.139328
331.813,360.5,0.319587,0.279447,0.0438932,-0.148725
332.679,360,0.338703,0.29688,0.0364612,-0.15891
333.546,359.5,0.363161,0.319729,0.0282629,-0.169884
334.412,359,0.393022,0.347991,0.0192982,-0.181647
335.278,358.5,0.428341,0.381669,0.00956703,-0.194199
336.144,358,0.463222,0.415083,0.000778761,-0.205622
337.01,357.5,0.458373,0.411701,0.0431851,-0.196832
337.876,357,0.454902,0.406709,0.101361,-0.176777
338.742,356.5,0.464754,0.408917,0.162413,-0.149684
339.608,356,0.489467,0.418324,0.226342,-0.115554
340.474,355.5,0.529748,0.43493,0.293147,-0.0743868
341.34,355,0.585465,0.458736,0.36283,-0.0261824
342.206,354.5,0.60681,0.460482,0.394009,-0.0305096
343.072,354,0.578408,0.414872,0.390896,-0.0981688
343.938,353.5,0.556368,0.346785,0.40301,-0.163918
344.804,353,0.550203,0.256219,0.430351,-0.227757
345.67,352.5,0.55942,0.162178,0.454736,-0.282603
346.536,352,0.580514,0.0894453,0.477946,-0.317117
347.402,351.5,0.583948,0.0642917,0.493575,-0.305361
348.268,351,0.466133,0.224528,0.382524,-0.143326
349.134,350.5,0.448223,0.331565,0.301341,-0.0127403
350,350,0.467452,0.385401,0.250028,0.0863959
350.866,349.5,0.474358,0.386037,0.228582,0.154083
351.732,349,0.451218,0.333472,0.237006,0.19032
352.598,348.5,0.407071,0.227708,0.275298,0.195108
353.464,348,0.400666,0.140889,0.30028,0.224756
354.33,347.5,0.404566,0.0566118,0.306885,0.257469
355.196,347,0.416685,0.0549972,0.246039,0.331763
356.062,346.5,0.474215,0.115266,0.15063,0.434632
356.928,346,0.550112,0.154899,0.0761783,0.522328
357.794,345.5,0.620163,0.173896,0.0226849,0.594851
358.66,345,0.640966,0.164148,0.0108505,0.619496
359.526,344.5,0.623564,0.140812,0.0232687,0.607012
360.392,344,0.601262,0.115558,0.0367183,0.588909
361.258,343.5,0.574344,0.0883871,0.0511993,0.565188
362.124,343,0.543232,0.0592993,0.0667117,0.535849
362.99,342.5,0.508552,0.0282944,0.0832555,0.500892
363.856,342,0.478423,-0.0026877,0.104184,0.466934
364.722,341.5,0.466133,-0.0151344,0.104733,0.453962
365.588,341,0.447255,-0.0202651,0.0853478,0.438568
366.454,340.5,0.427924,-0.0277532,0.0692257,0.421374
367.321,340,0.408046,-0.0375988,0.0563666,0.402381
368.187,339.5,0.387657,-0.0498019,0.0467704,0.381589
369.053,339,0.366956,-0.0643625,0.0404372,0.358997
369.919,338.5,0.338211,-0.0853749,0.0377232,0.325077
370.785,338,0.311709,-0.106762,0.0344847,0.290818
371.651,337.5,0.289081,-0.12793,0.0304764,0.257436
372.517,337,0.270958,-0.148878,0.0256983,0.224929
373.383,336.5,0.257948,-0.169607,0.0201504,0.193299
374.249,336,0.240585,-0.175646,0.0172538,0.163498
375.115,335.5,0.216832,-0.169322,0.0154625,0.134563
375.981,335,0.19207,-0.158993,0.0134274,0.10692
376.847,334.5,0.169113,-0.147697,0.0113861,0.0815793
377.713,334,0.14784,-0.135434,0.00933857,0.0585399
378.579,333.5,0.128125,-0.122205,0.00728486,0.0378022
379.445,333,0.109855,-0.108008,0.00522494,0.0193661
380.311,332.5,0.0919102,-0.0918073,0.00275747,0.00336197
381.177,332,0.0733659,-0.0725956,-0.000403968,-0.0105954
382.043,331.5,0.0585246,-0.0536447,-0.00293451,-0.0232114
382.909,331,0.0493404,-0.0349544,-0.00483416,-0.0344861
383.775,330.5,0.0513291,-0.0201802,-0.00477088,-0.0469539
384.641,330,0.0600133,-0.00738919,-0.00408549,-0.0594164
385.507,329.5,0.071181,0.00480115,-0.00338597,-0.0709381
386.373,329,0.0800265,0.0209754,-0.00262887,-0.0771839
387.239,328.5,0.0902611,0.0363888,-0.00190701,-0.082579
388.105,328,0.101052,0.0508111,-0.00122369,-0.0873394
388.971,327.5,0.111773,0.0642425,-0.000578919,-0.091465
389.837,327,0.122053,0.0766829,2.7314e-05,-0.094956
390.703,326.5,0.131662,0.0881322,0.000595004,-0.0978123
391.569,326,0.138858,0.0985719,0.00106398,-0.0977955
392.435,325.5,0.144838,0.108179,0.00146043,-0.0962982
393.301,325,0.150556,0.116301,0.00162293,-0.0955947
394.167,324.5,0.156086,0.123785,0.00172989,-0.0950644
395.033,324,0.161404,0.130866,0.00184062,-0.0944549
395.899,323.5,0.166478,0.137546,0.00195512,-0.0937662
396.765,323,0.170698,0.143671,0.0020723,-0.0921526
397.631,322.5,0.173608,0.149141,0.00218144,-0.0888358
398.497,322,0.176493,0.154303,0.00227996,-0.0856465
399.363,321.5,0.179323,0.159157,0.00236788,-0.0825847
400.229,321,0.182068,0.163703,0.00244519,-0.0796502
401.095,320.5,0.184703,0.167941,0.00251188,-0.0768433
401.962,320,0.187193,0.17186,0.00256761,-0.0741536
402.828,319.5,0.188974,0.174914,0.00257921,-0.0714808
403.694,319,0.190866,0.177907,0.00258557,-0.0690798
404.56,318.5,0.192708,0.180749,0.00258647,-0.0667789
405.426,318,0.194493,0.183441,0.0025819,-0.064578
406.292,317.5,0.196211,0.185981,0.00257187,-0.0624772
407.158,317,0.197856,0.18837,0.00255636,-0.0604764
408.024,316.5,0.198937,0.190221,0.002504,-0.0581862
408.89,316,0.199781,0.191805,0.00243632,-0.055835
409.756,315.5,0.200608,0.193302,0.00236781,-0.0535957
410.622,315,0.201412,0.194711,0.00229849,-0.0514684
411.488,314.5,0.202187,0.196033,0.00222833,-0.0494529
412.354,314,0.203097,0.197393,0.00216836,-0.0477449
413.22,313.5,0.203806,0.198527,0.00210419,-0.0460413
414.086,313,0.204193,0.199326,0.0020313,-0.044268
414.952,312.5,0.204587,0.200101,0.0019607,-0.0425637
415.818,312,0.204987,0.20085,0.00189239,-0.0409283
416.684,311.5,0.205391,0.201575,0.00182637,-0.0393617
417.55,311,0.205796,0.202276,0.00176263,-0.0378641
418.416,310.5,0.206183,0.202932,0.00170047,-0.0364285
419.282,310,0.206299,0.203309,0.0016305,-0.0349603
420.148,309.5,0.206429,0.203678,0.001563,-0.0335547
421.014,309,0.206572,0.204039,0.00149796,-0.0322118
421.88,308.5,0.206946,0.204591,0.00144331,-0.0310948
422.746,308,0.207319,0.205129,0.0013904,-0.0300247
423.612,307.5,0.207683,0.205645,0.00133897,-0.028996
424.478,307,0.207877,0.205982,0.00128599,-0.0279796
425.344,306.5,0.208018,0.206255,0.00123352,-0.0269905
426.21,306,0.208159,0.206521,0.0011826,-0.0260375
427.076,305.5,0.208301,0.206778,0.00113322,-0.0251208
427.942,305,0.208444,0.207027,0.00108538,-0.0242403
428.808,304.5,0.208586,0.207267,0.00103909,-0.0233959
429.674,304,0.20867,0.207442,0.000993746,-0.0225818
430.54,303.5,0.208686,0.207543,0.000949507,-0.0217931
431.406,303,0.208765,0.207697,0.00091508,-0.0210741
432.272,302.5,0.208847,0.207849,0.000881684,-0.0203783
433.138,302,0.208932,0.207999,0.000849322,-0.0197056
434.004,301.5,0.20902,0.208148,0.000817992,-0.019056
434.87,301,0.209099,0.208284,0.000787613,-0.0184298
435.737,300.5,0.209097,0.208334,0.000757646,-0.0178261
436.603,300,0.2091,0.208387,0.00072866,-0.017242
437.469,299.5,0.209108,0.208441,0.000700655,-0.0166776
438.335,299,0.209122,0.208497,0.000673631,-0.0161329
439.201,298.5,0.20914,0.208556,0.000647588,-0.0156078
440.067,298,0.209169,0.208622,0.000622636,-0.0151049
440.933,297.5,0.209206,0.208692,0.000599581,-0.0146489
441.799,297,0.209232,0.208748,0.00057721,-0.0142071
442.665,296.5,0.209259,0.208805,0.00055552,-0.0137782
443.531,296,0.209288,0.208861,0.000534511,-0.013362
444.397,295.5,0.209318,0.208916,0.000514183,-0.0129586
445.263,295,0.20935,0.208971,0.000494536,-0.0125681
446.129,294.5,0.209359,0.209003,0.000475548,-0.0121939
446.995,294,0.209346,0.209011,0.000457126,-0.0118345
447.861,293.5,0.209336,0.20902,0.000439261,-0.0114859
448.727,293,0.209328,0.20903,0.000421954,-0.0111481
449.593,292.5,0.209325,0.209045,0.000405638,-0.0108229
450.459,292,0.209343,0.209078,0.000392137,-0.010518
451.325,291.5,0.209356,0.209106,0.000379109,-0.010223
452.191,291,0.209343,0.209107,0.000366776,-0.0099427
453.057,290.5,0.209333,0.209109,0.000354755,-0.00966959
453.923,290,0.209324,0.209112,0.000343047,-0.0094037
454.789,289.5,0.209317,0.209117,0.000331651,-0.00914501
455.655,289,0.209313,0.209123,0.000320567,-0.00889353
456.521,288.5,0.20931,0.209131,0.000309795,-0.00864925
457.387,288,0.209288,0.209118,0.000299468,-0.00841787
458.253,287.5,0.209265,0.209104,0.000289464,-0.00819347
459.119,287,0.209248,0.209096,0.000279792,-0.00797623
459.985,286.5,0.20925,0.209106,0.000270488,-0.00776868
460.851,286,0.209253,0.209116,0.00026142,-0.00756633
461.717,285.5,0.209257,0.209127,0.000252587,-0.0073692
462.583,285,0.209251,0.209127,0.000244135,-0.00718103
463.449,284.5,0.209237,0.20912,0.000236032,-0.0070005
464.315,284,0.209225,0.209113,0.000228158,-0.00682432
465.181,283.5,0.209214,0.209108,0.000220514,-0.00665248
466.047,283,0.209204,0.209103,0.000213099,-0.00648498
466.913,282.5,0.209195,0.209099,0.000205913,-0.00632181
467.779,282,0.209184,0.209093,0.000198965,-0.00616423
468.645,281.5,0.209167,0.20908,0.000192515,-0.00601559
469.512,281,0.209157,0.209074,0.000186911,-0.00587258
470.378,280.5,0.209148,0.20907,0.000181447,-0.00573265
471.244,280,0.209141,0.209066,0.000176123,-0.0055958
472.11,279.5,0.209134,0.209062,0.000170939,-0.00546204
472.976,279,0.209128,0.20906,0.000165896,-0.00533137
473.842,278.5,0.209113,0.209048,0.00016116,-0.00520834
474.708,278,0.209098,0.209036,0.000156542,-0.00508837
475.574,277.5,0.209084,0.209025,0.000152026,-0.00497103
476.44,277,0.209071,0.209015,0.000147611,-0.00485633
477.306,276.5,0.20906,0.209006,0.000143298,-0.00474426
478.172,276,0.209052,0.209,0.00013909,-0.0046354
479.038,275.5,0.209044,0.208995,0.000135053,-0.00453236
