x,v,vx,vy,vz
220.096,425,0.0491235,-0.0201803,0.0141745,0.0424848
220.962,424.5,0.0528722,-0.0255215,0.0144992,0.0439761
221.828,424,0.0571639,-0.0310623,0.0148212,0.0456418
222.694,423.5,0.0620566,-0.0369334,0.0151379,0.0475163
223.56,423,0.0672322,-0.0429165,0.0154591,0.0493899
224.426,422.5,0.0726606,-0.0489854,0.0157844,0.0512918
225.292,422,0.0783113,-0.05514,0.0161137,0.053222
226.158,421.5,0.0841603,-0.0613804,0.0164471,0.0551805
227.024,421,0.0902327,-0.0677316,0.0167818,0.0572079
227.89,420.5,0.096966,-0.0744525,0.0170913,0.0597255
228.756,420,0.103863,-0.0812683,0.0174042,0.0622896
229.622,419.5,0.110913,-0.0881791,0.0177207,0.0649002
230.488,419,0.118109,-0.095185,0.0180406,0.0675573
231.355,418.5,0.125444,-0.102286,0.018364,0.070261
232.221,418,0.132956,-0.109588,0.0186972,0.0729266
233.087,417.5,0.140922,-0.117091,0.0189549,0.0760889
233.953,417,0.149131,-0.124726,0.019187,0.0794684
234.819,416.5,0.157493,-0.13248,0.0194178,0.0829221
235.685,416,0.166008,-0.140353,0.0196472,0.0864499
236.551,415.5,0.174673,-0.148345,0.0198753,0.0900519
237.417,415,0.183486,-0.156455,0.020102,0.093728
238.283,414.5,0.192481,-0.164549,0.0202248,0.0977937
239.149,414,0.201663,-0.172589,0.0202129,0.102335
240.015,413.5,0.21099,-0.180734,0.0201869,0.10698
240.881,413,0.220463,-0.188984,0.0201467,0.111728
241.747,412.5,0.23029,-0.197621,0.0200445,0.116524
242.613,412,0.240352,-0.206461,0.019901,0.121438
243.479,411.5,0.250479,-0.215242,0.0196359,0.12659
244.345,411,0.260038,-0.222932,0.0187337,0.132553
245.211,410.5,0.269715,-0.230638,0.0177445,0.138698
246.077,410,0.279511,-0.238362,0.0166684,0.145024
246.943,409.5,0.289429,-0.246103,0.0155053,0.151532
247.809,409,0.299471,-0.253862,0.0142553,0.158222
248.675,408.5,0.30964,-0.261637,0.0129183,0.165093
249.541,408,0.317631,-0.266825,0.00970273,0.172045
250.407,407.5,0.325129,-0.271307,0.00585718,0.179072
251.273,407,0.332959,-0.275996,0.00113518,0.186244
252.139,406.5,0.340831,-0.280567,-0.00416044,0.19347
253.005,406,0.348698,-0.28495,-0.0099325,0.200737
253.871,405.5,0.35658,-0.289145,-0.016181,0.208045
254.737,405,0.360936,-0.290096,-0.0254159,0.213245
255.603,404.5,0.361647,-0.287492,-0.0377675,0.216126
256.469,404,0.362144,-0.284153,-0.0508789,0.21867
257.335,403.5,0.362526,-0.280081,-0.0647501,0.220878
258.201,403,0.362897,-0.275273,-0.0793812,0.22275
259.067,402.5,0.363374,-0.269731,-0.094772,0.224286
259.933,402,0.362098,-0.261149,-0.111782,0.224546
260.799,401.5,0.354007,-0.238877,-0.135804,0.223195
261.665,401,0.347604,-0.212119,-0.160651,0.223663
262.531,400.5,0.344031,-0.181037,-0.186034,0.225776
263.397,400,0.3447,-0.145631,-0.211954,0.229533
264.263,399.5,0.351069,-0.105901,-0.23841,0.234935
265.13,399,0.364444,-0.0618478,-0.265404,0.241981
265.996,398.5,0.391986,0.00932452,-0.286644,0.26721
266.862,398,0.433712,0.0873225,-0.304724,0.296013
267.728,397.5,0.487332,0.168964,-0.320328,0.326088
268.594,397,0.550996,0.25425,-0.333455,0.357436
269.46,396.5,0.623159,0.34318,-0.344107,0.390058
270.326,396,0.682465,0.421266,-0.337,0.418001
271.192,395.5,0.712118,0.471426,-0.312375,0.432771
272.058,395,0.715246,0.495578,-0.277028,0.435011
272.924,394.5,0.710828,0.511087,-0.240901,0.431317
273.79,394,0.698361,0.517952,-0.203993,0.421688
274.656,393.5,0.677518,0.516173,-0.166305,0.406126
275.522,393,0.648125,0.505751,-0.127836,0.384629
276.388,392.5,0.595618,0.47357,-0.0871264,0.350573
277.254,392,0.491152,0.393137,-0.0428086,0.291275
278.12,391.5,0.379318,0.30385,-0.000224529,0.227062
278.986,391,0.262119,0.205294,0.0403903,0.157892
279.852,390.5,0.14458,0.0904106,0.0718129,0.0870182
280.718,390,0.105626,-0.0227712,0.101191,0.0199661
281.584,389.5,0.190824,-0.134252,0.128524,-0.0432646
282.45,389,0.273856,-0.222511,0.144288,-0.0683141
283.316,388.5,0.34865,-0.299735,0.157308,-0.0834847
284.182,388,0.414017,-0.367165,0.168252,-0.091057
285.048,387.5,0.469162,-0.424801,0.177117,-0.0910311
285.914,387,0.513974,-0.472643,0.183905,-0.0834069
286.78,386.5,0.548662,-0.510691,0.188616,-0.0681844
287.646,386,0.560887,-0.528569,0.182095,-0.0452827
288.512,385.5,0.562002,-0.535622,0.168787,-0.0216085
289.378,385,0.556128,-0.534446,0.153771,-0.00095243
290.244,384.5,0.548983,-0.530988,0.138321,0.0173693
291.11,384,0.540359,-0.525247,0.122438,0.0333566
291.976,383.5,0.530087,-0.517223,0.106122,0.0470096
292.842,383,0.512348,-0.502232,0.08639,0.0529129
293.708,382.5,0.481338,-0.475437,0.0602849,0.0448464
294.574,382,0.450893,-0.448123,0.0350557,0.0355187
295.44,381.5,0.421164,-0.420289,0.0107024,0.0249297
296.306,381,0.392362,-0.391936,-0.0127751,0.0130794
297.172,380.5,0.364782,-0.363063,-0.0353766,-3.21497e-05
298.038,380,0.338455,-0.33342,-0.0562794,-0.014681
298.905,379.5,0.308294,-0.297786,-0.0700244,-0.0382773
299.771,379,0.282422,-0.26295,-0.0827359,-0.0614355
300.637,378.5,0.261553,-0.228959,-0.0944305,-0.0840856
301.503,378,0.246323,-0.195813,-0.105108,-0.106228
302.369,377.5,0.237186,-0.163513,-0.114769,-0.127862
303.235,377,0.234238,-0.132057,-0.123413,-0.148988
304.101,376.5,0.233507,-0.0989907,-0.126746,-0.169298
304.967,376,0.238067,-0.065902,-0.12883,-0.189039
305.833,375.5,0.249048,-0.0340311,-0.132083,-0.208377
306.699,375,0.26517,-0.00337793,-0.136505,-0.227311
307.565,374.5,0.284878,0.0260194,-0.141384,-0.245945
308.431,374,0.306348,0.0538043,-0.144346,-0.264799
309.297,373.5,0.325904,0.0778168,-0.143978,-0.28183
310.163,373,0.340975,0.0976538,-0.138826,-0.295728
311.029,372.5,0.358163,0.117672,-0.135912,-0.309778
311.895,372,0.377175,0.137871,-0.135237,-0.323981
312.761,371.5,0.39778,0.15825,-0.1368,-0.338337
313.627,371,0.419812,0.178811,-0.140602,-0.352845
314.493,370.5,0.442622,0.199122,-0.146198,-0.367275
315.359,370,0.455193,0.210898,-0.144209,-0.376731
316.225,369.5,0.468156,0.22328,-0.143332,-0.385711
317.091,369,0.482367,0.235602,-0.142689,-0.395991
317.957,368.5,0.499418,0.246391,-0.1409,-0.410922
318.823,368,0.517184,0.257103,-0.140199,-0.426288
319.689,367.5,0.53562,0.267739,-0.140585,-0.442087
320.555,367,0.548861,0.274261,-0.1337,-0.456238
321.421,366.5,0.559618,0.279228,-0.123516,-0.468985
322.287,366,0.569881,0.284127,-0.112904,-0.480925
323.153,365.5,0.57965,0.288958,-0.101861,-0.492058
324.019,365,0.588924,0.29372,-0.0903896,-0.502384
324.885,364.5,0.597709,0.298413,-0.0784885,-0.511904
325.751,364,0.600583,0.296256,-0.0610018,-0.518856
326.617,363.5,0.595264,0.280898,-0.0327546,-0.523796
327.483,363,0.590497,0.259403,0.000289462,-0.530469
328.349,362.5,0.587372,0.23901,0.0322311,-0.535575
329.215,362,0.585577,0.219721,0.0630702,-0.539115
330.081,361.5,0.584812,0.201534,0.0928069,-0.541088
330.947,361,0.583171,0.184094,0.119994,-0.540184
331.813,360.5,0.568004,0.166102,0.134122,-0.526355
332.679,360,0.553771,0.151928,0.148644,-0.511356
333.546,359.5,0.540376,0.141573,0.163562,-0.495187
334.412,359,0.527798,0.135037,0.178876,-0.477848
335.278,358.5,0.516105,0.13232,0.194584,-0.459339
336.144,358,0.491883,0.142761,0.194181,-0.428791
337.01,357.5,0.484612,0.145273,0.182949,-0.424587
337.876,357,0.486003,0.138708,0.17465,-0.431806
338.742,356.5,0.486209,0.129169,0.164845,-0.438795
339.608,356,0.485487,0.116655,0.153532,-0.445553
340.474,355.5,0.48416,0.101167,0.140713,-0.45208
341.34,355,0.482621,0.0827042,0.126386,-0.458377
342.206,354.5,0.459257,0.0803121,0.130948,-0.432804
343.072,354,0.416579,0.110868,0.173192,-0.362285
343.938,353.5,0.398253,0.158325,0.236192,-0.27884
344.804,353,0.430405,0.222684,0.319947,-0.182469
345.67,352.5,0.448,0.201092,0.379581,-0.127217
346.536,352,0.412411,0.0692456,0.386908,-0.124859
347.402,351.5,0.401216,-0.0693196,0.376404,-0.120371
348.268,351,0.413963,-0.220851,0.330542,-0.115465
349.134,350.5,0.443837,-0.311506,0.307754,-0.0724038
350,350,0.459829,-0.341284,0.308042,0.00881135
350.866,349.5,0.471672,-0.310186,0.331404,0.128181
351.732,349,0.521543,-0.218211,0.377842,0.285705
352.598,348.5,0.660399,-0.0653594,0.447354,0.481383
353.464,348,0.674006,-0.0545397,0.430422,0.515797
354.33,347.5,0.656149,-0.0761277,0.42064,0.497793
355.196,347,0.629949,-0.10928,0.416166,0.460107
356.062,346.5,0.60041,-0.144296,0.406323,0.41782
356.928,346,0.578651,-0.167776,0.407041,0.375508
357.794,345.5,0.564177,-0.179718,0.418322,0.333173
358.66,345,0.560437,-0.147517,0.387449,0.377109
359.526,344.5,0.587922,-0.0842257,0.31561,0.488824
360.392,344,0.638983,-0.0219792,0.248606,0.588228
361.258,343.5,0.701679,0.0392219,0.186438,0.67532
362.124,343,0.76759,0.0993778,0.129105,0.7501
362.99,342.5,0.831418,0.158488,0.076607,0.812569
363.856,342,0.874235,0.205353,0.0388954,0.848884
364.722,341.5,0.856004,0.209592,0.0349535,0.829212
365.588,341,0.836773,0.212749,0.0283913,0.808777
366.454,340.5,0.816674,0.21475,0.0221514,0.787622
367.321,340,0.795683,0.215593,0.016234,0.765746
368.187,339.5,0.773777,0.215281,0.0106389,0.74315
369.053,339,0.750935,0.213811,0.00536632,0.719833
369.919,338.5,0.742917,0.231184,0.00237004,0.706027
370.785,338,0.737268,0.248712,-0.000333831,0.694051
371.651,337.5,0.732114,0.264078,-0.00297993,0.682821
372.517,337,0.727293,0.277285,-0.00556826,0.672337
373.383,336.5,0.722659,0.28833,-0.00809882,0.662598
374.249,336,0.715426,0.293756,-0.010305,0.652254
375.115,335.5,0.708117,0.296053,-0.0113146,0.64316
375.981,335,0.701278,0.297368,-0.0115812,0.635003
376.847,334.5,0.694372,0.298071,-0.0118974,0.627028
377.713,334,0.687388,0.29816,-0.0122633,0.619235
378.579,333.5,0.680318,0.297637,-0.0126788,0.611624
379.445,333,0.673155,0.296501,-0.0131439,0.604195
380.311,332.5,0.664847,0.294471,-0.0133574,0.595927
381.177,332,0.653632,0.291203,-0.0127778,0.58504
382.043,331.5,0.642376,0.287544,-0.012212,0.574296
382.909,331,0.631076,0.283493,-0.01166,0.563695
383.775,330.5,0.619159,0.277812,-0.0110261,0.553224
384.641,330,0.607181,0.271495,-0.0103921,0.543001
385.507,329.5,0.595398,0.265066,-0.00979921,0.533051
386.373,329,0.583078,0.25925,-0.00892407,0.522198
387.239,328.5,0.571078,0.253479,-0.00810785,0.511677
388.105,328,0.559438,0.24772,-0.00736691,0.501549
388.971,327.5,0.548158,0.241975,-0.00670128,0.491813
389.837,327,0.537238,0.236243,-0.00611093,0.482469
390.703,326.5,0.52668,0.230524,-0.00559588,0.473518
391.569,326,0.516581,0.225366,-0.00521445,0.4648
392.435,325.5,0.506824,0.220527,-0.00491395,0.456304
393.301,325,0.497185,0.21514,-0.00457533,0.448204
394.167,324.5,0.487753,0.209645,-0.00425298,0.440379
395.033,324,0.478568,0.204204,-0.00396892,0.432796
395.899,323.5,0.469631,0.198816,-0.00372317,0.425455
396.765,323,0.460908,0.193717,-0.00354674,0.418207
397.631,322.5,0.452334,0.189161,-0.00346218,0.410867
398.497,322,0.44397,0.184655,-0.00339927,0.403733
399.363,321.5,0.435817,0.1802,-0.00335801,0.396804
400.229,321,0.427876,0.175796,-0.0033384,0.39008
401.095,320.5,0.420147,0.171443,-0.00334043,0.383561
401.962,320,0.412631,0.167148,-0.00336532,0.377246
402.828,319.5,0.405143,0.163086,-0.00347243,0.370852
403.694,319,0.397778,0.158989,-0.00357443,0.364606
404.56,318.5,0.390576,0.154959,-0.00368121,0.358502
405.426,318,0.383535,0.150999,-0.00379277,0.352539
406.292,317.5,0.376656,0.147106,-0.00390911,0.346719
407.158,317,0.36994,0.143282,-0.00403023,0.341041
408.024,316.5,0.363354,0.139988,-0.00419195,0.335279
408.89,316,0.356903,0.136953,-0.00437001,0.329552
409.756,315.5,0.350599,0.133973,-0.00454795,0.323961
410.622,315,0.344442,0.131048,-0.00472577,0.318504
411.488,314.5,0.338432,0.128178,-0.00490347,0.313181
412.354,314,0.33249,0.125067,-0.005014,0.30803
413.22,313.5,0.326678,0.122217,-0.00512276,0.302911
414.086,313,0.321004,0.119798,-0.00523983,0.297766
414.952,312.5,0.315436,0.117411,-0.00535684,0.292722
415.818,312,0.309976,0.115058,-0.00547381,0.28778
416.684,311.5,0.304624,0.112738,-0.00559074,0.282939
417.55,311,0.299378,0.11045,-0.00570761,0.2782
418.416,310.5,0.294241,0.108231,-0.005823,0.27355
419.282,310,0.289227,0.106544,-0.00591979,0.268822
420.148,309.5,0.284315,0.10488,-0.00602034,0.264195
421.014,309,0.279506,0.103238,-0.00612466,0.259669
421.88,308.5,0.274657,0.101317,-0.00620967,0.255212
422.746,308,0.269891,0.0994129,-0.00629555,0.250836
423.612,307.5,0.265212,0.0975362,-0.00638303,0.246542
424.478,307,0.260676,0.0960383,-0.00645671,0.242253
425.344,306.5,0.256237,0.0946715,-0.00652765,0.238017
426.21,306,0.251876,0.0933171,-0.00660105,0.233859
427.076,305.5,0.247592,0.0919749,-0.00667692,0.229778
427.942,305,0.243386,0.0906451,-0.00675526,0.225775
428.808,304.5,0.239256,0.0893275,-0.00683607,0.22185
429.674,304,0.235234,0.0881882,-0.00690756,0.217968
430.54,303.5,0.231321,0.0872633,-0.0069659,0.214117
431.406,303,0.227375,0.0861777,-0.00696713,0.210296
432.272,302.5,0.223487,0.0851006,-0.00697098,0.206533
433.138,302,0.219655,0.0840322,-0.00697744,0.202826
434.004,301.5,0.215881,0.0829722,-0.00698652,0.199176
434.87,301,0.212175,0.0819589,-0.00699637,0.195581
435.737,300.5,0.208609,0.0812252,-0.00699554,0.192019
436.603,300,0.205093,0.0804922,-0.00699743,0.188508
437.469,299.5,0.201625,0.0797598,-0.00700206,0.185046
438.335,299,0.198206,0.079028,-0.00700942,0.181634
439.201,298.5,0.194835,0.0782968,-0.00701951,0.178272
440.067,298,0.191507,0.0775545,-0.00703062,0.174959
440.933,297.5,0.188225,0.0769015,-0.0070163,0.171655
441.799,297,0.184997,0.076301,-0.00700086,0.168383
442.665,296.5,0.181808,0.0757052,-0.00698692,0.165148
443.531,296,0.178659,0.0751141,-0.0069745,0.161951
444.397,295.5,0.175549,0.0745277,-0.0069636,0.158791
445.263,295,0.172479,0.073946,-0.00695421,0.155668
446.129,294.5,0.169485,0.0734698,-0.00694439,0.152575
446.995,294,0.166565,0.0731013,-0.00693346,0.149506
447.861,293.5,0.16368,0.0727361,-0.00692322,0.146468
448.727,293,0.160831,0.0723741,-0.00691366,0.143461
449.593,292.5,0.158015,0.0720068,-0.00689888,0.140486
450.459,292,0.155217,0.0715986,-0.00685326,0.137547
451.325,291.5,0.152463,0.0712292,-0.00680823,0.134629
452.191,291,0.149785,0.0710162,-0.00676088,0.131707
453.057,290.5,0.147143,0.0708098,-0.00671446,0.128809
453.923,290,0.144536,0.0706101,-0.00666898,0.125938
454.789,289.5,0.141965,0.070417,-0.00662442,0.123092
455.655,289,0.139431,0.0702305,-0.0065808,0.120272
456.521,288.5,0.136933,0.0700507,-0.00653811,0.117477
457.387,288,0.134528,0.0700285,-0.0064957,0.11468
458.253,287.5,0.13217,0.0700376,-0.00645343,0.111902
459.119,287,0.129856,0.0700488,-0.00640884,0.109154
459.985,286.5,0.127597,0.0700497,-0.00635512,0.10646
460.851,286,0.125379,0.0700593,-0.00630108,0.103787
461.717,285.5,0.1232,0.0700774,-0.00624674,0.101136
462.583,285,0.121097,0.0701978,-0.0061918,0.0984805
463.449,284.5,0.119066,0.0704042,-0.00613613,0.0958244
464.315,284,0.117082,0.0706193,-0.00607991,0.0931887
465.181,283.5,0.115146,0.0708429,-0.00602316,0.0905734
466.047,283,0.113259,0.0710752,-0.00596585,0.0879786
466.913,282.5,0.111422,0.0713161,-0.005908,0.0854042
467.779,282,0.109657,0.071607,-0.00584948,0.0828421
468.645,281.5,0.108028,0.072036,-0.00579136,0.0802952
469.512,281,0.106487,0.0724558,-0.00573706,0.0778245
470.378,280.5,0.105004,0.0728842,-0.00568287,0.075375
471.244,280,0.10358,0.073321,-0.00562881,0.0729467
472.11,279.5,0.102217,0.0737665,-0.00557488,0.0705395
472.976,279,0.100916,0.0742204,-0.00552107,0.0681536
473.842,278.5,0.0997749,0.0748433,-0.00546494,0.0657544
474.708,278,0.0987117,0.0754883,-0.00540872,0.063374
475.574,277.5,0.0977188,0.0761408,-0.00535264,0.0610155
476.44,277,0.0967969,0.0768009,-0.0052967,0.0586788
477.306,276.5,0.0959466,0.0774686,-0.00524089,0.056364
478.172,276,0.0951679,0.0781316,-0.00518157,0.0540882
479.038,275.5,0.0945421,0.0788865,-0.00511261,0.0518556
