x,v,vx,vy,vz
220.096,425,0.0833655,0.0829529,0.00825797,0.000652814
220.962,424.5,0.0803062,0.0798524,0.00849412,0.000722883
221.828,424,0.0770484,0.0765458,0.00874522,0.000844566
222.694,423.5,0.0735226,0.0729603,0.00901772,0.00102083
223.56,423,0.0699824,0.0693529,0.00929292,0.00116635
224.426,422.5,0.0664164,0.0657103,0.00957104,0.00129659
225.292,422,0.0628259,0.0620326,0.00985207,0.00141155
226.158,421.5,0.0592133,0.0583197,0.010136,0.00151123
227.024,421,0.055537,0.0545257,0.0104261,0.00161268
227.89,420.5,0.0513525,0.050178,0.010755,0.00188988
228.756,420,0.0471571,0.0457846,0.0110874,0.00215331
229.622,419.5,0.0429616,0.0413453,0.0114232,0.00240296
230.488,419,0.0387814,0.0368602,0.0117626,0.00263884
231.355,418.5,0.0346397,0.0323293,0.0121055,0.00286094
232.221,418,0.0306102,0.0278018,0.0124489,0.00301063
233.087,417.5,0.0263317,0.0227546,0.0128228,0.00334113
233.953,417,0.0222365,0.0174964,0.0132095,0.00372097
234.819,416.5,0.0187048,0.0121745,0.0136008,0.00408287
235.685,416,0.0161738,0.00678866,0.0139967,0.00442684
236.551,415.5,0.0152204,0.00133906,0.0143971,0.00475286
237.417,415,0.0161907,-0.00417436,0.0148021,0.00506094
238.283,414.5,0.0191014,-0.0101189,0.0152278,0.00553035
239.149,414,0.0236531,-0.016588,0.0156785,0.00620428
240.015,413.5,0.0290373,-0.0231441,0.016135,0.00686824
240.881,413,0.034919,-0.0297874,0.0165972,0.00752223
241.747,412.5,0.041069,-0.0364834,0.0170652,0.00802493
242.613,412,0.0474442,-0.0432636,0.017539,0.00846134
243.479,411.5,0.0541346,-0.0502572,0.0180181,0.0089509
244.345,411,0.0617863,-0.0581095,0.0185005,0.0099276
245.211,410.5,0.069626,-0.0660966,0.0189894,0.0108824
246.077,410,0.0776378,-0.0742184,0.0194849,0.0118153
246.943,409.5,0.0858111,-0.0824749,0.0199868,0.0127263
247.809,409,0.0941388,-0.0908662,0.0204953,0.0136154
248.675,408.5,0.102616,-0.0993923,0.0210103,0.0144826
249.541,408,0.112237,-0.108983,0.0214999,0.0160515
250.407,407.5,0.122272,-0.118959,0.0219878,0.0177712
251.273,407,0.132346,-0.129014,0.0224782,0.01912
252.139,406.5,0.142594,-0.139253,0.0229742,0.0203424
253.005,406,0.153046,-0.149698,0.0234764,0.0215018
253.871,405.5,0.1637,-0.160349,0.0239848,0.0225981
254.737,405,0.175198,-0.17178,0.0243648,0.0243366
255.603,404.5,0.187597,-0.184047,0.0246169,0.026706
256.469,404,0.200301,-0.19662,0.0248699,0.0290281
257.335,403.5,0.213309,-0.209499,0.025124,0.0313031
258.201,403,0.226619,-0.222683,0.0253791,0.033531
259.067,402.5,0.24023,-0.236174,0.0256351,0.0357116
259.933,402,0.254386,-0.250165,0.0257205,0.0383163
260.799,401.5,0.269372,-0.264902,0.0250737,0.0419463
261.665,401,0.284661,-0.279996,0.0243291,0.0451884
262.531,400.5,0.300304,-0.295491,0.0234832,0.0481227
263.397,400,0.3163,-0.311388,0.0225359,0.0507493
264.263,399.5,0.332649,-0.327685,0.0214873,0.0530681
265.13,399,0.349352,-0.344383,0.0203373,0.055079
265.996,398.5,0.367524,-0.363089,0.0142802,0.0551024
266.862,398,0.386554,-0.38272,0.00705046,0.0538509
267.728,397.5,0.406353,-0.403074,-0.000716319,0.0515087
268.594,397,0.426963,-0.424152,-0.00902012,0.0480758
269.46,396.5,0.44843,-0.445952,-0.017861,0.0435522
270.326,396,0.468472,-0.466298,-0.0259767,0.0368436
271.192,395.5,0.487319,-0.484866,-0.0357432,0.0332751
272.058,395,0.505044,-0.50178,-0.0458043,0.0344757
272.924,394.5,0.522759,-0.518508,-0.0546752,0.0379101
273.79,394,0.540433,-0.535051,-0.0623557,0.0435782
274.656,393.5,0.55807,-0.551409,-0.068846,0.05148
275.522,393,0.575711,-0.567581,-0.0741461,0.0616156
276.388,392.5,0.587447,-0.575058,-0.0721656,0.0958897
277.254,392,0.594132,-0.556134,-0.0493114,0.203168
278.12,391.5,0.624955,-0.536064,-0.0231034,0.320422
278.986,391,0.682408,-0.515097,0.00645461,0.447565
279.852,390.5,0.769236,-0.503093,0.0384338,0.580641
280.718,390,0.877427,-0.494737,0.0721867,0.721042
281.584,389.5,1.00324,-0.490031,0.107713,0.868769
282.45,389,1.15011,-0.520675,0.137792,1.0162
283.316,388.5,1.30365,-0.565003,0.165301,1.16316
284.182,388,1.46219,-0.621061,0.190617,1.30994
285.048,387.5,1.62533,-0.68885,0.213739,1.45654
285.914,387,1.79302,-0.768368,0.234667,1.60295
286.78,386.5,1.96541,-0.859618,0.253402,1.74919
287.646,386,1.99037,-0.949916,0.259069,1.72977
288.512,385.5,1.92452,-1.03249,0.255803,1.60384
289.378,385,1.86756,-1.11752,0.246965,1.47578
290.244,384.5,1.81922,-1.19926,0.236196,1.34742
291.11,384,1.77987,-1.27772,0.223495,1.21878
291.976,383.5,1.74977,-1.3529,0.208862,1.08984
292.842,383,1.71655,-1.41372,0.19493,0.95392
293.708,382.5,1.65871,-1.44164,0.186219,0.798931
294.574,382,1.60284,-1.45956,0.177346,0.63821
295.44,381.5,1.5506,-1.46747,0.168313,0.471757
296.306,381,1.50412,-1.46537,0.159118,0.299572
297.172,380.5,1.46602,-1.45327,0.149761,0.121655
298.038,380,1.44117,-1.43315,0.139797,-0.0590496
298.905,379.5,1.45521,-1.44903,0.111334,-0.0744123
299.771,379,1.46156,-1.45579,0.0858185,-0.0973663
300.637,378.5,1.46021,-1.45308,0.0634228,-0.129447
301.503,378,1.45164,-1.4409,0.0441471,-0.170655
302.369,377.5,1.43662,-1.41925,0.0279913,-0.22099
303.235,377,1.41626,-1.38813,0.0149554,-0.280451
304.101,376.5,1.39108,-1.35592,-0.00442185,-0.310772
304.967,376,1.36585,-1.32629,-0.0257433,-0.32535
305.833,375.5,1.34168,-1.29677,-0.0445651,-0.34131
306.699,375,1.31855,-1.26737,-0.0608874,-0.358652
307.565,374.5,1.2956,-1.23799,-0.0751841,-0.374566
308.431,374,1.26587,-1.2027,-0.0877607,-0.385025
309.297,373.5,1.22738,-1.15591,-0.0997793,-0.400458
310.163,373,1.18304,-1.1018,-0.115188,-0.415153
311.029,372.5,1.13931,-1.04722,-0.128496,-0.429945
311.895,372,1.09625,-0.992158,-0.139703,-0.444835
312.761,371.5,1.05397,-0.936623,-0.14881,-0.459823
313.627,371,1.01257,-0.880614,-0.155816,-0.474908
314.493,370.5,0.972033,-0.823922,-0.16064,-0.490098
315.359,370,0.930665,-0.764169,-0.163178,-0.505525
316.225,369.5,0.894091,-0.707231,-0.166542,-0.521044
317.091,369,0.865601,-0.655025,-0.169994,-0.539732
317.957,368.5,0.848995,-0.606772,-0.169075,-0.56924
318.823,368,0.836274,-0.55546,-0.163815,-0.60331
319.689,367.5,0.828831,-0.501088,-0.154214,-0.641942
320.555,367,0.825945,-0.454014,-0.128368,-0.677922
321.421,366.5,0.827808,-0.411428,-0.0960071,-0.711882
322.287,366,0.834935,-0.370104,-0.0618483,-0.745865
323.153,365.5,0.847227,-0.330042,-0.0258919,-0.779869
324.019,365,0.864516,-0.291242,0.0118621,-0.813895
324.885,364.5,0.886576,-0.253703,0.0514137,-0.847943
325.751,364,0.901115,-0.226894,0.0931121,-0.867098
326.617,363.5,0.879866,-0.223908,0.130291,-0.840865
327.483,363,0.824642,-0.237722,0.158519,-0.77356
328.349,362.5,0.774794,-0.251179,0.183847,-0.709518
329.215,362,0.730243,-0.264277,0.206275,-0.64874
330.081,361.5,0.69085,-0.277017,0.225805,-0.591225
330.947,361,0.656786,-0.290585,0.240595,-0.537627
331.813,360.5,0.630136,-0.313022,0.236994,-0.492872
332.679,360,0.60663,-0.332849,0.231893,-0.45104
333.546,359.5,0.585794,-0.350066,0.225291,-0.412132
334.412,359,0.567137,-0.364673,0.217187,-0.376148
335.278,358.5,0.550164,-0.376671,0.207583,-0.343088
336.144,358,0.572697,-0.451221,0.164581,-0.311919
337.01,357.5,0.673428,-0.591819,0.0869945,-0.309334
337.876,357,0.772818,-0.707146,0.0195583,-0.311143
338.742,356.5,0.859658,-0.801063,-0.0401948,-0.309346
339.608,356,0.929525,-0.873569,-0.0922648,-0.303942
340.474,355.5,0.980134,-0.924664,-0.136652,-0.294932
341.34,355,1.01022,-0.95435,-0.173355,-0.282316
342.206,354.5,1.01466,-0.96192,-0.184942,-0.264637
343.072,354,0.985408,-0.94101,-0.162073,-0.243436
343.938,353.5,0.925197,-0.890155,-0.121626,-0.220955
344.804,353,0.835454,-0.809354,-0.0636004,-0.197193
345.67,352.5,0.75422,-0.73542,-0.0021665,-0.167335
346.536,352,0.709164,-0.695704,0.045805,-0.129657
347.402,351.5,0.674633,-0.663681,0.0884958,-0.0826208
348.268,351,0.660232,-0.648612,0.123306,-0.00182737
349.134,350.5,0.624906,-0.596939,0.169301,0.074224
350,350,0.575507,-0.508661,0.226479,0.145533
350.866,349.5,0.528396,-0.383777,0.29484,0.212101
351.732,349,0.514405,-0.222289,0.374386,0.273926
352.598,348.5,0.571389,-0.0241952,0.465115,0.331009
353.464,348,0.598177,-0.0115977,0.471718,0.367645
354.33,347.5,0.614349,-0.0287146,0.47224,0.391905
355.196,347,0.625674,-0.0189967,0.458738,0.425049
356.062,346.5,0.634957,0.0155435,0.421267,0.47483
356.928,346,0.652271,0.0597449,0.378608,0.527773
357.794,345.5,0.680605,0.113607,0.330762,0.583878
358.66,345,0.751747,0.197703,0.251292,0.680359
359.526,344.5,0.859588,0.292865,0.157471,0.792669
360.392,344,0.96092,0.375441,0.0774218,0.881145
361.258,343.5,1.04549,0.445433,0.0111456,0.945788
362.124,343,1.10812,0.502838,-0.041358,0.986598
362.99,342.5,1.14608,0.547658,-0.0800889,1.00357
363.856,342,1.14668,0.570153,-0.099421,0.98991
364.722,341.5,1.0742,0.536111,-0.0830335,0.927139
365.588,341,0.99438,0.494398,-0.0626922,0.860483
366.454,340.5,0.921814,0.455054,-0.044749,0.800415
367.321,340,0.856478,0.418077,-0.0292038,0.746937
368.187,339.5,0.798355,0.383468,-0.0160567,0.700046
369.053,339,0.74743,0.351227,-0.00530761,0.659745
369.919,338.5,0.724818,0.339509,-0.000643282,0.640386
370.785,338,0.70785,0.331019,0.00234787,0.625678
371.651,337.5,0.693913,0.323637,0.00414438,0.613805
372.517,337,0.682998,0.317364,0.00474626,0.604768
373.383,336.5,0.675105,0.312199,0.00415349,0.598566
374.249,336,0.670166,0.307423,0.00123605,0.595493
375.115,335.5,0.662726,0.300956,-0.00133179,0.590448
375.981,335,0.653184,0.293424,-0.00309582,0.58356
376.847,334.5,0.643438,0.285703,-0.00466973,0.576511
377.713,334,0.63349,0.277794,-0.00605351,0.569301
378.579,333.5,0.623342,0.269696,-0.00724717,0.561931
379.445,333,0.612995,0.26141,-0.00825069,0.554401
380.311,332.5,0.602032,0.253209,-0.00894784,0.546121
381.177,332,0.590058,0.245762,-0.00924646,0.536362
382.043,331.5,0.578409,0.238441,-0.009525,0.526889
382.909,331,0.567086,0.231247,-0.00978347,0.517702
383.775,330.5,0.556176,0.223545,-0.00987928,0.509178
384.641,330,0.545616,0.215735,-0.00994191,0.501056
385.507,329.5,0.535372,0.208068,-0.0100342,0.493184
386.373,329,0.524596,0.20185,-0.00979484,0.484109
387.239,328.5,0.514075,0.195799,-0.00957554,0.475231
388.105,328,0.503851,0.189849,-0.00939385,0.466621
388.971,327.5,0.493926,0.184002,-0.00924977,0.45828
389.837,327,0.484298,0.178258,-0.00914329,0.450206
390.703,326.5,0.47497,0.172616,-0.00907442,0.442401
391.569,326,0.465919,0.167806,-0.00897632,0.434558
392.435,325.5,0.457102,0.163482,-0.00887225,0.426775
393.301,325,0.448506,0.158747,-0.00874097,0.419382
394.167,324.5,0.440117,0.153956,-0.00861497,0.412221
395.033,324,0.431935,0.149246,-0.00850927,0.405242
395.899,323.5,0.423962,0.144616,-0.00842389,0.398445
396.765,323,0.416143,0.140295,-0.00835368,0.391692
397.631,322.5,0.408406,0.13652,-0.00828838,0.384823
398.497,322,0.400851,0.132814,-0.0082363,0.378119
399.363,321.5,0.393479,0.129175,-0.00819744,0.371581
400.229,321,0.386289,0.125605,-0.00817181,0.365207
401.095,320.5,0.379282,0.122103,-0.00815941,0.358998
401.962,320,0.372459,0.118675,-0.0081607,0.352952
402.828,319.5,0.365829,0.115512,-0.00814998,0.347018
403.694,319,0.359328,0.112321,-0.00813345,0.341225
404.56,318.5,0.352955,0.109175,-0.00812429,0.335548
405.426,318,0.346712,0.106076,-0.00812248,0.329986
406.292,317.5,0.340597,0.103024,-0.00812802,0.32454
407.158,317,0.334611,0.100018,-0.00814092,0.31921
408.024,316.5,0.328693,0.0973728,-0.00816982,0.313833
408.89,316,0.322871,0.0949068,-0.00820935,0.308498
409.756,315.5,0.317168,0.0924805,-0.00825563,0.303274
410.622,315,0.311587,0.0900939,-0.00830864,0.298161
411.488,314.5,0.306125,0.087747,-0.0083684,0.293161
412.354,314,0.300714,0.0851797,-0.0083668,0.288277
413.22,313.5,0.295385,0.0827889,-0.00836529,0.283422
414.086,313,0.290132,0.0806969,-0.00837282,0.278558
414.952,312.5,0.28496,0.0786247,-0.00838276,0.27377
415.818,312,0.27987,0.0765721,-0.00839512,0.26906
416.684,311.5,0.27486,0.0745391,-0.00840989,0.264426
417.55,311,0.269932,0.0725258,-0.00842708,0.25987
418.416,310.5,0.265083,0.0705545,-0.0084461,0.255381
419.282,310,0.260273,0.068918,-0.00846002,0.25084
420.148,309.5,0.255536,0.0672941,-0.00847756,0.24637
421.014,309,0.250872,0.0656826,-0.00849872,0.241972
421.88,308.5,0.246269,0.0639408,-0.00850319,0.237671
422.746,308,0.241721,0.0622171,-0.00851114,0.233422
423.612,307.5,0.237229,0.0605161,-0.00852322,0.229222
424.478,307,0.232777,0.0590614,-0.00854021,0.224998
425.344,306.5,0.228367,0.0576977,-0.00856051,0.220792
426.21,306,0.224001,0.0563501,-0.00858373,0.216628
427.076,305.5,0.219681,0.0550184,-0.00860986,0.212505
427.942,305,0.215405,0.0537027,-0.0086389,0.208425
428.808,304.5,0.211175,0.0524029,-0.00867085,0.204386
429.674,304,0.20696,0.0512252,-0.00870439,0.200331
430.54,303.5,0.202747,0.0501977,-0.00873623,0.19624
431.406,303,0.198599,0.0491195,-0.00871937,0.192231
432.272,302.5,0.194488,0.0480638,-0.00870477,0.188254
433.138,302,0.190412,0.0470308,-0.00869243,0.184308
434.004,301.5,0.186373,0.0460203,-0.00868234,0.180393
434.87,301,0.182362,0.0450617,-0.00867545,0.176493
435.737,300.5,0.17833,0.0443389,-0.0086766,0.172512
436.603,300,0.174332,0.0436399,-0.00867806,0.168558
437.469,299.5,0.170366,0.0429647,-0.00867984,0.16463
438.335,299,0.166432,0.0423134,-0.00868195,0.160729
439.201,298.5,0.162532,0.0416859,-0.00868438,0.156855
440.067,298,0.158671,0.0410798,-0.00868432,0.153015
440.933,297.5,0.154834,0.0406774,-0.00866016,0.149144
441.799,297,0.151012,0.0403495,-0.00863508,0.145265
442.665,296.5,0.147224,0.0400477,-0.0086082,0.141411
443.531,296,0.14347,0.039772,-0.00857949,0.13758
444.397,295.5,0.13975,0.0395223,-0.00854897,0.133772
445.263,295,0.136066,0.0392986,-0.00851664,0.129989
446.129,294.5,0.132396,0.0392393,-0.00848248,0.126163
446.995,294,0.128744,0.0393487,-0.00844594,0.122292
447.861,293.5,0.125137,0.0394833,-0.00840685,0.118447
448.727,293,0.121577,0.0396432,-0.00836521,0.114627
449.593,292.5,0.118091,0.0398225,-0.00831963,0.110862
450.459,292,0.114795,0.0399947,-0.00826473,0.107285
451.325,291.5,0.111549,0.0402428,-0.00820744,0.103713
452.191,291,0.10835,0.0407555,-0.0081439,0.100062
453.057,290.5,0.10522,0.0412902,-0.00807876,0.0964422
453.923,290,0.102163,0.0418467,-0.008012,0.0928547
454.789,289.5,0.0991833,0.0424251,-0.00794364,0.0892991
455.655,289,0.0962839,0.0430254,-0.00787366,0.0857754
456.521,288.5,0.0934696,0.0436475,-0.00780208,0.0822836
457.387,288,0.0908111,0.0445599,-0.00771927,0.0787496
458.253,287.5,0.0882748,0.0455336,-0.00763299,0.0752387
459.119,287,0.0858755,0.0465116,-0.00754219,0.071794
459.985,286.5,0.0836586,0.0474541,-0.00744014,0.0684946
460.851,286,0.0815609,0.0484092,-0.00733587,0.0652297
461.717,285.5,0.0795882,0.0493768,-0.00722937,0.0619996
462.583,285,0.0778295,0.0505215,-0.00711505,0.0587741
463.449,284.5,0.0762916,0.0518114,-0.00699406,0.0555615
464.315,284,0.074915,0.0531092,-0.00687107,0.0523876
465.181,283.5,0.0737041,0.0544148,-0.00674608,0.0492525
466.047,283,0.0726626,0.0557283,-0.00661909,0.0461562
466.913,282.5,0.0717933,0.0570497,-0.00649009,0.0430986
467.779,282,0.071154,0.0584477,-0.00635599,0.0400793
468.645,281.5,0.0708916,0.0600551,-0.00622122,0.0371523
469.512,281,0.0708249,0.0616061,-0.00611352,0.0344017
470.378,280.5,0.0709158,0.0631562,-0.00600425,0.0316906
471.244,280,0.0711592,0.0647055,-0.00589341,0.0290189
472.11,279.5,0.0715489,0.0662538,-0.005781,0.0263866
472.976,279,0.0720783,0.0678013,-0.00566702,0.0237938
473.842,278.5,0.0729794,0.0695892,-0.00554048,0.0212751
474.708,278,0.0740237,0.0713916,-0.00541182,0.0188006
475.574,277.5,0.0751802,0.0731865,-0.00528205,0.0163673
476.44,277,0.0764392,0.0749741,-0.00515118,0.013975
477.306,276.5,0.0777915,0.0767542,-0.00501919,0.0116239
478.172,276,0.079198,0.0784925,-0.00489027,0.00934461
479.038,275.5,0.0807608,0.0802971,-0.00476013,0.00721281
