x,v,vx,vy,vz
220.096,425,0.126957,0.126499,0.00528317,-0.00938573
220.962,424.5,0.124976,0.124485,0.00544013,-0.00963572
221.828,424,0.122845,0.122319,0.00560956,-0.00987495
222.694,423.5,0.120524,0.11996,0.005797,-0.0101022
223.56,423,0.118213,0.117607,0.00598577,-0.0103553
224.426,422.5,0.115894,0.11524,0.0061761,-0.0106288
225.292,422,0.113567,0.112861,0.00636798,-0.0109227
226.158,421.5,0.111232,0.110468,0.00656142,-0.011237
227.024,421,0.108853,0.108026,0.00675931,-0.0115655
227.89,420.5,0.10606,0.105164,0.00699122,-0.0118461
228.756,420,0.103258,0.102286,0.00722504,-0.0121506
229.622,419.5,0.100447,0.0993894,0.00746076,-0.0124791
230.488,419,0.0976296,0.096476,0.0076984,-0.0128316
231.355,418.5,0.0948061,0.0935453,0.00793795,-0.013208
232.221,418,0.0920498,0.090669,0.00817468,-0.0136185
233.087,417.5,0.0889089,0.0873945,0.00844315,-0.0139891
233.953,417,0.0856439,0.0839784,0.00872342,-0.014367
234.819,416.5,0.0823823,0.0805449,0.00900593,-0.0147732
235.685,416,0.0791272,0.0770943,0.00929067,-0.0152077
236.551,415.5,0.0758824,0.0736263,0.00957765,-0.0156705
237.417,415,0.0726522,0.0701412,0.00986686,-0.0161617
238.283,414.5,0.0691432,0.0663353,0.0101811,-0.016636
239.149,414,0.0653017,0.0621416,0.0105258,-0.0170865
240.015,413.5,0.0614997,0.0579253,0.0108733,-0.0175682
240.881,413,0.0577506,0.0536864,0.0112238,-0.0180814
241.747,412.5,0.0541423,0.0494958,0.011576,-0.0186427
242.613,412,0.0506461,0.0453039,0.0119305,-0.0192419
243.479,411.5,0.0471699,0.040983,0.0122951,-0.0198552
244.345,411,0.0432459,0.0359614,0.0127088,-0.0203832
245.211,410.5,0.0395783,0.0309101,0.0131263,-0.0209454
246.077,410,0.0362594,0.0258292,0.0135478,-0.0215418
246.943,409.5,0.0334086,0.0207187,0.0139731,-0.0221725
247.809,409,0.0311716,0.0155785,0.0144023,-0.0228375
248.675,408.5,0.0297053,0.0104086,0.0148354,-0.0235367
249.541,408,0.0289107,0.0043953,0.0153233,-0.0241186
250.407,407.5,0.0293924,-0.00183486,0.0158273,-0.0246991
251.273,407,0.031212,-0.00798571,0.0163275,-0.0253739
252.139,406.5,0.0341354,-0.0141613,0.0168315,-0.0261033
253.005,406,0.0379289,-0.0203848,0.0173411,-0.0268766
253.871,405.5,0.0423832,-0.0266561,0.0178562,-0.0276937
254.737,405,0.0476303,-0.0335311,0.0184008,-0.0283852
255.603,404.5,0.0536711,-0.0410144,0.018976,-0.0289537
256.469,404,0.0601342,-0.0485761,0.0195592,-0.0295621
257.335,403.5,0.0669254,-0.0562164,0.0201505,-0.0302106
258.201,403,0.0739797,-0.0639351,0.0207498,-0.0308991
259.067,402.5,0.0812524,-0.0717322,0.0213572,-0.0316277
259.933,402,0.0889318,-0.0798928,0.0219885,-0.0322878
260.799,401.5,0.0977065,-0.0892049,0.022693,-0.032773
261.665,401,0.106737,-0.0986476,0.02341,-0.0333681
262.531,400.5,0.116006,-0.108237,0.02414,-0.0340504
263.397,400,0.125495,-0.117972,0.024883,-0.0348201
264.263,399.5,0.135192,-0.127855,0.0256388,-0.035677
265.13,399,0.145087,-0.137883,0.0264077,-0.0366211
265.996,398.5,0.156366,-0.14956,0.0272383,-0.0366084
266.862,398,0.168147,-0.161704,0.0280959,-0.0365495
267.728,397.5,0.180264,-0.174118,0.0289742,-0.0365889
268.594,397,0.192705,-0.186799,0.0298733,-0.0367268
269.46,396.5,0.205462,-0.19975,0.0307932,-0.0369631
270.326,396,0.217938,-0.212228,0.0316777,-0.0381118
271.192,395.5,0.232059,-0.226536,0.0326041,-0.0383365
272.058,395,0.247702,-0.24246,0.033548,-0.0379988
272.924,394.5,0.263806,-0.258762,0.0344823,-0.0380413
273.79,394,0.280359,-0.275441,0.0354068,-0.0384639
274.656,393.5,0.297349,-0.292498,0.0363215,-0.0392668
275.522,393,0.314771,-0.309933,0.0372266,-0.0404499
276.388,392.5,0.333538,-0.328607,0.0377627,-0.0428829
277.254,392,0.355749,-0.350433,0.037215,-0.0486724
278.12,391.5,0.378807,-0.372933,0.0366693,-0.0554159
278.986,391,0.402644,-0.396018,0.0361297,-0.0631366
279.852,390.5,0.42457,-0.416802,0.0357589,-0.072509
280.718,390,0.446938,-0.437769,0.0354668,-0.082788
281.584,389.5,0.469768,-0.45892,0.0352534,-0.0939736
282.45,389,0.502726,-0.489341,0.0387381,-0.108529
283.316,388.5,0.536426,-0.5201,0.0428486,-0.124149
284.182,388,0.570199,-0.550546,0.0473416,-0.140659
285.048,387.5,0.604066,-0.580678,0.0522173,-0.15806
285.914,387,0.638051,-0.610497,0.0574754,-0.176352
286.78,386.5,0.672176,-0.640002,0.0631162,-0.195534
287.646,386,0.693454,-0.671823,0.0837194,-0.150078
288.512,385.5,0.717357,-0.705539,0.11351,-0.0626986
289.378,385,0.747007,-0.73327,0.141205,0.019888
290.244,384.5,0.785324,-0.760657,0.168314,0.099022
291.11,384,0.830031,-0.787698,0.194837,0.174703
291.976,383.5,0.879179,-0.814394,0.220775,0.246932
292.842,383,0.975093,-0.867362,0.241202,0.374582
293.708,382.5,1.20024,-0.986502,0.249731,0.636414
294.574,382,1.45547,-1.11432,0.257529,0.900196
295.44,381.5,1.7303,-1.25081,0.264596,1.16593
296.306,381,2.01926,-1.39598,0.270932,1.43361
297.172,380.5,2.31937,-1.54983,0.276537,1.70324
298.038,380,2.62104,-1.70721,0.281607,1.96875
298.905,379.5,2.80494,-1.85437,0.234715,2.0914
299.771,379,3.00755,-2.01503,0.186932,2.22487
300.637,378.5,3.22954,-2.18913,0.138775,2.37032
301.503,378,3.47075,-2.37667,0.0902433,2.52773
302.369,377.5,3.73099,-2.57764,0.0413364,2.6971
303.235,377,4.01012,-2.79206,-0.00794532,2.87844
304.101,376.5,4.07339,-2.88573,-0.0473046,2.87451
304.967,376,4.04636,-2.92659,-0.0835673,2.79304
305.833,375.5,4.04222,-2.97876,-0.121965,2.72977
306.699,375,4.06068,-3.04223,-0.162497,2.6847
307.565,374.5,4.09413,-3.11338,-0.204264,2.65086
308.431,374,4.13177,-3.18998,-0.245808,2.6144
309.297,373.5,4.1091,-3.22283,-0.272827,2.53448
310.163,373,3.9435,-3.15244,-0.270915,2.35369
311.029,372.5,3.80008,-3.09309,-0.271857,2.19078
311.895,372,3.67853,-3.04476,-0.275651,2.04574
312.761,371.5,3.57846,-3.00745,-0.282299,1.91858
313.627,371,3.49944,-2.98118,-0.291799,1.80928
314.493,370.5,3.43636,-2.96212,-0.303155,1.71537
315.359,370,3.28246,-2.86423,-0.293078,1.57634
316.225,369.5,3.11984,-2.75696,-0.279022,1.43343
317.091,369,2.95833,-2.65096,-0.264097,1.28624
317.957,368.5,2.83298,-2.57714,-0.256901,1.1481
318.823,368,2.72986,-2.51641,-0.251601,1.02786
319.689,367.5,2.64822,-2.46879,-0.248197,0.925517
320.555,367,2.58108,-2.4244,-0.24718,0.850396
321.421,366.5,2.5072,-2.37072,-0.242699,0.778983
322.287,366,2.42503,-2.30846,-0.233714,0.705114
323.153,365.5,2.33469,-2.23761,-0.220226,0.628789
324.019,365,2.23632,-2.15817,-0.202233,0.550008
324.885,364.5,2.13017,-2.07016,-0.179737,0.468771
325.751,364,2.03157,-1.98581,-0.153101,0.400461
326.617,363.5,1.96827,-1.93275,-0.135423,0.346749
327.483,363,1.96168,-1.93321,-0.14228,0.301103
328.349,362.5,1.95771,-1.93456,-0.149426,0.26038
329.215,362,1.95609,-1.93681,-0.156863,0.22458
330.081,361.5,1.95654,-1.93996,-0.164589,0.193704
330.947,361,1.96548,-1.9501,-0.173859,0.173197
331.813,360.5,2.02123,-2.00251,-0.192005,0.196153
332.679,360,2.05412,-2.0333,-0.205911,0.206645
333.546,359.5,2.06398,-2.04246,-0.215578,0.204671
334.412,359,2.05083,-2.03,-0.221005,0.190233
335.278,358.5,2.01487,-1.99591,-0.222193,0.163329
336.144,358,1.97953,-1.96198,-0.2362,0.115601
337.01,357.5,2.01771,-1.99643,-0.28192,0.0770824
337.876,357,2.06343,-2.03674,-0.327102,0.0492763
338.742,356.5,2.10488,-2.07198,-0.369742,0.0267034
339.608,356,2.14177,-2.10217,-0.409839,0.00936387
340.474,355.5,2.17383,-2.12729,-0.447395,-0.00274238
341.34,355,2.20089,-2.14735,-0.482408,-0.00961533
342.206,354.5,2.22757,-2.16988,-0.503619,0.00466283
343.072,354,2.2455,-2.18818,-0.502461,0.0409573
343.938,353.5,2.24641,-2.19106,-0.488927,0.0811095
344.804,353,2.23071,-2.17854,-0.463017,0.125119
345.67,352.5,2.04323,-2.00253,-0.376428,0.15157
346.536,352,1.68694,-1.66379,-0.228429,0.15934
347.402,351.5,1.34486,-1.33085,-0.0759756,0.178053
348.268,351,1.02431,-0.997355,0.0670032,0.223616
349.134,350.5,0.788048,-0.716123,0.191627,0.267332
350,350,0.649359,-0.487155,0.297896,0.309201
350.866,349.5,0.605957,-0.31045,0.38581,0.349222
351.732,349,0.626127,-0.186009,0.455368,0.387396
352.598,348.5,0.67016,-0.113831,0.506572,0.423723
353.464,348,0.695142,-0.0740567,0.450554,0.524156
354.33,347.5,0.732608,-0.0203811,0.367175,0.633626
355.196,347,0.784276,0.0499,0.26387,0.736866
356.062,346.5,0.848481,0.123044,0.156188,0.824855
356.928,346,0.919722,0.19393,0.057191,0.897223
357.794,345.5,0.989995,0.262558,-0.0331211,0.953968
358.66,345,1.01955,0.3146,-0.0834481,0.966202
359.526,344.5,1.0115,0.345486,-0.100585,0.945333
360.392,344,0.996486,0.366155,-0.113608,0.919787
361.258,343.5,0.973739,0.376608,-0.122517,0.889564
362.124,343,0.942693,0.376844,-0.127312,0.854664
362.99,342.5,0.902961,0.366863,-0.127994,0.815088
363.856,342,0.855199,0.349048,-0.121801,0.771165
364.722,341.5,0.818167,0.340858,-0.100757,0.736927
365.588,341,0.789984,0.335636,-0.079093,0.710752
366.454,340.5,0.764671,0.330219,-0.05979,0.687097
367.321,340,0.7421,0.324607,-0.0428482,0.665963
368.187,339.5,0.722146,0.318801,-0.0282678,0.647349
369.053,339,0.704689,0.312801,-0.0160487,0.631256
369.919,338.5,0.699923,0.310176,-0.0117472,0.627332
370.785,338,0.695924,0.307221,-0.00897965,0.624376
371.651,337.5,0.691373,0.303505,-0.00703903,0.621154
372.517,337,0.686268,0.299027,-0.00592536,0.617666
373.383,336.5,0.680611,0.293788,-0.00563864,0.613913
374.249,336,0.672931,0.285277,-0.0070952,0.609428
375.115,335.5,0.660639,0.274029,-0.00857078,0.601065
375.981,335,0.646117,0.262211,-0.00966643,0.59044
376.847,334.5,0.632044,0.250788,-0.0106521,0.580062
377.713,334,0.618417,0.239759,-0.0115278,0.569931
378.579,333.5,0.60523,0.229125,-0.0122935,0.560048
379.445,333,0.59248,0.218887,-0.0129493,0.550412
380.311,332.5,0.57994,0.209807,-0.0134523,0.540491
381.177,332,0.567267,0.203075,-0.0137825,0.529492
382.043,331.5,0.555087,0.19654,-0.0140872,0.518936
382.909,331,0.543402,0.190202,-0.0143664,0.508824
383.775,330.5,0.53277,0.183518,-0.0144835,0.499955
384.641,330,0.522662,0.176756,-0.014552,0.491652
385.507,329.5,0.512829,0.170118,-0.0146307,0.48357
386.373,329,0.502611,0.1649,-0.0142042,0.474577
387.239,328.5,0.49262,0.159818,-0.0137972,0.465771
388.105,328,0.48289,0.154809,-0.0134354,0.457205
388.971,327.5,0.473421,0.149873,-0.0131188,0.44888
389.837,327,0.464213,0.14501,-0.0128475,0.440796
390.703,326.5,0.455268,0.140219,-0.0126214,0.432953
391.569,326,0.446646,0.136085,-0.0123589,0.42523
392.435,325.5,0.43827,0.13233,-0.0120941,0.41764
393.301,325,0.430116,0.128235,-0.0118206,0.410385
394.167,324.5,0.422146,0.124083,-0.0115588,0.403332
395.033,324,0.41435,0.119982,-0.011321,0.396436
395.899,323.5,0.406728,0.115932,-0.0111073,0.389697
396.765,323,0.399242,0.112073,-0.0109057,0.383034
397.631,322.5,0.391832,0.108557,-0.0107038,0.376342
398.497,322,0.384572,0.105096,-0.0105262,0.369783
399.363,321.5,0.377461,0.101689,-0.0103731,0.363358
400.229,321,0.3705,0.098336,-0.0102443,0.357065
401.095,320.5,0.36369,0.095038,-0.01014,0.350906
401.962,320,0.357029,0.0917985,-0.0100605,0.344879
402.828,319.5,0.350606,0.0886492,-0.00995411,0.339068
403.694,319,0.344316,0.0854783,-0.00984304,0.333391
404.56,318.5,0.338134,0.0823557,-0.00974466,0.327807
405.426,318,0.332061,0.0792814,-0.00965898,0.322313
406.292,317.5,0.326098,0.0762555,-0.00958599,0.316912
407.158,317,0.320244,0.073278,-0.0095257,0.311602
408.024,316.5,0.314384,0.0705552,-0.00949196,0.306217
408.89,316,0.308572,0.0679689,-0.00947687,0.300844
409.756,315.5,0.302857,0.065428,-0.00947429,0.295554
410.622,315,0.297239,0.0629326,-0.00948424,0.290346
411.488,314.5,0.291717,0.0604826,-0.00950672,0.28522
412.354,314,0.286284,0.0578879,-0.00947708,0.28021
413.22,313.5,0.280878,0.0554413,-0.00945728,0.27519
414.086,313,0.275462,0.0532377,-0.00945914,0.270103
414.952,312.5,0.270112,0.0510665,-0.00946326,0.265072
415.818,312,0.264827,0.0489277,-0.00946964,0.260096
416.684,311.5,0.259607,0.0468213,-0.00947828,0.255174
417.55,311,0.254453,0.0447472,-0.00948917,0.250308
418.416,310.5,0.249353,0.042724,-0.00950335,0.245482
419.282,310,0.244153,0.0409957,-0.00953413,0.240498
420.148,309.5,0.239009,0.0392993,-0.00956671,0.235562
421.014,309,0.233921,0.0376346,-0.0096011,0.230674
421.88,308.5,0.228984,0.0359239,-0.00960588,0.225944
422.746,308,0.224094,0.0342508,-0.00961111,0.221252
423.612,307.5,0.219247,0.0326178,-0.00961779,0.216593
424.478,307,0.214317,0.0312532,-0.00964381,0.211807
425.344,306.5,0.209382,0.0300036,-0.00967422,0.206996
426.21,306,0.204483,0.028793,-0.00970265,0.202213
427.076,305.5,0.19962,0.0276215,-0.0097291,0.19746
427.942,305,0.194792,0.0264891,-0.00975358,0.192736
428.808,304.5,0.189999,0.0253958,-0.00977607,0.18804
429.674,304,0.185149,0.0244794,-0.00980199,0.183262
430.54,303.5,0.180218,0.0237793,-0.00982989,0.178371
431.406,303,0.175497,0.0230679,-0.00983452,0.173696
432.272,302.5,0.170816,0.0223976,-0.00983664,0.169055
433.138,302,0.166173,0.0217683,-0.00983622,0.164447
434.004,301.5,0.161568,0.0211802,-0.00983328,0.159872
434.87,301,0.156982,0.0206778,-0.0098287,0.155304
435.737,300.5,0.152288,0.0205404,-0.00982653,0.150576
436.603,300,0.147635,0.0204433,-0.00981917,0.145883
437.469,299.5,0.143026,0.0203865,-0.00980664,0.141226
438.335,299,0.138461,0.02037,-0.00978893,0.136604
439.201,298.5,0.13394,0.0203938,-0.00976604,0.132018
440.067,298,0.129479,0.0204527,-0.00973622,0.127482
440.933,297.5,0.125083,0.020815,-0.00968351,0.122958
441.799,297,0.120715,0.0212844,-0.0096257,0.118433
442.665,296.5,0.116406,0.0217842,-0.00956308,0.113949
443.531,296,0.112157,0.0223144,-0.00949564,0.109504
444.397,295.5,0.107973,0.022875,-0.00942339,0.1051
445.263,295,0.103855,0.023466,-0.00934632,0.100737
446.129,294.5,0.0997914,0.0242955,-0.00925709,0.096345
446.995,294,0.0958017,0.0253656,-0.00915533,0.0919279
447.861,293.5,0.0919147,0.0264592,-0.00904864,0.0875576
448.727,293,0.0881378,0.0275764,-0.008937,0.0832343
449.593,292.5,0.0845169,0.0287035,-0.00882411,0.0790022
450.459,292,0.0812181,0.0297783,-0.00872722,0.0750564
451.325,291.5,0.0780593,0.030945,-0.00862401,0.0711427
452.191,291,0.0751207,0.0324629,-0.00850287,0.0672086
453.057,290.5,0.0723603,0.0339926,-0.00837905,0.063327
453.923,290,0.0697911,0.0355343,-0.00825253,0.0594979
454.789,289.5,0.0674268,0.0370878,-0.00812333,0.0557215
455.655,289,0.0652816,0.0386532,-0.00799145,0.0519976
456.521,288.5,0.0633692,0.0402304,-0.00785688,0.0483263
457.387,288,0.0619239,0.042157,-0.00769988,0.0446997
458.253,287.5,0.0608007,0.0441406,-0.00753722,0.0411282
459.119,287,0.0599723,0.046098,-0.00737312,0.037647
459.985,286.5,0.0594199,0.0479522,-0.00721099,0.034341
460.851,286,0.0591317,0.0498036,-0.00704761,0.0310885
461.717,285.5,0.0591027,0.0516522,-0.00688299,0.0278893
462.583,285,0.0595061,0.0536877,-0.00670672,0.0247716
463.449,284.5,0.0603025,0.0558708,-0.0065212,0.0217328
464.315,284,0.0613241,0.0580425,-0.00633521,0.0187503
465.181,283.5,0.0625507,0.0602028,-0.00614876,0.0158242
466.047,283,0.0639617,0.0623517,-0.00596184,0.0129544
466.913,282.5,0.0655366,0.0644892,-0.00577446,0.0101409
467.779,282,0.0673278,0.0666856,-0.00558192,0.00741003
468.645,281.5,0.0694413,0.0690606,-0.00538765,0.0048679
469.512,281,0.0715567,0.0713219,-0.00522812,0.00249279
470.378,280.5,0.0737364,0.0735618,-0.00506854,0.000166205
471.244,280,0.0759685,0.0757803,-0.00490892,-0.00211185
472.11,279.5,0.0782425,0.0779775,-0.00474925,-0.00434138
472.976,279,0.080549,0.0801532,-0.00458954,-0.00652238
473.842,278.5,0.0830801,0.0825248,-0.0044169,-0.0085113
474.708,278,0.0856323,0.0848874,-0.00424401,-0.0104406
475.574,277.5,0.0881814,0.0872211,-0.00407206,-0.0123233
476.44,277,0.0907226,0.0895259,-0.00390104,-0.0141594
477.306,276.5,0.0932515,0.0918017,-0.00373096,-0.0159488
478.172,276,0.0957257,0.0940121,-0.00357072,-0.0176741
479.038,275.5,0.0981913,0.0962328,-0.0034212,-0.0192112
