x,v,vx,vy,vz
220.096,425,0.208052,0.208052,1.58875e-06,3.61313e-05
220.962,424.5,0.208051,0.208051,1.62674e-06,3.68419e-05
221.828,424,0.208051,0.208051,1.66708e-06,3.76017e-05
222.694,423.5,0.20805,0.20805,1.71503e-06,3.84125e-05
223.56,423,0.208049,0.208049,1.76219e-06,3.92213e-05
224.426,422.5,0.208048,0.208048,1.8076e-06,4.00394e-05
225.292,422,0.208047,0.208047,1.85125e-06,4.08667e-05
226.158,421.5,0.208046,0.208046,1.89315e-06,4.17033e-05
227.024,421,0.208045,0.208045,1.93436e-06,4.25583e-05
227.89,420.5,0.208044,0.208044,1.98896e-06,4.35271e-05
228.756,420,0.208043,0.208043,2.04765e-06,4.45086e-05
229.622,419.5,0.208042,0.208042,2.11045e-06,4.55028e-05
230.488,419,0.208041,0.208041,2.17734e-06,4.65097e-05
231.355,418.5,0.20804,0.20804,2.24832e-06,4.75294e-05
232.221,418,0.208039,0.208039,2.32133e-06,4.85318e-05
233.087,417.5,0.208038,0.208038,2.38314e-06,4.96633e-05
233.953,417,0.208037,0.208037,2.44618e-06,5.08496e-05
234.819,416.5,0.208035,0.208035,2.51413e-06,5.2052e-05
235.685,416,0.208034,0.208034,2.58698e-06,5.32706e-05
236.551,415.5,0.208033,0.208033,2.66473e-06,5.45054e-05
237.417,415,0.208031,0.208031,2.74738e-06,5.57563e-05
238.283,414.5,0.20803,0.20803,2.83954e-06,5.71123e-05
239.149,414,0.208029,0.208029,2.93772e-06,5.8597e-05
240.015,413.5,0.208027,0.208027,3.03471e-06,6.01047e-05
240.881,413,0.208026,0.208026,3.13048e-06,6.16353e-05
241.747,412.5,0.208024,0.208024,3.2265e-06,6.31397e-05
242.613,412,0.208022,0.208022,3.32823e-06,6.46514e-05
243.479,411.5,0.20802,0.20802,3.43742e-06,6.62222e-05
244.345,411,0.208019,0.208019,3.55706e-06,6.80576e-05
245.211,410.5,0.208017,0.208017,3.6758e-06,6.99231e-05
246.077,410,0.208015,0.208015,3.79362e-06,7.18187e-05
246.943,409.5,0.208013,0.208013,3.91053e-06,7.37444e-05
247.809,409,0.208011,0.208011,4.02654e-06,7.57003e-05
248.675,408.5,0.208009,0.208009,4.14163e-06,7.76862e-05
249.541,408,0.208006,0.208006,4.29238e-06,7.99968e-05
250.407,407.5,0.208004,0.208004,4.45852e-06,8.24117e-05
251.273,407,0.208002,0.208002,4.64302e-06,8.47776e-05
252.139,406.5,0.207999,0.207999,4.83036e-06,8.71661e-05
253.005,406,0.207997,0.207997,5.01806e-06,8.95939e-05
253.871,405.5,0.207994,0.207994,5.20611e-06,9.20609e-05
254.737,405,0.207991,0.207991,5.39771e-06,9.48072e-05
255.603,404.5,0.207988,0.207988,5.60086e-06,9.78359e-05
256.469,404,0.207985,0.207985,5.81514e-06,0.000100918
257.335,403.5,0.207982,0.207982,6.04054e-06,0.000104055
258.201,403,0.207979,0.207979,6.27706e-06,0.000107245
259.067,402.5,0.207976,0.207976,6.52471e-06,0.000110489
259.933,402,0.207973,0.207973,6.78601e-06,0.000113911
260.799,401.5,0.207969,0.207969,7.05987e-06,0.000117776
261.665,401,0.207965,0.207965,7.34786e-06,0.000121696
262.531,400.5,0.207961,0.207961,7.65097e-06,0.000125686
263.397,400,0.207957,0.207957,7.96919e-06,0.000129747
264.263,399.5,0.207953,0.207953,8.30252e-06,0.000133877
265.13,399,0.207948,0.207948,8.65097e-06,0.000138078
265.996,398.5,0.207944,0.207944,9.04045e-06,0.000143067
266.862,398,0.207939,0.207939,9.44026e-06,0.000148254
267.728,397.5,0.207934,0.207934,9.8463e-06,0.00015354
268.594,397,0.207929,0.207929,1.02586e-05,0.000158927
269.46,396.5,0.207924,0.207924,1.06771e-05,0.000164415
270.326,396,0.207918,0.207918,1.11342e-05,0.000169662
271.192,395.5,0.207912,0.207912,1.16716e-05,0.000175608
272.058,395,0.207906,0.207906,1.22681e-05,0.000182173
272.924,394.5,0.2079,0.2079,1.28758e-05,0.000188896
273.79,394,0.207893,0.207893,1.34947e-05,0.000195778
274.656,393.5,0.207886,0.207886,1.41249e-05,0.000202818
275.522,393,0.207879,0.207879,1.47664e-05,0.000210016
276.388,392.5,0.207872,0.207872,1.54369e-05,0.000217724
277.254,392,0.207864,0.207864,1.61821e-05,0.000226695
278.12,391.5,0.207856,0.207856,1.69547e-05,0.000235906
278.986,391,0.207848,0.207848,1.7758e-05,0.000245324
279.852,390.5,0.207838,0.207838,1.86867e-05,0.000253903
280.718,390,0.207828,0.207828,1.96446e-05,0.000262537
281.584,389.5,0.207817,0.207817,2.06317e-05,0.000271227
282.45,389,0.207806,0.207806,2.19049e-05,0.00028209
283.316,388.5,0.207795,0.207795,2.32773e-05,0.000293195
284.182,388,0.207783,0.207782,2.47325e-05,0.000304394
285.048,387.5,0.20777,0.20777,2.62707e-05,0.000315688
285.914,387,0.207757,0.207756,2.78918e-05,0.000327076
286.78,386.5,0.207743,0.207742,2.95958e-05,0.00033856
287.646,386,0.207727,0.207727,3.1393e-05,0.000350812
288.512,385.5,0.20771,0.20771,3.32484e-05,0.00036379
289.378,385,0.207695,0.207695,3.48973e-05,0.000380275
290.244,384.5,0.20768,0.20768,3.6573e-05,0.00039792
291.11,384,0.207664,0.207664,3.82755e-05,0.000416725
291.976,383.5,0.207648,0.207648,4.00048e-05,0.000436691
292.842,383,0.207633,0.207632,4.19931e-05,0.000460132
293.708,382.5,0.20762,0.207619,4.45232e-05,0.000490764
294.574,382,0.207607,0.207606,4.70588e-05,0.000523715
295.44,381.5,0.207594,0.207593,4.96e-05,0.000558984
296.306,381,0.207581,0.20758,5.21468e-05,0.000596571
297.172,380.5,0.207568,0.207567,5.46992e-05,0.000636477
298.038,380,0.207551,0.20755,5.76561e-05,0.000674805
298.905,379.5,0.207508,0.207506,6.27023e-05,0.000696029
299.771,379,0.207459,0.207458,6.82856e-05,0.000714954
300.637,378.5,0.207405,0.207404,7.44095e-05,0.000731537
301.503,378,0.207346,0.207345,8.10741e-05,0.000745779
302.369,377.5,0.207282,0.207281,8.82793e-05,0.000757679
303.235,377,0.207213,0.207212,9.60252e-05,0.000767238
304.101,376.5,0.207153,0.207151,0.000102455,0.000790579
304.967,376,0.207093,0.207092,0.000108421,0.000819524
305.833,375.5,0.20703,0.207028,0.000114795,0.000846367
306.699,375,0.206962,0.20696,0.000121575,0.000871109
307.565,374.5,0.206907,0.206905,0.000126726,0.000911206
308.431,374,0.206912,0.20691,0.000124197,0.00101876
309.297,373.5,0.206909,0.206906,0.000123007,0.00112997
310.163,373,0.206883,0.20688,0.000125325,0.0012412
311.029,372.5,0.206857,0.206852,0.00012733,0.00136375
311.895,372,0.206829,0.206824,0.000129022,0.00149761
312.761,371.5,0.2068,0.206794,0.000130402,0.00164279
313.627,371,0.206771,0.206763,0.000131469,0.00179928
314.493,370.5,0.206746,0.206737,0.000131757,0.00197274
315.359,370,0.206855,0.206842,0.000121735,0.00228149
316.225,369.5,0.206969,0.206953,0.000110803,0.00261427
317.091,369,0.207023,0.207003,0.000102045,0.00290984
317.957,368.5,0.206905,0.206882,9.86777e-05,0.00305631
318.823,368,0.206781,0.206756,9.19316e-05,0.00320082
319.689,367.5,0.206651,0.206624,8.18071e-05,0.00334339
320.555,367,0.206329,0.206302,8.39148e-05,0.00336492
321.421,366.5,0.205899,0.205872,8.83034e-05,0.00333748
322.287,366,0.205425,0.205399,8.92229e-05,0.00330431
323.153,365.5,0.204907,0.204881,8.66731e-05,0.00326543
324.019,365,0.204344,0.204319,8.06542e-05,0.00322084
324.885,364.5,0.203738,0.203713,7.1166e-05,0.00317052
325.751,364,0.203295,0.203268,2.47855e-05,0.00331213
326.617,363.5,0.203269,0.203233,-7.18039e-05,0.00380052
327.483,363,0.203523,0.203474,-0.000153103,0.00446738
328.349,362.5,0.203801,0.203734,-0.000234782,0.00520649
329.215,362,0.204103,0.204014,-0.000316838,0.00601783
330.081,361.5,0.20443,0.204313,-0.000399273,0.00690141
330.947,361,0.204757,0.204608,-0.000470527,0.00777799
331.813,360.5,0.204817,0.20466,-0.000408722,0.00800623
332.679,360,0.204808,0.204641,-0.00029043,0.00826937
333.546,359.5,0.204731,0.204552,-0.000115652,0.00856741
334.412,359,0.204585,0.204392,0.000115613,0.00890034
335.278,358.5,0.204372,0.204161,0.000403365,0.00926818
336.144,358,0.203647,0.203423,0.000304749,0.00955619
337.01,357.5,0.202819,0.202486,-0.001717,0.0114924
337.876,357,0.202027,0.201495,-0.00489044,0.0138147
338.742,356.5,0.201123,0.200283,-0.00897462,0.016028
339.608,356,0.200162,0.198849,-0.0139695,0.0181322
340.474,355.5,0.199213,0.197194,-0.0198752,0.0201274
341.34,355,0.198359,0.195318,-0.0266916,0.0220136
342.206,354.5,0.200428,0.196084,-0.0342522,0.0234396
343.072,354,0.206719,0.200731,-0.042891,0.0245027
343.938,353.5,0.214596,0.206381,-0.0529209,0.0256453
344.804,353,0.224155,0.213034,-0.0643419,0.0268675
345.67,352.5,0.233912,0.220491,-0.0737129,0.0257825
346.536,352,0.242317,0.227886,-0.0794644,0.0216993
347.402,351.5,0.248191,0.234192,-0.0804726,0.0166385
348.268,351,0.242278,0.235355,-0.0567148,0.00947706
349.134,350.5,0.238831,0.236504,-0.033008,0.00408328
350,350,0.237822,0.237637,-0.00935204,0.000457138
350.866,349.5,0.239186,0.238757,0.014253,-0.00140135
351.732,349,0.242827,0.239861,0.0378072,-0.0014922
352.598,348.5,0.248629,0.240951,0.0613105,0.000184605
353.464,348,0.244406,0.236132,0.0630139,0.00228977
354.33,347.5,0.238201,0.230316,0.0605546,0.00525736
355.196,347,0.231369,0.224496,0.055314,0.00855087
356.062,346.5,0.224631,0.219111,0.048141,0.0114788
356.928,346,0.218861,0.214393,0.0415606,0.0144479
357.794,345.5,0.214041,0.210341,0.0355727,0.0174581
358.66,345,0.211009,0.208228,0.0289393,0.0181238
359.526,344.5,0.209384,0.207558,0.0220476,0.0165859
360.392,344,0.208243,0.207083,0.0160844,0.0149441
361.258,343.5,0.207517,0.206802,0.0110496,0.0131984
362.124,343,0.207143,0.206715,0.00694328,0.0113489
362.99,342.5,0.207071,0.206824,0.00376535,0.00939554
363.856,342,0.207469,0.207317,0.00171852,0.00776554
364.722,341.5,0.207767,0.207623,0.00133834,0.00763148
365.588,341,0.207444,0.207305,0.00129974,0.00748714
366.454,340.5,0.207103,0.206968,0.00125447,0.0073745
367.321,340,0.206744,0.206612,0.00120254,0.00729355
368.187,339.5,0.206368,0.206237,0.00114394,0.0072443
369.053,339,0.205974,0.205844,0.00107868,0.00722674
369.919,338.5,0.205616,0.205508,0.000947788,0.00659962
370.785,338,0.205303,0.205215,0.000812749,0.00596054
371.651,337.5,0.205031,0.204959,0.000680736,0.00538365
372.517,337,0.204799,0.204741,0.000551749,0.00486893
373.383,336.5,0.204608,0.204559,0.000425787,0.00441641
374.249,336,0.204676,0.204638,0.000269835,0.00393162
375.115,335.5,0.205047,0.205014,0.000171805,0.00365567
375.981,335,0.205509,0.205478,0.000121355,0.00355069
376.847,334.5,0.205919,0.20589,7.43101e-05,0.00343942
377.713,334,0.206277,0.206251,3.06717e-05,0.00332185
378.579,333.5,0.206585,0.20656,-9.56052e-06,0.003198
379.445,333,0.206841,0.206818,-4.63865e-05,0.00306785
380.311,332.5,0.207008,0.206987,-7.58317e-05,0.00288896
381.177,332,0.207045,0.207029,-9.1268e-05,0.00259491
382.043,331.5,0.207069,0.207056,-0.00010363,0.00230507
382.909,331,0.207079,0.207069,-0.000112918,0.00201944
383.775,330.5,0.207007,0.207,-0.000106461,0.00179137
384.641,330,0.206919,0.206912,-9.45966e-05,0.00159759
385.507,329.5,0.206842,0.206837,-8.27136e-05,0.00141869
386.373,329,0.206922,0.206918,-8.69123e-05,0.00138738
387.239,328.5,0.207009,0.207004,-9.15918e-05,0.00136497
388.105,328,0.207094,0.20709,-9.59694e-05,0.00134477
388.971,327.5,0.207178,0.207174,-0.000100045,0.00132679
389.837,327,0.207261,0.207257,-0.000103819,0.00131102
390.703,326.5,0.207342,0.207338,-0.00010729,0.00129746
391.569,326,0.207378,0.207374,-0.000101943,0.00126405
392.435,325.5,0.20739,0.207386,-9.20773e-05,0.00121867
393.301,325,0.207396,0.207393,-8.46439e-05,0.00112916
394.167,324.5,0.2074,0.207397,-7.80621e-05,0.00103108
395.033,324,0.207402,0.2074,-7.17518e-05,0.00093728
395.899,323.5,0.207403,0.207401,-6.57129e-05,0.000847746
396.765,323,0.207418,0.207417,-6.14918e-05,0.000773188
397.631,322.5,0.207463,0.207461,-6.05077e-05,0.000724164
398.497,322,0.207504,0.207503,-5.94116e-05,0.000677865
399.363,321.5,0.207542,0.207541,-5.82034e-05,0.000634291
400.229,321,0.207577,0.207576,-5.68833e-05,0.000593443
401.095,320.5,0.207609,0.207608,-5.5451e-05,0.00055532
401.962,320,0.207638,0.207637,-5.38876e-05,0.000519914
402.828,319.5,0.207651,0.20765,-5.01908e-05,0.000496847
403.694,319,0.207664,0.207663,-4.66111e-05,0.000476191
404.56,318.5,0.207676,0.207676,-4.31843e-05,0.000455815
405.426,318,0.207689,0.207688,-3.99107e-05,0.00043572
406.292,317.5,0.2077,0.2077,-3.679e-05,0.000415906
407.158,317,0.207712,0.207712,-3.38224e-05,0.000396372
408.024,316.5,0.207728,0.207727,-3.15522e-05,0.000381699
408.89,316,0.207745,0.207744,-2.96307e-05,0.000369043
409.756,315.5,0.207761,0.207761,-2.78109e-05,0.000356347
410.622,315,0.207776,0.207776,-2.6093e-05,0.00034361
411.488,314.5,0.207791,0.20779,-2.44769e-05,0.000330832
412.354,314,0.207803,0.207802,-2.31017e-05,0.000315712
413.22,313.5,0.207814,0.207813,-2.18113e-05,0.000301814
414.086,313,0.207823,0.207823,-2.06103e-05,0.000289884
414.952,312.5,0.207833,0.207833,-1.94631e-05,0.00027831
415.818,312,0.207842,0.207842,-1.83699e-05,0.000267092
416.684,311.5,0.207851,0.207851,-1.73305e-05,0.00025623
417.55,311,0.207859,0.207859,-1.63451e-05,0.000245725
418.416,310.5,0.207867,0.207867,-1.54204e-05,0.000235708
419.282,310,0.207875,0.207875,-1.46312e-05,0.000227858
420.148,309.5,0.207883,0.207883,-1.38636e-05,0.000220212
421.014,309,0.20789,0.20789,-1.31175e-05,0.000212771
421.88,308.5,0.207897,0.207897,-1.24338e-05,0.000205098
422.746,308,0.207903,0.207903,-1.17805e-05,0.000197567
423.612,307.5,0.20791,0.20791,-1.11566e-05,0.000190191
424.478,307,0.207916,0.207916,-1.06245e-05,0.000183876
425.344,306.5,0.207921,0.207921,-1.01243e-05,0.000177972
426.21,306,0.207927,0.207927,-9.63277e-06,0.000172174
427.076,305.5,0.207933,0.207932,-9.14978e-06,0.000166481
427.942,305,0.207938,0.207938,-8.67536e-06,0.000160893
428.808,304.5,0.207943,0.207943,-8.20951e-06,0.00015541
429.674,304,0.207948,0.207948,-7.79395e-06,0.000150449
430.54,303.5,0.207952,0.207952,-7.44826e-06,0.000146096
431.406,303,0.207957,0.207956,-7.14276e-06,0.00014159
432.272,302.5,0.207961,0.207961,-6.84087e-06,0.000137161
433.138,302,0.207965,0.207965,-6.54258e-06,0.000132808
434.004,301.5,0.207968,0.207968,-6.24789e-06,0.000128532
434.87,301,0.207972,0.207972,-5.96004e-06,0.000124411
435.737,300.5,0.207976,0.207976,-5.70403e-06,0.000120922
436.603,300,0.207979,0.207979,-5.46025e-06,0.000117485
437.469,299.5,0.207982,0.207982,-5.22868e-06,0.0001141
438.335,299,0.207986,0.207986,-5.00935e-06,0.000110767
439.201,298.5,0.207989,0.207989,-4.80223e-06,0.000107487
440.067,298,0.207992,0.207992,-4.60607e-06,0.000104242
440.933,297.5,0.207994,0.207994,-4.41684e-06,0.000101318
441.799,297,0.207997,0.207997,-4.23916e-06,9.85398e-05
442.665,296.5,0.208,0.208,-4.07069e-06,9.58019e-05
443.531,296,0.208002,0.208002,-3.91143e-06,9.31048e-05
444.397,295.5,0.208004,0.208004,-3.76139e-06,9.04485e-05
445.263,295,0.208007,0.208007,-3.62056e-06,8.7833e-05
446.129,294.5,0.208009,0.208009,-3.48914e-06,8.54425e-05
446.995,294,0.208011,0.208011,-3.3597e-06,8.32755e-05
447.861,293.5,0.208013,0.208013,-3.22951e-06,8.11388e-05
448.727,293,0.208015,0.208015,-3.09857e-06,7.90325e-05
449.593,292.5,0.208017,0.208017,-2.96898e-06,7.69375e-05
450.459,292,0.208019,0.208019,-2.85448e-06,7.47722e-05
451.325,291.5,0.208021,0.208021,-2.75279e-06,7.2695e-05
452.191,291,0.208022,0.208022,-2.68083e-06,7.08952e-05
453.057,290.5,0.208024,0.208024,-2.60759e-06,6.91208e-05
453.923,290,0.208025,0.208025,-2.53308e-06,6.73719e-05
454.789,289.5,0.208027,0.208027,-2.45728e-06,6.56485e-05
455.655,289,0.208029,0.208029,-2.3802e-06,6.39505e-05
456.521,288.5,0.20803,0.20803,-2.30184e-06,6.22781e-05
457.387,288,0.208031,0.208031,-2.23212e-06,6.08267e-05
458.253,287.5,0.208033,0.208033,-2.16828e-06,5.94254e-05
459.119,287,0.208034,0.208034,-2.10842e-06,5.80288e-05
459.985,286.5,0.208035,0.208035,-2.04684e-06,5.66037e-05
460.851,286,0.208036,0.208036,-1.9837e-06,5.51995e-05
461.717,285.5,0.208038,0.208038,-1.919e-06,5.38161e-05
462.583,285,0.208039,0.208039,-1.85832e-06,5.25495e-05
463.449,284.5,0.20804,0.20804,-1.80494e-06,5.13785e-05
464.315,284,0.208041,0.208041,-1.75551e-06,5.02225e-05
465.181,283.5,0.208042,0.208042,-1.71002e-06,4.90813e-05
466.047,283,0.208043,0.208043,-1.66847e-06,4.79551e-05
466.913,282.5,0.208044,0.208044,-1.63087e-06,4.68439e-05
467.779,282,0.208045,0.208045,-1.59356e-06,4.57809e-05
468.645,281.5,0.208046,0.208046,-1.545e-06,4.48279e-05
469.512,281,0.208047,0.208047,-1.49859e-06,4.38549e-05
470.378,280.5,0.208047,0.208047,-1.45536e-06,4.28946e-05
471.244,280,0.208048,0.208048,-1.41533e-06,4.1947e-05
472.11,279.5,0.208049,0.208049,-1.37847e-06,4.1012e-05
472.976,279,0.20805,0.20805,-1.34481e-06,4.00897e-05
473.842,278.5,0.208051,0.208051,-1.32135e-06,3.92759e-05
474.708,278,0.208051,0.208051,-1.29707e-06,3.84805e-05
475.574,277.5,0.208052,0.208052,-1.27116e-06,3.76946e-05
476.44,277,0.208053,0.208053,-1.2436e-06,3.69184e-05
477.306,276.5,0.208054,0.208054,-1.21441e-06,3.61517e-05
478.172,276,0.208054,0.208054,-1.18419e-06,3.53839e-05
479.038,275.5,0.208055,0.208055,-1.1592e-06,3.46601e-05
