x,v,vx,vy,vz
220.096,425,0.344891,0.339327,-0.0592921,0.0170825
220.962,424.5,0.353175,0.347379,-0.0606824,0.019447
221.828,424,0.362023,0.355983,-0.0620497,0.0220594
222.694,423.5,0.37118,0.364795,-0.0636284,0.0255047
223.56,423,0.380077,0.373267,-0.065243,0.0295548
224.426,422.5,0.388987,0.381721,-0.0667272,0.0338761
225.292,422,0.397917,0.390158,-0.0680811,0.0384687
226.158,421.5,0.406872,0.398578,-0.0693045,0.0433325
227.024,421,0.41583,0.406997,-0.0702986,0.0482291
227.89,420.5,0.424441,0.415589,-0.0699008,0.0504971
228.756,420,0.432949,0.424154,-0.069081,0.052591
229.622,419.5,0.441357,0.432692,-0.0678391,0.0545107
230.488,419,0.449671,0.441203,-0.0661751,0.0562562
231.355,418.5,0.457897,0.449687,-0.0640892,0.0578275
232.221,418,0.462645,0.455177,-0.0588792,0.0582055
233.087,417.5,0.463514,0.457381,-0.0517811,0.0544625
233.953,417,0.462744,0.458005,-0.044261,0.0490278
234.819,416.5,0.460945,0.457499,-0.0364102,0.0428874
235.685,416,0.458155,0.455862,-0.0282286,0.0360414
236.551,415.5,0.454418,0.453095,-0.0197163,0.0284897
237.417,415,0.449784,0.449197,-0.0108732,0.0202324
238.283,414.5,0.443426,0.443291,-0.00268314,0.0105794
239.149,414,0.435202,0.43518,0.00436044,-0.000276347
240.015,413.5,0.426221,0.425919,0.0113383,-0.011374
240.881,413,0.416528,0.415507,0.0182503,-0.0227136
241.747,412.5,0.405885,0.403778,0.023316,-0.0340988
242.613,412,0.395575,0.392038,0.0275725,-0.0450061
243.479,411.5,0.386016,0.380782,0.0312376,-0.055116
244.345,411,0.378123,0.371413,0.0332067,-0.0626674
245.211,410.5,0.37018,0.361924,0.0352032,-0.0693206
246.077,410,0.362144,0.352316,0.037227,-0.0750756
246.943,409.5,0.353975,0.342588,0.0392781,-0.0799324
247.809,409,0.345636,0.33274,0.0413565,-0.083891
248.675,408.5,0.337094,0.322774,0.0434623,-0.0869514
249.541,408,0.329609,0.314214,0.0452714,-0.0886686
250.407,407.5,0.32191,0.305642,0.0470397,-0.0894205
251.273,407,0.316066,0.300106,0.047643,-0.0869737
252.139,406.5,0.310165,0.294762,0.0479793,-0.08376
253.005,406,0.30377,0.288974,0.0482635,-0.0802562
253.871,405.5,0.296887,0.282742,0.0484956,-0.0764624
254.737,405,0.290471,0.276819,0.0487491,-0.0732686
255.603,404.5,0.284398,0.271108,0.0490195,-0.0705689
256.469,404,0.27772,0.264861,0.0492355,-0.0674777
257.335,403.5,0.270444,0.258078,0.0493968,-0.0639953
258.201,403,0.262575,0.25076,0.0495036,-0.0601214
259.067,402.5,0.254123,0.242905,0.0495558,-0.0558563
259.933,402,0.245571,0.234836,0.0496173,-0.0519146
260.799,401.5,0.241974,0.231287,0.0497642,-0.0508089
261.665,401,0.238323,0.227749,0.04979,-0.0494912
262.531,400.5,0.23426,0.223849,0.0497044,-0.0479459
263.397,400,0.229787,0.219588,0.0495075,-0.046173
264.263,399.5,0.224905,0.214966,0.0491993,-0.0441727
265.13,399,0.219616,0.209982,0.0487798,-0.0419448
265.996,398.5,0.213971,0.204146,0.0484261,-0.0419901
266.862,398,0.20779,0.197731,0.0478564,-0.0422933
267.728,397.5,0.201055,0.190795,0.0470381,-0.0425191
268.594,397,0.19377,0.183339,0.0459711,-0.0426673
269.46,396.5,0.185936,0.175361,0.0446555,-0.042738
270.326,396,0.180108,0.169072,0.0425471,-0.0452063
271.192,395.5,0.173795,0.161871,0.0408844,-0.0482812
272.058,395,0.166727,0.153533,0.039545,-0.0515928
272.924,394.5,0.159174,0.144424,0.0381399,-0.0549877
273.79,394,0.151211,0.134543,0.0366689,-0.058466
274.656,393.5,0.142935,0.12389,0.0351321,-0.0620277
275.522,393,0.134483,0.112466,0.0335295,-0.0656727
276.388,392.5,0.126132,0.100479,0.0319979,-0.0692063
277.254,392,0.118316,0.0885088,0.0307378,-0.0722503
278.12,391.5,0.111011,0.0760285,0.0292932,-0.0753991
278.986,391,0.104669,0.0631855,0.0276717,-0.0787244
279.852,390.5,0.103544,0.0543815,0.0264208,-0.0840596
280.718,390,0.102864,0.0450031,0.0256023,-0.0888831
281.584,389.5,0.102712,0.0350503,0.025216,-0.0931949
282.45,389,0.102466,0.0260746,0.0266422,-0.0954439
283.316,388.5,0.102654,0.0168135,0.0287446,-0.0971027
284.182,388,0.103433,0.00716453,0.0314318,-0.0982807
285.048,387.5,0.104925,-0.0028723,0.0347037,-0.0989779
285.914,387,0.107253,-0.013297,0.0385604,-0.0991945
286.78,386.5,0.110533,-0.0241096,0.0430018,-0.0989302
287.646,386,0.111385,-0.0325818,0.0469225,-0.0956202
288.512,385.5,0.110711,-0.0390622,0.050593,-0.0903959
289.378,385,0.113175,-0.0452336,0.0555407,-0.087623
290.244,384.5,0.115821,-0.0518766,0.061013,-0.0836706
291.11,384,0.118906,-0.0589912,0.0670099,-0.0785386
291.976,383.5,0.122704,-0.0665774,0.0735315,-0.0722271
292.842,383,0.129603,-0.0773978,0.0779641,-0.0687614
293.708,382.5,0.143871,-0.0964253,0.0753074,-0.0756957
294.574,382,0.161846,-0.118135,0.0706316,-0.0851434
295.44,381.5,0.183931,-0.142526,0.0639364,-0.0971043
296.306,381,0.210388,-0.169599,0.0552221,-0.111579
297.172,380.5,0.241351,-0.199354,0.0444884,-0.128566
298.038,380,0.276404,-0.231204,0.0321685,-0.148017
298.905,379.5,0.319576,-0.250603,0.0150204,-0.197741
299.771,379,0.365705,-0.267831,-0.00245762,-0.249
300.637,378.5,0.414001,-0.28298,-0.0202052,-0.301514
301.503,378,0.46404,-0.29605,-0.0382223,-0.355284
302.369,377.5,0.515578,-0.307041,-0.0565089,-0.410309
303.235,377,0.568478,-0.315953,-0.075065,-0.46659
304.101,376.5,0.60607,-0.314711,-0.0873581,-0.510536
304.967,376,0.635168,-0.307528,-0.0961821,-0.547369
305.833,375.5,0.663402,-0.298287,-0.104558,-0.583262
306.699,375,0.690797,-0.286986,-0.112487,-0.618212
307.565,374.5,0.715573,-0.272414,-0.119038,-0.650896
308.431,374,0.734168,-0.251877,-0.122674,-0.67861
309.297,373.5,0.742889,-0.228983,-0.123522,-0.69584
310.163,373,0.73329,-0.204181,-0.118434,-0.69426
311.029,372.5,0.724768,-0.179802,-0.113926,-0.692807
311.895,372,0.717308,-0.155846,-0.109997,-0.691479
312.761,371.5,0.710889,-0.132313,-0.106649,-0.690277
313.627,371,0.705489,-0.109204,-0.10388,-0.689201
314.493,370.5,0.700326,-0.0865857,-0.101411,-0.687514
315.359,370,0.680875,-0.0656497,-0.0936441,-0.671202
316.225,369.5,0.663203,-0.0448924,-0.0863007,-0.65603
317.091,369,0.647291,-0.0230977,-0.079202,-0.642012
317.957,368.5,0.633106,0.00101212,-0.0724171,-0.62895
318.823,368,0.62073,0.0239843,-0.0665966,-0.616681
319.689,367.5,0.610071,0.0458187,-0.0617406,-0.605207
320.555,367,0.592314,0.0583932,-0.0528603,-0.587053
321.421,366.5,0.572634,0.0671647,-0.0425017,-0.567091
322.287,366,0.554167,0.0751682,-0.0324041,-0.548089
323.153,365.5,0.536888,0.0824038,-0.0225674,-0.530046
324.019,365,0.520767,0.0888715,-0.0129917,-0.512964
324.885,364.5,0.505775,0.0945714,-0.00367685,-0.496841
325.751,364,0.492215,0.094516,0.00571709,-0.483021
326.617,363.5,0.480837,0.0890377,0.0153346,-0.472273
327.483,363,0.471481,0.0866705,0.0243246,-0.462808
328.349,362.5,0.461638,0.083131,0.0334336,-0.452859
329.215,362,0.451342,0.0784191,0.0426615,-0.442426
330.081,361.5,0.440642,0.072535,0.0520083,-0.431508
330.947,361,0.432456,0.0661993,0.0607095,-0.423025
331.813,360.5,0.449279,0.0651824,0.0629658,-0.440044
332.679,360,0.465946,0.0632165,0.0656878,-0.456941
333.546,359.5,0.48248,0.0603017,0.0688755,-0.473716
334.412,359,0.498907,0.0564379,0.0725288,-0.49037
335.278,358.5,0.515256,0.0516251,0.0766477,-0.506901
336.144,358,0.531972,0.0469249,0.0833153,-0.523308
337.01,357.5,0.578844,0.0389045,0.0835855,-0.571455
337.876,357,0.633061,0.0292683,0.0864159,-0.626451
338.742,356.5,0.686219,0.0189578,0.0951641,-0.679324
339.608,356,0.738329,0.00797324,0.10983,-0.730071
340.474,355.5,0.789548,-0.00368554,0.130414,-0.778694
341.34,355,0.840132,-0.0160185,0.156916,-0.825193
342.206,354.5,0.87258,-0.018989,0.199415,-0.849275
343.072,354,0.883535,-0.0069006,0.260571,-0.844209
343.938,353.5,0.894173,0.0106442,0.329641,-0.831125
344.804,353,0.906978,0.0336454,0.406624,-0.810021
345.67,352.5,0.903635,0.0532697,0.473694,-0.76768
346.536,352,0.874055,0.0533368,0.515336,-0.703958
347.402,351.5,0.834127,0.0447944,0.536184,-0.637392
348.268,351,0.771121,0.0970531,0.483144,-0.59311
349.134,350.5,0.727112,0.20641,0.409772,-0.564069
350,350,0.736016,0.372863,0.316067,-0.550267
350.866,349.5,0.837201,0.596415,0.202028,-0.551705
351.732,349,1.04732,0.877064,0.0676573,-0.568383
352.598,348.5,1.35783,1.21481,-0.0870468,-0.600301
353.464,348,1.66698,1.5271,-0.248458,-0.620549
354.33,347.5,1.99362,1.8405,-0.406727,-0.649351
355.196,347,2.20554,2.04577,-0.522415,-0.637422
356.062,346.5,2.30598,2.14823,-0.595558,-0.589907
356.928,346,2.41142,2.25209,-0.660185,-0.554225
357.794,345.5,2.52022,2.35736,-0.716297,-0.530376
358.66,345,2.624,2.4607,-0.746341,-0.522809
359.526,344.5,2.72991,2.56808,-0.756519,-0.533939
360.392,344,2.84655,2.68421,-0.763875,-0.560678
361.258,343.5,2.97407,2.80909,-0.76841,-0.603025
362.124,343,3.11282,2.94273,-0.770123,-0.660982
362.99,342.5,3.26327,3.08512,-0.769014,-0.734548
363.856,342,3.41823,3.22977,-0.762822,-0.819137
364.722,341.5,3.485,3.28681,-0.749835,-0.883079
365.588,341,3.50585,3.29689,-0.737264,-0.936983
366.454,340.5,3.52989,3.30971,-0.723982,-0.990852
367.321,340,3.55707,3.32525,-0.709988,-1.04469
368.187,339.5,3.58738,3.34353,-0.695283,-1.09849
369.053,339,3.62078,3.36455,-0.679866,-1.15225
369.919,338.5,3.63671,3.37006,-0.659075,-1.19749
370.785,338,3.66984,3.38973,-0.640163,-1.25206
371.651,337.5,3.72351,3.42632,-0.623827,-1.31745
372.517,337,3.79788,3.47986,-0.610065,-1.39368
373.383,336.5,3.89307,3.55032,-0.598878,-1.48074
374.249,336,3.96186,3.60329,-0.590256,-1.53761
375.115,335.5,3.97617,3.61131,-0.576484,-1.5608
375.981,335,3.97982,3.60837,-0.560358,-1.58261
376.847,334.5,3.99658,3.61519,-0.545713,-1.61408
377.713,334,4.02656,3.63177,-0.532548,-1.65522
378.579,333.5,4.06985,3.65812,-0.520862,-1.70603
379.445,333,4.12657,3.69422,-0.510657,-1.7665
380.311,332.5,4.17793,3.724,-0.497078,-1.82752
381.177,332,4.20167,3.72799,-0.474526,-1.87907
382.043,331.5,4.25516,3.75464,-0.457795,-1.94921
382.909,331,4.33856,3.80395,-0.446885,-2.03796
383.775,330.5,4.40325,3.84214,-0.438652,-2.10575
384.641,330,4.46054,3.8753,-0.431092,-2.16624
385.507,329.5,4.52651,3.91428,-0.424793,-2.23322
386.373,329,4.49473,3.87231,-0.390545,-2.24839
387.239,328.5,4.48594,3.84684,-0.359575,-2.27951
388.105,328,4.50584,3.84241,-0.333374,-2.32967
388.971,327.5,4.55455,3.85902,-0.311941,-2.39887
389.837,327,4.63215,3.89666,-0.295275,-2.48711
390.703,326.5,4.73876,3.95534,-0.283377,-2.59439
391.569,326,4.74181,3.93248,-0.253072,-2.63748
392.435,325.5,4.70485,3.878,-0.212596,-2.65547
393.301,325,4.64445,3.80855,-0.169952,-2.65272
394.167,324.5,4.5984,3.74916,-0.128599,-2.65944
395.033,324,4.58289,3.71101,-0.0898578,-2.6876
395.899,323.5,4.598,3.6941,-0.0537274,-2.73722
396.765,323,4.5487,3.62991,-0.0159964,-2.7412
397.631,322.5,4.33052,3.44419,0.0306181,-2.62489
398.497,322,4.14088,3.27959,0.0787378,-2.52685
399.363,321.5,3.97996,3.13612,0.128363,-2.44711
400.229,321,3.8479,3.01378,0.179493,-2.38564
401.095,320.5,3.74486,2.91256,0.232128,-2.34246
401.962,320,3.66863,2.83108,0.285846,-2.31563
402.828,319.5,3.31701,2.57823,0.30046,-2.06518
403.694,319,2.96767,2.32701,0.317366,-1.81421
404.56,318.5,2.63177,2.08545,0.336163,-1.56974
405.426,318,2.31012,1.85356,0.356851,-1.33178
406.292,317.5,2.00396,1.63132,0.379429,-1.10031
407.158,317,1.71529,1.41875,0.403897,-0.875345
408.024,316.5,1.5152,1.28954,0.387287,-0.694928
408.89,316,1.34483,1.18818,0.351346,-0.522837
409.756,315.5,1.17483,1.07978,0.314512,-0.33969
410.622,315,1.01378,0.96435,0.276786,-0.145488
411.488,314.5,0.876961,0.841881,0.238168,0.0597688
412.354,314,0.780302,0.703237,0.193928,0.276985
413.22,313.5,0.755582,0.610783,0.155335,0.416798
414.086,313,0.743108,0.590576,0.128209,0.432425
414.952,312.5,0.733213,0.567809,0.100652,0.452839
415.818,312,0.726697,0.542482,0.0726649,0.478041
416.684,311.5,0.72447,0.514593,0.0442468,0.508029
417.55,311,0.727509,0.484144,0.015398,0.542805
418.416,310.5,0.734769,0.453125,-0.0121891,0.578287
419.282,310,0.717072,0.449378,-0.0156183,0.558577
420.148,309.5,0.700813,0.445642,-0.018731,0.540547
421.014,309,0.685957,0.441919,-0.0215272,0.524196
421.88,308.5,0.667357,0.433044,-0.0245262,0.507185
422.746,308,0.651129,0.424989,-0.0270821,0.492564
423.612,307.5,0.637437,0.417937,-0.029176,0.48042
424.478,307,0.62581,0.413563,-0.029482,0.46876
425.344,306.5,0.615347,0.410558,-0.0290781,0.457436
426.21,306,0.606029,0.40834,-0.0284322,0.446902
427.076,305.5,0.597861,0.406907,-0.0275442,0.437157
427.942,305,0.590848,0.40626,-0.0264142,0.428201
428.808,304.5,0.584992,0.406399,-0.0250422,0.420034
429.674,304,0.579454,0.406263,-0.023718,0.412499
430.54,303.5,0.573462,0.405157,-0.0225593,0.405213
431.406,303,0.567086,0.402622,-0.0213634,0.398781
432.272,302.5,0.56128,0.400753,-0.0199725,0.39247
433.138,302,0.55605,0.399552,-0.0183868,0.38628
434.004,301.5,0.551408,0.399017,-0.0166063,0.380212
434.87,301,0.547152,0.398891,-0.0147829,0.374223
435.737,300.5,0.541783,0.39732,-0.0139024,0.368066
436.603,300,0.536706,0.395989,-0.0128885,0.362049
437.469,299.5,0.531923,0.394899,-0.0117411,0.356172
438.335,299,0.527436,0.394049,-0.0104601,0.350435
439.201,298.5,0.523249,0.39344,-0.00904576,0.344838
440.067,298,0.519351,0.393033,-0.0075034,0.339402
440.933,297.5,0.51448,0.391437,-0.00675325,0.333798
441.799,297,0.509475,0.389675,-0.006145,0.328146
442.665,296.5,0.504591,0.387991,-0.00547659,0.32256
443.531,296,0.499829,0.386384,-0.00474803,0.317039
444.397,295.5,0.49519,0.384854,-0.0039593,0.311584
445.263,295,0.490675,0.383402,-0.00311041,0.306195
446.129,294.5,0.485901,0.381639,-0.00242927,0.300742
446.995,294,0.480804,0.379484,-0.0019599,0.29523
447.861,293.5,0.475763,0.377314,-0.00147892,0.289796
448.727,293,0.470776,0.375131,-0.000986319,0.28444
449.593,292.5,0.465822,0.372909,-0.000482717,0.279157
450.459,292,0.46079,0.37054,3.11384e-05,0.273911
451.325,291.5,0.455765,0.368098,0.000519812,0.268747
452.191,291,0.450664,0.365387,0.000824805,0.263798
453.057,290.5,0.445574,0.36263,0.00112505,0.258909
453.923,290,0.440493,0.359827,0.00142055,0.25408
454.789,289.5,0.435422,0.356978,0.0017113,0.249311
455.655,289,0.430359,0.354084,0.0019973,0.244601
456.521,288.5,0.425304,0.351143,0.00227855,0.239952
457.387,288,0.420452,0.348214,0.00245934,0.235629
458.253,287.5,0.415634,0.345246,0.00261776,0.231409
459.119,287,0.410774,0.342196,0.00277085,0.227222
459.985,286.5,0.405765,0.33898,0.00292487,0.223001
460.851,286,0.400749,0.335709,0.00307406,0.218837
461.717,285.5,0.395727,0.332384,0.00321842,0.214732
462.583,285,0.390898,0.329143,0.00333112,0.210843
463.449,284.5,0.386231,0.325968,0.00341522,0.207142
464.315,284,0.381562,0.322746,0.00349245,0.203499
465.181,283.5,0.376888,0.319478,0.0035628,0.199915
466.047,283,0.37221,0.316163,0.00362628,0.196388
466.913,282.5,0.367527,0.312801,0.00368289,0.19292
467.779,282,0.362932,0.309472,0.00372293,0.18956
468.645,281.5,0.358585,0.306314,0.0037243,0.18639
469.512,281,0.354093,0.302996,0.00371864,0.183196
470.378,280.5,0.349603,0.299647,0.00370636,0.180055
471.244,280,0.345115,0.296265,0.00368745,0.176967
472.11,279.5,0.340629,0.292852,0.00366192,0.173932
472.976,279,0.336144,0.289405,0.00362975,0.170951
473.842,278.5,0.332029,0.286285,0.00356174,0.168141
474.708,278,0.327951,0.283173,0.00348559,0.165386
475.574,277.5,0.323877,0.280038,0.00340399,0.162676
476.44,277,0.319807,0.276879,0.00331692,0.160011
477.306,276.5,0.31574,0.273697,0.00322438,0.157389
478.172,276,0.311621,0.270446,0.00313248,0.15478
479.038,275.5,0.307631,0.267331,0.00303574,0.152189
