x,v,vx,vy,vz
220.096,425,0.196976,-0.145192,0.0140083,0.132373
220.962,424.5,0.204141,-0.150752,0.0139126,0.136944
221.828,424,0.211126,-0.155843,0.0137102,0.141773
222.694,423.5,0.217976,-0.160454,0.0133021,0.146939
223.56,423,0.225071,-0.16524,0.0128339,0.152277
224.426,422.5,0.23231,-0.170044,0.0123216,0.157802
225.292,422,0.239694,-0.174867,0.0117654,0.163513
226.158,421.5,0.247225,-0.179709,0.0111651,0.169411
227.024,421,0.254762,-0.184384,0.0104761,0.175489
227.89,420.5,0.260844,-0.186926,0.00921585,0.181695
228.756,420,0.267021,-0.189355,0.0078602,0.188104
229.622,419.5,0.273298,-0.191669,0.00640916,0.194714
230.488,419,0.279682,-0.193869,0.00486272,0.201527
231.355,418.5,0.28618,-0.195955,0.00322088,0.208543
232.221,418,0.293135,-0.198252,0.00106972,0.215924
233.087,417.5,0.297497,-0.197042,-0.00216951,0.222877
233.953,417,0.30098,-0.194214,-0.00589108,0.229859
234.819,416.5,0.304478,-0.190767,-0.00987771,0.237102
235.685,416,0.308041,-0.186703,-0.0141294,0.244605
236.551,415.5,0.31172,-0.18202,-0.0186461,0.25237
237.417,415,0.31557,-0.176719,-0.023428,0.260395
238.283,414.5,0.316659,-0.168454,-0.0286818,0.266596
239.149,414,0.314192,-0.15649,-0.034429,0.270264
240.015,413.5,0.311801,-0.14357,-0.0404111,0.273815
240.881,413,0.309615,-0.129694,-0.046628,0.277249
241.747,412.5,0.307553,-0.113364,-0.0549464,0.280568
242.613,412,0.30581,-0.0950867,-0.0640638,0.283503
243.479,411.5,0.303659,-0.0751036,-0.0732463,0.284962
244.345,411,0.295202,-0.0531733,-0.0810325,0.278838
245.211,410.5,0.286989,-0.0302195,-0.0885287,0.271315
246.077,410,0.279383,-0.00624223,-0.0957347,0.262395
246.943,409.5,0.27282,0.0187586,-0.102651,0.252075
247.809,409,0.267803,0.044783,-0.109276,0.240357
248.675,408.5,0.264885,0.0718309,-0.115612,0.227241
249.541,408,0.260568,0.0923486,-0.12001,0.212049
250.407,407.5,0.256882,0.111312,-0.123618,0.195746
251.273,407,0.251819,0.12881,-0.124176,0.177204
252.139,406.5,0.247568,0.145619,-0.123805,0.157345
253.005,406,0.244878,0.16197,-0.122987,0.1364
253.871,405.5,0.243993,0.177865,-0.121722,0.114369
254.737,405,0.245216,0.190708,-0.122308,0.0938184
255.603,404.5,0.247978,0.200248,-0.125383,0.0753213
256.469,404,0.251927,0.208883,-0.128957,0.0566114
257.335,403.5,0.256981,0.216615,-0.133029,0.0376885
258.201,403,0.263068,0.223443,-0.1376,0.0185528
259.067,402.5,0.27012,0.229367,-0.14267,-0.000795865
259.933,402,0.279241,0.235467,-0.148986,-0.0182807
260.799,401.5,0.282348,0.237416,-0.149313,-0.0325533
261.665,401,0.284868,0.23733,-0.149982,-0.0482632
262.531,400.5,0.288142,0.236007,-0.152034,-0.0648992
263.397,400,0.292348,0.233446,-0.155469,-0.0824614
264.263,399.5,0.297692,0.229647,-0.160287,-0.10095
265.13,399,0.304394,0.224611,-0.166488,-0.120364
265.996,398.5,0.303993,0.214973,-0.167786,-0.134337
266.862,398,0.303215,0.204381,-0.169562,-0.146342
267.728,397.5,0.303135,0.193348,-0.172681,-0.157126
268.594,397,0.303715,0.181874,-0.177142,-0.16669
269.46,396.5,0.304945,0.169958,-0.182946,-0.175033
270.326,396,0.309308,0.174375,-0.18542,-0.17574
271.192,395.5,0.31192,0.188212,-0.18196,-0.169589
272.058,395,0.312783,0.207626,-0.172161,-0.158383
272.924,394.5,0.314321,0.226687,-0.160162,-0.147508
273.79,394,0.316677,0.245397,-0.145963,-0.136965
274.656,393.5,0.32003,0.263754,-0.129564,-0.126754
275.522,393,0.324593,0.281758,-0.110966,-0.116874
276.388,392.5,0.32662,0.295119,-0.0868381,-0.10975
277.254,392,0.316547,0.292106,-0.0511573,-0.110722
278.12,391.5,0.305702,0.283777,-0.0143472,-0.112777
278.986,391,0.294139,0.269506,0.0234032,-0.115484
279.852,390.5,0.262655,0.23482,0.0537745,-0.104667
280.718,390,0.237156,0.203107,0.080123,-0.0925787
281.584,389.5,0.217198,0.174365,0.102449,-0.0792204
282.45,389,0.192476,0.144007,0.109287,-0.0660705
283.316,388.5,0.172207,0.118295,0.112994,-0.053796
284.182,388,0.156262,0.097618,0.114429,-0.0423624
285.048,387.5,0.143642,0.0819757,0.113594,-0.0317697
285.914,387,0.133363,0.0713681,0.110488,-0.0220179
286.78,386.5,0.124695,0.0657955,0.10511,-0.013107
287.646,386,0.118332,0.0697503,0.0951644,-0.00900935
288.512,385.5,0.115921,0.08017,0.0832673,-0.00877856
289.378,385,0.123021,0.0979825,0.0733716,-0.0122542
290.244,384.5,0.133554,0.116078,0.0640408,-0.0161675
291.11,384,0.146814,0.134455,0.0552748,-0.0205184
291.976,383.5,0.162175,0.153115,0.0470736,-0.0253069
292.842,383,0.180025,0.172772,0.0395664,-0.0315158
293.708,382.5,0.200653,0.193798,0.033022,-0.0401714
294.574,382,0.221467,0.214279,0.0272018,-0.0489131
295.44,381.5,0.242238,0.234215,0.0221057,-0.0577409
296.306,381,0.262819,0.253607,0.0177336,-0.0666548
297.172,380.5,0.283113,0.272454,0.0140857,-0.0756547
298.038,380,0.302314,0.28998,0.0117791,-0.084656
298.905,379.5,0.318114,0.302724,0.0142576,-0.0967021
299.771,379,0.332395,0.313839,0.0170775,-0.108168
300.637,378.5,0.345121,0.323318,0.0202299,-0.119016
301.503,378,0.356281,0.331163,0.0237148,-0.129247
302.369,377.5,0.36587,0.337373,0.0275322,-0.138861
303.235,377,0.37389,0.341948,0.0316822,-0.147857
304.101,376.5,0.38125,0.343873,0.0371962,-0.160372
304.967,376,0.388921,0.344782,0.0426109,-0.17484
305.833,375.5,0.396717,0.345375,0.0472512,-0.189387
306.699,375,0.404612,0.345654,0.0511171,-0.204014
307.565,374.5,0.411216,0.344901,0.0539328,-0.217331
308.431,374,0.412282,0.340729,0.0553406,-0.225429
309.297,373.5,0.410949,0.332715,0.0573063,-0.234298
310.163,373,0.408364,0.320435,0.0600287,-0.245926
311.029,372.5,0.407888,0.309301,0.0619869,-0.258579
311.895,372,0.409517,0.299313,0.0631809,-0.272258
312.761,371.5,0.413239,0.29047,0.0636107,-0.286963
313.627,371,0.419032,0.282772,0.0632763,-0.302694
314.493,370.5,0.426536,0.275748,0.0623968,-0.319379
315.359,370,0.430416,0.260909,0.065222,-0.336051
316.225,369.5,0.438366,0.248801,0.06714,-0.354619
317.091,369,0.449794,0.240296,0.0680955,-0.37408
317.957,368.5,0.462623,0.235819,0.0682175,-0.392117
318.823,368,0.476991,0.232611,0.0677675,-0.410878
319.689,367.5,0.492824,0.230673,0.0667455,-0.430361
320.555,367,0.494421,0.216716,0.0687688,-0.439042
321.421,366.5,0.494204,0.200991,0.0718018,-0.445741
322.287,366,0.498115,0.188669,0.0745541,-0.454933
323.153,365.5,0.505941,0.17975,0.0770256,-0.466619
324.019,365,0.517493,0.174233,0.0792165,-0.480798
324.885,364.5,0.532618,0.172119,0.0811266,-0.497469
325.751,364,0.541794,0.163379,0.0834582,-0.509786
326.617,363.5,0.538717,0.14066,0.0885251,-0.512439
327.483,363,0.536994,0.116827,0.095388,-0.515379
328.349,362.5,0.538543,0.09602,0.102749,-0.519857
329.215,362,0.543046,0.0782382,0.110607,-0.525875
330.081,361.5,0.550209,0.063482,0.118963,-0.533431
330.947,361,0.562373,0.050067,0.125625,-0.545871
331.813,360.5,0.600615,0.0225515,0.114488,-0.58917
332.679,360,0.642387,-0.00601856,0.105778,-0.63359
333.546,359.5,0.687303,-0.0356432,0.0994963,-0.679128
334.412,359,0.735059,-0.0663225,0.0956425,-0.725786
335.278,358.5,0.785424,-0.0980563,0.0942164,-0.773563
336.144,358,0.835118,-0.120091,0.0898491,-0.82154
337.01,357.5,0.843672,-0.115558,0.0965733,-0.830122
337.876,357,0.840281,-0.0997904,0.105471,-0.827641
338.742,356.5,0.835427,-0.0741533,0.111241,-0.82466
339.608,356,0.829939,-0.0386472,0.113881,-0.82118
340.474,355.5,0.825057,0.00672788,0.113392,-0.8172
341.34,355,0.822439,0.061972,0.109774,-0.812721
342.206,354.5,0.777041,0.100302,0.12856,-0.75974
343.072,354,0.673633,0.111244,0.181552,-0.639098
343.938,353.5,0.568996,0.122118,0.243358,-0.49962
344.804,353,0.482434,0.132926,0.313979,-0.341308
345.67,352.5,0.442287,0.10885,0.362071,-0.229507
346.536,352,0.425381,0.0294816,0.364257,-0.217708
347.402,351.5,0.436126,-0.0683773,0.347517,-0.254485
348.268,351,0.477072,-0.147415,0.329724,-0.311686
349.134,350.5,0.505051,-0.206454,0.337482,-0.313941
350,350,0.515757,-0.245495,0.370792,-0.261248
350.866,349.5,0.527424,-0.264538,0.429653,-0.153607
351.732,349,0.57777,-0.263582,0.514064,0.00898122
352.598,348.5,0.706815,-0.242627,0.624027,0.226517
353.464,348,0.709256,-0.264547,0.599707,0.270944
354.33,347.5,0.686325,-0.301608,0.559446,0.259028
355.196,347,0.654072,-0.352253,0.503763,0.223498
356.062,346.5,0.631001,-0.40283,0.444334,0.196108
356.928,346,0.63143,-0.442229,0.408718,0.189966
357.794,345.5,0.648784,-0.470451,0.396916,0.205074
358.66,345,0.647685,-0.447016,0.374642,0.28163
359.526,344.5,0.640241,-0.386465,0.325197,0.393447
360.392,344,0.655744,-0.328181,0.272968,0.497781
361.258,343.5,0.689322,-0.272163,0.217956,0.594633
362.124,343,0.735672,-0.218412,0.160159,0.684002
362.99,342.5,0.790167,-0.166926,0.0995796,0.765888
363.856,342,0.834903,-0.120812,0.0482279,0.824707
364.722,341.5,0.823704,-0.0903519,0.0431127,0.817598
365.588,341,0.809489,-0.0621475,0.0390862,0.806153
366.454,340.5,0.79519,-0.035178,0.0337653,0.793694
367.321,340,0.780749,-0.00944341,0.02715,0.78022
368.187,339.5,0.76612,0.0150562,0.0192403,0.76573
369.053,339,0.751272,0.038321,0.0100362,0.750226
369.919,338.5,0.74898,0.0753065,0.00401012,0.745174
370.785,338,0.74905,0.110959,-0.00168043,0.740785
371.651,337.5,0.74968,0.143489,-0.00748154,0.735782
372.517,337,0.750476,0.172897,-0.0133932,0.730165
373.383,336.5,0.751088,0.199184,-0.0194154,0.723935
374.249,336,0.749957,0.221629,-0.0260372,0.715987
375.115,335.5,0.747578,0.238284,-0.0284369,0.708015
375.981,335,0.745132,0.251379,-0.0279899,0.70089
376.847,334.5,0.74254,0.263417,-0.0277558,0.69369
377.713,334,0.73975,0.2744,-0.0277346,0.686415
378.579,333.5,0.736714,0.284326,-0.0279263,0.679063
379.445,333,0.73339,0.293197,-0.0283308,0.671635
380.311,332.5,0.72922,0.300645,-0.0282589,0.663759
381.177,332,0.72335,0.30617,-0.026485,0.654823
382.043,331.5,0.717207,0.310848,-0.0248617,0.645865
382.909,331,0.710767,0.314678,-0.023389,0.636884
383.775,330.5,0.702622,0.316124,-0.0219086,0.627107
384.641,330,0.693938,0.316441,-0.0204819,0.617248
385.507,329.5,0.685301,0.316281,-0.0191651,0.607649
386.373,329,0.672695,0.313946,-0.0170657,0.594698
387.239,328.5,0.660184,0.311327,-0.0150397,0.581972
388.105,328,0.64796,0.308511,-0.0131303,0.56965
388.971,327.5,0.63602,0.305499,-0.0113375,0.557731
389.837,327,0.624358,0.302291,-0.00966138,0.546214
390.703,326.5,0.612969,0.298887,-0.00810188,0.5351
391.569,326,0.601636,0.295389,-0.00693188,0.524084
392.435,325.5,0.590463,0.291818,-0.00597759,0.513277
393.301,325,0.579016,0.287198,-0.00501259,0.502744
394.167,324.5,0.567681,0.282265,-0.00408769,0.492516
395.033,324,0.556613,0.277289,-0.00322069,0.482616
395.899,323.5,0.545809,0.272269,-0.00241159,0.473045
396.765,323,0.535347,0.267389,-0.00175835,0.463785
397.631,322.5,0.525299,0.262868,-0.00134542,0.454795
398.497,322,0.515497,0.25833,-0.000957876,0.446097
399.363,321.5,0.505941,0.253775,-0.000595701,0.437692
400.229,321,0.49663,0.249203,-0.000258899,0.42958
401.095,320.5,0.487564,0.244615,5.25286e-05,0.421761
401.962,320,0.478746,0.240016,0.000336433,0.414234
402.828,319.5,0.47003,0.235464,0.000438781,0.406798
403.694,319,0.461426,0.230819,0.000541112,0.399545
404.56,318.5,0.453003,0.226185,0.00063338,0.392494
405.426,318,0.444761,0.221564,0.000715586,0.385644
406.292,317.5,0.436701,0.216955,0.000787729,0.378995
407.158,317,0.428822,0.212358,0.000849809,0.372548
408.024,316.5,0.42125,0.208231,0.000819534,0.366184
408.89,316,0.413887,0.204319,0.000749226,0.359939
409.756,315.5,0.406675,0.20042,0.00067612,0.353859
410.622,315,0.399615,0.196536,0.000600215,0.347944
411.488,314.5,0.392706,0.192666,0.000521511,0.342195
412.354,314,0.385703,0.188367,0.000471712,0.336578
413.22,313.5,0.378894,0.184304,0.000394425,0.331048
414.086,313,0.372325,0.180666,0.000271969,0.325555
414.952,312.5,0.365881,0.177064,0.000146938,0.320183
415.818,312,0.35956,0.173497,1.93305e-05,0.314932
416.684,311.5,0.353364,0.169966,-0.000110853,0.309802
417.55,311,0.347292,0.166471,-0.000243612,0.304793
418.416,310.5,0.34135,0.16305,-0.000380563,0.299891
419.282,310,0.335608,0.160209,-0.000543785,0.294899
420.148,309.5,0.329977,0.1574,-0.000710724,0.290016
421.014,309,0.324457,0.154623,-0.000881379,0.285242
421.88,308.5,0.318861,0.151548,-0.00102958,0.280543
422.746,308,0.313363,0.148499,-0.00117906,0.27594
423.612,307.5,0.307968,0.14549,-0.00133066,0.271432
424.478,307,0.302747,0.142939,-0.00148804,0.266874
425.344,306.5,0.297642,0.140559,-0.0016495,0.262357
426.21,306,0.292631,0.13821,-0.00181392,0.257929
427.076,305.5,0.287712,0.135892,-0.00198128,0.253589
427.942,305,0.282885,0.133605,-0.00215161,0.249337
428.808,304.5,0.278152,0.13135,-0.00232489,0.245174
429.674,304,0.273544,0.12935,-0.00249282,0.241016
430.54,303.5,0.269066,0.127662,-0.00265315,0.236838
431.406,303,0.264521,0.125752,-0.00277577,0.232702
432.272,302.5,0.260056,0.123869,-0.00290084,0.228642
433.138,302,0.255671,0.122015,-0.00302836,0.224657
434.004,301.5,0.251365,0.120188,-0.00315832,0.220748
434.87,301,0.247154,0.118446,-0.00328797,0.216898
435.737,300.5,0.243119,0.117143,-0.00340049,0.213008
436.603,300,0.239158,0.115861,-0.00351634,0.20919
437.469,299.5,0.235273,0.1146,-0.00363555,0.205443
438.335,299,0.231463,0.113361,-0.00375809,0.201768
439.201,298.5,0.227727,0.112142,-0.00388398,0.198164
440.067,298,0.224053,0.110924,-0.00401087,0.194627
440.933,297.5,0.220413,0.109864,-0.00409504,0.191037
441.799,297,0.21686,0.108897,-0.0041766,0.187489
442.665,296.5,0.213369,0.107944,-0.00426111,0.184001
443.531,296,0.209942,0.107003,-0.00434857,0.180574
444.397,295.5,0.206577,0.106076,-0.00443897,0.177207
445.263,295,0.203277,0.105163,-0.00453231,0.173901
446.129,294.5,0.200108,0.104439,-0.0046189,0.17063
446.995,294,0.197074,0.103906,-0.00469816,0.16739
447.861,293.5,0.194099,0.103379,-0.00478004,0.164209
448.727,293,0.191186,0.102858,-0.00486453,0.161086
449.593,292.5,0.188312,0.102321,-0.00494169,0.158011
450.459,292,0.185383,0.101671,-0.00496706,0.154936
451.325,291.5,0.182533,0.101085,-0.00499027,0.151905
452.191,291,0.179854,0.100757,-0.00499818,0.148897
453.057,290.5,0.177225,0.100432,-0.0050074,0.145935
453.923,290,0.174648,0.100109,-0.00501792,0.143021
454.789,289.5,0.172121,0.0997877,-0.00502975,0.140153
455.655,289,0.169645,0.0994689,-0.00504287,0.137331
456.521,288.5,0.167219,0.0991522,-0.0050573,0.134557
457.387,288,0.164979,0.0990587,-0.00506277,0.131832
458.253,287.5,0.162807,0.0989975,-0.00506753,0.129151
459.119,287,0.160665,0.0989079,-0.00506865,0.12651
459.985,286.5,0.158503,0.0987281,-0.00505434,0.123897
460.851,286,0.156385,0.0985487,-0.00504066,0.121322
461.717,285.5,0.154311,0.0983698,-0.00502762,0.118786
462.583,285,0.152364,0.0983111,-0.00500873,0.116296
463.449,284.5,0.150529,0.0983492,-0.00498512,0.113848
464.315,284,0.148735,0.0983842,-0.00496216,0.111437
465.181,283.5,0.146984,0.098416,-0.00493987,0.109061
466.047,283,0.145275,0.0984448,-0.00491824,0.106721
466.913,282.5,0.143608,0.0984705,-0.00489727,0.104416
467.779,282,0.142016,0.0985357,-0.0048752,0.102155
468.645,281.5,0.140561,0.0987173,-0.00483779,0.0999441
469.512,281,0.139095,0.0988441,-0.00477525,0.0977471
470.378,280.5,0.137666,0.098967,-0.00471304,0.0955792
471.244,280,0.136275,0.099086,-0.00465117,0.0934404
472.11,279.5,0.134919,0.0992011,-0.00458962,0.0913306
472.976,279,0.1336,0.0993123,-0.0045284,0.0892499
473.842,278.5,0.13244,0.0995599,-0.00446079,0.0872259
474.708,278,0.131326,0.0998144,-0.00439343,0.085231
475.574,277.5,0.130246,0.100063,-0.00432696,0.0832625
476.44,277,0.129199,0.100306,-0.00426136,0.0813204
477.306,276.5,0.128186,0.100543,-0.00419665,0.0794048
478.172,276,0.127195,0.100761,-0.0041361,0.0775155
479.038,275.5,0.126292,0.101028,-0.00408188,0.0756738
