x,v,vx,vy,vz
220.096,425,0.325817,0.317954,-0.0649967,0.0289457
220.962,424.5,0.335343,0.327235,-0.0665255,0.0307649
221.828,424,0.345391,0.337044,-0.0679826,0.0327855
222.694,423.5,0.355667,0.346966,-0.0695792,0.0356742
223.56,423,0.365659,0.356505,-0.071231,0.0392045
224.426,422.5,0.375625,0.36599,-0.0727805,0.0429943
225.292,422,0.385568,0.37542,-0.0742277,0.0470435
226.158,421.5,0.395494,0.384795,-0.0755725,0.0513522
227.024,421,0.405343,0.394103,-0.076721,0.0556718
227.89,420.5,0.414374,0.4032,-0.0765604,0.0572183
228.756,420,0.423237,0.412221,-0.076002,0.0585441
229.622,419.5,0.431937,0.421165,-0.0750457,0.0596494
230.488,419,0.440481,0.430033,-0.0736917,0.0605339
231.355,418.5,0.448875,0.438826,-0.0719399,0.0611979
232.221,418,0.453556,0.444536,-0.0667396,0.0603881
233.087,417.5,0.454072,0.446739,-0.0593833,0.0554927
233.953,417,0.452861,0.447254,-0.0515357,0.0488943
234.819,416.5,0.450595,0.446583,-0.0433119,0.0415148
235.685,416,0.447325,0.444727,-0.034712,0.033354
236.551,415.5,0.443107,0.441684,-0.0257359,0.0244121
237.417,415,0.438009,0.437456,-0.0163836,0.0146889
238.283,414.5,0.43156,0.431473,-0.00777589,0.00380047
239.149,414,0.423761,0.423687,-0.000499876,-0.0079258
240.015,413.5,0.415342,0.414813,0.00666602,-0.019872
240.881,413,0.406349,0.404852,0.0137218,-0.0320381
241.747,412.5,0.397037,0.394148,0.0190207,-0.0438564
242.613,412,0.388285,0.383646,0.0235071,-0.0550264
243.479,411.5,0.380475,0.373828,0.0273114,-0.0653325
244.345,411,0.375153,0.366808,0.0290519,-0.0731268
245.211,410.5,0.369863,0.359773,0.0307613,-0.0801002
246.077,410,0.364561,0.352722,0.0324395,-0.0862526
246.943,409.5,0.359204,0.345656,0.0340865,-0.0915842
247.809,409,0.353754,0.338575,0.0357024,-0.096095
248.675,408.5,0.348174,0.331478,0.0372871,-0.0997848
249.541,408,0.343785,0.325794,0.0387581,-0.102684
250.407,407.5,0.339312,0.320186,0.0402339,-0.104855
251.273,407,0.336076,0.317127,0.0407,-0.103542
252.139,406.5,0.332664,0.314175,0.04097,-0.101394
253.005,406,0.328767,0.310798,0.0412333,-0.0989553
253.871,405.5,0.324387,0.306996,0.0414898,-0.0962259
254.737,405,0.32027,0.303235,0.0419331,-0.0941444
255.603,404.5,0.316312,0.299443,0.0425489,-0.0926117
256.469,404,0.311772,0.295151,0.0431478,-0.0906982
257.335,403.5,0.306652,0.290358,0.0437298,-0.088404
258.201,403,0.300954,0.285064,0.0442948,-0.085729
259.067,402.5,0.294682,0.27927,0.0448429,-0.0826733
259.933,402,0.288266,0.273218,0.0454286,-0.0799113
260.799,401.5,0.286747,0.271647,0.0456879,-0.079651
261.665,401,0.285103,0.270016,0.0458428,-0.0792058
262.531,400.5,0.282962,0.267921,0.0459466,-0.0785809
263.397,400,0.280323,0.265359,0.0459992,-0.0777765
264.263,399.5,0.277185,0.262333,0.0460006,-0.0767924
265.13,399,0.27355,0.258841,0.0459509,-0.0756286
265.996,398.5,0.269266,0.254081,0.0462019,-0.0762384
266.862,398,0.264415,0.248656,0.0463633,-0.0770472
267.728,397.5,0.259019,0.242669,0.046381,-0.077793
268.594,397,0.253082,0.23612,0.0462552,-0.0784758
269.46,396.5,0.24661,0.22901,0.0459857,-0.0790955
270.326,396,0.241712,0.223145,0.0448531,-0.08136
271.192,395.5,0.235829,0.216023,0.0441263,-0.0836801
272.058,395,0.228803,0.207539,0.0436798,-0.0858511
272.924,394.5,0.221122,0.198218,0.0431759,-0.08798
273.79,394,0.212826,0.188061,0.0426147,-0.0900667
274.656,393.5,0.203963,0.177067,0.0419962,-0.0921114
275.522,393,0.194597,0.165237,0.0413202,-0.094114
276.388,392.5,0.184781,0.152697,0.040719,-0.0957575
277.254,392,0.174653,0.139892,0.0404136,-0.0964391
278.12,391.5,0.164464,0.12655,0.0399806,-0.0971331
278.986,391,0.154485,0.112816,0.0394013,-0.0979059
279.852,390.5,0.148892,0.102996,0.0383853,-0.100435
280.718,390,0.143127,0.0926268,0.0377491,-0.102375
281.584,389.5,0.137261,0.0817082,0.0374928,-0.103725
282.45,389,0.13145,0.0716469,0.0383847,-0.103307
283.316,388.5,0.125748,0.0612995,0.0398535,-0.102307
284.182,388,0.120297,0.0505732,0.0418501,-0.100808
285.048,387.5,0.115285,0.039468,0.0443746,-0.0988119
285.914,387,0.110948,0.027984,0.0474269,-0.0963176
286.78,386.5,0.10757,0.016121,0.0510071,-0.0933254
287.646,386,0.103102,0.00562061,0.0545819,-0.0872878
288.512,385.5,0.0987212,-0.00362389,0.0581853,-0.0796694
289.378,385,0.100104,-0.0127516,0.0630662,-0.0766868
290.244,384.5,0.102419,-0.0219566,0.0687344,-0.0726847
291.11,384,0.105866,-0.0312389,0.07519,-0.067663
291.976,383.5,0.110638,-0.0405987,0.0824329,-0.061622
292.842,383,0.117974,-0.0530769,0.0882563,-0.0575454
293.708,382.5,0.130568,-0.0742808,0.0882848,-0.0611239
294.574,382,0.146946,-0.0981993,0.0867174,-0.0665597
295.44,381.5,0.167388,-0.124832,0.083554,-0.073853
296.306,381,0.192015,-0.15418,0.0787947,-0.0830036
297.172,380.5,0.220843,-0.186242,0.0724394,-0.0940116
298.038,380,0.253307,-0.220416,0.0649044,-0.106624
298.905,379.5,0.296643,-0.247367,0.0472547,-0.156761
299.771,379,0.344667,-0.272484,0.0292111,-0.209032
300.637,378.5,0.396018,-0.29581,0.0108866,-0.263073
301.503,378,0.449951,-0.317345,-0.00771867,-0.318886
302.369,377.5,0.506031,-0.337089,-0.0266048,-0.376471
303.235,377,0.563999,-0.355041,-0.0457718,-0.435827
304.101,376.5,0.605901,-0.358925,-0.0599174,-0.484457
304.967,376,0.638882,-0.354596,-0.0716271,-0.526594
305.833,375.5,0.671087,-0.347852,-0.0834149,-0.567802
306.699,375,0.702533,-0.338693,-0.0952807,-0.60808
307.565,374.5,0.731176,-0.325639,-0.106128,-0.645998
308.431,374,0.753454,-0.305685,-0.113671,-0.679211
309.297,373.5,0.764898,-0.282997,-0.117214,-0.700887
310.163,373,0.754654,-0.257224,-0.112989,-0.700408
311.029,372.5,0.745566,-0.231677,-0.109789,-0.7001
311.895,372,0.737639,-0.206355,-0.107615,-0.699963
312.761,371.5,0.73088,-0.181258,-0.106467,-0.699997
313.627,371,0.725292,-0.156387,-0.106345,-0.700201
314.493,370.5,0.720039,-0.131792,-0.106871,-0.699761
315.359,370,0.698928,-0.108687,-0.100236,-0.683111
316.225,369.5,0.679711,-0.0861756,-0.0939165,-0.667653
317.091,369,0.662525,-0.0629001,-0.0874967,-0.653702
317.957,368.5,0.647863,-0.037336,-0.0809538,-0.6417
318.823,368,0.635483,-0.0132839,-0.075703,-0.630818
319.689,367.5,0.625256,0.0092563,-0.0717445,-0.621057
320.555,367,0.60933,0.0223671,-0.063676,-0.605581
321.421,366.5,0.591814,0.0315338,-0.0540039,-0.5885
322.287,366,0.575403,0.0397409,-0.0445725,-0.572295
323.153,365.5,0.560063,0.0469884,-0.0353818,-0.556966
324.019,365,0.545763,0.0532763,-0.0264317,-0.542513
324.885,364.5,0.532466,0.0586046,-0.0177224,-0.528935
325.751,364,0.521531,0.0593285,-0.00918921,-0.518064
326.617,363.5,0.51401,0.0565052,-0.000802548,-0.510895
327.483,363,0.508251,0.0567524,0.00709551,-0.505023
328.349,362.5,0.502316,0.0557306,0.0149182,-0.498992
329.215,362,0.496211,0.0534397,0.0226654,-0.492804
330.081,361.5,0.489948,0.0498797,0.0303373,-0.486458
330.947,361,0.486108,0.0455744,0.0374539,-0.482515
331.813,360.5,0.505021,0.0450366,0.0404297,-0.501382
332.679,360,0.524367,0.0439731,0.0436452,-0.520694
333.546,359.5,0.544155,0.0423841,0.0471005,-0.540454
334.412,359,0.564394,0.0402694,0.0507954,-0.560659
335.278,358.5,0.585094,0.0376292,0.0547301,-0.581312
336.144,358,0.606289,0.0352534,0.0613905,-0.602142
337.01,357.5,0.652776,0.0253311,0.0601489,-0.649505
337.876,357,0.70612,0.0137333,0.0586928,-0.703542
338.742,356.5,0.759263,0.00259666,0.0606614,-0.756831
339.608,356,0.812103,-0.0080789,0.0660548,-0.809372
340.474,355.5,0.864606,-0.0182933,0.074873,-0.861163
341.34,355,0.916786,-0.0280466,0.0871159,-0.912207
342.206,354.5,0.949428,-0.0253128,0.123392,-0.941035
343.072,354,0.957574,-0.00387982,0.19248,-0.938022
343.938,353.5,0.964569,0.0245265,0.273616,-0.924622
344.804,353,0.974493,0.0599061,0.366799,-0.900836
345.67,352.5,0.968423,0.0896265,0.45399,-0.850707
346.536,352,0.931904,0.0925447,0.516121,-0.77039
347.402,351.5,0.881003,0.0778023,0.554616,-0.680084
348.268,351,0.799702,0.0972817,0.506141,-0.611459
349.134,350.5,0.733313,0.172875,0.435318,-0.564235
350,350,0.706911,0.304583,0.342147,-0.538412
350.866,349.5,0.760901,0.492404,0.226629,-0.533992
351.732,349,0.92393,0.73634,0.0887629,-0.550973
352.598,348.5,1.19438,1.03639,-0.0714504,-0.589355
353.464,348,1.49307,1.32726,-0.249323,-0.636782
354.33,347.5,1.81353,1.61957,-0.424511,-0.696892
355.196,347,2.04471,1.82885,-0.559935,-0.722925
356.062,346.5,2.19017,1.96227,-0.654888,-0.719351
356.928,346,2.3433,2.10078,-0.739529,-0.728607
357.794,345.5,2.50264,2.24439,-0.813859,-0.750692
358.66,345,2.65323,2.38566,-0.857142,-0.78332
359.526,344.5,2.8039,2.53011,-0.877256,-0.83118
360.392,344,2.96984,2.68588,-0.894507,-0.897691
361.258,343.5,3.15143,2.85297,-0.908894,-0.982853
362.124,343,3.34922,3.03138,-0.920418,-1.08667
362.99,342.5,3.5638,3.2211,-0.929078,-1.20913
363.856,342,3.77886,3.40928,-0.931,-1.33785
364.722,341.5,3.8588,3.47602,-0.913822,-1.40448
365.588,341,3.89175,3.49561,-0.894,-1.4585
366.454,340.5,3.94107,3.52816,-0.876024,-1.52208
367.321,340,4.0069,3.57366,-0.859894,-1.59523
368.187,339.5,4.08937,3.63213,-0.84561,-1.67794
369.053,339,4.18859,3.70356,-0.833173,-1.77023
369.919,338.5,4.21567,3.71777,-0.801137,-1.81884
370.785,338,4.26392,3.74823,-0.77396,-1.87957
371.651,337.5,4.34429,3.80349,-0.75436,-1.95889
372.517,337,4.45683,3.88353,-0.742336,-2.05682
373.383,336.5,4.60162,3.98836,-0.737889,-2.17334
374.249,336,4.69421,4.05356,-0.731098,-2.25163
375.115,335.5,4.67807,4.0327,-0.70223,-2.26462
375.981,335,4.63094,3.98582,-0.664425,-2.26216
376.847,334.5,4.61403,3.96122,-0.632324,-2.27994
377.713,334,4.62741,3.9589,-0.605928,-2.31796
378.579,333.5,4.6712,3.97884,-0.585234,-2.37622
379.445,333,4.7455,4.02107,-0.570245,-2.45472
380.311,332.5,4.8042,4.04986,-0.551048,-2.52495
381.177,332,4.77031,4.00661,-0.511057,-2.53807
382.043,331.5,4.77105,3.9901,-0.477512,-2.57178
382.909,331,4.80643,4.00032,-0.450412,-2.62608
383.775,330.5,4.80242,3.98225,-0.421062,-2.65098
384.641,330,4.79937,3.96401,-0.393377,-2.6769
385.507,329.5,4.82552,3.96628,-0.370534,-2.72342
386.373,329,4.67021,3.82993,-0.321034,-2.65318
387.239,328.5,4.53914,3.71179,-0.273285,-2.5984
388.105,328,4.44264,3.61964,-0.228768,-2.56573
388.971,327.5,4.38078,3.55348,-0.187483,-2.55516
389.837,327,4.35359,3.51332,-0.149431,-2.56671
390.703,326.5,4.36109,3.49915,-0.11461,-2.60036
391.569,326,4.23473,3.38873,-0.0769622,-2.53842
392.435,325.5,4.02923,3.22269,-0.033152,-2.41824
393.301,325,3.78244,3.02544,0.0177863,-2.27007
394.167,324.5,3.54587,2.83524,0.0707779,-2.12829
395.033,324,3.33624,2.66478,0.124611,-2.00349
395.899,323.5,3.15375,2.51406,0.179286,-1.89566
396.765,323,2.95453,2.35861,0.219871,-1.76574
397.631,322.5,2.66984,2.15719,0.232236,-1.55584
398.497,322,2.38131,1.95323,0.248507,-1.33932
399.363,321.5,2.09023,1.74671,0.268685,-1.11618
400.229,321,1.79884,1.53765,0.292768,-0.88642
401.095,320.5,1.51122,1.32603,0.320757,-0.650041
401.962,320,1.23704,1.11336,0.352081,-0.408337
402.828,319.5,1.12096,1.03521,0.323919,-0.282798
403.694,319,1.00295,0.947791,0.29443,-0.144608
404.56,318.5,0.893492,0.853556,0.264091,0.00504895
405.426,318,0.805059,0.752505,0.232901,0.166173
406.292,317.5,0.755422,0.644636,0.20086,0.338765
407.158,317,0.763155,0.52995,0.16797,0.522823
408.024,316.5,0.770994,0.490945,0.14507,0.576506
408.89,316,0.761821,0.484133,0.125478,0.574668
409.756,315.5,0.755178,0.4738,0.104324,0.578725
410.622,315,0.751502,0.459948,0.0816094,0.58868
411.488,314.5,0.75141,0.442575,0.0573335,0.604531
412.354,314,0.748054,0.416743,0.0301225,0.620486
413.22,313.5,0.739667,0.397085,0.0108391,0.623949
414.086,313,0.719123,0.391636,0.00544332,0.6031
414.952,312.5,0.700538,0.386597,0.000130253,0.584206
415.818,312,0.683898,0.381967,-0.00510014,0.567266
416.684,311.5,0.669189,0.377748,-0.0102479,0.552282
417.55,311,0.656397,0.373937,-0.0153129,0.539253
418.416,310.5,0.645561,0.37074,-0.0200125,0.52811
419.282,310,0.636744,0.370889,-0.0205146,0.517169
420.148,309.5,0.628662,0.371492,-0.020795,0.506733
421.014,309,0.621321,0.372548,-0.0208539,0.496802
421.88,308.5,0.612888,0.37119,-0.0210446,0.487244
422.746,308,0.605613,0.370751,-0.0210702,0.4784
423.612,307.5,0.599571,0.37133,-0.02092,0.470278
424.478,307,0.593158,0.371054,-0.0204349,0.462317
425.344,306.5,0.58678,0.37074,-0.0196842,0.454395
426.21,306,0.580886,0.370948,-0.0187155,0.446628
427.076,305.5,0.575488,0.37168,-0.0175289,0.439014
427.942,305,0.570596,0.372935,-0.0161242,0.431555
428.808,304.5,0.566222,0.374712,-0.0145015,0.424249
429.674,304,0.561646,0.375897,-0.0131686,0.417101
430.54,303.5,0.556435,0.375849,-0.0123306,0.410128
431.406,303,0.551123,0.375146,-0.011494,0.403572
432.272,302.5,0.546045,0.374722,-0.0104991,0.397037
433.138,302,0.541206,0.374579,-0.00934601,0.390521
434.004,301.5,0.536612,0.374717,-0.00803469,0.384026
434.87,301,0.532131,0.374964,-0.00669886,0.377519
435.737,300.5,0.526817,0.374122,-0.00622191,0.37085
436.603,300,0.52162,0.37331,-0.0056695,0.364273
437.469,299.5,0.51654,0.372529,-0.00504164,0.357786
438.335,299,0.511579,0.371779,-0.00433833,0.35139
439.201,298.5,0.506736,0.37106,-0.00355957,0.345085
440.067,298,0.501996,0.370354,-0.00270862,0.338866
440.933,297.5,0.496627,0.368863,-0.00223256,0.332526
441.799,297,0.491154,0.367172,-0.00182912,0.326211
442.665,296.5,0.485706,0.36543,-0.0014027,0.319952
443.531,296,0.480284,0.363637,-0.000953302,0.313751
444.397,295.5,0.474885,0.361792,-0.000480927,0.307607
445.263,295,0.469509,0.359896,1.44272e-05,0.301519
446.129,294.5,0.464155,0.357811,0.000424822,0.295653
446.995,294,0.458808,0.355518,0.00072604,0.290019
447.861,293.5,0.453465,0.353153,0.00102274,0.28445
448.727,293,0.448123,0.350716,0.00131492,0.278947
449.593,292.5,0.442751,0.348183,0.00160171,0.273487
450.459,292,0.437198,0.345445,0.00188081,0.267967
451.325,291.5,0.431695,0.342644,0.00214102,0.262585
452.191,291,0.426477,0.339858,0.00231694,0.257631
453.057,290.5,0.421249,0.336998,0.00248496,0.252739
453.923,290,0.416011,0.334063,0.00264509,0.247911
454.789,289.5,0.410761,0.331054,0.00279733,0.243146
455.655,289,0.405498,0.32797,0.00294167,0.238444
456.521,288.5,0.400222,0.324813,0.00307811,0.233805
457.387,288,0.39534,0.321849,0.00317525,0.229557
458.253,287.5,0.390515,0.318865,0.00326083,0.225424
459.119,287,0.38563,0.315782,0.00334065,0.221317
459.985,286.5,0.380563,0.312508,0.00341647,0.217152
460.851,286,0.375488,0.309171,0.0034859,0.213056
461.717,285.5,0.370407,0.305771,0.00354894,0.209027
462.583,285,0.365584,0.302527,0.00358708,0.205224
463.449,284.5,0.360981,0.29941,0.00360345,0.201612
464.315,284,0.356375,0.296246,0.00361335,0.198061
465.181,283.5,0.351768,0.293035,0.00361678,0.194571
466.047,283,0.347157,0.289776,0.00361373,0.191142
466.913,282.5,0.342543,0.286469,0.00360421,0.187773
467.779,282,0.338033,0.283214,0.00358103,0.184507
468.645,281.5,0.333813,0.280198,0.00352733,0.181406
469.512,281,0.329448,0.277023,0.00346499,0.178276
470.378,280.5,0.325092,0.273821,0.00339714,0.1752
471.244,280,0.320744,0.270593,0.00332377,0.172178
472.11,279.5,0.316405,0.267339,0.0032449,0.169209
472.976,279,0.312074,0.264058,0.00316052,0.166294
473.842,278.5,0.308134,0.261151,0.00304967,0.163516
474.708,278,0.304238,0.258262,0.00293294,0.160788
475.574,277.5,0.30035,0.255355,0.00281226,0.158102
476.44,277,0.29647,0.252429,0.00268765,0.155458
477.306,276.5,0.292598,0.249484,0.00255909,0.152856
478.172,276,0.288683,0.246479,0.00243291,0.150268
479.038,275.5,0.284909,0.243633,0.00230868,0.147685
