x,v,vx,vy,vz
220.096,425,0.202593,-0.0532742,-0.0494616,0.189101
220.962,424.5,0.203909,-0.0447942,-0.053983,0.191464
221.828,424,0.20483,-0.0346893,-0.0586433,0.193166
222.694,423.5,0.205098,-0.0217266,-0.0641158,0.193603
223.56,423,0.206398,-0.00785353,-0.0700829,0.193976
224.426,422.5,0.208885,0.00673011,-0.0761736,0.194384
225.292,422,0.212675,0.0220244,-0.0823879,0.194827
226.158,421.5,0.217859,0.0380293,-0.0887258,0.195305
227.024,421,0.22424,0.0548678,-0.0950218,0.19556
227.89,420.5,0.22919,0.0737583,-0.0993909,0.192896
228.756,420,0.235716,0.0933021,-0.103505,0.190115
229.622,419.5,0.243841,0.113499,-0.107363,0.187216
230.488,419,0.25356,0.13435,-0.110967,0.184199
231.355,418.5,0.264844,0.155854,-0.114315,0.181064
232.221,418,0.276495,0.176636,-0.114891,0.179022
233.087,417.5,0.28502,0.194912,-0.11223,0.175072
233.953,417,0.292835,0.212379,-0.10833,0.170037
234.819,416.5,0.300935,0.229638,-0.1036,0.164606
235.685,416,0.30932,0.24669,-0.0980383,0.15878
236.551,415.5,0.318001,0.263536,-0.0916457,0.15256
237.417,415,0.326993,0.280174,-0.0844221,0.145944
238.283,414.5,0.33424,0.294526,-0.0775586,0.137677
239.149,414,0.339166,0.306049,-0.0718145,0.127319
240.015,413.5,0.344244,0.317215,-0.0659428,0.116319
240.881,413,0.3495,0.328024,-0.0599434,0.104676
241.747,412.5,0.349414,0.332495,-0.0514775,0.0942731
242.613,412,0.347856,0.335069,-0.0426093,0.0831649
243.479,411.5,0.346264,0.33712,-0.0344279,0.0711625
244.345,411,0.343594,0.336954,-0.0290083,0.060644
245.211,410.5,0.340982,0.336558,-0.0239595,0.049222
246.077,410,0.338504,0.335934,-0.0192814,0.0368964
246.943,409.5,0.336249,0.335081,-0.014974,0.0236673
247.809,409,0.334316,0.333998,-0.0110374,0.00953468
248.675,408.5,0.332816,0.332686,-0.00747153,-0.00550151
249.541,408,0.333082,0.332515,-0.00522379,-0.0187215
250.407,407.5,0.334162,0.332631,-0.00356007,-0.0317601
251.273,407,0.333897,0.33098,-0.00538144,-0.0437116
252.139,406.5,0.333975,0.329248,-0.00744761,-0.0554914
253.005,406,0.334758,0.327787,-0.00912354,-0.0673445
253.871,405.5,0.336238,0.326595,-0.0104092,-0.0792709
254.737,405,0.338297,0.325956,-0.0123656,-0.0896922
255.603,404.5,0.340437,0.325503,-0.015156,-0.0985677
256.469,404,0.342601,0.324845,-0.0178195,-0.107393
257.335,403.5,0.344782,0.323984,-0.0203561,-0.116169
258.201,403,0.346976,0.322917,-0.0227659,-0.124894
259.067,402.5,0.349177,0.321646,-0.0250487,-0.133569
259.933,402,0.351559,0.320573,-0.0275704,-0.141655
260.799,401.5,0.357838,0.323673,-0.0343789,-0.148669
261.665,401,0.364343,0.326676,-0.0411723,-0.155991
262.531,400.5,0.370735,0.329301,-0.0476506,-0.163509
263.397,400,0.377009,0.331547,-0.0538136,-0.171221
264.263,399.5,0.38316,0.333415,-0.0596613,-0.179128
265.13,399,0.389187,0.334904,-0.0651938,-0.18723
265.996,398.5,0.394916,0.336419,-0.0690497,-0.19497
266.862,398,0.400542,0.337749,-0.0723969,-0.202775
267.728,397.5,0.40609,0.338848,-0.0754225,-0.210719
268.594,397,0.411564,0.339716,-0.0781264,-0.218801
269.46,396.5,0.416966,0.340353,-0.0805088,-0.227021
270.326,396,0.425254,0.345509,-0.0832037,-0.233541
271.192,395.5,0.4318,0.349631,-0.083054,-0.239398
272.058,395,0.436791,0.352818,-0.0806965,-0.244529
272.924,394.5,0.441522,0.355965,-0.0781036,-0.24926
273.79,394,0.445992,0.359074,-0.0752753,-0.253592
274.656,393.5,0.450201,0.362144,-0.0722116,-0.257524
275.522,393,0.45415,0.365175,-0.0689125,-0.261057
276.388,392.5,0.456502,0.367478,-0.0652354,-0.262864
277.254,392,0.454708,0.367776,-0.0614437,-0.26024
278.12,391.5,0.452883,0.368208,-0.0582969,-0.257152
278.986,391,0.451068,0.368786,-0.0556664,-0.253693
279.852,390.5,0.450714,0.369771,-0.0490654,-0.252991
280.718,390,0.450407,0.370642,-0.0418907,-0.25246
281.584,389.5,0.450175,0.3714,-0.0341421,-0.2521
282.45,389,0.446489,0.368022,-0.0254197,-0.251526
283.316,388.5,0.441892,0.36312,-0.0159132,-0.251314
284.182,388,0.436678,0.356937,-0.00564438,-0.251499
285.048,387.5,0.430934,0.349473,0.00538677,-0.252079
285.914,387,0.424767,0.340727,0.0171802,-0.253055
286.78,386.5,0.418306,0.330701,0.029736,-0.254427
287.646,386,0.408647,0.313708,0.0440435,-0.258148
288.512,385.5,0.396203,0.291156,0.0589064,-0.262174
289.378,385,0.375807,0.264545,0.0722947,-0.256944
290.244,384.5,0.357224,0.238959,0.0844686,-0.251739
291.11,384,0.340389,0.214398,0.0954282,-0.24656
291.976,383.5,0.325218,0.190862,0.105174,-0.241406
292.842,383,0.310571,0.16704,0.113017,-0.236176
293.708,382.5,0.295719,0.142099,0.118184,-0.230846
294.574,382,0.283148,0.119479,0.122292,-0.225704
295.44,381.5,0.272538,0.0991788,0.125341,-0.220749
296.306,381,0.263544,0.0811988,0.127333,-0.215983
297.172,380.5,0.255811,0.065539,0.128265,-0.211404
298.038,380,0.248002,0.0529607,0.128082,-0.205657
298.905,379.5,0.23793,0.0435235,0.130455,-0.194159
299.771,379,0.229909,0.0350056,0.132664,-0.18448
300.637,378.5,0.223794,0.0274313,0.134677,-0.176616
301.503,378,0.219445,0.0208006,0.136493,-0.170567
302.369,377.5,0.216725,0.0151136,0.138112,-0.166332
303.235,377,0.215509,0.0103702,0.139534,-0.163912
304.101,376.5,0.217833,-0.00433805,0.142312,-0.164862
304.967,376,0.223753,-0.0229693,0.14598,-0.168011
305.833,375.5,0.232044,-0.0402119,0.149856,-0.172542
306.699,375,0.242255,-0.0560658,0.15394,-0.178456
307.565,374.5,0.253317,-0.0713125,0.157995,-0.184721
308.431,374,0.26332,-0.0879414,0.161045,-0.188861
309.297,373.5,0.27933,-0.106964,0.16039,-0.202136
310.163,373,0.306309,-0.131286,0.154358,-0.229702
311.029,372.5,0.335579,-0.154134,0.149261,-0.258026
311.895,372,0.366452,-0.175506,0.145098,-0.287108
312.761,371.5,0.398455,-0.195402,0.141869,-0.31695
313.627,371,0.431269,-0.213824,0.139575,-0.34755
314.493,370.5,0.464788,-0.230457,0.137047,-0.379653
315.359,370,0.503305,-0.240006,0.111289,-0.428168
316.225,369.5,0.546109,-0.249762,0.0866078,-0.477863
317.091,369,0.591951,-0.260137,0.0633047,-0.527947
317.957,368.5,0.639362,-0.271256,0.0419332,-0.577448
318.823,368,0.689151,-0.281776,0.0217666,-0.628536
319.689,367.5,0.741044,-0.291699,0.00280485,-0.681212
320.555,367,0.764363,-0.290635,-0.0203948,-0.706659
321.421,366.5,0.780346,-0.285919,-0.0465231,-0.724586
322.287,366,0.800591,-0.28149,-0.0739109,-0.745819
323.153,365.5,0.82516,-0.277347,-0.102558,-0.770356
324.019,365,0.854087,-0.27349,-0.132465,-0.798199
324.885,364.5,0.887382,-0.26992,-0.16363,-0.829346
325.751,364,0.906438,-0.266566,-0.182591,-0.846896
326.617,363.5,0.901905,-0.263223,-0.182779,-0.843053
327.483,363,0.900712,-0.259313,-0.183805,-0.842767
328.349,362.5,0.904404,-0.2576,-0.187652,-0.84639
329.215,362,0.912991,-0.258085,-0.194321,-0.853923
330.081,361.5,0.926496,-0.260768,-0.20381,-0.865365
330.947,361,0.944435,-0.265692,-0.214316,-0.880588
331.813,360.5,0.961835,-0.272645,-0.210851,-0.897961
332.679,360,0.98251,-0.280803,-0.208668,-0.918113
333.546,359.5,1.00644,-0.290168,-0.207768,-0.941045
334.412,359,1.03363,-0.300738,-0.208149,-0.966755
335.278,358.5,1.06405,-0.312513,-0.209813,-0.995244
336.144,358,1.09496,-0.318002,-0.210514,-1.0264
337.01,357.5,1.10929,-0.312021,-0.20176,-1.04521
337.876,357,1.11014,-0.300597,-0.187932,-1.05201
338.742,356.5,1.10034,-0.283356,-0.170423,-1.04949
339.608,356,1.08015,-0.260298,-0.149233,-1.03764
340.474,355.5,1.04987,-0.231423,-0.124361,-1.01646
341.34,355,1.00995,-0.196731,-0.0958073,-0.985963
342.206,354.5,0.922886,-0.146723,-0.0277835,-0.910725
343.072,354,0.788807,-0.0872549,0.0917122,-0.778583
343.938,353.5,0.666356,-0.031445,0.225459,-0.626266
344.804,353,0.588055,0.0207063,0.373457,-0.453773
345.67,352.5,0.584168,0.0707825,0.507336,-0.280806
346.536,352,0.628887,0.110226,0.607934,-0.117328
347.402,351.5,0.689117,0.119841,0.678045,0.0278403
348.268,351,0.609337,0.0492743,0.607341,-0.000661811
349.134,350.5,0.523685,-0.0168395,0.518294,-0.0730326
350,350,0.459161,-0.0785007,0.410905,-0.189272
350.866,349.5,0.470964,-0.135709,0.285173,-0.34938
351.732,349,0.601359,-0.188465,0.141098,-0.553357
352.598,348.5,0.835727,-0.236769,-0.0213191,-0.801203
353.464,348,0.856541,-0.270128,-0.0820483,-0.808679
354.33,347.5,0.797187,-0.306535,-0.103182,-0.728626
355.196,347,0.711209,-0.325701,-0.101594,-0.624033
356.062,346.5,0.614667,-0.318023,-0.0869608,-0.518762
356.928,346,0.509013,-0.30008,-0.064368,-0.406083
357.794,345.5,0.396042,-0.271869,-0.0338157,-0.285995
358.66,345,0.286544,-0.206082,-0.0123377,-0.198709
359.526,344.5,0.178122,-0.126061,0.00604554,-0.125696
360.392,344,0.0778025,-0.0625575,0.0378629,-0.0265742
361.258,343.5,0.129938,-0.0155703,0.0831144,0.0986576
362.124,343,0.2878,0.0149001,0.1418,0.249999
362.99,342.5,0.47886,0.0288538,0.21392,0.42745
363.856,342,0.659487,0.0301265,0.274789,0.598755
364.722,341.5,0.694017,0.0350516,0.244701,0.6485
365.588,341,0.727924,0.035135,0.212741,0.695256
366.454,340.5,0.772544,0.0316693,0.182188,0.750086
367.321,340,0.827637,0.0246543,0.153042,0.812991
368.187,339.5,0.892918,0.0140902,0.125302,0.88397
369.053,339,0.968096,-2.305e-05,0.0989693,0.963024
369.919,338.5,0.986519,0.000852466,0.0812535,0.983167
370.785,338,0.999966,-6.64007e-05,0.063346,0.997958
371.651,337.5,1.01565,-0.00489659,0.0443012,1.01467
372.517,337,1.03367,-0.0136381,0.0241191,1.03329
373.383,336.5,1.05417,-0.0262909,0.00279966,1.05384
374.249,336,1.07582,-0.0435648,-0.0196851,1.07476
375.115,335.5,1.07154,-0.0336548,-0.0330805,1.0705
375.981,335,1.04868,-0.00393156,-0.0404415,1.04789
376.847,334.5,1.02692,0.025117,-0.0480626,1.02549
377.713,334,1.00628,0.053491,-0.0559437,1.0033
378.579,333.5,0.986756,0.0811903,-0.0640848,0.981319
379.445,333,0.968347,0.108215,-0.072486,0.959548
380.311,332.5,0.950259,0.131526,-0.0778018,0.937892
381.177,332,0.929999,0.146478,-0.0741592,0.915392
382.043,331.5,0.909124,0.16168,-0.070593,0.891842
382.909,331,0.887687,0.17713,-0.0671031,0.867243
383.775,330.5,0.865223,0.193254,-0.0631501,0.840997
384.641,330,0.842192,0.209629,-0.0591219,0.81354
385.507,329.5,0.818882,0.226064,-0.0552392,0.785118
386.373,329,0.806668,0.237681,-0.05125,0.769152
387.239,328.5,0.794863,0.248901,-0.0472015,0.75341
388.105,328,0.782933,0.259954,-0.0431013,0.737258
388.971,327.5,0.770893,0.270841,-0.0389495,0.720696
389.837,327,0.758757,0.281561,-0.034746,0.703724
390.703,326.5,0.746543,0.292115,-0.0304909,0.686342
391.569,326,0.736693,0.298649,-0.0272469,0.672891
392.435,325.5,0.728279,0.302914,-0.0245689,0.661838
393.301,325,0.719186,0.307057,-0.0215753,0.649984
394.167,324.5,0.709952,0.310948,-0.0185277,0.637965
395.033,324,0.700785,0.314581,-0.0155131,0.626018
395.899,323.5,0.69168,0.317954,-0.0125314,0.614141
396.765,323,0.682419,0.32044,-0.0100835,0.602422
397.631,322.5,0.672804,0.321383,-0.00868957,0.591018
398.497,322,0.66329,0.322106,-0.00729521,0.579783
399.363,321.5,0.653874,0.32261,-0.00590046,0.568717
400.229,321,0.64455,0.322894,-0.00450529,0.557821
401.095,320.5,0.635313,0.322959,-0.00310973,0.547093
401.962,320,0.626152,0.322797,-0.00172184,0.536531
402.828,319.5,0.615512,0.321125,-0.00112082,0.525102
403.694,319,0.604852,0.319168,-0.000503471,0.513787
404.56,318.5,0.59432,0.317034,0.000124476,0.502698
405.426,318,0.583912,0.314724,0.000763024,0.491835
406.292,317.5,0.573625,0.312237,0.00141217,0.481198
407.158,317,0.563453,0.309573,0.00207192,0.470786
408.024,316.5,0.553755,0.306925,0.00237178,0.460908
408.89,316,0.544327,0.304213,0.00252068,0.451376
409.756,315.5,0.535011,0.301359,0.00268145,0.442055
410.622,315,0.525803,0.298362,0.00285411,0.432944
411.488,314.5,0.5167,0.295222,0.00303864,0.424044
412.354,314,0.507084,0.291329,0.00321932,0.415031
413.22,313.5,0.497831,0.287529,0.00331457,0.406389
414.086,313,0.489175,0.284061,0.00326704,0.398235
414.952,312.5,0.480638,0.280514,0.00322728,0.390275
415.818,312,0.47222,0.276888,0.0031953,0.382511
416.684,311.5,0.463918,0.273183,0.0031711,0.374941
417.55,311,0.455731,0.2694,0.00315467,0.367566
418.416,310.5,0.447704,0.265589,0.00314481,0.360404
419.282,310,0.440433,0.262444,0.00312326,0.353687
420.148,309.5,0.433255,0.259233,0.0031054,0.347129
421.014,309,0.426168,0.255955,0.00309122,0.340729
421.88,308.5,0.418774,0.252148,0.00304193,0.334341
422.746,308,0.41148,0.248294,0.00299433,0.32811
423.612,307.5,0.404297,0.24441,0.00294965,0.322042
424.478,307,0.397631,0.241011,0.00292411,0.316252
425.344,306.5,0.391187,0.237753,0.00290346,0.310632
426.21,306,0.384828,0.234466,0.0028818,0.30514
427.076,305.5,0.378553,0.231147,0.00285915,0.299776
427.942,305,0.372362,0.227799,0.00283549,0.294539
428.808,304.5,0.366254,0.22442,0.00281084,0.28943
429.674,304,0.360409,0.221269,0.00278741,0.284477
430.54,303.5,0.354858,0.218413,0.00276409,0.279665
431.406,303,0.349119,0.215211,0.00271491,0.274884
432.272,302.5,0.343457,0.212003,0.00266258,0.270204
433.138,302,0.337871,0.20879,0.00260709,0.265625
434.004,301.5,0.33236,0.20557,0.00254845,0.261147
434.87,301,0.326966,0.202408,0.0024851,0.256772
435.737,300.5,0.321937,0.199696,0.00240702,0.252506
436.603,300,0.316969,0.196978,0.00232528,0.248322
437.469,299.5,0.312063,0.194255,0.00223987,0.24422
438.335,299,0.307218,0.191526,0.00215081,0.2402
439.201,298.5,0.302435,0.188792,0.00205809,0.236263
440.067,298,0.297695,0.18603,0.00196135,0.232403
440.933,297.5,0.293052,0.18343,0.0018478,0.228537
441.799,297,0.288518,0.180929,0.00172846,0.224732
442.665,296.5,0.284042,0.178437,0.00160572,0.220992
443.531,296,0.279622,0.175952,0.00147959,0.217318
444.397,295.5,0.27526,0.173475,0.00135007,0.213711
445.263,295,0.270954,0.171006,0.00121717,0.21017
446.129,294.5,0.26682,0.168764,0.00107557,0.206666
446.995,294,0.262858,0.166756,0.000925175,0.203189
447.861,293.5,0.258945,0.164756,0.000771489,0.199768
448.727,293,0.255081,0.162763,0.000614511,0.196404
449.593,292.5,0.251242,0.160747,0.000457682,0.193087
450.459,292,0.247317,0.158582,0.000316851,0.189783
451.325,291.5,0.24348,0.156504,0.000174075,0.186518
452.191,291,0.23986,0.154784,2.98768e-05,0.183235
453.057,290.5,0.236288,0.153077,-0.000116274,0.179999
453.923,290,0.232763,0.151383,-0.000264377,0.17681
454.789,289.5,0.229285,0.149702,-0.000414434,0.173668
455.655,289,0.225855,0.148035,-0.000566442,0.170574
456.521,288.5,0.222471,0.146382,-0.000720404,0.167528
457.387,288,0.219302,0.145076,-0.000870168,0.164455
458.253,287.5,0.216204,0.143836,-0.0010197,0.161414
459.119,287,0.213124,0.142577,-0.00116669,0.158406
459.985,286.5,0.209991,0.141222,-0.00130304,0.155406
460.851,286,0.206904,0.139882,-0.00144031,0.152448
461.717,285.5,0.203862,0.138556,-0.00157851,0.149531
462.583,285,0.200972,0.137445,-0.00170897,0.146614
463.449,284.5,0.198215,0.136513,-0.00183274,0.143702
464.315,284,0.195505,0.135592,-0.00195686,0.140829
465.181,283.5,0.19284,0.134684,-0.00208132,0.137996
466.047,283,0.19022,0.133787,-0.00220613,0.135202
466.913,282.5,0.187646,0.132903,-0.00233129,0.132448
467.779,282,0.185162,0.132106,-0.00245397,0.129719
468.645,281.5,0.182847,0.131541,-0.00255476,0.126978
469.512,281,0.180515,0.130911,-0.00262346,0.124263
470.378,280.5,0.178229,0.13029,-0.00269121,0.121584
471.244,280,0.175988,0.12968,-0.00275801,0.118942
472.11,279.5,0.173792,0.12908,-0.00282385,0.116337
472.976,279,0.171642,0.12849,-0.00288875,0.113768
473.842,278.5,0.169728,0.128197,-0.00294059,0.111195
474.708,278,0.167876,0.127936,-0.00298921,0.108654
475.574,277.5,0.16607,0.12768,-0.00303565,0.10615
476.44,277,0.164309,0.12743,-0.00307991,0.103681
477.306,276.5,0.162593,0.127184,-0.00312198,0.101248
478.172,276,0.160902,0.126912,-0.00316142,0.0988582
479.038,275.5,0.159342,0.126752,-0.00319207,0.0965059
