x,v,vx,vy,vz
220.096,425,0.193929,0.193606,0.000857005,-0.0111532
220.962,424.5,0.193596,0.19326,0.000883298,-0.0113636
221.828,424,0.193232,0.192883,0.00091232,-0.0115766
222.694,423.5,0.192833,0.19247,0.000947128,-0.0117907
223.56,423,0.19244,0.192062,0.000983207,-0.0120104
224.426,422.5,0.192047,0.191654,0.00101971,-0.0122362
225.292,422,0.191653,0.191244,0.00105663,-0.0124679
226.158,421.5,0.191259,0.190833,0.00109397,-0.0127057
227.024,421,0.190856,0.190413,0.0011324,-0.0129488
227.89,420.5,0.190365,0.189903,0.00117871,-0.0131916
228.756,420,0.189871,0.189391,0.00122558,-0.0134413
229.622,419.5,0.189377,0.188877,0.00127301,-0.013698
230.488,419,0.188881,0.18836,0.00132098,-0.0139617
231.355,418.5,0.188384,0.187841,0.00136951,-0.0142325
232.221,418,0.187906,0.187339,0.00141466,-0.014516
233.087,417.5,0.187342,0.18675,0.00146725,-0.0148001
233.953,417,0.186749,0.186132,0.0015229,-0.0150905
234.819,416.5,0.186155,0.185511,0.00157902,-0.0153903
235.685,416,0.18556,0.184887,0.0016356,-0.0156995
236.551,415.5,0.184963,0.184261,0.00169265,-0.0160182
237.417,415,0.184366,0.183632,0.00175017,-0.0163462
238.283,414.5,0.183697,0.182929,0.00181456,-0.0166773
239.149,414,0.182939,0.182136,0.00188732,-0.0170112
240.015,413.5,0.182177,0.181338,0.0019608,-0.0173562
240.881,413,0.181413,0.180535,0.00203498,-0.0177124
241.747,412.5,0.180677,0.179757,0.00211421,-0.0180803
242.613,412,0.179948,0.178985,0.00219559,-0.0184605
243.479,411.5,0.179191,0.178182,0.00228067,-0.0188492
244.345,411,0.178264,0.177208,0.00238409,-0.0192282
245.211,410.5,0.177335,0.176228,0.00248889,-0.0196217
246.077,410,0.176403,0.175243,0.00259506,-0.0200298
246.943,409.5,0.175469,0.174252,0.00270261,-0.0204523
247.809,409,0.174532,0.173255,0.00281153,-0.0208893
248.675,408.5,0.173594,0.172252,0.00292182,-0.0213407
249.541,408,0.172431,0.171022,0.00305363,-0.0217856
250.407,407.5,0.171216,0.169735,0.00319151,-0.0222432
251.273,407,0.170052,0.168492,0.0033215,-0.0227345
252.139,406.5,0.168897,0.167253,0.00345107,-0.0232493
253.005,406,0.167741,0.166008,0.00358196,-0.0237849
253.871,405.5,0.166585,0.164756,0.00371418,-0.0243412
254.737,405,0.165262,0.163331,0.00386613,-0.0248899
255.603,404.5,0.163774,0.161737,0.00403775,-0.0254351
256.469,404,0.162283,0.160131,0.00421143,-0.0260053
257.335,403.5,0.16079,0.158513,0.00438717,-0.0266005
258.201,403,0.159294,0.156885,0.00456497,-0.0272206
259.067,402.5,0.157797,0.155245,0.00474483,-0.0278658
259.933,402,0.156206,0.1535,0.00493489,-0.0285275
260.799,401.5,0.154309,0.151433,0.00516833,-0.0291974
261.665,401,0.152421,0.149361,0.00540525,-0.0299053
262.531,400.5,0.150535,0.147274,0.00564491,-0.03065
263.397,400,0.148653,0.145172,0.00588732,-0.0314316
264.263,399.5,0.146775,0.143056,0.00613248,-0.0322501
265.13,399,0.144902,0.140926,0.0063804,-0.0331054
265.996,398.5,0.142534,0.138283,0.0066897,-0.0338954
266.862,398,0.1401,0.135549,0.00701109,-0.0347166
267.728,397.5,0.137673,0.132792,0.00733659,-0.0355837
268.594,397,0.135254,0.130011,0.00766618,-0.0364967
269.46,396.5,0.132848,0.127207,0.00799987,-0.0374555
270.326,396,0.130665,0.124584,0.00831667,-0.0385068
271.192,395.5,0.128018,0.121434,0.00867447,-0.039589
272.058,395,0.125019,0.117853,0.00906592,-0.040722
272.924,394.5,0.122063,0.114245,0.00946162,-0.0419297
273.79,394,0.119159,0.110609,0.00986157,-0.0432121
274.656,393.5,0.116315,0.106945,0.0102658,-0.0445692
275.522,393,0.113541,0.103254,0.0106742,-0.046001
276.388,392.5,0.110596,0.0992808,0.0111172,-0.0474471
277.254,392,0.106997,0.0945037,0.0116573,-0.0488005
278.12,391.5,0.103524,0.0896834,0.0122043,-0.0502519
278.986,391,0.100213,0.0848311,0.0127577,-0.0518032
279.852,390.5,0.0974119,0.0802996,0.0133059,-0.0535164
280.718,390,0.0948458,0.0757646,0.0138578,-0.0553481
281.584,389.5,0.092542,0.0712262,0.0144135,-0.0572983
282.45,389,0.0892716,0.0648868,0.0150679,-0.0594313
283.316,388.5,0.0864171,0.0583834,0.0157325,-0.0617397
284.182,388,0.084147,0.0518406,0.0164006,-0.0642206
285.048,387.5,0.0825345,0.0452583,0.0170723,-0.0668742
285.914,387,0.0816451,0.0386367,0.0177475,-0.0697004
286.78,386.5,0.08153,0.0319756,0.0184262,-0.0726992
287.646,386,0.081674,0.0240129,0.0192358,-0.0756572
288.512,385.5,0.0826838,0.0153022,0.020124,-0.078724
289.378,385,0.085049,0.0074342,0.0209679,-0.0820878
290.244,384.5,0.088473,-0.000360228,0.0218127,-0.0857411
291.11,384,0.0928543,-0.00808111,0.0226583,-0.0896839
291.976,383.5,0.0980822,-0.0157284,0.0235048,-0.0939163
292.842,383,0.104562,-0.0245467,0.0243927,-0.0986693
293.708,382.5,0.113314,-0.0361438,0.0253721,-0.104355
294.574,382,0.123211,-0.0476947,0.0263502,-0.110508
295.44,381.5,0.134054,-0.0591992,0.0273268,-0.117128
296.306,381,0.145682,-0.0706575,0.0283021,-0.124217
297.172,380.5,0.157977,-0.0820694,0.029276,-0.131773
298.038,380,0.170574,-0.0931122,0.030229,-0.139685
298.905,379.5,0.184879,-0.106399,0.0313474,-0.147908
299.771,379,0.19958,-0.119134,0.0324555,-0.156799
300.637,378.5,0.214552,-0.131275,0.0335507,-0.166355
301.503,378,0.229731,-0.142821,0.0346329,-0.176576
302.369,377.5,0.245077,-0.153772,0.0357021,-0.187463
303.235,377,0.260569,-0.164129,0.0367584,-0.199014
304.101,376.5,0.282206,-0.179474,0.0376293,-0.214507
304.967,376,0.307052,-0.196688,0.0383944,-0.232638
305.833,375.5,0.332235,-0.213048,0.0391346,-0.251911
306.699,375,0.357752,-0.228555,0.03985,-0.272325
307.565,374.5,0.382368,-0.242471,0.0404826,-0.292873
308.431,374,0.402237,-0.252512,0.0408647,-0.310424
309.297,373.5,0.427993,-0.262232,0.0417456,-0.335663
310.163,373,0.464405,-0.272206,0.0435091,-0.373742
311.029,372.5,0.499654,-0.2802,0.0451506,-0.411222
311.895,372,0.533753,-0.286215,0.0466702,-0.448102
312.761,371.5,0.56673,-0.290251,0.048068,-0.484382
313.627,371,0.598619,-0.292308,0.0493438,-0.520064
314.493,370.5,0.629325,-0.292154,0.0507051,-0.55509
315.359,370,0.657422,-0.282118,0.0555865,-0.591205
316.225,369.5,0.687656,-0.264192,0.0590869,-0.632125
317.091,369,0.718103,-0.241079,0.0611152,-0.67366
317.957,368.5,0.742597,-0.220268,0.0618716,-0.706473
318.823,368,0.767894,-0.196691,0.0617804,-0.739701
319.689,367.5,0.794215,-0.170347,0.0608414,-0.773342
320.555,367,0.739389,-0.181967,0.0448856,-0.715241
321.421,366.5,0.669673,-0.197022,0.0237621,-0.639593
322.287,366,0.615848,-0.19918,0.00281687,-0.582742
323.153,365.5,0.576642,-0.188441,-0.0179502,-0.544687
324.019,365,0.552016,-0.164805,-0.0385391,-0.525429
324.885,364.5,0.543616,-0.128273,-0.0589497,-0.524967
325.751,364,0.497983,-0.112167,-0.103036,-0.474119
326.617,363.5,0.403451,-0.143225,-0.175688,-0.333756
327.483,363,0.354332,-0.178575,-0.238767,-0.191449
328.349,362.5,0.363339,-0.19679,-0.29588,-0.0757902
329.215,362,0.399693,-0.197869,-0.347027,0.0132191
330.081,361.5,0.438858,-0.181813,-0.392209,0.0755795
330.947,361,0.477107,-0.157347,-0.433375,0.122714
331.813,360.5,0.581761,-0.19791,-0.487584,0.248071
332.679,360,0.684862,-0.230557,-0.53906,0.353968
333.546,359.5,0.777585,-0.255286,-0.587803,0.440404
334.412,359,0.856266,-0.272099,-0.633813,0.50738
335.278,358.5,0.919412,-0.280994,-0.677089,0.554896
336.144,358,0.979567,-0.288782,-0.715049,0.604038
337.01,357.5,1.07042,-0.29329,-0.734106,0.721705
337.876,357,1.15956,-0.28,-0.747247,0.841309
338.742,356.5,1.23799,-0.24822,-0.757507,0.947204
339.608,356,1.30559,-0.197951,-0.764888,1.03939
340.474,355.5,1.36319,-0.129193,-0.769388,1.11787
341.34,355,1.41239,-0.0419451,-0.771008,1.18264
342.206,354.5,1.38481,0.0373733,-0.739727,1.17009
343.072,354,1.29257,0.0750174,-0.673879,1.10045
343.938,353.5,1.22057,0.0895395,-0.6077,1.05474
344.804,353,1.16897,0.0809396,-0.54119,1.03298
345.67,352.5,1.12718,0.0331505,-0.457934,1.02944
346.536,352,1.06506,-0.030493,-0.34685,1.00654
347.402,351.5,0.948792,-0.0604227,-0.20728,0.9239
348.268,351,0.679992,0.0179893,0.0075375,0.679712
349.134,350.5,0.528111,0.0703331,0.194899,0.485766
350,350,0.502221,0.0966085,0.354805,0.342063
350.866,349.5,0.555511,0.0968157,0.487254,0.248601
351.732,349,0.630852,0.0709546,0.592248,0.205382
352.598,348.5,0.702916,0.0190252,0.669786,0.212405
353.464,348,0.666494,0.0252503,0.569169,0.345866
354.33,347.5,0.652753,0.0648299,0.430336,0.486512
355.196,347,0.683782,0.126774,0.267377,0.616438
356.062,346.5,0.759734,0.189384,0.106576,0.727991
356.928,346,0.854312,0.245164,-0.0308675,0.817796
357.794,345.5,0.94459,0.294114,-0.144952,0.885853
358.66,345,0.96823,0.317433,-0.179525,0.896926
359.526,344.5,0.940448,0.318734,-0.159528,0.870288
360.392,344,0.910356,0.315336,-0.141069,0.842266
361.258,343.5,0.877808,0.30724,-0.124146,0.812858
362.124,343,0.842706,0.294447,-0.10876,0.782065
362.99,342.5,0.805012,0.276955,-0.0949116,0.749887
363.856,342,0.766566,0.257105,-0.0842782,0.717229
364.722,341.5,0.743704,0.243242,-0.0748058,0.698808
365.588,341,0.728332,0.229548,-0.0630776,0.688328
366.454,340.5,0.714772,0.216821,-0.0531588,0.679015
367.321,340,0.702954,0.205061,-0.0450496,0.670869
368.187,339.5,0.692813,0.194269,-0.0387499,0.663888
369.053,339,0.684292,0.184444,-0.0342598,0.658075
369.919,338.5,0.672186,0.177333,-0.0306809,0.647647
370.785,338,0.659991,0.170411,-0.0277945,0.637005
371.651,337.5,0.648229,0.163429,-0.0256481,0.626764
372.517,337,0.636899,0.156386,-0.0242415,0.616925
373.383,336.5,0.626004,0.149283,-0.0235748,0.607487
374.249,336,0.615384,0.142812,-0.0241311,0.598097
375.115,335.5,0.60288,0.136835,-0.0243387,0.586642
375.981,335,0.589366,0.130947,-0.0241533,0.574127
376.847,334.5,0.576124,0.124841,-0.0239558,0.561925
377.713,334,0.563161,0.118517,-0.0237463,0.550037
378.579,333.5,0.550484,0.111976,-0.0235247,0.538461
379.445,333,0.5381,0.105216,-0.0232909,0.527199
380.311,332.5,0.526117,0.0988256,-0.0228799,0.516245
381.177,332,0.514674,0.0938539,-0.0220755,0.505562
382.043,331.5,0.503488,0.0887278,-0.0213667,0.495147
382.909,331,0.492563,0.0834473,-0.0207534,0.484999
383.775,330.5,0.482174,0.0773324,-0.0201778,0.475505
384.641,330,0.472164,0.0709937,-0.0196499,0.466382
385.507,329.5,0.462427,0.0647296,-0.0191881,0.457472
386.373,329,0.452559,0.0589547,-0.0184719,0.448322
387.239,328.5,0.442858,0.0532741,-0.0178278,0.439281
388.105,328,0.433344,0.0476679,-0.0172717,0.430367
388.971,327.5,0.424016,0.0421359,-0.0168038,0.421582
389.837,327,0.414877,0.0366782,-0.016424,0.412926
390.703,326.5,0.405927,0.0312948,-0.0161323,0.404398
391.569,326,0.397078,0.0264701,-0.0158913,0.395876
392.435,325.5,0.388365,0.0220226,-0.0156897,0.387423
393.301,325,0.380138,0.017828,-0.0154291,0.379406
394.167,324.5,0.372075,0.0137433,-0.0151798,0.371511
395.033,324,0.364083,0.0097236,-0.0149719,0.363645
395.899,323.5,0.35616,0.00576896,-0.0148055,0.355806
396.765,323,0.348039,0.00193167,-0.0146856,0.347724
397.631,322.5,0.339443,-0.0017164,-0.0146097,0.339125
398.497,322,0.33094,-0.00527641,-0.0145629,0.330577
399.363,321.5,0.322529,-0.00874835,-0.0145452,0.322082
400.229,321,0.314211,-0.0121322,-0.0145566,0.313639
401.095,320.5,0.305986,-0.0154281,-0.0145972,0.305248
401.962,320,0.297849,-0.0186283,-0.0146675,0.296904
402.828,319.5,0.289688,-0.0209878,-0.0146909,0.288553
403.694,319,0.281691,-0.023229,-0.0146921,0.280347
404.56,318.5,0.273761,-0.0253454,-0.014696,0.272189
405.426,318,0.265896,-0.0273371,-0.0147026,0.264078
406.292,317.5,0.258095,-0.029204,-0.0147118,0.256015
407.158,317,0.250356,-0.0309462,-0.0147236,0.248
408.024,316.5,0.242099,-0.0321057,-0.0147494,0.239507
408.89,316,0.233655,-0.0329451,-0.0147727,0.230849
409.756,315.5,0.22528,-0.0336665,-0.014787,0.222259
410.622,315,0.216973,-0.0342699,-0.0147922,0.213739
411.488,314.5,0.208732,-0.0347553,-0.0147882,0.205287
412.354,314,0.201222,-0.0353767,-0.0147787,0.197535
413.22,313.5,0.193601,-0.0355631,-0.014772,0.189732
414.086,313,0.185641,-0.0350754,-0.0147692,0.181698
414.952,312.5,0.177779,-0.0345023,-0.0147516,0.173774
415.818,312,0.170013,-0.0338438,-0.014719,0.165959
416.684,311.5,0.162342,-0.0330999,-0.0146716,0.158253
417.55,311,0.154766,-0.0322706,-0.0146093,0.150658
418.416,310.5,0.147244,-0.031293,-0.0145298,0.143145
419.282,310,0.139261,-0.0293436,-0.0144008,0.135371
420.148,309.5,0.131394,-0.0273327,-0.0142523,0.127727
421.014,309,0.123644,-0.0252604,-0.0140844,0.120214
421.88,308.5,0.116364,-0.023414,-0.0139164,0.113131
422.746,308,0.109204,-0.0215404,-0.0137389,0.106173
423.612,307.5,0.102154,-0.0196308,-0.0135512,0.0993299
424.478,307,0.0949873,-0.0169943,-0.0133123,0.0925017
425.344,306.5,0.087896,-0.0141165,-0.0130508,0.0857678
426.21,306,0.0809707,-0.0112307,-0.0127806,0.079163
427.076,305.5,0.0742244,-0.00833673,-0.0125018,0.0726875
427.942,305,0.0676746,-0.00543468,-0.0122142,0.066341
428.808,304.5,0.0613456,-0.00252453,-0.011918,0.0601238
429.674,304,0.0552919,0.000746686,-0.0115867,0.054059
430.54,303.5,0.0496663,0.00445216,-0.0112164,0.0481779
431.406,303,0.0449436,0.00781596,-0.0109268,0.0428887
432.272,302.5,0.0407465,0.0111595,-0.0106328,0.0377185
433.138,302,0.0371981,0.0144828,-0.0103343,0.0326673
434.004,301.5,0.0344412,0.0177858,-0.0100313,0.0277351
434.87,301,0.0326859,0.021149,-0.00971684,0.0229493
435.737,300.5,0.0325116,0.0250618,-0.00934889,0.0184801
436.603,300,0.0334227,0.0289289,-0.00897932,0.0141268
437.469,299.5,0.0352775,0.0327505,-0.00860812,0.00988957
438.335,299,0.037885,0.0365265,-0.00823529,0.00576836
439.201,298.5,0.041055,0.0402568,-0.00786083,0.00176318
440.067,298,0.0446007,0.043916,-0.00749178,-0.00211603
440.933,297.5,0.0485317,0.0476825,-0.00715886,-0.00551936
441.799,297,0.0526689,0.0514852,-0.00682228,-0.00876038
442.665,296.5,0.0568669,0.0552268,-0.00649003,-0.0119047
443.531,296,0.061087,0.0589073,-0.00616211,-0.0149524
444.397,295.5,0.065301,0.0625267,-0.00583852,-0.0179035
445.263,295,0.069488,0.066085,-0.00551926,-0.0207579
446.129,294.5,0.0737264,0.0697484,-0.00518987,-0.0233197
446.995,294,0.0779909,0.0735129,-0.0048515,-0.0255912
447.861,293.5,0.082173,0.0772032,-0.00451971,-0.0277782
448.727,293,0.0862684,0.0808195,-0.00419448,-0.0298807
449.593,292.5,0.0902399,0.0843259,-0.00388663,-0.0318947
450.459,292,0.0939437,0.087572,-0.00364231,-0.0338127
451.325,291.5,0.097577,0.0907915,-0.00339973,-0.0355896
452.191,291,0.101161,0.0941143,-0.00315111,-0.0369613
453.057,290.5,0.104662,0.0973674,-0.00290798,-0.0382793
453.923,290,0.10808,0.100551,-0.00267033,-0.0395435
454.789,289.5,0.111415,0.103665,-0.00243817,-0.0407538
455.655,289,0.114665,0.106709,-0.00221149,-0.0419104
456.521,288.5,0.117833,0.109684,-0.0019903,-0.0430132
457.387,288,0.120866,0.112665,-0.0017694,-0.0437267
458.253,287.5,0.123812,0.115588,-0.00155414,-0.0443458
459.119,287,0.126673,0.118423,-0.00135564,-0.0449458
459.985,286.5,0.129439,0.121141,-0.00119922,-0.0455844
460.851,286,0.132138,0.123797,-0.00104782,-0.0461905
461.717,285.5,0.13477,0.126393,-0.000901439,-0.0467639
462.583,285,0.137277,0.128938,-0.000761765,-0.0471109
463.449,284.5,0.139675,0.13143,-0.000628744,-0.0472743
464.315,284,0.142014,0.133863,-0.000501052,-0.0474174
465.181,283.5,0.144294,0.136237,-0.00037869,-0.0475401
466.047,283,0.146515,0.138552,-0.000261658,-0.0476424
466.913,282.5,0.148676,0.140808,-0.000149955,-0.0477245
467.779,282,0.150747,0.142996,-4.5119e-05,-0.0477173
468.645,281.5,0.152653,0.145074,4.62405e-05,-0.0475048
469.512,281,0.154492,0.147049,0.00012532,-0.0473744
470.378,280.5,0.156289,0.148979,0.000201291,-0.0472363
471.244,280,0.158044,0.150865,0.000274152,-0.0470902
472.11,279.5,0.159756,0.152705,0.000343903,-0.0469363
472.976,279,0.161426,0.154501,0.000410546,-0.0467745
473.842,278.5,0.162935,0.156193,0.000466937,-0.0463827
474.708,278,0.164398,0.157839,0.000520217,-0.0459708
475.574,277.5,0.165827,0.159445,0.000571054,-0.0455593
476.44,277,0.167221,0.16101,0.000619446,-0.045148
477.306,276.5,0.16858,0.162534,0.000665395,-0.0447371
478.172,276,0.169927,0.164031,0.000704993,-0.044365
479.038,275.5,0.171209,0.16547,0.000730999,-0.0439519
