x,v,vx,vy,vz
220.096,425,0.0457738,0.0420204,0.0108883,0.0145248
220.962,424.5,0.042323,0.0379412,0.0111811,0.015056
221.828,424,0.0388445,0.0336288,0.0114862,0.0156867
222.694,423.5,0.0353446,0.0289823,0.0118089,0.0164261
223.56,423,0.0321013,0.024281,0.0121354,0.0171364
224.426,422.5,0.0292375,0.0195217,0.0124659,0.017842
225.292,422,0.0269053,0.0147044,0.0128003,0.0185427
226.158,421.5,0.0252855,0.0098289,0.0131386,0.0192386
227.024,421,0.0245682,0.00484783,0.0134827,0.0199578
227.89,420.5,0.0251584,-0.000729787,0.0138517,0.0209891
228.756,420,0.0269827,-0.00638064,0.014225,0.0220227
229.622,419.5,0.0298574,-0.0121047,0.0146026,0.0230587
230.488,419,0.0335512,-0.0179021,0.0149845,0.024097
231.355,418.5,0.0378589,-0.0237726,0.0153708,0.0251376
232.221,418,0.0425623,-0.0297064,0.015763,0.0260885
233.087,417.5,0.0481498,-0.0361731,0.0161559,0.027366
233.953,417,0.0542178,-0.0428792,0.0165525,0.0287568
234.819,416.5,0.0605435,-0.049689,0.0169544,0.0301508
235.685,416,0.067086,-0.0566024,0.0173615,0.031548
236.551,415.5,0.0738169,-0.0636195,0.0177738,0.0329482
237.417,415,0.0807163,-0.0707401,0.0181913,0.0343516
238.283,414.5,0.0881575,-0.0782698,0.0186004,0.0360501
239.149,414,0.0962303,-0.0862928,0.0189975,0.0381172
240.015,413.5,0.104466,-0.0944479,0.0193991,0.0402047
240.881,413,0.112859,-0.102735,0.0198052,0.0423125
241.747,412.5,0.121368,-0.111194,0.0202155,0.0442427
242.613,412,0.130028,-0.119811,0.0206296,0.0461194
243.479,411.5,0.138955,-0.128651,0.0210255,0.048118
244.345,411,0.148732,-0.138125,0.0212839,0.0508891
245.211,410.5,0.158702,-0.147788,0.021539,0.0536762
246.077,410,0.168863,-0.157639,0.0217908,0.0564794
246.943,409.5,0.179215,-0.167678,0.0220393,0.0592986
247.809,409,0.189756,-0.177905,0.0222844,0.0621339
248.675,408.5,0.200487,-0.188321,0.0225263,0.0649853
249.541,408,0.211971,-0.199203,0.0224026,0.0689062
250.407,407.5,0.223803,-0.210361,0.0221777,0.0731046
251.273,407,0.235724,-0.221706,0.0219351,0.0770119
252.139,406.5,0.247836,-0.233257,0.0216703,0.0808949
253.005,406,0.260164,-0.245019,0.0213818,0.0848164
253.871,405.5,0.272709,-0.256992,0.0210697,0.0887762
254.737,405,0.285224,-0.268729,0.0198054,0.0935155
255.603,404.5,0.297717,-0.280254,0.0174736,0.0989307
256.469,404,0.310422,-0.292001,0.0149248,0.10428
257.335,403.5,0.323341,-0.30397,0.0121589,0.109563
258.201,403,0.336475,-0.31616,0.00917596,0.114779
259.067,402.5,0.349826,-0.328572,0.00597589,0.11993
259.933,402,0.363008,-0.34096,0.00116972,0.124576
260.799,401.5,0.374645,-0.35269,-0.0103823,0.12594
261.665,401,0.386422,-0.364379,-0.0227167,0.126626
262.531,400.5,0.3984,-0.376001,-0.0357891,0.126749
263.397,400,0.410625,-0.387555,-0.0495994,0.126307
264.263,399.5,0.423144,-0.399043,-0.0641478,0.125301
265.13,399,0.436004,-0.410463,-0.0794342,0.123731
265.996,398.5,0.438108,-0.407031,-0.101009,0.126736
266.862,398,0.438914,-0.399979,-0.12338,0.132061
267.728,397.5,0.440084,-0.391247,-0.145738,0.139141
268.594,397,0.441796,-0.380835,-0.168083,0.147975
269.46,396.5,0.444264,-0.368742,-0.190415,0.158563
270.326,396,0.448335,-0.353141,-0.207489,0.18233
271.192,395.5,0.44451,-0.305561,-0.214897,0.240918
272.058,395,0.455274,-0.232334,-0.213149,0.328425
272.924,394.5,0.496173,-0.156243,-0.208165,0.422425
273.79,394,0.565149,-0.0772877,-0.199944,0.522917
274.656,393.5,0.657514,0.00453252,-0.188487,0.629902
275.522,393,0.76862,0.0892174,-0.173793,0.74338
276.388,392.5,0.872931,0.162319,-0.150339,0.844428
277.254,392,0.908997,0.185139,-0.109976,0.883122
278.12,391.5,0.932735,0.195362,-0.0711115,0.909269
278.986,391,0.942868,0.192255,-0.0338271,0.922439
279.852,390.5,0.921551,0.15556,-0.00126947,0.908326
280.718,390,0.886299,0.109616,0.0284785,0.879033
281.584,389.5,0.838166,0.0544236,0.0554168,0.834559
282.45,389,0.694565,-0.0702722,0.0752532,0.686891
283.316,388.5,0.575462,-0.194736,0.0944135,0.533217
284.182,388,0.506135,-0.314288,0.11328,0.380215
285.048,387.5,0.503286,-0.428928,0.131854,0.227885
285.914,387,0.56436,-0.538657,0.150134,0.0762273
286.78,386.5,0.669263,-0.643475,0.16812,-0.0747591
287.646,386,0.758978,-0.722017,0.181743,-0.147338
288.512,385.5,0.821973,-0.781811,0.191698,-0.16632
289.378,385,0.870677,-0.829451,0.199271,-0.174301
290.244,384.5,0.915229,-0.873537,0.205431,-0.179929
291.11,384,0.955647,-0.914069,0.210179,-0.183206
291.976,383.5,0.991959,-0.951047,0.213514,-0.184129
292.842,383,1.01306,-0.975657,0.207235,-0.177292
293.708,382.5,1.00639,-0.977144,0.181488,-0.158339
294.574,382,0.998135,-0.975854,0.155288,-0.140956
295.44,381.5,0.988221,-0.971788,0.128636,-0.125143
296.306,381,0.97659,-0.964946,0.101531,-0.110901
297.172,380.5,0.963208,-0.955327,0.0739733,-0.0982278
298.038,380,0.94779,-0.942552,0.0466366,-0.0878954
298.905,379.5,0.920528,-0.914213,0.0147623,-0.106629
299.771,379,0.895221,-0.886112,-0.0153368,-0.126453
300.637,378.5,0.87198,-0.858371,-0.0435726,-0.147137
301.503,378,0.850818,-0.830991,-0.0699452,-0.16868
302.369,377.5,0.831746,-0.80397,-0.0944546,-0.191083
303.235,377,0.81478,-0.77731,-0.117101,-0.214346
304.101,376.5,0.790445,-0.740591,-0.134479,-0.241338
304.967,376,0.765166,-0.70034,-0.150058,-0.269232
305.833,375.5,0.74383,-0.661774,-0.165803,-0.296392
306.699,375,0.726446,-0.624894,-0.181715,-0.322817
307.565,374.5,0.711098,-0.588402,-0.196869,-0.347397
308.431,374,0.692655,-0.549057,-0.208044,-0.367457
309.297,373.5,0.672607,-0.507765,-0.214253,-0.385578
310.163,373,0.64834,-0.461742,-0.214502,-0.401407
311.029,372.5,0.629297,-0.417764,-0.216299,-0.417975
311.895,372,0.6156,-0.375831,-0.219644,-0.435282
312.761,371.5,0.607274,-0.335944,-0.224538,-0.453328
313.627,371,0.60424,-0.298101,-0.23098,-0.472113
314.493,370.5,0.606005,-0.262437,-0.23838,-0.491472
315.359,370,0.605347,-0.230352,-0.235157,-0.508019
316.225,369.5,0.607829,-0.197935,-0.233638,-0.525063
317.091,369,0.612993,-0.165375,-0.230132,-0.543554
317.957,368.5,0.620105,-0.13496,-0.217769,-0.564706
318.823,368,0.630085,-0.107323,-0.205356,-0.585933
319.689,367.5,0.64245,-0.0824637,-0.192891,-0.607235
320.555,367,0.649633,-0.0667557,-0.170051,-0.623417
321.421,366.5,0.655357,-0.0548116,-0.143753,-0.637043
322.287,366,0.661979,-0.044078,-0.117854,-0.64991
323.153,365.5,0.669322,-0.0345552,-0.0923517,-0.662019
324.019,365,0.677227,-0.0262429,-0.0672475,-0.673369
324.885,364.5,0.685548,-0.0191413,-0.042541,-0.683959
325.751,364,0.688411,-0.0160366,-0.01393,-0.688083
326.617,363.5,0.680057,-0.0103925,0.0207081,-0.679662
327.483,363,0.664781,0.00768716,0.0544747,-0.662501
328.349,362.5,0.64858,0.0254242,0.0839425,-0.642622
329.215,362,0.631007,0.0428185,0.109112,-0.620025
330.081,361.5,0.611686,0.0598703,0.129982,-0.59471
330.947,361,0.591759,0.0759087,0.145381,-0.568579
331.813,360.5,0.58479,0.0862206,0.148375,-0.559044
332.679,360,0.579919,0.0971707,0.151161,-0.551375
333.546,359.5,0.577161,0.108759,0.15374,-0.545573
334.412,359,0.576523,0.120986,0.15611,-0.541638
335.278,358.5,0.578014,0.13385,0.158273,-0.539569
336.144,358,0.566582,0.117732,0.13527,-0.537453
337.01,357.5,0.586966,0.040185,0.0956956,-0.577717
337.876,357,0.630688,-0.0306326,0.0701962,-0.62602
338.742,356.5,0.6783,-0.0876913,0.0543775,-0.670406
339.608,356,0.72445,-0.130991,0.0482396,-0.710874
340.474,355.5,0.766222,-0.160532,0.0517824,-0.747425
341.34,355,0.802373,-0.176314,0.065006,-0.780058
342.206,354.5,0.788028,-0.17348,0.092503,-0.763109
343.072,354,0.717818,-0.144571,0.141894,-0.688642
343.938,353.5,0.648928,-0.092548,0.210584,-0.606793
344.804,353,0.597762,-0.0174098,0.298572,-0.517562
345.67,352.5,0.56853,-0.0118247,0.360565,-0.439407
346.536,352,0.539971,-0.094887,0.376084,-0.375667
347.402,351.5,0.521673,-0.177607,0.381623,-0.308159
348.268,351,0.517376,-0.295948,0.347696,-0.243311
349.134,350.5,0.518768,-0.360195,0.3348,-0.165195
350,350,0.510107,-0.370349,0.342933,-0.0738113
350.866,349.5,0.495934,-0.326409,0.372097,0.0308404
351.732,349,0.502609,-0.228376,0.422292,0.14876
352.598,348.5,0.572488,-0.0762501,0.493516,0.279947
353.464,348,0.590647,-0.0586575,0.485446,0.331309
354.33,347.5,0.603523,-0.0688937,0.479465,0.360009
355.196,347,0.619018,-0.0690806,0.474785,0.39114
356.062,346.5,0.628019,-0.0566478,0.455641,0.428474
356.928,346,0.637142,-0.0364235,0.43372,0.465307
357.794,345.5,0.64731,-0.00840745,0.409021,0.501638
358.66,345,0.685102,0.0622881,0.347326,0.587239
359.526,344.5,0.765778,0.158382,0.261626,0.702057
360.392,344,0.854022,0.244465,0.185428,0.796999
361.258,343.5,0.936663,0.320536,0.118732,0.872065
362.124,343,1.0065,0.386596,0.0615382,0.927256
362.99,342.5,1.05956,0.442645,0.0138462,0.962571
363.856,342,1.07715,0.475572,-0.0158394,0.966349
364.722,341.5,1.01845,0.448763,-0.01092,0.914185
365.588,341,0.957923,0.41835,-0.00661689,0.861717
366.454,340.5,0.900796,0.388653,-0.00269571,0.812634
367.321,340,0.847087,0.359675,0.000843579,0.766935
368.187,339.5,0.796822,0.331413,0.00400098,0.724621
369.053,339,0.750036,0.303869,0.00677649,0.685691
369.919,338.5,0.72944,0.300344,0.00977233,0.664666
370.785,338,0.714368,0.29982,0.0116164,0.648301
371.651,337.5,0.702191,0.299641,0.0121955,0.634932
372.517,337,0.692885,0.299806,0.0115097,0.624558
373.383,336.5,0.686435,0.300316,0.00955903,0.617181
374.249,336,0.682296,0.300243,0.00538032,0.61266
375.115,335.5,0.67733,0.299335,0.00190035,0.607594
375.981,335,0.671132,0.297693,-0.000528253,0.601495
376.847,334.5,0.66431,0.295294,-0.00272067,0.595064
377.713,334,0.65686,0.292139,-0.00467689,0.588301
378.579,333.5,0.648781,0.288227,-0.00639692,0.581206
379.445,333,0.64007,0.283558,-0.00788076,0.573779
380.311,332.5,0.630048,0.278132,-0.00882062,0.565265
381.177,332,0.618037,0.272309,-0.00882806,0.554743
382.043,331.5,0.606181,0.266303,-0.00882183,0.544481
382.909,331,0.594481,0.260115,-0.00880193,0.534482
383.775,330.5,0.582415,0.252393,-0.00866283,0.524814
384.641,330,0.570513,0.244235,-0.00851464,0.515521
385.507,329.5,0.559019,0.236215,-0.00840616,0.50659
386.373,329,0.547538,0.229553,-0.00804223,0.497029
387.239,328.5,0.536374,0.223053,-0.00770879,0.487735
388.105,328,0.525547,0.216655,-0.0074202,0.478754
388.971,327.5,0.515056,0.210358,-0.00717644,0.470086
389.837,327,0.504904,0.204164,-0.00697752,0.461732
390.703,326.5,0.49509,0.198071,-0.00682345,0.453691
391.569,326,0.485549,0.192729,-0.00669499,0.44561
392.435,325.5,0.476251,0.187839,-0.00658817,0.437593
393.301,325,0.467303,0.182699,-0.00644592,0.43006
394.167,324.5,0.458596,0.177534,-0.00631112,0.42279
395.033,324,0.450101,0.172438,-0.00620151,0.415714
395.899,323.5,0.441819,0.167408,-0.00611709,0.408829
396.765,323,0.433697,0.162705,-0.00606684,0.401974
397.631,322.5,0.425658,0.158605,-0.00605273,0.394959
398.497,322,0.417808,0.154567,-0.00605214,0.388118
399.363,321.5,0.410148,0.150592,-0.00606505,0.381453
400.229,321,0.402677,0.146678,-0.00609148,0.374962
401.095,320.5,0.395395,0.142826,-0.00613142,0.368647
401.962,320,0.388305,0.139044,-0.00618552,0.362504
402.828,319.5,0.381295,0.135545,-0.00625429,0.356334
403.694,319,0.374408,0.132012,-0.00631662,0.350306
404.56,318.5,0.36767,0.128539,-0.00638376,0.34441
405.426,318,0.361081,0.125126,-0.00645571,0.338646
406.292,317.5,0.354642,0.121774,-0.00653245,0.333016
407.158,317,0.348353,0.118483,-0.00661401,0.327518
408.024,316.5,0.342167,0.11566,-0.00671346,0.321956
408.89,316,0.336099,0.113065,-0.00682177,0.316437
409.756,315.5,0.330168,0.110517,-0.00693287,0.311045
410.622,315,0.324375,0.108016,-0.00704676,0.305781
411.488,314.5,0.31872,0.105562,-0.00716344,0.300646
412.354,314,0.313128,0.102869,-0.00721099,0.29566
413.22,313.5,0.307647,0.100393,-0.0072535,0.290715
414.086,313,0.302285,0.0982802,-0.00729913,0.285769
414.952,312.5,0.297016,0.0961887,-0.00734605,0.280914
415.818,312,0.291841,0.0941184,-0.00739428,0.276149
416.684,311.5,0.28676,0.0920691,-0.00744381,0.271476
417.55,311,0.281773,0.0900408,-0.00749464,0.266894
418.416,310.5,0.27688,0.0880619,-0.00754554,0.262394
419.282,310,0.272082,0.0865026,-0.00758185,0.257854
420.148,309.5,0.267374,0.0849549,-0.00762232,0.253404
421.014,309,0.262756,0.0834189,-0.00766697,0.249044
421.88,308.5,0.25814,0.0816836,-0.00769672,0.244754
422.746,308,0.253591,0.0799609,-0.00772936,0.24053
423.612,307.5,0.249111,0.0782581,-0.00776549,0.236372
424.478,307,0.244738,0.0768532,-0.00779572,0.232227
425.344,306.5,0.240437,0.0755495,-0.00782634,0.228125
426.21,306,0.236195,0.0742531,-0.00786046,0.224082
427.076,305.5,0.232011,0.0729639,-0.00789809,0.220097
427.942,305,0.227884,0.071682,-0.00793922,0.216171
428.808,304.5,0.223816,0.0704072,-0.00798386,0.212303
429.674,304,0.219815,0.0692628,-0.00802459,0.208463
430.54,303.5,0.215876,0.0682769,-0.00805758,0.204636
431.406,303,0.211945,0.0671856,-0.00803284,0.200854
432.272,302.5,0.208056,0.0661056,-0.00801146,0.197112
433.138,302,0.204209,0.0650369,-0.00799344,0.19341
434.004,301.5,0.200404,0.0639796,-0.00797879,0.189749
434.87,301,0.196644,0.0629622,-0.00796714,0.186122
435.737,300.5,0.192946,0.062163,-0.00795591,0.182485
436.603,300,0.189283,0.061373,-0.00794743,0.178881
437.469,299.5,0.185656,0.0605923,-0.00794171,0.17531
438.335,299,0.182063,0.0598208,-0.00793873,0.171771
439.201,298.5,0.178506,0.0590587,-0.00793851,0.168266
440.067,298,0.174985,0.0583009,-0.00793844,0.164796
440.933,297.5,0.171496,0.0576766,-0.00791423,0.161312
441.799,297,0.168035,0.0571084,-0.00789011,0.157836
442.665,296.5,0.164605,0.0565558,-0.00786622,0.154384
443.531,296,0.161206,0.0560189,-0.00784255,0.150956
444.397,295.5,0.157838,0.0554977,-0.00781911,0.147553
445.263,295,0.154502,0.0549921,-0.00779589,0.144173
446.129,294.5,0.151198,0.054606,-0.00777396,0.140778
446.995,294,0.147925,0.0543436,-0.00775258,0.137362
447.861,293.5,0.144685,0.0540975,-0.00773037,0.133968
448.727,293,0.141478,0.0538679,-0.00770734,0.130595
449.593,292.5,0.138319,0.05365,-0.00767983,0.127259
450.459,292,0.135266,0.0534236,-0.00763215,0.124035
451.325,291.5,0.132249,0.0532529,-0.00758403,0.120816
452.191,291,0.129266,0.0532775,-0.00753436,0.117535
453.057,290.5,0.126327,0.05332,-0.00748444,0.114278
453.923,290,0.123432,0.0533804,-0.00743428,0.111044
454.789,289.5,0.120584,0.0534587,-0.00738387,0.107834
455.655,289,0.117784,0.0535548,-0.00733321,0.104648
456.521,288.5,0.115033,0.0536689,-0.00728231,0.101485
457.387,288,0.112369,0.0540037,-0.00722956,0.0982753
458.253,287.5,0.10977,0.0543888,-0.00717571,0.095078
459.119,287,0.10725,0.0547852,-0.00711818,0.0919267
459.985,286.5,0.104849,0.055175,-0.00704914,0.0888779
460.851,286,0.102511,0.0555796,-0.00697827,0.0858534
461.717,285.5,0.100241,0.0559988,-0.00690556,0.0828531
462.583,285,0.0980791,0.0565627,-0.00682865,0.0798344
463.449,284.5,0.0960315,0.0572475,-0.00674782,0.0768066
464.315,284,0.0940706,0.0579451,-0.00666501,0.0738053
465.181,283.5,0.0921995,0.0586556,-0.00658021,0.0708306
466.047,283,0.0904216,0.059379,-0.00649342,0.0678825
466.913,282.5,0.08874,0.0601152,-0.00640465,0.064961
467.779,282,0.087191,0.0609218,-0.00631245,0.0620561
468.645,281.5,0.0858827,0.0619167,-0.00622148,0.05919
469.512,281,0.0847412,0.0628885,-0.00614893,0.0564651
470.378,280.5,0.0837093,0.0638682,-0.00607509,0.0537698
471.244,280,0.0827885,0.0648559,-0.00599995,0.0511043
472.11,279.5,0.0819798,0.0658514,-0.00592351,0.0484684
472.976,279,0.081284,0.0668549,-0.00584577,0.0458622
473.842,278.5,0.0808719,0.0680819,-0.00576041,0.0432659
474.708,278,0.0805954,0.0693324,-0.00567327,0.0406995
475.574,277.5,0.080438,0.0705869,-0.00558492,0.038165
476.44,277,0.0803975,0.0718454,-0.00549536,0.0356622
477.306,276.5,0.0804713,0.0731079,-0.00540459,0.0331913
478.172,276,0.0806446,0.0743497,-0.00531235,0.0307808
479.038,275.5,0.0810277,0.0756837,-0.00521227,0.0284658
