x,v,vx,vy,vz
220.096,425,0.209755,0.209716,-8.26464e-05,-0.00404449
220.962,424.5,0.209787,0.209747,-8.45596e-05,-0.00412213
221.828,424,0.209819,0.209777,-8.64856e-05,-0.00420319
222.694,423.5,0.209854,0.20981,-8.82121e-05,-0.00428643
223.56,423,0.209892,0.209846,-8.98443e-05,-0.00436937
224.426,422.5,0.209932,0.209885,-9.14903e-05,-0.00445334
225.292,422,0.209974,0.209925,-9.315e-05,-0.00453831
226.158,421.5,0.210017,0.209966,-9.48235e-05,-0.00462431
227.024,421,0.210062,0.210009,-9.6517e-05,-0.00471205
227.89,420.5,0.210103,0.210048,-9.83127e-05,-0.00480891
228.756,420,0.210146,0.210089,-0.000100158,-0.004907
229.622,419.5,0.210191,0.210131,-0.000102054,-0.00500633
230.488,419,0.210237,0.210175,-0.000103999,-0.00510688
231.355,418.5,0.210286,0.210221,-0.000105995,-0.00520866
232.221,418,0.210335,0.210268,-0.000108589,-0.00531234
233.087,417.5,0.210382,0.210312,-0.000111152,-0.00542409
233.953,417,0.21043,0.210357,-0.000113725,-0.00553961
234.819,416.5,0.210479,0.210403,-0.000116406,-0.00565705
235.685,416,0.21053,0.210451,-0.000119197,-0.0057764
236.551,415.5,0.210583,0.210501,-0.000122097,-0.00589766
237.417,415,0.210638,0.210552,-0.000125106,-0.00602084
238.283,414.5,0.21069,0.2106,-0.000128291,-0.00615247
239.149,414,0.210737,0.210643,-0.000131654,-0.00629442
240.015,413.5,0.210787,0.210688,-0.000135111,-0.00643895
240.881,413,0.210838,0.210735,-0.000138662,-0.00658606
241.747,412.5,0.210907,0.2108,-0.000141538,-0.00672574
242.613,412,0.210984,0.210873,-0.000144269,-0.00686429
243.479,411.5,0.211065,0.210948,-0.000146975,-0.00700594
244.345,411,0.211145,0.211023,-0.000149124,-0.00715894
245.211,410.5,0.21123,0.211103,-0.000151251,-0.00731387
246.077,410,0.211319,0.211186,-0.000153358,-0.00747076
246.943,409.5,0.211412,0.211274,-0.000155444,-0.00762958
247.809,409,0.21151,0.211367,-0.00015751,-0.00779035
248.675,408.5,0.211613,0.211463,-0.000159554,-0.00795306
249.541,408,0.211704,0.211547,-0.000162049,-0.00813732
250.407,407.5,0.211796,0.211633,-0.000164701,-0.00832815
251.273,407,0.211877,0.211705,-0.000169385,-0.00852883
252.139,406.5,0.211957,0.211776,-0.000174623,-0.00873494
253.005,406,0.212039,0.21185,-0.000180059,-0.00894524
253.871,405.5,0.212125,0.211927,-0.000185695,-0.00915975
254.737,405,0.212212,0.212004,-0.000190502,-0.0093853
255.603,404.5,0.212302,0.212084,-0.000194577,-0.00962211
256.469,404,0.212395,0.212166,-0.000198936,-0.00986368
257.335,403.5,0.212492,0.212251,-0.000203576,-0.01011
258.201,403,0.212592,0.212339,-0.000208498,-0.0103611
259.067,402.5,0.212695,0.21243,-0.000213703,-0.0106169
259.933,402,0.212794,0.212515,-0.000219342,-0.010887
260.799,401.5,0.212929,0.212636,-0.000222319,-0.011167
261.665,401,0.21308,0.212773,-0.000224988,-0.0114463
262.531,400.5,0.213241,0.212918,-0.000227707,-0.0117287
263.397,400,0.21341,0.213072,-0.000230476,-0.0120141
264.263,399.5,0.213589,0.213234,-0.000233296,-0.0123024
265.13,399,0.213776,0.213405,-0.000236165,-0.0125937
265.996,398.5,0.213985,0.213595,-0.000233884,-0.0128998
266.862,398,0.214208,0.2138,-0.000230491,-0.0132119
267.728,397.5,0.214445,0.214018,-0.000226676,-0.0135285
268.594,397,0.214695,0.214248,-0.000222437,-0.0138495
269.46,396.5,0.21496,0.214492,-0.000217775,-0.0141749
270.326,396,0.215153,0.214661,-0.000221363,-0.0145326
271.192,395.5,0.215299,0.214779,-0.000227415,-0.0149482
272.058,395,0.215411,0.214859,-0.000235184,-0.0154145
272.924,394.5,0.215529,0.214942,-0.000243339,-0.0158939
273.79,394,0.215653,0.215029,-0.000251881,-0.0163863
274.656,393.5,0.215782,0.215119,-0.000260809,-0.0168919
275.522,393,0.215916,0.215213,-0.000270124,-0.0174105
276.388,392.5,0.216067,0.215321,-0.000276162,-0.0179396
277.254,392,0.216257,0.215467,-0.00027157,-0.0184736
278.12,391.5,0.216457,0.215619,-0.000267377,-0.0190192
278.986,391,0.216672,0.215786,-0.000263143,-0.0195732
279.852,390.5,0.217116,0.216189,-0.000244683,-0.0200337
280.718,390,0.21759,0.216622,-0.000224718,-0.0205025
281.584,389.5,0.218094,0.217083,-0.000203249,-0.0209797
282.45,389,0.218426,0.217349,-0.000184117,-0.0216612
283.316,388.5,0.218767,0.217621,-0.000164838,-0.0223635
284.182,388,0.219132,0.217914,-0.000145179,-0.0230731
285.048,387.5,0.219521,0.218228,-0.00012514,-0.0237899
285.914,387,0.219933,0.218563,-0.00010472,-0.0245138
286.78,386.5,0.22037,0.218919,-8.39203e-05,-0.025245
287.646,386,0.22093,0.2194,-3.37225e-05,-0.0259514
288.512,385.5,0.221567,0.219957,3.5073e-05,-0.0266579
289.378,385,0.222006,0.220305,8.54071e-05,-0.027429
290.244,384.5,0.222471,0.220675,0.000136115,-0.0282113
291.11,384,0.222963,0.221068,0.000187198,-0.0290048
291.976,383.5,0.223481,0.221484,0.000238654,-0.0298096
292.842,383,0.223868,0.221742,0.000290816,-0.0307749
293.708,382.5,0.223911,0.221596,0.000345359,-0.0321133
294.574,382,0.223965,0.221445,0.000402196,-0.0334966
295.44,381.5,0.224029,0.221289,0.000461327,-0.0349247
296.306,381,0.224105,0.221129,0.000522751,-0.0363977
297.172,380.5,0.224193,0.220963,0.00058647,-0.0379155
298.038,380,0.224381,0.220887,0.000658673,-0.0394351
298.905,379.5,0.225463,0.221814,0.000859025,-0.040388
299.771,379,0.226642,0.222829,0.00107009,-0.0413828
300.637,378.5,0.227914,0.223927,0.001291,-0.0424231
301.503,378,0.22928,0.225109,0.00152175,-0.0435089
302.369,377.5,0.23074,0.226374,0.00176236,-0.0446402
303.235,377,0.232295,0.227723,0.0020128,-0.0458171
304.101,376.5,0.23313,0.228161,0.00230625,-0.0478208
304.967,376,0.233661,0.228179,0.00262813,-0.0502497
305.833,375.5,0.234278,0.228248,0.00296302,-0.0527291
306.699,375,0.234983,0.22837,0.00331093,-0.0552592
307.565,374.5,0.235634,0.228407,0.0036619,-0.0577959
308.431,374,0.235816,0.227958,0.00399331,-0.0602333
309.297,373.5,0.236295,0.227864,0.00437551,-0.0624007
310.163,373,0.237472,0.228631,0.00482786,-0.0640113
311.029,372.5,0.238918,0.229664,0.00528938,-0.0656382
311.895,372,0.240632,0.230963,0.00576006,-0.0672817
312.761,371.5,0.242612,0.232527,0.00623992,-0.0689416
313.627,371,0.244858,0.234357,0.00672894,-0.070618
314.493,370.5,0.247224,0.236258,0.00725746,-0.0724519
315.359,370,0.246682,0.234116,0.00846057,-0.0772675
316.225,369.5,0.246094,0.231764,0.00974278,-0.0821747
317.091,369,0.245748,0.229503,0.0111192,-0.087158
317.957,368.5,0.2463,0.22806,0.0126043,-0.0921585
318.823,368,0.247158,0.226803,0.0141541,-0.0971958
319.689,367.5,0.24832,0.225732,0.0157689,-0.10227
320.555,367,0.251251,0.227022,0.0164068,-0.10639
321.421,366.5,0.254823,0.229101,0.0166335,-0.11032
322.287,366,0.258471,0.231142,0.0168175,-0.114446
323.153,365.5,0.2622,0.233143,0.0169589,-0.118767
324.019,365,0.266015,0.235105,0.0170575,-0.123283
324.885,364.5,0.269921,0.237028,0.0171135,-0.127994
325.751,364,0.273995,0.23718,0.0195732,-0.13578
326.617,363.5,0.279988,0.236551,0.0257375,-0.147563
327.483,363,0.286927,0.237339,0.032876,-0.15785
328.349,362.5,0.292805,0.236372,0.0411401,-0.16784
329.215,362,0.297766,0.233652,0.0505298,-0.177534
330.081,361.5,0.30198,0.229178,0.061045,-0.18693
330.947,361,0.306468,0.224066,0.0703685,-0.19689
331.813,360.5,0.321837,0.231551,0.0582772,-0.215795
332.679,360,0.344204,0.245427,0.0435548,-0.237372
333.546,359.5,0.373798,0.265693,0.0262013,-0.261622
334.412,359,0.41081,0.292349,0.00621677,-0.288545
335.278,358.5,0.455373,0.325396,-0.0163989,-0.318141
336.144,358,0.499222,0.359379,-0.037186,-0.344509
337.01,357.5,0.497082,0.368006,0.0143838,-0.333849
337.876,357,0.496175,0.379125,0.0814608,-0.309544
338.742,356.5,0.508141,0.398848,0.145932,-0.278981
339.608,356,0.533198,0.427176,0.207797,-0.24216
340.474,355.5,0.571269,0.464108,0.267056,-0.199081
341.34,355,0.622052,0.509644,0.32371,-0.149744
342.206,354.5,0.63783,0.52248,0.339884,-0.135356
343.072,354,0.611909,0.483296,0.333682,-0.171794
343.938,353.5,0.600866,0.433091,0.355541,-0.216939
344.804,353,0.613195,0.371865,0.40546,-0.27079
345.67,352.5,0.632474,0.297827,0.459211,-0.316934
346.536,352,0.647306,0.22463,0.504836,-0.337175
347.402,351.5,0.642571,0.185798,0.535948,-0.301888
348.268,351,0.506641,0.269605,0.424029,-0.0647858
349.134,350.5,0.476206,0.314649,0.337083,0.118926
350,350,0.490721,0.32093,0.27511,0.249249
350.866,349.5,0.49628,0.288449,0.238111,0.326181
351.732,349,0.46968,0.217205,0.226084,0.349724
352.598,348.5,0.413459,0.107199,0.239031,0.319876
353.464,348,0.379884,-0.0402502,0.255857,0.277901
354.33,347.5,0.401601,-0.183837,0.254841,0.250087
355.196,347,0.439711,-0.24479,0.201726,0.304516
356.062,346.5,0.491492,-0.238159,0.124601,0.411484
356.928,346,0.556659,-0.23236,0.0615819,0.502082
357.794,345.5,0.619678,-0.227392,0.0126688,0.57631
358.66,345,0.649469,-0.204991,0.013749,0.616117
359.526,344.5,0.657534,-0.169052,0.0424744,0.63401
360.392,344,0.666405,-0.136523,0.0610081,0.649411
361.258,343.5,0.674546,-0.107403,0.0693502,0.66232
362.124,343,0.681032,-0.081693,0.0675006,0.672737
362.99,342.5,0.685495,-0.0593925,0.0554594,0.680662
363.856,342,0.683255,-0.0399639,0.0390851,0.680965
364.722,341.5,0.652508,-0.0402068,0.0327769,0.650443
365.588,341,0.617471,-0.054357,0.0220412,0.614679
366.454,340.5,0.585073,-0.0701018,0.0120432,0.580733
367.321,340,0.555539,-0.0874413,0.00278275,0.548607
368.187,339.5,0.529133,-0.106375,-0.00574005,0.518299
369.053,339,0.506163,-0.126904,-0.0135252,0.489809
369.919,338.5,0.484157,-0.139297,-0.0221146,0.463158
370.785,338,0.463095,-0.148916,-0.0302876,0.437452
371.651,337.5,0.443011,-0.156686,-0.0378775,0.412642
372.517,337,0.423753,-0.162609,-0.0448843,0.388729
373.383,336.5,0.405169,-0.166685,-0.051308,0.365712
374.249,336,0.384777,-0.163932,-0.0530144,0.344048
375.115,335.5,0.362143,-0.157891,-0.0519564,0.321742
375.981,335,0.339,-0.151106,-0.0503432,0.299255
376.847,334.5,0.316613,-0.14415,-0.0486415,0.277667
377.713,334,0.29497,-0.137023,-0.0468512,0.256977
378.579,333.5,0.274059,-0.129726,-0.0449722,0.237186
379.445,333,0.253866,-0.122258,-0.0430047,0.218293
380.311,332.5,0.233767,-0.114047,-0.0409495,0.199909
381.177,332,0.212741,-0.104332,-0.0387087,0.181316
382.043,331.5,0.192475,-0.0947968,-0.0362222,0.163549
382.909,331,0.172962,-0.085441,-0.03349,0.146609
383.775,330.5,0.155885,-0.0776928,-0.0320032,0.1313
384.641,330,0.139764,-0.0705306,-0.031041,0.116601
385.507,329.5,0.123877,-0.0633705,-0.0300504,0.102111
386.373,329,0.107811,-0.0518933,-0.0281664,0.0902051
387.239,328.5,0.092448,-0.040751,-0.026286,0.0787086
388.105,328,0.0778801,-0.0301645,-0.0244526,0.0675091
388.971,327.5,0.0642141,-0.0201339,-0.0226662,0.0566067
389.837,327,0.0516496,-0.0106591,-0.0209269,0.0460014
390.703,326.5,0.0405832,-0.00174016,-0.0192345,0.0356931
391.569,326,0.0319461,0.00671219,-0.0173116,0.0259964
392.435,325.5,0.0272119,0.0148591,-0.0152549,0.0169406
393.301,325,0.027265,0.0213721,-0.0137362,0.00989597
394.167,324.5,0.0302622,0.0273744,-0.0124157,0.00350654
395.033,324,0.0351796,0.0332571,-0.0111519,-0.00268369
395.899,323.5,0.0411914,0.0390202,-0.00994489,-0.00867473
396.765,323,0.0480472,0.0451323,-0.00883517,-0.013912
397.631,322.5,0.0555846,0.0520639,-0.00786364,-0.017809
398.497,322,0.0630203,0.0588209,-0.00694445,-0.0215275
399.363,321.5,0.0703057,0.0654032,-0.0060776,-0.0250674
400.229,321,0.0774126,0.071811,-0.00526308,-0.0284288
401.095,320.5,0.0843233,0.0780441,-0.0045009,-0.0316115
401.962,320,0.0910213,0.0840989,-0.00378968,-0.0346107
402.828,319.5,0.0969319,0.0894619,-0.00317915,-0.0371786
403.694,319,0.102646,0.0946404,-0.00263045,-0.0396538
404.56,318.5,0.108168,0.0996625,-0.00210645,-0.0419923
405.426,318,0.113498,0.104528,-0.00160713,-0.044194
406.292,317.5,0.118634,0.109238,-0.00113252,-0.0462589
407.158,317,0.123575,0.113791,-0.000682595,-0.0481871
408.024,316.5,0.128337,0.118542,-0.000346089,-0.049175
408.89,316,0.132914,0.123267,-6.59187e-05,-0.0497139
409.756,315.5,0.137298,0.127806,0.000198177,-0.0501639
410.622,315,0.141488,0.132159,0.0004462,-0.0505248
411.488,314.5,0.145484,0.136326,0.000678148,-0.0507967
412.354,314,0.149075,0.139974,0.000838077,-0.0512835
413.22,313.5,0.152363,0.143385,0.000982246,-0.051519
414.086,313,0.155294,0.146552,0.00111637,-0.051355
414.952,312.5,0.15812,0.149609,0.00124152,-0.0511603
415.818,312,0.16084,0.152556,0.00135771,-0.0509351
416.684,311.5,0.163454,0.155392,0.00146493,-0.0506793
417.55,311,0.165961,0.158117,0.00156319,-0.0503929
418.416,310.5,0.168345,0.160731,0.00164865,-0.0500279
419.282,310,0.170412,0.163215,0.00167248,-0.0489724
420.148,309.5,0.172402,0.165596,0.00169113,-0.0479333
421.014,309,0.174312,0.167872,0.00170459,-0.0469108
421.88,308.5,0.176364,0.170186,0.00171559,-0.0462391
422.746,308,0.178349,0.172416,0.00172361,-0.0455883
423.612,307.5,0.180259,0.174556,0.00172859,-0.0449475
424.478,307,0.181818,0.176391,0.00172019,-0.0440583
425.344,306.5,0.183235,0.178084,0.00170627,-0.0431061
426.21,306,0.184604,0.179713,0.00169042,-0.0421786
427.076,305.5,0.185923,0.181275,0.00167264,-0.0412758
427.942,305,0.187191,0.182772,0.00165291,-0.0403976
428.808,304.5,0.188407,0.184204,0.00163125,-0.0395441
429.674,304,0.189484,0.185507,0.00159919,-0.038585
430.54,303.5,0.19041,0.186674,0.00155582,-0.0374972
431.406,303,0.191344,0.1878,0.00152139,-0.0366272
432.272,302.5,0.192254,0.188889,0.00148735,-0.0357804
433.138,302,0.193139,0.189944,0.00145369,-0.0349568
434.004,301.5,0.193999,0.190963,0.00142042,-0.0341565
434.87,301,0.194807,0.191924,0.00138672,-0.0333611
435.737,300.5,0.195404,0.192684,0.00134781,-0.0324586
436.603,300,0.195987,0.193421,0.00130976,-0.0315832
437.469,299.5,0.196558,0.194136,0.00127258,-0.0307351
438.335,299,0.197114,0.194827,0.00123627,-0.0299142
439.201,298.5,0.197656,0.195495,0.00120082,-0.0291206
440.067,298,0.198195,0.196151,0.00116669,-0.028366
440.933,297.5,0.198723,0.196785,0.00113276,-0.027659
441.799,297,0.199212,0.197377,0.00109835,-0.0269513
442.665,296.5,0.199689,0.197951,0.00106469,-0.0262643
443.531,296,0.200154,0.198508,0.00103176,-0.025598
444.397,295.5,0.200606,0.199046,0.000999569,-0.0249524
445.263,295,0.201046,0.199566,0.000968118,-0.0243275
446.129,294.5,0.201414,0.200014,0.000936092,-0.0236932
446.995,294,0.201714,0.200391,0.000903488,-0.0230481
447.861,293.5,0.202007,0.200757,0.000871678,-0.0224233
448.727,293,0.202294,0.201112,0.000840662,-0.0218189
449.593,292.5,0.202579,0.20146,0.000811554,-0.0212434
450.459,292,0.202886,0.201823,0.000789134,-0.0207321
451.325,291.5,0.203174,0.202163,0.000767053,-0.0202281
452.191,291,0.203391,0.202433,0.00074433,-0.0197048
453.057,290.5,0.203605,0.202697,0.000722173,-0.0191958
453.923,290,0.203816,0.202955,0.000700583,-0.0187013
454.789,289.5,0.204024,0.203208,0.000679558,-0.0182211
455.655,289,0.20423,0.203455,0.000659099,-0.0177552
456.521,288.5,0.204432,0.203697,0.000639207,-0.0173037
457.387,288,0.204573,0.203878,0.00061912,-0.0168457
458.253,287.5,0.204705,0.204046,0.000599496,-0.0163977
459.119,287,0.204847,0.204222,0.000580487,-0.0159721
459.985,286.5,0.205026,0.204432,0.000562092,-0.0155897
460.851,286,0.205202,0.204636,0.000544143,-0.0152176
461.717,285.5,0.205374,0.204836,0.000526639,-0.0148557
462.583,285,0.205517,0.205004,0.000509415,-0.0144962
463.449,284.5,0.205635,0.205148,0.000492504,-0.0141399
464.315,284,0.205752,0.205288,0.000476046,-0.013793
465.181,283.5,0.205867,0.205426,0.00046004,-0.0134556
466.047,283,0.20598,0.205561,0.000444487,-0.0131276
466.913,282.5,0.206092,0.205693,0.000429386,-0.012809
467.779,282,0.206193,0.205814,0.000414625,-0.0124978
468.645,281.5,0.206269,0.205908,0.000400882,-0.0121935
469.512,281,0.206358,0.206013,0.000389951,-0.0119091
470.378,280.5,0.206445,0.206117,0.000379286,-0.0116316
471.244,280,0.206533,0.20622,0.000368889,-0.0113609
472.11,279.5,0.20662,0.206321,0.000358759,-0.0110972
472.976,279,0.206706,0.206421,0.000348896,-0.0108403
473.842,278.5,0.206764,0.206492,0.000339299,-0.010586
474.708,278,0.206819,0.206561,0.000329917,-0.0103376
475.574,277.5,0.206875,0.206628,0.000320747,-0.0100955
476.44,277,0.206931,0.206696,0.00031179,-0.00985965
477.306,276.5,0.206987,0.206763,0.000303046,-0.00963005
478.172,276,0.20705,0.206836,0.000294405,-0.00941137
479.038,275.5,0.207112,0.206907,0.000285709,-0.00920524
