x,v,vx,vy,vz
220.096,425,0.199456,0.199159,0.000526549,-0.0108736
220.962,424.5,0.199262,0.198953,0.000542662,-0.0110789
221.828,424,0.199048,0.198726,0.000560603,-0.0112892
222.694,423.5,0.198811,0.198477,0.000582934,-0.0115023
223.56,423,0.198581,0.198235,0.000606362,-0.0117183
224.426,422.5,0.198353,0.197992,0.000630068,-0.0119388
225.292,422,0.198126,0.197751,0.000654055,-0.0121638
226.158,421.5,0.1979,0.197511,0.00067832,-0.0123934
227.024,421,0.19767,0.197265,0.000703317,-0.0126278
227.89,420.5,0.19738,0.196959,0.000733694,-0.0128702
228.756,420,0.197091,0.196652,0.000764434,-0.0131179
229.622,419.5,0.196802,0.196346,0.000795539,-0.0133709
230.488,419,0.196514,0.196039,0.000827007,-0.0136292
231.355,418.5,0.196228,0.195733,0.00085884,-0.0138928
232.221,418,0.195955,0.19544,0.000887441,-0.0141644
233.087,417.5,0.195625,0.195089,0.000920829,-0.0144437
233.953,417,0.195277,0.194719,0.000956242,-0.0147302
234.819,416.5,0.194931,0.194349,0.000991857,-0.0150237
235.685,416,0.194586,0.193979,0.00102768,-0.0153242
236.551,415.5,0.194243,0.19361,0.0010637,-0.0156317
237.417,415,0.193901,0.193241,0.00109992,-0.0159462
238.283,414.5,0.193512,0.192823,0.00114076,-0.0162691
239.149,414,0.193064,0.192345,0.00118725,-0.0166017
240.015,413.5,0.192617,0.191867,0.00123408,-0.0169426
240.881,413,0.192171,0.191387,0.00128128,-0.0172918
241.747,412.5,0.191749,0.190931,0.00133345,-0.0176422
242.613,412,0.191336,0.190482,0.00138756,-0.017999
243.479,411.5,0.190907,0.190016,0.00144427,-0.0183637
244.345,411,0.190368,0.189438,0.00151385,-0.0187343
245.211,410.5,0.18983,0.188858,0.00158443,-0.0191148
246.077,410,0.189293,0.188278,0.001656,-0.0195052
246.943,409.5,0.188758,0.187698,0.00172855,-0.0199055
247.809,409,0.188225,0.187116,0.0018021,-0.0203156
248.675,408.5,0.187693,0.186535,0.00187663,-0.0207357
249.541,408,0.187015,0.185803,0.00196612,-0.0211674
250.407,407.5,0.186305,0.185036,0.00205984,-0.0216111
251.273,407,0.185629,0.184299,0.0021453,-0.0220737
252.139,406.5,0.184961,0.183567,0.00222978,-0.0225511
253.005,406,0.184296,0.182835,0.00231502,-0.0230422
253.871,405.5,0.183633,0.182102,0.00240102,-0.0235468
254.737,405,0.182866,0.18126,0.00250081,-0.0240562
255.603,404.5,0.181997,0.180312,0.00261431,-0.0245725
256.469,404,0.18113,0.179361,0.00272906,-0.0251047
257.335,403.5,0.180264,0.178407,0.00284505,-0.025653
258.201,403,0.179401,0.17745,0.00296229,-0.0262174
259.067,402.5,0.17854,0.176491,0.00308077,-0.0267978
259.933,402,0.177621,0.175467,0.0032062,-0.0273943
260.799,401.5,0.176503,0.174235,0.00336735,-0.0280017
261.665,401,0.175392,0.173003,0.0035317,-0.0286299
262.531,400.5,0.174283,0.171767,0.00369818,-0.0292798
263.397,400,0.173178,0.170525,0.00386678,-0.0299514
264.263,399.5,0.172077,0.169278,0.00403752,-0.0306446
265.13,399,0.170979,0.168026,0.00421039,-0.0313596
265.996,398.5,0.16958,0.166465,0.00442687,-0.0320474
266.862,398,0.168141,0.164854,0.00465216,-0.0327538
267.728,397.5,0.166706,0.163235,0.00488062,-0.0334859
268.594,397,0.165274,0.161606,0.00511225,-0.0342437
269.46,396.5,0.163846,0.159969,0.00534705,-0.0350271
270.326,396,0.162537,0.158436,0.00556515,-0.0358544
271.192,395.5,0.160919,0.156566,0.00581078,-0.0367196
272.058,395,0.159058,0.154423,0.00607935,-0.0376278
272.924,394.5,0.157205,0.152266,0.00635125,-0.0385756
273.79,394,0.155362,0.150094,0.00662648,-0.039563
274.656,393.5,0.153531,0.147907,0.00690504,-0.0405899
275.522,393,0.151714,0.145706,0.00718693,-0.0416563
276.388,392.5,0.149771,0.143353,0.00749353,-0.0427204
277.254,392,0.14742,0.140573,0.00786915,-0.0437022
278.12,391.5,0.145088,0.137774,0.00825022,-0.0447304
278.986,391,0.142783,0.134961,0.00863699,-0.0458056
279.852,390.5,0.140663,0.132289,0.00903573,-0.0469475
280.718,390,0.138588,0.129612,0.00943892,-0.0481464
281.584,389.5,0.136561,0.12693,0.00984658,-0.0494023
282.45,389,0.133567,0.123098,0.0103141,-0.0508003
283.316,388.5,0.13056,0.119147,0.0107899,-0.0522818
284.182,388,0.127621,0.115158,0.01127,-0.0538415
285.048,387.5,0.124763,0.111129,0.0117544,-0.0554795
285.914,387,0.121999,0.107063,0.0122431,-0.0571957
286.78,386.5,0.119341,0.102957,0.0127362,-0.0589902
287.646,386,0.116219,0.0982855,0.0133295,-0.0605729
288.512,385.5,0.112923,0.0932858,0.0139859,-0.0620778
289.378,385,0.110154,0.088623,0.0146209,-0.0637661
290.244,384.5,0.107624,0.083957,0.0152626,-0.0655839
291.11,384,0.105357,0.0792877,0.0159108,-0.067531
291.976,383.5,0.103378,0.0746152,0.0165657,-0.0696076
292.842,383,0.101239,0.0691234,0.0172388,-0.0719309
293.708,382.5,0.0985311,0.0617095,0.0179437,-0.0746883
294.574,382,0.0965006,0.0542004,0.0186535,-0.0776319
295.44,381.5,0.0952304,0.0465962,0.0193681,-0.0807619
296.306,381,0.0947926,0.0388969,0.0200877,-0.0840783
297.172,380.5,0.0952414,0.0311023,0.0208121,-0.087581
298.038,380,0.096654,0.0233468,0.0215326,-0.0912867
298.905,379.5,0.0979929,0.0148391,0.0224428,-0.094227
299.771,379,0.10049,0.00635668,0.0233542,-0.0975314
300.637,378.5,0.1041,-0.00208632,0.0242643,-0.101211
301.503,378,0.108741,-0.0104898,0.0251732,-0.105266
302.369,377.5,0.114319,-0.0188539,0.0260808,-0.109695
303.235,377,0.120737,-0.0271785,0.0269872,-0.1145
304.101,376.5,0.130049,-0.0397331,0.0278082,-0.120668
304.967,376,0.14187,-0.0544638,0.0285791,-0.127844
305.833,375.5,0.155094,-0.0693522,0.0293385,-0.135586
306.699,375,0.16951,-0.084398,0.0300865,-0.143894
307.565,374.5,0.184649,-0.0990256,0.0308135,-0.152773
308.431,374,0.199396,-0.111517,0.0315022,-0.162267
309.297,373.5,0.215147,-0.125316,0.0321111,-0.171909
310.163,373,0.232599,-0.141437,0.0325737,-0.181761
311.029,372.5,0.250898,-0.157066,0.0330289,-0.192846
311.895,372,0.26994,-0.172204,0.0334768,-0.205165
312.761,371.5,0.289657,-0.186851,0.0339174,-0.218717
313.627,371,0.310013,-0.201007,0.0343505,-0.233504
314.493,370.5,0.331816,-0.215252,0.0347836,-0.250117
315.359,370,0.372048,-0.241202,0.0355244,-0.281032
316.225,369.5,0.414275,-0.266965,0.036571,-0.314668
317.091,369,0.455802,-0.290297,0.0377027,-0.349374
317.957,368.5,0.490792,-0.306791,0.0383283,-0.381166
318.823,368,0.525297,-0.321671,0.0388735,-0.413465
319.689,367.5,0.559367,-0.33494,0.0393382,-0.446272
320.555,367,0.611706,-0.350533,0.0395371,-0.499748
321.421,366.5,0.66974,-0.361361,0.0396719,-0.562491
322.287,366,0.726988,-0.365261,0.0398239,-0.627303
323.153,365.5,0.78403,-0.362234,0.0399929,-0.694183
324.019,365,0.841477,-0.352279,0.0401791,-0.763131
324.885,364.5,0.899957,-0.335396,0.0403825,-0.834147
325.751,364,0.933617,-0.33025,0.0313483,-0.872693
326.617,363.5,0.929854,-0.343977,0.00898165,-0.863844
327.483,363,0.917511,-0.34689,-0.0132884,-0.849304
328.349,362.5,0.909714,-0.335733,-0.0347601,-0.844781
329.215,362,0.906894,-0.310505,-0.0554337,-0.850276
330.081,361.5,0.910393,-0.271207,-0.075309,-0.865789
330.947,361,0.900126,-0.22254,-0.0986093,-0.86659
331.813,360.5,0.721408,-0.20306,-0.154302,-0.674823
332.679,360,0.585532,-0.172641,-0.201723,-0.521872
333.546,359.5,0.491431,-0.131282,-0.240873,-0.407737
334.412,359,0.436565,-0.0789836,-0.271751,-0.332419
335.278,358.5,0.417684,-0.0157458,-0.294357,-0.295916
336.144,358,0.406506,0.0441685,-0.311428,-0.257505
337.01,357.5,0.363189,0.0344342,-0.361312,-0.0131995
337.876,357,0.474734,0.0295776,-0.40804,0.240834
338.742,356.5,0.636216,0.0472112,-0.441321,0.455826
339.608,356,0.78704,0.087335,-0.461156,0.631776
340.474,355.5,0.912116,0.149949,-0.467543,0.768684
341.34,355,1.00906,0.235053,-0.460484,0.86655
342.206,354.5,1.0183,0.304471,-0.42361,0.874526
343.072,354,0.965652,0.322941,-0.367391,0.832596
343.938,353.5,0.930304,0.322115,-0.314571,0.814096
344.804,353,0.91231,0.301991,-0.26515,0.819028
345.67,352.5,0.916091,0.227941,-0.213624,0.86118
346.536,352,0.918054,0.120095,-0.147688,0.898102
347.402,351.5,0.863441,0.0432279,-0.0531204,0.86072
348.268,351,0.64709,0.0534966,0.120264,0.633562
349.134,350.5,0.528701,0.0504804,0.270286,0.451577
350,350,0.507752,0.0341792,0.396945,0.314767
350.866,349.5,0.547768,0.004593,0.500242,0.223131
351.732,349,0.607685,-0.0382781,0.580176,0.176669
352.598,348.5,0.667175,-0.0944342,0.636747,0.175382
353.464,348,0.623902,-0.0801055,0.536889,0.30755
354.33,347.5,0.605077,-0.0349953,0.402933,0.450042
355.196,347,0.63513,0.0311355,0.246305,0.584598
356.062,346.5,0.715429,0.0990888,0.0906677,0.702708
356.928,346,0.816627,0.160061,-0.0443487,0.799558
357.794,345.5,0.914823,0.214053,-0.158745,0.875147
358.66,345,0.945358,0.244837,-0.193492,0.892366
359.526,344.5,0.92408,0.255827,-0.172111,0.871123
360.392,344,0.902079,0.262063,-0.152747,0.849552
361.258,343.5,0.879089,0.263545,-0.1354,0.827653
362.124,343,0.854909,0.260272,-0.12007,0.805426
362.99,342.5,0.829404,0.252246,-0.106757,0.782871
363.856,342,0.802332,0.240815,-0.0974797,0.759107
364.722,341.5,0.777926,0.229211,-0.0878988,0.738176
365.588,341,0.757417,0.215839,-0.0744417,0.722186
366.454,340.5,0.73892,0.202959,-0.0628954,0.707711
367.321,340,0.722379,0.190572,-0.05326,0.69475
368.187,339.5,0.707745,0.178677,-0.0455355,0.683304
369.053,339,0.694974,0.167276,-0.0397218,0.673372
369.919,338.5,0.678558,0.15817,-0.0357079,0.658899
370.785,338,0.66259,0.149488,-0.0323732,0.644694
371.651,337.5,0.647647,0.141011,-0.0296649,0.631414
372.517,337,0.633729,0.132739,-0.027583,0.619057
373.383,336.5,0.620832,0.124673,-0.0261275,0.607624
374.249,336,0.609373,0.11734,-0.0255745,0.597421
375.115,335.5,0.596247,0.110615,-0.0251251,0.585358
375.981,335,0.581973,0.104102,-0.0246367,0.572056
376.847,334.5,0.568032,0.0974241,-0.0241807,0.559093
377.713,334,0.554434,0.0905803,-0.0237569,0.546468
378.579,333.5,0.541185,0.083571,-0.0233655,0.534183
379.445,333,0.528296,0.0763962,-0.0230064,0.522236
380.311,332.5,0.515994,0.0697043,-0.0225473,0.510767
381.177,332,0.504549,0.0646532,-0.0217966,0.499914
382.043,331.5,0.493302,0.0595027,-0.0211348,0.489244
382.909,331,0.482258,0.0542529,-0.0205619,0.478756
383.775,330.5,0.471705,0.048313,-0.0200723,0.468795
384.641,330,0.461513,0.0421665,-0.0196498,0.459162
385.507,329.5,0.451583,0.0360649,-0.0192933,0.449726
386.373,329,0.441112,0.0301966,-0.01875,0.439677
387.239,328.5,0.430798,0.0244366,-0.0182615,0.429716
388.105,328,0.420679,0.0187772,-0.0178401,0.419881
388.971,327.5,0.410756,0.0132183,-0.0174857,0.410171
389.837,327,0.401031,0.00775987,-0.0171984,0.400587
390.703,326.5,0.391504,0.00240202,-0.0169781,0.391129
391.569,326,0.38203,-0.00218898,-0.0168427,0.381652
392.435,325.5,0.372637,-0.00623937,-0.0167652,0.372207
393.301,325,0.363755,-0.00998559,-0.0166414,0.363237
394.167,324.5,0.35506,-0.0136069,-0.0165247,0.354415
395.033,324,0.346446,-0.0171494,-0.0164388,0.34563
395.899,323.5,0.337911,-0.020613,-0.0163836,0.336884
396.765,323,0.32911,-0.0238942,-0.016368,0.327833
397.631,322.5,0.319686,-0.0268572,-0.0163868,0.318134
398.497,322,0.310373,-0.0297059,-0.0164136,0.308511
399.363,321.5,0.301169,-0.0324403,-0.0164486,0.298965
400.229,321,0.292076,-0.0350603,-0.0164915,0.289495
401.095,320.5,0.283092,-0.0375661,-0.0165426,0.2801
401.962,320,0.27421,-0.039947,-0.0166023,0.270776
402.828,319.5,0.265212,-0.0411569,-0.0166219,0.261471
403.694,319,0.256395,-0.0422517,-0.0166154,0.252344
404.56,318.5,0.247655,-0.0432266,-0.016602,0.243287
405.426,318,0.238989,-0.0440814,-0.0165818,0.234302
406.292,317.5,0.230397,-0.0448162,-0.0165547,0.225389
407.158,317,0.221877,-0.0454311,-0.0165208,0.216547
408.024,316.5,0.212793,-0.0452831,-0.0164678,0.207266
408.89,316,0.203519,-0.0447466,-0.0163935,0.197861
409.756,315.5,0.194335,-0.0441063,-0.0163016,0.188561
410.622,315,0.185241,-0.0433624,-0.0161921,0.179365
411.488,314.5,0.176234,-0.0425148,-0.0160651,0.170273
412.354,314,0.16817,-0.0419066,-0.0159816,0.162078
413.22,313.5,0.160037,-0.0408087,-0.0158829,0.153929
414.086,313,0.151594,-0.0389352,-0.0157546,0.145659
414.952,312.5,0.143275,-0.0370028,-0.0156079,0.137532
415.818,312,0.13508,-0.0350113,-0.0154427,0.129546
416.684,311.5,0.127008,-0.0329607,-0.0152591,0.121703
417.55,311,0.119059,-0.0308511,-0.015057,0.114003
418.416,310.5,0.111203,-0.0286121,-0.014832,0.106431
419.282,310,0.103035,-0.0253262,-0.014525,0.0988118
420.148,309.5,0.0950366,-0.0220161,-0.0141998,0.0913543
421.014,309,0.0872167,-0.0186817,-0.0138563,0.084058
421.88,308.5,0.0799319,-0.0156899,-0.0135734,0.0771926
422.746,308,0.0728372,-0.0127067,-0.0132854,0.070479
423.612,307.5,0.0659356,-0.00972069,-0.01299,0.0639083
424.478,307,0.0592179,-0.0060436,-0.0126334,0.0575381
425.344,306.5,0.0528228,-0.00216262,-0.0122537,0.0513363
426.21,306,0.0468449,0.00168966,-0.0118694,0.0452848
427.076,305.5,0.0413914,0.00551323,-0.0114802,0.0393835
427.942,305,0.0366154,0.00930809,-0.0110864,0.0336324
428.808,304.5,0.0327251,0.0130742,-0.0106877,0.0280316
429.674,304,0.0302359,0.0171418,-0.0102564,0.0226974
430.54,303.5,0.0295609,0.0215746,-0.00979001,0.0176788
431.406,303,0.0302737,0.0255825,-0.00942987,0.013157
432.272,302.5,0.0321163,0.0295384,-0.00906946,0.00875696
433.138,302,0.0348467,0.0334423,-0.00870877,0.00447876
434.004,301.5,0.0382184,0.0372942,-0.00834781,0.000322389
434.87,301,0.0420867,0.0411605,-0.00798011,-0.00366389
435.737,300.5,0.0466271,0.0454447,-0.0075673,-0.00718364
436.603,300,0.0512733,0.0496542,-0.00715785,-0.0105917
437.469,299.5,0.0559616,0.0537888,-0.00675176,-0.0138879
438.335,299,0.0606486,0.0578487,-0.00634903,-0.0170725
439.201,298.5,0.0653042,0.0618337,-0.00594966,-0.0201454
440.067,298,0.0698867,0.0657219,-0.00556166,-0.0231052
440.933,297.5,0.0743536,0.0696207,-0.0052329,-0.025574
441.799,297,0.0787708,0.0735125,-0.00490575,-0.0278691
442.665,296.5,0.0830975,0.0773256,-0.00458581,-0.0300818
443.531,296,0.0873305,0.08106,-0.0042731,-0.0322123
444.397,295.5,0.0914673,0.0847156,-0.0039676,-0.0342605
445.263,295,0.095506,0.0882926,-0.00366932,-0.0362264
446.129,294.5,0.0994475,0.0918891,-0.0033703,-0.0378794
446.995,294,0.10329,0.0955033,-0.00307142,-0.0392246
447.861,293.5,0.107032,0.0990321,-0.00278127,-0.040505
448.727,293,0.110671,0.102475,-0.00249985,-0.0417204
449.593,292.5,0.114184,0.105802,-0.0022355,-0.0428824
450.459,292,0.117475,0.108885,-0.00202303,-0.0440496
451.325,291.5,0.120668,0.111913,-0.00181569,-0.045087
452.191,291,0.123711,0.114944,-0.00161253,-0.0457153
453.057,290.5,0.126678,0.117902,-0.00141538,-0.0463078
453.923,290,0.129568,0.12079,-0.00122425,-0.0468644
454.789,289.5,0.132381,0.123606,-0.00103912,-0.0473851
455.655,289,0.135117,0.12635,-0.000860012,-0.04787
456.521,288.5,0.137776,0.129023,-0.000686911,-0.048319
457.387,288,0.14024,0.13162,-0.000523156,-0.048406
458.253,287.5,0.142618,0.134147,-0.000366448,-0.0484186
459.119,287,0.144937,0.136603,-0.000224177,-0.04844
459.985,286.5,0.147221,0.138986,-0.000115516,-0.0485497
460.851,286,0.149448,0.14131,-1.1586e-05,-0.0486425
461.717,285.5,0.151618,0.143578,8.76142e-05,-0.0487183
462.583,285,0.153648,0.145759,0.000176438,-0.0486016
463.449,284.5,0.155562,0.147863,0.000256398,-0.0483316
464.315,284,0.157428,0.149914,0.000332323,-0.0480558
465.181,283.5,0.159247,0.151912,0.000404213,-0.0477743
466.047,283,0.161019,0.153857,0.000472068,-0.0474871
466.913,282.5,0.162743,0.155749,0.000535889,-0.0471942
467.779,282,0.164383,0.157568,0.000593703,-0.0468366
468.645,281.5,0.165864,0.159263,0.000640916,-0.0463236
469.512,281,0.167309,0.160885,0.000684078,-0.0459129
470.378,280.5,0.168722,0.162468,0.000725257,-0.0455038
471.244,280,0.170102,0.164013,0.000764454,-0.0450965
472.11,279.5,0.171449,0.16552,0.000801668,-0.0446909
472.976,279,0.172764,0.166989,0.000836899,-0.044287
473.842,278.5,0.173921,0.168338,0.000862246,-0.0437025
474.708,278,0.175041,0.169647,0.000885428,-0.0431094
475.574,277.5,0.176136,0.170923,0.000907176,-0.0425245
476.44,277,0.177204,0.172165,0.00092749,-0.0419476
477.306,276.5,0.178247,0.173375,0.000946371,-0.0413789
478.172,276,0.17929,0.174571,0.000961272,-0.0408558
479.038,275.5,0.180288,0.175719,0.000965874,-0.0403194
