x,v,vx,vy,vz
220.096,425,0.178446,0.178055,0.00181822,-0.0116658
220.962,424.5,0.177718,0.177309,0.00187441,-0.0119038
221.828,424,0.176927,0.1765,0.00193598,-0.0121397
222.694,423.5,0.176063,0.175616,0.00200693,-0.0123743
223.56,423,0.175205,0.174737,0.00207931,-0.0126227
224.426,422.5,0.174343,0.173853,0.00215244,-0.0128825
225.292,422,0.173477,0.172963,0.00222633,-0.0131536
226.158,421.5,0.172608,0.172069,0.00230096,-0.013436
227.024,421,0.171719,0.171153,0.00237764,-0.0137271
227.89,420.5,0.170652,0.170059,0.00246959,-0.0140013
228.756,420,0.169579,0.168957,0.00256255,-0.014289
229.622,419.5,0.1685,0.167847,0.00265653,-0.0145902
230.488,419,0.167416,0.166728,0.00275153,-0.014905
231.355,418.5,0.166325,0.165602,0.00284754,-0.0152333
232.221,418,0.165271,0.164508,0.00294009,-0.0155871
233.087,417.5,0.164044,0.16324,0.00304786,-0.0159294
233.953,417,0.162756,0.161909,0.00316157,-0.0162807
234.819,416.5,0.161464,0.16057,0.00327638,-0.0166508
235.685,416,0.160167,0.159222,0.00339227,-0.0170399
236.551,415.5,0.158865,0.157865,0.00350925,-0.0174478
237.417,415,0.15756,0.156501,0.00362732,-0.0178747
238.283,414.5,0.156107,0.154985,0.00375871,-0.0182996
239.149,414,0.154472,0.153284,0.00390624,-0.0187216
240.015,413.5,0.15283,0.151569,0.00405526,-0.0191669
240.881,413,0.151181,0.149842,0.00420576,-0.0196357
241.747,412.5,0.149589,0.148163,0.00435968,-0.020141
242.613,412,0.148014,0.146493,0.00451556,-0.020676
243.479,411.5,0.146383,0.14476,0.00467794,-0.0212289
244.345,411,0.1444,0.142668,0.00487365,-0.0217588
245.211,410.5,0.142415,0.140563,0.00507127,-0.022322
246.077,410,0.140429,0.138446,0.00527081,-0.0229187
246.943,409.5,0.138443,0.136316,0.00547227,-0.0235488
247.809,409,0.136458,0.134173,0.00567564,-0.0242122
248.675,408.5,0.134476,0.132018,0.00588093,-0.0249091
249.541,408,0.132042,0.129392,0.00612608,-0.0255967
250.407,407.5,0.12951,0.126647,0.00638185,-0.0263173
251.273,407,0.127119,0.12402,0.00662912,-0.0271
252.139,406.5,0.124772,0.12141,0.00687622,-0.0279339
253.005,406,0.122446,0.118793,0.00712514,-0.0288158
253.871,405.5,0.120143,0.116169,0.00737587,-0.0297457
254.737,405,0.117514,0.113177,0.00766056,-0.0306897
255.603,404.5,0.114577,0.109826,0.00797874,-0.0316608
256.469,404,0.111679,0.106462,0.00829954,-0.0326958
257.335,403.5,0.108826,0.103085,0.00862296,-0.0337945
258.201,403,0.106025,0.0996957,0.00894899,-0.0349571
259.067,402.5,0.103284,0.096293,0.00927764,-0.0361834
259.933,402,0.100433,0.0926819,0.00962325,-0.0374728
260.799,401.5,0.0971398,0.0884746,0.0100254,-0.0388316
261.665,401,0.0940083,0.0842988,0.0104283,-0.0402807
262.531,400.5,0.0910351,0.0801314,0.0108325,-0.041821
263.397,400,0.0882396,0.0759724,0.0112381,-0.0434525
264.263,399.5,0.0856433,0.0718219,0.011645,-0.0451751
265.13,399,0.0832694,0.0676797,0.0120531,-0.0469889
265.996,398.5,0.0803262,0.062456,0.0125487,-0.0489292
266.862,398,0.0776632,0.0570959,0.0130572,-0.0510014
267.728,397.5,0.0754498,0.0517498,0.0135668,-0.053203
268.594,397,0.0737348,0.0464179,0.0140776,-0.055534
269.46,396.5,0.0725631,0.0411,0.0145895,-0.0579943
270.326,396,0.0720966,0.0363118,0.015074,-0.060433
271.192,395.5,0.0719106,0.0306064,0.0156081,-0.0631725
272.058,395,0.0723349,0.0242219,0.0161794,-0.0662108
272.924,394.5,0.0736196,0.0179373,0.0167483,-0.0694089
273.79,394,0.0757163,0.0117525,0.0173147,-0.072767
274.656,393.5,0.0785568,0.00566763,0.0178788,-0.076285
275.522,393,0.0820623,-0.000317378,0.0184404,-0.0799629
276.388,392.5,0.0863299,-0.00667685,0.0190219,-0.0839431
277.254,392,0.0918351,-0.014313,0.0196665,-0.0885553
278.12,391.5,0.0980268,-0.0217674,0.0203052,-0.0933977
278.986,391,0.104752,-0.0290229,0.0209374,-0.0984492
279.852,390.5,0.111092,-0.0355419,0.0215421,-0.103024
280.718,390,0.117658,-0.0418329,0.0221418,-0.107718
281.584,389.5,0.124395,-0.0478961,0.0227363,-0.112531
282.45,389,0.133374,-0.0559467,0.0233707,-0.118796
283.316,388.5,0.142623,-0.0637978,0.0239955,-0.125282
284.182,388,0.151935,-0.0712901,0.024607,-0.131896
285.048,387.5,0.161264,-0.0784235,0.0252054,-0.138638
285.914,387,0.170577,-0.0851982,0.0257906,-0.145508
286.78,386.5,0.179851,-0.091614,0.0263626,-0.152507
287.646,386,0.190301,-0.0984885,0.0268681,-0.160601
288.512,385.5,0.201215,-0.10531,0.027339,-0.169263
289.378,385,0.21103,-0.111861,0.0277995,-0.17677
290.244,384.5,0.220561,-0.118013,0.0282615,-0.184178
291.11,384,0.229802,-0.123764,0.0287249,-0.191485
291.976,383.5,0.23875,-0.129116,0.0291899,-0.198692
292.842,383,0.248815,-0.134427,0.0292649,-0.207321
293.708,382.5,0.261442,-0.140117,0.0285301,-0.218872
294.574,382,0.273204,-0.145345,0.0279196,-0.229643
295.44,381.5,0.284094,-0.15011,0.0274334,-0.239632
296.306,381,0.294105,-0.154413,0.0270715,-0.24884
297.172,380.5,0.303233,-0.158252,0.0268339,-0.257267
298.038,380,0.311726,-0.161911,0.0266843,-0.265039
298.905,379.5,0.325522,-0.16038,0.0252769,-0.282142
299.771,379,0.338622,-0.159408,0.023885,-0.297798
300.637,378.5,0.350851,-0.159063,0.0225196,-0.311911
301.503,378,0.362115,-0.159344,0.0211809,-0.324482
302.369,377.5,0.372347,-0.160252,0.0198687,-0.33551
303.235,377,0.3815,-0.161787,0.0185832,-0.344995
304.101,376.5,0.382703,-0.155591,0.0171185,-0.349227
304.967,376,0.382533,-0.146525,0.0152212,-0.35303
305.833,375.5,0.384843,-0.138703,0.0129203,-0.358746
306.699,375,0.389606,-0.132123,0.0102159,-0.366376
307.565,374.5,0.39684,-0.126882,0.00724831,-0.375939
308.431,374,0.405608,-0.123602,0.00459676,-0.38629
309.297,373.5,0.394234,-0.12689,0.00296329,-0.373243
310.163,373,0.354503,-0.137902,0.00219913,-0.326574
311.029,372.5,0.326373,-0.147127,-3.57617e-05,-0.291329
311.895,372,0.308976,-0.154565,-0.00374139,-0.26751
312.761,371.5,0.301386,-0.160217,-0.00891776,-0.255116
313.627,371,0.302913,-0.164083,-0.0155649,-0.254148
314.493,370.5,0.31185,-0.169862,-0.0247165,-0.260358
315.359,370,0.317428,-0.245689,-0.0536833,-0.19369
316.225,369.5,0.351603,-0.310308,-0.0781968,-0.145666
317.091,369,0.392244,-0.36387,-0.0980978,-0.10877
317.957,368.5,0.428383,-0.406954,-0.114679,-0.0689158
318.823,368,0.46008,-0.43937,-0.12921,-0.0439646
319.689,367.5,0.483588,-0.461119,-0.141691,-0.0339169
320.555,367,0.587552,-0.556017,-0.178031,0.0660818
321.421,366.5,0.727909,-0.668582,-0.221026,0.184384
322.287,366,0.858304,-0.767621,-0.261026,0.28162
323.153,365.5,0.971944,-0.853134,-0.298033,0.35779
324.019,365,1.06611,-0.925121,-0.332044,0.412894
324.885,364.5,1.13974,-0.983582,-0.363061,0.446933
325.751,364,1.24968,-1.06277,-0.398001,0.523276
326.617,363.5,1.44591,-1.18842,-0.444106,0.693598
327.483,363,1.63273,-1.29711,-0.488837,0.862758
328.349,362.5,1.80147,-1.39234,-0.53157,1.01199
329.215,362,1.95016,-1.47413,-0.572305,1.14128
330.081,361.5,2.07766,-1.54246,-0.611042,1.25065
330.947,361,2.17911,-1.59522,-0.647323,1.33596
331.813,360.5,2.25033,-1.63553,-0.682509,1.3868
332.679,360,2.35231,-1.69821,-0.724679,1.4575
333.546,359.5,2.48501,-1.78326,-0.773833,1.54805
334.412,359,2.64839,-1.89068,-0.82997,1.65845
335.278,358.5,2.84242,-2.02047,-0.893092,1.7887
336.144,358,3.00727,-2.1236,-0.948276,1.90651
337.01,357.5,2.87199,-2.00438,-0.949833,1.82444
337.876,357,2.71318,-1.86181,-0.950776,1.72947
338.742,356.5,2.59322,-1.73925,-0.960951,1.66625
339.608,356,2.51245,-1.63669,-0.98036,1.63479
340.474,355.5,2.47122,-1.55415,-1.009,1.63508
341.34,355,2.46985,-1.49161,-1.04687,1.66713
342.206,354.5,2.36776,-1.39235,-1.02387,1.61843
343.072,354,2.14101,-1.2528,-0.919358,1.47283
343.938,353.5,1.94466,-1.13746,-0.807277,1.35506
344.804,353,1.77995,-1.04636,-0.68763,1.26512
345.67,352.5,1.57903,-0.932675,-0.532766,1.15742
346.536,352,1.32338,-0.77958,-0.341753,1.01331
347.402,351.5,1.07501,-0.618907,-0.14519,0.866902
348.268,351,0.788356,-0.397602,0.0475651,0.679085
349.134,350.5,0.616838,-0.225186,0.214906,0.532537
350,350,0.565877,-0.10166,0.356834,0.427261
350.866,349.5,0.597279,-0.0270231,0.473347,0.363255
351.732,349,0.659209,-0.00127541,0.564447,0.34052
352.598,348.5,0.725662,-0.024417,0.630133,0.359056
353.464,348,0.708369,-0.0172773,0.522761,0.477712
354.33,347.5,0.707535,0.0190631,0.373428,0.600662
355.196,347,0.739914,0.0771011,0.202839,0.707379
356.062,346.5,0.803531,0.136394,0.041563,0.790779
356.928,346,0.879083,0.189093,-0.094433,0.853296
357.794,345.5,0.947789,0.2352,-0.205149,0.894929
358.66,345,0.950972,0.263664,-0.225574,0.885407
359.526,344.5,0.908388,0.275165,-0.185573,0.845586
360.392,344,0.868088,0.279437,-0.150405,0.808004
361.258,343.5,0.829376,0.276482,-0.120072,0.77266
362.124,343,0.791708,0.266298,-0.094572,0.739556
362.99,342.5,0.754751,0.248887,-0.073906,0.70869
363.856,342,0.719856,0.226882,-0.0599922,0.680528
364.722,341.5,0.703625,0.2195,-0.0513158,0.66654
365.588,341,0.696559,0.216852,-0.0413738,0.660649
366.454,340.5,0.690824,0.214192,-0.033115,0.655945
367.321,340,0.68637,0.211518,-0.0265393,0.652426
368.187,339.5,0.683153,0.208831,-0.0216467,0.650092
369.053,339,0.681144,0.206132,-0.0184372,0.648943
369.919,338.5,0.676213,0.2036,-0.0174681,0.644598
370.785,338,0.67037,0.200693,-0.017086,0.639395
371.651,337.5,0.663992,0.197368,-0.0171656,0.633748
372.517,337,0.657083,0.193627,-0.017707,0.627657
373.383,336.5,0.649646,0.189468,-0.0187101,0.621122
374.249,336,0.640085,0.184308,-0.0204979,0.612633
375.115,335.5,0.626794,0.178239,-0.021397,0.600536
375.981,335,0.61198,0.171921,-0.0216255,0.586937
376.847,334.5,0.597571,0.165479,-0.0218018,0.573788
377.713,334,0.58357,0.158912,-0.0219258,0.561088
378.579,333.5,0.569981,0.152219,-0.0219977,0.548839
379.445,333,0.55681,0.145403,-0.0220173,0.537039
380.311,332.5,0.544159,0.139152,-0.0218421,0.525613
381.177,332,0.532159,0.134653,-0.0212949,0.514401
382.043,331.5,0.520526,0.130024,-0.0208031,0.503595
382.909,331,0.509263,0.125264,-0.0203665,0.493196
383.775,330.5,0.498833,0.11954,-0.0199178,0.483889
384.641,330,0.488877,0.113548,-0.0194827,0.475108
385.507,329.5,0.479201,0.107647,-0.0190851,0.466563
386.373,329,0.469752,0.102475,-0.0183093,0.458073
387.239,328.5,0.460496,0.0973935,-0.0175896,0.449735
388.105,328,0.451432,0.0923716,-0.016947,0.441555
388.971,327.5,0.442561,0.087409,-0.0163814,0.433534
389.837,327,0.433884,0.0825059,-0.015893,0.425671
390.703,326.5,0.425402,0.0776621,-0.0154816,0.417967
391.569,326,0.417104,0.0732003,-0.0150691,0.410354
392.435,325.5,0.408971,0.0689553,-0.014685,0.402848
393.301,325,0.401193,0.0646875,-0.0143002,0.395685
394.167,324.5,0.393576,0.0604512,-0.0139395,0.388655
395.033,324,0.386059,0.0562631,-0.01362,0.381695
395.899,323.5,0.378645,0.052123,-0.0133415,0.374802
396.765,323,0.371208,0.0480676,-0.0130933,0.36785
397.631,322.5,0.363607,0.0441437,-0.0128675,0.360688
398.497,322,0.356093,0.0402788,-0.0126881,0.353581
399.363,321.5,0.348667,0.0364729,-0.0125551,0.346527
400.229,321,0.341329,0.0327259,-0.0124685,0.339528
401.095,320.5,0.334079,0.029038,-0.0124284,0.332583
401.962,320,0.326915,0.0254128,-0.0124352,0.325688
402.828,319.5,0.319877,0.0220867,-0.0123685,0.318874
403.694,319,0.312985,0.0188289,-0.0122873,0.312176
404.56,318.5,0.306166,0.0156693,-0.0122203,0.30552
405.426,318,0.29942,0.012608,-0.0121677,0.298906
406.292,317.5,0.292745,0.00964478,-0.0121293,0.292335
407.158,317,0.286142,0.0067798,-0.0121053,0.285805
408.024,316.5,0.27922,0.00423555,-0.0121237,0.278925
408.89,316,0.272191,0.00188804,-0.0121628,0.271912
409.756,315.5,0.265221,-0.000360291,-0.0122092,0.264939
410.622,315,0.25831,-0.00250943,-0.0122629,0.258006
411.488,314.5,0.251456,-0.00455937,-0.0123238,0.251113
412.354,314,0.244987,-0.00665189,-0.0123423,0.244585
413.22,313.5,0.238417,-0.00846213,-0.0123791,0.237945
414.086,313,0.231591,-0.00984468,-0.0124486,0.231046
414.952,312.5,0.224831,-0.0111401,-0.0125137,0.224206
415.818,312,0.218138,-0.0123483,-0.0125743,0.217425
416.684,311.5,0.211511,-0.0134693,-0.0126305,0.210703
417.55,311,0.204948,-0.0145033,-0.0126822,0.204041
418.416,310.5,0.198414,-0.0154093,-0.0127306,0.197404
419.282,310,0.191439,-0.0156495,-0.0127896,0.190369
420.148,309.5,0.184532,-0.0158072,-0.0128386,0.183405
421.014,309,0.177694,-0.0158823,-0.0128775,0.176514
421.88,308.5,0.171216,-0.0160063,-0.0128536,0.169981
422.746,308,0.164804,-0.0160678,-0.0128195,0.163517
423.612,307.5,0.158449,-0.0160628,-0.0127769,0.157114
424.478,307,0.151831,-0.0154466,-0.0127227,0.150506
425.344,306.5,0.145174,-0.0145955,-0.0126572,0.143883
426.21,306,0.138587,-0.0136923,-0.0125812,0.137334
427.076,305.5,0.132071,-0.0127368,-0.0124948,0.13086
427.942,305,0.125625,-0.011729,-0.0123978,0.12446
428.808,304.5,0.119251,-0.0106691,-0.0122904,0.118135
429.674,304,0.112819,-0.00924309,-0.0121581,0.111781
430.54,303.5,0.106331,-0.00737776,-0.0119971,0.105394
431.406,303,0.100449,-0.00567798,-0.0118687,0.099584
432.272,302.5,0.0946752,-0.00394977,-0.0117316,0.0938625
433.138,302,0.0890145,-0.00219312,-0.0115859,0.0882301
434.004,301.5,0.0834741,-0.00040804,-0.0114316,0.0826867
434.87,301,0.0780548,0.00148942,-0.0112633,0.0772235
435.737,300.5,0.0727451,0.00401368,-0.0110486,0.0717891
436.603,300,0.0676441,0.00654691,-0.0108261,0.0664504
437.469,299.5,0.0627793,0.00908913,-0.0105959,0.0612075
438.335,299,0.0581855,0.0116403,-0.010358,0.0560603
439.201,298.5,0.0539057,0.0142005,-0.0101123,0.0510089
440.067,298,0.0500048,0.0167469,-0.00986261,0.0460733
440.933,297.5,0.0468414,0.0195582,-0.00961074,0.0414636
441.799,297,0.0442502,0.0224695,-0.00934908,0.0369567
442.665,296.5,0.0422487,0.0253634,-0.00908548,0.0325439
443.531,296,0.0408894,0.0282399,-0.00881992,0.0282252
444.397,295.5,0.0402035,0.0310991,-0.00855242,0.0240004
445.263,295,0.0401921,0.033941,-0.00828296,0.0198697
446.129,294.5,0.0410786,0.0370167,-0.0079925,0.0159166
446.995,294,0.042806,0.040322,-0.00768193,0.0121444
447.861,293.5,0.0450151,0.0435929,-0.00737146,0.0084667
448.727,293,0.0476099,0.0468294,-0.00706111,0.00488357
449.593,292.5,0.0504726,0.049997,-0.00676292,0.00142808
450.459,292,0.0533749,0.0529446,-0.00652957,-0.00176359
451.325,291.5,0.0564889,0.0559292,-0.00629062,-0.0048317
452.191,291,0.0599914,0.0592002,-0.00602813,-0.00761378
453.057,290.5,0.0635344,0.0624245,-0.0057671,-0.0103218
453.923,290,0.0670958,0.0656023,-0.00550752,-0.0129557
454.789,289.5,0.0706581,0.0687334,-0.00524939,-0.0155156
455.655,289,0.0742078,0.071818,-0.00499272,-0.0180013
456.521,288.5,0.0777339,0.074856,-0.00473749,-0.020413
457.387,288,0.0813841,0.0780876,-0.00446402,-0.0224894
458.253,287.5,0.0850027,0.0813006,-0.00419083,-0.0244565
459.119,287,0.0885274,0.0844226,-0.00393266,-0.0263524
459.985,286.5,0.0918782,0.0873734,-0.00371916,-0.0281717
460.851,286,0.0951722,0.0902741,-0.00350972,-0.0299337
461.717,285.5,0.0984078,0.0931245,-0.00330433,-0.0316386
462.583,285,0.101618,0.0960227,-0.00309705,-0.0331085
463.449,284.5,0.10479,0.0989473,-0.0028896,-0.0343816
464.315,284,0.107896,0.101816,-0.00268709,-0.0356069
465.181,283.5,0.110935,0.104629,-0.00248954,-0.0367843
466.047,283,0.113906,0.107386,-0.00229695,-0.037914
466.913,282.5,0.116809,0.110088,-0.0021093,-0.0389959
467.779,282,0.119641,0.112755,-0.00192506,-0.0399573
468.645,281.5,0.122361,0.115398,-0.00174995,-0.0406516
469.512,281,0.124945,0.117894,-0.00160198,-0.0413485
470.378,280.5,0.127473,0.120341,-0.00145753,-0.0420155
471.244,280,0.129944,0.122737,-0.0013166,-0.0426527
472.11,279.5,0.132358,0.125083,-0.0011792,-0.0432601
472.976,279,0.134716,0.127379,-0.00104533,-0.0438376
473.842,278.5,0.136957,0.129652,-0.000915393,-0.0441213
474.708,278,0.139141,0.131877,-0.000789422,-0.0443602
475.574,277.5,0.141272,0.134053,-0.000667393,-0.0445784
476.44,277,0.143352,0.136179,-0.000549307,-0.044776
477.306,276.5,0.14538,0.138255,-0.000435164,-0.0449529
478.172,276,0.14736,0.140276,-0.000332563,-0.0451377
479.038,275.5,0.149246,0.142234,-0.000250041,-0.0452093
