x,v,vx,vy,vz
220.096,425,0.209748,0.209705,-7.92425e-05,-0.00425584
220.962,424.5,0.209781,0.209736,-8.10941e-05,-0.00433835
221.828,424,0.209812,0.209765,-8.29411e-05,-0.00442447
222.694,423.5,0.209847,0.209798,-8.44898e-05,-0.00451268
223.56,423,0.209886,0.209835,-8.59027e-05,-0.00460047
224.426,422.5,0.209927,0.209874,-8.73232e-05,-0.00468935
225.292,422,0.209969,0.209915,-8.87512e-05,-0.00477931
226.158,421.5,0.210013,0.209957,-9.01869e-05,-0.00487034
227.024,421,0.210059,0.21,-9.16323e-05,-0.00496322
227.89,420.5,0.2101,0.210039,-9.31284e-05,-0.00506576
228.756,420,0.210144,0.21008,-9.46655e-05,-0.00516962
229.622,419.5,0.210189,0.210123,-9.62436e-05,-0.00527477
230.488,419,0.210236,0.210167,-9.78627e-05,-0.00538124
231.355,418.5,0.210285,0.210214,-9.95228e-05,-0.00548901
232.221,418,0.210335,0.21026,-0.000101939,-0.00559909
233.087,417.5,0.210381,0.210304,-0.000104309,-0.00571774
233.953,417,0.210429,0.210348,-0.000106675,-0.00584038
234.819,416.5,0.210478,0.210393,-0.000109161,-0.00596508
235.685,416,0.210529,0.210441,-0.000111766,-0.00609183
236.551,415.5,0.210581,0.21049,-0.000114492,-0.00622064
237.417,415,0.210636,0.21054,-0.000117337,-0.0063515
238.283,414.5,0.210687,0.210587,-0.000120331,-0.00649137
239.149,414,0.210733,0.210628,-0.000123473,-0.00664222
240.015,413.5,0.210781,0.210671,-0.000126724,-0.00679584
240.881,413,0.210831,0.210716,-0.000130083,-0.00695223
241.747,412.5,0.210901,0.210781,-0.000132449,-0.0071004
242.613,412,0.210979,0.210855,-0.000134558,-0.00724729
243.479,411.5,0.211061,0.210931,-0.000136592,-0.00739743
244.345,411,0.211142,0.211007,-0.000137864,-0.00755932
245.211,410.5,0.211228,0.211087,-0.000139081,-0.00772331
246.077,410,0.211318,0.211171,-0.000140242,-0.00788938
246.943,409.5,0.211413,0.21126,-0.000141348,-0.00805755
247.809,409,0.211513,0.211353,-0.000142398,-0.00822781
248.675,408.5,0.211618,0.211451,-0.000143392,-0.00840016
249.541,408,0.211709,0.211535,-0.000144665,-0.00859543
250.407,407.5,0.211802,0.211619,-0.00014602,-0.00879772
251.273,407,0.211881,0.211689,-0.000150091,-0.00901069
252.139,406.5,0.211959,0.211758,-0.000154877,-0.00922944
253.005,406,0.212041,0.21183,-0.000159893,-0.00945262
253.871,405.5,0.212125,0.211904,-0.00016514,-0.00968025
254.737,405,0.212211,0.211979,-0.00016937,-0.00991927
255.603,404.5,0.212299,0.212055,-0.000172686,-0.0101699
256.469,404,0.212391,0.212134,-0.000176315,-0.0104256
257.335,403.5,0.212486,0.212217,-0.000180257,-0.0106862
258.201,403,0.212585,0.212302,-0.00018451,-0.0109519
259.067,402.5,0.212687,0.212391,-0.000189076,-0.0112226
259.933,402,0.212785,0.212473,-0.000194047,-0.0115084
260.799,401.5,0.212918,0.212591,-0.000194761,-0.0118049
261.665,401,0.213068,0.212724,-0.000194923,-0.012101
262.531,400.5,0.213228,0.212867,-0.00019503,-0.0124006
263.397,400,0.213397,0.213018,-0.000195081,-0.0127034
264.263,399.5,0.213575,0.213178,-0.000195077,-0.0130096
265.13,399,0.213762,0.213347,-0.000195018,-0.0133191
265.996,398.5,0.213969,0.213534,-0.00018887,-0.0136436
266.862,398,0.214191,0.213735,-0.000181364,-0.0139745
267.728,397.5,0.214427,0.213949,-0.000173301,-0.0143103
268.594,397,0.214676,0.214176,-0.000164681,-0.0146511
269.46,396.5,0.214939,0.214416,-0.000155503,-0.0149967
270.326,396,0.215133,0.214583,-0.00015701,-0.0153735
271.192,395.5,0.215274,0.214693,-0.00016054,-0.0158109
272.058,395,0.215379,0.214761,-0.000165402,-0.016301
272.924,394.5,0.215489,0.214833,-0.000170694,-0.0168044
273.79,394,0.215606,0.214909,-0.000176415,-0.017321
274.656,393.5,0.215729,0.214989,-0.000182567,-0.0178508
275.522,393,0.215858,0.215073,-0.000189148,-0.0183939
276.388,392.5,0.216003,0.21517,-0.00019197,-0.0189474
277.254,392,0.216185,0.215303,-0.000182564,-0.0195052
278.12,391.5,0.216377,0.215444,-0.000173511,-0.0200751
278.986,391,0.216587,0.2156,-0.00016424,-0.0206539
279.852,390.5,0.217022,0.215989,-0.000136539,-0.0211424
280.718,390,0.217486,0.216407,-0.000107075,-0.02164
281.584,389.5,0.217981,0.216853,-7.58481e-05,-0.0221468
282.45,389,0.218286,0.217085,-4.37028e-05,-0.0228637
283.316,388.5,0.2186,0.217322,-1.06755e-05,-0.0236036
284.182,388,0.218938,0.21758,2.32652e-05,-0.0243524
285.048,387.5,0.2193,0.217858,5.81192e-05,-0.0251101
285.914,387,0.219686,0.218157,9.38865e-05,-0.0258768
286.78,386.5,0.220096,0.218477,0.000130567,-0.0266525
287.646,386,0.220617,0.218909,0.000199431,-0.0274025
288.512,385.5,0.221207,0.219409,0.000288169,-0.0281507
289.378,385,0.221621,0.219722,0.000352967,-0.0289482
290.244,384.5,0.222064,0.220061,0.00041852,-0.0297577
291.11,384,0.222537,0.220426,0.000484829,-0.0305793
291.976,383.5,0.223041,0.220817,0.000551893,-0.0314128
292.842,383,0.22341,0.221046,0.000622487,-0.0324086
293.708,382.5,0.22342,0.22085,0.000701205,-0.033778
294.574,382,0.223442,0.220652,0.000782282,-0.0351895
295.44,381.5,0.223477,0.22045,0.000865718,-0.0366431
296.306,381,0.223526,0.220246,0.000951512,-0.0381386
297.172,380.5,0.223589,0.220038,0.00103966,-0.0396762
298.038,380,0.223746,0.219913,0.00113823,-0.0412183
298.905,379.5,0.224721,0.220711,0.00137974,-0.0422408
299.771,379,0.225784,0.221586,0.00163192,-0.0433055
300.637,378.5,0.22693,0.222533,0.00189384,-0.0444159
301.503,378,0.228161,0.223553,0.00216551,-0.0455719
302.369,377.5,0.229477,0.224646,0.00244693,-0.0467736
303.235,377,0.230878,0.225812,0.0027381,-0.0480209
304.101,376.5,0.231565,0.226059,0.00308613,-0.050098
304.967,376,0.231956,0.225885,0.00347075,-0.0526111
305.833,375.5,0.232439,0.22576,0.00387014,-0.0551866
306.699,375,0.233014,0.225684,0.0042843,-0.0578242
307.565,374.5,0.233569,0.225558,0.0047008,-0.0604641
308.431,374,0.233761,0.225069,0.00509012,-0.0629464
309.297,373.5,0.234184,0.224869,0.00552338,-0.0651575
310.163,373,0.2352,0.225424,0.00601364,-0.0668318
311.029,372.5,0.236508,0.226266,0.00651347,-0.0685366
311.895,372,0.238107,0.227393,0.00702289,-0.0702719
312.761,371.5,0.239998,0.228807,0.00754189,-0.0720378
313.627,371,0.242178,0.230507,0.00807047,-0.0738342
314.493,370.5,0.244507,0.232301,0.00864197,-0.0757958
315.359,370,0.244054,0.230145,0.00995265,-0.0806012
316.225,369.5,0.243571,0.227797,0.0113458,-0.0854773
317.091,369,0.243261,0.225471,0.0128312,-0.0904122
317.957,368.5,0.243646,0.223738,0.0144123,-0.095378
318.823,368,0.244353,0.222194,0.0160575,-0.100401
319.689,367.5,0.245381,0.220839,0.017767,-0.105481
320.555,367,0.247901,0.221501,0.0183746,-0.109794
321.421,366.5,0.250914,0.222783,0.018515,-0.113941
322.287,366,0.253955,0.223979,0.0186008,-0.118238
323.153,365.5,0.257028,0.225088,0.0186322,-0.122686
324.019,365,0.260141,0.226109,0.018609,-0.127285
324.885,364.5,0.263297,0.227044,0.0185313,-0.132033
325.751,364,0.26686,0.226448,0.0210668,-0.139612
326.617,363.5,0.272954,0.225668,0.0276169,-0.151046
327.483,363,0.280531,0.226819,0.0350696,-0.16131
328.349,362.5,0.287175,0.226321,0.0436097,-0.171309
329.215,362,0.293026,0.224174,0.0532372,-0.181043
330.081,361.5,0.298246,0.220378,0.0639521,-0.190511
330.947,361,0.303804,0.215918,0.073364,-0.200734
331.813,360.5,0.320027,0.222926,0.0606665,-0.221452
332.679,360,0.343441,0.2363,0.0452771,-0.24508
333.546,359.5,0.374262,0.256041,0.0271959,-0.271616
334.412,359,0.412658,0.282147,0.00642292,-0.301062
335.278,358.5,0.458741,0.31462,-0.0170419,-0.333417
336.144,358,0.50424,0.34866,-0.038876,-0.362191
337.01,357.5,0.504694,0.360877,0.0107049,-0.35266
337.876,357,0.506015,0.37693,0.0748682,-0.329197
338.742,356.5,0.519466,0.40235,0.135603,-0.299285
339.608,356,0.545374,0.437138,0.19291,-0.262925
340.474,355.5,0.583951,0.481293,0.246788,-0.220116
341.34,355,0.635273,0.534817,0.297238,-0.170859
342.206,354.5,0.653657,0.556697,0.30932,-0.147232
343.072,354,0.630363,0.527828,0.302185,-0.165647
343.938,353.5,0.617641,0.488941,0.323237,-0.194769
344.804,353,0.62242,0.440036,0.372476,-0.234599
345.67,352.5,0.626632,0.373955,0.425236,-0.268328
346.536,352,0.621733,0.302302,0.466943,-0.277723
347.402,351.5,0.605171,0.259707,0.493831,-0.23434
348.268,351,0.504541,0.318628,0.391157,0.00586963
349.134,350.5,0.502353,0.344513,0.310985,0.192244
350,350,0.532416,0.337362,0.253317,0.324783
350.866,349.5,0.546539,0.297176,0.218151,0.403487
351.732,349,0.525233,0.223953,0.205489,0.428356
352.598,348.5,0.468755,0.117695,0.21533,0.39939
353.464,348,0.423742,-0.0306844,0.23132,0.353704
354.33,347.5,0.437077,-0.171928,0.2326,0.32768
355.196,347,0.489714,-0.235455,0.189204,0.385464
356.062,346.5,0.560402,-0.23675,0.12426,0.492504
356.928,346,0.632695,-0.235827,0.0703282,0.582875
357.794,345.5,0.697128,-0.232685,0.0274074,0.656577
358.66,345,0.72356,-0.204927,0.0245017,0.693501
359.526,344.5,0.725751,-0.161451,0.0438387,0.706206
360.392,344,0.728694,-0.124311,0.054928,0.715908
361.258,343.5,0.730918,-0.0935089,0.0577695,0.722607
362.124,343,0.731453,-0.0690431,0.0523634,0.726302
362.99,342.5,0.729803,-0.0509141,0.0387095,0.726995
363.856,342,0.720519,-0.0386264,0.0222962,0.719138
364.722,341.5,0.686143,-0.0447341,0.0175532,0.684458
365.588,341,0.65095,-0.0621351,0.00959946,0.647907
366.454,340.5,0.618303,-0.0801854,0.00208129,0.613078
367.321,340,0.588364,-0.0988851,-0.0050013,0.579973
368.187,339.5,0.561308,-0.118234,-0.0116483,0.54859
369.053,339,0.537323,-0.138232,-0.0178598,0.518931
369.919,338.5,0.514726,-0.147361,-0.0243462,0.49258
370.785,338,0.492884,-0.15392,-0.0305384,0.467238
371.651,337.5,0.471805,-0.159111,-0.0363591,0.442676
372.517,337,0.451406,-0.162934,-0.0418084,0.418894
373.383,336.5,0.431605,-0.165389,-0.0468863,0.395893
374.249,336,0.411192,-0.163335,-0.0480612,0.374287
375.115,335.5,0.388778,-0.159391,-0.0470784,0.351463
375.981,335,0.365597,-0.154903,-0.0457209,0.327987
376.847,334.5,0.343216,-0.150121,-0.0442686,0.305452
377.713,334,0.321617,-0.145045,-0.0427216,0.283856
378.579,333.5,0.300785,-0.139676,-0.0410798,0.263201
379.445,333,0.2807,-0.134013,-0.0393433,0.243485
380.311,332.5,0.260647,-0.12708,-0.0375395,0.224451
381.177,332,0.239453,-0.117507,-0.0356379,0.205571
382.043,331.5,0.219022,-0.108128,-0.033519,0.187498
382.909,331,0.19935,-0.0989428,-0.0311828,0.17023
383.775,330.5,0.181902,-0.0914642,-0.0301755,0.154312
384.641,330,0.165343,-0.084591,-0.0296949,0.138928
385.507,329.5,0.149033,-0.0777015,-0.0291589,0.123787
386.373,329,0.132367,-0.0665775,-0.0276359,0.111017
387.239,328.5,0.116277,-0.0557687,-0.026093,0.0986376
388.105,328,0.100816,-0.0454911,-0.0245771,0.0865476
388.971,327.5,0.0860104,-0.0357445,-0.0230882,0.0747466
389.837,327,0.0719036,-0.0265292,-0.0216262,0.0632348
390.703,326.5,0.0585779,-0.0178449,-0.0201911,0.052012
391.569,326,0.0464427,-0.00919246,-0.0185289,0.0415825
392.435,325.5,0.036005,-0.000641779,-0.0167125,0.0318848
393.301,325,0.0293283,0.00622861,-0.0153483,0.024203
394.167,324.5,0.0255618,0.0125651,-0.0141494,0.0171849
395.033,324,0.0250671,0.0187632,-0.0129903,0.0103707
395.899,323.5,0.0277712,0.0248229,-0.0118711,0.00376036
396.765,323,0.0330818,0.0312015,-0.0108,-0.00205774
397.631,322.5,0.040121,0.0383659,-0.00979008,-0.00647397
398.497,322,0.0474292,0.0453492,-0.00882672,-0.0107268
399.363,321.5,0.0547893,0.0521515,-0.00790988,-0.0148163
400.229,321,0.0620893,0.0587728,-0.00703954,-0.0187424
401.095,320.5,0.0692666,0.0652131,-0.00621572,-0.0225051
401.962,320,0.0762793,0.0714691,-0.00543681,-0.0260989
402.828,319.5,0.0825531,0.0770821,-0.00475523,-0.0291675
403.694,319,0.0886432,0.0825106,-0.00413938,-0.0321323
404.56,318.5,0.094551,0.08778,-0.00354781,-0.0349568
405.426,318,0.100271,0.0928901,-0.0029805,-0.037641
406.292,317.5,0.1058,0.097841,-0.00243747,-0.0401849
407.158,317,0.111135,0.102633,-0.00191871,-0.0425886
408.024,316.5,0.116271,0.107596,-0.00149725,-0.0440421
408.89,316,0.121212,0.112529,-0.00112699,-0.0450368
409.756,315.5,0.125961,0.117284,-0.000774953,-0.0459348
410.622,315,0.130516,0.12186,-0.000441137,-0.0467361
411.488,314.5,0.134877,0.126258,-0.000125542,-0.0474406
412.354,314,0.13878,0.130107,9.60403e-05,-0.0482913
413.22,313.5,0.142386,0.133727,0.00030245,-0.0488955
414.086,313,0.145652,0.137119,0.000503254,-0.049119
414.952,312.5,0.148807,0.140403,0.000692558,-0.0492971
415.818,312,0.151851,0.143578,0.000870359,-0.0494299
416.684,311.5,0.154782,0.146644,0.00103666,-0.0495174
417.55,311,0.157602,0.149602,0.00119146,-0.0495595
418.416,310.5,0.160296,0.152454,0.0013306,-0.0495068
419.282,310,0.162712,0.155239,0.00140111,-0.0487232
420.148,309.5,0.165037,0.157914,0.00146441,-0.0479379
421.014,309,0.167269,0.160479,0.00152051,-0.047151
421.88,308.5,0.169603,0.163043,0.00156316,-0.0466873
422.746,308,0.171859,0.165516,0.001601,-0.0462329
423.612,307.5,0.174031,0.167895,0.00163428,-0.0457774
424.478,307,0.175855,0.169981,0.0016519,-0.0450418
425.344,306.5,0.177532,0.171926,0.00166236,-0.0442273
426.21,306,0.17915,0.173798,0.00166949,-0.0434285
427.076,305.5,0.180709,0.175597,0.0016733,-0.0426455
427.942,305,0.182208,0.177322,0.00167378,-0.0418781
428.808,304.5,0.183646,0.178974,0.00167094,-0.0411266
429.674,304,0.184937,0.180499,0.00165406,-0.040237
430.54,303.5,0.186072,0.181892,0.00162169,-0.0391831
431.406,303,0.187191,0.183211,0.00159485,-0.0383637
432.272,302.5,0.188279,0.184488,0.00156786,-0.0375639
433.138,302,0.189337,0.185723,0.00154071,-0.0367837
434.004,301.5,0.190362,0.186917,0.0015134,-0.0360233
434.87,301,0.191328,0.188045,0.00148501,-0.0352611
435.737,300.5,0.192067,0.188962,0.0014501,-0.0343655
436.603,300,0.192788,0.189851,0.0014156,-0.0334952
437.469,299.5,0.193491,0.190711,0.00138151,-0.0326504
438.335,299,0.194175,0.191543,0.00134783,-0.0318308
439.201,298.5,0.194839,0.192347,0.00131457,-0.0310366
440.067,298,0.195496,0.193133,0.00128221,-0.0302809
440.933,297.5,0.19614,0.193895,0.00124836,-0.0295614
441.799,297,0.19674,0.194612,0.00121352,-0.0288353
442.665,296.5,0.197325,0.195306,0.00117927,-0.0281299
443.531,296,0.197895,0.195979,0.00114563,-0.0274453
444.397,295.5,0.198448,0.19663,0.0011126,-0.0267815
445.263,295,0.198986,0.197258,0.00108016,-0.0261385
446.129,294.5,0.199442,0.197805,0.0010467,-0.0254784
446.995,294,0.199822,0.198274,0.00101225,-0.0248001
447.861,293.5,0.200192,0.198729,0.000978562,-0.0241429
448.727,293,0.200553,0.199169,0.000945631,-0.0235066
449.593,292.5,0.200909,0.199598,0.000914647,-0.0229021
450.459,292,0.201285,0.200036,0.000890747,-0.0223725
451.325,291.5,0.201637,0.200448,0.000867018,-0.0218479
452.191,291,0.201912,0.200784,0.000841953,-0.0212931
453.057,290.5,0.202183,0.201113,0.000817499,-0.0207533
453.923,290,0.202449,0.201434,0.000793653,-0.0202286
454.789,289.5,0.20271,0.201747,0.000770417,-0.0197189
455.655,289,0.202967,0.202053,0.000747791,-0.0192244
456.521,288.5,0.203219,0.202352,0.000725774,-0.0187448
457.387,288,0.203403,0.202581,0.000703363,-0.0182524
458.253,287.5,0.203575,0.202796,0.000681415,-0.01777
459.119,287,0.203757,0.203019,0.000660184,-0.0173125
459.985,286.5,0.20398,0.203277,0.000639813,-0.0169049
460.851,286,0.204198,0.203529,0.00061992,-0.0165082
461.717,285.5,0.204412,0.203775,0.000600504,-0.0161225
462.583,285,0.204592,0.203985,0.000581281,-0.0157363
463.449,284.5,0.204745,0.204167,0.000562304,-0.0153511
464.315,284,0.204895,0.204346,0.000543812,-0.0149762
465.181,283.5,0.205042,0.20452,0.000525804,-0.0146116
466.047,283,0.205188,0.204691,0.000508279,-0.0142572
466.913,282.5,0.20533,0.204858,0.000491239,-0.0139131
467.779,282,0.20546,0.20501,0.000474552,-0.0135763
468.645,281.5,0.20556,0.205132,0.000458991,-0.013245
469.512,281,0.205673,0.205265,0.0004466,-0.0129375
470.378,280.5,0.205785,0.205396,0.000434505,-0.0126375
471.244,280,0.205895,0.205524,0.000422707,-0.0123449
472.11,279.5,0.206005,0.205651,0.000411205,-0.0120598
472.976,279,0.206113,0.205776,0.000400001,-0.0117821
473.842,278.5,0.20619,0.205868,0.00038903,-0.0115049
474.708,278,0.206264,0.205957,0.000378303,-0.0112339
475.574,277.5,0.206337,0.206045,0.000367824,-0.0109698
476.44,277,0.20641,0.206132,0.000357594,-0.0107126
477.306,276.5,0.206483,0.206218,0.000347611,-0.0104622
478.172,276,0.206564,0.206311,0.000337755,-0.0102245
479.038,275.5,0.206643,0.2064,0.000327829,-0.0100006
