x,v,vx,vy,vz
220.096,425,0.188554,0.115774,-0.080766,0.125003
220.962,424.5,0.198347,0.128816,-0.0849678,0.124614
221.828,424,0.208837,0.14286,-0.0888993,0.123696
222.694,423.5,0.220538,0.158493,-0.0925446,0.122281
223.56,423,0.233288,0.174531,-0.0962202,0.12126
224.426,422.5,0.246776,0.190869,-0.099775,0.120467
225.292,422,0.260937,0.207508,-0.103209,0.119903
226.158,421.5,0.275716,0.224446,-0.106522,0.119567
227.024,421,0.290794,0.241535,-0.109551,0.119251
227.89,420.5,0.303107,0.25702,-0.110461,0.116674
228.756,420,0.315438,0.272401,-0.110917,0.114
229.622,419.5,0.327771,0.287679,-0.110919,0.111229
230.488,419,0.340096,0.302853,-0.110468,0.108361
231.355,418.5,0.352403,0.317923,-0.109564,0.105396
232.221,418,0.359989,0.328955,-0.104107,0.102677
233.087,417.5,0.36291,0.336009,-0.0954391,0.0984528
233.953,417,0.364614,0.341797,-0.0859477,0.09344
234.819,416.5,0.365823,0.346871,-0.0758422,0.0880596
235.685,416,0.366578,0.351232,-0.0651224,0.0823114
236.551,415.5,0.366929,0.354878,-0.0537884,0.0761955
237.417,415,0.366931,0.35781,-0.0418402,0.0697119
238.283,414.5,0.366467,0.359835,-0.0312925,0.0619493
239.149,414,0.365693,0.361147,-0.0231828,0.0525995
240.015,413.5,0.364902,0.362069,-0.0153085,0.0427193
240.881,413,0.364117,0.3626,-0.00766955,0.0323086
241.747,412.5,0.358922,0.35826,-0.00139847,0.0217599
242.613,412,0.353164,0.352968,0.00380653,0.0111106
243.479,411.5,0.348321,0.348232,0.00787203,0.000442696
244.345,411,0.345099,0.344844,0.00938822,-0.00938973
245.211,410.5,0.342418,0.341709,0.010634,-0.0192995
246.077,410,0.340288,0.338827,0.0116093,-0.0292866
246.943,409.5,0.338717,0.336198,0.0123142,-0.039351
247.809,409,0.337712,0.333822,0.0127487,-0.0494928
248.675,408.5,0.337278,0.331699,0.0129127,-0.0597119
249.541,408,0.338069,0.330614,0.0129494,-0.0694075
250.407,407.5,0.339449,0.329887,0.0128415,-0.0789642
251.273,407,0.344347,0.333214,0.0102714,-0.0862421
252.139,406.5,0.349948,0.337279,0.00741131,-0.0930153
253.005,406,0.355643,0.341351,0.00471213,-0.099697
253.871,405.5,0.361419,0.34543,0.00217385,-0.106287
254.737,405,0.367578,0.349683,-3.68227e-05,-0.113292
255.603,404.5,0.373957,0.35394,-0.00188888,-0.120693
256.469,404,0.380196,0.357986,-0.0035316,-0.127996
257.335,403.5,0.386288,0.361821,-0.00496498,-0.135202
258.201,403,0.392226,0.365445,-0.00618902,-0.142311
259.067,402.5,0.398003,0.368859,-0.00720373,-0.149324
259.933,402,0.403474,0.371819,-0.0079437,-0.156457
260.799,401.5,0.410864,0.3762,-0.00986268,-0.16488
261.665,401,0.418196,0.380433,-0.0115061,-0.173279
262.531,400.5,0.425185,0.384238,-0.0126919,-0.181612
263.397,400,0.43183,0.387613,-0.0134202,-0.189878
264.263,399.5,0.438131,0.390559,-0.0136908,-0.198078
265.13,399,0.444088,0.393076,-0.0135039,-0.206211
265.996,398.5,0.446804,0.392669,-0.0134447,-0.212752
266.862,398,0.448858,0.391507,-0.0132152,-0.219137
267.728,397.5,0.450666,0.389934,-0.012748,-0.225584
268.594,397,0.452236,0.38795,-0.0120432,-0.232093
269.46,396.5,0.453582,0.385556,-0.0111008,-0.238664
270.326,396,0.455349,0.384475,-0.0108631,-0.243728
271.192,395.5,0.455593,0.382467,-0.0108178,-0.247321
272.058,395,0.454581,0.379549,-0.0105738,-0.249949
272.924,394.5,0.45313,0.376142,-0.00972738,-0.252486
273.79,394,0.451248,0.372245,-0.00827856,-0.25493
274.656,393.5,0.448947,0.367859,-0.00622733,-0.257282
275.522,393,0.446242,0.362984,-0.00357369,-0.259542
276.388,392.5,0.442487,0.357224,0.000140705,-0.261124
277.254,392,0.436353,0.349756,0.00584571,-0.260846
278.12,391.5,0.429866,0.341745,0.0121668,-0.260475
278.986,391,0.423048,0.333241,0.0190371,-0.25992
279.852,390.5,0.415109,0.325776,0.0242117,-0.256123
280.718,390,0.406538,0.318009,0.0295475,-0.251536
281.584,389.5,0.397345,0.309938,0.0350444,-0.246158
282.45,389,0.383752,0.299584,0.0408469,-0.236319
283.316,388.5,0.369842,0.288968,0.0463826,-0.226117
284.182,388,0.355898,0.278236,0.0516268,-0.21583
285.048,387.5,0.341922,0.267387,0.0565793,-0.205459
285.914,387,0.327915,0.256421,0.0612402,-0.195004
286.78,386.5,0.313883,0.245338,0.0656095,-0.184465
287.646,386,0.298233,0.231885,0.0693622,-0.174243
288.512,385.5,0.282121,0.216375,0.0729777,-0.165675
289.378,385,0.266971,0.197504,0.0785657,-0.161532
290.244,384.5,0.25285,0.178435,0.0845208,-0.157957
291.11,384,0.239992,0.159166,0.090843,-0.15495
291.976,383.5,0.228665,0.139698,0.0975325,-0.152511
292.842,383,0.217489,0.116598,0.10539,-0.150332
293.708,382.5,0.205858,0.0857108,0.115223,-0.147495
294.574,382,0.198821,0.0549815,0.125097,-0.144422
295.44,381.5,0.196816,0.0244097,0.13501,-0.141114
296.306,381,0.19994,-0.00600444,0.144963,-0.137571
297.172,380.5,0.207909,-0.036261,0.154955,-0.133792
298.038,380,0.218493,-0.065017,0.164528,-0.128229
298.905,379.5,0.227814,-0.099136,0.162365,-0.125336
299.771,379,0.242338,-0.131669,0.160897,-0.124511
300.637,378.5,0.2605,-0.162482,0.16022,-0.125656
301.503,378,0.28105,-0.191575,0.160333,-0.128769
302.369,377.5,0.30307,-0.218947,0.161236,-0.133852
303.235,377,0.325928,-0.2446,0.16293,-0.140904
304.101,376.5,0.356882,-0.270314,0.153201,-0.175571
304.967,376,0.396067,-0.296459,0.138176,-0.223358
305.833,375.5,0.439421,-0.322432,0.12368,-0.27172
306.699,375,0.485926,-0.348233,0.109712,-0.320658
307.565,374.5,0.532254,-0.372124,0.0965196,-0.368106
308.431,374,0.570752,-0.389217,0.0858972,-0.408522
309.297,373.5,0.602671,-0.395458,0.0741236,-0.4487
310.163,373,0.624345,-0.383486,0.0569238,-0.489392
311.029,372.5,0.649804,-0.371149,0.0399418,-0.531882
311.895,372,0.678966,-0.358448,0.0231774,-0.57617
312.761,371.5,0.711713,-0.345383,0.00663071,-0.622255
313.627,371,0.747913,-0.331953,-0.00969831,-0.670139
314.493,370.5,0.785342,-0.317733,-0.0256149,-0.717741
315.359,370,0.783479,-0.294788,-0.038565,-0.724881
316.225,369.5,0.786137,-0.272377,-0.053767,-0.73548
317.091,369,0.791366,-0.25041,-0.0699877,-0.747434
317.957,368.5,0.796816,-0.227891,-0.0847385,-0.758816
318.823,368,0.808603,-0.204577,-0.10085,-0.775768
319.689,367.5,0.826943,-0.180468,-0.118322,-0.79829
320.555,367,0.81812,-0.168643,-0.119203,-0.791625
321.421,366.5,0.801302,-0.164148,-0.115943,-0.775692
322.287,366,0.788575,-0.162687,-0.115308,-0.762946
323.153,365.5,0.779958,-0.164263,-0.1173,-0.753388
324.019,365,0.775511,-0.168874,-0.121918,-0.747017
324.885,364.5,0.775326,-0.17652,-0.129162,-0.743834
325.751,364,0.773994,-0.178941,-0.13354,-0.741089
326.617,363.5,0.765465,-0.16792,-0.129691,-0.735473
327.483,363,0.756436,-0.153276,-0.123986,-0.730294
328.349,362.5,0.750356,-0.141316,-0.119339,-0.727201
329.215,362,0.74712,-0.132039,-0.115749,-0.726193
330.081,361.5,0.746644,-0.125445,-0.113215,-0.727271
330.947,361,0.750797,-0.121582,-0.111591,-0.732435
331.813,360.5,0.775637,-0.120502,-0.109882,-0.758299
332.679,360,0.804773,-0.121544,-0.109523,-0.787967
333.546,359.5,0.838167,-0.124707,-0.110512,-0.821437
334.412,359,0.875796,-0.129991,-0.112851,-0.858712
335.278,358.5,0.917649,-0.137397,-0.116538,-0.899789
336.144,358,0.963381,-0.144545,-0.118861,-0.94503
337.01,357.5,1.00236,-0.163814,-0.110066,-0.982734
337.876,357,1.03259,-0.183111,-0.096659,-1.01161
338.742,356.5,1.0555,-0.198112,-0.0803232,-1.03362
339.608,356,1.0711,-0.208817,-0.0610582,-1.04877
340.474,355.5,1.07943,-0.215226,-0.0388641,-1.05704
341.34,355,1.08062,-0.217338,-0.0137407,-1.05845
342.206,354.5,1.04192,-0.197341,0.0434532,-1.02214
343.072,354,0.960659,-0.155042,0.145565,-0.936824
343.938,353.5,0.881855,-0.111039,0.26339,-0.834245
344.804,353,0.819871,-0.0653318,0.396927,-0.714402
345.67,352.5,0.777328,-0.0220575,0.519633,-0.577697
346.536,352,0.742605,0.00357257,0.608853,-0.425144
347.402,351.5,0.71935,0.00112564,0.663929,-0.276878
348.268,351,0.630037,-0.0461422,0.572541,-0.258869
349.134,350.5,0.544671,-0.066728,0.456028,-0.290264
350,350,0.490105,-0.0606317,0.314388,-0.371062
350.866,349.5,0.523291,-0.0278532,0.147623,-0.501264
351.732,349,0.683039,0.0316073,-0.0442686,-0.68087
352.598,348.5,0.953948,0.11775,-0.261286,-0.909879
353.464,348,1.14419,0.160663,-0.436422,-1.04542
354.33,347.5,1.30725,0.188366,-0.593508,-1.14942
355.196,347,1.44837,0.224214,-0.715963,-1.23891
356.062,346.5,1.58667,0.282133,-0.809919,-1.33489
356.928,346,1.7415,0.355587,-0.899666,-1.44809
357.794,345.5,1.91309,0.444576,-0.985203,-1.57849
358.66,345,1.95441,0.551357,-0.979394,-1.59891
359.526,344.5,1.8766,0.658266,-0.899136,-1.50992
360.392,344,1.80963,0.7579,-0.824757,-1.42131
361.258,343.5,1.75271,0.850259,-0.756256,-1.33309
362.124,343,1.70489,0.935342,-0.693632,-1.24525
362.99,342.5,1.66512,1.01315,-0.636887,-1.1578
363.856,342,1.61629,1.06246,-0.583839,-1.06898
364.722,341.5,1.4906,1.01242,-0.506387,-0.969773
365.588,341,1.35243,0.953958,-0.417489,-0.862972
366.454,340.5,1.20874,0.896128,-0.326143,-0.742716
367.321,340,1.06239,0.838933,-0.232348,-0.609005
368.187,339.5,0.918656,0.782374,-0.136106,-0.461839
369.053,339,0.787312,0.726449,-0.0374147,-0.301217
369.919,338.5,0.749486,0.713604,-0.0100191,-0.228905
370.785,338,0.708362,0.692405,0.0186445,-0.148341
371.651,337.5,0.66152,0.657307,0.0573079,-0.0476671
372.517,337,0.621785,0.60831,0.105971,0.0731177
373.383,336.5,0.608591,0.545414,0.164634,0.214013
374.249,336,0.635295,0.469534,0.229365,0.361288
375.115,335.5,0.661581,0.419577,0.245249,0.448884
375.981,335,0.668558,0.386322,0.224193,0.497456
376.847,334.5,0.685917,0.346182,0.203069,0.55624
377.713,334,0.716586,0.299157,0.181876,0.625237
378.579,333.5,0.763012,0.245246,0.160614,0.704446
379.445,333,0.826831,0.184451,0.139284,0.793868
380.311,332.5,0.882818,0.135794,0.119714,0.864058
381.177,332,0.876525,0.133058,0.103486,0.860164
382.043,331.5,0.87305,0.125101,0.0847229,0.859877
382.909,331,0.872732,0.11192,0.063426,0.863199
383.775,330.5,0.87136,0.0904211,0.0380635,0.865819
384.641,330,0.874182,0.063452,0.0108902,0.871808
385.507,329.5,0.883851,0.0323824,-0.0172781,0.883088
386.373,329,0.866817,0.0425693,-0.0236926,0.865447
387.239,328.5,0.850052,0.0554354,-0.0293399,0.847735
388.105,328,0.835112,0.0689021,-0.0353013,0.831516
388.971,327.5,0.822045,0.0829693,-0.0415767,0.81679
389.837,327,0.810898,0.0976371,-0.0481662,0.803556
390.703,326.5,0.801718,0.112905,-0.0550696,0.791815
391.569,326,0.792903,0.126497,-0.0570755,0.780664
392.435,325.5,0.783556,0.1395,-0.0561372,0.768991
393.301,325,0.774861,0.152342,-0.0548953,0.757751
394.167,324.5,0.76634,0.165994,-0.0535867,0.746225
395.033,324,0.757901,0.180741,-0.0522848,0.734175
395.899,323.5,0.749635,0.196586,-0.0509896,0.7216
396.765,323,0.741836,0.211188,-0.0491917,0.709437
397.631,322.5,0.7345,0.221658,-0.0461981,0.69873
398.497,322,0.727128,0.23268,-0.042997,0.687551
399.363,321.5,0.71977,0.244254,-0.0395886,0.675901
400.229,321,0.712479,0.256379,-0.0359728,0.663778
401.095,320.5,0.705313,0.269056,-0.0321495,0.651184
401.962,320,0.698334,0.282207,-0.0281377,0.638151
402.828,319.5,0.691446,0.288023,-0.0257783,0.628073
403.694,319,0.684477,0.293877,-0.0232324,0.617743
404.56,318.5,0.677428,0.299706,-0.0205135,0.607177
405.426,318,0.670309,0.305512,-0.0176218,0.596378
406.292,317.5,0.663131,0.311294,-0.0145571,0.585343
407.158,317,0.655904,0.317052,-0.0113195,0.574074
408.024,316.5,0.648238,0.320651,-0.00952138,0.563299
408.89,316,0.640395,0.323142,-0.00831821,0.552825
409.756,315.5,0.632553,0.325437,-0.00701296,0.54237
410.622,315,0.624713,0.327536,-0.00560561,0.531934
411.488,314.5,0.61687,0.329439,-0.00409618,0.521518
412.354,314,0.608373,0.331011,-0.00251592,0.510434
413.22,313.5,0.599629,0.331862,-0.00136179,0.49942
414.086,313,0.590625,0.331759,-0.000969015,0.488644
414.952,312.5,0.581619,0.331406,-0.000531535,0.477964
415.818,312,0.572605,0.330802,-4.93491e-05,0.467383
416.684,311.5,0.563579,0.329947,0.000477543,0.456898
417.55,311,0.554536,0.328842,0.00104914,0.446511
418.416,310.5,0.54552,0.327488,0.00163041,0.43628
419.282,310,0.537173,0.325931,0.00174431,0.42699
420.148,309.5,0.528822,0.324163,0.0018816,0.417813
421.014,309,0.520463,0.322183,0.0020423,0.408749
421.88,308.5,0.511435,0.319586,0.00218293,0.399281
422.746,308,0.502425,0.316778,0.00234237,0.389971
423.612,307.5,0.493452,0.31377,0.00252196,0.380837
424.478,307,0.485369,0.311039,0.0026189,0.3726
425.344,306.5,0.477612,0.30831,0.00268566,0.364762
426.21,306,0.469893,0.30543,0.00275411,0.357077
427.076,305.5,0.462209,0.3024,0.00282423,0.349547
427.942,305,0.454557,0.29922,0.00289605,0.342172
428.808,304.5,0.446935,0.295889,0.00296954,0.334951
429.674,304,0.43975,0.292744,0.00304308,0.328134
430.54,303.5,0.433105,0.289893,0.00311043,0.321764
431.406,303,0.426014,0.286509,0.00313379,0.315262
432.272,302.5,0.418982,0.28304,0.00315347,0.308908
433.138,302,0.412007,0.279484,0.00316946,0.302701
434.004,301.5,0.405088,0.275843,0.00318178,0.296642
434.87,301,0.398314,0.272205,0.00319244,0.290772
435.737,300.5,0.392244,0.269131,0.00321343,0.28533
436.603,300,0.386216,0.26599,0.00322947,0.280003
437.469,299.5,0.38023,0.262782,0.00324056,0.27479
438.335,299,0.374284,0.259507,0.00324669,0.269692
439.201,298.5,0.368378,0.256165,0.00324787,0.26471
440.067,298,0.36248,0.252725,0.00324225,0.25983
440.933,297.5,0.356824,0.249455,0.00321613,0.255119
441.799,297,0.351335,0.246278,0.00318753,0.250546
442.665,296.5,0.345895,0.243071,0.00315617,0.246069
443.531,296,0.340502,0.239831,0.00312206,0.241687
444.397,295.5,0.335156,0.236561,0.00308519,0.237401
445.263,295,0.329858,0.233258,0.00304557,0.233212
446.129,294.5,0.324845,0.230205,0.00299557,0.229175
446.995,294,0.320117,0.227414,0.00293425,0.225276
447.861,293.5,0.315426,0.224598,0.00286928,0.221452
448.727,293,0.31077,0.221757,0.00280065,0.217701
449.593,292.5,0.306116,0.218853,0.00272672,0.214015
450.459,292,0.301325,0.215731,0.00264132,0.210357
451.325,291.5,0.296653,0.212691,0.00255128,0.206782
452.191,291,0.292349,0.210063,0.00244539,0.203311
453.057,290.5,0.288082,0.207427,0.00233657,0.1999
453.923,290,0.283854,0.204786,0.0022248,0.196547
454.789,289.5,0.279663,0.202138,0.00211011,0.193253
455.655,289,0.275509,0.199484,0.00199247,0.190019
456.521,288.5,0.271392,0.196824,0.0018719,0.186843
457.387,288,0.267596,0.194554,0.0017396,0.18372
458.253,287.5,0.263876,0.192344,0.00160271,0.180643
459.119,287,0.260158,0.190097,0.00146148,0.177603
459.985,286.5,0.256362,0.187733,0.00131359,0.174574
460.851,286,0.252602,0.185373,0.00116356,0.17159
461.717,285.5,0.248878,0.183018,0.0010114,0.168652
462.583,285,0.24534,0.180897,0.000856751,0.165733
463.449,284.5,0.241961,0.178971,0.000699665,0.162832
464.315,284,0.238614,0.17705,0.000540422,0.159968
465.181,283.5,0.235299,0.175135,0.000379022,0.15714
466.047,283,0.232015,0.173226,0.000215465,0.15435
466.913,282.5,0.228764,0.171323,4.97513e-05,0.151597
467.779,282,0.225601,0.169515,-0.000116722,0.148864
468.645,281.5,0.22263,0.167979,-0.000273129,0.146106
469.512,281,0.219623,0.166375,-0.000412261,0.143365
470.378,280.5,0.216651,0.164783,-0.000551606,0.140655
471.244,280,0.213712,0.163202,-0.000691163,0.137977
472.11,279.5,0.210807,0.161631,-0.000830934,0.13533
472.976,279,0.207936,0.160073,-0.000970917,0.132714
473.842,278.5,0.20531,0.158852,-0.00109833,0.130066
474.708,278,0.202738,0.157671,-0.00122437,0.127441
475.574,277.5,0.200201,0.1565,-0.00135017,0.124845
476.44,277,0.197699,0.155341,-0.00147572,0.122278
477.306,276.5,0.195231,0.154192,-0.00160102,0.119739
478.172,276,0.192782,0.153029,-0.00171959,0.117235
479.038,275.5,0.190471,0.152026,-0.00181796,0.114734
