x,v,vx,vy,vz
220.096,425,0.209737,0.209696,-8.2553e-05,-0.00415834
220.962,424.5,0.209768,0.209726,-8.44605e-05,-0.00423824
221.828,424,0.2098,0.209755,-8.63751e-05,-0.00432164
222.694,423.5,0.209834,0.209788,-8.80594e-05,-0.0044072
223.56,423,0.209872,0.209824,-8.96372e-05,-0.00449243
224.426,422.5,0.209912,0.209862,-9.12271e-05,-0.0045787
225.292,422,0.209954,0.209902,-9.28292e-05,-0.00466603
226.158,421.5,0.209998,0.209944,-9.44433e-05,-0.00475441
227.024,421,0.210042,0.209986,-9.60748e-05,-0.00484458
227.89,420.5,0.210083,0.210025,-9.77941e-05,-0.00494408
228.756,420,0.210126,0.210065,-9.95609e-05,-0.00504485
229.622,419.5,0.21017,0.210107,-0.000101375,-0.00514689
230.488,419,0.210217,0.210151,-0.000103237,-0.0052502
231.355,418.5,0.210265,0.210197,-0.000105147,-0.00535478
232.221,418,0.210314,0.210243,-0.000107706,-0.00546144
233.087,417.5,0.21036,0.210286,-0.000110228,-0.00557635
233.953,417,0.210407,0.21033,-0.000112754,-0.00569514
234.819,416.5,0.210456,0.210376,-0.000115393,-0.0058159
235.685,416,0.210507,0.210423,-0.000118146,-0.00593864
236.551,415.5,0.210559,0.210472,-0.000121012,-0.00606336
237.417,415,0.210614,0.210523,-0.00012399,-0.00619006
238.283,414.5,0.210664,0.210569,-0.000127139,-0.00632544
239.149,414,0.210711,0.210612,-0.00013046,-0.0064714
240.015,413.5,0.210759,0.210655,-0.00013388,-0.00662002
240.881,413,0.210809,0.210701,-0.000137401,-0.00677132
241.747,412.5,0.210879,0.210765,-0.000140147,-0.00691491
242.613,412,0.210956,0.210838,-0.000142714,-0.00705733
243.479,411.5,0.211036,0.210913,-0.00014524,-0.00720292
244.345,411,0.211116,0.210988,-0.000147136,-0.00735999
245.211,410.5,0.211201,0.211067,-0.000149001,-0.00751909
246.077,410,0.21129,0.21115,-0.000150834,-0.0076802
246.943,409.5,0.211384,0.211238,-0.000152635,-0.00784332
247.809,409,0.211482,0.21133,-0.000154405,-0.00800847
248.675,408.5,0.211584,0.211426,-0.000156143,-0.00817563
249.541,408,0.211675,0.21151,-0.000158289,-0.00836487
250.407,407.5,0.211767,0.211594,-0.000160573,-0.00856087
251.273,407,0.211846,0.211665,-0.000165112,-0.00876711
252.139,406.5,0.211925,0.211734,-0.000170257,-0.00897897
253.005,406,0.212006,0.211807,-0.000175612,-0.00919514
253.871,405.5,0.21209,0.211881,-0.000181178,-0.00941563
254.737,405,0.212177,0.211957,-0.000185842,-0.00964729
255.603,404.5,0.212265,0.212034,-0.000189704,-0.00989034
256.469,404,0.212357,0.212115,-0.000193858,-0.0101383
257.335,403.5,0.212452,0.212198,-0.000198305,-0.0103911
258.201,403,0.212551,0.212284,-0.000203046,-0.0106488
259.067,402.5,0.212653,0.212373,-0.000208079,-0.0109114
259.933,402,0.21275,0.212456,-0.000213544,-0.0111886
260.799,401.5,0.212884,0.212575,-0.000215865,-0.0114761
261.665,401,0.213035,0.212709,-0.000217802,-0.0117631
262.531,400.5,0.213194,0.212853,-0.000219758,-0.0120533
263.397,400,0.213362,0.213005,-0.000221735,-0.0123466
264.263,399.5,0.21354,0.213165,-0.00022373,-0.0126431
265.13,399,0.213727,0.213334,-0.000225745,-0.0129428
265.996,398.5,0.213934,0.213523,-0.000222237,-0.0132572
266.862,398,0.214156,0.213726,-0.000217527,-0.0135778
267.728,397.5,0.214392,0.213941,-0.000212349,-0.0139031
268.594,397,0.214642,0.21417,-0.000206703,-0.014233
269.46,396.5,0.214906,0.214411,-0.00020059,-0.0145676
270.326,396,0.215098,0.214579,-0.000203528,-0.0149344
271.192,395.5,0.215242,0.214693,-0.00020885,-0.0153603
272.058,395,0.21535,0.214767,-0.000215813,-0.0158379
272.924,394.5,0.215464,0.214845,-0.000223179,-0.0163288
273.79,394,0.215584,0.214926,-0.000230949,-0.0168329
274.656,393.5,0.21571,0.215011,-0.000239123,-0.0173502
275.522,393,0.215841,0.215099,-0.000247701,-0.0178808
276.388,392.5,0.215989,0.215202,-0.000252798,-0.018422
277.254,392,0.216175,0.215341,-0.000246594,-0.0189675
278.12,391.5,0.216371,0.215489,-0.000240771,-0.019525
278.986,391,0.216584,0.21565,-0.000234847,-0.0200911
279.852,390.5,0.217026,0.216049,-0.000213353,-0.0205649
280.718,390,0.217497,0.216477,-0.000190269,-0.0210475
281.584,389.5,0.217999,0.216933,-0.000165596,-0.0215389
282.45,389,0.218322,0.217186,-0.000142491,-0.0222378
283.316,388.5,0.218653,0.217444,-0.000119033,-0.0229585
284.182,388,0.219008,0.217724,-9.50329e-05,-0.0236873
285.048,387.5,0.219388,0.218024,-7.04921e-05,-0.024424
285.914,387,0.219791,0.218345,-4.54103e-05,-0.0251686
286.78,386.5,0.220219,0.218688,-1.97873e-05,-0.0259212
287.646,386,0.220766,0.219152,3.6347e-05,-0.0266486
288.512,385.5,0.221389,0.219689,0.000111602,-0.0273754
289.378,385,0.22182,0.220025,0.000166631,-0.0281619
290.244,384.5,0.222279,0.220384,0.000222177,-0.0289602
291.11,384,0.222766,0.220768,0.00027824,-0.0297701
291.976,383.5,0.223282,0.221176,0.00033482,-0.0305918
292.842,383,0.223663,0.221423,0.000392947,-0.0315754
293.708,382.5,0.223694,0.221256,0.000455084,-0.0329344
294.574,382,0.223735,0.221084,0.000519494,-0.0343376
295.44,381.5,0.223788,0.220908,0.000586177,-0.0357849
296.306,381,0.223853,0.220727,0.000655133,-0.0372765
297.172,380.5,0.223932,0.220541,0.000726362,-0.0388122
298.038,380,0.224107,0.220443,0.000806666,-0.0403511
298.905,379.5,0.225157,0.221328,0.00102108,-0.0413375
299.771,379,0.2263,0.222295,0.00124627,-0.0423663
300.637,378.5,0.227533,0.223343,0.00148134,-0.0434414
301.503,378,0.228857,0.22447,0.00172631,-0.0445626
302.369,377.5,0.230271,0.225676,0.00198116,-0.0457301
303.235,377,0.231776,0.226961,0.0022459,-0.0469437
304.101,376.5,0.23256,0.227327,0.00255717,-0.0489892
304.967,376,0.233042,0.227269,0.00289901,-0.051466
305.833,375.5,0.233612,0.227262,0.0032544,-0.0539983
306.699,375,0.234272,0.227306,0.00362336,-0.0565861
307.565,374.5,0.23489,0.227278,0.00399502,-0.0591794
308.431,374,0.235077,0.226807,0.00434436,-0.0616517
309.297,373.5,0.235537,0.226667,0.00474314,-0.0638515
310.163,373,0.236656,0.227352,0.00520937,-0.0654974
311.029,372.5,0.238053,0.228311,0.00568499,-0.0671657
311.895,372,0.239728,0.229543,0.00616998,-0.0688564
312.761,371.5,0.241679,0.23105,0.00666436,-0.0705694
313.627,371,0.243905,0.232831,0.00716813,-0.0723048
314.493,370.5,0.246263,0.234691,0.00771276,-0.0742018
315.359,370,0.245753,0.232523,0.00895717,-0.0790413
316.225,369.5,0.245202,0.230148,0.0102827,-0.0839656
317.091,369,0.244873,0.22784,0.0117022,-0.0889633
317.957,368.5,0.245377,0.226275,0.0132256,-0.0939921
318.823,368,0.246198,0.224899,0.0148137,-0.0990678
319.689,367.5,0.247334,0.223713,0.0164664,-0.10419
320.555,367,0.250116,0.224748,0.0170936,-0.108417
321.421,366.5,0.253475,0.226503,0.0172877,-0.11246
322.287,366,0.25689,0.228196,0.0174342,-0.116684
323.153,365.5,0.260367,0.229828,0.0175332,-0.12109
324.019,365,0.26391,0.231398,0.0175847,-0.125676
324.885,364.5,0.267527,0.232906,0.0175886,-0.130444
325.751,364,0.271418,0.232718,0.020085,-0.138227
326.617,363.5,0.277498,0.23196,0.0264224,-0.150005
327.483,363,0.284718,0.232795,0.0337339,-0.160414
328.349,362.5,0.290914,0.231872,0.042177,-0.17055
329.215,362,0.296234,0.229191,0.0517517,-0.180411
330.081,361.5,0.300854,0.224751,0.0624582,-0.189999
330.947,361,0.305742,0.219595,0.0719173,-0.20021
331.813,360.5,0.321054,0.226382,0.0593869,-0.219772
332.679,360,0.343466,0.239562,0.0441651,-0.242133
333.546,359.5,0.373209,0.259134,0.026252,-0.267292
334.412,359,0.410471,0.2851,0.00564754,-0.29525
335.278,358.5,0.45538,0.317457,-0.0176482,-0.326006
336.144,358,0.499659,0.351027,-0.0391063,-0.353426
337.01,357.5,0.497887,0.360339,0.0127904,-0.343342
337.876,357,0.49735,0.372589,0.0801904,-0.319537
338.742,356.5,0.509659,0.393745,0.144709,-0.289441
339.608,356,0.535001,0.423806,0.206345,-0.253054
340.474,355.5,0.573319,0.462773,0.265099,-0.210376
341.34,355,0.624367,0.510645,0.320972,-0.161408
342.206,354.5,0.640918,0.525933,0.336374,-0.144995
343.072,354,0.616496,0.489267,0.330354,-0.177628
343.938,353.5,0.607082,0.44184,0.353356,-0.220149
344.804,353,0.621134,0.383651,0.405378,-0.272557
345.67,352.5,0.640845,0.311485,0.461483,-0.317323
346.536,352,0.654276,0.238506,0.508565,-0.335489
347.402,351.5,0.648357,0.198515,0.540367,-0.298267
348.268,351,0.511678,0.275255,0.427314,-0.0587522
349.134,350.5,0.479606,0.314599,0.339188,0.126492
350,350,0.492607,0.316548,0.275989,0.257467
350.866,349.5,0.497191,0.281102,0.237717,0.334172
351.732,349,0.469982,0.20826,0.224372,0.356607
352.598,348.5,0.413231,0.0980226,0.235954,0.324772
353.464,348,0.382047,-0.0497217,0.25394,0.281073
354.33,347.5,0.407484,-0.192279,0.254199,0.253879
355.196,347,0.449217,-0.253107,0.202704,0.310876
356.062,346.5,0.504093,-0.247552,0.127146,0.420311
356.928,346,0.57093,-0.241995,0.0648937,0.513019
357.794,345.5,0.634884,-0.236434,0.0159484,0.589001
358.66,345,0.664434,-0.211001,0.0155808,0.629848
359.526,344.5,0.671618,-0.17125,0.0423577,0.648035
360.392,344,0.679673,-0.13602,0.059256,0.663282
361.258,343.5,0.686952,-0.105312,0.0662757,0.675589
362.124,343,0.692421,-0.0791262,0.0634169,0.684956
362.99,342.5,0.695614,-0.0574618,0.0506796,0.691382
363.856,342,0.691468,-0.0399327,0.0339307,0.689479
364.722,341.5,0.659554,-0.0422826,0.0280797,0.657598
365.588,341,0.624618,-0.057702,0.0181725,0.621681
366.454,340.5,0.592343,-0.0743962,0.00890493,0.587585
367.321,340,0.562939,-0.0923653,0.000276846,0.555309
368.187,339.5,0.536645,-0.111609,-0.00771171,0.524854
369.053,339,0.51373,-0.132128,-0.0150607,0.49622
369.919,338.5,0.491976,-0.143524,-0.0230195,0.470012
370.785,338,0.471044,-0.152153,-0.0305947,0.444743
371.651,337.5,0.450952,-0.159037,-0.0376511,0.420294
372.517,337,0.431567,-0.164178,-0.0441885,0.396664
373.383,336.5,0.412759,-0.167575,-0.050207,0.373855
374.249,336,0.392436,-0.164897,-0.0517457,0.352332
375.115,335.5,0.369943,-0.159496,-0.0507023,0.329922
375.981,335,0.346861,-0.153466,-0.0491603,0.307155
376.847,334.5,0.324543,-0.147219,-0.0475273,0.285299
377.713,334,0.302975,-0.140757,-0.0458033,0.264355
378.579,333.5,0.282143,-0.134077,-0.0439882,0.244321
379.445,333,0.262032,-0.127182,-0.0420822,0.225199
380.311,332.5,0.241989,-0.119356,-0.0400952,0.206652
381.177,332,0.220951,-0.10963,-0.03795,0.188044
382.043,331.5,0.200673,-0.100097,-0.0355657,0.170251
382.909,331,0.181147,-0.0907566,-0.0329421,0.153272
383.775,330.5,0.163976,-0.0830373,-0.0316086,0.137819
384.641,330,0.147734,-0.0759023,-0.0308073,0.122943
385.507,329.5,0.131727,-0.0687651,-0.0299681,0.108283
386.373,329,0.115437,-0.0573313,-0.0281944,0.0961446
387.239,328.5,0.0997957,-0.0462322,-0.0264168,0.0844033
388.105,328,0.0848787,-0.0356875,-0.0246802,0.0729499
388.971,327.5,0.0707529,-0.0256973,-0.0229846,0.0617846
389.837,327,0.0575409,-0.0162615,-0.0213301,0.0509072
390.703,326.5,0.0454834,-0.00738025,-0.0197166,0.0403178
391.569,326,0.0352974,0.00116263,-0.0178698,0.0304175
392.435,325.5,0.0281234,0.00945923,-0.0158784,0.0211972
393.301,325,0.02574,0.0161079,-0.0143963,0.0139939
394.167,324.5,0.0268636,0.022238,-0.0131023,0.00744682
395.033,324,0.03065,0.0282411,-0.0118601,0.00109625
395.899,323.5,0.0361028,0.0341172,-0.0106698,-0.00505777
396.765,323,0.0427409,0.0403253,-0.00956197,-0.0104509
397.631,322.5,0.0502337,0.0473292,-0.00856948,-0.0144893
398.497,322,0.05769,0.0541571,-0.00762784,-0.0183562
399.363,321.5,0.065034,0.0608091,-0.00673708,-0.0220518
400.229,321,0.0722232,0.0672851,-0.00589717,-0.0255759
401.095,320.5,0.0792321,0.0735851,-0.00510813,-0.0289287
401.962,320,0.0860394,0.0797055,-0.0043685,-0.0321049
402.828,319.5,0.0920684,0.0851465,-0.00372937,-0.0348246
403.694,319,0.0979046,0.0904044,-0.00315373,-0.0374487
404.56,318.5,0.103552,0.0955058,-0.00260272,-0.0399359
405.426,318,0.109008,0.100451,-0.00207634,-0.0422862
406.292,317.5,0.114271,0.105239,-0.00157459,-0.0444996
407.158,317,0.11934,0.10987,-0.00109746,-0.0465761
408.024,316.5,0.124219,0.114687,-0.000729683,-0.0477141
408.89,316,0.128909,0.119476,-0.00041736,-0.0484014
409.756,315.5,0.133407,0.124084,-0.000122157,-0.0489967
410.622,315,0.137713,0.12851,0.000155926,-0.0495
411.488,314.5,0.141827,0.132753,0.000416891,-0.0499113
412.354,314,0.145518,0.136468,0.000598223,-0.0505139
413.22,313.5,0.148912,0.139951,0.000763843,-0.0508706
414.086,313,0.151961,0.143201,0.000920755,-0.0508397
414.952,312.5,0.154902,0.14634,0.00106779,-0.0507725
415.818,312,0.157734,0.14937,0.00120494,-0.0506691
416.684,311.5,0.160459,0.152289,0.00133221,-0.0505293
417.55,311,0.163074,0.155098,0.00144961,-0.0503533
418.416,310.5,0.165565,0.157798,0.00155312,-0.0500919
419.282,310,0.167752,0.160391,0.00159174,-0.049119
420.148,309.5,0.169856,0.162878,0.00162447,-0.0481567
421.014,309,0.171876,0.165258,0.00165131,-0.0472049
421.88,308.5,0.174026,0.167664,0.00167254,-0.0465964
422.746,308,0.176105,0.169981,0.00169019,-0.0460052
423.612,307.5,0.178105,0.172208,0.00170428,-0.0454203
424.478,307,0.179755,0.174131,0.00170421,-0.044577
425.344,306.5,0.181259,0.175913,0.00169806,-0.0436656
426.21,306,0.182711,0.177626,0.00168949,-0.0427761
427.076,305.5,0.184111,0.17927,0.0016785,-0.0419085
427.942,305,0.185457,0.180846,0.00166511,-0.0410627
428.808,304.5,0.186748,0.182354,0.0016493,-0.0402388
429.674,304,0.187897,0.183734,0.0016218,-0.0392978
430.54,303.5,0.188893,0.18498,0.00158155,-0.0382155
431.406,303,0.18989,0.186172,0.00154922,-0.0373575
432.272,302.5,0.19086,0.187327,0.0015171,-0.0365217
433.138,302,0.191804,0.188445,0.00148519,-0.0357081
434.004,301.5,0.19272,0.189525,0.0014535,-0.0349168
434.87,301,0.193581,0.190543,0.00142117,-0.0341284
435.737,300.5,0.194225,0.191357,0.00138317,-0.0332246
436.603,300,0.194854,0.192146,0.00134591,-0.0323475
437.469,299.5,0.195468,0.19291,0.0013094,-0.0314971
438.335,299,0.196067,0.193649,0.00127364,-0.0306735
439.201,298.5,0.19665,0.194363,0.00123862,-0.0298767
440.067,298,0.197229,0.195064,0.00120483,-0.0291189
440.933,297.5,0.197796,0.195742,0.00117078,-0.028405
441.799,297,0.198323,0.196377,0.00113608,-0.0276885
442.665,296.5,0.198836,0.196993,0.00110208,-0.0269928
443.531,296,0.199337,0.197589,0.00106878,-0.026318
444.397,295.5,0.199824,0.198166,0.00103619,-0.025664
445.263,295,0.200297,0.198724,0.00100431,-0.0250308
446.129,294.5,0.200695,0.199206,0.000971697,-0.0243858
446.995,294,0.201022,0.199614,0.000938381,-0.0237278
447.861,293.5,0.201341,0.200011,0.000905854,-0.0230903
448.727,293,0.201653,0.200395,0.000874115,-0.0224735
449.593,292.5,0.201962,0.200771,0.000844302,-0.0218866
450.459,292,0.202293,0.20116,0.000821317,-0.0213674
451.325,291.5,0.202603,0.201525,0.000798623,-0.0208549
452.191,291,0.20284,0.201818,0.000775065,-0.0203195
453.057,290.5,0.203073,0.202104,0.000752092,-0.0197987
453.923,290,0.203304,0.202385,0.000729705,-0.0192926
454.789,289.5,0.20353,0.202659,0.000707903,-0.0188011
455.655,289,0.203753,0.202927,0.000686688,-0.0183243
456.521,288.5,0.203973,0.203188,0.000666057,-0.0178621
457.387,288,0.204129,0.203386,0.000645168,-0.0173914
458.253,287.5,0.204275,0.203571,0.000624745,-0.0169307
459.119,287,0.204431,0.203763,0.000604985,-0.0164933
459.985,286.5,0.204625,0.20399,0.000585951,-0.0161013
460.851,286,0.204816,0.204211,0.000567374,-0.0157199
461.717,285.5,0.205003,0.204427,0.000549254,-0.015349
462.583,285,0.205159,0.20461,0.000531384,-0.0149796
463.449,284.5,0.205289,0.204768,0.000513804,-0.0146126
464.315,284,0.205418,0.204922,0.000496689,-0.0142554
465.181,283.5,0.205544,0.205073,0.000480038,-0.0139079
466.047,283,0.205669,0.20522,0.000463851,-0.0135702
466.913,282.5,0.205792,0.205365,0.000448129,-0.0132423
467.779,282,0.205903,0.205497,0.000432751,-0.0129216
468.645,281.5,0.205988,0.205601,0.000418422,-0.0126074
469.512,281,0.206085,0.205716,0.000407028,-0.0123144
470.378,280.5,0.206181,0.20583,0.000395911,-0.0120285
471.244,280,0.206277,0.205942,0.000385073,-0.0117497
472.11,279.5,0.206372,0.206053,0.000374512,-0.011478
472.976,279,0.206467,0.206161,0.00036423,-0.0112134
473.842,278.5,0.206531,0.206241,0.0003542,-0.0109506
474.708,278,0.206594,0.206317,0.000344394,-0.0106939
475.574,277.5,0.206656,0.206392,0.000334814,-0.0104437
476.44,277,0.206718,0.206466,0.000325458,-0.0102
477.306,276.5,0.206781,0.20654,0.000316327,-0.00996278
478.172,276,0.20685,0.206621,0.00030731,-0.00973706
479.038,275.5,0.206918,0.206699,0.000298236,-0.00952429
