x,v,vx,vy,vz
220.096,425,0.248329,-0.163052,0.000305538,0.1873
220.962,424.5,0.253589,-0.164609,-0.00117828,0.192899
221.828,424,0.257974,-0.164814,-0.00301733,0.198438
222.694,423.5,0.261023,-0.163093,-0.00571969,0.203718
223.56,423,0.264181,-0.161164,-0.00879379,0.209142
224.426,422.5,0.267431,-0.158903,-0.0120787,0.214762
225.292,422,0.270797,-0.15631,-0.0155745,0.22058
226.158,421.5,0.274306,-0.153385,-0.0192812,0.226595
227.024,421,0.277651,-0.14975,-0.0232406,0.232648
227.89,420.5,0.27744,-0.1414,-0.027893,0.237067
228.756,420,0.277419,-0.132392,-0.0327838,0.241576
229.622,419.5,0.27767,-0.122726,-0.037913,0.246175
230.488,419,0.278279,-0.1124,-0.0432806,0.250862
231.355,418.5,0.279333,-0.101417,-0.0488865,0.25564
232.221,418,0.280967,-0.0887693,-0.056057,0.260615
233.087,417.5,0.278671,-0.0716569,-0.0634587,0.261717
233.953,417,0.275554,-0.0523644,-0.0705881,0.261161
234.819,416.5,0.273278,-0.0317932,-0.0775787,0.260099
235.685,416,0.272151,-0.00994313,-0.0844305,0.258532
236.551,415.5,0.272493,0.0131858,-0.0911434,0.256459
237.417,415,0.274622,0.0375934,-0.0977175,0.253881
238.283,414.5,0.275786,0.0617592,-0.103071,0.248234
239.149,414,0.274945,0.0848281,-0.106778,0.238741
240.015,413.5,0.275759,0.108436,-0.11007,0.228406
240.881,413,0.278431,0.132582,-0.112947,0.21723
241.747,412.5,0.281211,0.155838,-0.112292,0.205389
242.613,412,0.284592,0.178615,-0.109842,0.192416
243.479,411.5,0.288391,0.200199,-0.106504,0.178175
244.345,411,0.28845,0.214752,-0.103223,0.162573
245.211,410.5,0.288858,0.228431,-0.0997218,0.145994
246.077,410,0.289668,0.241235,-0.0960022,0.128439
246.943,409.5,0.290944,0.253166,-0.0920636,0.109907
247.809,409,0.292769,0.264224,-0.0879061,0.0903997
248.675,408.5,0.295237,0.274407,-0.0835298,0.0699159
249.541,408,0.297335,0.280964,-0.0814407,0.0532439
250.407,407.5,0.299531,0.286253,-0.0800938,0.036916
251.273,407,0.295414,0.284735,-0.075891,0.0208861
252.139,406.5,0.290095,0.281151,-0.0713022,0.00497912
253.005,406,0.284803,0.276619,-0.0668967,-0.0109305
253.871,405.5,0.279578,0.271137,-0.0626746,-0.0268428
254.737,405,0.276937,0.266992,-0.0618124,-0.0398578
255.603,404.5,0.276764,0.26435,-0.0649426,-0.0499969
256.469,404,0.276697,0.26108,-0.0692349,-0.0600391
257.335,403.5,0.276802,0.257183,-0.074689,-0.0699845
258.201,403,0.277164,0.252657,-0.0813051,-0.079833
259.067,402.5,0.277884,0.247504,-0.0890832,-0.0895846
259.933,402,0.27983,0.243133,-0.0974913,-0.0984195
260.799,401.5,0.287043,0.245284,-0.103207,-0.107599
261.665,401,0.293813,0.246456,-0.108878,-0.117179
262.531,400.5,0.299957,0.246505,-0.114619,-0.126774
263.397,400,0.305518,0.245433,-0.12043,-0.136383
264.263,399.5,0.310543,0.243239,-0.126312,-0.146005
265.13,399,0.315088,0.239922,-0.132264,-0.155641
265.996,398.5,0.315627,0.235336,-0.13207,-0.163692
266.862,398,0.315478,0.230588,-0.131132,-0.170762
267.728,397.5,0.315097,0.225762,-0.130311,-0.177021
268.594,397,0.314437,0.220859,-0.129606,-0.182468
269.46,396.5,0.313458,0.215877,-0.129018,-0.187103
270.326,396,0.319771,0.222959,-0.129994,-0.188798
271.192,395.5,0.325271,0.232696,-0.129238,-0.186953
272.058,395,0.330593,0.244468,-0.127177,-0.182628
272.924,394.5,0.337247,0.257201,-0.125601,-0.178347
273.79,394,0.345255,0.270895,-0.124509,-0.17411
274.656,393.5,0.35463,0.285551,-0.123901,-0.169916
275.522,393,0.36538,0.301169,-0.123778,-0.165767
276.388,392.5,0.377581,0.317893,-0.122373,-0.162898
277.254,392,0.391144,0.335621,-0.114603,-0.164981
278.12,391.5,0.405771,0.353682,-0.104858,-0.169008
278.986,391,0.420972,0.371563,-0.0927706,-0.174792
279.852,390.5,0.417282,0.372407,-0.0685479,-0.175322
280.718,390,0.412542,0.370833,-0.0447487,-0.175133
281.584,389.5,0.406672,0.366839,-0.021373,-0.174224
282.45,389,0.386518,0.344492,0.0048476,-0.175208
283.316,388.5,0.367673,0.32173,0.0283266,-0.175702
284.182,388,0.350784,0.299774,0.0487493,-0.175523
285.048,387.5,0.335431,0.278625,0.0661156,-0.174673
285.914,387,0.321183,0.258281,0.0804255,-0.173151
286.78,386.5,0.30762,0.238744,0.0916791,-0.170957
287.646,386,0.294885,0.221693,0.0966835,-0.168707
288.512,385.5,0.284771,0.209769,0.0971943,-0.166268
289.378,385,0.281434,0.210225,0.0939737,-0.1618
290.244,384.5,0.279435,0.211827,0.0909258,-0.157941
291.11,384,0.278792,0.214575,0.0880508,-0.154692
291.976,383.5,0.279523,0.218468,0.0853486,-0.152053
292.842,383,0.282291,0.223835,0.0828754,-0.150725
293.708,382.5,0.287205,0.230309,0.0807905,-0.151386
294.574,382,0.292378,0.236729,0.0790119,-0.15232
295.44,381.5,0.297789,0.243095,0.0775397,-0.153527
296.306,381,0.30342,0.249406,0.0763739,-0.155008
297.172,380.5,0.309258,0.255663,0.0755145,-0.156763
298.038,380,0.314092,0.260823,0.075239,-0.158
298.905,379.5,0.312398,0.258452,0.0777054,-0.157343
299.771,379,0.31044,0.255663,0.0800173,-0.156866
300.637,378.5,0.308221,0.252472,0.0821634,-0.156547
301.503,378,0.305742,0.24888,0.0841435,-0.156388
302.369,377.5,0.303009,0.244886,0.0859576,-0.156387
303.235,377,0.300028,0.240489,0.0876059,-0.156546
304.101,376.5,0.297443,0.232982,0.0902911,-0.161366
304.967,376,0.296197,0.224557,0.0930884,-0.169238
305.833,375.5,0.296263,0.216667,0.0953617,-0.178139
306.699,375,0.297678,0.209312,0.0971112,-0.18807
307.565,374.5,0.299124,0.201878,0.0981313,-0.197713
308.431,374,0.296306,0.192045,0.0980468,-0.203231
309.297,373.5,0.292983,0.178494,0.0993054,-0.210042
310.163,373,0.291409,0.16041,0.103035,-0.22039
311.029,372.5,0.293924,0.143891,0.106314,-0.233204
311.895,372,0.300468,0.128937,0.109144,-0.248484
312.761,371.5,0.310913,0.115546,0.111525,-0.266229
313.627,371,0.325082,0.10372,0.113457,-0.28644
314.493,370.5,0.342275,0.0924075,0.11484,-0.308909
315.359,370,0.353674,0.0613408,0.114229,-0.329051
316.225,369.5,0.370276,0.0327619,0.114117,-0.350726
317.091,369,0.39043,0.00704097,0.11451,-0.373194
317.957,368.5,0.411987,-0.01509,0.115117,-0.395289
318.823,368,0.435964,-0.0344895,0.115763,-0.418896
319.689,367.5,0.461872,-0.0511574,0.116448,-0.444014
320.555,367,0.490368,-0.0792748,0.104572,-0.472484
321.421,366.5,0.521913,-0.11176,0.0894334,-0.501901
322.287,366,0.555685,-0.143693,0.0758694,-0.531396
323.153,365.5,0.591116,-0.175075,0.0638801,-0.560969
324.019,365,0.627763,-0.205905,0.0534655,-0.590619
324.885,364.5,0.665286,-0.236184,0.0446257,-0.620347
325.751,364,0.69935,-0.25507,0.0291972,-0.650521
326.617,363.5,0.729591,-0.258148,0.00337454,-0.682387
327.483,363,0.76211,-0.259177,-0.0210699,-0.716376
328.349,362.5,0.797626,-0.260243,-0.0450375,-0.75263
329.215,362,0.836011,-0.261348,-0.0685282,-0.791149
330.081,361.5,0.87715,-0.26249,-0.091542,-0.831932
330.947,361,0.918296,-0.263196,-0.112459,-0.872552
331.813,360.5,0.941093,-0.260389,-0.120556,-0.896281
332.679,360,0.970867,-0.258792,-0.131741,-0.92642
333.546,359.5,1.00767,-0.258403,-0.146012,-0.962968
334.412,359,1.05156,-0.259222,-0.163372,-1.00593
335.278,358.5,1.10258,-0.261251,-0.183818,-1.0553
336.144,358,1.15382,-0.257487,-0.203826,-1.10609
337.01,357.5,1.13196,-0.241077,-0.183747,-1.09062
337.876,357,1.08675,-0.210735,-0.159031,-1.05419
338.742,356.5,1.03636,-0.165653,-0.14017,-1.01338
339.608,356,0.982232,-0.105831,-0.127162,-0.968199
340.474,355.5,0.926974,-0.0312683,-0.120009,-0.918641
341.34,355,0.874744,0.058034,-0.118709,-0.864707
342.206,354.5,0.788732,0.121541,-0.0794973,-0.775246
343.072,354,0.650721,0.135586,0.00933737,-0.63637
343.938,353.5,0.509078,0.138715,0.101215,-0.479243
344.804,353,0.384637,0.130926,0.196136,-0.303865
345.67,352.5,0.345062,0.0995872,0.275465,-0.182399
346.536,352,0.363348,0.0396227,0.315785,-0.175304
347.402,351.5,0.396298,-0.0329335,0.32483,-0.224617
348.268,351,0.434458,-0.0997059,0.298456,-0.299561
349.134,350.5,0.468808,-0.172398,0.283246,-0.331408
350,350,0.493417,-0.251009,0.279199,-0.32016
350.866,349.5,0.514997,-0.33554,0.286316,-0.265816
351.732,349,0.550088,-0.42599,0.304596,-0.168376
352.598,348.5,0.620659,-0.522359,0.33404,-0.0278407
353.464,348,0.633439,-0.54903,0.315187,-0.0216479
354.33,347.5,0.633421,-0.555954,0.301176,-0.0378248
355.196,347,0.623769,-0.545664,0.298578,-0.0467901
356.062,346.5,0.610991,-0.528677,0.303618,-0.0403271
356.928,346,0.608016,-0.517187,0.319325,-0.0152434
357.794,345.5,0.617769,-0.511196,0.345698,0.0284608
358.66,345,0.616945,-0.503387,0.337626,0.11503
359.526,344.5,0.612579,-0.488507,0.290513,0.228508
360.392,344,0.631065,-0.471242,0.241822,0.34307
361.258,343.5,0.671598,-0.45159,0.19155,0.458715
362.124,343,0.73155,-0.429552,0.1397,0.575443
362.99,342.5,0.807571,-0.405127,0.08627,0.693253
363.856,342,0.878689,-0.374354,0.0385885,0.794018
364.722,341.5,0.884459,-0.32747,0.0205882,0.821344
365.588,341,0.888663,-0.28056,0.00531414,0.843196
366.454,340.5,0.8947,-0.234581,-0.00903744,0.863352
367.321,340,0.902231,-0.189533,-0.0224666,0.881812
368.187,339.5,0.910937,-0.145416,-0.0349732,0.898575
369.053,339,0.920522,-0.10223,-0.0465574,0.913642
369.919,338.5,0.911335,-0.0652016,-0.0495578,0.907648
370.785,338,0.899798,-0.0302346,-0.0517778,0.897799
371.651,337.5,0.887947,0.00323376,-0.0541386,0.886289
372.517,337,0.875662,0.0352036,-0.0566401,0.873118
373.383,336.5,0.862836,0.0656749,-0.0592825,0.858288
374.249,336,0.848067,0.0962581,-0.0614751,0.840341
375.115,335.5,0.834228,0.12336,-0.0606166,0.822827
375.981,335,0.821799,0.14722,-0.0578535,0.806432
376.847,334.5,0.8093,0.169795,-0.0553284,0.789351
377.713,334,0.796659,0.191087,-0.0530413,0.771582
378.579,333.5,0.783811,0.211096,-0.0509922,0.753126
379.445,333,0.770692,0.229821,-0.0491812,0.733982
380.311,332.5,0.759225,0.245509,-0.0470954,0.716889
381.177,332,0.752949,0.255583,-0.0438458,0.706885
382.043,331.5,0.746547,0.265063,-0.0408232,0.696712
382.909,331,0.739999,0.273949,-0.0380276,0.68637
383.775,330.5,0.732063,0.281637,-0.0352457,0.674799
384.641,330,0.723815,0.288559,-0.0325432,0.66301
385.507,329.5,0.715768,0.294958,-0.029993,0.651478
386.373,329,0.707194,0.298191,-0.0271869,0.640676
387.239,328.5,0.698795,0.301005,-0.0245142,0.630166
388.105,328,0.690598,0.303532,-0.0219946,0.619928
388.971,327.5,0.682593,0.305773,-0.0196281,0.609959
389.837,327,0.674769,0.307728,-0.0174145,0.600262
390.703,326.5,0.667118,0.309396,-0.0153541,0.590834
391.569,326,0.657755,0.309593,-0.0136344,0.580179
392.435,325.5,0.647503,0.308903,-0.0120846,0.56894
393.301,325,0.636608,0.307144,-0.0104235,0.557516
394.167,324.5,0.625641,0.304962,-0.00878029,0.546212
395.033,324,0.614823,0.302602,-0.00720063,0.535152
395.899,323.5,0.604151,0.300064,-0.00568455,0.524336
396.765,323,0.593465,0.297256,-0.00442042,0.513634
397.631,322.5,0.582646,0.294132,-0.00358808,0.502941
398.497,322,0.572045,0.290909,-0.00278303,0.492544
399.363,321.5,0.56166,0.287586,-0.00200527,0.482444
400.229,321,0.551487,0.284163,-0.00125481,0.47264
401.095,320.5,0.541526,0.280641,-0.000531638,0.463131
401.962,320,0.531777,0.277023,0.000159812,0.453922
402.828,319.5,0.522104,0.273069,0.000442355,0.445001
403.694,319,0.512522,0.268956,0.000728304,0.436281
404.56,318.5,0.503127,0.264808,0.00100675,0.427799
405.426,318,0.493918,0.260625,0.00127769,0.419557
406.292,317.5,0.484896,0.256409,0.00154112,0.411554
407.158,317,0.47606,0.252157,0.00179705,0.40379
408.024,316.5,0.467686,0.24831,0.00188753,0.396319
408.89,316,0.459587,0.244624,0.00191068,0.38907
409.756,315.5,0.451635,0.240908,0.00193754,0.382012
410.622,315,0.443829,0.237162,0.00196812,0.375146
411.488,314.5,0.436171,0.233386,0.0020024,0.368472
412.354,314,0.428316,0.229077,0.00204232,0.361903
413.22,313.5,0.420721,0.224957,0.00205627,0.355522
414.086,313,0.413491,0.221229,0.00202969,0.349325
414.952,312.5,0.406385,0.217502,0.00200247,0.343275
415.818,312,0.399405,0.213775,0.00197458,0.337373
416.684,311.5,0.39255,0.210049,0.00194605,0.331619
417.55,311,0.385819,0.206323,0.00191686,0.326012
418.416,310.5,0.379232,0.202636,0.00188507,0.32055
419.282,310,0.373017,0.199493,0.00182439,0.315184
420.148,309.5,0.366905,0.196352,0.00176257,0.309939
421.014,309,0.360895,0.193211,0.00169961,0.304814
421.88,308.5,0.354735,0.18971,0.00162631,0.29974
422.746,308,0.348672,0.186214,0.00154986,0.294779
423.612,307.5,0.342717,0.182736,0.00147053,0.289931
424.478,307,0.33703,0.179675,0.00137013,0.285139
425.344,306.5,0.331488,0.176762,0.00126001,0.280425
426.21,306,0.326036,0.173865,0.00114609,0.275807
427.076,305.5,0.320674,0.170984,0.00102836,0.271285
427.942,305,0.315401,0.168117,0.000906831,0.266859
428.808,304.5,0.310218,0.165266,0.000781496,0.26253
429.674,304,0.305191,0.162652,0.000646912,0.258235
430.54,303.5,0.300326,0.160329,0.00050095,0.253948
431.406,303,0.295354,0.157748,0.000363679,0.249699
432.272,302.5,0.290462,0.155191,0.000222954,0.245528
433.138,302,0.285649,0.152657,7.87752e-05,0.241436
434.004,301.5,0.280915,0.150147,-6.88581e-05,0.237422
434.87,301,0.276279,0.147719,-0.000220102,0.233472
435.737,300.5,0.27185,0.145737,-0.000376103,0.229484
436.603,300,0.267491,0.143774,-0.000535852,0.225567
437.469,299.5,0.263204,0.141831,-0.000699351,0.22172
438.335,299,0.258987,0.139908,-0.0008666,0.217944
439.201,298.5,0.254841,0.138004,-0.0010376,0.214238
440.067,298,0.250751,0.136099,-0.00121038,0.210598
440.933,297.5,0.246689,0.134385,-0.00135563,0.206868
441.799,297,0.242717,0.132779,-0.00150054,0.203173
442.665,296.5,0.238809,0.131193,-0.00164788,0.199539
443.531,296,0.234965,0.129626,-0.00179764,0.195966
444.397,295.5,0.231185,0.128079,-0.00194982,0.192454
445.263,295,0.227469,0.126552,-0.00210443,0.189003
446.129,294.5,0.223891,0.12525,-0.00225438,0.185566
446.995,294,0.220453,0.124176,-0.00239954,0.182137
447.861,293.5,0.217075,0.123117,-0.00254731,0.178767
448.727,293,0.213759,0.122071,-0.00269769,0.175454
449.593,292.5,0.210481,0.121014,-0.00284209,0.172191
450.459,292,0.207143,0.119831,-0.00294197,0.168938
451.325,291.5,0.203889,0.118733,-0.00303993,0.165723
452.191,291,0.20082,0.117962,-0.00312424,0.162493
453.057,290.5,0.197808,0.117205,-0.00320914,0.159313
453.923,290,0.194853,0.116462,-0.00329464,0.156184
454.789,289.5,0.191955,0.115734,-0.00338074,0.153104
455.655,289,0.189113,0.115019,-0.00346744,0.150075
456.521,288.5,0.186329,0.114319,-0.00355474,0.147095
457.387,288,0.183751,0.113923,-0.00362937,0.144127
458.253,287.5,0.181252,0.113582,-0.00370195,0.1412
459.119,287,0.178783,0.113216,-0.00376988,0.138317
459.985,286.5,0.176277,0.112739,-0.00382109,0.135458
460.851,286,0.173821,0.11227,-0.00387234,0.132644
461.717,285.5,0.171416,0.111808,-0.00392364,0.129873
462.583,285,0.169158,0.111515,-0.00396558,0.127134
463.449,284.5,0.16703,0.11136,-0.00399963,0.124426
464.315,284,0.164952,0.111208,-0.0040335,0.121761
465.181,283.5,0.162925,0.111057,-0.00406719,0.119139
466.047,283,0.160947,0.110908,-0.00410069,0.116561
466.913,282.5,0.159019,0.110762,-0.00413402,0.114025
467.779,282,0.157183,0.110678,-0.00416535,0.111533
468.645,281.5,0.155513,0.110763,-0.00417708,0.10908
469.512,281,0.153824,0.110773,-0.0041543,0.106649
470.378,280.5,0.15218,0.110782,-0.00413017,0.104255
471.244,280,0.15058,0.110789,-0.00410471,0.101899
472.11,279.5,0.149024,0.110794,-0.00407792,0.0995798
472.976,279,0.147511,0.110798,-0.00404978,0.0972984
473.842,278.5,0.146214,0.11101,-0.00400924,0.0950743
474.708,278,0.144973,0.111235,-0.00396646,0.0928877
475.574,277.5,0.143772,0.111454,-0.00392243,0.0907367
476.44,277,0.142612,0.111667,-0.00387716,0.0886214
477.306,276.5,0.141492,0.111874,-0.00383064,0.0865418
478.172,276,0.140391,0.112049,-0.0037893,0.0844995
479.038,275.5,0.139397,0.112284,-0.00375359,0.0825217
