x,v,vx,vy,vz
220.096,425,0.208297,0.208297,-1.05026e-05,-0.000366193
220.962,424.5,0.208301,0.208301,-1.07639e-05,-0.000373615
221.828,424,0.208305,0.208305,-1.10312e-05,-0.0003814
222.694,423.5,0.208309,0.208309,-1.13047e-05,-0.000389551
223.56,423,0.208314,0.208313,-1.15841e-05,-0.000397749
224.426,422.5,0.208318,0.208318,-1.18695e-05,-0.000406072
225.292,422,0.208323,0.208323,-1.2161e-05,-0.000414521
226.158,421.5,0.208328,0.208327,-1.24585e-05,-0.000423094
227.024,421,0.208333,0.208332,-1.27623e-05,-0.00043186
227.89,420.5,0.208337,0.208337,-1.30731e-05,-0.000441518
228.756,420,0.208342,0.208342,-1.33881e-05,-0.00045133
229.622,419.5,0.208347,0.208347,-1.37072e-05,-0.000461296
230.488,419,0.208353,0.208352,-1.40305e-05,-0.000471415
231.355,418.5,0.208358,0.208357,-1.43579e-05,-0.000481689
232.221,418,0.208364,0.208363,-1.47021e-05,-0.000491952
233.087,417.5,0.20837,0.208369,-1.50628e-05,-0.000503082
233.953,417,0.208376,0.208375,-1.54321e-05,-0.00051463
234.819,416.5,0.208382,0.208381,-1.58086e-05,-0.000526365
235.685,416,0.208388,0.208387,-1.61924e-05,-0.000538286
236.551,415.5,0.208395,0.208394,-1.65833e-05,-0.000550394
237.417,415,0.208402,0.208401,-1.69815e-05,-0.000562689
238.283,414.5,0.208408,0.208407,-1.73876e-05,-0.000575725
239.149,414,0.208415,0.208414,-1.78038e-05,-0.00058965
240.015,413.5,0.208422,0.208421,-1.82302e-05,-0.000603808
240.881,413,0.208429,0.208428,-1.86667e-05,-0.000618199
241.747,412.5,0.208437,0.208436,-1.91111e-05,-0.000632464
242.613,412,0.208445,0.208444,-1.95615e-05,-0.000646868
243.479,411.5,0.208453,0.208452,-2.00194e-05,-0.000661728
244.345,411,0.208461,0.20846,-2.04955e-05,-0.000678217
245.211,410.5,0.208469,0.208468,-2.09841e-05,-0.000695024
246.077,410,0.208478,0.208476,-2.14851e-05,-0.000712149
246.943,409.5,0.208486,0.208485,-2.19986e-05,-0.000729593
247.809,409,0.208495,0.208494,-2.25246e-05,-0.000747355
248.675,408.5,0.208504,0.208503,-2.30631e-05,-0.000765435
249.541,408,0.208513,0.208512,-2.35948e-05,-0.000785379
250.407,407.5,0.208522,0.20852,-2.41314e-05,-0.000806052
251.273,407,0.208532,0.208531,-2.47261e-05,-0.000826463
252.139,406.5,0.208544,0.208542,-2.53491e-05,-0.000847104
253.005,406,0.208556,0.208554,-2.59922e-05,-0.000868093
253.871,405.5,0.208568,0.208566,-2.66554e-05,-0.000889431
254.737,405,0.20858,0.208578,-2.73718e-05,-0.000912484
255.603,404.5,0.208591,0.208589,-2.81408e-05,-0.00093729
256.469,404,0.208603,0.208601,-2.89306e-05,-0.000962553
257.335,403.5,0.208616,0.208614,-2.97413e-05,-0.000988274
258.201,403,0.208629,0.208627,-3.05728e-05,-0.00101445
259.067,402.5,0.208643,0.20864,-3.14252e-05,-0.00104109
259.933,402,0.208657,0.208654,-3.23005e-05,-0.00106872
260.799,401.5,0.20867,0.208668,-3.31662e-05,-0.00109872
261.665,401,0.208685,0.208682,-3.40464e-05,-0.00112939
262.531,400.5,0.2087,0.208697,-3.49452e-05,-0.00116079
263.397,400,0.208716,0.208712,-3.58626e-05,-0.00119292
264.263,399.5,0.208732,0.208728,-3.67986e-05,-0.00122576
265.13,399,0.208749,0.208745,-3.77532e-05,-0.00125933
265.996,398.5,0.208763,0.208759,-3.89443e-05,-0.00129812
266.862,398,0.208778,0.208774,-4.02048e-05,-0.00133854
267.728,397.5,0.208793,0.208789,-4.15062e-05,-0.00137998
268.594,397,0.208809,0.208804,-4.28485e-05,-0.00142244
269.46,396.5,0.208825,0.20882,-4.42316e-05,-0.00146593
270.326,396,0.208849,0.208844,-4.59117e-05,-0.00150696
271.192,395.5,0.208873,0.208868,-4.76924e-05,-0.00155134
272.058,395,0.208898,0.208892,-4.95802e-05,-0.00159879
272.924,394.5,0.208924,0.208918,-5.15573e-05,-0.00164727
273.79,394,0.208952,0.208945,-5.36236e-05,-0.00169678
274.656,393.5,0.208981,0.208974,-5.57791e-05,-0.00174732
275.522,393,0.209012,0.209005,-5.80239e-05,-0.00179889
276.388,392.5,0.209043,0.209035,-6.04834e-05,-0.00185395
277.254,392,0.209071,0.209062,-6.34227e-05,-0.00191777
278.12,391.5,0.209101,0.209091,-6.64723e-05,-0.00198309
278.986,391,0.209132,0.209122,-6.9623e-05,-0.00204994
279.852,390.5,0.209163,0.209153,-7.25897e-05,-0.00211884
280.718,390,0.209197,0.209185,-7.56541e-05,-0.00218962
281.584,389.5,0.209232,0.20922,-7.88163e-05,-0.00226226
282.45,389,0.209264,0.209251,-8.18516e-05,-0.00234651
283.316,388.5,0.209297,0.209283,-8.49474e-05,-0.00243404
284.182,388,0.209333,0.209318,-8.81188e-05,-0.00252419
285.048,387.5,0.209371,0.209354,-9.13658e-05,-0.00261696
285.914,387,0.209411,0.209393,-9.46884e-05,-0.00271234
286.78,386.5,0.209453,0.209434,-9.80865e-05,-0.00281035
287.646,386,0.209494,0.209473,-0.000101473,-0.00292178
288.512,385.5,0.209538,0.209516,-0.000104965,-0.00304226
289.378,385,0.209604,0.20958,-0.00010946,-0.00315706
290.244,384.5,0.209675,0.209649,-0.000114071,-0.00327512
291.11,384,0.20975,0.209722,-0.000118796,-0.00339644
291.976,383.5,0.209829,0.2098,-0.000123637,-0.00352103
292.842,383,0.209902,0.20987,-0.000128382,-0.00365892
293.708,382.5,0.209954,0.209919,-0.000132762,-0.00382525
294.574,382,0.210009,0.209971,-0.000137257,-0.00399834
295.44,381.5,0.210068,0.210026,-0.000141867,-0.00417821
296.306,381,0.210129,0.210084,-0.000146591,-0.00436484
297.172,380.5,0.210194,0.210145,-0.00015143,-0.00455824
298.038,380,0.210265,0.210211,-0.00015618,-0.00475521
298.905,379.5,0.210376,0.210318,-0.00015699,-0.0049473
299.771,379,0.210507,0.210444,-0.000157678,-0.0051444
300.637,378.5,0.210657,0.210589,-0.000158273,-0.00534644
301.503,378,0.210827,0.210753,-0.000158774,-0.00555343
302.369,377.5,0.211015,0.210936,-0.000159182,-0.00576536
303.235,377,0.211223,0.211138,-0.000159496,-0.00598224
304.101,376.5,0.211316,0.211222,-0.000162803,-0.00629373
304.967,376,0.211351,0.211246,-0.000168003,-0.00665536
305.833,375.5,0.211391,0.211274,-0.00017371,-0.00702448
306.699,375,0.211435,0.211305,-0.000179925,-0.00740109
307.565,374.5,0.211478,0.211334,-0.000186335,-0.00779462
308.431,374,0.211506,0.211346,-0.000191332,-0.00824186
309.297,373.5,0.211648,0.21147,-0.000191364,-0.00867236
310.163,373,0.21199,0.211797,-0.000184906,-0.00904149
311.029,372.5,0.212339,0.212129,-0.000180117,-0.00942387
311.895,372,0.212695,0.212468,-0.000176997,-0.00981953
312.761,371.5,0.213059,0.212813,-0.000175546,-0.0102284
313.627,371,0.21343,0.213164,-0.000175764,-0.0106506
314.493,370.5,0.213774,0.213484,-0.000174008,-0.0111238
315.359,370,0.213374,0.213011,-9.13022e-05,-0.012448
316.225,369.5,0.212972,0.212519,3.22354e-06,-0.0138894
317.091,369,0.212718,0.212165,0.000113508,-0.0153338
317.957,368.5,0.212827,0.212186,0.00025018,-0.0165035
318.823,368,0.212913,0.212181,0.000405698,-0.0176338
319.689,367.5,0.212975,0.212149,0.000580063,-0.0187249
320.555,367,0.213937,0.213079,0.000701517,-0.0191371
321.421,366.5,0.215548,0.214673,0.000811968,-0.019387
322.287,366,0.21752,0.216621,0.000937251,-0.0197268
323.153,365.5,0.219851,0.218923,0.00107737,-0.0201567
324.019,365,0.222544,0.221578,0.00123231,-0.0206766
324.885,364.5,0.225597,0.224586,0.00140209,-0.0212865
325.751,364,0.22703,0.22588,0.00222465,-0.0227137
326.617,363.5,0.2251,0.223639,0.00406623,-0.0252724
327.483,363,0.222208,0.220266,0.00611316,-0.028671
328.349,362.5,0.219587,0.216952,0.00840025,-0.03286
329.215,362,0.217297,0.213698,0.0109275,-0.0378392
330.081,361.5,0.215409,0.210503,0.0136949,-0.0436088
330.947,361,0.213997,0.207522,0.0163393,-0.0496208
331.813,360.5,0.212592,0.205821,0.0156962,-0.0508585
332.679,360,0.210865,0.203931,0.0147135,-0.0515702
333.546,359.5,0.208813,0.201853,0.0133914,-0.0517559
334.412,359,0.206436,0.199587,0.0117296,-0.0514156
335.278,358.5,0.203742,0.197132,0.00972838,-0.0505493
336.144,358,0.205913,0.199532,0.00877764,-0.0500992
337.01,357.5,0.214582,0.201403,0.0289432,-0.068152
337.876,357,0.224443,0.197707,0.0611517,-0.0868742
338.742,356.5,0.238226,0.190482,0.101031,-0.101297
339.608,356,0.258443,0.179728,0.148582,-0.111419
340.474,355.5,0.287494,0.165444,0.203803,-0.117242
341.34,355,0.327149,0.147631,0.266695,-0.118764
342.206,354.5,0.346772,0.118456,0.304273,-0.116776
343.072,354,0.338462,0.0765804,0.30789,-0.117881
343.938,353.5,0.337622,0.03061,0.312716,-0.123534
344.804,353,0.346217,-0.0194552,0.318752,-0.133736
345.67,352.5,0.354425,-0.0646343,0.318826,-0.140676
346.536,352,0.364812,-0.101045,0.321611,-0.139442
347.402,351.5,0.362228,-0.11899,0.316079,-0.130937
348.268,351,0.228231,-0.0445767,0.201975,-0.0964799
349.134,350.5,0.127274,0.0148398,0.0992775,-0.0782465
350,350,0.0968894,0.0592599,0.00798573,-0.0762367
350.866,349.5,0.145656,0.0886837,-0.0719002,-0.0904505
351.732,349,0.21202,0.103111,-0.14038,-0.120888
352.598,348.5,0.278524,0.102542,-0.197454,-0.167549
353.464,348,0.316425,0.116027,-0.203789,-0.212444
354.33,347.5,0.367896,0.141012,-0.219191,-0.259651
355.196,347,0.418182,0.177759,-0.252641,-0.281868
356.062,346.5,0.453297,0.211847,-0.28262,-0.284123
356.928,346,0.483044,0.235568,-0.303167,-0.293137
357.794,345.5,0.506125,0.248922,-0.314283,-0.308911
358.66,345,0.480945,0.239083,-0.275584,-0.31337
359.526,344.5,0.426872,0.217746,-0.206546,-0.303555
360.392,344,0.385028,0.19958,-0.147994,-0.294129
361.258,343.5,0.354027,0.184586,-0.0999289,-0.285093
362.124,343,0.331899,0.172763,-0.0623506,-0.276446
362.99,342.5,0.316388,0.164113,-0.0352589,-0.268188
363.856,342,0.301617,0.156361,-0.0161669,-0.257415
364.722,341.5,0.278859,0.159089,-0.00641787,-0.228936
365.588,341,0.262647,0.172477,-0.00545457,-0.198003
366.454,340.5,0.251313,0.184915,-0.00455518,-0.170129
367.321,340,0.244345,0.196403,-0.0037197,-0.145315
368.187,339.5,0.24104,0.20694,-0.00294812,-0.123561
369.053,339,0.240596,0.216527,-0.00224046,-0.104868
369.919,338.5,0.238614,0.220013,-0.00185968,-0.0923452
370.785,338,0.237179,0.222743,-0.00150649,-0.0814694
371.651,337.5,0.236504,0.225341,-0.00114756,-0.0717937
372.517,337,0.236446,0.227809,-0.000782897,-0.0633178
373.383,336.5,0.236871,0.230145,-0.000412504,-0.0560419
374.249,336,0.236732,0.231063,0.000185823,-0.0514965
375.115,335.5,0.234784,0.229759,0.000686887,-0.0483126
375.981,335,0.232003,0.227509,0.00103588,-0.0454289
376.847,334.5,0.22947,0.225467,0.00134474,-0.0426557
377.713,334,0.227185,0.223632,0.00161346,-0.0399932
378.579,333.5,0.225146,0.222004,0.00184205,-0.0374412
379.445,333,0.223352,0.220583,0.0020305,-0.0349997
380.311,332.5,0.221712,0.219267,0.00212521,-0.0327689
381.177,332,0.220043,0.217855,0.00205433,-0.0308844
382.043,331.5,0.218565,0.216617,0.00197543,-0.0290534
382.909,331,0.21728,0.215552,0.00188852,-0.0272757
383.775,330.5,0.216976,0.215506,0.00178652,-0.0251522
384.641,330,0.217022,0.215792,0.00168678,-0.0230095
385.507,329.5,0.217081,0.216055,0.00159421,-0.0210174
386.373,329,0.216692,0.215803,0.00148987,-0.0195501
387.239,328.5,0.216304,0.215533,0.00139056,-0.0181881
388.105,328,0.215936,0.215269,0.00129716,-0.0169119
388.971,327.5,0.215587,0.21501,0.00120966,-0.0157215
389.837,327,0.215257,0.214757,0.00112806,-0.0146169
390.703,326.5,0.214943,0.21451,0.00105238,-0.0135982
391.569,326,0.214639,0.214259,0.000976565,-0.0127305
392.435,325.5,0.214346,0.214011,0.00090231,-0.0119553
393.301,325,0.213997,0.213694,0.000839947,-0.011347
394.167,324.5,0.213655,0.213381,0.000782598,-0.0107909
395.033,324,0.213342,0.213094,0.00072805,-0.0102502
395.899,323.5,0.213058,0.212834,0.000676303,-0.00972491
396.765,323,0.212776,0.212573,0.000629336,-0.00924885
397.631,322.5,0.212465,0.212279,0.000588819,-0.00885483
398.497,322,0.212178,0.212008,0.000550389,-0.00847061
399.363,321.5,0.211915,0.211759,0.000514046,-0.00809618
400.229,321,0.211676,0.211534,0.000479789,-0.00773156
401.095,320.5,0.211461,0.211332,0.000447619,-0.00737673
401.962,320,0.21127,0.211153,0.000417566,-0.0070323
402.828,319.5,0.211138,0.211031,0.000396978,-0.00671104
403.694,319,0.211024,0.210927,0.000377933,-0.00639312
404.56,318.5,0.210917,0.210828,0.000359526,-0.00608753
405.426,318,0.210814,0.210734,0.000341757,-0.00579427
406.292,317.5,0.210717,0.210645,0.000324625,-0.00551333
407.158,317,0.210625,0.21056,0.000308131,-0.00524471
408.024,316.5,0.210525,0.210465,0.000293058,-0.0050124
408.89,316,0.210423,0.210368,0.000278803,-0.00479916
409.756,315.5,0.210326,0.210276,0.000264995,-0.00459381
410.622,315,0.210235,0.210189,0.000251633,-0.00439632
411.488,314.5,0.210149,0.210107,0.000238717,-0.00420671
412.354,314,0.210077,0.210039,0.000226144,-0.00402998
413.22,313.5,0.210006,0.20997,0.000214751,-0.00386842
414.086,313,0.209929,0.209896,0.000204908,-0.00372631
414.952,312.5,0.209857,0.209826,0.00019537,-0.00358792
415.818,312,0.209789,0.20976,0.000186138,-0.00345325
416.684,311.5,0.209724,0.209698,0.000177212,-0.00332229
417.55,311,0.209664,0.209639,0.000168591,-0.00319504
418.416,310.5,0.209607,0.209584,0.000160304,-0.00307252
419.282,310,0.209547,0.209526,0.000152692,-0.00296755
420.148,309.5,0.209491,0.209471,0.000145343,-0.00286526
421.014,309,0.209437,0.209419,0.000138256,-0.00276563
421.88,308.5,0.209397,0.20938,0.000131931,-0.00266281
422.746,308,0.20936,0.209344,0.000125815,-0.00256281
423.612,307.5,0.209324,0.20931,0.000119889,-0.00246581
424.478,307,0.209285,0.209271,0.000114773,-0.00238094
425.344,306.5,0.209246,0.209233,0.000110016,-0.00230136
426.21,306,0.209208,0.209196,0.000105403,-0.00222392
427.076,305.5,0.209172,0.209161,0.000100937,-0.00214864
427.942,305,0.209139,0.209128,9.66156e-05,-0.0020755
428.808,304.5,0.209107,0.209097,9.24401e-05,-0.00200451
429.674,304,0.209075,0.209066,8.85029e-05,-0.00193896
430.54,303.5,0.209043,0.209034,8.48111e-05,-0.00187938
431.406,303,0.209017,0.209009,8.13149e-05,-0.0018208
432.272,302.5,0.208992,0.208984,7.7927e-05,-0.00176358
433.138,302,0.208968,0.208961,7.46473e-05,-0.00170774
434.004,301.5,0.208945,0.208938,7.14759e-05,-0.00165326
434.87,301,0.208922,0.208916,6.846e-05,-0.0016009
435.737,300.5,0.208898,0.208892,6.58757e-05,-0.00155506
436.603,300,0.208874,0.208869,6.33644e-05,-0.00151022
437.469,299.5,0.208852,0.208847,6.09261e-05,-0.00146639
438.335,299,0.208831,0.208826,5.85609e-05,-0.00142356
439.201,298.5,0.20881,0.208805,5.62688e-05,-0.00138173
440.067,298,0.208791,0.208787,5.40643e-05,-0.0013408
440.933,297.5,0.208773,0.208769,5.21818e-05,-0.00130318
441.799,297,0.208756,0.208753,5.03738e-05,-0.00126716
442.665,296.5,0.20874,0.208736,4.86114e-05,-0.00123191
443.531,296,0.208724,0.208721,4.68947e-05,-0.00119744
444.397,295.5,0.208709,0.208706,4.52238e-05,-0.00116373
445.263,295,0.208694,0.208691,4.35985e-05,-0.00113079
446.129,294.5,0.208679,0.208676,4.20954e-05,-0.00110021
446.995,294,0.208664,0.208661,4.0712e-05,-0.00107192
447.861,293.5,0.20865,0.208647,3.93675e-05,-0.00104421
448.727,293,0.208635,0.208633,3.8062e-05,-0.00101709
449.593,292.5,0.208622,0.20862,3.68013e-05,-0.000990458
450.459,292,0.208611,0.208609,3.56055e-05,-0.000963903
451.325,291.5,0.2086,0.208597,3.44498e-05,-0.000938319
452.191,291,0.208588,0.208586,3.33723e-05,-0.00091522
453.057,290.5,0.208576,0.208574,3.23223e-05,-0.000892545
453.923,290,0.208565,0.208563,3.13e-05,-0.000870294
454.789,289.5,0.208554,0.208553,3.03053e-05,-0.000848467
455.655,289,0.208544,0.208543,2.93381e-05,-0.000827063
456.521,288.5,0.208534,0.208533,2.83986e-05,-0.000806084
457.387,288,0.208524,0.208522,2.75403e-05,-0.000787137
458.253,287.5,0.208514,0.208512,2.67102e-05,-0.000768784
459.119,287,0.208504,0.208503,2.59049e-05,-0.000750691
459.985,286.5,0.208496,0.208495,2.51388e-05,-0.000732682
460.851,286,0.208488,0.208487,2.43912e-05,-0.000715001
461.717,285.5,0.20848,0.208479,2.36622e-05,-0.000697648
462.583,285,0.208472,0.208471,2.29718e-05,-0.000681444
463.449,284.5,0.208464,0.208463,2.23123e-05,-0.000666194
464.315,284,0.208456,0.208455,2.16658e-05,-0.000651203
465.181,283.5,0.208448,0.208447,2.10324e-05,-0.000636473
466.047,283,0.208441,0.20844,2.04121e-05,-0.000622002
466.913,282.5,0.208434,0.208433,1.98048e-05,-0.00060779
467.779,282,0.208427,0.208426,1.92204e-05,-0.000594114
468.645,281.5,0.20842,0.208419,1.8688e-05,-0.000581479
469.512,281,0.208414,0.208413,1.81832e-05,-0.000568814
470.378,280.5,0.208408,0.208407,1.76879e-05,-0.000556353
471.244,280,0.208402,0.208401,1.72022e-05,-0.000544093
472.11,279.5,0.208396,0.208395,1.67261e-05,-0.000532037
472.976,279,0.20839,0.20839,1.62596e-05,-0.000520183
473.842,278.5,0.208385,0.208384,1.58229e-05,-0.000509405
474.708,278,0.208379,0.208378,1.53971e-05,-0.000498871
475.574,277.5,0.208373,0.208373,1.49804e-05,-0.000488503
476.44,277,0.208368,0.208368,1.45728e-05,-0.000478299
477.306,276.5,0.208363,0.208362,1.41744e-05,-0.000468261
478.172,276,0.208358,0.208358,1.37859e-05,-0.000458343
479.038,275.5,0.208354,0.208353,1.34177e-05,-0.000448964
