x,v,vx,vy,vz
220.096,425,0.316063,0.315753,-0.0137344,-0.0027026
220.962,424.5,0.315082,0.31473,-0.0149018,0.000306315
221.828,424,0.31468,0.314242,-0.016165,0.00376074
222.694,423.5,0.315037,0.314457,-0.017397,0.00787773
223.56,423,0.315317,0.314536,-0.0184529,0.0122886
224.426,422.5,0.315621,0.314565,-0.0193769,0.0170204
225.292,422,0.315962,0.314544,-0.0201691,0.0220734
226.158,421.5,0.316355,0.314473,-0.0208295,0.0274474
227.024,421,0.31699,0.31453,-0.0211756,0.0332471
227.89,420.5,0.319663,0.316482,-0.0191585,0.0407006
228.756,420,0.322458,0.318312,-0.016646,0.0487811
229.622,419.5,0.325431,0.320022,-0.0136381,0.0574885
230.488,419,0.328636,0.321611,-0.0101347,0.0668228
231.355,418.5,0.332134,0.323078,-0.00613589,0.0767841
232.221,418,0.331975,0.320658,-0.000491246,0.0859396
233.087,417.5,0.32586,0.312314,0.00725355,0.0926917
233.953,417,0.316848,0.300846,0.0151095,0.0982639
234.819,416.5,0.305951,0.287137,0.02264,0.103177
235.685,416,0.293215,0.271188,0.0298451,0.107432
236.551,415.5,0.278718,0.252997,0.0367248,0.111027
237.417,415,0.26258,0.232567,0.0432791,0.113964
238.283,414.5,0.243896,0.209606,0.0480092,0.115089
239.149,414,0.22338,0.185046,0.0503038,0.114569
240.015,413.5,0.202853,0.159607,0.0518621,0.113954
240.881,413,0.182662,0.133289,0.0526841,0.113242
241.747,412.5,0.166378,0.111142,0.0513998,0.112637
242.613,412,0.153309,0.0910368,0.0494192,0.113021
243.479,411.5,0.143246,0.0724021,0.0470268,0.114305
244.345,411,0.13634,0.0585589,0.0436053,0.115143
245.211,410.5,0.130984,0.0452935,0.0402352,0.116132
246.077,410,0.127195,0.0326059,0.0369167,0.117271
246.943,409.5,0.124936,0.020496,0.0336498,0.118561
247.809,409,0.124125,0.00896395,0.0304343,0.120002
248.675,408.5,0.12463,-0.00199034,0.0272704,0.121593
249.541,408,0.124538,-0.0130562,0.0249334,0.121316
250.407,407.5,0.125117,-0.0243627,0.0228404,0.120578
251.273,407,0.12555,-0.033677,0.0221337,0.118906
252.139,406.5,0.126389,-0.0428811,0.0215741,0.116918
253.005,406,0.12788,-0.0523842,0.0209049,0.11477
253.871,405.5,0.130075,-0.0621863,0.0201262,0.112461
254.737,405,0.130602,-0.0706608,0.0188379,0.108209
255.603,404.5,0.129448,-0.0776957,0.016924,0.102145
256.469,404,0.128953,-0.0848094,0.0147287,0.0960176
257.335,403.5,0.129163,-0.0920021,0.0122521,0.0898249
258.201,403,0.130111,-0.0992736,0.00949415,0.0835675
259.067,402.5,0.131823,-0.106624,0.0064549,0.0772454
259.933,402,0.133299,-0.113612,0.00348642,0.0696331
260.799,401.5,0.129529,-0.115841,0.00310278,0.0578717
261.665,401,0.126699,-0.118024,0.00254531,0.0460042
262.531,400.5,0.125178,-0.120484,0.00166768,0.033919
263.397,400,0.125101,-0.123219,0.000469894,0.0216162
264.263,399.5,0.126562,-0.12623,-0.00104806,0.00909562
265.13,399,0.1296,-0.129517,-0.00288617,-0.00364262
265.996,398.5,0.13241,-0.130952,-0.00176422,-0.0195206
266.862,398,0.137032,-0.132273,-0.000347135,-0.0357998
267.728,397.5,0.143546,-0.133768,0.000923698,-0.0520637
268.594,397,0.151704,-0.135438,0.00204828,-0.068312
269.46,396.5,0.161255,-0.137282,0.00302661,-0.0845449
270.326,396,0.171621,-0.138042,0.00544146,-0.101825
271.192,395.5,0.182256,-0.138315,0.00860092,-0.118373
272.058,395,0.192756,-0.137929,0.0123899,-0.134078
272.924,394.5,0.203564,-0.137494,0.0160175,-0.149256
273.79,394,0.214514,-0.137008,0.0194839,-0.163907
274.656,393.5,0.225475,-0.136472,0.0227891,-0.178031
275.522,393,0.236345,-0.135887,0.025933,-0.191628
276.388,392.5,0.247084,-0.134858,0.0278712,-0.205151
277.254,392,0.25806,-0.132374,0.0267581,-0.219901
278.12,391.5,0.269331,-0.129482,0.0258897,-0.234741
278.986,391,0.280827,-0.126197,0.0252774,-0.249598
279.852,390.5,0.290668,-0.123071,0.025117,-0.262128
280.718,390,0.300486,-0.119682,0.0249137,-0.274494
281.584,389.5,0.310271,-0.116033,0.0246675,-0.286699
282.45,389,0.318267,-0.109114,0.0206236,-0.298266
283.316,388.5,0.326601,-0.101339,0.0166653,-0.310034
284.182,388,0.335436,-0.0929037,0.0130685,-0.322048
285.048,387.5,0.344795,-0.0838086,0.0098333,-0.334309
285.914,387,0.354704,-0.0740538,0.00695959,-0.346817
286.78,386.5,0.365187,-0.0636391,0.00444742,-0.359572
287.646,386,0.372845,-0.0504283,0.00128044,-0.369417
288.512,385.5,0.379045,-0.0351692,-0.00223417,-0.377403
289.378,385,0.381659,-0.0173443,-0.00490981,-0.381233
290.244,384.5,0.386366,0.000548264,-0.00730392,-0.386297
291.11,384,0.393144,0.0185084,-0.00941647,-0.392595
291.976,383.5,0.401951,0.0365361,-0.0112475,-0.400128
292.842,383,0.410437,0.0535624,-0.0125335,-0.406734
293.708,382.5,0.415678,0.0683102,-0.0133118,-0.409811
294.574,382,0.422901,0.0832626,-0.0143817,-0.414374
295.44,381.5,0.432075,0.0984196,-0.0157432,-0.420421
296.306,381,0.443164,0.113781,-0.0173963,-0.427955
297.172,380.5,0.456125,0.129347,-0.019341,-0.436973
298.038,380,0.470249,0.144698,-0.0214893,-0.446917
298.905,379.5,0.47679,0.154033,-0.0225385,-0.450661
299.771,379,0.48478,0.163674,-0.0238401,-0.45569
300.637,378.5,0.494261,0.173661,-0.0254021,-0.46205
301.503,378,0.505224,0.183994,-0.0272245,-0.469741
302.369,377.5,0.517658,0.194673,-0.0293073,-0.478762
303.235,377,0.53155,0.205697,-0.0316506,-0.489114
304.101,376.5,0.54407,0.21216,-0.0324052,-0.49995
304.967,376,0.556097,0.216327,-0.0330128,-0.51123
305.833,375.5,0.568873,0.220502,-0.0344548,-0.523267
306.699,375,0.582404,0.224682,-0.0367311,-0.536062
307.565,374.5,0.595618,0.228533,-0.0392608,-0.548628
308.431,374,0.606216,0.231799,-0.0402658,-0.5587
309.297,373.5,0.615974,0.234231,-0.0379953,-0.568433
310.163,373,0.622894,0.234119,-0.0301058,-0.576437
311.029,372.5,0.631057,0.234603,-0.0232752,-0.585366
311.895,372,0.640422,0.235683,-0.0175034,-0.59522
312.761,371.5,0.650952,0.237358,-0.0127905,-0.606
313.627,371,0.662621,0.239629,-0.00913633,-0.617706
314.493,370.5,0.6742,0.241842,-0.00624314,-0.6293
315.359,370,0.662277,0.231356,0.00214283,-0.620549
316.225,369.5,0.652197,0.221975,0.0101842,-0.613175
317.091,369,0.642753,0.213817,0.0185485,-0.605863
317.957,368.5,0.632813,0.207486,0.0278092,-0.597184
318.823,368,0.625758,0.202901,0.0359994,-0.590854
319.689,367.5,0.621532,0.200064,0.0431188,-0.586871
320.555,367,0.603162,0.186498,0.0457774,-0.571775
321.421,366.5,0.579735,0.16915,0.0468469,-0.552527
322.287,366,0.557222,0.152459,0.0476865,-0.533834
323.153,365.5,0.535617,0.136424,0.0482962,-0.515695
324.019,365,0.514913,0.121046,0.048676,-0.49811
324.885,364.5,0.495103,0.106324,0.048826,-0.48108
325.751,364,0.484453,0.0955425,0.0499048,-0.472309
326.617,363.5,0.484893,0.0915861,0.0534828,-0.473152
327.483,363,0.484909,0.0922533,0.0589101,-0.472394
328.349,362.5,0.483611,0.0919312,0.0654279,-0.470263
329.215,362,0.481053,0.09062,0.0730362,-0.466761
330.081,361.5,0.477306,0.0883196,0.081735,-0.461887
330.947,361,0.47695,0.0865365,0.0888148,-0.460549
331.813,360.5,0.517272,0.0990684,0.0716286,-0.502618
332.679,360,0.560254,0.114235,0.0529506,-0.545922
333.546,359.5,0.605931,0.132036,0.0327809,-0.590461
334.412,359,0.654344,0.152471,0.0111194,-0.636235
335.278,358.5,0.705536,0.175541,-0.0120338,-0.683243
336.144,358,0.753779,0.202066,-0.0335261,-0.725416
337.01,357.5,0.738838,0.237209,0.0218613,-0.699382
337.876,357,0.712816,0.277399,0.0953837,-0.649661
338.742,356.5,0.693666,0.321415,0.167351,-0.591488
339.608,356,0.684372,0.369257,0.237762,-0.524865
340.474,355.5,0.688117,0.420926,0.306619,-0.449789
341.34,355,0.707773,0.476422,0.37392,-0.366263
342.206,354.5,0.720346,0.496516,0.401273,-0.333691
343.072,354,0.716015,0.464081,0.400431,-0.370083
343.938,353.5,0.722638,0.418493,0.420151,-0.412968
344.804,353,0.745107,0.359752,0.460433,-0.462347
345.67,352.5,0.772429,0.29918,0.499751,-0.507333
346.536,352,0.79009,0.250364,0.531619,-0.528149
347.402,351.5,0.781707,0.230811,0.5561,-0.498544
348.268,351,0.656932,0.328262,0.475977,-0.311847
349.134,350.5,0.5904,0.385215,0.416737,-0.162827
350,350,0.554218,0.401669,0.378377,-0.0514832
350.866,349.5,0.52282,0.377625,0.360899,0.0221843
351.732,349,0.48386,0.313082,0.364302,0.0581755
352.598,348.5,0.444377,0.20804,0.388586,0.0564904
353.464,348,0.425309,0.165762,0.37378,0.117046
354.33,347.5,0.4186,0.14471,0.341726,0.19367
355.196,347,0.459242,0.208129,0.262849,0.313842
356.062,346.5,0.58609,0.329687,0.160619,0.457176
356.928,346,0.729306,0.434544,0.0747844,0.580919
357.794,345.5,0.861721,0.522699,0.00534643,0.68507
358.66,345,0.910971,0.565985,-0.0106569,0.713733
359.526,344.5,0.90601,0.58399,0.00679866,0.69265
360.392,344,0.91022,0.607043,0.0196173,0.677949
361.258,343.5,0.923356,0.635144,0.0277989,0.669631
362.124,343,0.945207,0.668294,0.0313435,0.667695
362.99,342.5,0.975613,0.706492,0.0302513,0.672143
363.856,342,1.02209,0.757996,0.0257371,0.685169
364.722,341.5,1.09198,0.842088,0.00642324,0.695171
365.588,341,1.15583,0.923064,-0.0222346,0.695273
366.454,340.5,1.21851,0.999942,-0.0488952,0.694622
367.321,340,1.27933,1.07272,-0.0735585,0.69322
368.187,339.5,1.33777,1.1414,-0.0962246,0.691064
369.053,339,1.39343,1.20599,-0.116893,0.688157
369.919,338.5,1.43495,1.25941,-0.133277,0.674684
370.785,338,1.47201,1.30778,-0.147546,0.659362
371.651,337.5,1.50566,1.35188,-0.159966,0.643303
372.517,337,1.53575,1.39173,-0.170539,0.626507
373.383,336.5,1.56213,1.42732,-0.179263,0.608974
374.249,336,1.56434,1.4385,-0.181625,0.587273
375.115,335.5,1.55189,1.43566,-0.179125,0.561382
375.981,335,1.53816,1.4316,-0.175174,0.534575
376.847,334.5,1.52593,1.4283,-0.171274,0.509005
377.713,334,1.51517,1.42576,-0.167427,0.484674
378.579,333.5,1.50584,1.42398,-0.163631,0.46158
379.445,333,1.4979,1.42295,-0.159887,0.439725
380.311,332.5,1.49066,1.42223,-0.155283,0.418564
381.177,332,1.48328,1.42132,-0.148551,0.397365
382.043,331.5,1.47776,1.42156,-0.142343,0.377723
382.909,331,1.47405,1.42295,-0.136661,0.359636
383.775,330.5,1.47317,1.42583,-0.132298,0.346006
384.641,330,1.47366,1.42946,-0.128118,0.334507
385.507,329.5,1.47495,1.43362,-0.123705,0.323912
386.373,329,1.47189,1.43551,-0.109456,0.306251
387.239,328.5,1.46991,1.43793,-0.0952679,0.28969
388.105,328,1.4692,1.44099,-0.0816227,0.274628
388.971,327.5,1.46971,1.44471,-0.0685198,0.261064
389.837,327,1.47139,1.44909,-0.0559593,0.248999
390.703,326.5,1.47419,1.45412,-0.0439412,0.238433
391.569,326,1.46612,1.44871,-0.0279189,0.223575
392.435,325.5,1.45349,1.43875,-0.00994508,0.20622
393.301,325,1.43362,1.42144,0.00985767,0.186239
394.167,324.5,1.41271,1.40256,0.0299532,0.166342
395.033,324,1.39332,1.3846,0.0496818,0.147483
395.899,323.5,1.37543,1.36757,0.0690435,0.129662
396.765,323,1.35038,1.34293,0.0857914,0.112626
397.631,322.5,1.30893,1.30182,0.0977647,0.0948409
398.497,322,1.2692,1.26214,0.109779,0.0761905
399.363,321.5,1.23124,1.22389,0.121833,0.0566746
400.229,321,1.19514,1.18706,0.133928,0.0362934
401.095,320.5,1.16098,1.15166,0.146064,0.0150466
401.962,320,1.12865,1.1175,0.158132,-0.00689478
402.828,319.5,1.07299,1.0611,0.159157,-0.00688332
403.694,319,1.01984,1.00718,0.160019,-0.00752263
404.56,318.5,0.970271,0.956815,0.160722,-0.00987989
405.426,318,0.924276,0.909992,0.161265,-0.0139551
406.292,317.5,0.881881,0.866714,0.161649,-0.0197483
407.158,317,0.843116,0.826982,0.161873,-0.0272594
408.024,316.5,0.803262,0.786856,0.16046,-0.0184143
408.89,316,0.763545,0.746975,0.158191,-0.00201178
409.756,315.5,0.725825,0.708784,0.155705,0.0142548
410.622,315,0.690144,0.672284,0.153003,0.0303855
411.488,314.5,0.656543,0.637474,0.150085,0.0463803
412.354,314,0.615756,0.594102,0.147836,0.0659086
413.22,313.5,0.577168,0.551184,0.147821,0.0864159
414.086,313,0.539684,0.506312,0.15157,0.109241
414.952,312.5,0.503847,0.461211,0.155347,0.130435
415.818,312,0.46988,0.415882,0.159152,0.149999
416.684,311.5,0.438072,0.370325,0.162987,0.167932
417.55,311,0.408788,0.32454,0.16685,0.184236
418.416,310.5,0.380761,0.277731,0.170289,0.197094
419.282,310,0.329384,0.217246,0.166519,0.18322
420.148,309.5,0.279262,0.152625,0.161358,0.169283
421.014,309,0.234758,0.0838679,0.154805,0.155284
421.88,308.5,0.198497,0.00178864,0.14524,0.135289
422.746,308,0.192341,-0.0796347,0.133357,0.113443
423.612,307.5,0.218859,-0.160025,0.119193,0.0899129
424.478,307,0.248235,-0.221657,0.0980522,0.053612
425.344,306.5,0.284357,-0.273557,0.075972,0.0159296
426.21,306,0.326422,-0.321213,0.0549263,-0.0188833
427.076,305.5,0.369802,-0.364624,0.0349149,-0.0508267
427.942,305,0.41193,-0.403792,0.0159379,-0.0799004
428.808,304.5,0.451368,-0.438715,-0.00200473,-0.106105
429.674,304,0.46794,-0.451985,-0.0164089,-0.120033
430.54,303.5,0.45617,-0.439665,-0.0266152,-0.118645
431.406,303,0.434647,-0.419683,-0.0306431,-0.108838
432.272,302.5,0.412352,-0.398917,-0.0348292,-0.0984196
433.138,302,0.389329,-0.377367,-0.0391736,-0.0873898
434.004,301.5,0.365642,-0.355033,-0.0436762,-0.0757489
434.87,301,0.341317,-0.331838,-0.0482717,-0.0636436
435.737,300.5,0.317884,-0.308965,-0.0528126,-0.0529329
436.603,300,0.297224,-0.288283,-0.0579785,-0.0432878
437.469,299.5,0.279391,-0.269793,-0.0637692,-0.0347082
438.335,299,0.264433,-0.253494,-0.0701847,-0.0271943
439.201,298.5,0.252389,-0.239387,-0.077225,-0.0207459
440.067,298,0.243513,-0.227692,-0.0849553,-0.0154014
440.933,297.5,0.24357,-0.225305,-0.0920164,-0.00986076
441.799,297,0.245461,-0.224714,-0.0986947,-0.00375735
442.665,296.5,0.247992,-0.224466,-0.105395,0.00267003
443.531,296,0.251171,-0.22456,-0.112119,0.00942139
444.397,295.5,0.255,-0.224998,-0.118864,0.0164967
445.263,295,0.25948,-0.225778,-0.125632,0.023896
446.129,294.5,0.262113,-0.227035,-0.127143,0.0315108
446.995,294,0.261294,-0.227376,-0.122763,0.0387774
447.861,293.5,0.259072,-0.226189,-0.117797,0.045617
448.727,293,0.255433,-0.223472,-0.112246,0.0520297
449.593,292.5,0.250523,-0.219297,-0.106209,0.0582262
450.459,292,0.245169,-0.214003,-0.100217,0.0653214
451.325,291.5,0.236533,-0.204762,-0.0933539,0.07284
452.191,291,0.218077,-0.183342,-0.0841242,0.0828631
453.057,290.5,0.200992,-0.1617,-0.0747882,0.093046
453.923,290,0.185778,-0.139837,-0.0653457,0.103389
454.789,289.5,0.17306,-0.117752,-0.0557969,0.113891
455.655,289,0.163561,-0.0954452,-0.0461417,0.124553
456.521,288.5,0.158008,-0.0729169,-0.0363802,0.135374
457.387,288,0.154393,-0.050732,-0.0326296,0.142123
458.253,287.5,0.153971,-0.0288747,-0.0297225,0.14829
459.119,287,0.157096,-0.00732424,-0.0268886,0.154604
459.985,286.5,0.163573,0.0138661,-0.0247493,0.161094
460.851,286,0.172553,0.0348486,-0.0226014,0.167479
461.717,285.5,0.183589,0.0556234,-0.0204448,0.173761
462.583,285,0.192327,0.0728117,-0.0200111,0.176883
463.449,284.5,0.198737,0.0870423,-0.0211193,0.177409
464.315,284,0.205833,0.101124,-0.0223712,0.177879
465.181,283.5,0.21352,0.115057,-0.0237668,0.178292
466.047,283,0.22171,0.128841,-0.0253062,0.178648
466.913,282.5,0.230326,0.142476,-0.0269894,0.178947
467.779,282,0.238533,0.155474,-0.0287282,0.178607
468.645,281.5,0.244211,0.166765,-0.030445,0.175788
469.512,281,0.249569,0.178092,-0.0326017,0.171771
470.378,280.5,0.25528,0.189334,-0.0345594,0.167709
471.244,280,0.261307,0.200491,-0.0363183,0.163602
472.11,279.5,0.267616,0.211564,-0.0378782,0.159449
472.976,279,0.274176,0.222553,-0.0392392,0.15525
473.842,278.5,0.281302,0.233335,-0.0389909,0.152201
474.708,278,0.288533,0.243925,-0.0385111,0.149229
475.574,277.5,0.29581,0.254327,-0.0379301,0.146228
476.44,277,0.303111,0.264544,-0.037248,0.143197
477.306,276.5,0.310417,0.274574,-0.0364647,0.140138
478.172,276,0.31753,0.284353,-0.0355539,0.136765
479.038,275.5,0.323756,0.292914,-0.0343648,0.13356
