x,v,vx,vy,vz
220.096,425,0.147851,0.147352,0.00384819,-0.0115069
220.962,424.5,0.146374,0.145844,0.00396493,-0.0117993
221.828,424,0.144777,0.144214,0.0040917,-0.012088
222.694,423.5,0.143035,0.142436,0.00423343,-0.0123738
223.56,423,0.141307,0.140668,0.00437634,-0.0126833
224.426,422.5,0.139573,0.138892,0.0045204,-0.0130127
225.292,422,0.137835,0.137106,0.0046656,-0.013362
226.158,421.5,0.136093,0.135313,0.00481196,-0.0137311
227.024,421,0.134317,0.133481,0.00496184,-0.0141159
227.89,420.5,0.132205,0.13131,0.00513963,-0.0144771
228.756,420,0.130088,0.129127,0.0053189,-0.0148627
229.622,419.5,0.127966,0.126932,0.00549963,-0.0152727
230.488,419,0.125838,0.124725,0.00568183,-0.0157071
231.355,418.5,0.123707,0.122506,0.0058655,-0.016166
232.221,418,0.121646,0.120348,0.00604566,-0.0166546
233.087,417.5,0.119269,0.117867,0.00625299,-0.0171318
233.953,417,0.116792,0.115273,0.00647027,-0.0176276
234.819,416.5,0.114319,0.11267,0.00668911,-0.0181545
235.685,416,0.111853,0.11006,0.0069095,-0.0187124
236.551,415.5,0.109393,0.107441,0.00713143,-0.0193013
237.417,415,0.106943,0.104814,0.00735492,-0.0199212
238.283,414.5,0.104249,0.101919,0.00760027,-0.0205545
239.149,414,0.10126,0.0987018,0.00787197,-0.021203
240.015,413.5,0.0982891,0.0954735,0.0081456,-0.0218905
240.881,413,0.0953395,0.0922344,0.00842114,-0.0226169
241.747,412.5,0.0925046,0.0890791,0.00869681,-0.0233745
242.613,412,0.08973,0.0859469,0.00897356,-0.0241676
243.479,411.5,0.0869044,0.0827161,0.00925914,-0.0249937
244.345,411,0.083558,0.078883,0.00959207,-0.0258343
245.211,410.5,0.080279,0.075048,0.00992685,-0.0267201
246.077,410,0.0770778,0.0712113,0.0102635,-0.0276512
246.943,409.5,0.0739665,0.0673728,0.0106019,-0.0286277
247.809,409,0.0709592,0.0635325,0.0109423,-0.0296495
248.675,408.5,0.0680719,0.0596903,0.0112844,-0.0307166
249.541,408,0.0647291,0.0551321,0.0116784,-0.0318421
250.407,407.5,0.0614728,0.0504206,0.0120853,-0.0330244
251.273,407,0.0585691,0.0458663,0.0124848,-0.0342162
252.139,406.5,0.0559658,0.041348,0.0128849,-0.035447
253.005,406,0.0536866,0.0368373,0.0132872,-0.0367248
253.871,405.5,0.0517757,0.0323341,0.0136918,-0.0380494
254.737,405,0.050019,0.0273369,0.0141306,-0.0394325
255.603,404.5,0.0486023,0.0218655,0.0146033,-0.0408758
256.469,404,0.0478714,0.0164059,0.0150793,-0.042369
257.335,403.5,0.0478584,0.0109581,0.0155585,-0.0439121
258.201,403,0.0485647,0.00552217,0.0160411,-0.0455051
259.067,402.5,0.0499608,9.80346e-05,0.0165269,-0.047148
259.933,402,0.0520313,-0.00554044,0.0170285,-0.0488527
260.799,401.5,0.0548901,-0.0120019,0.0175829,-0.0505937
261.665,401,0.0584158,-0.0184508,0.0181428,-0.0523719
262.531,400.5,0.062505,-0.0248986,0.0187086,-0.0541935
263.397,400,0.0670581,-0.0313452,0.0192801,-0.0560584
264.263,399.5,0.0719903,-0.0377907,0.0198575,-0.0579668
265.13,399,0.0772321,-0.0442351,0.0204407,-0.0599185
265.996,398.5,0.0833722,-0.051762,0.0210911,-0.0618611
266.862,398,0.0898995,-0.0594566,0.0217633,-0.0638217
267.728,397.5,0.0966766,-0.0671708,0.0224493,-0.0658063
268.594,397,0.10366,-0.0749047,0.0231492,-0.0678151
269.46,396.5,0.110818,-0.0826582,0.023863,-0.0698479
270.326,396,0.118069,-0.0902605,0.0245534,-0.0720444
271.192,395.5,0.126029,-0.0987516,0.025346,-0.0740881
272.058,395,0.134657,-0.107997,0.0262262,-0.0760353
272.924,394.5,0.14352,-0.117343,0.0271229,-0.0780578
273.79,394,0.1526,-0.12679,0.0280362,-0.0801556
274.656,393.5,0.16188,-0.136339,0.0289661,-0.0823286
275.522,393,0.171349,-0.145988,0.0299126,-0.0845769
276.388,392.5,0.181254,-0.156206,0.0309272,-0.0865814
277.254,392,0.192237,-0.168032,0.0321244,-0.0876829
278.12,391.5,0.203586,-0.180122,0.033355,-0.0888306
278.986,391,0.215279,-0.192454,0.034615,-0.0900465
279.852,390.5,0.227017,-0.204394,0.0357646,-0.0920907
280.718,390,0.239033,-0.21649,0.0369144,-0.0943728
281.584,389.5,0.251317,-0.228743,0.0380646,-0.0968929
282.45,389,0.266895,-0.244041,0.0391717,-0.10071
283.316,388.5,0.28318,-0.259961,0.040346,-0.104802
284.182,388,0.299961,-0.276307,0.0415931,-0.109092
285.048,387.5,0.317235,-0.29308,0.0429129,-0.113582
285.914,387,0.334999,-0.310279,0.0443054,-0.118271
286.78,386.5,0.353249,-0.327906,0.0457706,-0.123158
287.646,386,0.375696,-0.347887,0.0478253,-0.133547
288.512,385.5,0.401122,-0.369516,0.0503918,-0.147706
289.378,385,0.424915,-0.388802,0.0525366,-0.163175
290.244,384.5,0.449124,-0.408218,0.0546746,-0.179112
291.11,384,0.473748,-0.427766,0.0568061,-0.195516
291.976,383.5,0.498788,-0.447446,0.0589309,-0.212389
292.842,383,0.523569,-0.468994,0.064695,-0.22357
293.708,382.5,0.547828,-0.494179,0.0782807,-0.223104
294.574,382,0.573199,-0.518802,0.0911286,-0.226047
295.44,381.5,0.599474,-0.542864,0.103239,-0.232399
296.306,381,0.626534,-0.566364,0.114611,-0.242159
297.172,380.5,0.654337,-0.589303,0.125246,-0.255327
298.038,380,0.681975,-0.610786,0.134857,-0.271741
298.905,379.5,0.702928,-0.67597,0.139607,-0.132973
299.771,379,0.751517,-0.737577,0.143991,-0.00486719
300.637,378.5,0.816353,-0.79511,0.148034,0.110987
301.503,378,0.888335,-0.848567,0.151736,0.214591
302.369,377.5,0.961234,-0.89795,0.155099,0.305944
303.235,377,1.03102,-0.943258,0.158121,0.385046
304.101,376.5,1.22701,-1.07352,0.136058,0.578439
304.967,376,1.50292,-1.24936,0.103575,0.828932
305.833,375.5,1.79141,-1.42935,0.0729037,1.07741
306.699,375,2.08755,-1.61348,0.0440452,1.32386
307.565,374.5,2.37924,-1.79411,0.0175404,1.56258
308.431,374,2.63097,-1.94495,-0.00486366,1.77177
309.297,373.5,2.84635,-2.08556,-0.0320085,1.93678
310.163,373,3.0302,-2.22865,-0.0717379,2.05185
311.029,372.5,3.23473,-2.38766,-0.112504,2.17943
311.895,372,3.45989,-2.56258,-0.154306,2.31952
312.761,371.5,3.70561,-2.75342,-0.197144,2.47212
313.627,371,3.97187,-2.96018,-0.241019,2.63722
314.493,370.5,4.24529,-3.17423,-0.285223,2.80452
315.359,370,4.27105,-3.22856,-0.317996,2.77797
316.225,369.5,4.33258,-3.30531,-0.356052,2.77838
317.091,369,4.4043,-3.38711,-0.39669,2.78712
317.957,368.5,4.44727,-3.45005,-0.435605,2.77229
318.823,368,4.52675,-3.54028,-0.479639,2.77989
319.689,367.5,4.64271,-3.65779,-0.528794,2.80993
320.555,367,4.58008,-3.64802,-0.545492,2.71506
321.421,366.5,4.47994,-3.60922,-0.554909,2.59528
322.287,366,4.42186,-3.59827,-0.571076,2.50581
323.153,365.5,4.40551,-3.61519,-0.593994,2.44665
324.019,365,4.43058,-3.65996,-0.623662,2.41781
324.885,364.5,4.49675,-3.73259,-0.660081,2.41927
325.751,364,4.50731,-3.76052,-0.68059,2.38981
326.617,363.5,4.36656,-3.67425,-0.668885,2.2626
327.483,363,4.1856,-3.5619,-0.657846,2.09746
328.349,362.5,4.0496,-3.48254,-0.656049,1.9598
329.215,362,3.95835,-3.43617,-0.663495,1.84961
330.081,361.5,3.91153,-3.4228,-0.680184,1.76688
330.947,361,3.8952,-3.43157,-0.702782,1.70382
331.813,360.5,3.78943,-3.36653,-0.702263,1.59157
332.679,360,3.70317,-3.31461,-0.705705,1.49293
333.546,359.5,3.63615,-3.27579,-0.713106,1.40791
334.412,359,3.58807,-3.25009,-0.724467,1.33651
335.278,358.5,3.55863,-3.23751,-0.739789,1.27872
336.144,358,3.48284,-3.17988,-0.753499,1.20446
337.01,357.5,3.28388,-3.01229,-0.752413,1.0695
337.876,357,3.09318,-2.84878,-0.748585,0.944353
338.742,356.5,2.9249,-2.7012,-0.744957,0.838811
339.608,356,2.77834,-2.56953,-0.741528,0.752875
340.474,355.5,2.65283,-2.45379,-0.738299,0.686547
341.34,355,2.54778,-2.35397,-0.735268,0.639824
342.206,354.5,2.45228,-2.26401,-0.714339,0.614545
343.072,354,2.34815,-2.16982,-0.665297,0.602572
343.938,353.5,2.24144,-2.07336,-0.605475,0.59886
344.804,353,2.13294,-1.97465,-0.534874,0.603409
345.67,352.5,1.8948,-1.76175,-0.409336,0.564754
346.536,352,1.5267,-1.43205,-0.225562,0.478709
347.402,351.5,1.18856,-1.11481,-0.0376354,0.410431
348.268,351,0.918873,-0.824833,0.123261,0.385727
349.134,350.5,0.74548,-0.590125,0.260845,0.373433
350,350,0.670012,-0.41069,0.375117,0.373548
350.866,349.5,0.669608,-0.286526,0.466075,0.386073
351.732,349,0.707919,-0.217635,0.533721,0.411007
352.598,348.5,0.759465,-0.204016,0.578054,0.44835
353.464,348,0.762917,-0.183243,0.484934,0.559736
354.33,347.5,0.777899,-0.137236,0.354863,0.678502
355.196,347,0.81508,-0.0602369,0.203121,0.787064
356.062,346.5,0.87615,0.0255818,0.0569919,0.87392
356.928,346,0.94775,0.103669,-0.0695057,0.939495
357.794,345.5,1.01451,0.174024,-0.176372,0.983791
358.66,345,1.02011,0.223438,-0.206617,0.973659
359.526,344.5,0.980166,0.251864,-0.182764,0.929455
360.392,344,0.940328,0.270672,-0.160891,0.88604
361.258,343.5,0.89975,0.279863,-0.140996,0.843414
362.124,343,0.857764,0.279436,-0.123081,0.801577
362.99,342.5,0.813913,0.269391,-0.107145,0.760528
363.856,342,0.770866,0.253614,-0.0929984,0.721987
364.722,341.5,0.749382,0.255176,-0.0768986,0.700389
365.588,341,0.736337,0.26028,-0.0604917,0.686139
366.454,340.5,0.725015,0.264362,-0.0460112,0.67353
367.321,340,0.715276,0.26742,-0.033457,0.662561
368.187,339.5,0.706994,0.269455,-0.0228292,0.653233
369.053,339,0.700057,0.270468,-0.0141278,0.645545
369.919,338.5,0.697647,0.270088,-0.0123042,0.643127
370.785,338,0.694721,0.268722,-0.0116096,0.64054
371.651,337.5,0.690795,0.266415,-0.0114107,0.637252
372.517,337,0.685871,0.263166,-0.0117075,0.633265
373.383,336.5,0.679953,0.258976,-0.0125,0.628578
374.249,336,0.671234,0.251499,-0.0143173,0.622172
375.115,335.5,0.657473,0.241561,-0.0154337,0.611294
375.981,335,0.641491,0.231208,-0.0159278,0.598163
376.847,334.5,0.626061,0.221144,-0.0163752,0.585474
377.713,334,0.611183,0.211369,-0.0167759,0.573225
378.579,333.5,0.596859,0.201883,-0.0171298,0.561418
379.445,333,0.583086,0.192686,-0.0174369,0.550052
380.311,332.5,0.56984,0.184657,-0.0176253,0.538803
381.177,332,0.55704,0.179163,-0.0176061,0.527147
382.043,331.5,0.544735,0.173732,-0.0175957,0.515988
382.909,331,0.532926,0.168365,-0.0175941,0.505325
383.775,330.5,0.522231,0.162321,-0.0174961,0.496056
384.641,330,0.512087,0.156089,-0.0173706,0.487409
385.507,329.5,0.502219,0.149967,-0.0172592,0.478995
386.373,329,0.492241,0.14504,-0.0166303,0.470094
387.239,328.5,0.482489,0.14023,-0.0160327,0.461383
388.105,328,0.47298,0.135482,-0.0154931,0.452895
388.971,327.5,0.463715,0.130798,-0.0150116,0.444632
389.837,327,0.454695,0.126176,-0.014588,0.436594
390.703,326.5,0.44592,0.121618,-0.0142225,0.428779
391.569,326,0.43746,0.117575,-0.0138371,0.421137
392.435,325.5,0.429231,0.113824,-0.0134668,0.413645
393.301,325,0.421251,0.10981,-0.0131048,0.406476
394.167,324.5,0.413446,0.10575,-0.0127619,0.399489
395.033,324,0.405795,0.10173,-0.0124494,0.392639
395.899,323.5,0.398298,0.0977474,-0.0121672,0.385926
396.765,323,0.390913,0.0938954,-0.0119023,0.379282
397.631,322.5,0.383575,0.0902816,-0.0116443,0.372617
398.497,322,0.376364,0.086719,-0.0114218,0.366059
399.363,321.5,0.36928,0.0832078,-0.0112348,0.359608
400.229,321,0.362323,0.0797478,-0.0110834,0.353263
401.095,320.5,0.355493,0.0763391,-0.0109676,0.347026
401.962,320,0.34879,0.0729851,-0.0108876,0.340895
402.828,319.5,0.342311,0.0696895,-0.010758,0.33497
403.694,319,0.335967,0.0663916,-0.0106218,0.32917
404.56,318.5,0.329719,0.0631537,-0.0105013,0.323444
405.426,318,0.323569,0.0599757,-0.0103964,0.317792
406.292,317.5,0.317516,0.0568576,-0.0103072,0.312213
407.158,317,0.311559,0.0537995,-0.0102335,0.306708
408.024,316.5,0.305523,0.0509694,-0.0101949,0.301069
408.89,316,0.299494,0.0482707,-0.0101791,0.295403
409.756,315.5,0.293546,0.0456291,-0.0101776,0.289799
410.622,315,0.287678,0.0430447,-0.0101903,0.284257
411.488,314.5,0.281891,0.0405175,-0.0102173,0.278777
412.354,314,0.276259,0.0378967,-0.0101944,0.273458
413.22,313.5,0.270613,0.0354369,-0.0101873,0.268089
414.086,313,0.264883,0.0332308,-0.0102108,0.262592
414.952,312.5,0.259213,0.0310747,-0.0102359,0.25714
415.818,312,0.253603,0.0289688,-0.0102627,0.251734
416.684,311.5,0.248052,0.026913,-0.0102911,0.246373
417.55,311,0.24256,0.0249073,-0.0103212,0.241057
418.416,310.5,0.237109,0.0229727,-0.0103548,0.235766
419.282,310,0.231442,0.0213899,-0.0104162,0.230216
420.148,309.5,0.225827,0.0198589,-0.0104774,0.224708
421.014,309,0.220262,0.0183796,-0.0105385,0.21924
421.88,308.5,0.214913,0.0168902,-0.0105517,0.213988
422.746,308,0.209611,0.0154534,-0.0105615,0.208774
423.612,307.5,0.204349,0.0140712,-0.0105692,0.20359
424.478,307,0.198922,0.0130413,-0.0105961,0.198211
425.344,306.5,0.193463,0.0121633,-0.0106248,0.192788
426.21,306,0.188042,0.0113379,-0.0106478,0.187397
427.076,305.5,0.182657,0.0105654,-0.010665,0.182039
427.942,305,0.177308,0.00984554,-0.0106765,0.176712
428.808,304.5,0.171996,0.00917846,-0.0106823,0.171418
429.674,304,0.166594,0.00875402,-0.0106862,0.166021
430.54,303.5,0.161079,0.00862364,-0.0106871,0.160492
431.406,303,0.155904,0.00846648,-0.0106823,0.155307
432.272,302.5,0.150777,0.00835673,-0.0106717,0.150167
433.138,302,0.1457,0.00829441,-0.0106553,0.145073
434.004,301.5,0.140671,0.00827949,-0.0106331,0.140024
434.87,301,0.135667,0.00837197,-0.0106046,0.134993
435.737,300.5,0.130537,0.00894407,-0.0105647,0.129801
436.603,300,0.125469,0.00955796,-0.0105169,0.124661
437.469,299.5,0.120463,0.0102136,-0.010461,0.119573
438.335,299,0.115523,0.0109111,-0.0103972,0.114536
439.201,298.5,0.11065,0.0116504,-0.0103253,0.10955
440.067,298,0.105866,0.012421,-0.0102451,0.104635
440.933,297.5,0.101233,0.0135256,-0.0101411,0.0998117
441.799,297,0.096671,0.0147497,-0.0100285,0.0950114
442.665,296.5,0.0922102,0.0159965,-0.00991037,0.0902697
443.531,296,0.0878576,0.0172661,-0.00978675,0.0855866
444.397,295.5,0.0836214,0.0185584,-0.00965764,0.080962
445.263,295,0.079511,0.0198735,-0.00952305,0.076396
446.129,294.5,0.075568,0.0214555,-0.00937052,0.0718497
446.995,294,0.0718378,0.0233044,-0.00920018,0.067327
447.861,293.5,0.0683183,0.0251649,-0.00902508,0.0628703
448.727,293,0.0650314,0.027037,-0.00884521,0.0584795
449.593,292.5,0.062034,0.0288996,-0.00866793,0.0542023
450.459,292,0.0594755,0.0306583,-0.00852641,0.0502465
451.325,291.5,0.0572298,0.0325045,-0.00837713,0.0463523
452.191,291,0.0555081,0.0347243,-0.00820416,0.0425214
453.057,290.5,0.0541394,0.0369403,-0.0080287,0.0387561
453.923,290,0.0531366,0.0391525,-0.00785077,0.0350562
454.789,289.5,0.0525062,0.041361,-0.00767035,0.0314219
455.655,289,0.0522478,0.0435658,-0.00748746,0.0278531
456.521,288.5,0.052353,0.0457668,-0.00730208,0.0243499
457.387,288,0.0531451,0.0483093,-0.00709001,0.0209844
458.253,287.5,0.0543177,0.0508918,-0.00687238,0.0176977
459.119,287,0.0557562,0.0534224,-0.0066581,0.0145075
459.985,286.5,0.0573431,0.0558084,-0.00646112,0.011485
460.851,286,0.05913,0.058176,-0.00626437,0.0085247
461.717,285.5,0.0610883,0.0605252,-0.00606787,0.00562664
462.583,285,0.0633734,0.0630365,-0.00586003,0.00287253
463.449,284.5,0.0659136,0.0656711,-0.00564373,0.000247937
464.315,284,0.0685321,0.0682775,-0.0054288,-0.00231485
465.181,283.5,0.0712105,0.0708558,-0.00521525,-0.00481582
466.047,283,0.0739331,0.073406,-0.00500308,-0.00725498
466.913,282.5,0.0766865,0.0759281,-0.00479228,-0.00963234
467.779,282,0.0795114,0.0784821,-0.00457842,-0.0119018
468.645,281.5,0.0824622,0.0811596,-0.00436564,-0.0139308
469.512,281,0.0852833,0.0836954,-0.00418942,-0.0158358
470.378,280.5,0.0880849,0.0861963,-0.00401473,-0.0176928
471.244,280,0.0908631,0.0886624,-0.00384157,-0.019502
472.11,279.5,0.0936144,0.0910937,-0.00366994,-0.0212632
472.976,279,0.0963358,0.0934902,-0.00349984,-0.0229766
473.842,278.5,0.0991346,0.0960188,-0.00332137,-0.0244344
474.708,278,0.1019,0.0985218,-0.00314443,-0.0258305
475.574,277.5,0.104621,0.100984,-0.00296996,-0.0271839
476.44,277,0.107296,0.103405,-0.00279796,-0.0284944
477.306,276.5,0.109924,0.105786,-0.00262842,-0.0297622
478.172,276,0.112475,0.108095,-0.00247113,-0.030985
479.038,275.5,0.114955,0.110379,-0.00232989,-0.0320246
