x,v,vx,vy,vz
220.096,425,0.209733,0.209707,-7.93586e-05,-0.00327714
220.962,424.5,0.209764,0.209738,-8.12176e-05,-0.00333958
221.828,424,0.209796,0.209768,-8.31147e-05,-0.00340489
222.694,423.5,0.20983,0.209801,-8.49494e-05,-0.00347245
223.56,423,0.209866,0.209836,-8.67428e-05,-0.00353994
224.426,422.5,0.209904,0.209872,-8.85559e-05,-0.00360825
225.292,422,0.209943,0.20991,-9.03885e-05,-0.00367738
226.158,421.5,0.209983,0.209949,-9.22407e-05,-0.00374735
227.024,421,0.210024,0.20999,-9.41235e-05,-0.00381873
227.89,420.5,0.210064,0.210027,-9.61704e-05,-0.00389772
228.756,420,0.210105,0.210067,-9.82752e-05,-0.00397771
229.622,419.5,0.210147,0.210108,-0.000100438,-0.0040587
230.488,419,0.210191,0.21015,-0.000102658,-0.00414069
231.355,418.5,0.210236,0.210194,-0.000104937,-0.00422369
232.221,418,0.210283,0.210239,-0.000107571,-0.00430737
233.087,417.5,0.21033,0.210284,-0.000110212,-0.0043977
233.953,417,0.210378,0.21033,-0.000112886,-0.00449116
234.819,416.5,0.210427,0.210377,-0.000115644,-0.00458609
235.685,416,0.210478,0.210426,-0.000118488,-0.00468249
236.551,415.5,0.21053,0.210476,-0.000121416,-0.00478036
237.417,415,0.210584,0.210527,-0.000124429,-0.0048797
238.283,414.5,0.210636,0.210577,-0.000127625,-0.00498592
239.149,414,0.210686,0.210625,-0.000131009,-0.00510054
240.015,413.5,0.210738,0.210673,-0.000134456,-0.00521716
240.881,413,0.210791,0.210724,-0.000137966,-0.00533577
241.747,412.5,0.210857,0.210787,-0.000141267,-0.00544921
242.613,412,0.210929,0.210855,-0.000144584,-0.00556198
243.479,411.5,0.211003,0.210926,-0.000147958,-0.0056774
244.345,411,0.211078,0.210998,-0.000151148,-0.00580304
245.211,410.5,0.211156,0.211073,-0.000154375,-0.00593023
246.077,410,0.211239,0.211152,-0.000157638,-0.00605896
246.943,409.5,0.211324,0.211234,-0.000160938,-0.00618924
247.809,409,0.211414,0.211319,-0.000164274,-0.00632106
248.675,408.5,0.211507,0.211408,-0.000167646,-0.00645442
249.541,408,0.211594,0.211491,-0.000171624,-0.00660548
250.407,407.5,0.211682,0.211574,-0.000175842,-0.00676189
251.273,407,0.211764,0.211651,-0.000180922,-0.00692478
252.139,406.5,0.211846,0.211727,-0.00018626,-0.00709172
253.005,406,0.211931,0.211806,-0.00019172,-0.007262
253.871,405.5,0.212018,0.211887,-0.000197302,-0.0074356
254.737,405,0.212107,0.21197,-0.00020246,-0.00761927
255.603,404.5,0.2122,0.212056,-0.000207269,-0.00781321
256.469,404,0.212295,0.212144,-0.000212274,-0.00801103
257.335,403.5,0.212393,0.212234,-0.000217475,-0.00821273
258.201,403,0.212494,0.212327,-0.000222874,-0.00841831
259.067,402.5,0.212597,0.212422,-0.000228468,-0.00862778
259.933,402,0.212699,0.212514,-0.000234445,-0.00884897
260.799,401.5,0.212832,0.212638,-0.000240366,-0.00907811
261.665,401,0.212978,0.212775,-0.000246402,-0.00930645
262.531,400.5,0.213133,0.212919,-0.000252662,-0.0095369
263.397,400,0.213295,0.213071,-0.000259146,-0.00976944
264.263,399.5,0.213465,0.213231,-0.000265852,-0.0100041
265.13,399,0.213644,0.213398,-0.000272782,-0.0102408
265.996,398.5,0.213842,0.213585,-0.000276833,-0.0104929
266.862,398,0.214055,0.213784,-0.000280357,-0.0107499
267.728,397.5,0.214279,0.213996,-0.000283763,-0.0110101
268.594,397,0.214516,0.214219,-0.000287049,-0.0112734
269.46,396.5,0.214765,0.214454,-0.000290215,-0.0115399
270.326,396,0.214951,0.214625,-0.000296512,-0.0118363
271.192,395.5,0.215104,0.214759,-0.000305285,-0.0121807
272.058,395,0.215234,0.214866,-0.000315845,-0.0125676
272.924,394.5,0.215367,0.214976,-0.000326609,-0.0129662
273.79,394,0.215505,0.21509,-0.000337577,-0.0133763
274.656,393.5,0.215648,0.215206,-0.000348749,-0.0137982
275.522,393,0.215795,0.215325,-0.000360126,-0.0142316
276.388,392.5,0.215956,0.215456,-0.000369458,-0.0146764
277.254,392,0.216152,0.215621,-0.000372338,-0.0151309
278.12,391.5,0.216353,0.21579,-0.000375596,-0.0155957
278.986,391,0.216567,0.21597,-0.000379085,-0.0160674
279.852,390.5,0.216996,0.216372,-0.000377795,-0.0164438
280.718,390,0.217454,0.216802,-0.00037568,-0.0168258
281.584,389.5,0.217942,0.21726,-0.000372739,-0.0172132
282.45,389,0.218307,0.217582,-0.000375007,-0.0177743
283.316,388.5,0.218685,0.217913,-0.000378223,-0.0183499
284.182,388,0.219084,0.218265,-0.000382011,-0.0189282
285.048,387.5,0.219506,0.218637,-0.000386371,-0.019509
285.914,387,0.219949,0.219029,-0.000391303,-0.0200925
286.78,386.5,0.220415,0.219442,-0.000396808,-0.0206786
287.646,386,0.221012,0.219988,-0.000381611,-0.0212503
288.512,385.5,0.221691,0.220613,-0.000352242,-0.0218297
289.378,385,0.222142,0.220999,-0.000327695,-0.0225012
290.244,384.5,0.222608,0.221398,-0.000303334,-0.0231815
291.11,384,0.22309,0.22181,-0.00027916,-0.0238708
291.976,383.5,0.223588,0.222234,-0.000255171,-0.024569
292.842,383,0.223975,0.222529,-0.000234026,-0.0254095
293.708,382.5,0.224086,0.222503,-0.0002174,-0.026589
294.574,382,0.224206,0.222473,-0.00019832,-0.0278171
295.44,381.5,0.224335,0.22244,-0.000176785,-0.029094
296.306,381,0.224474,0.222404,-0.000152796,-0.0304196
297.172,380.5,0.224625,0.222363,-0.000126352,-0.0317939
298.038,380,0.224881,0.222422,-9.60581e-05,-0.0331612
298.905,379.5,0.226081,0.223523,8.694e-06,-0.0339122
299.771,379,0.227397,0.224734,0.000122393,-0.034699
300.637,378.5,0.228826,0.226052,0.000244435,-0.0355251
301.503,378,0.230368,0.227475,0.000374819,-0.0363903
302.369,377.5,0.232022,0.229005,0.000513544,-0.0372948
303.235,377,0.23379,0.230641,0.000660613,-0.0382386
304.101,376.5,0.234913,0.231493,0.000834331,-0.0399303
304.967,376,0.235748,0.231978,0.00102458,-0.0419818
305.833,375.5,0.236653,0.232515,0.00122243,-0.0440487
306.699,375,0.237629,0.233104,0.00142791,-0.0461311
307.565,374.5,0.238478,0.233543,0.00164177,-0.0482366
308.431,374,0.23866,0.233264,0.00187283,-0.0504285
309.297,373.5,0.239258,0.233438,0.00215532,-0.0524046
310.163,373,0.240708,0.234593,0.00250772,-0.0538552
311.029,372.5,0.242356,0.23595,0.00286894,-0.0552802
311.895,372,0.244201,0.23751,0.00323898,-0.0566795
312.761,371.5,0.246241,0.239272,0.00361784,-0.0580531
313.627,371,0.248475,0.241237,0.00400553,-0.059401
314.493,370.5,0.250762,0.24322,0.00442732,-0.0608751
315.359,370,0.250175,0.241368,0.0054127,-0.0655729
316.225,369.5,0.249531,0.239296,0.00646533,-0.0704363
317.091,369,0.249284,0.237495,0.00760264,-0.0753716
317.957,368.5,0.250282,0.236957,0.00885712,-0.0800882
318.823,368,0.251483,0.236554,0.0101872,-0.0847447
319.689,367.5,0.25288,0.236288,0.0115928,-0.0893412
320.555,367,0.256735,0.239175,0.0121938,-0.0925189
321.421,366.5,0.261643,0.243304,0.0124478,-0.0954222
322.287,366,0.266777,0.247565,0.012663,-0.0985944
323.153,365.5,0.27214,0.25196,0.0128394,-0.102036
324.019,365,0.277735,0.256487,0.0129771,-0.105746
324.885,364.5,0.283564,0.261148,0.013076,-0.109726
325.751,364,0.288669,0.263419,0.0154018,-0.11706
326.617,363.5,0.293525,0.263088,0.0212482,-0.128413
327.483,363,0.298018,0.262726,0.0280453,-0.137852
328.349,362.5,0.301284,0.260596,0.0357885,-0.146905
329.215,362,0.303439,0.256699,0.044478,-0.155572
330.081,361.5,0.304621,0.251034,0.0541138,-0.163852
330.947,361,0.306263,0.245293,0.0626953,-0.172331
331.813,360.5,0.322332,0.257169,0.0529711,-0.186965
332.679,360,0.344992,0.275343,0.0413251,-0.203711
333.546,359.5,0.374427,0.299815,0.027757,-0.222568
334.412,359,0.410787,0.330584,0.012267,-0.243536
335.278,358.5,0.454179,0.367652,-0.00514493,-0.266616
336.144,358,0.496503,0.40435,-0.0209643,-0.287361
337.01,357.5,0.49057,0.405394,0.027643,-0.274865
337.876,357,0.485203,0.406153,0.0918392,-0.249054
338.742,356.5,0.493276,0.414884,0.155511,-0.216815
339.608,356,0.515574,0.431587,0.218659,-0.17815
340.474,355.5,0.552268,0.456263,0.281284,-0.133058
341.34,355,0.602987,0.48891,0.343384,-0.0815379
342.206,354.5,0.617824,0.492069,0.365317,-0.0782168
343.072,354,0.587369,0.444321,0.359248,-0.136091
343.938,353.5,0.570193,0.381451,0.375534,-0.196442
344.804,353,0.575194,0.303457,0.414175,-0.25927
345.67,352.5,0.593585,0.218166,0.454307,-0.31361
346.536,352,0.616746,0.144065,0.490556,-0.344929
347.402,351.5,0.618084,0.112233,0.516313,-0.320707
348.268,351,0.482876,0.236849,0.408233,-0.102066
349.134,350.5,0.458374,0.314297,0.326376,0.0692969
350,350,0.478992,0.344579,0.270743,0.193383
350.866,349.5,0.488496,0.327694,0.241332,0.270192
351.732,349,0.464816,0.263642,0.238144,0.299723
352.598,348.5,0.413472,0.152423,0.26118,0.281978
353.464,348,0.372825,0.0190925,0.272109,0.254147
354.33,347.5,0.367829,-0.115598,0.263725,0.228877
355.196,347,0.376049,-0.164446,0.199413,0.273139
356.062,346.5,0.409447,-0.142393,0.110714,0.367577
356.928,346,0.466855,-0.128802,0.0415521,0.446808
357.794,345.5,0.52565,-0.123673,-0.0080709,0.51083
358.66,345,0.554787,-0.121473,-0.00120729,0.541324
359.526,344.5,0.564271,-0.114332,0.0359235,0.551397
360.392,344,0.574068,-0.104585,0.0633739,0.560892
361.258,343.5,0.582899,-0.0922322,0.0811439,0.569807
362.124,343,0.590071,-0.0772737,0.0892335,0.578143
362.99,342.5,0.595421,-0.0597094,0.0876427,0.585901
363.856,342,0.599729,-0.0381624,0.0815148,0.592936
364.722,341.5,0.586423,-0.0280307,0.0734647,0.581127
365.588,341,0.561339,-0.0316586,0.0555986,0.557681
366.454,340.5,0.536753,-0.0384458,0.0395503,0.533912
367.321,340,0.512737,-0.0483924,0.0253197,0.509819
368.187,339.5,0.489455,-0.0614984,0.0129068,0.485404
369.053,339,0.467189,-0.0777637,0.00231166,0.460666
369.919,338.5,0.439444,-0.0942615,-0.00944323,0.429111
370.785,338,0.413374,-0.109372,-0.0205283,0.398113
371.651,337.5,0.389751,-0.123201,-0.0306499,0.368494
372.517,337,0.368491,-0.135748,-0.039808,0.340255
373.383,336.5,0.349475,-0.147013,-0.0480027,0.313394
374.249,336,0.329387,-0.147564,-0.0505503,0.290113
375.115,335.5,0.30725,-0.140151,-0.0496144,0.268885
375.981,335,0.284859,-0.13049,-0.0478942,0.248642
376.847,334.5,0.263104,-0.120715,-0.0461357,0.229179
377.713,334,0.241984,-0.110824,-0.0443389,0.210495
378.579,333.5,0.2215,-0.100818,-0.0425038,0.192591
379.445,333,0.201657,-0.0906972,-0.0406303,0.175467
380.311,332.5,0.181892,-0.0809395,-0.0386761,0.158233
381.177,332,0.161252,-0.0722786,-0.0364755,0.139454
382.043,331.5,0.141296,-0.0633594,-0.03409,0.121606
382.909,331,0.12202,-0.0541818,-0.0315196,0.104689
383.775,330.5,0.105309,-0.0467465,-0.0293766,0.0896761
384.641,330,0.0897422,-0.0400643,-0.0274844,0.0754528
385.507,329.5,0.0745701,-0.0333895,-0.0256357,0.061552
386.373,329,0.0590609,-0.0222537,-0.0234073,0.0494476
387.239,328.5,0.0449897,-0.0113428,-0.0212146,0.0380178
388.105,328,0.0332341,-0.000882464,-0.0190783,0.0271983
388.971,327.5,0.0257075,0.00912729,-0.0169984,0.0169889
389.837,327,0.0250608,0.0186865,-0.0149749,0.00738986
390.703,326.5,0.0307299,0.0277951,-0.0130077,-0.00159898
391.569,326,0.0393997,0.036504,-0.0109648,-0.00997823
392.435,325.5,0.049094,0.0449014,-0.00894202,-0.0177237
393.301,325,0.057295,0.0514926,-0.00760309,-0.0239461
394.167,324.5,0.0649991,0.0575123,-0.00649496,-0.029581
395.033,324,0.0725798,0.0633975,-0.00545078,-0.0349125
395.899,323.5,0.0799794,0.0691482,-0.00447054,-0.0399405
396.765,323,0.0873505,0.0753205,-0.00362689,-0.0440883
397.631,322.5,0.0948394,0.0824465,-0.0029837,-0.0467782
398.497,322,0.10203,0.0893327,-0.00238221,-0.0492347
399.363,321.5,0.108919,0.0959792,-0.00182241,-0.0514579
400.229,321,0.115504,0.102386,-0.0013043,-0.0534478
401.095,320.5,0.121787,0.108553,-0.000827898,-0.0552044
401.962,320,0.12776,0.114479,-0.000393036,-0.0567179
402.828,319.5,0.132974,0.119853,-6.7102e-05,-0.0575956
403.694,319,0.137983,0.124981,0.000225069,-0.0584708
404.56,318.5,0.142773,0.1299,0.000501026,-0.0592439
405.426,318,0.147344,0.13461,0.00076077,-0.0599148
406.292,317.5,0.151693,0.139109,0.0010043,-0.0604835
407.158,317,0.15582,0.143399,0.00123162,-0.06095
408.024,316.5,0.159481,0.14761,0.00138474,-0.0603623
408.89,316,0.162865,0.151663,0.00150051,-0.0593385
409.756,315.5,0.166083,0.155501,0.00160512,-0.0583115
410.622,315,0.169129,0.159125,0.0016986,-0.0572813
411.488,314.5,0.172,0.162533,0.00178093,-0.0562479
412.354,314,0.174709,0.165604,0.00183014,-0.0556371
413.22,313.5,0.177064,0.168357,0.00186253,-0.0548088
414.086,313,0.178947,0.170724,0.00187633,-0.0535865
414.952,312.5,0.180768,0.172998,0.00188675,-0.0523932
415.818,312,0.182525,0.175178,0.00189379,-0.0512286
416.684,311.5,0.184217,0.177265,0.00189745,-0.0500929
417.55,311,0.18584,0.179258,0.00189772,-0.048986
418.416,310.5,0.187371,0.181141,0.00189232,-0.0478755
419.282,310,0.188512,0.182718,0.00185214,-0.046343
420.148,309.5,0.18962,0.184227,0.00181134,-0.0448656
421.014,309,0.190691,0.185668,0.00176991,-0.0434431
421.88,308.5,0.191986,0.187243,0.0017382,-0.0423772
422.746,308,0.193244,0.18876,0.00170636,-0.0413549
423.612,307.5,0.194455,0.190212,0.00167403,-0.0403663
424.478,307,0.19536,0.191373,0.00163178,-0.0392337
425.344,306.5,0.196153,0.192414,0.00158668,-0.0380815
426.21,306,0.196922,0.193414,0.001542,-0.0369697
427.076,305.5,0.197666,0.194373,0.00149773,-0.0358982
427.942,305,0.198384,0.195291,0.00145386,-0.034867
428.808,304.5,0.199075,0.196167,0.00141041,-0.0338762
429.674,304,0.199651,0.196924,0.00136328,-0.0328571
430.54,303.5,0.200099,0.197553,0.00131225,-0.0317943
431.406,303,0.200605,0.198209,0.00127373,-0.0308889
432.272,302.5,0.201102,0.198846,0.00123618,-0.0300116
433.138,302,0.201588,0.199464,0.00119961,-0.0291624
434.004,301.5,0.202063,0.200062,0.00116402,-0.0283414
434.87,301,0.202507,0.200622,0.00112889,-0.027539
435.737,300.5,0.202792,0.201024,0.0010911,-0.0266952
436.603,300,0.203074,0.201416,0.00105447,-0.0258793
437.469,299.5,0.203354,0.201798,0.00101899,-0.0250911
438.335,299,0.20363,0.202169,0.000984658,-0.0243308
439.201,298.5,0.203903,0.20253,0.000951485,-0.0235983
440.067,298,0.20418,0.20289,0.000919689,-0.0229016
440.933,297.5,0.204452,0.203234,0.000888988,-0.0222679
441.799,297,0.204697,0.203547,0.000858623,-0.0216439
442.665,296.5,0.204937,0.203852,0.000829082,-0.0210385
443.531,296,0.205172,0.204149,0.000800364,-0.0204519
444.397,295.5,0.205403,0.204436,0.000772469,-0.019884
445.263,295,0.205628,0.204715,0.000745398,-0.0193347
446.129,294.5,0.205804,0.204943,0.000718434,-0.018792
446.995,294,0.205934,0.205122,0.000691502,-0.0182539
447.861,293.5,0.206062,0.205296,0.000665323,-0.0177328
448.727,293,0.206188,0.205466,0.000639897,-0.0172288
449.593,292.5,0.206319,0.205637,0.000616126,-0.0167466
450.459,292,0.206476,0.205831,0.000597849,-0.0163049
451.325,291.5,0.206621,0.20601,0.000580039,-0.0158738
452.191,291,0.206714,0.206136,0.000562454,-0.0154446
453.057,290.5,0.206807,0.20626,0.000545301,-0.0150273
453.923,290,0.206901,0.206383,0.000528582,-0.0146218
454.789,289.5,0.206994,0.206504,0.000512295,-0.0142281
455.655,289,0.207087,0.206623,0.00049644,-0.0138463
456.521,288.5,0.20718,0.206741,0.000481019,-0.0134764
457.387,288,0.207232,0.206816,0.000465704,-0.0131123
458.253,287.5,0.207278,0.206884,0.000450787,-0.0127579
459.119,287,0.207333,0.20696,0.000436264,-0.012419
459.985,286.5,0.207417,0.207063,0.000421942,-0.0121077
460.851,286,0.2075,0.207163,0.000407984,-0.0118045
461.717,285.5,0.207582,0.207262,0.00039439,-0.0115097
462.583,285,0.207643,0.20734,0.00038118,-0.0112221
463.449,284.5,0.207688,0.2074,0.000368355,-0.0109412
464.315,284,0.207734,0.207459,0.000355898,-0.0106675
465.181,283.5,0.207779,0.207518,0.00034381,-0.010401
466.047,283,0.207825,0.207577,0.000332092,-0.0101418
466.913,282.5,0.20787,0.207635,0.000320743,-0.00988987
467.779,282,0.20791,0.207686,0.000309701,-0.00964504
468.645,281.5,0.207933,0.20772,0.000299441,-0.00940923
469.512,281,0.207968,0.207764,0.000291104,-0.0091859
470.378,280.5,0.208003,0.207809,0.000282975,-0.00896783
471.244,280,0.208038,0.207854,0.000275052,-0.00875502
472.11,279.5,0.208074,0.207898,0.000267335,-0.00854745
472.976,279,0.20811,0.207943,0.000259825,-0.00834514
473.842,278.5,0.208127,0.207968,0.000252628,-0.00814931
474.708,278,0.208143,0.207991,0.000245595,-0.00795825
475.574,277.5,0.20816,0.208015,0.000238714,-0.00777184
476.44,277,0.208178,0.208039,0.000231984,-0.00759006
477.306,276.5,0.208196,0.208064,0.000225406,-0.00741293
478.172,276,0.20822,0.208094,0.000218917,-0.00724285
479.038,275.5,0.208243,0.208123,0.000212473,-0.00708221
