x,v,vx,vy,vz
220.096,425,0.220861,0.181537,-0.0821218,0.0952882
220.962,424.5,0.232671,0.194485,-0.0854649,0.0949037
221.828,424,0.245091,0.208208,-0.0885293,0.0942432
222.694,423.5,0.258402,0.222834,-0.0912876,0.0937178
223.56,423,0.272119,0.237498,-0.094079,0.0937699
224.426,422.5,0.286104,0.252258,-0.096788,0.0940922
225.292,422,0.300333,0.267117,-0.0994147,0.0946846
226.158,421.5,0.314785,0.282072,-0.101959,0.0955472
227.024,421,0.3292,0.296978,-0.104279,0.0964514
227.89,420.5,0.340854,0.31019,-0.104737,0.0948362
228.756,420,0.352268,0.323204,-0.104759,0.0930464
229.622,419.5,0.363447,0.336021,-0.104346,0.0910819
230.488,419,0.374396,0.34864,-0.103496,0.0889427
231.355,418.5,0.38512,0.361062,-0.102211,0.0866288
232.221,418,0.390676,0.369275,-0.096317,0.0835907
233.087,417.5,0.391365,0.373377,-0.087268,0.0783592
233.953,417,0.390562,0.375945,-0.0774783,0.0721175
234.819,416.5,0.388976,0.377522,-0.0671616,0.0653327
235.685,416,0.386656,0.378109,-0.0563181,0.058005
236.551,415.5,0.383659,0.377705,-0.0449476,0.0501343
237.417,415,0.380055,0.37631,-0.0330503,0.0417205
238.283,414.5,0.376293,0.374229,-0.0224888,0.0323053
239.149,414,0.372797,0.371879,-0.0142191,0.0219336
240.015,413.5,0.36925,0.369028,-0.00620312,0.0112124
240.881,413,0.365677,0.365673,0.00155896,0.000141894
241.747,412.5,0.360014,0.35978,0.00736967,-0.010673
242.613,412,0.354436,0.353603,0.0119742,-0.0211339
243.479,411.5,0.349877,0.348137,0.0154387,-0.0312529
244.345,411,0.347809,0.345053,0.0162586,-0.0405593
245.211,410.5,0.346245,0.342253,0.0168768,-0.0496342
246.077,410,0.345166,0.339737,0.0172932,-0.0584777
246.943,409.5,0.344553,0.337505,0.017508,-0.0670896
247.809,409,0.344385,0.335557,0.017521,-0.0754702
248.675,408.5,0.344641,0.333893,0.0173323,-0.0836192
249.541,408,0.345602,0.332817,0.017366,-0.0914995
250.407,407.5,0.346814,0.331867,0.0174458,-0.0991956
251.273,407,0.351247,0.335075,0.0160407,-0.104124
252.139,406.5,0.356112,0.338896,0.0144516,-0.108427
253.005,406,0.360811,0.342549,0.0129579,-0.112591
253.871,405.5,0.365339,0.346035,0.0115593,-0.116613
254.737,405,0.370167,0.349623,0.0103253,-0.121163
255.603,404.5,0.375175,0.353189,0.00925243,-0.126208
256.469,404,0.379871,0.356435,0.00827371,-0.1311
257.335,403.5,0.38425,0.359362,0.00738911,-0.135839
258.201,403,0.38831,0.36197,0.00659862,-0.140425
259.067,402.5,0.392049,0.364258,0.00590225,-0.144858
259.933,402,0.395615,0.366193,0.00537508,-0.149615
260.799,401.5,0.402556,0.370942,0.0037434,-0.156331
261.665,401,0.409393,0.375527,0.00236997,-0.163024
262.531,400.5,0.415807,0.379602,0.00142592,-0.169693
263.397,400,0.421799,0.383169,0.000911237,-0.176338
264.263,399.5,0.427371,0.386228,0.000825926,-0.182959
265.13,399,0.432528,0.388777,0.00116999,-0.189555
265.996,398.5,0.43448,0.388105,0.00233738,-0.1953
266.862,398,0.435667,0.386542,0.00384549,-0.200938
267.728,397.5,0.436486,0.384461,0.00563082,-0.206586
268.594,397,0.43695,0.381862,0.00769339,-0.212243
269.46,396.5,0.437073,0.378746,0.0100332,-0.217909
270.326,396,0.436886,0.375928,0.0118304,-0.222277
271.192,395.5,0.434694,0.371703,0.013434,-0.224979
272.058,395,0.430839,0.366213,0.0150855,-0.226456
272.924,394.5,0.426344,0.36007,0.0171,-0.227654
273.79,394,0.421219,0.353271,0.0194774,-0.228573
274.656,393.5,0.415479,0.345819,0.0222176,-0.229213
275.522,393,0.409139,0.337712,0.0253208,-0.229573
276.388,392.5,0.401775,0.328698,0.0289325,-0.229224
277.254,392,0.39264,0.318306,0.0333987,-0.227446
278.12,391.5,0.383169,0.307321,0.0383135,-0.225621
278.986,391,0.373417,0.295803,0.0435862,-0.223699
279.852,390.5,0.363454,0.285713,0.0463867,-0.219807
280.718,390,0.352781,0.275252,0.0494123,-0.215056
281.584,389.5,0.341407,0.264422,0.0526632,-0.209444
282.45,389,0.327196,0.252289,0.0567109,-0.200478
283.316,388.5,0.312538,0.239956,0.0605905,-0.190866
284.182,388,0.297607,0.227496,0.0642474,-0.180797
285.048,387.5,0.282416,0.21491,0.0676816,-0.170269
285.914,387,0.266985,0.202197,0.0708931,-0.159284
286.78,386.5,0.25134,0.189357,0.0738819,-0.147841
287.646,386,0.234121,0.175274,0.0762186,-0.135213
288.512,385.5,0.216979,0.160442,0.0782097,-0.123374
289.378,385,0.203991,0.144061,0.081892,-0.118964
290.244,384.5,0.192287,0.12767,0.0862584,-0.11504
291.11,384,0.182135,0.111269,0.0913089,-0.111602
291.976,383.5,0.173841,0.0948592,0.0970435,-0.10865
292.842,383,0.166264,0.0748772,0.10407,-0.105861
293.708,382.5,0.159243,0.0461259,0.112939,-0.10235
294.574,382,0.157829,0.0163772,0.122143,-0.0986041
295.44,381.5,0.162791,-0.0143688,0.131684,-0.094624
296.306,381,0.174183,-0.0461122,0.141561,-0.0904095
297.172,380.5,0.191422,-0.078853,0.151774,-0.0859605
298.038,380,0.212174,-0.111295,0.162015,-0.0798905
298.905,379.5,0.233927,-0.149789,0.152788,-0.0945567
299.771,379,0.261638,-0.187471,0.144271,-0.111781
300.637,378.5,0.293566,-0.224211,0.136644,-0.131298
301.503,378,0.328516,-0.260009,0.129907,-0.153109
302.369,377.5,0.365706,-0.294865,0.124061,-0.177212
303.235,377,0.404646,-0.32878,0.119104,-0.203609
304.101,376.5,0.446743,-0.353426,0.104861,-0.252336
304.967,376,0.493679,-0.373175,0.0854317,-0.311707
305.833,375.5,0.54429,-0.392033,0.0654742,-0.371852
306.699,375,0.597844,-0.410002,0.0449886,-0.432772
307.565,374.5,0.650473,-0.424819,0.0249351,-0.491958
308.431,374,0.693636,-0.431146,0.00923291,-0.543286
309.297,373.5,0.724965,-0.427821,-0.00364225,-0.58526
310.163,373,0.734042,-0.407051,-0.0150389,-0.610657
311.029,372.5,0.746689,-0.38556,-0.0276727,-0.638844
311.895,372,0.763159,-0.363348,-0.0415435,-0.669824
312.761,371.5,0.783668,-0.340414,-0.0566514,-0.703595
313.627,371,0.808391,-0.316759,-0.0729963,-0.740157
314.493,370.5,0.835312,-0.292349,-0.0898308,-0.777309
315.359,370,0.821722,-0.267714,-0.0927361,-0.771334
316.225,369.5,0.811605,-0.244633,-0.0975237,-0.767689
317.091,369,0.802616,-0.222131,-0.102566,-0.764415
317.957,368.5,0.792724,-0.197243,-0.105847,-0.760462
318.823,368,0.789012,-0.171647,-0.111814,-0.761955
319.689,367.5,0.791728,-0.145343,-0.120468,-0.768893
320.555,367,0.777839,-0.128442,-0.116317,-0.758292
321.421,366.5,0.758719,-0.118347,-0.108302,-0.741565
322.287,366,0.742286,-0.111932,-0.101983,-0.726677
323.153,365.5,0.728468,-0.109198,-0.0973593,-0.713627
324.019,365,0.717241,-0.110143,-0.0944318,-0.702414
324.885,364.5,0.708634,-0.114768,-0.0932002,-0.69304
325.751,364,0.703123,-0.117365,-0.0921279,-0.68711
326.617,363.5,0.699299,-0.11017,-0.0886745,-0.68485
327.483,363,0.695843,-0.098844,-0.0838657,-0.683662
328.349,362.5,0.693934,-0.0895957,-0.07952,-0.683516
329.215,362,0.693493,-0.0824252,-0.0756373,-0.68441
330.081,361.5,0.694453,-0.0773325,-0.0722178,-0.686345
330.947,361,0.698514,-0.0743959,-0.0693131,-0.691074
331.813,360.5,0.720603,-0.0738575,-0.0679098,-0.713584
332.679,360,0.746287,-0.074722,-0.068025,-0.739414
333.546,359.5,0.775547,-0.0769892,-0.0696588,-0.768566
334.412,359,0.808375,-0.0806593,-0.0728112,-0.801038
335.278,358.5,0.844773,-0.0857323,-0.0774822,-0.836832
336.144,358,0.885607,-0.0911887,-0.0800916,-0.877251
337.01,357.5,0.928222,-0.108811,-0.0764164,-0.91865
337.876,357,0.965796,-0.12731,-0.0700974,-0.954799
338.742,356.5,0.998194,-0.143087,-0.06123,-0.985986
339.608,356,1.02539,-0.156141,-0.0498143,-1.01221
340.474,355.5,1.04741,-0.166472,-0.0358502,-1.03348
341.34,355,1.06429,-0.174081,-0.0193377,-1.04978
342.206,354.5,1.04945,-0.160936,0.0301073,-1.0366
343.072,354,0.999286,-0.123958,0.125553,-0.983587
343.938,353.5,0.949159,-0.0829631,0.236433,-0.915489
344.804,353,0.908709,-0.0379501,0.362745,-0.832303
345.67,352.5,0.869643,0.00468738,0.480662,-0.724722
346.536,352,0.818543,0.026612,0.567307,-0.589463
347.402,351.5,0.76893,0.0232647,0.622313,-0.451042
348.268,351,0.68665,0.00400874,0.550623,-0.410226
349.134,350.5,0.616752,0.0223737,0.455662,-0.415036
350,350,0.580226,0.0783596,0.33743,-0.465471
350.866,349.5,0.619094,0.171966,0.195927,-0.561531
351.732,349,0.766427,0.303194,0.0311525,-0.703217
352.598,348.5,1.02004,0.472043,-0.156893,-0.890527
353.464,348,1.23202,0.584807,-0.346105,-1.02766
354.33,347.5,1.44346,0.683159,-0.530984,-1.15539
355.196,347,1.63362,0.771153,-0.685041,-1.26679
356.062,346.5,1.81555,0.863663,-0.80807,-1.37743
356.928,346,2.02102,0.974125,-0.924224,-1.51043
357.794,345.5,2.24912,1.10254,-1.0335,-1.66578
358.66,345,2.36213,1.22386,-1.05242,-1.7246
359.526,344.5,2.37954,1.33208,-1.00317,-1.69748
360.392,344,2.42499,1.44691,-0.964603,-1.69014
361.258,343.5,2.49719,1.56836,-0.936703,-1.70258
362.124,343,2.59477,1.69642,-0.919473,-1.7348
362.99,342.5,2.71644,1.83111,-0.912914,-1.78681
363.856,342,2.81244,1.93813,-0.903928,-1.82658
364.722,341.5,2.68344,1.87895,-0.827357,-1.72796
365.588,341,2.53755,1.80407,-0.742102,-1.62289
366.454,340.5,2.41082,1.74252,-0.664087,-1.52797
367.321,340,2.30337,1.69431,-0.59331,-1.44319
368.187,339.5,2.21525,1.65943,-0.529774,-1.36856
369.053,339,2.1465,1.63789,-0.473477,-1.30408
369.919,338.5,2.05851,1.59429,-0.425841,-1.23059
370.785,338,1.94788,1.53827,-0.37017,-1.13619
371.651,337.5,1.81813,1.47269,-0.305475,-1.02151
372.517,337,1.67115,1.39752,-0.231756,-0.886538
373.383,336.5,1.51009,1.31278,-0.149012,-0.731278
374.249,336,1.34797,1.21652,-0.0624544,-0.57725
375.115,335.5,1.23481,1.1392,-0.0180382,-0.476061
375.981,335,1.1349,1.06575,0.00435567,-0.390058
376.847,334.5,1.02221,0.981539,0.0354105,-0.283251
377.713,334,0.903254,0.886566,0.0751262,-0.155643
378.579,333.5,0.790571,0.780832,0.123503,-0.00723222
379.445,333,0.707231,0.664337,0.18054,0.161981
380.311,332.5,0.681192,0.563246,0.223772,0.310971
381.177,332,0.669853,0.522487,0.207856,0.364015
382.043,331.5,0.665205,0.470823,0.190067,0.429765
382.909,331,0.673794,0.408255,0.170403,0.508221
383.775,330.5,0.693781,0.334879,0.148115,0.58928
384.641,330,0.736775,0.252619,0.125926,0.680562
385.507,329.5,0.809501,0.16176,0.1045,0.78626
386.373,329,0.79707,0.160094,0.0912788,0.775473
387.239,328.5,0.78356,0.158401,0.0761787,0.763592
388.105,328,0.774071,0.152057,0.0587702,0.756711
388.971,327.5,0.76889,0.141062,0.0390535,0.75483
389.837,327,0.768444,0.125417,0.0170285,0.757949
390.703,326.5,0.773283,0.105121,-0.0073049,0.766069
391.569,326,0.770005,0.100755,-0.0187953,0.763154
392.435,325.5,0.760773,0.107537,-0.0224816,0.752799
393.301,325,0.750042,0.112089,-0.0266939,0.741138
394.167,324.5,0.740954,0.116587,-0.0313017,0.731055
395.033,324,0.734399,0.121812,-0.0362655,0.723317
395.899,323.5,0.730391,0.127764,-0.0415852,0.717927
396.765,323,0.726938,0.135445,-0.045403,0.712764
397.631,322.5,0.720507,0.146126,-0.0454261,0.70407
398.497,322,0.714629,0.157814,-0.0453783,0.695507
399.363,321.5,0.709363,0.17051,-0.0452595,0.687077
400.229,321,0.704773,0.184214,-0.0450698,0.678777
401.095,320.5,0.700926,0.198926,-0.0448091,0.67061
401.962,320,0.697859,0.214572,-0.0444602,0.662563
402.828,319.5,0.692432,0.22288,-0.0421994,0.654222
403.694,319,0.687107,0.231871,-0.0397387,0.645579
404.56,318.5,0.681808,0.24169,-0.0370804,0.636454
405.426,318,0.676596,0.252337,-0.0342246,0.626847
406.292,317.5,0.671533,0.263812,-0.0311713,0.616756
407.158,317,0.666691,0.276115,-0.0279204,0.606184
408.024,316.5,0.661234,0.283895,-0.0256057,0.596639
408.89,316,0.655456,0.289584,-0.0235622,0.587544
409.756,315.5,0.649725,0.295429,-0.0212869,0.578283
410.622,315,0.644057,0.301428,-0.0187798,0.568857
411.488,314.5,0.638468,0.307584,-0.016041,0.559264
412.354,314,0.63282,0.313983,-0.013139,0.549275
413.22,313.5,0.626618,0.319109,-0.010897,0.539166
414.086,313,0.619658,0.321899,-0.00988322,0.529395
414.952,312.5,0.612683,0.32455,-0.00874641,0.519588
415.818,312,0.605693,0.327061,-0.00748655,0.509744
416.684,311.5,0.598688,0.329434,-0.00610363,0.499864
417.55,311,0.591669,0.331667,-0.00459766,0.489947
418.416,310.5,0.584604,0.333674,-0.00305657,0.480015
419.282,310,0.577061,0.33426,-0.00268384,0.470385
420.148,309.5,0.569497,0.334651,-0.00225299,0.460793
421.014,309,0.561908,0.334846,-0.001764,0.451238
421.88,308.5,0.553775,0.334738,-0.00126569,0.441153
422.746,308,0.545597,0.334389,-0.000710949,0.431114
423.612,307.5,0.537387,0.333804,-9.81968e-05,0.421141
424.478,307,0.52954,0.332792,0.000206012,0.4119
425.344,306.5,0.521806,0.331505,0.000417578,0.402971
426.21,306,0.514052,0.330011,0.000654165,0.394134
427.076,305.5,0.506275,0.32831,0.000915773,0.385391
427.942,305,0.49847,0.326401,0.0012024,0.37674
428.808,304.5,0.490633,0.324285,0.00151405,0.368182
429.674,304,0.483196,0.322118,0.001783,0.36016
430.54,303.5,0.476282,0.319965,0.00196883,0.352793
431.406,303,0.468841,0.317325,0.00211424,0.345127
432.272,302.5,0.461414,0.314529,0.00225745,0.337594
433.138,302,0.453996,0.311574,0.00239847,0.330195
434.004,301.5,0.446586,0.308461,0.0025373,0.32293
434.87,301,0.439291,0.305267,0.00267024,0.315881
435.737,300.5,0.432817,0.302488,0.00277202,0.309554
436.603,300,0.426353,0.29959,0.00286771,0.303339
437.469,299.5,0.419898,0.296572,0.00295731,0.297239
438.335,299,0.41345,0.293434,0.00304082,0.291252
439.201,298.5,0.407006,0.290177,0.00311824,0.285379
440.067,298,0.400526,0.286769,0.0031874,0.279598
440.933,297.5,0.394338,0.283497,0.00322762,0.274082
441.799,297,0.388335,0.280284,0.0032628,0.268764
442.665,296.5,0.382363,0.277,0.00329359,0.263556
443.531,296,0.376421,0.273643,0.00331997,0.258459
444.397,295.5,0.370508,0.270215,0.00334196,0.253473
445.263,295,0.364622,0.266716,0.00335955,0.248597
446.129,294.5,0.359086,0.263459,0.00336656,0.243969
446.995,294,0.353908,0.260469,0.00336318,0.239574
447.861,293.5,0.348751,0.257424,0.00335597,0.235264
448.727,293,0.343615,0.254325,0.00334492,0.23104
449.593,292.5,0.338456,0.251127,0.00332675,0.226884
450.459,292,0.333096,0.247655,0.00328759,0.222732
451.325,291.5,0.327874,0.244252,0.00324163,0.218704
452.191,291,0.323132,0.241297,0.00317442,0.214896
453.057,290.5,0.318421,0.238316,0.00310463,0.211159
453.923,290,0.313742,0.235309,0.00303228,0.207495
454.789,289.5,0.309093,0.232278,0.00295735,0.203903
455.655,289,0.304474,0.229221,0.00287985,0.200384
456.521,288.5,0.299885,0.226139,0.00279978,0.196937
457.387,288,0.295705,0.223482,0.00269886,0.193623
458.253,287.5,0.291609,0.220876,0.00259163,0.190375
459.119,287,0.287498,0.218213,0.00247772,0.187168
459.985,286.5,0.283279,0.215399,0.00235018,0.18397
460.851,286,0.279094,0.212579,0.00222135,0.180828
461.717,285.5,0.274943,0.209753,0.00209125,0.177743
462.583,285,0.271022,0.207176,0.00195325,0.17472
463.449,284.5,0.267293,0.204806,0.00180743,0.171747
464.315,284,0.263591,0.202432,0.00165894,0.168817
465.181,283.5,0.259916,0.200053,0.00150776,0.16593
466.047,283,0.256267,0.197672,0.00135391,0.163085
466.913,282.5,0.252644,0.195286,0.00119739,0.160284
467.779,282,0.24912,0.192996,0.00103769,0.157518
468.645,281.5,0.245826,0.191,0.000876878,0.154754
469.512,281,0.242476,0.188919,0.000722575,0.151999
470.378,280.5,0.239157,0.186846,0.000567616,0.149279
471.244,280,0.235867,0.184779,0.000412001,0.146593
472.11,279.5,0.232606,0.182719,0.000255731,0.143942
472.976,279,0.229375,0.180666,9.88052e-05,0.141325
473.842,278.5,0.226418,0.178975,-5.19583e-05,0.138682
474.708,278,0.223511,0.177324,-0.000202441,0.136064
475.574,277.5,0.220633,0.175681,-0.00035324,0.133473
476.44,277,0.217783,0.174045,-0.000504356,0.13091
477.306,276.5,0.214961,0.172416,-0.000655788,0.128376
478.172,276,0.212147,0.170769,-0.000800411,0.125872
479.038,275.5,0.209475,0.169297,-0.00092273,0.123358
