x,v,vx,vy,vz
220.096,425,0.27763,0.27733,-0.0105227,0.00749644
220.962,424.5,0.276302,0.275862,-0.011588,0.0104256
221.828,424,0.275482,0.274846,-0.0125971,0.0138254
222.694,423.5,0.275166,0.274261,-0.0132564,0.0179367
223.56,423,0.27466,0.273409,-0.0136493,0.022338
224.426,422.5,0.274109,0.272418,-0.0138617,0.0270645
225.292,422,0.273533,0.271286,-0.0138936,0.032116
226.158,421.5,0.27295,0.270014,-0.013745,0.0374926
227.024,421,0.272535,0.268739,-0.0132506,0.0433451
227.89,420.5,0.273833,0.268763,-0.0106197,0.0513615
228.756,420,0.275181,0.268455,-0.00759742,0.0599913
229.622,419.5,0.276649,0.267813,-0.00418383,0.0692343
230.488,419,0.278313,0.266838,-0.000378919,0.0790906
231.355,418.5,0.280254,0.265531,0.00381732,0.0895602
232.221,418,0.278947,0.26079,0.0088658,0.0985971
233.087,417.5,0.271775,0.25039,0.0146649,0.104648
233.953,417,0.261948,0.237159,0.0202276,0.109376
234.819,416.5,0.250581,0.222022,0.0253928,0.113369
235.685,416,0.237754,0.204978,0.0301605,0.116624
236.551,415.5,0.223594,0.186029,0.0345308,0.119144
237.417,415,0.208298,0.165172,0.0385036,0.120928
238.283,414.5,0.191376,0.142611,0.0408095,0.120919
239.149,414,0.173762,0.119374,0.0410603,0.119404
240.015,413.5,0.157119,0.0955899,0.040744,0.117851
240.881,413,0.142068,0.0712587,0.0398607,0.116261
241.747,412.5,0.132016,0.0516649,0.0378517,0.115439
242.613,412,0.125939,0.0343188,0.0355592,0.115838
243.479,411.5,0.123099,0.0186961,0.0331255,0.117075
244.345,411,0.12125,0.00868968,0.0303461,0.11707
245.211,410.5,0.120393,-0.000866193,0.0277632,0.117145
246.077,410,0.120429,-0.00997152,0.0253767,0.117302
246.943,409.5,0.121245,-0.0186263,0.0231866,0.11754
247.809,409,0.122719,-0.0268305,0.021193,0.117859
248.675,408.5,0.12473,-0.0345842,0.0193958,0.11826
249.541,408,0.125079,-0.0425,0.0183253,0.116201
250.407,407.5,0.125549,-0.0506735,0.0174212,0.11354
251.273,407,0.125712,-0.0574137,0.0173159,0.110487
252.139,406.5,0.126163,-0.0639997,0.0172632,0.107346
253.005,406,0.127077,-0.0707275,0.0171114,0.10418
253.871,405.5,0.128469,-0.077597,0.0168606,0.100989
254.737,405,0.127614,-0.0832503,0.0161408,0.0953633
255.603,404.5,0.124668,-0.0876921,0.0148542,0.0873593
256.469,404,0.122354,-0.0922221,0.0133222,0.0792971
257.335,403.5,0.120737,-0.0968403,0.0115449,0.0711767
258.201,403,0.11988,-0.101547,0.00952216,0.0629982
259.067,402.5,0.119833,-0.106341,0.00725411,0.0547614
259.933,402,0.119832,-0.110881,0.00517548,0.0451466
260.799,401.5,0.115301,-0.11101,0.00580608,0.0306165
261.665,401,0.112519,-0.111176,0.00637198,0.0161205
262.531,400.5,0.111924,-0.111709,0.00675955,0.0015935
263.397,400,0.113567,-0.112609,0.00696878,-0.0129644
264.263,399.5,0.117372,-0.113877,0.00699969,-0.0275531
265.13,399,0.123162,-0.115513,0.00685226,-0.0421728
265.996,398.5,0.129198,-0.115078,0.00902533,-0.058032
266.862,398,0.136701,-0.114382,0.0115536,-0.0739616
267.728,397.5,0.145595,-0.113743,0.014105,-0.0897868
268.594,397,0.155612,-0.113159,0.0166794,-0.105508
269.46,396.5,0.16652,-0.112633,0.019277,-0.121124
270.326,396,0.177409,-0.111065,0.0223717,-0.136521
271.192,395.5,0.187447,-0.109007,0.0248292,-0.150457
272.058,395,0.196677,-0.106218,0.0270769,-0.163299
272.924,394.5,0.205882,-0.103189,0.0294141,-0.175711
273.79,394,0.215003,-0.0999201,0.0318407,-0.187692
274.656,393.5,0.223995,-0.0964106,0.0343569,-0.199244
275.522,393,0.232822,-0.092661,0.0369626,-0.210365
276.388,392.5,0.241635,-0.0882881,0.0384753,-0.221613
277.254,392,0.251287,-0.0826392,0.036745,-0.234448
278.12,391.5,0.261509,-0.0769386,0.035467,-0.247406
278.986,391,0.272203,-0.0712184,0.0346043,-0.260432
279.852,390.5,0.281687,-0.0663409,0.0329482,-0.271773
280.718,390,0.291225,-0.0612137,0.0315511,-0.282966
281.584,389.5,0.300805,-0.0558367,0.0304128,-0.294009
282.45,389,0.309252,-0.0462957,0.0256515,-0.304689
283.316,388.5,0.31834,-0.036184,0.0210824,-0.315574
284.182,388,0.328145,-0.0257737,0.0169839,-0.32669
285.048,387.5,0.338636,-0.0150649,0.0133563,-0.338037
285.914,387,0.349788,-0.00405755,0.0101993,-0.349616
286.78,386.5,0.361577,0.00724828,0.00751313,-0.361426
287.646,386,0.37012,0.0205733,0.00461998,-0.369519
288.512,385.5,0.377185,0.0354458,0.00139631,-0.375513
289.378,385,0.382365,0.051726,-0.00162945,-0.378847
290.244,384.5,0.389066,0.0681075,-0.00432984,-0.383034
291.11,384,0.397244,0.0845904,-0.00670486,-0.388075
291.976,383.5,0.406847,0.101175,-0.00875452,-0.393969
292.842,383,0.415687,0.116613,-0.00958804,-0.398879
293.708,382.5,0.421093,0.129518,-0.00844111,-0.400591
294.574,382,0.42797,0.142838,-0.00754209,-0.403359
295.44,381.5,0.436304,0.156574,-0.00689097,-0.407184
296.306,381,0.446078,0.170725,-0.00648775,-0.412064
297.172,380.5,0.457271,0.185291,-0.00633244,-0.418
298.038,380,0.469234,0.199832,-0.00634983,-0.424508
298.905,379.5,0.471914,0.205246,-0.0043954,-0.424921
299.771,379,0.475976,0.211316,-0.00288294,-0.426486
300.637,378.5,0.481489,0.218115,-0.00183094,-0.429249
301.503,378,0.488452,0.225642,-0.00123939,-0.433209
302.369,377.5,0.496864,0.233897,-0.00110831,-0.438367
303.235,377,0.506725,0.24288,-0.00143768,-0.444722
304.101,376.5,0.515237,0.246108,-0.000271975,-0.452659
304.967,376,0.523126,0.246479,0.00109618,-0.461419
305.833,375.5,0.531588,0.247017,0.001674,-0.470708
306.699,375,0.540621,0.247721,0.00146149,-0.480524
307.565,374.5,0.549603,0.248197,0.000765397,-0.490368
308.431,374,0.557697,0.248154,0.000454715,-0.499445
309.297,373.5,0.5651,0.247052,0.0018353,-0.508233
310.163,373,0.569788,0.242813,0.00668189,-0.515418
311.029,372.5,0.576164,0.239617,0.0108122,-0.523863
311.895,372,0.584196,0.237466,0.0142263,-0.533566
312.761,371.5,0.593854,0.236358,0.0169241,-0.544529
313.627,371,0.605114,0.236294,0.0189056,-0.55675
314.493,370.5,0.61653,0.236458,0.0203391,-0.56902
315.359,370,0.600105,0.220725,0.024932,-0.557481
316.225,369.5,0.585549,0.206016,0.0295501,-0.547313
317.091,369,0.571987,0.192267,0.034681,-0.537587
317.957,368.5,0.559047,0.180161,0.0406618,-0.527658
318.823,368,0.549436,0.170303,0.0460095,-0.520347
319.689,367.5,0.543084,0.162691,0.0507243,-0.515654
320.555,367,0.531457,0.147295,0.0505753,-0.508127
321.421,366.5,0.517195,0.128251,0.0488314,-0.498656
322.287,366,0.503045,0.108902,0.0471399,-0.488848
323.153,365.5,0.489072,0.0892497,0.0455008,-0.478702
324.019,365,0.475352,0.0692933,0.043914,-0.46822
324.885,364.5,0.461968,0.049033,0.0423796,-0.4574
325.751,364,0.460119,0.0371279,0.0420338,-0.456688
326.617,363.5,0.473828,0.0403137,0.0438889,-0.470066
327.483,363,0.48714,0.0488829,0.0475134,-0.482346
328.349,362.5,0.498561,0.0558238,0.052498,-0.492636
329.215,362,0.508071,0.0611367,0.0588427,-0.500935
330.081,361.5,0.51568,0.0648213,0.0665475,-0.507243
330.947,361,0.525149,0.0676461,0.0734194,-0.515572
331.813,360.5,0.568655,0.0789332,0.0593525,-0.560014
332.679,360,0.616007,0.0945911,0.0413343,-0.607296
333.546,359.5,0.667618,0.11462,0.0193647,-0.65742
334.412,359,0.723889,0.139019,-0.00655615,-0.710385
335.278,358.5,0.785193,0.167789,-0.0364284,-0.766191
336.144,358,0.844904,0.201762,-0.0651632,-0.817868
337.01,357.5,0.827153,0.238932,-0.0079728,-0.791853
337.876,357,0.796084,0.28369,0.067684,-0.740735
338.742,356.5,0.773753,0.337005,0.139963,-0.682299
339.608,356,0.763449,0.398877,0.208866,-0.616544
340.474,355.5,0.768699,0.469306,0.27439,-0.543471
341.34,355,0.792669,0.548293,0.336537,-0.463079
342.206,354.5,0.808563,0.595218,0.360295,-0.411918
343.072,354,0.804935,0.589548,0.364685,-0.409095
343.938,353.5,0.812051,0.571047,0.397151,-0.419051
344.804,353,0.834237,0.539716,0.457692,-0.441787
345.67,352.5,0.85049,0.494405,0.519825,-0.456814
346.536,352,0.846619,0.446537,0.567902,-0.441424
347.402,351.5,0.824847,0.418785,0.601712,-0.378066
348.268,351,0.711051,0.465741,0.513602,-0.157771
349.134,350.5,0.655514,0.480685,0.445506,0.0128801
350,350,0.625147,0.463616,0.397421,0.133888
350.866,349.5,0.591934,0.414534,0.369349,0.205252
351.732,349,0.541507,0.333441,0.36129,0.226973
352.598,348.5,0.476947,0.220335,0.373243,0.19905
353.464,348,0.441298,0.152464,0.354825,0.213536
354.33,347.5,0.421522,0.108848,0.320189,0.251619
355.196,347,0.457152,0.140791,0.244953,0.359394
356.062,346.5,0.57457,0.226232,0.148849,0.506749
356.928,346,0.707709,0.305809,0.0645745,0.634952
357.794,345.5,0.835248,0.379522,-0.00787071,0.744003
358.66,345,0.904642,0.442633,-0.0335828,0.788242
359.526,344.5,0.934699,0.501523,-0.0290063,0.788223
360.392,344,0.969811,0.562249,-0.0293061,0.789652
361.258,343.5,1.00979,0.624811,-0.0344823,0.792529
362.124,343,1.0545,0.68921,-0.0445347,0.796853
362.99,342.5,1.10383,0.755445,-0.0594635,0.802625
363.856,342,1.16106,0.828627,-0.0754326,0.809786
364.722,341.5,1.22187,0.911422,-0.0873388,0.809101
365.588,341,1.27402,0.984239,-0.103108,0.802354
366.454,340.5,1.32381,1.05205,-0.117465,0.794894
367.321,340,1.3707,1.11485,-0.130409,0.786722
368.187,339.5,1.41431,1.17264,-0.141941,0.777836
369.053,339,1.4543,1.22543,-0.152061,0.768238
369.919,338.5,1.4786,1.26503,-0.157289,0.74915
370.785,338,1.49932,1.30026,-0.161393,0.728859
371.651,337.5,1.51775,1.33214,-0.164801,0.708382
372.517,337,1.53375,1.36065,-0.167514,0.687722
373.383,336.5,1.54724,1.38581,-0.169532,0.666877
374.249,336,1.54347,1.39289,-0.169668,0.642925
375.115,335.5,1.52982,1.39012,-0.167342,0.616354
375.981,335,1.51568,1.38658,-0.163866,0.589781
376.847,334.5,1.50274,1.38338,-0.160363,0.564619
377.713,334,1.49096,1.38052,-0.156832,0.540866
378.579,333.5,1.48029,1.378,-0.153274,0.518524
379.445,333,1.47068,1.37583,-0.149689,0.497592
380.311,332.5,1.46194,1.37398,-0.14572,0.477715
381.177,332,1.45372,1.37243,-0.140833,0.458153
382.043,331.5,1.44644,1.37123,-0.136041,0.439799
382.909,331,1.44007,1.37037,-0.131344,0.422654
383.775,330.5,1.43593,1.37051,-0.127294,0.409135
384.641,330,1.43298,1.37123,-0.123294,0.397429
385.507,329.5,1.43063,1.37226,-0.119084,0.386535
386.373,329,1.42843,1.37398,-0.110154,0.37478
387.239,328.5,1.42666,1.37574,-0.100975,0.363983
388.105,328,1.42529,1.37752,-0.0917686,0.354228
388.971,327.5,1.42432,1.37931,-0.0825341,0.345516
389.837,327,1.42373,1.38112,-0.0732717,0.337846
390.703,326.5,1.42349,1.38294,-0.0639815,0.331219
391.569,326,1.41931,1.38158,-0.0491987,0.321348
392.435,325.5,1.41389,1.37898,-0.0318312,0.310591
393.301,325,1.40118,1.36878,-0.0122717,0.299349
394.167,324.5,1.38522,1.35485,0.00788048,0.288345
395.033,324,1.36811,1.33926,0.0278911,0.278077
395.899,323.5,1.34986,1.32202,0.0477602,0.268543
396.765,323,1.32394,1.29737,0.066358,0.255469
397.631,322.5,1.284,1.25977,0.0821163,0.234289
398.497,322,1.24394,1.22154,0.0972111,0.213933
399.363,321.5,1.20374,1.18268,0.111642,0.194401
400.229,321,1.16339,1.14318,0.12541,0.175693
401.095,320.5,1.12286,1.10305,0.138514,0.157808
401.962,320,1.0821,1.06226,0.150836,0.140697
402.828,319.5,1.03281,1.01468,0.150612,0.120167
403.694,319,0.983844,0.967089,0.150037,0.100884
404.56,318.5,0.936018,0.92036,0.149112,0.0826693
405.426,318,0.889319,0.874494,0.147838,0.065524
406.292,317.5,0.84373,0.829492,0.146214,0.0494481
407.158,317,0.799232,0.785353,0.144241,0.0344414
408.024,316.5,0.757215,0.743348,0.140468,0.0327986
408.89,316,0.718339,0.704481,0.13578,0.0358035
409.756,315.5,0.682228,0.668503,0.130826,0.0377313
410.622,315,0.648857,0.635413,0.125606,0.0385822
411.488,314.5,0.618209,0.605212,0.120121,0.0383561
412.354,314,0.583143,0.569921,0.116104,0.0420157
413.22,313.5,0.545237,0.530007,0.114878,0.0563806
414.086,313,0.504233,0.482806,0.117725,0.0853816
414.952,312.5,0.465361,0.435598,0.120559,0.11082
415.818,312,0.42857,0.388383,0.123379,0.132695
416.684,311.5,0.393849,0.341162,0.126185,0.151007
417.55,311,0.361258,0.293933,0.128977,0.165757
418.416,310.5,0.329234,0.245357,0.130826,0.176293
419.282,310,0.274959,0.177143,0.117752,0.174233
420.148,309.5,0.224932,0.108047,0.101592,0.169113
421.014,309,0.18474,0.0380694,0.0823448,0.160932
421.88,308.5,0.165472,-0.031788,0.0593385,0.151161
422.746,308,0.173246,-0.0976551,0.0349202,0.138775
423.612,307.5,0.202063,-0.159487,0.00913852,0.123732
424.478,307,0.223457,-0.200734,-0.00894391,0.0977681
425.344,306.5,0.243697,-0.231971,-0.0229186,0.0710785
426.21,306,0.265257,-0.258628,-0.035446,0.0470755
427.076,305.5,0.2857,-0.280706,-0.0465261,0.0257592
427.942,305,0.303531,-0.298205,-0.0561587,0.00712953
428.808,304.5,0.31783,-0.311124,-0.064344,-0.00881351
429.674,304,0.323559,-0.316094,-0.066545,-0.0186315
430.54,303.5,0.32139,-0.314679,-0.0615576,-0.0218954
431.406,303,0.316731,-0.311967,-0.0495853,-0.0231577
432.272,302.5,0.313033,-0.309776,-0.0382051,-0.023858
433.138,302,0.310252,-0.308106,-0.027417,-0.0239963
434.004,301.5,0.308341,-0.306956,-0.0172211,-0.0235727
434.87,301,0.306781,-0.305773,-0.00867473,-0.0232786
435.737,300.5,0.302932,-0.30154,-0.00871475,-0.0276723
436.603,300,0.300509,-0.298645,-0.00991628,-0.0319172
437.469,299.5,0.299514,-0.297087,-0.0122793,-0.0360133
438.335,299,0.299961,-0.296867,-0.0158039,-0.0399607
439.201,298.5,0.301877,-0.297985,-0.02049,-0.0437592
440.067,298,0.305382,-0.300565,-0.0263124,-0.0471897
440.933,297.5,0.30137,-0.296314,-0.032968,-0.0439895
441.799,297,0.29492,-0.289552,-0.0397151,-0.0394983
442.665,296.5,0.288201,-0.282301,-0.0464611,-0.0347469
443.531,296,0.281245,-0.274561,-0.0532061,-0.0297355
444.397,295.5,0.274089,-0.266331,-0.0599501,-0.024464
445.263,295,0.266779,-0.257613,-0.066693,-0.0189325
446.129,294.5,0.266542,-0.25606,-0.0731865,-0.0110251
446.995,294,0.275386,-0.26357,-0.0798,-0.000587248
447.861,293.5,0.286478,-0.272782,-0.0869194,0.0102204
448.727,293,0.299801,-0.283697,-0.0945446,0.0213979
449.593,292.5,0.314423,-0.295464,-0.102492,0.032536
450.459,292,0.324664,-0.302849,-0.109472,0.0412912
451.325,291.5,0.329267,-0.305194,-0.113767,0.048272
452.191,291,0.311093,-0.287916,-0.106768,0.0498373
453.057,290.5,0.293228,-0.270854,-0.0995128,0.0521341
453.923,290,0.275731,-0.254009,-0.0920015,0.0551624
454.789,289.5,0.258682,-0.23738,-0.0842341,0.0589221
455.655,289,0.24219,-0.220968,-0.0762106,0.0634133
456.521,288.5,0.2264,-0.204772,-0.067931,0.068636
457.387,288,0.209449,-0.185832,-0.0610548,0.0748834
458.253,287.5,0.192719,-0.166095,-0.0544464,0.0811708
459.119,287,0.176938,-0.1461,-0.0480071,0.0875046
459.985,286.5,0.162993,-0.12607,-0.0420678,0.0943579
460.851,286,0.150828,-0.105603,-0.036069,0.101469
461.717,285.5,0.14114,-0.0846989,-0.0300107,0.108839
462.583,285,0.135167,-0.0651916,-0.0260758,0.1155
463.449,284.5,0.132534,-0.0473885,-0.0238701,0.121449
464.315,284,0.132678,-0.0299556,-0.0215825,0.127437
465.181,283.5,0.135457,-0.0128929,-0.0192129,0.133466
466.047,283,0.14059,0.00379973,-0.0167614,0.139535
466.913,282.5,0.147714,0.0201222,-0.0142279,0.145644
467.779,282,0.155096,0.0351417,-0.0123571,0.150556
468.645,281.5,0.158995,0.0469444,-0.0134437,0.151311
469.512,281,0.163438,0.0588849,-0.0156549,0.151656
470.378,280.5,0.168524,0.0707131,-0.0179821,0.15191
471.244,280,0.174177,0.0824291,-0.020425,0.152072
472.11,279.5,0.180327,0.0940328,-0.0229839,0.152143
472.976,279,0.186908,0.105524,-0.0256587,0.152122
473.842,278.5,0.191891,0.116584,-0.0273356,0.149944
474.708,278,0.197092,0.127517,-0.0288853,0.147481
475.574,277.5,0.202648,0.138352,-0.0304015,0.144917
476.44,277,0.208519,0.14909,-0.0318842,0.142252
477.306,276.5,0.214666,0.159731,-0.0333335,0.139486
478.172,276,0.220838,0.17027,-0.0348022,0.136259
479.038,275.5,0.226991,0.180684,-0.0353579,0.13277
