x,v,vx,vy,vz
220.096,425,0.381541,0.379444,-0.0380957,-0.0120393
220.962,424.5,0.384953,0.382822,-0.0394914,-0.0087593
221.828,424,0.389069,0.386865,-0.0410494,-0.00505804
222.694,423.5,0.394093,0.391738,-0.0430118,-0.000640436
223.56,423,0.399131,0.396562,-0.0450145,0.00419085
224.426,422.5,0.404341,0.401501,-0.0469193,0.00934379
225.292,422,0.409731,0.406554,-0.0487263,0.0148184
226.158,421.5,0.415311,0.411721,-0.0504355,0.0206147
227.024,421,0.421194,0.41714,-0.0518785,0.026585
227.89,420.5,0.428413,0.424213,-0.0511026,0.0311439
228.756,420,0.435758,0.431417,-0.0497785,0.0358642
229.622,419.5,0.443239,0.438754,-0.047906,0.0407458
230.488,419,0.450867,0.446224,-0.0454853,0.0457887
231.355,418.5,0.458656,0.453825,-0.0425162,0.0509929
232.221,418,0.462578,0.45769,-0.0365899,0.0562081
233.087,417.5,0.462582,0.458007,-0.0284838,0.058308
233.953,417,0.46079,0.45654,-0.0199445,0.059173
234.819,416.5,0.457662,0.453611,-0.0111837,0.0597204
235.685,416,0.453209,0.449221,-0.00220148,0.0599501
236.551,415.5,0.447448,0.44337,0.00700218,0.0598623
237.417,415,0.440399,0.436058,0.0164273,0.0594569
238.283,414.5,0.430883,0.426307,0.0251072,0.0573729
239.149,414,0.418589,0.41388,0.0325184,0.0535056
240.015,413.5,0.404956,0.399944,0.0397078,0.0495674
240.881,413,0.389994,0.384501,0.0466755,0.0455583
241.747,412.5,0.373287,0.367766,0.0498455,0.0400881
242.613,412,0.35662,0.351188,0.0514754,0.0345622
243.479,411.5,0.340207,0.33485,0.0524292,0.0294525
244.345,411,0.323573,0.318292,0.0525125,0.0251389
245.211,410.5,0.307042,0.301736,0.0525801,0.0215725
246.077,410,0.290605,0.285183,0.0526321,0.0187534
246.943,409.5,0.274255,0.268633,0.0526685,0.0166816
247.809,409,0.257989,0.252084,0.0526893,0.0153571
248.675,408.5,0.241813,0.235539,0.0526945,0.0147799
249.541,408,0.225542,0.218709,0.0526751,0.0161586
250.407,407.5,0.209051,0.201436,0.0526558,0.0187925
251.273,407,0.197064,0.188608,0.0527487,0.0218811
252.139,406.5,0.185712,0.176347,0.052589,0.0250023
253.005,406,0.174155,0.163761,0.0521329,0.028186
253.871,405.5,0.162429,0.150849,0.0513805,0.0314322
254.737,405,0.151436,0.13875,0.050087,0.0342438
255.603,404.5,0.141152,0.12738,0.0483486,0.0368877
256.469,404,0.130837,0.115622,0.0464308,0.0399262
257.335,403.5,0.120634,0.103475,0.0443335,0.0433592
258.201,403,0.11075,0.0909408,0.0420568,0.0471867
259.067,402.5,0.101478,0.0780179,0.0396006,0.0514087
259.933,402,0.093196,0.0653488,0.0370077,0.0551856
260.799,401.5,0.0868071,0.0568411,0.0359836,0.0548612
261.665,401,0.0809461,0.0485638,0.0348167,0.0546042
262.531,400.5,0.0755652,0.0403448,0.0333389,0.0545061
263.397,400,0.0707726,0.032184,0.0315502,0.0545668
264.263,399.5,0.0666994,0.0240814,0.0294507,0.0547864
265.13,399,0.0634943,0.016037,0.0270403,0.0551649
265.996,398.5,0.05737,0.00831989,0.0242821,0.0513076
266.862,398,0.0514187,0.000375692,0.0209914,0.0469373
267.728,397.5,0.046643,-0.00785339,0.0171591,0.0426551
268.594,397,0.0437104,-0.0163673,0.0127854,0.0384609
269.46,396.5,0.0433074,-0.0251662,0.00787011,0.0343549
270.326,396,0.0409754,-0.0315194,0.00404968,0.0258673
271.192,395.5,0.0401319,-0.0371728,0.00182651,0.0150138
272.058,395,0.0429191,-0.0428076,0.000792952,0.00298771
272.924,394.5,0.0498719,-0.0490405,-0.000372381,-0.00906099
273.79,394,0.0597576,-0.0558714,-0.00166949,-0.0211323
274.656,393.5,0.0715578,-0.0633004,-0.00309837,-0.0332261
275.522,393,0.0846478,-0.0713275,-0.00465902,-0.0453425
276.388,392.5,0.0984889,-0.0796077,-0.00628964,-0.0576465
277.254,392,0.112452,-0.0871955,-0.00798595,-0.0705592
278.12,391.5,0.126949,-0.0949777,-0.0100061,-0.083637
278.986,391,0.141841,-0.102864,-0.0122537,-0.0968906
279.852,390.5,0.154965,-0.108256,-0.0114992,-0.110284
280.718,390,0.168186,-0.114078,-0.0104075,-0.123143
281.584,389.5,0.181416,-0.120331,-0.00897855,-0.135468
282.45,389,0.190843,-0.123877,-0.00503627,-0.145087
283.316,388.5,0.199238,-0.126745,-0.000639223,-0.153724
284.182,388,0.206829,-0.129125,0.00405915,-0.16152
285.048,387.5,0.213615,-0.131017,0.00905886,-0.168475
285.914,387,0.219598,-0.13242,0.0143599,-0.17459
286.78,386.5,0.224785,-0.133335,0.0199623,-0.179865
287.646,386,0.22832,-0.1311,0.0226948,-0.185547
288.512,385.5,0.230383,-0.12629,0.0236863,-0.191222
289.378,385,0.228938,-0.120802,0.0248687,-0.192876
290.244,384.5,0.228305,-0.116414,0.0256745,-0.19471
291.11,384,0.228429,-0.113127,0.0261037,-0.196724
291.976,383.5,0.229262,-0.110941,0.0261563,-0.19892
292.842,383,0.233872,-0.110796,0.0243147,-0.204522
293.708,382.5,0.24771,-0.113709,0.0181923,-0.219316
294.574,382,0.264582,-0.117437,0.011008,-0.236836
295.44,381.5,0.284565,-0.121978,0.0027617,-0.257081
296.306,381,0.307711,-0.127334,-0.00654654,-0.280052
297.172,380.5,0.334053,-0.133503,-0.0169167,-0.305749
298.038,380,0.363641,-0.140489,-0.0286189,-0.334184
298.905,379.5,0.390648,-0.139068,-0.0410309,-0.362743
299.771,379,0.41779,-0.135985,-0.0525862,-0.391525
300.637,378.5,0.445091,-0.131316,-0.063292,-0.420542
301.503,378,0.472555,-0.125062,-0.0731483,-0.449796
302.369,377.5,0.500205,-0.117222,-0.0821552,-0.479286
303.235,377,0.528081,-0.107797,-0.0903127,-0.509011
304.101,376.5,0.549996,-0.0969129,-0.0960266,-0.532806
304.967,376,0.56927,-0.0851701,-0.100367,-0.553842
305.833,375.5,0.588925,-0.0726369,-0.104145,-0.575074
306.699,375,0.608982,-0.0593134,-0.107362,-0.596502
307.565,374.5,0.628516,-0.0450298,-0.109682,-0.617231
308.431,374,0.645151,-0.0297111,-0.11046,-0.63493
309.297,373.5,0.655397,-0.0141405,-0.109256,-0.646072
310.163,373,0.654249,0.00180341,-0.104947,-0.645774
311.029,372.5,0.654125,0.0180604,-0.100785,-0.646062
311.895,372,0.655049,0.0346306,-0.0967691,-0.646936
312.761,371.5,0.657039,0.0515139,-0.0928997,-0.648395
313.627,371,0.66011,0.0687103,-0.0891768,-0.650439
314.493,370.5,0.663665,0.0857783,-0.08526,-0.652552
315.359,370,0.655609,0.0941253,-0.0746383,-0.64451
316.225,369.5,0.648551,0.103023,-0.0645563,-0.637054
317.091,369,0.64172,0.113143,-0.0546964,-0.629295
317.957,368.5,0.633985,0.12539,-0.0445941,-0.61986
318.823,368,0.627394,0.137968,-0.0350773,-0.61103
319.689,367.5,0.621949,0.150877,-0.0261461,-0.602805
320.555,367,0.602922,0.157946,-0.0151706,-0.581668
321.421,366.5,0.579505,0.163457,-0.0037949,-0.555962
322.287,366,0.557155,0.169737,0.00701727,-0.530624
323.153,365.5,0.535944,0.176787,0.0172659,-0.505652
324.019,365,0.515958,0.184607,0.0269511,-0.481048
324.885,364.5,0.497295,0.193196,0.0360727,-0.456811
325.751,364,0.477169,0.194796,0.0455461,-0.433209
326.617,363.5,0.453423,0.185392,0.055797,-0.410011
327.483,363,0.43121,0.175922,0.0643524,-0.388397
328.349,362.5,0.409439,0.166242,0.0724726,-0.367085
329.215,362,0.388121,0.156351,0.0801577,-0.346074
330.081,361.5,0.367276,0.14625,0.0874077,-0.325365
330.947,361,0.349942,0.136076,0.0927336,-0.308777
331.813,360.5,0.359509,0.126032,0.0842139,-0.325992
332.679,360,0.369219,0.114157,0.0747915,-0.34307
333.546,359.5,0.37928,0.100452,0.0644663,-0.36001
334.412,359,0.389914,0.0849151,0.0532384,-0.376813
335.278,358.5,0.401345,0.0675477,0.0411077,-0.393478
336.144,358,0.412216,0.0545572,0.0341878,-0.407157
337.01,357.5,0.463378,0.0651596,0.0545055,-0.455525
337.876,357,0.517551,0.0779174,0.0903299,-0.503616
338.742,356.5,0.563762,0.0886538,0.138046,-0.539363
339.608,356,0.604362,0.0973688,0.197654,-0.562766
340.474,355.5,0.642298,0.104062,0.269153,-0.573825
341.34,355,0.681111,0.108735,0.352544,-0.57254
342.206,354.5,0.717602,0.0958045,0.421439,-0.572856
343.072,354,0.747531,0.0651166,0.463691,-0.582712
343.938,353.5,0.776826,0.034693,0.505561,-0.588781
344.804,353,0.805379,0.00453371,0.547049,-0.59106
345.67,352.5,0.814379,-0.0263586,0.566927,-0.584048
346.536,352,0.801627,-0.0618252,0.572208,-0.557997
347.402,351.5,0.768689,-0.0660119,0.573354,-0.507731
348.268,351,0.650238,0.100729,0.49591,-0.408334
349.134,350.5,0.580958,0.232659,0.431917,-0.311173
350,350,0.548603,0.32978,0.381375,-0.216248
350.866,349.5,0.536221,0.39209,0.344284,-0.123559
351.732,349,0.529116,0.41959,0.320643,-0.0331052
352.598,348.5,0.519032,0.412281,0.310453,0.0551125
353.464,348,0.553039,0.476079,0.262047,0.102625
354.33,347.5,0.611681,0.561193,0.204149,0.132435
355.196,347,0.721529,0.695758,0.119298,0.149308
356.062,346.5,0.858291,0.841712,0.0283826,0.165465
356.928,346,0.968377,0.949476,-0.0402171,0.186099
357.794,345.5,1.0443,1.01905,-0.086501,0.211208
358.66,345,1.09196,1.06447,-0.102446,0.220834
359.526,344.5,1.12164,1.09664,-0.0997931,0.213339
360.392,344,1.12921,1.10679,-0.0890863,0.205423
361.258,343.5,1.11476,1.09494,-0.0703256,0.197086
362.124,343,1.07855,1.06109,-0.0435109,0.188326
362.99,342.5,1.0211,1.00523,-0.00864217,0.179145
363.856,342,0.955,0.938558,0.032674,0.1734
364.722,341.5,1.00506,0.991429,0.0195067,0.163832
365.588,341,1.10213,1.09164,-0.0232627,0.1499
366.454,340.5,1.18399,1.17354,-0.0593317,0.145321
367.321,340,1.24936,1.23714,-0.0887003,0.150095
368.187,339.5,1.29768,1.28242,-0.111368,0.164221
369.053,339,1.3289,1.3094,-0.127336,0.187701
369.919,338.5,1.35965,1.33531,-0.132123,0.219447
370.785,338,1.37517,1.34472,-0.130948,0.256259
371.651,337.5,1.37416,1.33568,-0.124383,0.298037
372.517,337,1.35751,1.30817,-0.11243,0.344781
373.383,336.5,1.32643,1.26221,-0.0950884,0.396492
374.249,336,1.3241,1.26273,-0.0832615,0.389643
375.115,335.5,1.34208,1.29374,-0.0714588,0.349707
375.981,335,1.35675,1.31909,-0.0559414,0.312459
376.847,334.5,1.36352,1.33374,-0.0398664,0.280587
377.713,334,1.36181,1.3377,-0.0232338,0.254091
378.579,333.5,1.3512,1.33095,-0.00604348,0.232972
379.445,333,1.33139,1.3135,0.0117045,0.217229
380.311,332.5,1.30113,1.28428,0.0296134,0.206618
381.177,332,1.25662,1.23942,0.0471418,0.2018
382.043,331.5,1.19996,1.18067,0.0654494,0.204062
382.909,331,1.13155,1.10802,0.0845364,0.213405
383.775,330.5,1.09992,1.07476,0.0922829,0.214917
384.641,330,1.08533,1.06054,0.0942956,0.210472
385.507,329.5,1.07057,1.0465,0.0950275,0.204725
386.373,329,1.06886,1.04815,0.0798678,0.193583
387.239,328.5,1.06451,1.04656,0.0646306,0.183664
388.105,328,1.05672,1.04089,0.0500653,0.175229
388.971,327.5,1.0454,1.03114,0.0361718,0.168279
389.837,327,1.03051,1.01731,0.0229502,0.162813
390.703,326.5,1.012,0.999401,0.0104005,0.158831
391.569,326,1.00825,0.996502,-0.00660597,0.153321
392.435,325.5,1.00851,0.996877,-0.0248289,0.150719
393.301,325,1.01606,1.00498,-0.0348552,0.145486
394.167,324.5,1.02482,1.01441,-0.0420328,0.139526
395.033,324,1.03126,1.0213,-0.0482249,0.13459
395.899,323.5,1.03534,1.02567,-0.0534315,0.130679
396.765,323,1.04501,1.03575,-0.0567299,0.126665
397.631,322.5,1.06709,1.05855,-0.0573851,0.121927
398.497,322,1.084,1.0759,-0.0574522,0.11912
399.363,321.5,1.0957,1.08781,-0.0569311,0.118246
400.229,321,1.10218,1.09428,-0.0558219,0.119303
401.095,320.5,1.10343,1.0953,-0.0541246,0.122292
401.962,320,1.09963,1.09103,-0.0517043,0.127172
402.828,319.5,1.11538,1.10763,-0.0335687,0.126856
403.694,319,1.13048,1.12322,-0.0163398,0.1269
404.56,318.5,1.14317,1.136,-0.000414631,0.127831
405.426,318,1.15337,1.14597,0.0142067,0.129649
406.292,317.5,1.16103,1.15313,0.0275242,0.132353
407.158,317,1.16611,1.15748,0.0395379,0.135943
408.024,316.5,1.16217,1.15476,0.0601106,0.116447
408.89,316,1.15271,1.146,0.0844776,0.0910089
409.756,315.5,1.14022,1.13284,0.108448,0.0708192
410.622,315,1.12445,1.11528,0.132021,0.0558777
411.488,314.5,1.10524,1.09331,0.155196,0.0461846
412.354,314,1.09403,1.07895,0.178688,0.0290809
413.22,313.5,1.07961,1.06077,0.200057,-0.0173407
414.086,313,1.06221,1.0336,0.219633,-0.108233
414.952,312.5,1.04817,1.00215,0.238694,-0.193318
415.818,312,1.03656,0.966427,0.257239,-0.272596
416.684,311.5,1.02655,0.926424,0.275269,-0.346068
417.55,311,1.01739,0.882143,0.292783,-0.413733
418.416,310.5,1.00865,0.833224,0.308763,-0.477264
419.282,310,1.00512,0.775064,0.309976,-0.559879
420.148,309.5,1.00644,0.712951,0.311273,-0.638539
421.014,309,1.01239,0.646887,0.312653,-0.713245
421.88,308.5,1.03133,0.586343,0.313645,-0.788328
422.746,308,1.05135,0.523966,0.313666,-0.855807
423.612,307.5,1.07099,0.459479,0.312712,-0.915481
424.478,307,0.991737,0.400566,0.269308,-0.866351
425.344,306.5,0.883009,0.348951,0.209805,-0.783531
426.21,306,0.778477,0.303059,0.147793,-0.701669
427.076,305.5,0.67926,0.262889,0.0832709,-0.620766
427.942,305,0.587313,0.228442,0.0162389,-0.54082
428.808,304.5,0.505983,0.199718,-0.053303,-0.461833
429.674,304,0.42703,0.181107,-0.109951,-0.370764
430.54,303.5,0.348841,0.171197,-0.14576,-0.266712
431.406,303,0.295269,0.163464,-0.17983,-0.167704
432.272,302.5,0.272995,0.158921,-0.209245,-0.0740724
433.138,302,0.282467,0.157569,-0.234005,0.0141838
434.004,301.5,0.315285,0.159408,-0.254111,0.0970643
434.87,301,0.35575,0.165938,-0.265585,0.168783
435.737,300.5,0.3644,0.18509,-0.245845,0.195165
436.603,300,0.375698,0.204836,-0.225562,0.219802
437.469,299.5,0.389258,0.225176,-0.204735,0.242695
438.335,299,0.404729,0.24611,-0.183363,0.263844
439.201,298.5,0.421812,0.267638,-0.161448,0.283248
440.067,298,0.440116,0.289653,-0.138919,0.30084
440.933,297.5,0.445882,0.304728,-0.125127,0.300491
441.799,297,0.449515,0.318283,-0.11399,0.296253
442.665,296.5,0.453934,0.331833,-0.103249,0.292033
443.531,296,0.459089,0.345378,-0.0929039,0.287829
444.397,295.5,0.464926,0.358918,-0.0829542,0.283641
445.263,295,0.471395,0.372453,-0.0734001,0.279471
446.129,294.5,0.475231,0.382004,-0.0663871,0.274792
446.995,294,0.476167,0.387527,-0.0617364,0.269716
447.861,293.5,0.477479,0.393172,-0.0571426,0.264834
448.727,293,0.479161,0.39894,-0.0526057,0.260144
449.593,292.5,0.481163,0.404714,-0.0481136,0.255753
450.459,292,0.483334,0.410109,-0.0436107,0.252033
451.325,291.5,0.485304,0.41502,-0.0394161,0.248445
452.191,291,0.484672,0.416392,-0.0364404,0.245351
453.057,290.5,0.484285,0.417982,-0.0334729,0.242287
453.923,290,0.484145,0.41979,-0.0305134,0.239252
454.789,289.5,0.484255,0.421818,-0.027562,0.236247
455.655,289,0.484615,0.424065,-0.0246187,0.23327
456.521,288.5,0.485228,0.42653,-0.0216835,0.230323
457.387,288,0.483625,0.426488,-0.0197887,0.227178
458.253,287.5,0.481781,0.426126,-0.0180653,0.224061
459.119,287,0.480089,0.425857,-0.0163487,0.221052
459.985,286.5,0.47853,0.425622,-0.0146363,0.218225
460.851,286,0.477074,0.425478,-0.0129219,0.215409
461.717,285.5,0.475723,0.425424,-0.0112055,0.212604
462.583,285,0.473487,0.424472,-0.00985825,0.209562
463.449,284.5,0.470509,0.422752,-0.00881838,0.206352
464.315,284,0.467598,0.421072,-0.00777968,0.20319
465.181,283.5,0.464756,0.419432,-0.00674213,0.200075
466.047,283,0.461982,0.417831,-0.00570574,0.197006
466.913,282.5,0.459275,0.416271,-0.0046705,0.193985
467.779,282,0.456384,0.414494,-0.00371627,0.190963
468.645,281.5,0.452679,0.411855,-0.00302307,0.187841
469.512,281,0.44891,0.409112,-0.00231897,0.184777
470.378,280.5,0.445169,0.406371,-0.00161802,0.181756
471.244,280,0.441456,0.403634,-0.000920237,0.178779
472.11,279.5,0.437771,0.4009,-0.000225611,0.175847
472.976,279,0.434113,0.398169,0.000465857,0.172958
473.842,278.5,0.430066,0.394959,0.000884168,0.170186
474.708,278,0.426003,0.391702,0.00127231,0.167472
475.574,277.5,0.42196,0.38844,0.00165438,0.164808
476.44,277,0.417937,0.385174,0.00203038,0.162196
477.306,276.5,0.413932,0.381905,0.00240029,0.159634
478.172,276,0.409896,0.378584,0.00276802,0.157103
479.038,275.5,0.405728,0.375091,0.00302149,0.154637
