x,v,vx,vy,vz
220.096,425,0.209283,0.209274,-5.48812e-05,-0.00191682
220.962,424.5,0.209306,0.209297,-5.62117e-05,-0.00195346
221.828,424,0.209329,0.20932,-5.75887e-05,-0.00199188
222.694,423.5,0.209353,0.209343,-5.8988e-05,-0.0020321
223.56,423,0.209379,0.209368,-6.03822e-05,-0.00207243
224.426,422.5,0.209405,0.209394,-6.17943e-05,-0.00211329
225.292,422,0.209431,0.20942,-6.32245e-05,-0.00215467
226.158,421.5,0.209459,0.209447,-6.46726e-05,-0.00219657
227.024,421,0.209487,0.209475,-6.61488e-05,-0.00223937
227.89,420.5,0.209515,0.209502,-6.77656e-05,-0.00228682
228.756,420,0.209543,0.20953,-6.94207e-05,-0.00233492
229.622,419.5,0.209573,0.209559,-7.11139e-05,-0.00238366
230.488,419,0.209603,0.209589,-7.28454e-05,-0.00243304
231.355,418.5,0.209634,0.209619,-7.4615e-05,-0.00248306
232.221,418,0.209668,0.209653,-7.65546e-05,-0.00253262
233.087,417.5,0.209702,0.209686,-7.85785e-05,-0.00258626
233.953,417,0.209737,0.209721,-8.06531e-05,-0.00264185
234.819,416.5,0.209774,0.209756,-8.27809e-05,-0.00269821
235.685,416,0.209811,0.209793,-8.49618e-05,-0.00275536
236.551,415.5,0.209849,0.20983,-8.71958e-05,-0.00281329
237.417,415,0.209889,0.209869,-8.9483e-05,-0.002872
238.283,414.5,0.209928,0.209908,-9.19035e-05,-0.00293471
239.149,414,0.209968,0.209946,-9.4466e-05,-0.00300228
240.015,413.5,0.210008,0.209986,-9.70707e-05,-0.0030709
240.881,413,0.21005,0.210026,-9.97176e-05,-0.00314056
241.747,412.5,0.210096,0.210071,-0.00010233,-0.00320878
242.613,412,0.210144,0.210118,-0.000104988,-0.0032772
243.479,411.5,0.210193,0.210167,-0.000107724,-0.0033475
244.345,411,0.210243,0.210215,-0.000110558,-0.00342516
245.211,410.5,0.210295,0.210266,-0.000113446,-0.00350393
246.077,410,0.210349,0.210318,-0.000116389,-0.00358379
246.943,409.5,0.210404,0.210373,-0.000119387,-0.00366475
247.809,409,0.210462,0.210429,-0.000122439,-0.00374681
248.675,408.5,0.210522,0.210487,-0.000125546,-0.00382996
249.541,408,0.210579,0.210542,-0.000129117,-0.00392384
250.407,407.5,0.210638,0.210599,-0.00013288,-0.00402117
251.273,407,0.2107,0.21066,-0.000136946,-0.0041185
252.139,406.5,0.210765,0.210723,-0.000141123,-0.00421726
253.005,406,0.210832,0.210788,-0.000145371,-0.00431773
253.871,405.5,0.210901,0.210854,-0.000149691,-0.00441991
254.737,405,0.210971,0.210923,-0.000154028,-0.00452929
255.603,404.5,0.211044,0.210993,-0.000158406,-0.00464601
256.469,404,0.211119,0.211065,-0.000162888,-0.00476489
257.335,403.5,0.211197,0.21114,-0.000167472,-0.00488591
258.201,403,0.211277,0.211217,-0.00017216,-0.00500908
259.067,402.5,0.211359,0.211296,-0.000176949,-0.0051344
259.933,402,0.211441,0.211376,-0.00018199,-0.00526628
260.799,401.5,0.211533,0.211463,-0.000187974,-0.00540757
261.665,401,0.21163,0.211557,-0.000194224,-0.00554942
262.531,400.5,0.211732,0.211656,-0.000200722,-0.00569296
263.397,400,0.211839,0.211759,-0.000207469,-0.00583821
264.263,399.5,0.211951,0.211866,-0.000214464,-0.00598515
265.13,399,0.212067,0.211978,-0.000221707,-0.00613379
265.996,398.5,0.212193,0.2121,-0.000228599,-0.0062971
266.862,398,0.212327,0.212229,-0.000235589,-0.00646435
267.728,397.5,0.212468,0.212364,-0.000242756,-0.00663376
268.594,397,0.212616,0.212507,-0.0002501,-0.00680535
269.46,396.5,0.21277,0.212655,-0.000257622,-0.00697911
270.326,396,0.212911,0.212791,-0.000264785,-0.00716203
271.192,395.5,0.213041,0.212913,-0.000273558,-0.00737294
272.058,395,0.213162,0.213026,-0.000283571,-0.0076087
272.924,394.5,0.213287,0.213142,-0.000293667,-0.00785135
273.79,394,0.213416,0.213262,-0.000303846,-0.0081009
274.656,393.5,0.213548,0.213384,-0.000314109,-0.00835735
275.522,393,0.213684,0.213509,-0.000324455,-0.00862069
276.388,392.5,0.213828,0.213642,-0.000334288,-0.00889455
277.254,392,0.21399,0.213792,-0.000342439,-0.00918648
278.12,391.5,0.214156,0.213945,-0.000350723,-0.00948577
278.986,391,0.214329,0.214105,-0.000359239,-0.00979044
279.852,390.5,0.214612,0.214377,-0.000371002,-0.0100389
280.718,390,0.214915,0.214668,-0.000383004,-0.0102896
281.584,389.5,0.215237,0.214979,-0.000395247,-0.0105426
282.45,389,0.21551,0.215234,-0.000412388,-0.0108967
283.316,388.5,0.215795,0.215501,-0.000431017,-0.0112584
284.182,388,0.216097,0.215784,-0.000450838,-0.0116206
285.048,387.5,0.216415,0.216083,-0.000471853,-0.0119834
285.914,387,0.21675,0.216397,-0.00049406,-0.0123468
286.78,386.5,0.217101,0.216728,-0.00051746,-0.0127107
287.646,386,0.217541,0.217146,-0.000534266,-0.0130816
288.512,385.5,0.218039,0.217622,-0.000545624,-0.0134678
289.378,385,0.218394,0.217948,-0.000548255,-0.0139318
290.244,384.5,0.218751,0.218275,-0.000550831,-0.0144056
291.11,384,0.219111,0.218604,-0.00055335,-0.014889
291.976,383.5,0.219474,0.218933,-0.000555814,-0.0153821
292.842,383,0.219778,0.219196,-0.000560488,-0.0159672
293.708,382.5,0.219947,0.219306,-0.000568767,-0.0167706
294.574,382,0.220122,0.219416,-0.00057469,-0.0176169
295.44,381.5,0.220305,0.219525,-0.000578256,-0.018506
296.306,381,0.220494,0.219635,-0.000579465,-0.0194379
297.172,380.5,0.220691,0.219745,-0.000578318,-0.0204125
298.038,380,0.220974,0.219937,-0.000579004,-0.0213733
298.905,379.5,0.221903,0.22082,-0.000579991,-0.0218827
299.771,379,0.222953,0.221824,-0.000577667,-0.0224089
300.637,378.5,0.224123,0.222944,-0.000572228,-0.0229537
301.503,378,0.225413,0.224182,-0.000563672,-0.0235171
302.369,377.5,0.226823,0.225538,-0.000552002,-0.0240989
303.235,377,0.228352,0.227011,-0.000537215,-0.0246994
304.101,376.5,0.229533,0.228084,-0.000516472,-0.0257457
304.967,376,0.230553,0.228969,-0.000495231,-0.0269723
305.833,375.5,0.231625,0.229905,-0.000475627,-0.0281657
306.699,375,0.232748,0.230892,-0.00045766,-0.0293256
307.565,374.5,0.2337,0.231695,-0.000424813,-0.0305462
308.431,374,0.233898,0.231676,-0.000323046,-0.0321629
309.297,373.5,0.234473,0.232029,-0.000189016,-0.0337705
310.163,373,0.235684,0.233047,-2.10135e-05,-0.0351532
311.029,372.5,0.236902,0.234075,0.000149921,-0.0364882
311.895,372,0.238128,0.235113,0.000323786,-0.0377755
312.761,371.5,0.239361,0.23616,0.000500583,-0.0390152
313.627,371,0.2406,0.237216,0.00068031,-0.0402072
314.493,370.5,0.241775,0.238188,0.000881084,-0.0414827
315.359,370,0.241525,0.237171,0.00148563,-0.0456313
316.225,369.5,0.241328,0.236056,0.00214115,-0.0501185
317.091,369,0.241892,0.235635,0.00284941,-0.0545853
317.957,368.5,0.244264,0.237228,0.00362861,-0.0580914
318.823,368,0.246656,0.238865,0.00448288,-0.0613393
319.689,367.5,0.249056,0.240544,0.00541221,-0.0643291
320.555,367,0.253463,0.244686,0.00581456,-0.0658655
321.421,366.5,0.25916,0.250222,0.00597152,-0.0672074
322.287,366,0.265495,0.256335,0.006089,-0.0688723
323.153,365.5,0.272471,0.263023,0.00616699,-0.0708602
324.019,365,0.280086,0.270288,0.0062055,-0.0731711
324.885,364.5,0.288341,0.278128,0.00620452,-0.0758051
325.751,364,0.295497,0.284173,0.00803383,-0.080619
326.617,363.5,0.299302,0.285924,0.0129207,-0.0875343
327.483,363,0.300078,0.284455,0.0185659,-0.0937427
328.349,362.5,0.300469,0.282078,0.0247146,-0.100512
329.215,362,0.300566,0.278794,0.0313668,-0.107844
330.081,361.5,0.300475,0.274602,0.0385224,-0.115736
330.947,361,0.301197,0.270752,0.0449266,-0.124073
331.813,360.5,0.311793,0.279783,0.040213,-0.131603
332.679,360,0.326128,0.292895,0.0350307,-0.139085
333.546,359.5,0.34422,0.310091,0.0293798,-0.14652
334.412,359,0.366106,0.331369,0.0232601,-0.153906
335.278,358.5,0.391834,0.356729,0.0166717,-0.161245
336.144,358,0.41898,0.383737,0.0108669,-0.167847
337.01,357.5,0.420978,0.384558,0.0472242,-0.164645
337.876,357,0.424448,0.383437,0.0989362,-0.152787
338.742,356.5,0.438473,0.387385,0.155568,-0.134127
339.608,356,0.464846,0.3964,0.217119,-0.108665
340.474,355.5,0.504735,0.410484,0.28359,-0.0764019
341.34,355,0.558562,0.429635,0.35498,-0.0373374
342.206,354.5,0.583873,0.431252,0.391003,-0.0452444
343.072,354,0.565517,0.393331,0.391563,-0.108528
343.938,353.5,0.550059,0.33421,0.403372,-0.16781
344.804,353,0.544124,0.253888,0.426429,-0.223093
345.67,352.5,0.546435,0.171704,0.443519,-0.269072
346.536,352,0.558651,0.110681,0.459584,-0.297697
347.402,351.5,0.559619,0.094221,0.470564,-0.287864
348.268,351,0.471886,0.254407,0.366434,-0.15388
349.134,350.5,0.467584,0.364136,0.290333,-0.0417946
350,350,0.490211,0.423409,0.24226,0.0483926
350.866,349.5,0.499814,0.432226,0.222215,0.116681
351.732,349,0.481811,0.390586,0.230199,0.163072
352.598,348.5,0.441753,0.29849,0.266212,0.187564
353.464,348,0.450133,0.245733,0.284674,0.247378
354.33,347.5,0.46663,0.197628,0.286553,0.310764
355.196,347,0.508369,0.22013,0.224579,0.399432
356.062,346.5,0.595477,0.291325,0.129647,0.502905
356.928,346,0.683286,0.337262,0.0558114,0.591624
357.794,345.5,0.755737,0.357942,0.00307412,0.665587
358.66,345,0.761776,0.342589,-0.0141228,0.680247
359.526,344.5,0.714361,0.305814,-0.00907915,0.645529
360.392,344,0.657134,0.261416,0.00164743,0.602897
361.258,343.5,0.590986,0.209395,0.0180569,0.552352
362.124,343,0.517657,0.149752,0.0401493,0.493894
362.99,342.5,0.440673,0.0824862,0.0679246,0.427522
363.856,342,0.373864,0.00939366,0.105118,0.358659
364.722,341.5,0.338938,-0.028566,0.118749,0.316167
365.588,341,0.303805,-0.044091,0.107642,0.280654
366.454,340.5,0.272537,-0.0608203,0.0991812,0.246456
367.321,340,0.246036,-0.0787537,0.0933658,0.213575
368.187,339.5,0.22549,-0.0978914,0.090196,0.18201
369.053,339,0.212253,-0.118233,0.0896719,0.151761
369.919,338.5,0.203547,-0.136739,0.0928894,0.118766
370.785,338,0.200221,-0.154308,0.0935292,0.0867751
371.651,337.5,0.201951,-0.171189,0.0911808,0.0562543
372.517,337,0.207897,-0.187382,0.0858443,0.0272041
373.383,336.5,0.217192,-0.202887,0.0775196,-0.000375548
374.249,336,0.215053,-0.200648,0.0710292,-0.0307062
375.115,335.5,0.20009,-0.181775,0.063171,-0.0547994
375.981,335,0.181748,-0.157695,0.053624,-0.0727273
376.847,334.5,0.166729,-0.133898,0.0448628,-0.0886412
377.713,334,0.155114,-0.110385,0.0368875,-0.102541
378.579,333.5,0.146873,-0.0871571,0.0296982,-0.114427
379.445,333,0.141831,-0.0642128,0.0232947,-0.124298
380.311,332.5,0.137455,-0.040437,0.0177723,-0.130165
381.177,332,0.131213,-0.0150361,0.0133684,-0.129662
382.043,331.5,0.129461,0.00830524,0.00986747,-0.128817
382.909,331,0.131217,0.029587,0.00726934,-0.127631
383.775,330.5,0.138809,0.0471107,0.00643022,-0.130411
384.641,330,0.14848,0.0627543,0.00608966,-0.134429
385.507,329.5,0.158272,0.0773205,0.00579165,-0.137978
386.373,329,0.162776,0.0912966,0.00549013,-0.134651
387.239,328.5,0.167618,0.104336,0.00521217,-0.131082
388.105,328,0.172795,0.116417,0.00495961,-0.127595
388.971,327.5,0.178078,0.127541,0.00473243,-0.124188
389.837,327,0.183281,0.137708,0.00453065,-0.120863
390.703,326.5,0.188249,0.146917,0.00435426,-0.117619
391.569,326,0.190634,0.153772,0.00429876,-0.112592
392.435,325.5,0.191856,0.159281,0.00429129,-0.106864
393.301,325,0.1937,0.164298,0.00421776,-0.102508
394.167,324.5,0.195731,0.169023,0.00413209,-0.0986146
395.033,324,0.19778,0.173484,0.00405111,-0.094887
395.899,323.5,0.199817,0.177681,0.00397483,-0.0913255
396.765,323,0.201292,0.181218,0.00388433,-0.0875393
397.631,322.5,0.201733,0.183765,0.00375802,-0.083141
398.497,322,0.202279,0.186195,0.00363469,-0.0789619
399.363,321.5,0.202911,0.188507,0.00351436,-0.0750021
400.229,321,0.203611,0.190703,0.00339702,-0.0712617
401.095,320.5,0.204363,0.192781,0.00328267,-0.0677405
401.962,320,0.20514,0.194732,0.00317104,-0.0644346
402.828,319.5,0.205664,0.196212,0.00306984,-0.0615563
403.694,319,0.206347,0.197734,0.00297613,-0.0589192
404.56,318.5,0.207032,0.19918,0.00288319,-0.0564026
405.426,318,0.207714,0.200551,0.00279104,-0.0540066
406.292,317.5,0.208388,0.201847,0.00269966,-0.0517312
407.158,317,0.209047,0.203067,0.00260907,-0.0495764
408.024,316.5,0.209331,0.203874,0.0025036,-0.0474201
408.89,316,0.20947,0.204495,0.0023939,-0.045314
409.756,315.5,0.209623,0.205087,0.00228718,-0.0433089
410.622,315,0.209787,0.205649,0.00218345,-0.0414045
411.488,314.5,0.20996,0.206181,0.00208269,-0.039601
412.354,314,0.210264,0.206791,0.00199606,-0.0380066
413.22,313.5,0.21045,0.207256,0.00191187,-0.0364758
414.086,313,0.210431,0.207495,0.00182759,-0.0349808
414.952,312.5,0.210431,0.207733,0.0017465,-0.0335438
415.818,312,0.210449,0.20797,0.00166858,-0.032165
416.684,311.5,0.210485,0.208207,0.00159384,-0.0308441
417.55,311,0.210537,0.208443,0.00152229,-0.0295813
418.416,310.5,0.21059,0.208664,0.00145372,-0.0283765
419.282,310,0.210469,0.208696,0.00138523,-0.0272241
420.148,309.5,0.210368,0.208736,0.00131948,-0.0261193
421.014,309,0.210286,0.208783,0.00125648,-0.025062
421.88,308.5,0.210403,0.209012,0.00120392,-0.0241201
422.746,308,0.210527,0.20924,0.0011533,-0.0232153
423.612,307.5,0.210652,0.20946,0.00110434,-0.0223453
424.478,307,0.210668,0.209563,0.0010567,-0.0215211
425.344,306.5,0.210654,0.209629,0.00101046,-0.0207297
426.21,306,0.210645,0.209694,0.000965711,-0.0199666
427.076,305.5,0.210642,0.20976,0.00092245,-0.0192319
427.942,305,0.210643,0.209825,0.000880678,-0.0185256
428.808,304.5,0.21065,0.209891,0.000840395,-0.0178477
429.674,304,0.210622,0.209916,0.000801884,-0.0172056
430.54,303.5,0.210551,0.209895,0.000765312,-0.0165983
431.406,303,0.210522,0.209909,0.000735031,-0.0160436
432.272,302.5,0.210499,0.209926,0.000705709,-0.0155059
433.138,302,0.210482,0.209946,0.000677344,-0.0149851
434.004,301.5,0.210469,0.209969,0.000649938,-0.0144812
434.87,301,0.210454,0.209987,0.000623548,-0.0139964
435.737,300.5,0.210389,0.209952,0.000598474,-0.0135426
436.603,300,0.21033,0.209921,0.000574241,-0.0131025
437.469,299.5,0.210277,0.209894,0.000550847,-0.0126762
438.335,299,0.21023,0.209871,0.000528294,-0.0122636
439.201,298.5,0.210189,0.209853,0.00050658,-0.0118648
440.067,298,0.210158,0.209844,0.000485832,-0.0114804
440.933,297.5,0.210141,0.209845,0.00046749,-0.0111275
441.799,297,0.210117,0.209839,0.000449805,-0.0107875
442.665,296.5,0.210095,0.209834,0.000432651,-0.0104571
443.531,296,0.210076,0.209831,0.00041603,-0.0101364
444.397,295.5,0.210059,0.209829,0.000399941,-0.00982525
445.263,295,0.210044,0.209828,0.000384384,-0.00952374
446.129,294.5,0.210016,0.209812,0.000369539,-0.00923798
446.995,294,0.209974,0.209783,0.000355331,-0.00896684
447.861,293.5,0.209936,0.209755,0.000341547,-0.00870349
448.727,293,0.2099,0.20973,0.000328188,-0.00844793
449.593,292.5,0.209869,0.209709,0.000315504,-0.00820138
450.459,292,0.209854,0.209702,0.000304541,-0.0079682
451.325,291.5,0.209836,0.209693,0.000294,-0.00774309
452.191,291,0.209801,0.209666,0.000284176,-0.00753273
453.057,290.5,0.209769,0.209641,0.000274607,-0.00732746
453.923,290,0.20974,0.209618,0.000265293,-0.00712726
454.789,289.5,0.209712,0.209597,0.000256235,-0.00693215
455.655,289,0.209687,0.209578,0.000247431,-0.00674212
456.521,288.5,0.209663,0.209561,0.000238883,-0.00655716
457.387,288,0.209628,0.209531,0.000230825,-0.00638452
458.253,287.5,0.209593,0.2095,0.000223039,-0.00621724
459.119,287,0.209563,0.209475,0.000215534,-0.00605442
459.985,286.5,0.209546,0.209463,0.000208399,-0.00589668
460.851,286,0.20953,0.209451,0.000201442,-0.00574273
461.717,285.5,0.209516,0.209441,0.000194663,-0.00559256
462.583,285,0.209495,0.209424,0.000188215,-0.00545034
463.449,284.5,0.20947,0.209403,0.000182062,-0.00531481
464.315,284,0.209446,0.209382,0.000176076,-0.00518237
465.181,283.5,0.209424,0.209363,0.000170257,-0.00505303
466.047,283,0.209403,0.209345,0.000164606,-0.00492678
466.913,282.5,0.209383,0.209328,0.000159122,-0.00480362
467.779,282,0.209362,0.20931,0.000153833,-0.00468489
468.645,281.5,0.209337,0.209287,0.000148939,-0.00457372
469.512,281,0.209319,0.209271,0.000144568,-0.00446575
470.378,280.5,0.209302,0.209256,0.000140304,-0.00436
471.244,280,0.209285,0.209242,0.000136147,-0.00425645
472.11,279.5,0.20927,0.209228,0.000132096,-0.00415512
472.976,279,0.209255,0.209216,0.000128152,-0.004056
473.842,278.5,0.209235,0.209197,0.000124472,-0.0039637
474.708,278,0.209215,0.209179,0.000120887,-0.00387369
475.574,277.5,0.209196,0.209161,0.000117379,-0.00378554
476.44,277,0.209178,0.209145,0.000113951,-0.00369925
477.306,276.5,0.209161,0.209129,0.000110602,-0.00361483
478.172,276,0.209146,0.209116,0.000107344,-0.00353247
479.038,275.5,0.209133,0.209104,0.000104259,-0.00345455
