x,v,vx,vy,vz
220.096,425,0.208716,0.208619,-4.19049e-05,-0.00636916
220.962,424.5,0.208729,0.208628,-4.27122e-05,-0.00649314
221.828,424,0.208738,0.208633,-4.33443e-05,-0.00662212
222.694,423.5,0.20875,0.208641,-4.29872e-05,-0.00675393
223.56,423,0.208767,0.208654,-4.22526e-05,-0.00688558
224.426,422.5,0.208787,0.208669,-4.14927e-05,-0.00701913
225.292,422,0.208809,0.208686,-4.07075e-05,-0.00715456
226.158,421.5,0.208833,0.208706,-3.98969e-05,-0.00729189
227.024,421,0.208858,0.208726,-3.90138e-05,-0.00743202
227.89,420.5,0.208872,0.208734,-3.75799e-05,-0.00758442
228.756,420,0.208887,0.208744,-3.61232e-05,-0.0077391
229.622,419.5,0.208906,0.208756,-3.46437e-05,-0.00789604
230.488,419,0.208926,0.208771,-3.31414e-05,-0.00805525
231.355,418.5,0.208949,0.208788,-3.16163e-05,-0.00821674
232.221,418,0.208974,0.208806,-3.1729e-05,-0.00838211
233.087,417.5,0.208989,0.208814,-3.15764e-05,-0.00855904
233.953,417,0.209003,0.20882,-3.12667e-05,-0.00874175
234.819,416.5,0.209019,0.208828,-3.11115e-05,-0.0089278
235.685,416,0.209037,0.208838,-3.11106e-05,-0.00911719
236.551,415.5,0.209058,0.20885,-3.12642e-05,-0.00930994
237.417,415,0.209081,0.208864,-3.15722e-05,-0.00950603
238.283,414.5,0.209095,0.208869,-3.15597e-05,-0.00971356
239.149,414,0.209097,0.208861,-3.11366e-05,-0.0099349
240.015,413.5,0.209102,0.208855,-3.08804e-05,-0.0101605
240.881,413,0.209109,0.208851,-3.0791e-05,-0.0103904
241.747,412.5,0.209142,0.208873,-2.81091e-05,-0.0106113
242.613,412,0.209186,0.208906,-2.45882e-05,-0.0108317
243.479,411.5,0.209232,0.208939,-2.06279e-05,-0.0110573
244.345,411,0.209262,0.208957,-1.43512e-05,-0.0112992
245.211,410.5,0.209298,0.208979,-7.858e-06,-0.011545
246.077,410,0.209339,0.209007,-1.1483e-06,-0.0117947
246.943,409.5,0.209386,0.209039,5.7779e-06,-0.0120484
247.809,409,0.209438,0.209076,1.29206e-05,-0.0123059
248.675,408.5,0.209495,0.209118,2.02798e-05,-0.0125674
249.541,408,0.209522,0.209127,2.96747e-05,-0.0128564
250.407,407.5,0.209547,0.209134,3.97189e-05,-0.0131552
251.273,407,0.209565,0.209132,4.37885e-05,-0.0134663
252.139,406.5,0.209586,0.209132,4.64184e-05,-0.0137852
253.005,406,0.209611,0.209136,4.87175e-05,-0.0141107
253.871,405.5,0.209641,0.209143,5.06858e-05,-0.0144427
254.737,405,0.209658,0.209136,5.51937e-05,-0.0147909
255.603,404.5,0.209663,0.209115,6.21387e-05,-0.0151558
256.469,404,0.209674,0.209098,6.87429e-05,-0.0155284
257.335,403.5,0.20969,0.209086,7.50064e-05,-0.0159089
258.201,403,0.209712,0.209078,8.09293e-05,-0.0162971
259.067,402.5,0.20974,0.209074,8.65115e-05,-0.016693
259.933,402,0.209757,0.209058,9.26965e-05,-0.017107
260.799,401.5,0.209785,0.20905,0.000113306,-0.0175348
261.665,401,0.209829,0.209059,0.000135676,-0.0179662
262.531,400.5,0.209885,0.209076,0.000158734,-0.018405
263.397,400,0.209951,0.209103,0.00018248,-0.0188512
264.263,399.5,0.210027,0.209138,0.000206915,-0.0193048
265.13,399,0.210114,0.209182,0.000232037,-0.0197659
265.996,398.5,0.210168,0.209189,0.000269177,-0.0202538
266.862,398,0.210228,0.209201,0.000309074,-0.0207541
267.728,397.5,0.210302,0.209223,0.000350201,-0.021264
268.594,397,0.210389,0.209258,0.000392558,-0.0217837
269.46,396.5,0.21049,0.209303,0.000436144,-0.0223132
270.326,396,0.210565,0.20932,0.000459464,-0.0228649
271.192,395.5,0.210564,0.20925,0.000488414,-0.0234815
272.058,395,0.210506,0.209115,0.000522343,-0.0241547
272.924,394.5,0.21046,0.208988,0.000556173,-0.0248447
273.79,394,0.210425,0.208868,0.000589905,-0.0255514
274.656,393.5,0.210402,0.208755,0.000623539,-0.0262748
275.522,393,0.210391,0.208649,0.000657073,-0.0270149
276.388,392.5,0.210371,0.208529,0.000697439,-0.027774
277.254,392,0.210304,0.208354,0.000758909,-0.0285578
278.12,391.5,0.210253,0.208191,0.000820833,-0.0293603
278.986,391,0.210225,0.208045,0.000884228,-0.0301789
279.852,390.5,0.210371,0.208082,0.000980819,-0.0309328
280.718,390,0.210544,0.208141,0.00108024,-0.0317038
281.584,389.5,0.210745,0.208221,0.00118251,-0.0324918
282.45,389,0.210677,0.207996,0.00131238,-0.0334806
283.316,388.5,0.210614,0.207763,0.0014478,-0.0345055
284.182,388,0.210576,0.207547,0.00158705,-0.0355538
285.048,387.5,0.210564,0.207347,0.00173013,-0.0366254
285.914,387,0.210578,0.207163,0.00187705,-0.0377204
286.78,386.5,0.210617,0.206995,0.00202781,-0.0388387
287.646,386,0.210592,0.206753,0.00222113,-0.0399649
288.512,385.5,0.21054,0.206473,0.00243841,-0.041108
289.378,385,0.210497,0.206197,0.00261313,-0.0422479
290.244,384.5,0.210503,0.205959,0.00279076,-0.0434136
291.11,384,0.21056,0.20576,0.00297128,-0.0446052
291.976,383.5,0.210667,0.205599,0.00315469,-0.0458227
292.842,383,0.210629,0.205245,0.00335725,-0.0471986
293.708,382.5,0.210184,0.204381,0.00360077,-0.0489161
294.574,382,0.209779,0.203529,0.00384883,-0.0506801
295.44,381.5,0.209414,0.202687,0.0041014,-0.0524908
296.306,381,0.209091,0.201857,0.00435851,-0.0543481
297.172,380.5,0.20881,0.201037,0.00462015,-0.056252
298.038,380,0.208607,0.200269,0.00489634,-0.0581821
298.905,379.5,0.208508,0.199664,0.00534144,-0.0598443
299.771,379,0.208486,0.199104,0.00579511,-0.0615676
300.637,378.5,0.208544,0.19859,0.00625627,-0.063354
301.503,378,0.208683,0.198121,0.00672493,-0.0652035
302.369,377.5,0.208904,0.197698,0.0072011,-0.0671162
303.235,377,0.209209,0.197321,0.00768476,-0.069092
304.101,376.5,0.208756,0.19582,0.00827529,-0.0718695
304.967,376,0.208016,0.193775,0.00892771,-0.075115
305.833,375.5,0.207404,0.191741,0.00959556,-0.0784833
306.699,375,0.206928,0.18972,0.0102789,-0.0819745
307.565,374.5,0.206642,0.187806,0.0109596,-0.0854971
308.431,374,0.206656,0.186252,0.0115913,-0.088785
309.297,373.5,0.206704,0.184751,0.0122206,-0.0918921
310.163,373,0.206898,0.183531,0.0128247,-0.0946512
311.029,372.5,0.207476,0.182634,0.0134288,-0.0975241
311.895,372,0.208436,0.182061,0.0140329,-0.100511
312.761,371.5,0.209774,0.181812,0.014637,-0.103611
313.627,371,0.211488,0.181888,0.0152412,-0.106825
314.493,370.5,0.213455,0.182069,0.0158808,-0.110282
315.359,370,0.213325,0.17785,0.017277,-0.116527
316.225,369.5,0.213512,0.173567,0.0187207,-0.122928
317.091,369,0.21395,0.169181,0.0202323,-0.129394
317.957,368.5,0.214596,0.164732,0.0218612,-0.135782
318.823,368,0.215708,0.160371,0.0235655,-0.142323
319.689,367.5,0.217291,0.156099,0.0253451,-0.149017
320.555,367,0.220382,0.153923,0.0255174,-0.155643
321.421,366.5,0.224476,0.152753,0.024996,-0.162577
322.287,366,0.229216,0.151879,0.024376,-0.169937
323.153,365.5,0.234599,0.151299,0.0236574,-0.177723
324.019,365,0.240623,0.151016,0.0228401,-0.185936
324.885,364.5,0.247284,0.151027,0.0219243,-0.194575
325.751,364,0.253464,0.145909,0.0240744,-0.205851
326.617,363.5,0.260671,0.135571,0.0308815,-0.22049
327.483,363,0.270376,0.13,0.0378482,-0.234031
328.349,362.5,0.280165,0.124726,0.0452334,-0.246758
329.215,362,0.289937,0.11975,0.0530372,-0.258671
330.081,361.5,0.299616,0.115072,0.0612595,-0.269769
330.947,361,0.312616,0.113144,0.0679829,-0.283382
331.813,360.5,0.35881,0.13572,0.0568359,-0.327253
332.679,360,0.40977,0.163208,0.0436546,-0.373321
333.546,359.5,0.465625,0.195609,0.0284388,-0.421587
334.412,359,0.526506,0.232922,0.0111887,-0.472049
335.278,358.5,0.592529,0.275148,-0.00809591,-0.524708
336.144,358,0.653717,0.317377,-0.0257313,-0.570925
337.01,357.5,0.669023,0.336417,0.00560205,-0.578259
337.876,357,0.677382,0.363236,0.0481442,-0.569727
338.742,356.5,0.689551,0.403977,0.08999,-0.551529
339.608,356,0.708361,0.458642,0.131139,-0.523666
340.474,355.5,0.73739,0.52723,0.171592,-0.486138
341.34,355,0.780463,0.60974,0.211349,-0.438944
342.206,354.5,0.801265,0.674186,0.234513,-0.364009
343.072,354,0.796993,0.696898,0.254634,-0.29102
343.938,353.5,0.805903,0.706505,0.295011,-0.251595
344.804,353,0.825279,0.703005,0.355645,-0.245736
345.67,352.5,0.821949,0.665311,0.415681,-0.2453
346.536,352,0.790746,0.60204,0.462306,-0.221587
347.402,351.5,0.746661,0.537058,0.492729,-0.16214
348.268,351,0.614397,0.450212,0.414678,0.0532492
349.134,350.5,0.54963,0.362347,0.355352,0.211004
350,350,0.520241,0.273464,0.314752,0.311125
350.866,349.5,0.494483,0.183562,0.292878,0.353611
351.732,349,0.455063,0.0926405,0.289728,0.338463
352.598,348.5,0.404719,0.000700635,0.305305,0.26568
353.464,348,0.39528,-0.0744017,0.316596,0.224671
354.33,347.5,0.408471,-0.13201,0.308585,0.232802
355.196,347,0.464171,-0.157018,0.261057,0.350213
356.062,346.5,0.576898,-0.159036,0.191261,0.520517
356.928,346,0.696703,-0.155516,0.122784,0.667932
357.794,345.5,0.807797,-0.146459,0.055625,0.792459
358.66,345,0.857775,-0.11547,0.0231772,0.849652
359.526,344.5,0.861875,-0.0745265,0.0204712,0.858403
360.392,344,0.864026,-0.0414616,0.0171913,0.86286
361.258,343.5,0.863278,-0.0162751,0.0133375,0.863022
362.124,343,0.858936,0.00103298,0.00890977,0.85889
362.99,342.5,0.850536,0.0104626,0.00390814,0.850462
363.856,342,0.833506,0.0118798,-0.00124354,0.83342
364.722,341.5,0.799222,6.08881e-05,-0.00686414,0.799193
365.588,341,0.766049,-0.01718,-0.0130782,0.765745
366.454,340.5,0.734255,-0.0335078,-0.0184716,0.733257
367.321,340,0.703811,-0.0489225,-0.0230442,0.701731
368.187,339.5,0.674688,-0.0634241,-0.0267962,0.671165
369.053,339,0.646849,-0.0770125,-0.0297274,0.64156
369.919,338.5,0.622726,-0.0816841,-0.0290326,0.616662
370.785,338,0.59995,-0.0854685,-0.0281588,0.593163
371.651,337.5,0.57824,-0.0893219,-0.0274749,0.570639
372.517,337,0.557604,-0.0932441,-0.0269809,0.54909
373.383,336.5,0.538048,-0.0972351,-0.0266768,0.528516
374.249,336,0.521835,-0.101993,-0.0260529,0.511107
375.115,335.5,0.503803,-0.106811,-0.0254833,0.491691
375.981,335,0.483914,-0.111178,-0.0250118,0.470305
376.847,334.5,0.464692,-0.115137,-0.024503,0.449535
377.713,334,0.446127,-0.118688,-0.0239569,0.429381
378.579,333.5,0.428206,-0.121831,-0.0233733,0.409843
379.445,333,0.410918,-0.124565,-0.0227524,0.390921
380.311,332.5,0.393807,-0.12556,-0.0221446,0.372597
381.177,332,0.375994,-0.12262,-0.021705,0.354774
382.043,331.5,0.358612,-0.119426,-0.0213353,0.337468
382.909,331,0.341655,-0.115977,-0.0210354,0.320679
383.775,330.5,0.325765,-0.114548,-0.0214095,0.30421
384.641,330,0.310423,-0.113847,-0.0219815,0.287955
385.507,329.5,0.295355,-0.112999,-0.0224973,0.271955
386.373,329,0.279007,-0.109477,-0.0225837,0.255636
387.239,328.5,0.262884,-0.105856,-0.0225948,0.239566
388.105,328,0.247065,-0.102262,-0.0225486,0.223775
388.971,327.5,0.231553,-0.0986944,-0.0224452,0.208261
389.837,327,0.216355,-0.0951538,-0.0222845,0.193025
390.703,326.5,0.201476,-0.0916399,-0.0220665,0.178067
391.569,326,0.186287,-0.0862908,-0.0217816,0.163653
392.435,325.5,0.171138,-0.0800069,-0.0214423,0.149757
393.301,325,0.158393,-0.074863,-0.0211454,0.137973
394.167,324.5,0.146467,-0.0700367,-0.0208431,0.126937
395.033,324,0.134786,-0.0652342,-0.0205126,0.116151
395.899,323.5,0.123351,-0.0604557,-0.0201538,0.105614
396.765,323,0.112048,-0.0550229,-0.0196849,0.095602
397.631,322.5,0.100761,-0.0482429,-0.0190317,0.0863899
398.497,322,0.0897461,-0.0415485,-0.0183726,0.0773986
399.363,321.5,0.0790199,-0.0349398,-0.0177074,0.068628
400.229,321,0.0686085,-0.0284167,-0.0170362,0.0600782
401.095,320.5,0.0585549,-0.0219793,-0.016359,0.0517491
401.962,320,0.0489347,-0.0156188,-0.0156733,0.0436464
402.828,319.5,0.0402537,-0.00895783,-0.0149011,0.0363053
403.694,319,0.0325478,-0.00252382,-0.0141678,0.0291936
404.56,318.5,0.026325,0.00377155,-0.0134425,0.0223177
405.426,318,0.0225008,0.00992827,-0.0127253,0.0156775
406.292,317.5,0.0220151,0.0159464,-0.0120161,0.0092732
407.158,317,0.0247797,0.0218258,-0.0113149,0.00310465
408.024,316.5,0.0302422,0.0282586,-0.0105801,-0.00202541
408.89,316,0.0367782,0.0348169,-0.00983755,-0.00660631
409.756,315.5,0.0435942,0.0411897,-0.00910587,-0.0109974
410.622,315,0.0504569,0.0473771,-0.00838509,-0.0151988
411.488,314.5,0.0572473,0.0533789,-0.00767522,-0.0192104
412.354,314,0.0633883,0.0586554,-0.0071614,-0.022942
413.22,313.5,0.0693373,0.063832,-0.00664048,-0.0262496
414.086,313,0.075107,0.0690183,-0.00607609,-0.0289935
414.952,312.5,0.0807274,0.0740703,-0.00552712,-0.031622
415.818,312,0.0861931,0.078988,-0.00499356,-0.0341352
416.684,311.5,0.0915005,0.0837714,-0.00447542,-0.036533
417.55,311,0.096647,0.0884206,-0.00397269,-0.0388156
418.416,310.5,0.101623,0.0929533,-0.00348644,-0.040923
419.282,310,0.106331,0.0976028,-0.00303134,-0.0420809
420.148,309.5,0.110888,0.10211,-0.0025925,-0.0431612
421.014,309,0.115291,0.106475,-0.00216991,-0.0441639
421.88,308.5,0.119556,0.110622,-0.00185787,-0.0453106
422.746,308,0.123686,0.114641,-0.00156077,-0.0464019
423.612,307.5,0.127678,0.118535,-0.00127549,-0.0474307
424.478,307,0.131313,0.12224,-0.0010021,-0.0479523
425.344,306.5,0.13476,0.12581,-0.000741281,-0.048285
426.21,306,0.138096,0.129268,-0.000493128,-0.0485796
427.076,305.5,0.14132,0.132614,-0.000257636,-0.0488362
427.942,305,0.144432,0.135847,-3.48047e-05,-0.0490548
428.808,304.5,0.147432,0.138968,0.000175365,-0.0492353
429.674,304,0.150221,0.141962,0.000358322,-0.0491228
430.54,303.5,0.152787,0.144827,0.000510013,-0.0486702
431.406,303,0.155206,0.14745,0.000622234,-0.0484469
432.272,302.5,0.157556,0.149997,0.000728661,-0.0482133
433.138,302,0.159838,0.152468,0.000829294,-0.0479697
434.004,301.5,0.16205,0.154863,0.000924133,-0.0477159
434.87,301,0.164159,0.157162,0.00101096,-0.0474061
435.737,300.5,0.16597,0.159242,0.00107655,-0.0467631
436.603,300,0.167728,0.161257,0.00113752,-0.0461255
437.469,299.5,0.169435,0.163209,0.00119386,-0.0454933
438.335,299,0.171089,0.165096,0.00124557,-0.0448667
439.201,298.5,0.172689,0.16692,0.00129266,-0.0442456
440.067,298,0.174249,0.168689,0.00133404,-0.0436495
440.933,297.5,0.175731,0.170386,0.00134427,-0.0429924
441.799,297,0.177137,0.17201,0.00134871,-0.0422876
442.665,296.5,0.178506,0.173586,0.0013516,-0.0415969
443.531,296,0.179836,0.175113,0.00135294,-0.0409203
444.397,295.5,0.181128,0.176592,0.00135273,-0.0402577
445.263,295,0.18238,0.178022,0.00135097,-0.0396091
446.129,294.5,0.183499,0.179329,0.00134234,-0.0388734
446.995,294,0.184491,0.180519,0.00132714,-0.0380516
447.861,293.5,0.185455,0.181671,0.00131102,-0.0372503
448.727,293,0.186392,0.182785,0.00129399,-0.0364694
449.593,292.5,0.187304,0.18386,0.00127736,-0.0357317
450.459,292,0.188214,0.184902,0.00126722,-0.0351328
451.325,291.5,0.189076,0.185894,0.00125518,-0.0345191
452.191,291,0.189803,0.186767,0.0012361,-0.0337918
453.057,290.5,0.190514,0.187616,0.00121687,-0.0330818
453.923,290,0.19121,0.188443,0.0011975,-0.0323889
454.789,289.5,0.191889,0.189246,0.00117798,-0.0317133
455.655,289,0.192551,0.190027,0.00115832,-0.0310549
456.521,288.5,0.193197,0.190784,0.00113852,-0.0304137
457.387,288,0.19372,0.191426,0.00111493,-0.0297024
458.253,287.5,0.194215,0.192035,0.00109096,-0.0289961
459.119,287,0.194719,0.192644,0.00106737,-0.0283298
459.985,286.5,0.195283,0.193298,0.00104454,-0.0277537
460.851,286,0.195833,0.193934,0.00102192,-0.027192
461.717,285.5,0.196371,0.194552,0.00099952,-0.0266447
462.583,285,0.196843,0.195107,0.000975473,-0.0260718
463.449,284.5,0.197263,0.195609,0.000950265,-0.025481
464.315,284,0.197675,0.196098,0.000925492,-0.0249054
465.181,283.5,0.198078,0.196574,0.000901152,-0.024345
466.047,283,0.198471,0.197037,0.000877246,-0.0237999
466.913,282.5,0.198856,0.197488,0.000853775,-0.02327
467.779,282,0.199213,0.197909,0.000830187,-0.0227438
468.645,281.5,0.19951,0.198268,0.000806998,-0.0222107
469.512,281,0.19982,0.198633,0.000788636,-0.0217311
470.378,280.5,0.200124,0.19899,0.00077062,-0.0212628
471.244,280,0.200424,0.19934,0.00075295,-0.020806
472.11,279.5,0.200718,0.199682,0.000735624,-0.0203605
472.976,279,0.201008,0.200016,0.000718644,-0.0199263
473.842,278.5,0.201236,0.20029,0.000700702,-0.0194723
474.708,278,0.201456,0.200555,0.000683006,-0.0190266
475.574,277.5,0.201673,0.200814,0.000665675,-0.0185923
476.44,277,0.201887,0.201067,0.000648709,-0.0181692
477.306,276.5,0.202098,0.201316,0.000632108,-0.0177575
478.172,276,0.202321,0.201573,0.000615762,-0.0173702
479.038,275.5,0.202538,0.201823,0.000599033,-0.0170038
