x,v,vx,vy,vz
220.096,425,0.209548,0.209532,-6.85631e-05,-0.00254469
220.962,424.5,0.209576,0.20956,-7.02042e-05,-0.00259308
221.828,424,0.209604,0.209587,-7.18934e-05,-0.00264376
222.694,423.5,0.209634,0.209616,-7.35774e-05,-0.00269656
223.56,423,0.209665,0.209647,-7.52413e-05,-0.00274944
224.426,422.5,0.209697,0.209679,-7.69242e-05,-0.00280298
225.292,422,0.209731,0.209711,-7.86262e-05,-0.00285718
226.158,421.5,0.209765,0.209745,-8.03474e-05,-0.00291205
227.024,421,0.2098,0.209779,-8.21e-05,-0.00296806
227.89,420.5,0.209834,0.209813,-8.40262e-05,-0.00303013
228.756,420,0.20987,0.209847,-8.60039e-05,-0.00309301
229.622,419.5,0.209906,0.209882,-8.8033e-05,-0.00315671
230.488,419,0.209944,0.209919,-9.01135e-05,-0.00322121
231.355,418.5,0.209982,0.209957,-9.22455e-05,-0.00328652
232.221,418,0.210024,0.209997,-9.46205e-05,-0.00335166
233.087,417.5,0.210065,0.210038,-9.70479e-05,-0.00342204
233.953,417,0.210108,0.210079,-9.95214e-05,-0.00349491
234.819,416.5,0.210152,0.210122,-0.000102063,-0.00356886
235.685,416,0.210198,0.210166,-0.000104674,-0.00364388
236.551,415.5,0.210245,0.210212,-0.000107352,-0.00371997
237.417,415,0.210293,0.210258,-0.000110099,-0.00379714
238.283,414.5,0.21034,0.210305,-0.000113015,-0.00387964
239.149,414,0.210387,0.21035,-0.000116107,-0.00396863
240.015,413.5,0.210435,0.210396,-0.000119247,-0.00405907
240.881,413,0.210485,0.210444,-0.000122435,-0.00415097
241.747,412.5,0.210542,0.210499,-0.000125558,-0.00423999
242.613,412,0.210602,0.210557,-0.000128739,-0.00432887
243.479,411.5,0.210664,0.210618,-0.000132005,-0.00442002
244.345,411,0.210727,0.210679,-0.000135286,-0.00452004
245.211,410.5,0.210793,0.210743,-0.000138625,-0.00462135
246.077,410,0.210862,0.210809,-0.000142022,-0.00472395
246.943,409.5,0.210933,0.210878,-0.000145476,-0.00482784
247.809,409,0.211007,0.21095,-0.000148988,-0.00493303
248.675,408.5,0.211084,0.211024,-0.000152558,-0.00503951
249.541,408,0.211157,0.211094,-0.000156716,-0.00515997
250.407,407.5,0.211232,0.211166,-0.000161118,-0.00528476
251.273,407,0.211307,0.211238,-0.000165917,-0.00541209
252.139,406.5,0.211383,0.211311,-0.00017085,-0.00554196
253.005,406,0.211462,0.211386,-0.000175865,-0.00567426
253.871,405.5,0.211543,0.211463,-0.00018096,-0.005809
254.737,405,0.211626,0.211542,-0.000185911,-0.00595247
255.603,404.5,0.211712,0.211624,-0.000190762,-0.00610486
256.469,404,0.211801,0.211708,-0.000195743,-0.00626021
257.335,403.5,0.211892,0.211794,-0.000200856,-0.00641853
258.201,403,0.211985,0.211883,-0.0002061,-0.00657981
259.067,402.5,0.212081,0.211974,-0.000211475,-0.00674405
259.933,402,0.212177,0.212064,-0.000217155,-0.00691728
260.799,401.5,0.212292,0.212173,-0.000223824,-0.00709909
261.665,401,0.212417,0.212292,-0.000230789,-0.00728066
262.531,400.5,0.212548,0.212416,-0.000238041,-0.00746396
263.397,400,0.212685,0.212548,-0.000245581,-0.00764902
264.263,399.5,0.212829,0.212685,-0.000253409,-0.00783581
265.13,399,0.21298,0.212828,-0.000261525,-0.00802434
265.996,398.5,0.213146,0.212987,-0.0002684,-0.00822848
266.862,398,0.213323,0.213156,-0.00027518,-0.0084369
267.728,397.5,0.213509,0.213334,-0.000282064,-0.00864774
268.594,397,0.213706,0.213522,-0.000289053,-0.008861
269.46,396.5,0.213912,0.213719,-0.000296146,-0.00907666
270.326,396,0.214079,0.213876,-0.000303398,-0.0093129
271.192,395.5,0.214225,0.214011,-0.0003127,-0.00958651
272.058,395,0.214357,0.214129,-0.000323513,-0.00989336
272.924,394.5,0.214493,0.21425,-0.000334394,-0.0102097
273.79,394,0.214633,0.214374,-0.000345341,-0.0105355
274.656,393.5,0.214776,0.2145,-0.000356355,-0.0108707
275.522,393,0.214922,0.214629,-0.000367436,-0.0112154
276.388,392.5,0.21508,0.214768,-0.000377383,-0.0115718
277.254,392,0.215262,0.21493,-0.000383873,-0.011944
278.12,391.5,0.215449,0.215095,-0.000390574,-0.0123253
278.986,391,0.215644,0.215269,-0.000397543,-0.0127128
279.852,390.5,0.21601,0.215617,-0.000406313,-0.0130182
280.718,390,0.216403,0.215991,-0.00041495,-0.0133269
281.584,389.5,0.216821,0.216391,-0.000423456,-0.0136387
282.45,389,0.217162,0.216704,-0.000437508,-0.0140858
283.316,388.5,0.217517,0.21703,-0.00045308,-0.0145423
284.182,388,0.217893,0.217375,-0.000469816,-0.014999
285.048,387.5,0.218288,0.21774,-0.000487717,-0.0154559
285.914,387,0.218704,0.218124,-0.000506783,-0.0159129
286.78,386.5,0.219141,0.218528,-0.000527013,-0.0163701
287.646,386,0.219692,0.219046,-0.00053512,-0.0168262
288.512,385.5,0.220315,0.219634,-0.000533992,-0.0172968
289.378,385,0.220725,0.22,-0.000526649,-0.0178674
290.244,384.5,0.221141,0.22037,-0.000519462,-0.0184471
291.11,384,0.221563,0.220743,-0.000512432,-0.0190359
291.976,383.5,0.22199,0.221119,-0.000505559,-0.0196337
292.842,383,0.222335,0.221401,-0.000501604,-0.0203482
293.708,382.5,0.222486,0.221459,-0.00050224,-0.0213432
294.574,382,0.222644,0.221515,-0.000500187,-0.0223874
295.44,381.5,0.222811,0.221569,-0.000495447,-0.0234807
296.306,381,0.222986,0.221622,-0.000488018,-0.0246231
297.172,380.5,0.223171,0.221673,-0.000477901,-0.0258147
298.038,380,0.22346,0.221823,-0.000467959,-0.0269925
298.905,379.5,0.224588,0.222885,-0.000436348,-0.0275952
299.771,379,0.225843,0.224072,-0.000398781,-0.0282248
300.637,378.5,0.227224,0.22538,-0.000355587,-0.028884
301.503,378,0.22873,0.22681,-0.000306764,-0.0295727
302.369,377.5,0.230361,0.228361,-0.000252314,-0.030291
303.235,377,0.232118,0.230034,-0.000192235,-0.0310389
304.101,376.5,0.233389,0.231131,-0.000119662,-0.0323847
304.967,376,0.234434,0.231956,-4.19791e-05,-0.033993
305.833,375.5,0.235534,0.232831,3.67775e-05,-0.0355832
306.699,375,0.23669,0.233755,0.000116608,-0.0371554
307.565,374.5,0.237671,0.234487,0.000210052,-0.0387734
308.431,374,0.237872,0.234367,0.000360763,-0.0406821
309.297,373.5,0.238507,0.23469,0.000551427,-0.0424937
310.163,373,0.239938,0.235881,0.000788002,-0.0439283
311.029,372.5,0.241469,0.237178,0.00103025,-0.0453054
311.895,372,0.243098,0.238581,0.00127817,-0.046625
312.761,371.5,0.244824,0.24009,0.00153177,-0.0478871
313.627,371,0.246646,0.241704,0.00179103,-0.0490917
314.493,370.5,0.248459,0.243287,0.00207844,-0.0503876
315.359,370,0.248147,0.241984,0.00286666,-0.0548859
316.225,369.5,0.247847,0.240532,0.00371624,-0.059655
317.091,369,0.248153,0.23959,0.00463248,-0.0644598
317.957,368.5,0.249988,0.240313,0.00563242,-0.0686417
318.823,368,0.251887,0.241093,0.00670739,-0.0726381
319.689,367.5,0.253841,0.241928,0.00785737,-0.076449
320.555,367,0.25821,0.245799,0.00827732,-0.0786572
321.421,366.5,0.263805,0.251054,0.00836026,-0.0805925
322.287,366,0.269806,0.256636,0.00838409,-0.0828429
323.153,365.5,0.276214,0.262545,0.0083488,-0.0854085
324.019,365,0.28303,0.26878,0.00825439,-0.0882893
324.885,364.5,0.290256,0.275342,0.00810087,-0.0914854
325.751,364,0.296408,0.279678,0.0100434,-0.0976593
326.617,363.5,0.300616,0.280461,0.015485,-0.107106
327.483,363,0.303151,0.279624,0.0219464,-0.115017
328.349,362.5,0.304697,0.277286,0.0291452,-0.122896
329.215,362,0.305355,0.273446,0.0370815,-0.130744
330.081,361.5,0.305241,0.268103,0.0457552,-0.138561
330.947,361,0.305787,0.262996,0.0534752,-0.146558
331.813,360.5,0.320696,0.27578,0.0460482,-0.157071
332.679,360,0.341449,0.294412,0.0376429,-0.168795
333.546,359.5,0.368125,0.318893,0.0282594,-0.181728
334.412,359,0.400802,0.349222,0.0178976,-0.195872
335.278,358.5,0.439536,0.3854,0.00655757,-0.211225
336.144,358,0.477363,0.420913,-0.0037809,-0.225151
337.01,357.5,0.470346,0.416705,0.0406072,-0.21432
337.876,357,0.46456,0.411129,0.100729,-0.191423
338.742,356.5,0.472912,0.413546,0.162742,-0.16168
339.608,356,0.496745,0.423956,0.226647,-0.125092
340.474,355.5,0.536539,0.44236,0.292443,-0.0816586
341.34,355,0.591957,0.468758,0.360131,-0.0313798
342.206,354.5,0.611917,0.471411,0.388625,-0.0344179
343.072,354,0.581884,0.424916,0.38421,-0.102073
343.938,353.5,0.55975,0.356987,0.396808,-0.168593
344.804,353,0.555159,0.267626,0.426418,-0.233978
345.67,352.5,0.5664,0.173548,0.454385,-0.290215
346.536,352,0.588697,0.0989647,0.480782,-0.324991
347.402,351.5,0.591555,0.0721629,0.499023,-0.309363
348.268,351,0.4688,0.228368,0.389288,-0.126791
349.134,350.5,0.453046,0.331202,0.30859,0.0181206
350,350,0.476064,0.380667,0.256928,0.125371
350.866,349.5,0.484619,0.376761,0.234302,0.194961
351.732,349,0.459883,0.319485,0.240713,0.22689
352.598,348.5,0.410839,0.208838,0.27616,0.221158
353.464,348,0.389127,0.105578,0.297514,0.227505
354.33,347.5,0.382008,0.00294695,0.300167,0.236266
355.196,347,0.381517,-0.013752,0.238056,0.297818
356.062,346.5,0.424055,0.0365712,0.143967,0.397188
356.928,346,0.491632,0.0694103,0.0708722,0.481519
357.794,345.5,0.557612,0.0847654,0.0187699,0.550811
358.66,345,0.583386,0.0774384,0.0122177,0.578095
359.526,344.5,0.578525,0.0615461,0.0312382,0.574394
360.392,344,0.570284,0.0459311,0.0484923,0.566359
361.258,343.5,0.558511,0.0305934,0.06398,0.553991
362.124,343,0.5431,0.015533,0.0777013,0.537289
362.99,342.5,0.523981,0.000749888,0.0896563,0.516253
363.856,342,0.507736,-0.0118799,0.103662,0.496899
364.722,341.5,0.50164,-0.0144909,0.10117,0.491118
365.588,341,0.485979,-0.0166266,0.0808918,0.478911
366.454,340.5,0.469245,-0.0215252,0.0635737,0.46442
367.321,340,0.451289,-0.0291867,0.0492159,0.447647
368.187,339.5,0.432076,-0.039611,0.0378186,0.428591
369.053,339,0.411711,-0.0527982,0.0293816,0.407253
369.919,338.5,0.381535,-0.0725971,0.0224077,0.373894
370.785,338,0.352973,-0.092734,0.0155777,0.340217
371.651,337.5,0.327587,-0.11262,0.00891904,0.30749
372.517,337,0.305802,-0.132255,0.00243188,0.275713
373.383,336.5,0.28806,-0.151639,-0.00388382,0.244885
374.249,336,0.268392,-0.157634,-0.00652237,0.217125
375.115,335.5,0.244323,-0.152925,-0.00713107,0.190412
375.981,335,0.219395,-0.144911,-0.00747687,0.164557
376.847,334.5,0.195708,-0.135989,-0.00783786,0.140525
377.713,334,0.173155,-0.12616,-0.00821404,0.118317
378.579,333.5,0.151616,-0.115424,-0.00860542,0.0979327
379.445,333,0.130963,-0.10378,-0.009012,0.0793717
380.311,332.5,0.110337,-0.090866,-0.00968416,0.0618379
381.177,332,0.0886964,-0.0764099,-0.0108583,0.0437113
382.043,331.5,0.0682852,-0.0616052,-0.0117412,0.0270152
382.909,331,0.0494764,-0.0464517,-0.0123329,0.0117496
383.775,330.5,0.0365115,-0.0344841,-0.0115303,-0.00331501
384.641,330,0.0317227,-0.0241202,-0.0102722,-0.0178613
385.507,329.5,0.035644,-0.0140701,-0.00903409,-0.0314787
386.373,329,0.0417992,0.00109043,-0.00779962,-0.0410506
387.239,328.5,0.0524873,0.01569,-0.00660395,-0.0496501
388.105,328,0.0647725,0.029455,-0.00544832,-0.05743
388.971,327.5,0.0772101,0.0423854,-0.00433273,-0.0643903
389.837,327,0.0891821,0.0544814,-0.00325718,-0.070531
390.703,326.5,0.100402,0.0657427,-0.00222168,-0.0758521
391.569,326,0.109825,0.0765775,-0.00131481,-0.0787128
392.435,325.5,0.118216,0.0868721,-0.000530882,-0.0801745
393.301,325,0.125649,0.0953241,-0.000134183,-0.0818598
394.167,324.5,0.132634,0.103062,0.000160301,-0.0834861
395.033,324,0.139297,0.110434,0.000446393,-0.0848999
395.899,323.5,0.145621,0.117438,0.000724092,-0.0861011
396.765,323,0.151166,0.124204,0.000974703,-0.0861604
397.631,322.5,0.155636,0.130872,0.00117557,-0.0842236
398.497,322,0.159974,0.137172,0.00136438,-0.082303
399.363,321.5,0.164148,0.143102,0.00154114,-0.0803989
400.229,321,0.168131,0.148665,0.00170584,-0.078511
401.095,320.5,0.1719,0.153859,0.00185849,-0.0766395
401.962,320,0.17542,0.158674,0.00199891,-0.074771
402.828,319.5,0.178011,0.162532,0.00208667,-0.0725738
403.694,319,0.180653,0.166262,0.00216102,-0.0706249
404.56,318.5,0.183206,0.169804,0.00222627,-0.0687444
405.426,318,0.18566,0.17316,0.00228242,-0.0669323
406.292,317.5,0.188007,0.176328,0.00232947,-0.0651887
407.158,317,0.19024,0.179309,0.00236742,-0.0635135
408.024,316.5,0.191842,0.181747,0.00235779,-0.0613648
408.89,316,0.193169,0.183899,0.00232678,-0.0590758
409.756,315.5,0.194453,0.185931,0.00229213,-0.0568896
410.622,315,0.195687,0.187842,0.00225382,-0.0548062
411.488,314.5,0.196866,0.189633,0.00221186,-0.0528255
412.354,314,0.198151,0.191407,0.00217327,-0.0512127
413.22,313.5,0.199191,0.192916,0.00212619,-0.0495596
414.086,313,0.199853,0.19405,0.0020656,-0.0477632
414.952,312.5,0.200511,0.195144,0.00200647,-0.0460348
415.818,312,0.201163,0.196198,0.0019488,-0.0443746
416.684,311.5,0.201807,0.197211,0.00189258,-0.0427825
417.55,311,0.202442,0.198184,0.00183781,-0.0412585
418.416,310.5,0.203042,0.199097,0.00178348,-0.0397909
419.282,310,0.203328,0.199695,0.00171633,-0.0382243
420.148,309.5,0.203622,0.200276,0.00165124,-0.0367242
421.014,309,0.203921,0.200838,0.00158821,-0.0352905
421.88,308.5,0.204462,0.201588,0.00153558,-0.0341273
422.746,308,0.204996,0.202315,0.00148444,-0.0330139
423.612,307.5,0.205515,0.203012,0.0014345,-0.0319434
424.478,307,0.205831,0.2035,0.00138117,-0.0308587
425.344,306.5,0.206081,0.203911,0.00132772,-0.0297949
426.21,306,0.206328,0.204308,0.0012757,-0.0287704
427.076,305.5,0.206572,0.204691,0.00122512,-0.0277851
427.942,305,0.206811,0.205059,0.00117596,-0.0268392
428.808,304.5,0.207047,0.205413,0.00112824,-0.0259325
429.674,304,0.207211,0.205689,0.00108079,-0.0250489
430.54,303.5,0.207294,0.205876,0.00103374,-0.0241814
431.406,303,0.207445,0.206119,0.000997938,-0.0233969
432.272,302.5,0.207598,0.206358,0.00096318,-0.0226379
433.138,302,0.207752,0.206592,0.000929466,-0.0219044
434.004,301.5,0.207907,0.206822,0.000896798,-0.0211964
434.87,301,0.208049,0.207034,0.000865004,-0.0205124
435.737,300.5,0.208094,0.207144,0.000833009,-0.0198421
436.603,300,0.208143,0.207254,0.000802053,-0.019194
437.469,299.5,0.208196,0.207365,0.000772134,-0.0185681
438.335,299,0.208252,0.207475,0.000743254,-0.0179645
439.201,298.5,0.208313,0.207585,0.000715411,-0.017383
440.067,298,0.208384,0.207702,0.00068871,-0.0168276
440.933,297.5,0.208459,0.207818,0.000663546,-0.0163266
441.799,297,0.20852,0.207917,0.000639044,-0.0158396
442.665,296.5,0.208582,0.208015,0.000615282,-0.0153669
443.531,296,0.208645,0.20811,0.000592259,-0.0149085
444.397,295.5,0.208707,0.208205,0.000569976,-0.0144643
445.263,295,0.208771,0.208298,0.000548433,-0.0140344
446.129,294.5,0.208806,0.208361,0.000527476,-0.01362
446.995,294,0.208815,0.208396,0.000507008,-0.0132194
447.861,293.5,0.208826,0.208431,0.000487157,-0.012831
448.727,293,0.208839,0.208467,0.000467924,-0.0124548
449.593,292.5,0.208858,0.208507,0.000449854,-0.0120931
450.459,292,0.2089,0.208568,0.000435243,-0.011755
451.325,291.5,0.208935,0.208622,0.000421116,-0.0114275
452.191,291,0.208938,0.208642,0.000407631,-0.0111134
453.057,290.5,0.208944,0.208664,0.000394482,-0.0108076
453.923,290,0.208952,0.208687,0.000381669,-0.0105101
454.789,289.5,0.208961,0.208711,0.000369193,-0.0102209
455.655,289,0.208972,0.208735,0.000357054,-0.00994001
456.521,288.5,0.208985,0.208761,0.000345251,-0.00966736
457.387,288,0.208974,0.208762,0.000333841,-0.00940709
458.253,287.5,0.208961,0.20876,0.000322774,-0.00915453
459.119,287,0.208956,0.208766,0.000312049,-0.00891077
459.985,286.5,0.208971,0.208791,0.00030165,-0.00867989
460.851,286,0.208987,0.208816,0.000291516,-0.00845489
461.717,285.5,0.209004,0.208841,0.000281648,-0.00823578
462.583,285,0.209008,0.208854,0.000272176,-0.00802572
463.449,284.5,0.209004,0.208857,0.000263074,-0.00782347
464.315,284,0.209001,0.208861,0.000254233,-0.00762617
465.181,283.5,0.208999,0.208866,0.000245654,-0.00743383
466.047,283,0.208997,0.208872,0.000237337,-0.00724645
466.913,282.5,0.208997,0.208878,0.000229282,-0.00706402
467.779,282,0.208995,0.208881,0.000221484,-0.00688764
468.645,281.5,0.208983,0.208875,0.00021424,-0.00672057
469.512,281,0.20898,0.208877,0.000208043,-0.00656045
470.378,280.5,0.208978,0.20888,0.000202002,-0.00640388
471.244,280,0.208978,0.208884,0.000196117,-0.00625084
472.11,279.5,0.208978,0.208889,0.000190388,-0.00610134
472.976,279,0.208979,0.208894,0.000184815,-0.00595537
473.842,278.5,0.208968,0.208887,0.000179562,-0.00581715
474.708,278,0.208958,0.208881,0.000174437,-0.00568237
475.574,277.5,0.208949,0.208875,0.000169425,-0.00555062
476.44,277,0.208941,0.20887,0.000164526,-0.00542192
477.306,276.5,0.208934,0.208866,0.000159738,-0.00529626
478.172,276,0.208931,0.208867,0.000155057,-0.00517448
479.038,275.5,0.208928,0.208867,0.000150533,-0.00505924
