x,v,vx,vy,vz
220.096,425,0.0425637,0.0376646,0.011154,0.0163901
220.962,424.5,0.0392533,0.0334844,0.0114517,0.0169846
221.828,424,0.0360014,0.0290698,0.0117613,0.0176839
222.694,423.5,0.0328577,0.0243169,0.0120875,0.0184989
223.56,423,0.0301099,0.0195053,0.0124178,0.019286
224.426,422.5,0.0279204,0.0146331,0.0127521,0.02007
225.292,422,0.0264617,0.00970048,0.0130904,0.020851
226.158,421.5,0.0258923,0.0047074,0.0134328,0.0216289
227.024,421,0.0263307,-0.000393192,0.0137808,0.0224331
227.89,420.5,0.0281527,-0.00608718,0.0141512,0.023564
228.756,420,0.0310108,-0.0118569,0.014526,0.0246997
229.622,419.5,0.0346881,-0.0177025,0.0149052,0.0258403
230.488,419,0.0389879,-0.0236238,0.0152887,0.0269857
231.355,418.5,0.0437582,-0.0296209,0.0156767,0.0281358
232.221,418,0.0488316,-0.03569,0.0160712,0.0291971
233.087,417.5,0.0547296,-0.0422841,0.0164625,0.0306001
233.953,417,0.0610618,-0.0491167,0.0168563,0.0321241
234.819,416.5,0.0676217,-0.0560562,0.0172554,0.0336549
235.685,416,0.0743795,-0.0631026,0.0176597,0.0351924
236.551,415.5,0.0813139,-0.0702558,0.0180693,0.0367367
237.417,415,0.08841,-0.0775159,0.0184842,0.0382877
238.283,414.5,0.0960343,-0.0851714,0.0188864,0.0401462
239.149,414,0.104276,-0.0933028,0.0192715,0.042388
240.015,413.5,0.11268,-0.101569,0.0196608,0.0446548
240.881,413,0.121241,-0.10997,0.0200541,0.0469464
241.747,412.5,0.129929,-0.118557,0.0204507,0.0490657
242.613,412,0.138772,-0.12731,0.0208502,0.0511374
243.479,411.5,0.147877,-0.136279,0.0212281,0.0533389
244.345,411,0.15779,-0.145823,0.0214488,0.0563328
245.211,410.5,0.167897,-0.155555,0.0216642,0.0593508
246.077,410,0.178196,-0.165476,0.0218743,0.062393
246.943,409.5,0.188686,-0.175585,0.0220791,0.0654595
247.809,409,0.199368,-0.185883,0.0222786,0.06855
248.675,408.5,0.210241,-0.196368,0.0224728,0.0716648
249.541,408,0.221754,-0.207177,0.0222486,0.0758774
250.407,407.5,0.233584,-0.218221,0.021907,0.0803829
251.273,407,0.245518,-0.229462,0.0215386,0.0846319
252.139,406.5,0.25764,-0.240899,0.0211382,0.0888775
253.005,406,0.26997,-0.252533,0.020705,0.0931784
253.871,405.5,0.282509,-0.264364,0.020239,0.0975346
254.737,405,0.294863,-0.275822,0.0186274,0.102566
255.603,404.5,0.307044,-0.286941,0.0157223,0.108138
256.469,404,0.31943,-0.298279,0.0125393,0.113613
257.335,403.5,0.332024,-0.309836,0.00907839,0.118991
258.201,403,0.344828,-0.321612,0.00533959,0.124272
259.067,402.5,0.357847,-0.333607,0.00132288,0.129457
259.933,402,0.370522,-0.345411,-0.00445505,0.134006
260.799,401.5,0.38096,-0.355846,-0.0174887,0.1349
261.665,401,0.391459,-0.366008,-0.0313108,0.13527
262.531,400.5,0.40207,-0.375858,-0.0458681,0.13523
263.397,400,0.412841,-0.385398,-0.0611607,0.13478
264.263,399.5,0.42382,-0.394627,-0.0771886,0.13392
265.13,399,0.435054,-0.403545,-0.0939518,0.132649
265.996,398.5,0.434711,-0.395572,-0.116534,0.137537
266.862,398,0.43325,-0.383449,-0.139751,0.145404
267.728,397.5,0.432584,-0.36936,-0.162851,0.155503
268.594,397,0.433045,-0.353306,-0.185833,0.167837
269.46,396.5,0.435021,-0.335287,-0.208699,0.182403
270.326,396,0.439833,-0.311902,-0.226278,0.212058
271.192,395.5,0.441822,-0.253951,-0.23308,0.276386
272.058,395,0.465738,-0.169799,-0.229602,0.367917
272.924,394.5,0.521757,-0.0839662,-0.2225,0.464407
273.79,394,0.604197,0.00354645,-0.211774,0.565856
274.656,393.5,0.706764,0.0927393,-0.197424,0.672264
275.522,393,0.824616,0.183612,-0.179449,0.78363
276.388,392.5,0.9259,0.256841,-0.152785,0.876345
277.254,392,0.935782,0.264194,-0.110833,0.890845
278.12,391.5,0.930302,0.258196,-0.0709915,0.890931
278.986,391,0.908493,0.238098,-0.0333541,0.876103
279.852,390.5,0.851352,0.184029,-0.00100073,0.831223
280.718,390,0.781685,0.121748,0.0287338,0.77161
281.584,389.5,0.701373,0.0512557,0.0558495,0.697264
282.45,389,0.564832,-0.0766268,0.0769721,0.554292
283.316,388.5,0.46795,-0.202713,0.0974752,0.410346
284.182,388,0.437072,-0.323109,0.11767,0.269789
285.048,387.5,0.477693,-0.437813,0.137558,0.132623
285.914,387,0.568956,-0.546825,0.157137,-0.00115329
286.78,386.5,0.686377,-0.650146,0.176409,-0.13154
287.646,386,0.770582,-0.723358,0.189078,-0.186547
288.512,385.5,0.822864,-0.775785,0.196559,-0.191378
289.378,385,0.860844,-0.815892,0.201442,-0.186529
290.244,384.5,0.895328,-0.852793,0.204905,-0.179917
291.11,384,0.926344,-0.886486,0.206949,-0.171542
291.976,383.5,0.953928,-0.916973,0.207574,-0.161404
292.842,383,0.968662,-0.936363,0.198974,-0.14812
293.708,382.5,0.959849,-0.935036,0.171851,-0.132228
294.574,382,0.949704,-0.93121,0.144348,-0.118106
295.44,381.5,0.938167,-0.924884,0.116465,-0.105755
296.306,381,0.925202,-0.916058,0.0882022,-0.0951743
297.172,380.5,0.910794,-0.904732,0.0595594,-0.0863637
298.038,380,0.894747,-0.890606,0.0312726,-0.0800978
298.905,379.5,0.867871,-0.862038,0.000911477,-0.100441
299.771,379,0.843011,-0.833744,-0.0277588,-0.12152
300.637,378.5,0.820277,-0.80584,-0.0546712,-0.143128
301.503,378,0.799673,-0.778327,-0.0798259,-0.165265
302.369,377.5,0.781203,-0.751203,-0.103223,-0.18793
303.235,377,0.764866,-0.72447,-0.124862,-0.211123
304.101,376.5,0.740563,-0.687242,-0.141045,-0.237147
304.967,376,0.715012,-0.646207,-0.155437,-0.263625
305.833,375.5,0.693397,-0.606792,-0.170151,-0.289225
306.699,375,0.675732,-0.568998,-0.185187,-0.313945
307.565,374.5,0.660443,-0.531823,-0.199605,-0.336908
308.431,374,0.643218,-0.492707,-0.210135,-0.356107
309.297,373.5,0.625054,-0.452259,-0.215629,-0.37371
310.163,373,0.603849,-0.408166,-0.214932,-0.389664
311.029,372.5,0.587797,-0.365705,-0.215949,-0.406363
311.895,372,0.577043,-0.324876,-0.218679,-0.423808
312.761,371.5,0.571628,-0.285678,-0.223124,-0.441997
313.627,371,0.571479,-0.248112,-0.229283,-0.460932
314.493,370.5,0.5761,-0.212399,-0.236563,-0.480432
315.359,370,0.578137,-0.181798,-0.233239,-0.496782
316.225,369.5,0.58314,-0.150698,-0.231557,-0.51354
317.091,369,0.590496,-0.119607,-0.227968,-0.531423
317.957,368.5,0.599275,-0.0912492,-0.216038,-0.551482
318.823,368,0.610779,-0.0654197,-0.204333,-0.571856
319.689,367.5,0.624561,-0.0421181,-0.192853,-0.592546
320.555,367,0.632957,-0.0281514,-0.171616,-0.608597
321.421,366.5,0.639707,-0.0179642,-0.147043,-0.622319
322.287,366,0.647227,-0.00886026,-0.122817,-0.635406
323.153,365.5,0.65537,-0.000839666,-0.0989391,-0.647858
324.019,365,0.663999,0.00609762,-0.0754094,-0.659674
324.885,364.5,0.672992,0.0119516,-0.0522277,-0.670856
325.751,364,0.676459,0.0136758,-0.0248034,-0.675866
326.617,363.5,0.669753,0.0172547,0.00956887,-0.669462
327.483,363,0.658214,0.0327655,0.043819,-0.655936
328.349,362.5,0.645717,0.0481681,0.0739092,-0.639662
329.215,362,0.631815,0.0634626,0.0998393,-0.62064
330.081,361.5,0.616133,0.0786489,0.12161,-0.598871
330.947,361,0.599569,0.0931265,0.138037,-0.575983
331.813,360.5,0.593586,0.10276,0.142099,-0.567091
332.679,360,0.589454,0.113317,0.146077,-0.559711
333.546,359.5,0.587202,0.124797,0.149969,-0.553842
334.412,359,0.586859,0.137201,0.153777,-0.549484
335.278,358.5,0.588452,0.150528,0.157499,-0.546637
336.144,358,0.577068,0.138733,0.136591,-0.543234
337.01,357.5,0.594262,0.0673118,0.0993625,-0.582016
337.876,357,0.633319,0.000742055,0.075745,-0.628772
338.742,356.5,0.676364,-0.053256,0.0613214,-0.67147
339.608,356,0.718587,-0.0946822,0.0560918,-0.71011
340.474,355.5,0.757253,-0.123537,0.0600562,-0.744691
341.34,355,0.791117,-0.13982,0.0732145,-0.775214
342.206,354.5,0.774878,-0.137223,0.100351,-0.755999
343.072,354,0.703334,-0.108016,0.149529,-0.678714
343.938,353.5,0.63472,-0.0567444,0.218088,-0.593369
344.804,353,0.586424,0.0165909,0.306029,-0.499964
345.67,352.5,0.559088,0.0174162,0.367554,-0.420927
346.536,352,0.529931,-0.0736668,0.381311,-0.360559
347.402,351.5,0.512941,-0.164726,0.384276,-0.297162
348.268,351,0.510979,-0.28697,0.348511,-0.239348
349.134,350.5,0.514097,-0.354051,0.333909,-0.165678
350,350,0.505619,-0.365967,0.34047,-0.0761522
350.866,349.5,0.490478,-0.322719,0.368193,0.0292284
351.732,349,0.496899,-0.224307,0.41708,0.150464
352.598,348.5,0.570076,-0.0707314,0.48713,0.287555
353.464,348,0.587353,-0.052712,0.477985,0.337248
354.33,347.5,0.598131,-0.0629009,0.471935,0.362052
355.196,347,0.611608,-0.0661045,0.468054,0.388098
356.062,346.5,0.618224,-0.0587275,0.45035,0.419447
356.928,346,0.624313,-0.0427576,0.430627,0.449998
357.794,345.5,0.630617,-0.0181948,0.408883,0.479751
358.66,345,0.663547,0.0488203,0.349424,0.561973
359.526,344.5,0.74019,0.141136,0.26481,0.676637
360.392,344,0.825657,0.22427,0.189692,0.771641
361.258,343.5,0.906485,0.298221,0.124069,0.846986
362.124,343,0.975291,0.36299,0.0679399,0.902671
362.99,342.5,1.02801,0.418577,0.0213059,0.938697
363.856,342,1.04625,0.451849,-0.00764986,0.943614
364.722,341.5,0.992246,0.426704,-0.00397824,0.895801
365.588,341,0.937557,0.398608,-0.00129216,0.8486
366.454,340.5,0.88561,0.371215,0.00117444,0.804054
367.321,340,0.836421,0.344524,0.00342159,0.762163
368.187,339.5,0.790011,0.318536,0.00544927,0.722926
369.053,339,0.746403,0.293251,0.00725749,0.686344
369.919,338.5,0.727452,0.291754,0.00984596,0.66631
370.785,338,0.713639,0.293051,0.0114271,0.650592
371.651,337.5,0.702448,0.2945,0.0118393,0.637623
372.517,337,0.693852,0.296102,0.0110827,0.627401
373.383,336.5,0.687831,0.297856,0.00915734,0.619927
374.249,336,0.683585,0.298559,0.00512148,0.614918
375.115,335.5,0.678666,0.29819,0.00172916,0.609645
375.981,335,0.67271,0.297033,-0.000663803,0.603581
376.847,334.5,0.666127,0.295093,-0.00283153,0.597191
377.713,334,0.658911,0.292371,-0.00477401,0.590475
378.579,333.5,0.65106,0.288866,-0.00649124,0.583433
379.445,333,0.642572,0.284579,-0.00798324,0.576065
380.311,332.5,0.632711,0.279471,-0.00892939,0.567573
381.177,332,0.620698,0.273843,-0.00891251,0.556953
382.043,331.5,0.608822,0.268006,-0.00888235,0.546587
382.909,331,0.597082,0.261962,-0.00883889,0.536475
383.775,330.5,0.584955,0.25436,-0.00867515,0.526686
384.641,330,0.572984,0.246306,-0.00850217,0.517273
385.507,329.5,0.561414,0.238376,-0.00836934,0.508225
386.373,329,0.549896,0.231781,-0.00797801,0.498598
387.239,328.5,0.538697,0.225337,-0.00761899,0.489244
388.105,328,0.527832,0.218986,-0.00730682,0.480207
388.971,327.5,0.517304,0.212728,-0.00704151,0.471487
389.837,327,0.507112,0.206563,-0.00682306,0.463085
390.703,326.5,0.497259,0.200491,-0.00665147,0.455001
391.569,326,0.487682,0.195146,-0.00651238,0.446889
392.435,325.5,0.478351,0.190239,-0.00639807,0.438849
393.301,325,0.469356,0.185073,-0.00624853,0.431282
394.167,324.5,0.4606,0.179881,-0.00610717,0.423979
395.033,324,0.45206,0.174755,-0.00599178,0.416872
395.899,323.5,0.443734,0.169696,-0.00590235,0.409962
396.765,323,0.435572,0.164961,-0.00584972,0.403084
397.631,322.5,0.427499,0.160831,-0.0058374,0.396049
398.497,322,0.419616,0.156762,-0.00583873,0.389191
399.363,321.5,0.411923,0.152754,-0.00585371,0.382509
400.229,321,0.404421,0.148807,-0.00588234,0.376003
401.095,320.5,0.39711,0.144922,-0.00592461,0.369674
401.962,320,0.389991,0.141106,-0.00598121,0.363519
402.828,319.5,0.382944,0.137567,-0.00605581,0.35733
403.694,319,0.376019,0.133993,-0.006124,0.351282
404.56,318.5,0.369245,0.13048,-0.0061969,0.345368
405.426,318,0.362622,0.127028,-0.00627452,0.339587
406.292,317.5,0.356151,0.123639,-0.00635686,0.33394
407.158,317,0.34983,0.120311,-0.00644392,0.328427
408.024,316.5,0.343615,0.117461,-0.00654981,0.322849
408.89,316,0.337521,0.114842,-0.00666475,0.317312
409.756,315.5,0.331565,0.112271,-0.0067822,0.311904
410.622,315,0.325747,0.109749,-0.00690216,0.306625
411.488,314.5,0.320069,0.107274,-0.00702463,0.301475
412.354,314,0.314455,0.104561,-0.00707747,0.296477
413.22,313.5,0.308955,0.102069,-0.00712502,0.29152
414.086,313,0.303576,0.0999458,-0.00717546,0.286561
414.952,312.5,0.298291,0.0978444,-0.00722707,0.281695
415.818,312,0.293101,0.0957645,-0.00727986,0.27692
416.684,311.5,0.288006,0.0937061,-0.00733383,0.272237
417.55,311,0.283006,0.0916693,-0.00738897,0.267646
418.416,310.5,0.278101,0.0896828,-0.00744402,0.263139
419.282,310,0.273296,0.0881245,-0.00748379,0.25859
420.148,309.5,0.268581,0.0865783,-0.00752774,0.254133
421.014,309,0.263957,0.0850441,-0.00757585,0.249767
421.88,308.5,0.259332,0.0833038,-0.00760896,0.24547
422.746,308,0.254774,0.0815762,-0.00764483,0.241239
423.612,307.5,0.250286,0.0798686,-0.00768405,0.237076
424.478,307,0.245911,0.0784651,-0.00771658,0.232929
425.344,306.5,0.24161,0.0771648,-0.00774921,0.228825
426.21,306,0.237369,0.0758715,-0.00778529,0.224782
427.076,305.5,0.233188,0.0745852,-0.00782482,0.220799
427.942,305,0.229066,0.0733059,-0.0078678,0.216876
428.808,304.5,0.225003,0.0720336,-0.00791423,0.213014
429.674,304,0.221012,0.0708941,-0.00795625,0.209182
430.54,303.5,0.217088,0.0699161,-0.00799003,0.205366
431.406,303,0.213168,0.0688276,-0.00796575,0.201593
432.272,302.5,0.20929,0.0677496,-0.00794483,0.197861
433.138,302,0.205455,0.0666823,-0.00792726,0.194171
434.004,301.5,0.201664,0.0656256,-0.00791304,0.190523
434.87,301,0.197919,0.0646086,-0.00790167,0.18691
435.737,300.5,0.194244,0.0638118,-0.00788971,0.183294
436.603,300,0.190605,0.063023,-0.00788062,0.179711
437.469,299.5,0.187001,0.0622424,-0.00787439,0.176162
438.335,299,0.183433,0.0614698,-0.00787104,0.172647
439.201,298.5,0.179901,0.0607053,-0.00787054,0.169166
440.067,298,0.176405,0.0599436,-0.00787037,0.165721
440.933,297.5,0.172943,0.0593101,-0.00784596,0.162265
441.799,297,0.169511,0.0587314,-0.00782164,0.158818
442.665,296.5,0.16611,0.0581673,-0.00779769,0.155397
443.531,296,0.16274,0.0576178,-0.00777412,0.152
444.397,295.5,0.159401,0.0570829,-0.00775092,0.148628
445.263,295,0.156095,0.0565626,-0.00772811,0.145281
446.129,294.5,0.152823,0.0561587,-0.0077067,0.141921
446.995,294,0.149585,0.0558753,-0.00768597,0.138544
447.861,293.5,0.14638,0.0556073,-0.00766458,0.135189
448.727,293,0.143208,0.0553546,-0.00764255,0.131855
449.593,292.5,0.140081,0.0551124,-0.00761603,0.128558
450.459,292,0.137053,0.0548603,-0.00756855,0.125365
451.325,291.5,0.13406,0.054662,-0.00752076,0.122178
452.191,291,0.131102,0.0546537,-0.00747152,0.118933
453.057,290.5,0.128187,0.0546626,-0.00742211,0.115711
453.923,290,0.125316,0.0546885,-0.00737254,0.112512
454.789,289.5,0.122489,0.0547316,-0.0073228,0.109336
455.655,289,0.119708,0.0547917,-0.00727288,0.106184
456.521,288.5,0.116975,0.054869,-0.0072228,0.103055
457.387,288,0.114326,0.0551605,-0.00717154,0.0998812
458.253,287.5,0.111739,0.0555007,-0.00711941,0.0967195
459.119,287,0.109228,0.0558522,-0.00706377,0.0936021
459.985,286.5,0.106829,0.0561984,-0.00699691,0.0905829
460.851,286,0.104491,0.0565591,-0.00692833,0.0875873
461.717,285.5,0.102217,0.0569343,-0.00685803,0.0846152
462.583,285,0.100045,0.0574506,-0.00678393,0.0816241
463.449,284.5,0.0979818,0.0580849,-0.00670624,0.0786232
464.315,284,0.0959999,0.0587321,-0.00662661,0.0756479
465.181,283.5,0.0941027,0.0593923,-0.00654504,0.0726983
466.047,283,0.0922933,0.0600653,-0.00646153,0.0697744
466.913,282.5,0.0905747,0.0607513,-0.00637609,0.0668761
467.779,282,0.0889813,0.0615063,-0.0062874,0.0639932
468.645,281.5,0.0876169,0.0624462,-0.00619999,0.0611453
469.512,281,0.0864133,0.0633654,-0.00612999,0.0584338
470.378,280.5,0.085314,0.0642929,-0.00605878,0.0557512
471.244,280,0.0843206,0.0652288,-0.00598637,0.0530973
472.11,279.5,0.0834343,0.0661731,-0.00591274,0.0504722
472.976,279,0.0826563,0.0671258,-0.0058379,0.047876
473.842,278.5,0.0821497,0.0682985,-0.005756,0.0452853
474.708,278,0.0817743,0.0694951,-0.00567243,0.0427234
475.574,277.5,0.0815146,0.0706964,-0.0055877,0.0401923
476.44,277,0.0813691,0.0719024,-0.00550182,0.0376922
477.306,276.5,0.0813358,0.0731132,-0.00541479,0.0352228
478.172,276,0.0814019,0.0743052,-0.00532595,0.0328123
479.038,275.5,0.0816765,0.0755906,-0.00522886,0.0304923
