x,v,vx,vy,vz
220.096,425,0.0682907,0.0674356,0.00928727,0.00545864
220.962,424.5,0.0649137,0.0639553,0.00954739,0.00568836
221.828,424,0.0613437,0.0602555,0.00982208,0.00598751
222.694,423.5,0.0575076,0.0562521,0.0101176,0.00636048
223.56,423,0.0536638,0.0522147,0.0104164,0.00670215
224.426,422.5,0.0498111,0.0481333,0.0107185,0.00703177
225.292,422,0.0459591,0.0440079,0.011024,0.00734934
226.158,421.5,0.0421204,0.0398384,0.0113327,0.00765486
227.024,421,0.0382744,0.0355773,0.0116478,0.00796971
227.89,420.5,0.034073,0.0307333,0.0119985,0.00851295
228.756,420,0.0300296,0.0258325,0.0123531,0.00904774
229.622,419.5,0.0262489,0.0208747,0.0127117,0.00957406
230.488,419,0.0228981,0.01586,0.0130742,0.0100919
231.355,418.5,0.0202343,0.0107884,0.0134406,0.0106013
232.221,418,0.0185676,0.00569672,0.0138094,0.0110274
233.087,417.5,0.0183935,6.44854e-05,0.0142002,0.0116907
233.953,417,0.0200307,-0.00579614,0.0146014,0.012427
234.819,416.5,0.0231509,-0.0117377,0.0150076,0.0131515
235.685,416,0.0273017,-0.0177602,0.0154188,0.0138643
236.551,415.5,0.0321304,-0.0238636,0.0158349,0.0145653
237.417,415,0.0374144,-0.0300479,0.016256,0.0152545
238.283,414.5,0.0434129,-0.0366744,0.0166886,0.0161603
239.149,414,0.0501601,-0.0438383,0.0171346,0.0173389
240.015,413.5,0.0571355,-0.0511105,0.0175864,0.0185176
240.881,413,0.0643016,-0.0584908,0.0180439,0.0196964
241.747,412.5,0.0715717,-0.0659661,0.0185074,0.0206993
242.613,412,0.0789847,-0.0735558,0.0189768,0.0216332
243.479,411.5,0.0866767,-0.081375,0.0194447,0.0226466
244.345,411,0.0953378,-0.0900273,0.0198721,0.0242791
245.211,410.5,0.104179,-0.0988449,0.0203038,0.0258994
246.077,410,0.113197,-0.107828,0.0207399,0.0275074
246.943,409.5,0.122388,-0.116975,0.0211804,0.0291031
247.809,409,0.13175,-0.126288,0.0216252,0.0306866
248.675,408.5,0.141281,-0.135767,0.0220744,0.0322578
249.541,408,0.151928,-0.146208,0.0224009,0.0346918
250.407,407.5,0.163003,-0.157041,0.0226982,0.0373222
251.273,407,0.17412,-0.168003,0.0229952,0.0395467
252.139,406.5,0.185432,-0.179186,0.0232928,0.041652
253.005,406,0.196972,-0.190607,0.0235909,0.0437107
253.871,405.5,0.208742,-0.202266,0.0238895,0.0457228
254.737,405,0.221206,-0.21448,0.0238803,0.0485811
255.603,404.5,0.234403,-0.227282,0.0235531,0.0522798
256.469,404,0.247899,-0.240383,0.023199,0.0559638
257.335,403.5,0.261692,-0.253784,0.022818,0.0596332
258.201,403,0.275781,-0.267484,0.0224102,0.0632878
259.067,402.5,0.290163,-0.281483,0.0219756,0.0669277
259.933,402,0.304902,-0.295812,0.0209891,0.070849
260.799,401.5,0.319708,-0.310332,0.0175873,0.0748188
261.665,401,0.334827,-0.325309,0.0137785,0.0780599
262.531,400.5,0.350324,-0.340778,0.00956215,0.0806617
263.397,400,0.366215,-0.356739,0.00493825,0.0826241
264.263,399.5,0.382517,-0.373192,-9.31738e-05,0.0839471
265.13,399,0.39925,-0.390138,-0.00553213,0.0846307
265.996,398.5,0.41496,-0.406272,-0.0186424,0.0823836
266.862,398,0.431038,-0.422414,-0.033288,0.0790689
267.728,397.5,0.447718,-0.438722,-0.0484762,0.0749952
268.594,397,0.465027,-0.455197,-0.0642071,0.0701625
269.46,396.5,0.482989,-0.471838,-0.0804807,0.0645707
270.326,396,0.499806,-0.487056,-0.0943423,0.0606752
271.192,395.5,0.506283,-0.489501,-0.104683,0.0758465
272.058,395,0.505761,-0.480907,-0.11061,0.110854
272.924,394.5,0.507836,-0.470675,-0.11406,0.152817
273.79,394,0.51423,-0.458807,-0.115032,0.201734
274.656,393.5,0.526823,-0.445301,-0.113528,0.257606
275.522,393,0.547462,-0.430158,-0.109546,0.320434
276.388,392.5,0.580582,-0.403041,-0.0974557,0.406369
277.254,392,0.650755,-0.345459,-0.0660942,0.547514
278.12,391.5,0.753763,-0.289901,-0.0325085,0.695025
278.986,391,0.881255,-0.236987,0.00323568,0.848785
279.852,390.5,1.02481,-0.209293,0.0375287,1.00251
280.718,390,1.17513,-0.191429,0.0708624,1.15727
281.584,389.5,1.32982,-0.183395,0.103237,1.31306
282.45,389,1.32659,-0.25564,0.119953,1.29619
283.316,388.5,1.3078,-0.335724,0.133556,1.2569
284.182,388,1.28567,-0.418486,0.145034,1.20697
285.048,387.5,1.26174,-0.503924,0.154388,1.14639
285.914,387,1.23798,-0.592039,0.161619,1.07516
286.78,386.5,1.21683,-0.682831,0.166726,0.993283
287.646,386,1.16123,-0.769059,0.174006,0.852487
288.512,385.5,1.10091,-0.846374,0.18278,0.679881
289.378,385,1.0685,-0.917258,0.189457,0.514223
290.244,384.5,1.05699,-0.979399,0.19547,0.346107
291.11,384,1.06668,-1.0328,0.200819,0.175534
291.976,383.5,1.09687,-1.07745,0.205504,0.00250273
292.842,383,1.14202,-1.11647,0.205376,-0.1246
293.708,382.5,1.18181,-1.1568,0.194999,-0.14303
294.574,382,1.21791,-1.19295,0.18375,-0.162528
295.44,381.5,1.25037,-1.22492,0.171629,-0.183092
296.306,381,1.27921,-1.25272,0.158635,-0.204723
297.172,380.5,1.30449,-1.27633,0.144769,-0.227422
298.038,380,1.32554,-1.295,0.130296,-0.251113
298.905,379.5,1.30315,-1.27656,0.0960534,-0.243616
299.771,379,1.28073,-1.25687,0.0639633,-0.237608
300.637,378.5,1.25853,-1.23622,0.034242,-0.233409
301.503,378,1.2364,-1.21461,0.00688957,-0.23102
302.369,377.5,1.21424,-1.19203,-0.018094,-0.23044
303.235,377,1.19194,-1.1685,-0.0407088,-0.23167
304.101,376.5,1.16206,-1.13348,-0.0633776,-0.248176
304.967,376,1.1304,-1.09396,-0.0858963,-0.271437
305.833,375.5,1.10087,-1.05525,-0.107305,-0.294691
306.699,375,1.07351,-1.01738,-0.127605,-0.317936
307.565,374.5,1.04512,-0.977633,-0.146304,-0.339275
308.431,374,1.00604,-0.927788,-0.161349,-0.353975
309.297,373.5,0.963954,-0.873052,-0.172688,-0.370359
310.163,373,0.919741,-0.813331,-0.180822,-0.389512
311.029,372.5,0.880211,-0.756294,-0.188755,-0.408855
311.895,372,0.845485,-0.701942,-0.196485,-0.428388
312.761,371.5,0.815647,-0.650273,-0.204013,-0.448112
313.627,371,0.790734,-0.601288,-0.211339,-0.468025
314.493,370.5,0.770477,-0.554919,-0.218042,-0.488013
315.359,370,0.750364,-0.509636,-0.216814,-0.50627
316.225,369.5,0.735771,-0.466701,-0.217338,-0.525655
317.091,369,0.728646,-0.424514,-0.216108,-0.551371
317.957,368.5,0.732208,-0.380785,-0.205107,-0.590815
318.823,368,0.741284,-0.339719,-0.191855,-0.630305
319.689,367.5,0.755368,-0.301318,-0.17635,-0.669843
320.555,367,0.764023,-0.270313,-0.14599,-0.699535
321.421,366.5,0.771675,-0.243841,-0.110739,-0.723713
322.287,366,0.781203,-0.220184,-0.07554,-0.745715
323.153,365.5,0.792097,-0.19934,-0.0403923,-0.765539
324.019,365,0.803917,-0.18131,-0.00529594,-0.783187
324.885,364.5,0.816288,-0.166095,0.0297489,-0.798657
325.751,364,0.820171,-0.155716,0.066581,-0.802496
326.617,363.5,0.798336,-0.148296,0.102713,-0.777688
327.483,363,0.752276,-0.13961,0.133322,-0.727085
328.349,362.5,0.706598,-0.132553,0.159716,-0.675426
329.215,362,0.661072,-0.127127,0.181895,-0.622711
330.081,361.5,0.615505,-0.123331,0.19986,-0.56894
330.947,361,0.571888,-0.121446,0.212347,-0.516929
331.813,360.5,0.548146,-0.122337,0.21118,-0.490816
332.679,360,0.526403,-0.122411,0.208909,-0.46741
333.546,359.5,0.506555,-0.12167,0.205534,-0.446711
334.412,359,0.488517,-0.120114,0.201055,-0.428718
335.278,358.5,0.472226,-0.117741,0.195471,-0.413432
336.144,358,0.459065,-0.166298,0.157413,-0.397878
337.01,357.5,0.515317,-0.277695,0.091866,-0.424261
337.876,357,0.59128,-0.369969,0.0409236,-0.459413
338.742,356.5,0.661324,-0.442944,0.000726979,-0.491071
339.608,356,0.71907,-0.49662,-0.0287239,-0.519235
340.474,355.5,0.761604,-0.530996,-0.047429,-0.543907
341.34,355,0.787773,-0.546074,-0.0553884,-0.565085
342.206,354.5,0.780095,-0.544303,-0.0414219,-0.557285
343.072,354,0.733591,-0.518247,0.00318616,-0.519198
343.938,353.5,0.669954,-0.462397,0.0685892,-0.479919
344.804,353,0.599181,-0.376754,0.154787,-0.439449
345.67,352.5,0.567693,-0.339138,0.223974,-0.396353
346.536,352,0.566706,-0.369656,0.256853,-0.344292
347.402,351.5,0.561701,-0.399535,0.281886,-0.276443
348.268,351,0.574949,-0.478807,0.268688,-0.170637
349.134,350.5,0.580893,-0.508332,0.273802,-0.0637775
350,350,0.573187,-0.48811,0.297227,0.0441368
350.866,349.5,0.559624,-0.41814,0.338964,0.153106
351.732,349,0.563475,-0.298422,0.399013,0.263129
352.598,348.5,0.620118,-0.128957,0.477374,0.374207
353.464,348,0.647088,-0.107462,0.473299,0.427975
354.33,347.5,0.667029,-0.112558,0.467258,0.462523
355.196,347,0.682737,-0.0873356,0.458731,0.498065
356.062,346.5,0.694343,-0.0379524,0.432151,0.542142
356.928,346,0.711155,0.0139487,0.399018,0.588499
357.794,345.5,0.734667,0.0683677,0.359331,0.637137
358.66,345,0.796645,0.156523,0.286536,0.726665
359.526,344.5,0.896637,0.2633,0.196895,0.834184
360.392,344,0.99334,0.357119,0.11832,0.919343
361.258,343.5,1.07657,0.437981,0.0508102,0.982142
362.124,343,1.14089,0.505886,-0.0056344,1.02258
362.99,342.5,1.18326,0.560834,-0.0510136,1.04066
363.856,342,1.18822,0.590704,-0.0773322,1.02808
364.722,341.5,1.11122,0.553726,-0.0634747,0.961337
365.588,341,1.02645,0.508136,-0.0471461,0.890598
366.454,340.5,0.948718,0.464852,-0.0326304,0.826386
367.321,340,0.878046,0.423873,-0.0199277,0.7687
368.187,339.5,0.814447,0.3852,-0.00903782,0.717539
369.053,339,0.757948,0.348832,3.91286e-05,0.672905
369.919,338.5,0.732101,0.335939,0.00429249,0.65046
370.785,338,0.712759,0.32684,0.00684633,0.633367
371.651,337.5,0.697069,0.319091,0.00806579,0.619694
372.517,337,0.685024,0.31269,0.00795087,0.609442
373.383,336.5,0.676626,0.307639,0.00650158,0.60261
374.249,336,0.672735,0.304392,0.00276032,0.599925
375.115,335.5,0.667182,0.300704,-0.000276779,0.595574
375.981,335,0.659503,0.296133,-0.00229668,0.589274
376.847,334.5,0.65133,0.291034,-0.00409397,0.582677
377.713,334,0.642663,0.285408,-0.00566866,0.575783
378.579,333.5,0.633505,0.279253,-0.00702073,0.568593
379.445,333,0.623859,0.272571,-0.0081502,0.561105
380.311,332.5,0.613287,0.265534,-0.00886977,0.552751
381.177,332,0.601485,0.258759,-0.00899157,0.542906
382.043,331.5,0.589912,0.251956,-0.00910259,0.533321
382.909,331,0.578568,0.245124,-0.00920283,0.523995
383.775,330.5,0.567093,0.237168,-0.00918546,0.515035
384.641,330,0.555841,0.228926,-0.00915519,0.506427
385.507,329.5,0.544979,0.220857,-0.00916033,0.498137
386.373,329,0.533803,0.214234,-0.00889556,0.488846
387.239,328.5,0.522924,0.207795,-0.0086545,0.479788
388.105,328,0.512375,0.201479,-0.00845193,0.471024
388.971,327.5,0.502156,0.195284,-0.00828785,0.462554
389.837,327,0.492269,0.189211,-0.00816226,0.45438
390.703,326.5,0.482713,0.18326,-0.00807517,0.4465
391.569,326,0.473433,0.178151,-0.00797955,0.438562
392.435,325.5,0.464393,0.173539,-0.00788874,0.430677
393.301,325,0.455667,0.168595,-0.00776552,0.423259
394.167,324.5,0.447171,0.163613,-0.00764763,0.416094
395.033,324,0.438882,0.158708,-0.00755159,0.409112
395.899,323.5,0.430803,0.153881,-0.00747742,0.402313
396.765,323,0.422873,0.149377,-0.00742522,0.395541
397.631,322.5,0.415015,0.145454,-0.00738907,0.388621
398.497,322,0.407344,0.141599,-0.0073657,0.38187
399.363,321.5,0.39986,0.137812,-0.0073551,0.375289
400.229,321,0.392563,0.134092,-0.00735726,0.368878
401.095,320.5,0.385454,0.130441,-0.0073722,0.362637
401.962,320,0.378532,0.126863,-0.00740044,0.356563
402.828,319.5,0.37176,0.123587,-0.00742516,0.350538
403.694,319,0.365114,0.120281,-0.0074436,0.344653
404.56,318.5,0.358606,0.117025,-0.00746804,0.338891
405.426,318,0.352234,0.113821,-0.00749849,0.333253
406.292,317.5,0.345999,0.110667,-0.00753495,0.327737
407.158,317,0.339902,0.107565,-0.00757741,0.322344
408.024,316.5,0.333887,0.104868,-0.00763514,0.316898
408.89,316,0.327977,0.102371,-0.00770206,0.311496
409.756,315.5,0.322195,0.0999146,-0.00777392,0.306212
410.622,315,0.316541,0.0975002,-0.00785073,0.301048
411.488,314.5,0.311015,0.0951274,-0.0079325,0.296004
412.354,314,0.305543,0.0925195,-0.00794955,0.29109
413.22,313.5,0.300165,0.0901041,-0.00796394,0.286212
414.086,313,0.294884,0.0880145,-0.00798407,0.281329
414.952,312.5,0.289689,0.0859447,-0.00800623,0.27653
415.818,312,0.28458,0.0838945,-0.00803043,0.271815
416.684,311.5,0.279559,0.0818641,-0.00805666,0.267182
417.55,311,0.274624,0.0798535,-0.00808492,0.262634
418.416,310.5,0.269775,0.0778872,-0.00811433,0.258159
419.282,310,0.264992,0.0762889,-0.00813397,0.253643
420.148,309.5,0.260289,0.0747017,-0.0081576,0.249206
421.014,309,0.255666,0.0731256,-0.00818519,0.244849
421.88,308.5,0.25108,0.0713916,-0.00819747,0.240576
422.746,308,0.246553,0.0696725,-0.0082132,0.236361
423.612,307.5,0.242087,0.0679739,-0.00823299,0.232202
424.478,307,0.237691,0.0665387,-0.00825276,0.228038
425.344,306.5,0.233349,0.0651966,-0.00827475,0.223904
426.21,306,0.229058,0.0638658,-0.00830024,0.219818
427.076,305.5,0.224816,0.0625462,-0.00832924,0.21578
427.942,305,0.220625,0.061238,-0.00836174,0.21179
428.808,304.5,0.216483,0.059941,-0.00839776,0.207849
429.674,304,0.212378,0.0587655,-0.00843317,0.203912
430.54,303.5,0.208302,0.0577389,-0.00846428,0.19996
431.406,303,0.204264,0.0566401,-0.00844149,0.196072
432.272,302.5,0.200263,0.0555587,-0.00842168,0.192218
433.138,302,0.1963,0.0544946,-0.00840483,0.188397
434.004,301.5,0.192375,0.0534479,-0.00839096,0.184611
434.87,301,0.188485,0.0524465,-0.00838053,0.180848
435.737,300.5,0.184609,0.0516655,-0.00837574,0.177033
436.603,300,0.180764,0.0509021,-0.00837258,0.173247
437.469,299.5,0.176953,0.0501562,-0.00837106,0.16949
438.335,299,0.173175,0.049428,-0.00837117,0.16576
439.201,298.5,0.16943,0.0487174,-0.00837292,0.162058
440.067,298,0.165722,0.0480213,-0.00837349,0.158391
440.933,297.5,0.162039,0.0474981,-0.0083503,0.154696
441.799,297,0.158375,0.0470409,-0.00832687,0.150998
442.665,296.5,0.154742,0.0466059,-0.00830253,0.147323
443.531,296,0.151141,0.046193,-0.00827728,0.143671
444.397,295.5,0.147572,0.0458024,-0.00825111,0.140041
445.263,295,0.144035,0.0454339,-0.00822403,0.136433
446.129,294.5,0.140515,0.0452092,-0.00819664,0.132791
446.995,294,0.137017,0.0451324,-0.00816824,0.129112
447.861,293.5,0.133556,0.0450779,-0.00813795,0.125455
448.727,293,0.130134,0.0450456,-0.00810576,0.12182
449.593,292.5,0.126774,0.0450307,-0.00806927,0.118232
450.459,292,0.12357,0.0450115,-0.0080185,0.114801
451.325,291.5,0.120406,0.04506,-0.00796649,0.111372
452.191,291,0.117277,0.0453433,-0.0079115,0.107867
453.057,290.5,0.114204,0.0456478,-0.00785548,0.104389
453.923,290,0.111189,0.0459735,-0.00779844,0.100939
454.789,289.5,0.108235,0.0463205,-0.00774037,0.0975157
455.655,289,0.105344,0.0466886,-0.00768129,0.0941202
456.521,288.5,0.10252,0.047078,-0.00762117,0.0907522
457.387,288,0.099812,0.0477304,-0.00755356,0.0873337
458.253,287.5,0.0971966,0.0484407,-0.00748332,0.0839326
459.119,287,0.09469,0.04916,-0.00740861,0.0805891
459.985,286.5,0.0923381,0.0498586,-0.00732172,0.0773747
460.851,286,0.0900775,0.0505715,-0.00723262,0.0741901
461.717,285.5,0.0879123,0.0512987,-0.00714132,0.0710353
462.583,285,0.0859079,0.0521915,-0.0070437,0.067872
463.449,284.5,0.0840713,0.053221,-0.00694055,0.0647096
464.315,284,0.0823601,0.0542615,-0.0068353,0.0615805
465.181,283.5,0.0807789,0.0553128,-0.00672796,0.0584848
466.047,283,0.0793321,0.056375,-0.00661851,0.0554224
466.913,282.5,0.0780237,0.0574481,-0.00650697,0.0523934
467.779,282,0.0769028,0.0585971,-0.00639093,0.0493921
468.645,281.5,0.0761042,0.0599506,-0.00627513,0.0464586
469.512,281,0.0754999,0.0612629,-0.00618323,0.0436905
470.378,280.5,0.0750382,0.0625788,-0.00608973,0.0409579
471.244,280,0.0747181,0.0638982,-0.00599462,0.0382608
472.11,279.5,0.0745377,0.0652211,-0.0058979,0.0355991
472.976,279,0.0744944,0.0665475,-0.00579957,0.0329729
473.842,278.5,0.0748014,0.0681122,-0.00569043,0.0303908
474.708,278,0.0752604,0.0696961,-0.00557914,0.027847
475.574,277.5,0.0758458,0.071278,-0.00546655,0.0253408
476.44,277,0.076551,0.0728578,-0.00535264,0.0228721
477.306,276.5,0.0773689,0.0744357,-0.00523743,0.020441
478.172,276,0.0782697,0.0759807,-0.00512324,0.0180784
479.038,275.5,0.0793633,0.0776046,-0.00500467,0.015843
