x,v,vx,vy,vz
220.096,425,0.333908,0.327088,-0.0627096,0.0239848
220.962,424.5,0.342946,0.335881,-0.0641697,0.0260363
221.828,424,0.35252,0.345208,-0.0655781,0.0283082
222.694,423.5,0.362348,0.354679,-0.0671575,0.0314359
223.56,423,0.371896,0.363781,-0.0687847,0.0351911
224.426,422.5,0.381431,0.372842,-0.0702977,0.0392096
225.292,422,0.39096,0.381861,-0.0716966,0.0434913
226.158,421.5,0.400486,0.390839,-0.0729814,0.0480363
227.024,421,0.409965,0.399775,-0.0740572,0.0525997
227.89,420.5,0.418818,0.408653,-0.0738038,0.0544429
228.756,420,0.427527,0.417474,-0.0731445,0.0560809
229.622,419.5,0.436099,0.426238,-0.0720794,0.0575139
230.488,419,0.444538,0.434946,-0.0706084,0.0587418
231.355,418.5,0.452851,0.443597,-0.0687316,0.0597646
232.221,418,0.457565,0.449219,-0.063544,0.0594143
233.087,417.5,0.458235,0.45143,-0.0563139,0.0549432
233.953,417,0.457212,0.451996,-0.0486202,0.0487645
234.819,416.5,0.455145,0.4514,-0.0405678,0.04183
235.685,416,0.45208,0.449641,-0.0321565,0.0341397
236.551,415.5,0.448069,0.44672,-0.0233866,0.0256936
237.417,415,0.443173,0.442636,-0.0142578,0.0164917
238.283,414.5,0.436762,0.436682,-0.00583281,0.00603178
239.149,414,0.428776,0.42874,0.00134071,-0.00540889
240.015,413.5,0.420111,0.419679,0.0084241,-0.0170795
240.881,413,0.410812,0.409498,0.0154174,-0.02898
241.747,412.5,0.400956,0.398353,0.0206319,-0.0406834
242.613,412,0.391576,0.387325,0.0250437,-0.0518006
243.479,411.5,0.383066,0.376904,0.0288134,-0.0620718
244.345,411,0.376745,0.368955,0.0306577,-0.0697818
245.211,410.5,0.37042,0.360946,0.0324961,-0.0766345
246.077,410,0.364044,0.352876,0.0343283,-0.0826297
246.943,409.5,0.357576,0.344746,0.0361546,-0.0877674
247.809,409,0.350977,0.336556,0.0379748,-0.0920478
248.675,408.5,0.344213,0.328306,0.0397889,-0.0954707
249.541,408,0.338635,0.321524,0.0414068,-0.0978844
250.407,407.5,0.332931,0.314798,0.0430091,-0.0994739
251.273,407,0.328682,0.310802,0.0435443,-0.0976607
252.139,406.5,0.32429,0.306935,0.0438592,-0.0950331
253.005,406,0.319399,0.302623,0.0441527,-0.0921147
253.871,405.5,0.314012,0.297869,0.0444248,-0.0889054
254.737,405,0.308959,0.293247,0.0448261,-0.0863282
255.603,404.5,0.304132,0.288682,0.0453424,-0.0842799
256.469,404,0.298707,0.283597,0.0458252,-0.0818445
257.335,403.5,0.292688,0.277994,0.0462747,-0.0790221
258.201,403,0.28608,0.271872,0.0466907,-0.0758127
259.067,402.5,0.278888,0.265231,0.0470733,-0.0722162
259.933,402,0.271562,0.258342,0.0474834,-0.068925
260.799,401.5,0.26917,0.255955,0.0477291,-0.0682763
261.665,401,0.266678,0.253535,0.0478597,-0.0674291
262.531,400.5,0.263716,0.250687,0.0479126,-0.0663801
263.397,400,0.260284,0.247412,0.0478875,-0.0651294
264.263,399.5,0.256381,0.243708,0.0477847,-0.0636768
265.13,399,0.252011,0.239575,0.0476039,-0.0620224
265.996,398.5,0.247131,0.23435,0.0476211,-0.0623386
266.862,398,0.241698,0.228493,0.0474941,-0.0628769
267.728,397.5,0.235716,0.222089,0.0471781,-0.0633461
268.594,397,0.229186,0.215137,0.0466733,-0.0637462
269.46,396.5,0.222113,0.207639,0.0459795,-0.0640772
270.326,396,0.216822,0.201579,0.0444363,-0.0663564
271.192,395.5,0.210749,0.194396,0.0433166,-0.0689123
272.058,395,0.203681,0.185935,0.042493,-0.0714749
272.924,394.5,0.196017,0.176659,0.0416055,-0.0740489
273.79,394,0.187804,0.166567,0.040654,-0.0766344
274.656,393.5,0.179106,0.155661,0.0396387,-0.0792313
275.522,393,0.170009,0.143939,0.0385594,-0.0818397
276.388,392.5,0.160642,0.131559,0.0375516,-0.0841891
277.254,392,0.151248,0.119016,0.0368309,-0.0857592
278.12,391.5,0.141956,0.105942,0.035956,-0.087378
278.986,391,0.133096,0.0924866,0.0349188,-0.0891151
279.852,390.5,0.128986,0.0830411,0.0337698,-0.0927427
280.718,390,0.124918,0.0730348,0.0330228,-0.0958122
281.584,389.5,0.120986,0.0624678,0.0326779,-0.0983233
282.45,389,0.117136,0.0528107,0.0337325,-0.0989642
283.316,388.5,0.113565,0.0428549,0.0354094,-0.0990282
284.182,388,0.110442,0.0325028,0.0376439,-0.0986097
285.048,387.5,0.10796,0.0217546,0.0404361,-0.0977086
285.914,387,0.10634,0.0106101,0.0437858,-0.096325
286.78,386.5,0.10582,-0.000930545,0.0476932,-0.0944588
287.646,386,0.103763,-0.0106807,0.05141,-0.0894974
288.512,385.5,0.101194,-0.0188609,0.0550603,-0.0827824
289.378,385,0.103444,-0.0268398,0.0600079,-0.0798705
290.244,384.5,0.106259,-0.0350474,0.0656481,-0.0758485
291.11,384,0.109877,-0.0434836,0.0719808,-0.0707166
291.976,383.5,0.114536,-0.0521484,0.0790061,-0.0644746
292.842,383,0.121927,-0.0639612,0.0843182,-0.0605448
293.708,382.5,0.135304,-0.0842769,0.0832178,-0.0654168
294.574,382,0.152354,-0.10731,0.08032,-0.0724222
295.44,381.5,0.173426,-0.133061,0.0756249,-0.081561
296.306,381,0.198718,-0.161529,0.0691324,-0.0928333
297.172,380.5,0.228315,-0.192715,0.0608426,-0.106239
298.038,380,0.261745,-0.22604,0.0512008,-0.121634
298.905,379.5,0.305519,-0.250088,0.0337574,-0.172216
299.771,379,0.353253,-0.272136,0.0159103,-0.22467
300.637,378.5,0.403812,-0.292243,-0.00224974,-0.278663
301.503,378,0.456586,-0.310411,-0.0207226,-0.334195
302.369,377.5,0.511218,-0.32664,-0.0395083,-0.391267
303.235,377,0.5675,-0.340928,-0.0586069,-0.449877
304.101,376.5,0.607744,-0.342617,-0.0720265,-0.496769
304.967,376,0.639061,-0.336943,-0.0825012,-0.536714
305.833,375.5,0.669505,-0.328967,-0.0928353,-0.575673
306.699,375,0.699098,-0.31869,-0.103029,-0.613644
307.565,374.5,0.7259,-0.304733,-0.112052,-0.64924
308.431,374,0.746377,-0.284199,-0.117941,-0.68
309.297,373.5,0.756453,-0.261133,-0.120322,-0.699681
310.163,373,0.746275,-0.235617,-0.115631,-0.698599
311.029,372.5,0.737204,-0.210434,-0.111783,-0.697633
311.895,372,0.729234,-0.185585,-0.108778,-0.696784
312.761,371.5,0.722356,-0.16107,-0.106617,-0.696052
313.627,371,0.716559,-0.136889,-0.105299,-0.695436
314.493,370.5,0.711034,-0.113092,-0.104496,-0.694161
315.359,370,0.690452,-0.0907017,-0.0974322,-0.677498
316.225,369.5,0.671749,-0.0687349,-0.0907033,-0.662039
317.091,369,0.65504,-0.0458877,-0.0840071,-0.648008
317.957,368.5,0.640619,-0.0207508,-0.0773925,-0.635589
318.823,368,0.628251,0.00299649,-0.071921,-0.624113
319.689,367.5,0.617814,0.0253541,-0.0675928,-0.613582
320.555,367,0.601127,0.0382266,-0.0591926,-0.596983
321.421,366.5,0.582748,0.0471906,-0.04924,-0.578744
322.287,366,0.565539,0.0552928,-0.0395309,-0.56144
323.153,365.5,0.54947,0.062533,-0.0300653,-0.545072
324.019,365,0.53451,0.0689113,-0.0208432,-0.529639
324.885,364.5,0.520626,0.0744278,-0.0118646,-0.515142
325.751,364,0.50877,0.0748582,-0.00295599,-0.503224
326.617,363.5,0.499872,0.0709405,0.0059471,-0.494777
327.483,363,0.492823,0.0700924,0.0143072,-0.487603
328.349,362.5,0.485446,0.0679902,0.022689,-0.480125
329.215,362,0.477759,0.0646339,0.0310924,-0.472344
330.081,361.5,0.469789,0.0600235,0.0395176,-0.46426
330.947,361,0.464274,0.054777,0.047361,-0.458592
331.813,360.5,0.482639,0.0540638,0.0500824,-0.476979
332.679,360,0.501286,0.0526925,0.0531634,-0.495666
333.546,359.5,0.520227,0.050663,0.0566037,-0.51465
334.412,359,0.539477,0.0479753,0.0604035,-0.533934
335.278,358.5,0.559053,0.0446295,0.0645627,-0.553516
336.144,358,0.578959,0.0416123,0.0713154,-0.573041
337.01,357.5,0.625182,0.0328997,0.0704607,-0.620327
337.876,357,0.678138,0.0226515,0.0701942,-0.674115
338.742,356.5,0.730382,0.0125371,0.0740624,-0.726509
339.608,356,0.781832,0.0025566,0.0820651,-0.777509
340.474,355.5,0.832495,-0.00729014,0.0942025,-0.827116
341.34,355,0.882436,-0.0170031,0.110475,-0.875329
342.206,354.5,0.915068,-0.0155476,0.147959,-0.902893
343.072,354,0.926723,0.00310184,0.213529,-0.901782
343.938,353.5,0.937815,0.0283029,0.289831,-0.891456
344.804,353,0.951773,0.0600556,0.376867,-0.871915
345.67,352.5,0.949672,0.0861346,0.457351,-0.827821
346.536,352,0.91751,0.0853653,0.513832,-0.755324
347.402,351.5,0.871083,0.068208,0.548128,-0.673564
348.268,351,0.794973,0.0955902,0.499702,-0.610854
349.134,350.5,0.733933,0.180551,0.429264,-0.567267
350,350,0.715865,0.32309,0.336812,-0.542802
350.866,349.5,0.782334,0.523207,0.222348,-0.53746
351.732,349,0.959713,0.780902,0.0858712,-0.551241
352.598,348.5,1.24423,1.09618,-0.0726183,-0.584144
353.464,348,1.54689,1.39643,-0.244629,-0.618868
354.33,347.5,1.86953,1.69764,-0.413696,-0.66484
355.196,347,2.09408,1.90672,-0.542364,-0.674841
356.062,346.5,2.22372,2.03011,-0.630014,-0.653207
356.928,346,2.35956,2.15691,-0.707806,-0.643627
357.794,345.5,2.50002,2.28711,-0.775741,-0.6461
358.66,345,2.63459,2.41619,-0.814706,-0.662819
359.526,344.5,2.77108,2.5496,-0.831803,-0.697509
360.392,344,2.92038,2.69291,-0.845703,-0.749437
361.258,343.5,3.08286,2.84613,-0.856403,-0.818601
362.124,343,3.25899,3.00926,-0.863904,-0.905002
362.99,342.5,3.44937,3.1823,-0.868207,-1.00864
363.856,342,3.64259,3.35571,-0.866566,-1.12104
364.722,341.5,3.72247,3.42236,-0.852303,-1.19074
365.588,341,3.75462,3.4408,-0.836345,-1.24844
366.454,340.5,3.79761,3.46816,-0.820931,-1.31142
367.321,340,3.85152,3.50442,-0.806063,-1.37969
368.187,339.5,3.91642,3.54959,-0.791741,-1.45324
369.053,339,3.99236,3.60367,-0.777963,-1.53208
369.919,338.5,4.01978,3.61814,-0.7514,-1.58212
370.785,338,4.06773,3.64875,-0.728604,-1.64383
371.651,337.5,4.14395,3.70167,-0.71134,-1.72161
372.517,337,4.24856,3.77689,-0.699606,-1.81548
373.383,336.5,4.38168,3.87441,-0.693403,-1.92542
374.249,336,4.47002,3.93874,-0.686986,-1.99886
375.115,335.5,4.46999,3.93206,-0.665182,-2.01923
375.981,335,4.44836,3.90613,-0.637119,-2.0308
376.847,334.5,4.45112,3.89832,-0.613143,-2.05905
377.713,334,4.47838,3.9086,-0.593254,-2.10398
378.579,333.5,4.53026,3.937,-0.577452,-2.1656
379.445,333,4.60689,3.98351,-0.565736,-2.2439
380.311,332.5,4.67145,4.01872,-0.549573,-2.3174
381.177,332,4.66721,3.99787,-0.516139,-2.35233
382.043,331.5,4.69865,4.0043,-0.489722,-2.40894
382.909,331,4.76583,4.03801,-0.470322,-2.48725
383.775,330.5,4.79824,4.04772,-0.450307,-2.53697
384.641,330,4.82745,4.05484,-0.431412,-2.58389
385.507,329.5,4.87932,4.07781,-0.41615,-2.6469
386.373,329,4.7731,3.97726,-0.369268,-2.61296
387.239,328.5,4.693,3.8957,-0.325178,-2.59655
388.105,328,4.6481,3.84009,-0.2856,-2.60326
388.971,327.5,4.63845,3.81042,-0.250533,-2.6331
389.837,327,4.66414,3.80669,-0.219979,-2.68607
390.703,326.5,4.72521,3.8289,-0.193936,-2.76217
391.569,326,4.65108,3.75109,-0.156863,-2.74541
392.435,325.5,4.50759,3.62329,-0.110794,-2.67915
393.301,325,4.32858,3.47022,-0.0596865,-2.58663
394.167,324.5,4.16409,3.3272,-0.00809295,-2.50387
395.033,324,4.03198,3.20724,0.0427055,-2.44308
395.899,323.5,3.93234,3.11035,0.0927089,-2.40426
396.765,323,3.78537,2.98328,0.134814,-2.32613
397.631,322.5,3.49004,2.759,0.164322,-2.13104
398.497,322,3.20551,2.54352,0.197543,-1.94082
399.363,321.5,2.93214,2.33685,0.234478,-1.75545
400.229,321,2.67047,2.13899,0.275126,-1.57494
401.095,320.5,2.42123,1.94994,0.319488,-1.39928
401.962,320,2.18561,1.77016,0.366914,-1.22834
402.828,319.5,1.93697,1.61016,0.349426,-1.0184
403.694,319,1.68189,1.44274,0.332493,-0.797935
404.56,318.5,1.43087,1.27334,0.316292,-0.570924
405.426,318,1.19108,1.10198,0.300823,-0.337371
406.292,317.5,0.976571,0.928646,0.286086,-0.0972759
407.158,317,0.814776,0.753341,0.272081,0.149361
408.024,316.5,0.772277,0.685989,0.248124,0.253506
408.89,316,0.758534,0.660846,0.217771,0.302046
409.756,315.5,0.748455,0.628922,0.185272,0.360993
410.622,315,0.745819,0.590218,0.150628,0.430348
411.488,314.5,0.754922,0.544734,0.113838,0.510111
412.354,314,0.771589,0.487658,0.0724831,0.593537
413.22,313.5,0.780553,0.448245,0.0423409,0.637611
414.086,313,0.75722,0.441404,0.0320957,0.614422
414.952,312.5,0.736223,0.434009,0.0218709,0.594292
415.818,312,0.717529,0.426059,0.0116664,0.577222
416.684,311.5,0.701114,0.417554,0.00148236,0.563212
417.55,311,0.686976,0.408494,-0.00868133,0.552261
418.416,310.5,0.675018,0.39942,-0.0182525,0.543856
419.282,310,0.663065,0.398012,-0.0195081,0.529964
420.148,309.5,0.652064,0.397002,-0.0205209,0.516871
421.014,309,0.64201,0.396391,-0.0212909,0.504577
421.88,308.5,0.629952,0.392487,-0.0221935,0.49224
422.746,308,0.619554,0.389545,-0.022915,0.481225
423.612,307.5,0.610927,0.387695,-0.023444,0.471566
424.478,307,0.603049,0.386041,-0.0232686,0.462709
425.344,306.5,0.595643,0.384786,-0.0227018,0.454109
426.21,306,0.588917,0.384173,-0.0219095,0.445818
427.076,305.5,0.582881,0.384202,-0.0208918,0.437839
427.942,305,0.577546,0.384873,-0.0196486,0.430169
428.808,304.5,0.572921,0.386186,-0.0181799,0.42281
429.674,304,0.568176,0.386978,-0.0168738,0.415677
430.54,303.5,0.562758,0.386553,-0.0158887,0.408682
431.406,303,0.557158,0.385192,-0.014898,0.402282
432.272,302.5,0.551904,0.384261,-0.0137307,0.39592
433.138,302,0.547001,0.38376,-0.0123868,0.389596
434.004,301.5,0.542459,0.383688,-0.0108664,0.383311
434.87,301,0.538123,0.383845,-0.00931829,0.377031
435.737,300.5,0.532863,0.382788,-0.00871761,0.370594
436.603,300,0.527781,0.381834,-0.0080184,0.364268
437.469,299.5,0.522878,0.380983,-0.00722065,0.358052
438.335,299,0.518156,0.380235,-0.00632436,0.351948
439.201,298.5,0.513615,0.379589,-0.00532954,0.345954
440.067,298,0.509243,0.379023,-0.00424046,0.340076
440.933,297.5,0.50409,0.377546,-0.00368566,0.333994
441.799,297,0.498811,0.375881,-0.00323007,0.327895
442.665,296.5,0.493588,0.374207,-0.00273766,0.321856
443.531,296,0.488422,0.372524,-0.00220841,0.315875
444.397,295.5,0.483313,0.370833,-0.00164233,0.309954
445.263,295,0.47826,0.369134,-0.00103942,0.304092
446.129,294.5,0.473115,0.367189,-0.000539365,0.298346
446.995,294,0.467848,0.364957,-0.000174328,0.292725
447.861,293.5,0.462601,0.362672,0.000190863,0.287173
448.727,293,0.457374,0.360335,0.000556207,0.28169
449.593,292.5,0.452138,0.357922,0.000921054,0.27626
450.459,292,0.44676,0.355328,0.00128408,0.270805
451.325,291.5,0.441418,0.352666,0.00162423,0.26547
452.191,291,0.436242,0.349916,0.00184158,0.260504
453.057,290.5,0.43106,0.3471,0.00205162,0.255598
453.923,290,0.425874,0.344219,0.00225434,0.250753
454.789,289.5,0.420681,0.341271,0.00244974,0.245968
455.655,289,0.41548,0.338258,0.00263782,0.241243
456.521,288.5,0.410272,0.335179,0.00281858,0.236579
457.387,288,0.405396,0.332232,0.00294427,0.23229
458.253,287.5,0.400567,0.329257,0.0030555,0.228112
459.119,287,0.395685,0.326188,0.00316119,0.223961
459.985,286.5,0.390631,0.322937,0.00326512,0.219758
460.851,286,0.385568,0.319625,0.00336316,0.215619
461.717,285.5,0.380497,0.316252,0.00345531,0.211544
462.583,285,0.375662,0.313006,0.00352134,0.207694
463.449,284.5,0.371027,0.309865,0.00356401,0.204039
464.315,284,0.366389,0.306676,0.00359985,0.200444
465.181,283.5,0.361747,0.303438,0.00362884,0.196908
466.047,283,0.3571,0.300152,0.00365098,0.193432
466.913,282.5,0.352448,0.296817,0.00366629,0.190016
467.779,282,0.347894,0.293526,0.00366673,0.186706
468.645,281.5,0.343618,0.29045,0.00363381,0.183574
469.512,281,0.339195,0.287214,0.00359278,0.180413
470.378,280.5,0.334778,0.283948,0.00354566,0.177306
471.244,280,0.330367,0.280653,0.00349247,0.174252
472.11,279.5,0.32596,0.277328,0.0034332,0.171252
472.976,279,0.321559,0.273974,0.00336786,0.168306
473.842,278.5,0.317544,0.270979,0.00327272,0.165512
474.708,278,0.313571,0.267997,0.0031708,0.162772
475.574,277.5,0.309604,0.264994,0.00306431,0.160074
476.44,277,0.305643,0.26197,0.00295323,0.157419
477.306,276.5,0.301688,0.258925,0.00283756,0.154808
478.172,276,0.297686,0.255816,0.00272356,0.152209
479.038,275.5,0.29382,0.252858,0.00260891,0.14962
