x,v,vx,vy,vz
220.096,425,0.0324513,0.00956625,0.0127434,0.0282698
220.962,424.5,0.0324068,0.00478635,0.0130637,0.0292682
221.828,424,0.0332238,-0.000222649,0.0133902,0.0304051
222.694,423.5,0.034992,-0.00558005,0.0137249,0.0317007
223.56,423,0.0375075,-0.0110214,0.0140642,0.0329779
224.426,422.5,0.0406832,-0.0165368,0.0144079,0.0342647
225.292,422,0.0444063,-0.0221264,0.0147559,0.0355613
226.158,421.5,0.0485773,-0.02779,0.0151082,0.0368675
227.024,421,0.053166,-0.0335676,0.0154646,0.0382188
227.89,420.5,0.0586405,-0.0398719,0.0158228,0.0399822
228.756,420,0.0643966,-0.0462645,0.0161853,0.0417678
229.622,419.5,0.070391,-0.0527456,0.0165521,0.0435756
230.488,419,0.076592,-0.059315,0.0169233,0.0454055
231.355,418.5,0.0829756,-0.0659728,0.0172989,0.0472577
232.221,418,0.0895055,-0.0727601,0.0176846,0.0490352
233.087,417.5,0.0966719,-0.0799659,0.0180384,0.0512399
233.953,417,0.104153,-0.0873815,0.0183845,0.0536121
234.819,416.5,0.111796,-0.0949173,0.0187346,0.0560185
235.685,416,0.119596,-0.102573,0.0190889,0.0584588
236.551,415.5,0.127546,-0.110349,0.0194473,0.0609332
237.417,415,0.135644,-0.118246,0.0198098,0.0634417
238.283,414.5,0.144148,-0.126396,0.0201262,0.0663135
239.149,414,0.153122,-0.13484,0.0203828,0.0696341
240.015,413.5,0.162252,-0.143419,0.0206387,0.0730115
240.881,413,0.171538,-0.152134,0.020894,0.0764457
241.747,412.5,0.18104,-0.161134,0.0211392,0.0797764
242.613,412,0.190732,-0.170334,0.0213774,0.0831161
243.479,411.5,0.200626,-0.179666,0.0215612,0.0866367
244.345,411,0.210864,-0.188995,0.0214174,0.0910276
245.211,410.5,0.22128,-0.198472,0.0212469,0.0955104
246.077,410,0.231874,-0.2081,0.0210496,0.100085
246.943,409.5,0.242645,-0.217877,0.0208256,0.104752
247.809,409,0.253594,-0.227803,0.0205749,0.10951
248.675,408.5,0.26472,-0.237879,0.0202974,0.11436
249.541,408,0.275395,-0.247032,0.0190924,0.120222
250.407,407.5,0.286072,-0.256031,0.0175973,0.126395
251.273,407,0.296939,-0.265245,0.0158454,0.132539
252.139,406.5,0.307932,-0.274553,0.0138741,0.138745
253.005,406,0.319043,-0.283928,0.0117043,0.145039
253.871,405.5,0.330274,-0.29337,0.00933609,0.151419
254.737,405,0.34004,-0.301446,0.00449605,0.15728
255.603,404.5,0.348322,-0.30816,-0.00306962,0.162347
256.469,404,0.356656,-0.314881,-0.0112704,0.167112
257.335,403.5,0.365068,-0.321609,-0.0201062,0.171575
258.201,403,0.373589,-0.328345,-0.029577,0.175736
259.067,402.5,0.382248,-0.335089,-0.039683,0.179595
259.933,402,0.389299,-0.340022,-0.0519551,0.182317
260.799,401.5,0.389339,-0.336658,-0.0725156,0.181626
261.665,401,0.389362,-0.331302,-0.0940094,0.18167
262.531,400.5,0.389547,-0.323923,-0.116318,0.182458
263.397,400,0.390153,-0.314521,-0.13944,0.183989
264.263,399.5,0.391476,-0.303096,-0.163377,0.186264
265.13,399,0.393848,-0.289648,-0.188128,0.189282
265.996,398.5,0.388483,-0.245661,-0.214867,0.210716
266.862,398,0.39042,-0.192472,-0.241539,0.238832
267.728,397.5,0.404166,-0.133801,-0.267914,0.271422
268.594,397,0.431793,-0.069646,-0.293993,0.308484
269.46,396.5,0.474099,-8.55658e-06,-0.319775,0.350019
270.326,396,0.531699,0.0797455,-0.335573,0.404642
271.192,395.5,0.594454,0.170972,-0.326864,0.466159
272.058,395,0.657859,0.259911,-0.298724,0.525347
272.924,394.5,0.721167,0.338861,-0.267228,0.577793
273.79,394,0.780428,0.407821,-0.232376,0.6235
274.656,393.5,0.83334,0.466791,-0.194169,0.662465
275.522,393,0.87858,0.515772,-0.152606,0.69469
276.388,392.5,0.885245,0.530937,-0.108664,0.699969
277.254,392,0.789341,0.463918,-0.0677905,0.635015
278.12,391.5,0.680061,0.386141,-0.0291435,0.559042
278.986,391,0.557359,0.296994,0.00711924,0.471586
279.852,390.5,0.407397,0.182226,0.0365204,0.362535
280.718,390,0.265986,0.0646417,0.0642174,0.249892
281.584,389.5,0.170618,-0.0557586,0.0902104,0.133655
282.45,389,0.213257,-0.172589,0.112911,0.0542484
283.316,388.5,0.310671,-0.280021,0.133991,-0.0122844
284.182,388,0.41378,-0.378105,0.153571,-0.0683111
285.048,387.5,0.510255,-0.466839,0.171649,-0.113832
285.914,387,0.596612,-0.546225,0.188226,-0.148846
286.78,386.5,0.671686,-0.616262,0.203301,-0.173354
287.646,386,0.707491,-0.656903,0.205269,-0.163972
288.512,385.5,0.72114,-0.679697,0.198527,-0.136538
289.378,385,0.725939,-0.692525,0.189429,-0.107303
290.244,384.5,0.730304,-0.703452,0.179412,-0.0794421
291.11,384,0.734038,-0.712477,0.168475,-0.0529543
291.976,383.5,0.736974,-0.719601,0.156619,-0.0278401
292.842,383,0.732722,-0.719362,0.138898,-0.0103485
293.708,382.5,0.713565,-0.705028,0.109697,-0.00876541
294.574,382,0.693932,-0.68917,0.080657,-0.00901564
295.44,381.5,0.673872,-0.671789,0.0517768,-0.0110992
296.306,381,0.653463,-0.652883,0.0230567,-0.015016
297.172,380.5,0.632819,-0.632455,-0.00550316,-0.0207661
298.038,380,0.611852,-0.610285,-0.0329868,-0.0287672
298.905,379.5,0.580035,-0.575132,-0.0545072,-0.0518908
299.771,379,0.550439,-0.540182,-0.0747857,-0.0747897
300.637,378.5,0.523311,-0.505544,-0.0938243,-0.0973445
301.503,378,0.4988,-0.47122,-0.111623,-0.119555
302.369,377.5,0.477055,-0.437208,-0.128182,-0.141421
303.235,377,0.458216,-0.403509,-0.143501,-0.162944
304.101,376.5,0.43645,-0.364512,-0.152585,-0.185304
304.967,376,0.416734,-0.324055,-0.15978,-0.207668
305.833,375.5,0.402532,-0.285013,-0.167823,-0.229423
306.699,375,0.393971,-0.247385,-0.176714,-0.250571
307.565,374.5,0.390361,-0.210835,-0.18557,-0.271097
308.431,374,0.389834,-0.174515,-0.191463,-0.291303
309.297,373.5,0.391343,-0.140427,-0.193106,-0.310065
310.163,373,0.392767,-0.108546,-0.189107,-0.326683
311.029,372.5,0.399085,-0.0771637,-0.187395,-0.343799
311.895,372,0.409992,-0.0462813,-0.187967,-0.361414
312.761,371.5,0.425097,-0.0158986,-0.190825,-0.379527
313.627,371,0.443973,0.0139845,-0.195967,-0.398137
314.493,370.5,0.465684,0.0429642,-0.202861,-0.416969
315.359,370,0.478901,0.0636415,-0.200445,-0.430253
316.225,369.5,0.49358,0.0849116,-0.199329,-0.443486
317.091,369,0.509766,0.105495,-0.197217,-0.458081
317.957,368.5,0.527674,0.122228,-0.190471,-0.476677
318.823,368,0.546886,0.137723,-0.184917,-0.495906
319.689,367.5,0.567197,0.15198,-0.180555,-0.515766
320.555,367,0.580725,0.159015,-0.168044,-0.532651
321.421,366.5,0.591335,0.163173,-0.152119,-0.547642
322.287,366,0.601676,0.166742,-0.13603,-0.561878
323.153,365.5,0.611711,0.169721,-0.119779,-0.575359
324.019,365,0.621411,0.172111,-0.103365,-0.588086
324.885,364.5,0.630751,0.173912,-0.0867887,-0.600057
325.751,364,0.634377,0.170547,-0.0648488,-0.607571
326.617,363.5,0.630573,0.161654,-0.0329078,-0.608611
327.483,363,0.627124,0.155493,0.0023113,-0.607537
328.349,362.5,0.623174,0.150372,0.0348195,-0.603757
329.215,362,0.618312,0.146292,0.0646168,-0.597271
330.081,361.5,0.612183,0.143253,0.0917032,-0.588079
330.947,361,0.604172,0.141092,0.114772,-0.576146
331.813,360.5,0.592879,0.1397,0.125233,-0.56241
332.679,360,0.582236,0.141472,0.135978,-0.548174
333.546,359.5,0.572363,0.146407,0.147006,-0.533436
334.412,359,0.56344,0.154506,0.158318,-0.518197
335.278,358.5,0.555709,0.165768,0.169913,-0.502457
336.144,358,0.536646,0.173309,0.159532,-0.482185
337.01,357.5,0.540522,0.140093,0.13411,-0.504532
337.876,357,0.559519,0.102196,0.118779,-0.53713
338.742,356.5,0.581222,0.0686445,0.1088,-0.566807
339.608,356,0.603922,0.0394392,0.104172,-0.593561
340.474,355.5,0.626411,0.0145798,0.104897,-0.617393
341.34,355,0.647905,-0.00593389,0.110974,-0.638303
342.206,354.5,0.630334,-0.00550452,0.131077,-0.616531
343.072,354,0.569823,0.0293522,0.177303,-0.54074
343.938,353.5,0.521344,0.0842141,0.243922,-0.453
344.804,353,0.509561,0.159081,0.330935,-0.35331
345.67,352.5,0.503766,0.151339,0.391369,-0.27876
346.536,352,0.466001,0.0372617,0.399536,-0.236937
347.402,351.5,0.445053,-0.0828044,0.392552,-0.192662
348.268,351,0.447146,-0.231327,0.34729,-0.160676
349.134,350.5,0.466647,-0.319693,0.324457,-0.10141
350,350,0.475674,-0.347901,0.324052,-0.0148651
350.866,349.5,0.478943,-0.315951,0.346076,0.0989597
351.732,349,0.510146,-0.223845,0.390527,0.240064
352.598,348.5,0.617394,-0.0715804,0.457408,0.408448
353.464,348,0.636169,-0.0541009,0.445571,0.450833
354.33,347.5,0.636074,-0.0653135,0.441381,0.453329
355.196,347,0.630259,-0.0818016,0.44052,0.443257
356.062,346.5,0.615287,-0.0967956,0.428536,0.430774
356.928,346,0.601287,-0.101016,0.420945,0.41731
357.794,345.5,0.587995,-0.0944634,0.41775,0.402864
358.66,345,0.593192,-0.046688,0.373023,0.458857
359.526,344.5,0.638758,0.0272929,0.294486,0.566167
360.392,344,0.701167,0.0965948,0.224105,0.657329
361.258,343.5,0.767152,0.161218,0.161879,0.732343
362.124,343,0.828582,0.221162,0.10781,0.79121
362.99,342.5,0.880727,0.276427,0.0618973,0.833928
363.856,342,0.906665,0.314624,0.0316217,0.849737
364.722,341.5,0.876436,0.302026,0.0283838,0.822262
365.588,341,0.847669,0.288119,0.0231475,0.796866
366.454,340.5,0.819262,0.274764,0.0184217,0.771593
367.321,340,0.791204,0.261961,0.0142066,0.746444
368.187,339.5,0.763486,0.249708,0.010502,0.72142
369.053,339,0.736098,0.238007,0.00730805,0.696519
369.919,338.5,0.725526,0.246894,0.00675174,0.682192
370.785,338,0.717949,0.257299,0.00606081,0.670232
371.651,337.5,0.711485,0.266887,0.00494703,0.659513
372.517,337,0.706076,0.275656,0.00341038,0.650035
373.383,336.5,0.70167,0.283607,0.00145087,0.641799
374.249,336,0.696276,0.288573,-0.00136459,0.633659
375.115,335.5,0.690766,0.291088,-0.0035572,0.626429
375.981,335,0.685182,0.292359,-0.00504317,0.619658
376.847,334.5,0.679144,0.292795,-0.00643088,0.612753
377.713,334,0.672642,0.292397,-0.00772032,0.605715
378.579,333.5,0.665666,0.291165,-0.0089115,0.598544
379.445,333,0.65821,0.289098,-0.0100044,0.591239
380.311,332.5,0.649323,0.285998,-0.010672,0.582848
381.177,332,0.637682,0.28182,-0.0104098,0.571933
382.043,331.5,0.626038,0.277272,-0.0101414,0.561197
382.909,331,0.614392,0.272352,-0.00986673,0.550641
383.775,330.5,0.602087,0.265626,-0.00948379,0.540243
384.641,330,0.589816,0.258312,-0.0090958,0.530165
385.507,329.5,0.577884,0.251028,-0.00874942,0.52044
386.373,329,0.565957,0.244829,-0.00813225,0.510196
387.239,328.5,0.554365,0.238734,-0.00756168,0.500269
388.105,328,0.543124,0.232691,-0.00705323,0.490703
388.971,327.5,0.532235,0.2267,-0.00660691,0.481495
389.837,327,0.5217,0.220762,-0.00622271,0.472648
390.703,326.5,0.511519,0.214876,-0.00590064,0.46416
391.569,326,0.501691,0.209602,-0.00566001,0.455772
392.435,325.5,0.492145,0.204694,-0.00546817,0.447524
393.301,325,0.482842,0.199424,-0.00523653,0.439703
394.167,324.5,0.473763,0.194094,-0.0050176,0.43215
395.033,324,0.464914,0.188821,-0.0048317,0.424816
395.899,323.5,0.456295,0.183604,-0.00467883,0.417699
396.765,323,0.447863,0.178691,-0.00458339,0.410646
397.631,322.5,0.439552,0.174354,-0.00455993,0.403467
398.497,322,0.43144,0.170076,-0.0045516,0.396477
399.363,321.5,0.423528,0.165856,-0.00455839,0.389676
400.229,321,0.415816,0.161694,-0.00458032,0.383063
401.095,320.5,0.408305,0.157592,-0.00461737,0.376638
401.962,320,0.400995,0.153555,-0.00467047,0.3704
402.828,319.5,0.393721,0.149759,-0.00477172,0.364095
403.694,319,0.386567,0.145925,-0.00486739,0.357933
404.56,318.5,0.379571,0.142159,-0.00496755,0.35191
405.426,318,0.372732,0.138461,-0.00507222,0.346024
406.292,317.5,0.366051,0.13483,-0.00518139,0.340276
407.158,317,0.359528,0.131266,-0.00529505,0.334666
408.024,316.5,0.353124,0.128218,-0.00543638,0.328979
408.89,316,0.346849,0.125422,-0.00558946,0.32333
409.756,315.5,0.340717,0.122678,-0.00574359,0.317813
410.622,315,0.334729,0.119987,-0.00589879,0.312429
411.488,314.5,0.328884,0.117349,-0.00605504,0.307176
412.354,314,0.323111,0.114474,-0.00613999,0.302091
413.22,313.5,0.317463,0.111843,-0.0062195,0.297044
414.086,313,0.311947,0.109614,-0.00630233,0.291986
414.952,312.5,0.306532,0.107412,-0.00638557,0.287025
415.818,312,0.301218,0.105237,-0.00646923,0.282163
416.684,311.5,0.296006,0.103088,-0.00655329,0.277398
417.55,311,0.290896,0.100965,-0.00663776,0.272731
418.416,310.5,0.285888,0.0989004,-0.00672119,0.268152
419.282,310,0.280997,0.0973193,-0.00678617,0.263519
420.148,309.5,0.276203,0.095754,-0.00685525,0.258983
421.014,309,0.271506,0.0942046,-0.00692842,0.254545
421.88,308.5,0.266784,0.0924084,-0.00698535,0.250171
422.746,308,0.262137,0.0906262,-0.00704411,0.245872
423.612,307.5,0.257569,0.0888665,-0.00710534,0.241648
424.478,307,0.253136,0.0874494,-0.00715594,0.237443
425.344,306.5,0.248791,0.0861482,-0.0072051,0.233288
426.21,306,0.244515,0.0848549,-0.00725726,0.229204
427.076,305.5,0.240307,0.0835694,-0.00731239,0.225189
427.942,305,0.236167,0.0822917,-0.00737052,0.221244
428.808,304.5,0.232096,0.0810219,-0.00743163,0.217368
429.674,304,0.228118,0.079905,-0.00748559,0.213535
430.54,303.5,0.224233,0.0789733,-0.00752854,0.20973
431.406,303,0.220329,0.0779034,-0.00751279,0.20596
432.272,302.5,0.216476,0.0768415,-0.00750005,0.20224
433.138,302,0.212672,0.0757878,-0.00749032,0.198569
434.004,301.5,0.208918,0.0747422,-0.0074836,0.194947
434.87,301,0.205222,0.0737376,-0.00747864,0.191371
435.737,300.5,0.201637,0.0729768,-0.00746768,0.187819
436.603,300,0.198093,0.0722186,-0.00745977,0.184308
437.469,299.5,0.19459,0.0714629,-0.00745492,0.180839
438.335,299,0.191128,0.0707098,-0.00745311,0.177411
439.201,298.5,0.187708,0.0699592,-0.00745436,0.174025
440.067,298,0.184327,0.0692029,-0.00745655,0.17068
440.933,297.5,0.180987,0.0685478,-0.00743465,0.167338
441.799,297,0.177689,0.0679436,-0.00741233,0.164018
442.665,296.5,0.174425,0.0673481,-0.00739102,0.160728
443.531,296,0.171195,0.0667612,-0.00737069,0.157468
444.397,295.5,0.168,0.066183,-0.00735136,0.154239
445.263,295,0.164839,0.0656135,-0.00733302,0.151039
446.129,294.5,0.161733,0.0651489,-0.0073157,0.14785
446.995,294,0.15868,0.0647924,-0.00729871,0.144665
447.861,293.5,0.155659,0.0644447,-0.0072818,0.141505
448.727,293,0.152672,0.0641058,-0.00726497,0.13837
449.593,292.5,0.149721,0.0637696,-0.00724342,0.135268
450.459,292,0.146826,0.0634107,-0.00719644,0.132231
451.325,291.5,0.143968,0.0630964,-0.00714986,0.129207
452.191,291,0.141162,0.0629477,-0.00710216,0.12615
453.057,290.5,0.138393,0.062811,-0.00705481,0.123116
453.923,290,0.135661,0.0626862,-0.00700781,0.120105
454.789,289.5,0.132968,0.0625734,-0.00696118,0.117118
455.655,289,0.130313,0.0624725,-0.00691489,0.114153
456.521,288.5,0.127699,0.0623836,-0.00686897,0.111212
457.387,288,0.125165,0.0624739,-0.00682333,0.108244
458.253,287.5,0.122683,0.0626036,-0.00677752,0.10529
459.119,287,0.120258,0.0627414,-0.00672895,0.102373
459.985,286.5,0.117914,0.0628755,-0.00667061,0.0995283
460.851,286,0.115617,0.0630219,-0.00661138,0.0967051
461.717,285.5,0.113369,0.0631804,-0.00655125,0.0939032
462.583,285,0.111201,0.0634588,-0.00648988,0.0910855
463.449,284.5,0.109116,0.063838,-0.00642695,0.0882589
464.315,284,0.10709,0.064229,-0.00636265,0.085454
465.181,283.5,0.105125,0.0646317,-0.00629698,0.0826707
466.047,283,0.103225,0.0650462,-0.00622994,0.0799092
466.913,282.5,0.101389,0.0654725,-0.00616152,0.0771693
467.779,282,0.0996446,0.0659586,-0.00609104,0.0744406
468.645,281.5,0.0980718,0.0666066,-0.00602143,0.0717313
469.512,281,0.0966223,0.0672433,-0.00596263,0.0691279
470.378,280.5,0.09525,0.0678895,-0.00590325,0.0665487
471.244,280,0.0939564,0.0685454,-0.00584328,0.0639937
472.11,279.5,0.092743,0.0692108,-0.00578274,0.0614629
472.976,279,0.0916112,0.0698858,-0.00572161,0.0589563
473.842,278.5,0.0906851,0.0707563,-0.00565636,0.0564389
474.708,278,0.0898614,0.071651,-0.0055902,0.053944
475.574,277.5,0.0891299,0.0725533,-0.00552345,0.0514748
476.44,277,0.088491,0.0734629,-0.0054561,0.0490314
477.306,276.5,0.0879447,0.0743801,-0.00538817,0.0466137
478.172,276,0.0874874,0.0752873,-0.00531702,0.0442447
479.038,275.5,0.0872158,0.0762909,-0.00523609,0.0419388
