x,v,vx,vy,vz
220.096,425,0.287729,0.27327,-0.0737133,0.0517474
220.962,424.5,0.298932,0.284374,-0.0756993,0.05255
221.828,424,0.310639,0.296022,-0.0775358,0.0534364
222.694,423.5,0.322646,0.307831,-0.0793829,0.0551227
223.56,423,0.334457,0.31929,-0.0813049,0.0574891
224.426,422.5,0.346236,0.33068,-0.0831588,0.0601193
225.292,422,0.357983,0.342003,-0.0849447,0.0630131
226.158,421.5,0.369702,0.353257,-0.0866625,0.0661706
227.024,421,0.381262,0.36438,-0.0882092,0.0693345
227.89,420.5,0.391203,0.374681,-0.0883624,0.0696148
228.756,420,0.40089,0.384833,-0.0881242,0.0696453
229.622,419.5,0.41033,0.394836,-0.0874945,0.069426
230.488,419,0.419533,0.404691,-0.0864734,0.068957
231.355,418.5,0.428505,0.414397,-0.0850607,0.0682383
232.221,418,0.433091,0.420582,-0.0796029,0.0658883
233.087,417.5,0.433008,0.422839,-0.0714647,0.0599625
233.953,417,0.431135,0.423304,-0.0627263,0.0525049
234.819,416.5,0.428211,0.422537,-0.0535627,0.0442504
235.685,416,0.424295,0.42054,-0.0439739,0.035199
236.551,415.5,0.419457,0.417311,-0.0339598,0.0253507
237.417,415,0.413782,0.412851,-0.0235206,0.0147055
238.283,414.5,0.407469,0.407214,-0.0140324,0.0031903
239.149,414,0.400825,0.400681,-0.00622628,-0.00876479
240.015,413.5,0.393842,0.393285,0.00139429,-0.0209039
240.881,413,0.386559,0.385027,0.00882927,-0.033227
241.747,412.5,0.379344,0.376414,0.014452,-0.044789
242.613,412,0.372779,0.368115,0.0191086,-0.055589
243.479,411.5,0.367248,0.360616,0.0228531,-0.0656117
244.345,411,0.364801,0.356452,0.0240087,-0.0737957
245.211,410.5,0.362557,0.352428,0.025002,-0.0813434
246.077,410,0.360472,0.348545,0.0258328,-0.0882546
246.943,409.5,0.358506,0.344802,0.0265012,-0.0945294
247.809,409,0.356624,0.341201,0.0270073,-0.100168
248.675,408.5,0.354791,0.33774,0.0273509,-0.10517
249.541,408,0.354006,0.335294,0.0280454,-0.110053
250.407,407.5,0.353285,0.332949,0.0288715,-0.114552
251.273,407,0.353959,0.333262,0.0288744,-0.115712
252.139,406.5,0.354553,0.333783,0.0287572,-0.116059
253.005,406,0.354761,0.333983,0.0286796,-0.116141
253.871,405.5,0.354583,0.33386,0.0286417,-0.115957
254.737,405,0.354421,0.333522,0.0288733,-0.116375
255.603,404.5,0.35419,0.332895,0.029363,-0.117341
256.469,404,0.353477,0.331854,0.0298871,-0.118008
257.335,403.5,0.352282,0.330398,0.0304456,-0.118376
258.201,403,0.350604,0.328528,0.0310385,-0.118446
259.067,402.5,0.348443,0.326244,0.0316658,-0.118216
259.933,402,0.346163,0.323713,0.0323512,-0.118289
260.799,401.5,0.348421,0.325399,0.0321964,-0.120316
261.665,401,0.350504,0.326943,0.0320514,-0.122205
262.531,400.5,0.352052,0.327934,0.0320199,-0.123996
263.397,400,0.353068,0.328374,0.0321018,-0.125689
264.263,399.5,0.353553,0.328261,0.0322971,-0.127283
265.13,399,0.353507,0.327597,0.0326057,-0.12878
265.996,398.5,0.35191,0.324804,0.033682,-0.131181
266.862,398,0.349684,0.321219,0.0349187,-0.133709
267.728,397.5,0.346982,0.317057,0.036223,-0.136232
268.594,397,0.343814,0.312319,0.0375949,-0.138751
269.46,396.5,0.340192,0.307003,0.0390344,-0.141265
270.326,396,0.337077,0.302093,0.0396461,-0.144183
271.192,395.5,0.332177,0.295488,0.0405313,-0.146239
272.058,395,0.325616,0.287287,0.0416408,-0.147506
272.924,394.5,0.31829,0.278242,0.0427946,-0.148522
273.79,394,0.310218,0.268353,0.0439926,-0.149286
274.656,393.5,0.301421,0.257621,0.0452348,-0.149799
275.522,393,0.291925,0.246044,0.0465213,-0.150061
276.388,392.5,0.28159,0.233674,0.0479395,-0.149637
277.254,392,0.270305,0.22083,0.049659,-0.14776
278.12,391.5,0.258755,0.207493,0.0514129,-0.145801
278.986,391,0.24708,0.193769,0.0531384,-0.1438
279.852,390.5,0.237912,0.182848,0.0530735,-0.142661
280.718,390,0.228126,0.171381,0.0532842,-0.140822
281.584,389.5,0.217742,0.159367,0.0537706,-0.138285
282.45,389,0.206805,0.147628,0.0549277,-0.134005
283.316,388.5,0.195561,0.135714,0.0561793,-0.129111
284.182,388,0.184049,0.123579,0.0574907,-0.123681
285.048,387.5,0.172314,0.111223,0.0588618,-0.117715
285.914,387,0.160419,0.0986453,0.0602926,-0.111213
286.78,386.5,0.148455,0.085846,0.0617832,-0.104174
287.646,386,0.135179,0.0729758,0.0634949,-0.0944267
288.512,385.5,0.122364,0.06042,0.0655307,-0.0838333
289.378,385,0.116617,0.0476486,0.070022,-0.0801634
290.244,384.5,0.112765,0.0349753,0.0754959,-0.0761127
291.11,384,0.111158,0.0224,0.0819525,-0.0716814
291.976,383.5,0.112075,0.00992278,0.0893917,-0.0668694
292.842,383,0.115545,-0.00577445,0.0968219,-0.0627919
293.708,382.5,0.12288,-0.0305537,0.101826,-0.0616228
294.574,382,0.135375,-0.0577202,0.106052,-0.06122
295.44,381.5,0.152968,-0.0872739,0.109498,-0.0615835
296.306,381,0.175289,-0.119215,0.112165,-0.0627134
297.172,380.5,0.201886,-0.153543,0.114054,-0.0646095
298.038,380,0.231416,-0.189318,0.115327,-0.0664205
298.905,379.5,0.267086,-0.223798,0.098269,-0.10767
299.771,379,0.309668,-0.257287,0.0811094,-0.152049
300.637,378.5,0.357374,-0.289753,0.0640338,-0.199147
301.503,378,0.409099,-0.321196,0.047042,-0.248962
302.369,377.5,0.464156,-0.351617,0.0301342,-0.301494
303.235,377,0.522126,-0.381014,0.0133103,-0.356745
304.101,376.5,0.569768,-0.3943,-0.00278124,-0.411285
304.967,376,0.612213,-0.398304,-0.0191652,-0.464533
305.833,375.5,0.655263,-0.400079,-0.0362862,-0.517677
306.699,375,0.698821,-0.399625,-0.0541443,-0.570718
307.565,374.5,0.739982,-0.39498,-0.0714498,-0.621659
308.431,374,0.773249,-0.382133,-0.0846518,-0.666875
309.297,373.5,0.793145,-0.364498,-0.0927534,-0.698295
310.163,373,0.785577,-0.339011,-0.0924414,-0.702608
311.029,372.5,0.779952,-0.313288,-0.093799,-0.70808
311.895,372,0.776367,-0.287331,-0.0968263,-0.714711
312.761,371.5,0.774926,-0.261139,-0.101523,-0.722502
313.627,371,0.775728,-0.234712,-0.10789,-0.731453
314.493,370.5,0.777649,-0.208121,-0.115295,-0.740358
315.359,370,0.756399,-0.183562,-0.110628,-0.7254
316.225,369.5,0.737094,-0.16032,-0.106377,-0.71154
317.091,369,0.719128,-0.13683,-0.101644,-0.698635
317.957,368.5,0.702876,-0.110672,-0.0961186,-0.687421
318.823,368,0.690459,-0.0858577,-0.0927093,-0.678798
319.689,367.5,0.681811,-0.0623868,-0.091416,-0.672769
320.555,367,0.667441,-0.0467114,-0.0847991,-0.660382
321.421,366.5,0.65106,-0.0352475,-0.0760338,-0.645643
322.287,366,0.635713,-0.0257006,-0.0676172,-0.631584
323.153,365.5,0.62133,-0.0180707,-0.0595493,-0.618205
324.019,365,0.607846,-0.0123578,-0.05183,-0.605506
324.885,364.5,0.595211,-0.00856187,-0.0444593,-0.593486
325.751,364,0.585825,-0.00759535,-0.0377133,-0.58456
326.617,363.5,0.581303,-0.00629655,-0.0314529,-0.580417
327.483,363,0.578702,-0.00151505,-0.0252696,-0.578148
328.349,362.5,0.576753,0.00184738,-0.0195891,-0.576417
329.215,362,0.575417,0.00379075,-0.0144112,-0.575224
330.081,361.5,0.574668,0.00431503,-0.009736,-0.574569
330.947,361,0.576522,0.00348746,-0.00566617,-0.576483
331.813,360.5,0.597219,0.0024327,-0.00300392,-0.597207
332.679,360,0.619063,0.00104477,-0.000840505,-0.619062
333.546,359.5,0.642049,-0.000676316,0.000824072,-0.642048
334.412,359,0.666175,-0.00273057,0.00198981,-0.666166
335.278,358.5,0.691439,-0.00511799,0.00265671,-0.691415
336.144,358,0.718723,-0.00754478,0.00617662,-0.718657
337.01,357.5,0.765844,-0.0224258,0.00497883,-0.765499
337.876,357,0.817582,-0.039428,0.00271425,-0.816627
338.742,356.5,0.868966,-0.0551874,0.00222003,-0.867209
339.608,356,0.919899,-0.0697042,0.00349614,-0.917248
340.474,355.5,0.970318,-0.0829783,0.0065426,-0.966741
341.34,355,1.02019,-0.0950098,0.0113594,-1.01569
342.206,354.5,1.04255,-0.0896783,0.0477547,-1.03759
343.072,354,1.02936,-0.0609788,0.129266,-1.01938
343.938,353.5,1.01306,-0.0254616,0.226162,-0.987164
344.804,353,1.00008,0.0168732,0.338442,-0.940926
345.67,352.5,0.975098,0.0556091,0.445993,-0.86534
346.536,352,0.924738,0.0708585,0.5259,-0.757331
347.402,351.5,0.864661,0.0649034,0.577829,-0.639953
348.268,351,0.776177,0.0644044,0.52675,-0.566425
349.134,350.5,0.701572,0.112912,0.452812,-0.523846
350,350,0.658326,0.210427,0.356017,-0.512217
350.866,349.5,0.682503,0.356949,0.236363,-0.531536
351.732,349,0.807797,0.552477,0.0938512,-0.581805
352.598,348.5,1.0392,0.797013,-0.0715189,-0.663023
353.464,348,1.30859,1.03258,-0.266116,-0.758529
354.33,347.5,1.60501,1.26853,-0.46065,-0.868733
355.196,347,1.84752,1.45577,-0.620086,-0.953713
356.062,346.5,2.04006,1.60396,-0.742319,-1.01888
356.928,346,2.24799,1.76403,-0.853604,-1.10136
357.794,345.5,2.46998,1.93599,-0.953941,-1.20115
358.66,345,2.65213,2.09466,-1.00434,-1.27964
359.526,344.5,2.80871,2.24528,-1.01837,-1.34555
360.392,344,2.99022,2.41116,-1.03384,-1.43488
361.258,343.5,3.19675,2.5923,-1.05075,-1.54762
362.124,343,3.42855,2.7887,-1.0691,-1.68378
362.99,342.5,3.68589,3.00036,-1.08889,-1.84335
363.856,342,3.92733,3.19904,-1.09799,-1.99612
364.722,341.5,3.94641,3.22698,-1.05133,-2.01381
365.588,341,3.93224,3.22027,-1.00116,-2.02238
366.454,340.5,3.95082,3.23632,-0.959715,-2.05284
367.321,340,4.00219,3.27511,-0.92699,-2.10519
368.187,339.5,4.08639,3.33666,-0.902989,-2.17943
369.053,339,4.20347,3.42096,-0.887712,-2.27555
369.919,338.5,4.17588,3.39895,-0.836685,-2.27706
370.785,338,4.15634,3.38325,-0.788776,-2.2818
371.651,337.5,4.16462,3.38836,-0.748988,-2.30264
372.517,337,4.20066,3.41427,-0.71732,-2.3396
373.383,336.5,4.26435,3.461,-0.693773,-2.39267
374.249,336,4.2827,3.47066,-0.663941,-2.41975
375.115,335.5,4.18535,3.39209,-0.612294,-2.37402
375.981,335,4.038,3.27698,-0.550811,-2.29423
376.847,334.5,3.91793,3.1824,-0.494501,-2.23113
377.713,334,3.82512,3.10837,-0.443366,-2.18471
378.579,333.5,3.75955,3.05489,-0.397404,-2.15498
379.445,333,3.72119,3.02195,-0.356617,-2.14194
380.311,332.5,3.66572,2.97617,-0.318284,-2.11628
381.177,332,3.50259,2.85124,-0.272201,-2.01606
382.043,331.5,3.3441,2.73289,-0.222589,-1.91436
382.909,331,3.19051,2.62112,-0.169446,-1.81118
383.775,330.5,3.0099,2.48611,-0.111354,-1.69304
384.641,330,2.83782,2.35571,-0.0532223,-1.58147
385.507,329.5,2.68959,2.24316,0.00373359,-1.48394
386.373,329,2.46903,2.07718,0.0282178,-1.33441
387.239,328.5,2.23769,1.90499,0.0567367,-1.17262
388.105,328,2.00053,1.72956,0.0909571,-1.00124
388.971,327.5,1.75931,1.55088,0.130879,-0.820251
389.837,327,1.51712,1.36896,0.176503,-0.629662
390.703,326.5,1.27972,1.18378,0.227828,-0.42947
391.569,326,1.13352,1.06977,0.240646,-0.287329
392.435,325.5,1.02195,0.982256,0.229693,-0.163715
393.301,325,0.901347,0.874167,0.217947,-0.0275374
394.167,324.5,0.791389,0.753708,0.207289,0.123495
395.033,324,0.715202,0.622347,0.198134,0.291447
395.899,323.5,0.702597,0.480082,0.190482,0.476319
396.765,323,0.738136,0.37867,0.180873,0.607239
397.631,322.5,0.729218,0.377721,0.162942,0.602109
398.497,322,0.724639,0.371322,0.142561,0.605721
399.363,321.5,0.724963,0.359472,0.11973,0.618074
400.229,321,0.731121,0.342172,0.09445,0.639168
401.095,320.5,0.744344,0.319422,0.0667204,0.669003
401.962,320,0.765659,0.29151,0.0367874,0.707038
402.828,319.5,0.746604,0.287179,0.0301149,0.688505
403.694,319,0.728469,0.282222,0.0228572,0.67119
404.56,318.5,0.712633,0.27722,0.0150906,0.656329
405.426,318,0.699114,0.272173,0.006815,0.643922
406.292,317.5,0.687934,0.267081,-0.00196956,0.633969
407.158,317,0.679122,0.261943,-0.0112631,0.62647
408.024,316.5,0.671382,0.263302,-0.0155034,0.617403
408.89,316,0.664184,0.268073,-0.01731,0.607435
409.756,315.5,0.657891,0.27349,-0.0190346,0.598048
410.622,315,0.652521,0.279554,-0.0206771,0.589242
411.488,314.5,0.64809,0.286264,-0.0222374,0.581016
412.354,314,0.643617,0.291249,-0.0240011,0.573446
413.22,313.5,0.639075,0.295598,-0.0249527,0.566053
414.086,313,0.632826,0.298362,-0.0243778,0.557543
414.952,312.5,0.627016,0.301901,-0.0235998,0.549043
415.818,312,0.621671,0.306215,-0.0226188,0.540551
416.684,311.5,0.61682,0.311303,-0.0214347,0.532069
417.55,311,0.612494,0.317167,-0.0200476,0.523596
418.416,310.5,0.608595,0.323522,-0.0185079,0.51515
419.282,310,0.603169,0.326309,-0.0174843,0.506981
420.148,309.5,0.597961,0.329321,-0.016254,0.49884
421.014,309,0.592982,0.33256,-0.0148169,0.490726
421.88,308.5,0.588066,0.335445,-0.0133653,0.482825
422.746,308,0.58331,0.338707,-0.0117278,0.474754
423.612,307.5,0.578739,0.342366,-0.00989863,0.466504
424.478,307,0.573356,0.344223,-0.00903069,0.458439
425.344,306.5,0.56774,0.345422,-0.00840399,0.45049
426.21,306,0.562214,0.34665,-0.0076426,0.442561
427.076,305.5,0.556782,0.347905,-0.00674651,0.434653
427.942,305,0.551446,0.349188,-0.00571571,0.426764
428.808,304.5,0.54621,0.3505,-0.00455023,0.418896
429.674,304,0.540746,0.351297,-0.00368371,0.411075
430.54,303.5,0.534898,0.351327,-0.00330493,0.403329
431.406,303,0.528821,0.351142,-0.00293122,0.395401
432.272,302.5,0.522748,0.350851,-0.00249695,0.387509
433.138,302,0.516679,0.350454,-0.00200213,0.379651
434.004,301.5,0.510611,0.34995,-0.00144676,0.371828
434.87,301,0.504538,0.349276,-0.000871413,0.364093
435.737,300.5,0.498413,0.348009,-0.000557389,0.356798
436.603,300,0.492273,0.34661,-0.000231542,0.349562
437.469,299.5,0.486115,0.34508,0.000106126,0.342385
438.335,299,0.479938,0.343417,0.000455617,0.335268
439.201,298.5,0.473739,0.341622,0.00081693,0.328211
440.067,298,0.467488,0.339681,0.00118825,0.321186
440.933,297.5,0.46133,0.337477,0.00143414,0.314535
441.799,297,0.455251,0.335152,0.00164798,0.308098
442.665,296.5,0.449154,0.332702,0.00185688,0.301737
443.531,296,0.443036,0.330126,0.00206086,0.295454
444.397,295.5,0.436895,0.327425,0.00225991,0.289248
445.263,295,0.430728,0.324599,0.00245402,0.28312
446.129,294.5,0.424861,0.321824,0.00262158,0.277362
446.995,294,0.419313,0.319124,0.00276005,0.271985
447.861,293.5,0.41375,0.316324,0.0028912,0.266683
448.727,293,0.408168,0.313422,0.00301503,0.261456
449.593,292.5,0.40252,0.310383,0.00312927,0.256271
450.459,292,0.396596,0.307053,0.00322414,0.250991
451.325,291.5,0.39078,0.303712,0.00330824,0.245881
452.191,291,0.385504,0.300686,0.00336773,0.241226
453.057,290.5,0.380228,0.297587,0.00342083,0.23665
453.923,290,0.374951,0.294415,0.00346753,0.232155
454.789,289.5,0.369673,0.29117,0.00350784,0.22774
455.655,289,0.364392,0.287853,0.00354175,0.223405
456.521,288.5,0.359108,0.284463,0.00356926,0.21915
457.387,288,0.354333,0.28145,0.00356881,0.215233
458.253,287.5,0.349641,0.278452,0.00356054,0.211425
459.119,287,0.344894,0.275355,0.00354568,0.20765
459.985,286.5,0.339961,0.272051,0.00351745,0.203837
460.851,286,0.335043,0.268704,0.00348386,0.200099
461.717,285.5,0.330138,0.265313,0.00344489,0.196438
462.583,285,0.325527,0.262157,0.00338614,0.192951
463.449,284.5,0.321162,0.259196,0.00331139,0.189609
464.315,284,0.316809,0.256204,0.00323295,0.186325
465.181,283.5,0.312468,0.253181,0.00315082,0.183101
466.047,283,0.308138,0.250125,0.003065,0.179936
466.913,282.5,0.303819,0.247038,0.00297549,0.17683
467.779,282,0.299612,0.244031,0.00287707,0.173804
468.645,281.5,0.295701,0.241319,0.00275607,0.17087
469.512,281,0.291672,0.23847,0.00262717,0.167922
470.378,280.5,0.287665,0.235611,0.00249569,0.165022
471.244,280,0.283679,0.232742,0.00236164,0.162171
472.11,279.5,0.279714,0.229863,0.00222503,0.159368
472.976,279,0.275769,0.226973,0.00208585,0.156613
473.842,278.5,0.272191,0.224485,0.00193268,0.153918
474.708,278,0.268661,0.222027,0.00177685,0.15126
475.574,277.5,0.265149,0.219563,0.00161945,0.148638
476.44,277,0.261654,0.217093,0.00146045,0.146052
477.306,276.5,0.258176,0.214617,0.00129988,0.143501
478.172,276,0.254676,0.212098,0.00114423,0.140972
479.038,275.5,0.251325,0.209761,0.00100051,0.138433
