x,v,vx,vy,vz
220.096,425,0.208469,0.208362,-3.03724e-05,-0.00667936
220.962,424.5,0.208477,0.208366,-3.08632e-05,-0.00680952
221.828,424,0.208481,0.208365,-3.11326e-05,-0.00694485
222.694,423.5,0.208487,0.208366,-3.02946e-05,-0.00708312
223.56,423,0.208499,0.208374,-2.90509e-05,-0.00722132
224.426,422.5,0.208513,0.208383,-2.77768e-05,-0.00736155
225.292,422,0.208529,0.208394,-2.64725e-05,-0.0075038
226.158,421.5,0.208548,0.208408,-2.51379e-05,-0.00764809
227.024,421,0.208568,0.208422,-2.37149e-05,-0.00779533
227.89,420.5,0.208575,0.208423,-2.16148e-05,-0.00795516
228.756,420,0.208584,0.208426,-1.94836e-05,-0.00811742
229.622,419.5,0.208595,0.208431,-1.73214e-05,-0.00828211
230.488,419,0.208609,0.208438,-1.51282e-05,-0.00844924
231.355,418.5,0.208625,0.208447,-1.29039e-05,-0.0086188
232.221,418,0.208644,0.208459,-1.2407e-05,-0.00879248
233.087,417.5,0.208651,0.208458,-1.15219e-05,-0.00897811
233.953,417,0.208657,0.208455,-1.04304e-05,-0.00916976
234.819,416.5,0.208664,0.208454,-9.49269e-06,-0.00936496
235.685,416,0.208675,0.208455,-8.70873e-06,-0.00956373
236.551,415.5,0.208687,0.208459,-8.07854e-06,-0.00976605
237.417,415,0.208703,0.208464,-7.60213e-06,-0.00997193
238.283,414.5,0.208708,0.208459,-6.68722e-06,-0.0101896
239.149,414,0.2087,0.20844,-5.22395e-06,-0.0104214
240.015,413.5,0.208694,0.208422,-3.93336e-06,-0.0106577
240.881,413,0.208692,0.208407,-2.81545e-06,-0.0108986
241.747,412.5,0.208715,0.208418,1.04433e-06,-0.0111305
242.613,412,0.208751,0.208441,5.7995e-06,-0.0113622
243.479,411.5,0.208787,0.208464,1.10675e-05,-0.0115993
244.345,411,0.208805,0.208468,1.90389e-05,-0.0118533
245.211,410.5,0.208828,0.208477,2.72576e-05,-0.0121114
246.077,410,0.208857,0.208491,3.57237e-05,-0.0123739
246.943,409.5,0.208892,0.208509,4.4437e-05,-0.0126406
247.809,409,0.208932,0.208533,5.33977e-05,-0.0129115
248.675,408.5,0.208978,0.208561,6.26058e-05,-0.0131866
249.541,408,0.208989,0.208553,7.42693e-05,-0.0134899
250.407,407.5,0.208998,0.208542,8.67089e-05,-0.0138034
251.273,407,0.209002,0.208524,9.2845e-05,-0.0141293
252.139,406.5,0.209009,0.208507,9.74843e-05,-0.0144634
253.005,406,0.20902,0.208495,0.000101802,-0.0148043
253.871,405.5,0.209037,0.208487,0.000105798,-0.0151522
254.737,405,0.209038,0.208461,0.000112694,-0.0155167
255.603,404.5,0.209024,0.208419,0.000122399,-0.0158987
256.469,404,0.209017,0.208381,0.000131803,-0.0162888
257.335,403.5,0.209015,0.208348,0.000140904,-0.0166872
258.201,403,0.209019,0.208319,0.000149705,-0.0170937
259.067,402.5,0.209029,0.208295,0.000158204,-0.0175084
259.933,402,0.209028,0.208257,0.000167515,-0.0179416
260.799,401.5,0.209031,0.208221,0.000192444,-0.0183897
261.665,401,0.209052,0.208201,0.000219248,-0.018842
262.531,400.5,0.209083,0.20819,0.000246811,-0.0193024
263.397,400,0.209125,0.208188,0.000275134,-0.019771
264.263,399.5,0.209178,0.208195,0.000304216,-0.0202476
265.13,399,0.209241,0.208211,0.000334057,-0.0207323
265.996,398.5,0.209261,0.20818,0.000377218,-0.0212452
266.862,398,0.209287,0.208151,0.000423374,-0.0217713
267.728,397.5,0.209326,0.208134,0.000470829,-0.0223079
268.594,397,0.209379,0.208127,0.000519582,-0.0228551
269.46,396.5,0.209446,0.208132,0.000569633,-0.0234129
270.326,396,0.209495,0.208116,0.000598929,-0.0239912
271.192,395.5,0.209462,0.208007,0.000634837,-0.0246351
272.058,395,0.209369,0.207829,0.000676556,-0.0253366
272.924,394.5,0.209288,0.207658,0.000718319,-0.0260555
273.79,394,0.209219,0.207495,0.000760124,-0.0267919
274.656,393.5,0.209163,0.20734,0.000801973,-0.0275457
275.522,393,0.20912,0.207193,0.000843864,-0.0283169
276.388,392.5,0.209065,0.207026,0.000893452,-0.029108
277.254,392,0.208948,0.206791,0.000966514,-0.0299257
278.12,391.5,0.208849,0.206568,0.00104025,-0.0307631
278.986,391,0.208773,0.206362,0.00111568,-0.0316177
279.852,390.5,0.208865,0.206331,0.0012245,-0.0324116
280.718,390,0.208983,0.206321,0.00133621,-0.0332238
281.584,389.5,0.209129,0.206332,0.00145083,-0.0340544
282.45,389,0.208989,0.206017,0.00159516,-0.0350878
283.316,388.5,0.208854,0.205692,0.00174527,-0.0361595
284.182,388,0.208743,0.205383,0.00189933,-0.0372568
285.048,387.5,0.208659,0.205089,0.00205733,-0.0383796
285.914,387,0.208602,0.204811,0.00221928,-0.039528
286.78,386.5,0.208571,0.204548,0.00238516,-0.040702
287.646,386,0.208458,0.20419,0.00259639,-0.0418868
288.512,385.5,0.208309,0.203784,0.00283332,-0.0430904
289.378,385,0.208197,0.20341,0.00302808,-0.0442839
290.244,384.5,0.208139,0.203078,0.00322604,-0.0455052
291.11,384,0.208135,0.202787,0.00342719,-0.0467545
291.976,383.5,0.208185,0.202536,0.00363154,-0.0480316
292.842,383,0.208083,0.202079,0.00385594,-0.0494721
293.708,382.5,0.207555,0.201083,0.00412286,-0.0512628
294.574,382,0.207072,0.200099,0.00439445,-0.0531026
295.44,381.5,0.206634,0.199128,0.00467069,-0.0549914
296.306,381,0.206244,0.198169,0.00495159,-0.0569294
297.172,380.5,0.205903,0.197224,0.00523715,-0.0589165
298.038,380,0.205641,0.196328,0.00553674,-0.0609327
298.905,379.5,0.205437,0.195547,0.00600224,-0.0626872
299.771,379,0.20532,0.194817,0.00647548,-0.0645054
300.637,378.5,0.205293,0.194137,0.00695537,-0.0663894
301.503,378,0.205356,0.193508,0.00744193,-0.0683393
302.369,377.5,0.205511,0.19293,0.00793515,-0.0703549
303.235,377,0.205761,0.192404,0.00843504,-0.0724362
304.101,376.5,0.205215,0.190662,0.00904223,-0.0753618
304.967,376,0.204374,0.18833,0.00971098,-0.0787794
305.833,375.5,0.203679,0.186009,0.0103942,-0.0823254
306.699,375,0.203137,0.1837,0.0110919,-0.0859999
307.565,374.5,0.202813,0.181512,0.0117872,-0.0897081
308.431,374,0.202839,0.179743,0.0124364,-0.0931736
309.297,373.5,0.202963,0.178102,0.0130723,-0.0964512
310.163,373,0.20334,0.176876,0.0136631,-0.0993749
311.029,372.5,0.204128,0.175994,0.0142521,-0.102426
311.895,372,0.205325,0.175459,0.0148392,-0.105604
312.761,371.5,0.206926,0.175268,0.0154244,-0.10891
313.627,371,0.208927,0.175423,0.0160078,-0.112343
314.493,370.5,0.211196,0.175672,0.016627,-0.116044
315.359,370,0.211182,0.170843,0.0180551,-0.122819
316.225,369.5,0.211569,0.165956,0.0195337,-0.129763
317.091,369,0.212263,0.160985,0.02108,-0.136731
317.957,368.5,0.213135,0.155991,0.0227391,-0.143445
318.823,368,0.214496,0.151098,0.0244763,-0.150262
319.689,367.5,0.216339,0.146307,0.0262917,-0.15718
320.555,367,0.220569,0.145118,0.0263435,-0.164005
321.421,366.5,0.226219,0.145667,0.025628,-0.17117
322.287,366,0.232617,0.146722,0.0247961,-0.178798
323.153,365.5,0.239756,0.148282,0.0238477,-0.186887
324.019,365,0.247627,0.150347,0.022783,-0.195438
324.885,364.5,0.256224,0.152918,0.0216019,-0.204451
325.751,364,0.263395,0.148829,0.02382,-0.216008
326.617,363.5,0.269754,0.136706,0.0311764,-0.230449
327.483,363,0.277954,0.128737,0.0386343,-0.243295
328.349,362.5,0.286094,0.121354,0.0464307,-0.254887
329.215,362,0.294013,0.114556,0.0545654,-0.265224
330.081,361.5,0.301589,0.108343,0.0630386,-0.274306
330.947,361,0.312867,0.105829,0.0699034,-0.286006
331.813,360.5,0.362773,0.133079,0.0585205,-0.33237
332.679,360,0.416845,0.163979,0.0449559,-0.380591
333.546,359.5,0.475124,0.198528,0.0292095,-0.430669
334.412,359,0.537656,0.236727,0.0112814,-0.482604
335.278,358.5,0.604486,0.278576,-0.00882843,-0.536396
336.144,358,0.666811,0.320031,-0.0273236,-0.584355
337.01,357.5,0.679278,0.343422,0.00232379,-0.586067
337.876,357,0.68367,0.373716,0.043196,-0.570855
338.742,356.5,0.692385,0.415645,0.0836586,-0.547392
339.608,356,0.708084,0.469207,0.123712,-0.515678
340.474,355.5,0.733877,0.534404,0.163355,-0.475713
341.34,355,0.772919,0.611235,0.202589,-0.427497
342.206,354.5,0.789593,0.671466,0.221786,-0.351286
343.072,354,0.782764,0.695877,0.232668,-0.272653
343.938,353.5,0.789533,0.710336,0.262212,-0.223677
344.804,353,0.805679,0.714841,0.310416,-0.204357
345.67,352.5,0.799258,0.687496,0.359291,-0.192542
346.536,352,0.766088,0.633107,0.398222,-0.165787
347.402,351.5,0.723171,0.575983,0.423887,-0.10742
348.268,351,0.619598,0.499162,0.352449,0.102561
349.134,350.5,0.574624,0.418455,0.299661,0.255522
350,350,0.552716,0.333864,0.265524,0.351464
350.866,349.5,0.524533,0.245388,0.250037,0.390386
351.732,349,0.475527,0.153026,0.253201,0.372288
352.598,348.5,0.408862,0.0567801,0.275015,0.297171
353.464,348,0.384347,-0.0359418,0.295698,0.242886
354.33,347.5,0.395598,-0.109482,0.294795,0.240016
355.196,347,0.455815,-0.143053,0.251642,0.352108
356.062,346.5,0.571343,-0.148937,0.184436,0.51984
356.928,346,0.691938,-0.148092,0.116723,0.665749
357.794,345.5,0.803705,-0.140518,0.0485013,0.789837
358.66,345,0.854787,-0.107904,0.0149727,0.847817
359.526,344.5,0.860205,-0.0635618,0.0128363,0.857757
360.392,344,0.863913,-0.027388,0.0107327,0.863412
361.258,343.5,0.864825,0.000617307,0.00866198,0.864781
362.124,343,0.862132,0.0204541,0.00662411,0.861864
362.99,342.5,0.855278,0.0321223,0.0046191,0.854662
363.856,342,0.839416,0.0347236,0.00170962,0.838696
364.722,341.5,0.804541,0.0214694,-0.00549977,0.804236
365.588,341,0.770418,0.00297233,-0.0126231,0.770309
366.454,340.5,0.737894,-0.014477,-0.0187674,0.737513
367.321,340,0.706928,-0.0308787,-0.0239328,0.705848
368.187,339.5,0.677478,-0.0462326,-0.0281192,0.675313
369.053,339,0.649496,-0.0605389,-0.0313265,0.64591
369.919,338.5,0.626409,-0.0653527,-0.0299787,0.622269
370.785,338,0.604662,-0.0692227,-0.0284355,0.600013
371.651,337.5,0.583843,-0.0731614,-0.0271656,0.578603
372.517,337,0.563958,-0.0771689,-0.026169,0.55804
373.383,336.5,0.545014,-0.0812453,-0.0254455,0.538324
374.249,336,0.529428,-0.086175,-0.0246927,0.521783
375.115,335.5,0.512029,-0.0916546,-0.0241599,0.503179
375.981,335,0.492716,-0.0969839,-0.0237673,0.482492
376.847,334.5,0.474021,-0.10189,-0.0233478,0.462351
377.713,334,0.455932,-0.106374,-0.0229014,0.442757
378.579,333.5,0.438438,-0.110435,-0.0224281,0.423709
379.445,333,0.421529,-0.114074,-0.0219279,0.405207
380.311,332.5,0.404879,-0.115978,-0.0214335,0.38732
381.177,332,0.38783,-0.113979,-0.0210817,0.370103
382.043,331.5,0.371158,-0.111696,-0.02083,0.353339
382.909,331,0.354859,-0.109129,-0.0206783,0.337029
383.775,330.5,0.339548,-0.108553,-0.0210834,0.321036
384.641,330,0.324752,-0.108701,-0.0216394,0.305254
385.507,329.5,0.310216,-0.108701,-0.0221466,0.289703
386.373,329,0.294293,-0.106426,-0.022309,0.273467
387.239,328.5,0.278567,-0.104013,-0.0223982,0.257447
388.105,328,0.263118,-0.101567,-0.0224281,0.241687
388.971,327.5,0.247952,-0.0990881,-0.0223989,0.226186
389.837,327,0.233073,-0.0965759,-0.0223105,0.210946
390.703,326.5,0.218485,-0.0940305,-0.0221629,0.195966
391.569,326,0.203543,-0.0895617,-0.0219737,0.181454
392.435,325.5,0.188589,-0.0840886,-0.0217495,0.167398
393.301,325,0.175935,-0.0795993,-0.021552,0.155411
394.167,324.5,0.164064,-0.0753694,-0.0213426,0.144156
395.033,324,0.15242,-0.0711376,-0.0211033,0.133139
395.899,323.5,0.141005,-0.0669039,-0.0208343,0.122361
396.765,323,0.129646,-0.0619996,-0.0204542,0.112007
397.631,322.5,0.118158,-0.0557387,-0.0198865,0.10227
398.497,322,0.106909,-0.0495319,-0.0193062,0.0927543
399.363,321.5,0.0959048,-0.0433794,-0.0187131,0.0834612
400.229,321,0.0851569,-0.0372811,-0.0181073,0.0743904
401.095,320.5,0.0746816,-0.0312369,-0.0174887,0.0655419
401.962,320,0.0645051,-0.0252366,-0.0168551,0.0569203
402.828,319.5,0.0548946,-0.018772,-0.0161181,0.0490024
403.694,319,0.0458512,-0.0125233,-0.0154123,0.0413275
404.56,318.5,0.0374993,-0.00639611,-0.0147105,0.0338953
405.426,318,0.0301613,-0.000390561,-0.0140128,0.0267057
406.292,317.5,0.0244537,0.00549338,-0.0133192,0.0197586
407.158,317,0.0213685,0.0112557,-0.0126297,0.0130542
408.024,316.5,0.0225108,0.0176588,-0.0118868,0.00732158
408.89,316,0.0267475,0.0242309,-0.0111264,0.00212034
409.756,315.5,0.032466,0.0306292,-0.0103742,-0.00287524
410.622,315,0.038855,0.036854,-0.00963036,-0.00766516
411.488,314.5,0.0454973,0.042905,-0.00889476,-0.0122494
412.354,314,0.0516405,0.0482273,-0.00836407,-0.0164594
413.22,313.5,0.0577265,0.0534969,-0.00782066,-0.0202303
414.086,313,0.0637514,0.0588471,-0.00722422,-0.0234322
414.952,312.5,0.0696487,0.0640639,-0.00664198,-0.0265073
415.818,312,0.0754049,0.0691475,-0.00607395,-0.0294556
416.684,311.5,0.0810108,0.0740976,-0.00552012,-0.0322771
417.55,311,0.08646,0.0789145,-0.00498049,-0.0349718
418.416,310.5,0.091744,0.0836203,-0.00445534,-0.0374801
419.282,310,0.0968105,0.0885064,-0.00394944,-0.0390293
420.148,309.5,0.101717,0.0932476,-0.00346012,-0.0404873
421.014,309,0.106462,0.0978438,-0.00298737,-0.0418543
421.88,308.5,0.111023,0.102184,-0.0026385,-0.04333
422.746,308,0.11544,0.106393,-0.00230525,-0.0447381
423.612,307.5,0.119713,0.110475,-0.00198408,-0.0460724
424.478,307,0.12364,0.114402,-0.00166989,-0.0468653
425.344,306.5,0.127378,0.118202,-0.0013672,-0.0474519
426.21,306,0.130996,0.121884,-0.00107789,-0.0479907
427.076,305.5,0.134495,0.12545,-0.000801934,-0.0484818
427.942,305,0.137872,0.128898,-0.000539348,-0.0489251
428.808,304.5,0.141128,0.132229,-0.000290127,-0.0493208
429.674,304,0.144168,0.13544,-6.76722e-05,-0.0494008
430.54,303.5,0.146977,0.138528,0.000123497,-0.0491146
431.406,303,0.149615,0.141348,0.000265349,-0.0490422
432.272,302.5,0.152178,0.144088,0.000400382,-0.0489534
433.138,302,0.154665,0.146747,0.000528595,-0.0488484
434.004,301.5,0.157076,0.149326,0.000649989,-0.0487271
434.87,301,0.159378,0.151805,0.000762393,-0.04854
435.737,300.5,0.161373,0.154071,0.000852889,-0.0479866
436.603,300,0.16331,0.156267,0.000937757,-0.0474341
437.469,299.5,0.16519,0.158395,0.001017,-0.0468825
438.335,299,0.167012,0.160453,0.00109061,-0.0463319
439.201,298.5,0.168774,0.162442,0.00115859,-0.0457821
440.067,298,0.17049,0.164371,0.00121947,-0.0452533
440.933,297.5,0.172116,0.16622,0.00124368,-0.0446432
441.799,297,0.17366,0.167995,0.00126133,-0.0439778
442.665,296.5,0.175163,0.169716,0.00127686,-0.043324
443.531,296,0.176624,0.171385,0.00129028,-0.0426819
444.397,295.5,0.178043,0.173001,0.00130158,-0.0420514
445.263,295,0.179419,0.174564,0.00131078,-0.0414325
446.129,294.5,0.180653,0.176001,0.00131169,-0.0407135
446.995,294,0.181753,0.177316,0.0013047,-0.039896
447.861,293.5,0.182823,0.178589,0.00129641,-0.0390978
448.727,293,0.183862,0.17982,0.00128682,-0.0383187
449.593,292.5,0.184873,0.181008,0.0012771,-0.0375832
450.459,292,0.185876,0.182153,0.0012728,-0.0369935
451.325,291.5,0.186827,0.183246,0.00126613,-0.0363848
452.191,291,0.187635,0.184214,0.00125103,-0.035647
453.057,290.5,0.188425,0.185156,0.00123558,-0.0349261
453.923,290,0.189198,0.186073,0.00121978,-0.0342221
454.789,289.5,0.189951,0.186964,0.00120362,-0.0335351
455.655,289,0.190686,0.187829,0.00118712,-0.032865
456.521,288.5,0.191402,0.188669,0.00117028,-0.0322118
457.387,288,0.191987,0.189385,0.00114898,-0.031477
458.253,287.5,0.192541,0.190067,0.00112703,-0.0307458
459.119,287,0.193104,0.190748,0.00110523,-0.0300561
459.985,286.5,0.193728,0.191472,0.00108385,-0.0294622
460.851,286,0.194337,0.192176,0.00106257,-0.0288828
461.717,285.5,0.194932,0.192861,0.00104137,-0.0283181
462.583,285,0.195457,0.193478,0.00101819,-0.0277225
463.449,284.5,0.195925,0.194039,0.000993576,-0.0271049
464.315,284,0.196384,0.194585,0.000969321,-0.0265031
465.181,283.5,0.196833,0.195117,0.000945422,-0.025917
466.047,283,0.197271,0.195634,0.000921881,-0.0253466
466.913,282.5,0.197699,0.196137,0.000898698,-0.024792
467.779,282,0.198097,0.196607,0.000875224,-0.02424
468.645,281.5,0.19843,0.197011,0.000851823,-0.023678
469.512,281,0.198775,0.197418,0.00083333,-0.0231742
470.378,280.5,0.199115,0.197817,0.000815162,-0.0226823
471.244,280,0.199449,0.198207,0.000797319,-0.0222023
472.11,279.5,0.199776,0.198589,0.0007798,-0.0217341
472.976,279,0.200098,0.198962,0.000762605,-0.0212777
473.842,278.5,0.200354,0.199271,0.000744135,-0.0207971
474.708,278,0.200601,0.199568,0.000725882,-0.0203252
475.574,277.5,0.200845,0.199859,0.000707992,-0.0198652
476.44,277,0.201084,0.200144,0.000690464,-0.0194171
477.306,276.5,0.20132,0.200422,0.000673298,-0.0189808
478.172,276,0.201569,0.20071,0.00065639,-0.0185709
479.038,275.5,0.201811,0.200989,0.00063898,-0.0181825
