x,v,vx,vy,vz
220.096,425,0.159749,-0.118611,0.0156719,0.105857
220.962,424.5,0.16676,-0.124712,0.0157841,0.109576
221.828,424,0.173808,-0.130623,0.0158359,0.11356
222.694,423.5,0.180998,-0.136427,0.0157817,0.117894
223.56,423,0.188412,-0.142422,0.0157099,0.122346
224.426,422.5,0.195974,-0.148488,0.015625,0.126937
225.292,422,0.203684,-0.154627,0.015527,0.131668
226.158,421.5,0.21154,-0.160838,0.0154158,0.136538
227.024,421,0.219475,-0.167013,0.0152677,0.141573
227.89,420.5,0.226794,-0.172016,0.0148279,0.147059
228.756,420,0.234232,-0.177021,0.0143525,0.152716
229.622,419.5,0.241791,-0.182029,0.0138417,0.158546
230.488,419,0.249472,-0.187039,0.0132954,0.164547
231.355,418.5,0.257276,-0.192052,0.0127135,0.170721
232.221,418,0.265555,-0.197469,0.0119484,0.177151
233.087,417.5,0.272548,-0.200963,0.0105095,0.18381
233.953,417,0.279146,-0.203636,0.00875715,0.190732
234.819,416.5,0.285831,-0.206098,0.0068467,0.197929
235.685,416,0.292613,-0.208349,0.00477815,0.205402
236.551,415.5,0.299506,-0.21039,0.00255149,0.213151
237.417,415,0.306523,-0.21222,0.000166729,0.221176
238.283,414.5,0.311642,-0.211691,-0.00286468,0.228691
239.149,414,0.314298,-0.208099,-0.00668082,0.235443
240.015,413.5,0.316924,-0.203943,-0.0107048,0.24235
240.881,413,0.319561,-0.199222,-0.0149366,0.249413
241.747,412.5,0.322685,-0.193738,-0.0206165,0.257227
242.613,412,0.326034,-0.187311,-0.0270385,0.265484
243.479,411.5,0.328533,-0.179193,-0.0339494,0.273261
244.345,411,0.324372,-0.165158,-0.0416424,0.276054
245.211,410.5,0.319959,-0.149796,-0.0496143,0.27834
246.077,410,0.315488,-0.133105,-0.0578652,0.28012
246.943,409.5,0.311183,-0.115087,-0.0663951,0.281393
247.809,409,0.307304,-0.0957408,-0.075204,0.282159
248.675,408.5,0.304139,-0.075067,-0.0842919,0.282418
249.541,408,0.295187,-0.0549838,-0.0919032,0.275074
250.407,407.5,0.285186,-0.0345128,-0.0990257,0.265206
251.273,407,0.274387,-0.0109933,-0.10724,0.252323
252.139,406.5,0.264278,0.0138408,-0.114903,0.237589
253.005,406,0.255679,0.0395755,-0.121728,0.221332
253.871,405.5,0.249256,0.0662109,-0.127718,0.20355
254.737,405,0.244719,0.0893686,-0.133455,0.184637
255.603,404.5,0.241808,0.108127,-0.139437,0.165339
256.469,404,0.241352,0.12637,-0.145271,0.145526
257.335,403.5,0.243365,0.144099,-0.150955,0.125199
258.201,403,0.247793,0.161313,-0.15649,0.104356
259.067,402.5,0.254522,0.178013,-0.161876,0.0829991
259.933,402,0.26524,0.19485,-0.16833,0.0636461
260.799,401.5,0.273188,0.207106,-0.170983,0.0500353
261.665,401,0.280442,0.21754,-0.173601,0.0344482
262.531,400.5,0.288331,0.226838,-0.177145,0.017287
263.397,400,0.297005,0.235001,-0.181616,-0.00144823
264.263,399.5,0.306635,0.242027,-0.187015,-0.0217575
265.13,399,0.317409,0.247918,-0.193341,-0.0436408
265.996,398.5,0.321701,0.24702,-0.197053,-0.060354
266.862,398,0.325033,0.24375,-0.20106,-0.0762062
267.728,397.5,0.328468,0.238856,-0.205839,-0.0920294
268.594,397,0.332105,0.232339,-0.211391,-0.107824
269.46,396.5,0.336064,0.224197,-0.217716,-0.123589
270.326,396,0.339449,0.22715,-0.215705,-0.130766
271.192,395.5,0.340687,0.239271,-0.205721,-0.128435
272.058,395,0.338507,0.255014,-0.188042,-0.119143
272.924,394.5,0.334934,0.267763,-0.168361,-0.110174
273.79,394,0.329909,0.277519,-0.146681,-0.101527
274.656,393.5,0.323469,0.284283,-0.122999,-0.0932018
275.522,393,0.31576,0.288053,-0.0973175,-0.0851989
276.388,392.5,0.301769,0.283385,-0.0662859,-0.0797718
277.254,392,0.271734,0.25783,-0.0245463,-0.082221
278.12,391.5,0.243303,0.226875,0.0169946,-0.0862263
278.986,391,0.21867,0.190013,0.0580198,-0.0913533
279.852,390.5,0.182532,0.137835,0.0869214,-0.0822436
280.718,390,0.160463,0.091528,0.111555,-0.0701894
281.584,389.5,0.151853,0.0510929,0.13192,-0.0551905
282.45,389,0.139865,0.0196485,0.133314,-0.0374634
283.316,388.5,0.133794,-0.00606278,0.132026,-0.020811
284.182,388,0.131927,-0.0262713,0.129174,-0.00535334
285.048,387.5,0.131617,-0.0409771,0.124757,0.00890943
285.914,387,0.130801,-0.0501802,0.118777,0.0219774
286.78,386.5,0.128146,-0.0538804,0.111231,0.0338504
287.646,386,0.116706,-0.0467451,0.099466,0.0392651
288.512,385.5,0.099917,-0.0328022,0.0855937,0.0397635
289.378,385,0.0820912,-0.0114596,0.0728658,0.0360307
290.244,384.5,0.0692118,0.0104867,0.0607766,0.0314087
291.11,384,0.0647701,0.0330367,0.0493261,0.0258974
291.976,383.5,0.0708579,0.0561904,0.0385143,0.0194967
292.842,383,0.0862625,0.0807836,0.028213,0.0109198
293.708,382.5,0.108699,0.107097,0.0185634,-0.00106169
294.574,382,0.133846,0.132807,0.0100198,-0.0132943
295.44,381.5,0.160024,0.157913,0.00258206,-0.0257779
296.306,381,0.186475,0.182416,-0.00374971,-0.0385126
297.172,380.5,0.212835,0.206315,-0.00897554,-0.0514985
298.038,380,0.238306,0.229019,-0.0124351,-0.0646963
298.905,379.5,0.261376,0.248247,-0.0111194,-0.0810404
299.771,379,0.282945,0.265776,-0.00930786,-0.0966139
300.637,378.5,0.302907,0.281599,-0.00700444,-0.111381
301.503,378,0.321209,0.295715,-0.00420918,-0.125341
302.369,377.5,0.33782,0.308124,-0.000922077,-0.138495
303.235,377,0.352721,0.318826,0.00285687,-0.150843
304.101,376.5,0.366059,0.326601,0.00789295,-0.165134
304.967,376,0.379479,0.333448,0.0125882,-0.180716
305.833,375.5,0.393189,0.34022,0.0163428,-0.19642
306.699,375,0.407144,0.346917,0.0191565,-0.212245
307.565,374.5,0.419924,0.352687,0.0209737,-0.226953
308.431,374,0.427093,0.354593,0.0221348,-0.237029
309.297,373.5,0.430593,0.352211,0.0242901,-0.246511
310.163,373,0.430678,0.34506,0.0277178,-0.256221
311.029,372.5,0.43274,0.33928,0.0301116,-0.26692
311.895,372,0.436751,0.334871,0.0314716,-0.278608
312.761,371.5,0.442687,0.331833,0.0317978,-0.291285
313.627,371,0.450524,0.330166,0.0310901,-0.304952
314.493,370.5,0.459836,0.329366,0.0296037,-0.319517
315.359,370,0.462767,0.319703,0.032298,-0.333017
316.225,369.5,0.467858,0.311832,0.0338111,-0.347143
317.091,369,0.475265,0.306653,0.0340289,-0.361501
317.957,368.5,0.485,0.305343,0.0331216,-0.375357
318.823,368,0.496128,0.305472,0.031576,-0.389658
319.689,367.5,0.508604,0.307038,0.029392,-0.404403
320.555,367,0.514309,0.30394,0.0315789,-0.413687
321.421,366.5,0.519346,0.300535,0.0352757,-0.422084
322.287,366,0.526798,0.299143,0.0386887,-0.431894
323.153,365.5,0.536619,0.299763,0.0418181,-0.443117
324.019,365,0.548771,0.302395,0.0446638,-0.455754
324.885,364.5,0.563223,0.307041,0.0472257,-0.469804
325.751,364,0.569298,0.304306,0.0523047,-0.478291
326.617,363.5,0.56156,0.287809,0.0628201,-0.478089
327.483,363,0.554001,0.267752,0.075577,-0.479077
328.349,362.5,0.549455,0.249825,0.0881444,-0.481372
329.215,362,0.547789,0.234026,0.100522,-0.484974
330.081,361.5,0.548859,0.220356,0.11271,-0.489884
330.947,361,0.552959,0.206264,0.123518,-0.497957
331.813,360.5,0.564508,0.170906,0.124462,-0.523421
332.679,360,0.580231,0.136102,0.126738,-0.549619
333.546,359.5,0.599813,0.101853,0.130345,-0.576551
334.412,359,0.622917,0.0681588,0.135283,-0.604218
335.278,358.5,0.649207,0.0350196,0.141553,-0.632618
336.144,358,0.677638,0.013696,0.143698,-0.662085
337.01,357.5,0.700557,0.010672,0.148944,-0.684457
337.876,357,0.717468,0.0175581,0.152694,-0.700812
338.742,356.5,0.729742,0.0359365,0.151342,-0.712971
339.608,356,0.738288,0.0658072,0.14489,-0.720934
340.474,355.5,0.744619,0.10717,0.133336,-0.724702
341.34,355,0.750863,0.160025,0.11668,-0.724274
342.206,354.5,0.715671,0.199955,0.122185,-0.67622
343.072,354,0.628812,0.215521,0.166405,-0.566802
343.938,353.5,0.546139,0.230952,0.223649,-0.441486
344.804,353,0.48702,0.246249,0.293917,-0.300271
345.67,352.5,0.451042,0.19971,0.345114,-0.210835
346.536,352,0.421286,0.0675021,0.354155,-0.217944
347.402,351.5,0.442385,-0.0827609,0.346449,-0.26235
348.268,351,0.494007,-0.200883,0.32553,-0.312601
349.134,350.5,0.52971,-0.2787,0.329456,-0.30721
350,350,0.537513,-0.316211,0.35823,-0.246175
350.866,349.5,0.533498,-0.313417,0.411849,-0.129498
351.732,349,0.561528,-0.270317,0.490315,0.0428225
352.598,348.5,0.678715,-0.186912,0.593627,0.270786
353.464,348,0.685016,-0.196267,0.570839,0.323836
354.33,347.5,0.666538,-0.234288,0.53743,0.317098
355.196,347,0.639568,-0.289931,0.491365,0.289046
356.062,346.5,0.621973,-0.347916,0.441666,0.265964
356.928,346,0.627735,-0.395066,0.41615,0.254547
357.794,345.5,0.650449,-0.431382,0.414817,0.254795
358.66,345,0.650304,-0.403957,0.39568,0.321173
359.526,344.5,0.641673,-0.328102,0.342866,0.431898
360.392,344,0.657075,-0.25415,0.287657,0.5333
361.258,343.5,0.690785,-0.1821,0.230055,0.625378
362.124,343,0.73682,-0.111951,0.170057,0.708133
362.99,342.5,0.790154,-0.0437045,0.107666,0.781563
363.856,342,0.83259,0.014382,0.0559895,0.830581
364.722,341.5,0.820137,0.0335443,0.0514432,0.817834
365.588,341,0.804849,0.0479977,0.0464368,0.802074
366.454,340.5,0.788165,0.061691,0.0405856,0.784698
367.321,340,0.770081,0.0746239,0.0338895,0.765707
368.187,339.5,0.750602,0.0867967,0.0263487,0.745101
369.053,339,0.729741,0.0982092,0.0179631,0.722879
369.919,338.5,0.726468,0.129589,0.0124665,0.714708
370.785,338,0.726362,0.160083,0.00708878,0.708467
371.651,337.5,0.726997,0.187212,0.00143632,0.702477
372.517,337,0.727995,0.210977,-0.00449091,0.696739
373.383,336.5,0.729026,0.231378,-0.0106929,0.691252
374.249,336,0.729894,0.248602,-0.0179394,0.686017
375.115,335.5,0.729535,0.261925,-0.0209782,0.680571
375.981,335,0.728363,0.272624,-0.0210339,0.67509
376.847,334.5,0.726941,0.282318,-0.0212657,0.669543
377.713,334,0.725229,0.291007,-0.0216739,0.663929
378.579,333.5,0.72319,0.298689,-0.0222583,0.65825
379.445,333,0.720791,0.305367,-0.0230189,0.652503
380.311,332.5,0.716896,0.310594,-0.0232567,0.645702
381.177,332,0.709611,0.313718,-0.0217306,0.636127
382.043,331.5,0.701945,0.316011,-0.0203206,0.626459
382.909,331,0.693878,0.317473,-0.0190267,0.616697
383.775,330.5,0.683899,0.316575,-0.0177374,0.605957
384.641,330,0.673288,0.31453,-0.0164761,0.595077
385.507,329.5,0.662685,0.311984,-0.015279,0.584452
386.373,329,0.649383,0.308092,-0.0135571,0.571484
387.239,328.5,0.63628,0.304003,-0.0119078,0.558831
388.105,328,0.623509,0.299764,-0.0103602,0.546624
388.971,327.5,0.611069,0.295375,-0.00891438,0.534863
389.837,327,0.598954,0.290837,-0.00757029,0.523548
390.703,326.5,0.587163,0.286149,-0.00632795,0.512678
391.569,326,0.575877,0.28174,-0.00541516,0.502222
392.435,325.5,0.564994,0.277477,-0.00469634,0.492141
393.301,325,0.553957,0.272171,-0.00399675,0.482468
394.167,324.5,0.543082,0.266602,-0.00333272,0.473128
395.033,324,0.532493,0.261049,-0.00271357,0.464106
395.899,323.5,0.522191,0.255511,-0.00213929,0.455404
396.765,323,0.512228,0.250208,-0.00166649,0.446957
397.631,322.5,0.502631,0.245374,-0.00134547,0.438666
398.497,322,0.493274,0.240555,-0.00105282,0.430641
399.363,321.5,0.484158,0.23575,-0.000788537,0.422884
400.229,321,0.475283,0.230959,-0.000552616,0.415393
401.095,320.5,0.466649,0.226183,-0.00034506,0.408169
401.962,320,0.458258,0.221428,-0.000167597,0.401211
402.828,319.5,0.449962,0.216815,-0.000133248,0.394281
403.694,319,0.441789,0.212138,-9.99286e-05,0.387525
404.56,318.5,0.433791,0.207494,-7.72663e-05,0.380948
405.426,318,0.425969,0.202883,-6.52611e-05,0.37455
406.292,317.5,0.418321,0.198304,-6.39132e-05,0.368332
407.158,317,0.410851,0.193759,-7.32225e-05,0.362292
408.024,316.5,0.40361,0.189699,-0.000161941,0.356251
408.89,316,0.396545,0.18587,-0.000284952,0.350286
409.756,315.5,0.389629,0.182072,-0.000410894,0.344472
410.622,315,0.382863,0.178305,-0.000539767,0.338809
411.488,314.5,0.376248,0.174569,-0.000671572,0.333298
412.354,314,0.369576,0.170461,-0.000761986,0.327915
413.22,313.5,0.363068,0.166607,-0.000875917,0.322583
414.086,313,0.356753,0.163194,-0.0010305,0.317237
414.952,312.5,0.35056,0.159825,-0.00118617,0.312004
415.818,312,0.344488,0.156501,-0.00134294,0.306884
416.684,311.5,0.338539,0.15322,-0.00150081,0.301878
417.55,311,0.332712,0.149983,-0.00165977,0.296984
418.416,310.5,0.327009,0.146829,-0.00182055,0.292186
419.282,310,0.32146,0.144274,-0.00199363,0.287259
420.148,309.5,0.316023,0.141756,-0.00216933,0.282438
421.014,309,0.310699,0.139276,-0.00234766,0.277724
421.88,308.5,0.305327,0.136508,-0.00249891,0.273101
422.746,308,0.300051,0.13377,-0.00265096,0.268569
423.612,307.5,0.294877,0.131072,-0.00280477,0.26413
424.478,307,0.289859,0.128835,-0.00295423,0.259637
425.344,306.5,0.284954,0.126771,-0.00310439,0.255183
426.21,306,0.28014,0.124736,-0.00325739,0.250816
427.076,305.5,0.275418,0.122733,-0.00341324,0.246536
427.942,305,0.270789,0.120761,-0.00357194,0.242345
428.808,304.5,0.266252,0.118819,-0.00373349,0.23824
429.674,304,0.261837,0.117126,-0.00388554,0.234148
430.54,303.5,0.257545,0.115732,-0.0040244,0.230043
431.406,303,0.253201,0.114139,-0.00411646,0.225978
432.272,302.5,0.248933,0.11257,-0.00421065,0.221986
433.138,302,0.244742,0.111025,-0.00430697,0.218068
434.004,301.5,0.240628,0.109505,-0.00440541,0.214223
434.87,301,0.236605,0.108062,-0.00450294,0.210438
435.737,300.5,0.232752,0.107027,-0.00458107,0.206634
436.603,300,0.22897,0.106006,-0.00466231,0.202899
437.469,299.5,0.225259,0.104999,-0.00474663,0.199234
438.335,299,0.221619,0.104007,-0.00483405,0.195639
439.201,298.5,0.218051,0.103028,-0.00492457,0.192112
440.067,298,0.214541,0.102045,-0.00501622,0.188652
440.933,297.5,0.211062,0.101184,-0.00506952,0.185158
441.799,297,0.207665,0.100406,-0.00512019,0.181707
442.665,296.5,0.204328,0.0996361,-0.00517357,0.178314
443.531,296,0.20105,0.0988749,-0.00522964,0.174979
444.397,295.5,0.197831,0.0981223,-0.00528842,0.171701
445.263,295,0.194672,0.0973782,-0.00534991,0.168482
446.129,294.5,0.191639,0.0967994,-0.00540521,0.165307
446.995,294,0.188733,0.0963864,-0.00545359,0.162173
447.861,293.5,0.185882,0.095975,-0.00550409,0.159094
448.727,293,0.183087,0.0955653,-0.0055567,0.156069
449.593,292.5,0.18033,0.0951386,-0.00560198,0.153088
450.459,292,0.177526,0.0946144,-0.00559816,0.150107
451.325,291.5,0.174793,0.0941418,-0.00559292,0.147168
452.191,291,0.172215,0.0938899,-0.00557472,0.144263
453.057,290.5,0.169684,0.0936374,-0.0055581,0.141399
453.923,290,0.167198,0.0933843,-0.00554306,0.138578
454.789,289.5,0.164758,0.0931306,-0.0055296,0.135799
455.655,289,0.162363,0.0928763,-0.00551771,0.133061
456.521,288.5,0.160013,0.0926213,-0.0055074,0.130366
457.387,288,0.157828,0.0925535,-0.00549144,0.127724
458.253,287.5,0.155705,0.0925114,-0.00547547,0.125122
459.119,287,0.15361,0.0924455,-0.00545662,0.122556
459.985,286.5,0.151507,0.0923096,-0.00542449,0.120016
460.851,286,0.149445,0.0921736,-0.00539324,0.11751
461.717,285.5,0.147423,0.0920377,-0.00536286,0.115038
462.583,285,0.14551,0.0920043,-0.00532828,0.112606
463.449,284.5,0.143695,0.092054,-0.00529024,0.11021
464.315,284,0.141918,0.0921013,-0.0052529,0.107845
465.181,283.5,0.140181,0.0921463,-0.00521625,0.10551
466.047,283,0.138482,0.0921891,-0.0051803,0.103206
466.913,282.5,0.136821,0.0922295,-0.00514505,0.100932
467.779,282,0.135228,0.0923043,-0.00510922,0.0986937
468.645,281.5,0.133756,0.092482,-0.00506207,0.0964994
469.512,281,0.132288,0.0926198,-0.00499616,0.0943226
470.378,280.5,0.130856,0.0927559,-0.00493117,0.0921704
471.244,280,0.129461,0.0928903,-0.00486712,0.090043
472.11,279.5,0.128101,0.093023,-0.00480399,0.0879401
472.976,279,0.126777,0.093154,-0.00474178,0.0858619
473.842,278.5,0.125592,0.0934087,-0.00467763,0.0838231
474.708,278,0.124452,0.0936723,-0.0046146,0.0818079
475.574,277.5,0.123348,0.0939335,-0.00455296,0.079815
476.44,277,0.122279,0.0941923,-0.00449271,0.0778443
477.306,276.5,0.121245,0.0944487,-0.00443385,0.075896
478.172,276,0.120241,0.0946935,-0.00437686,0.0739718
479.038,275.5,0.119327,0.0949959,-0.00432154,0.0720842
