x,v,vx,vy,vz
220.096,425,0.246913,-0.146707,-0.0115922,0.198264
220.962,424.5,0.250416,-0.145432,-0.0141239,0.203367
221.828,424,0.252895,-0.142557,-0.0169866,0.208194
222.694,423.5,0.253728,-0.137242,-0.0208291,0.212388
223.56,423,0.254669,-0.131463,-0.0251933,0.216655
224.426,422.5,0.255798,-0.125178,-0.0298282,0.221073
225.292,422,0.257171,-0.118389,-0.0347339,0.225643
226.158,421.5,0.258848,-0.111094,-0.0399103,0.230363
227.024,421,0.260539,-0.102929,-0.0453583,0.235008
227.89,420.5,0.258754,-0.0900229,-0.0510625,0.237155
228.756,420,0.257511,-0.0763043,-0.0569935,0.239251
229.622,419.5,0.25696,-0.0617734,-0.0631512,0.241297
230.488,419,0.257259,-0.0464302,-0.0695356,0.243293
231.355,418.5,0.258567,-0.0302748,-0.0761467,0.245238
232.221,418,0.261205,-0.0118811,-0.0836324,0.247169
233.087,417.5,0.260848,0.00942319,-0.0897357,0.244746
233.953,417,0.260513,0.031972,-0.0947447,0.240559
234.819,416.5,0.261756,0.0553601,-0.0990812,0.235869
235.685,416,0.26477,0.0795876,-0.102745,0.230678
236.551,415.5,0.269723,0.104654,-0.105737,0.224983
237.417,415,0.276749,0.130561,-0.108056,0.218787
238.283,414.5,0.282941,0.154552,-0.109278,0.210303
239.149,414,0.286934,0.175413,-0.109444,0.198955
240.015,413.5,0.292089,0.196233,-0.109116,0.186822
240.881,413,0.298436,0.217012,-0.108292,0.173904
241.747,412.5,0.30193,0.23372,-0.102819,0.161136
242.613,412,0.304703,0.248974,-0.095513,0.147422
243.479,411.5,0.307388,0.263012,-0.0878421,0.132649
244.345,411,0.306836,0.271066,-0.081981,0.118114
245.211,410.5,0.306235,0.278225,-0.0762337,0.102758
246.077,410,0.30564,0.284491,-0.0706003,0.0865817
246.943,409.5,0.305119,0.289863,-0.0650808,0.0695847
247.809,409,0.304757,0.29434,-0.059675,0.0517671
248.675,408.5,0.304654,0.297924,-0.0543832,0.0331288
249.541,408,0.30509,0.300057,-0.0518083,0.0190295
250.407,407.5,0.305701,0.301492,-0.0502405,0.00565047
251.273,407,0.301432,0.297529,-0.0478494,-0.00693319
252.139,406.5,0.296148,0.291961,-0.0456025,-0.0195699
253.005,406,0.290817,0.285671,-0.0437333,-0.0324697
253.871,405.5,0.285513,0.27866,-0.0422418,-0.0456324
254.737,405,0.283352,0.274231,-0.0433207,-0.0566488
255.603,404.5,0.284274,0.272596,-0.0473009,-0.0653136
256.469,404,0.285376,0.270665,-0.0521942,-0.0738631
257.335,403.5,0.286697,0.268437,-0.0580007,-0.0822973
258.201,403,0.288288,0.265914,-0.0647204,-0.0906161
259.067,402.5,0.290205,0.263094,-0.0723531,-0.0988195
259.933,402,0.293024,0.260957,-0.0802956,-0.106381
260.799,401.5,0.301349,0.26454,-0.0869862,-0.115167
261.665,401,0.309503,0.267563,-0.0936721,-0.124209
262.531,400.5,0.317143,0.269812,-0.100268,-0.133145
263.397,400,0.324274,0.271287,-0.106773,-0.141974
264.263,399.5,0.330906,0.271988,-0.113188,-0.150698
265.13,399,0.33705,0.271915,-0.119512,-0.159315
265.996,398.5,0.340112,0.270063,-0.120746,-0.167816
266.862,398,0.342631,0.267905,-0.121085,-0.175958
267.728,397.5,0.344966,0.265618,-0.121211,-0.183728
268.594,397,0.347097,0.263203,-0.121124,-0.191126
269.46,396.5,0.349006,0.260659,-0.120825,-0.198151
270.326,396,0.356637,0.267389,-0.121338,-0.202411
271.192,395.5,0.362378,0.275034,-0.119105,-0.203686
272.058,395,0.366799,0.283252,-0.115242,-0.202555
272.924,394.5,0.371886,0.292048,-0.11223,-0.201026
273.79,394,0.377639,0.301422,-0.110069,-0.199099
274.656,393.5,0.38406,0.311374,-0.108757,-0.196775
275.522,393,0.391161,0.321904,-0.108295,-0.194053
276.388,392.5,0.399108,0.33314,-0.108308,-0.191245
277.254,392,0.408499,0.34534,-0.107161,-0.190074
278.12,391.5,0.419013,0.358118,-0.105459,-0.190268
278.986,391,0.430296,0.371198,-0.102796,-0.191832
279.852,390.5,0.431039,0.374997,-0.0867971,-0.194005
280.718,390,0.4304,0.376928,-0.0698619,-0.195676
281.584,389.5,0.428454,0.376991,-0.0519901,-0.196845
282.45,389,0.419063,0.365887,-0.027631,-0.202428
283.316,388.5,0.409129,0.352586,-0.00423135,-0.207489
284.182,388,0.398993,0.337751,0.0177433,-0.211671
285.048,387.5,0.388544,0.321382,0.0382929,-0.214974
285.914,387,0.377699,0.303477,0.0574175,-0.217397
286.78,386.5,0.366409,0.284038,0.075117,-0.218941
287.646,386,0.35267,0.261276,0.0883492,-0.219785
288.512,385.5,0.339119,0.239713,0.0969068,-0.219427
289.378,385,0.327137,0.228098,0.0984477,-0.212833
290.244,384.5,0.316742,0.218476,0.0994388,-0.206653
291.11,384,0.307875,0.210847,0.0998801,-0.200885
291.976,383.5,0.300496,0.205211,0.0997715,-0.195529
292.842,383,0.29499,0.201919,0.0988362,-0.190995
293.708,382.5,0.291616,0.200767,0.0971376,-0.187875
294.574,382,0.289305,0.200611,0.095529,-0.185275
295.44,381.5,0.288063,0.20145,0.0940106,-0.183195
296.306,381,0.287901,0.203284,0.0925822,-0.181635
297.172,380.5,0.28883,0.206113,0.0912439,-0.180595
298.038,380,0.289787,0.209106,0.0902604,-0.179176
298.905,379.5,0.28521,0.204802,0.0928045,-0.175466
299.771,379,0.280716,0.200269,0.0951646,-0.172156
300.637,378.5,0.276302,0.195538,0.0973195,-0.169225
301.503,378,0.271966,0.190607,0.0992693,-0.166673
302.369,377.5,0.267705,0.185478,0.101014,-0.164499
303.235,377,0.263523,0.180151,0.102554,-0.162705
304.101,376.5,0.260017,0.170718,0.105652,-0.165232
304.967,376,0.258463,0.160214,0.109221,-0.170897
305.833,375.5,0.258876,0.150706,0.112379,-0.177976
306.699,375,0.261237,0.142196,0.115127,-0.186469
307.565,374.5,0.264105,0.133876,0.117259,-0.195138
308.431,374,0.263094,0.122891,0.118255,-0.20033
309.297,373.5,0.261199,0.106724,0.120128,-0.205923
310.163,373,0.26021,0.083224,0.123978,-0.213102
311.029,372.5,0.264221,0.0618449,0.127591,-0.222954
311.895,372,0.272792,0.0425866,0.130966,-0.235478
312.761,371.5,0.285427,0.0254491,0.134102,-0.250674
313.627,371,0.301651,0.0104324,0.137001,-0.268543
314.493,370.5,0.321227,-0.00341586,0.139177,-0.289491
315.359,370,0.348316,-0.035202,0.13175,-0.320511
316.225,369.5,0.379562,-0.0654513,0.125422,-0.352211
317.091,369,0.413311,-0.0942783,0.12031,-0.384009
317.957,368.5,0.447808,-0.121439,0.116286,-0.415044
318.823,368,0.483566,-0.146402,0.112877,-0.446834
319.689,367.5,0.520136,-0.169167,0.110083,-0.47938
320.555,367,0.558793,-0.191226,0.0893834,-0.51739
321.421,366.5,0.600819,-0.213983,0.0627303,-0.557906
322.287,366,0.645521,-0.237256,0.0369683,-0.5992
323.153,365.5,0.692473,-0.261044,0.0120977,-0.641271
324.019,365,0.741339,-0.285347,-0.0118817,-0.684119
324.885,364.5,0.791858,-0.310166,-0.0349698,-0.727745
325.751,364,0.829657,-0.32485,-0.0582844,-0.761187
326.617,363.5,0.849666,-0.323536,-0.0824366,-0.78132
327.483,363,0.871908,-0.317864,-0.10593,-0.804962
328.349,362.5,0.898481,-0.311047,-0.131475,-0.832606
329.215,362,0.929566,-0.303085,-0.159071,-0.86425
330.081,361.5,0.965324,-0.293979,-0.188717,-0.899896
330.947,361,1.00207,-0.284376,-0.216534,-0.936155
331.813,360.5,1.01043,-0.280266,-0.212962,-0.947135
332.679,360,1.02461,-0.276679,-0.212955,-0.963294
333.546,359.5,1.04463,-0.273617,-0.216512,-0.984632
334.412,359,1.07048,-0.271078,-0.223633,-1.01115
335.278,358.5,1.10219,-0.269063,-0.234319,-1.04285
336.144,358,1.13417,-0.263408,-0.244113,-1.07581
337.01,357.5,1.10842,-0.244833,-0.227038,-1.05693
337.876,357,1.06218,-0.211369,-0.207539,-1.02004
338.742,356.5,1.01005,-0.1634,-0.192176,-0.978046
339.608,356,0.953722,-0.100925,-0.180948,-0.930945
340.474,355.5,0.896091,-0.0239461,-0.173857,-0.878737
341.34,355,0.841728,0.0675384,-0.170902,-0.821424
342.206,354.5,0.749439,0.143667,-0.127164,-0.724464
343.072,354,0.602781,0.179942,-0.0306451,-0.574479
343.938,353.5,0.459737,0.202224,0.0708372,-0.406751
344.804,353,0.353142,0.210514,0.177283,-0.221277
345.67,352.5,0.343336,0.195284,0.273513,-0.0702438
346.536,352,0.374472,0.156218,0.340327,0.00154675
347.402,351.5,0.392615,0.100859,0.378883,0.0205299
348.268,351,0.362301,0.0145678,0.354564,-0.0730373
349.134,350.5,0.372656,-0.0826115,0.325994,-0.160548
350,350,0.425293,-0.190679,0.293175,-0.242001
350.866,349.5,0.512059,-0.309635,0.256105,-0.317397
351.732,349,0.62357,-0.439479,0.214786,-0.386736
352.598,348.5,0.753522,-0.580211,0.169216,-0.450018
353.464,348,0.772833,-0.606214,0.143028,-0.457513
354.33,347.5,0.745115,-0.594766,0.143451,-0.425289
355.196,347,0.676195,-0.553868,0.171781,-0.347794
356.062,346.5,0.590478,-0.495873,0.216813,-0.236149
356.928,346,0.524397,-0.435852,0.272201,-0.104556
357.794,345.5,0.506106,-0.373805,0.337942,0.0469843
358.66,345,0.523215,-0.347059,0.347094,0.181191
359.526,344.5,0.545452,-0.3554,0.298757,0.286274
360.392,344,0.59138,-0.366591,0.250351,0.390724
361.258,343.5,0.6559,-0.380631,0.201877,0.49454
362.124,343,0.734034,-0.397521,0.153336,0.597721
362.99,342.5,0.821858,-0.417261,0.104726,0.700269
363.856,342,0.89799,-0.424142,0.061827,0.789093
364.722,341.5,0.905178,-0.374354,0.0413392,0.823102
365.588,341,0.913676,-0.325341,0.0224186,0.853496
366.454,340.5,0.927001,-0.277573,0.00456573,0.884457
367.321,340,0.944756,-0.23105,-0.0122194,0.915985
368.187,339.5,0.966515,-0.185774,-0.0279369,0.948081
369.053,339,0.991849,-0.141742,-0.0425866,0.980745
369.919,338.5,0.984658,-0.10863,-0.0467086,0.977532
370.785,338,0.973443,-0.0772401,-0.0498539,0.969093
371.651,337.5,0.962056,-0.0464438,-0.0531557,0.959463
372.517,337,0.95047,-0.0162413,-0.0566139,0.948644
373.383,336.5,0.938664,0.0133675,-0.0602287,0.936634
374.249,336,0.925097,0.0445732,-0.0636277,0.921829
375.115,335.5,0.908661,0.0747255,-0.063978,0.903321
375.981,335,0.890812,0.103134,-0.0623143,0.882624
376.847,334.5,0.872831,0.130479,-0.0607259,0.860884
377.713,334,0.854688,0.156761,-0.0592127,0.8381
378.579,333.5,0.836357,0.181981,-0.0577747,0.814271
379.445,333,0.817818,0.206137,-0.056412,0.789399
380.311,332.5,0.801516,0.226363,-0.054519,0.766952
381.177,332,0.791667,0.238051,-0.0510773,0.753299
382.043,331.5,0.781565,0.249191,-0.0477479,0.739235
382.909,331,0.771197,0.259784,-0.0445309,0.724758
383.775,330.5,0.75899,0.26923,-0.0410725,0.708444
384.641,330,0.746289,0.277911,-0.0375538,0.691594
385.507,329.5,0.733757,0.286063,-0.0341078,0.674837
386.373,329,0.725207,0.290979,-0.0310658,0.663545
387.239,328.5,0.717081,0.295464,-0.0281719,0.652773
388.105,328,0.709185,0.299653,-0.0254114,0.642266
388.971,327.5,0.701508,0.303547,-0.0227843,0.632024
389.837,327,0.69404,0.307145,-0.0202906,0.622047
390.703,326.5,0.68677,0.310448,-0.0179304,0.612334
391.569,326,0.678048,0.31199,-0.0160176,0.601793
392.435,325.5,0.668583,0.312497,-0.014338,0.590884
393.301,325,0.658506,0.312052,-0.0125186,0.579739
394.167,324.5,0.64834,0.311194,-0.0107093,0.568673
395.033,324,0.638298,0.310134,-0.0089627,0.557817
395.899,323.5,0.628374,0.308873,-0.00727877,0.547173
396.765,323,0.618155,0.307164,-0.00585721,0.536407
397.631,322.5,0.60725,0.304782,-0.00488292,0.525201
398.497,322,0.596532,0.302266,-0.00392428,0.514267
399.363,321.5,0.586,0.299616,-0.00298126,0.503605
400.229,321,0.57565,0.296832,-0.00205389,0.493214
401.095,320.5,0.565479,0.293914,-0.00114215,0.483094
401.962,320,0.555488,0.290865,-0.000251578,0.473249
402.828,319.5,0.545447,0.287289,0.000116613,0.463656
403.694,319,0.535481,0.283526,0.000488662,0.454261
404.56,318.5,0.525702,0.279705,0.000855223,0.445114
405.426,318,0.516106,0.275826,0.0012163,0.436215
406.292,317.5,0.506692,0.271889,0.00157189,0.427564
407.158,317,0.49746,0.267893,0.00192199,0.419162
408.024,316.5,0.48872,0.264235,0.00205581,0.411124
408.89,316,0.480266,0.260698,0.00210228,0.403346
409.756,315.5,0.471957,0.257109,0.00215584,0.39577
410.622,315,0.463792,0.253469,0.00221649,0.388397
411.488,314.5,0.45577,0.249777,0.00228424,0.381225
412.354,314,0.447499,0.245504,0.00235126,0.374135
413.22,313.5,0.439524,0.241418,0.00238366,0.367278
414.086,313,0.431978,0.237734,0.00236286,0.360669
414.952,312.5,0.424558,0.234034,0.00234462,0.35422
415.818,312,0.417263,0.230319,0.00232892,0.347931
416.684,311.5,0.410094,0.226589,0.00231579,0.341803
417.55,311,0.40305,0.222844,0.0023052,0.335834
418.416,310.5,0.396155,0.219123,0.00229593,0.330027
419.282,310,0.38971,0.215957,0.00227027,0.324393
420.148,309.5,0.383365,0.212778,0.00224508,0.318888
421.014,309,0.37712,0.209584,0.00222035,0.313511
421.88,308.5,0.370691,0.205994,0.00217556,0.308178
422.746,308,0.364361,0.202399,0.00212843,0.302967
423.612,307.5,0.358138,0.19881,0.00207959,0.297881
424.478,307,0.352236,0.195635,0.00201487,0.292905
425.344,306.5,0.346497,0.192601,0.00194268,0.28803
426.21,306,0.340845,0.189572,0.00186756,0.283257
427.076,305.5,0.335281,0.186547,0.00178953,0.278586
427.942,305,0.329805,0.183528,0.00170857,0.274019
428.808,304.5,0.324418,0.180514,0.00162469,0.269553
429.674,304,0.319207,0.177724,0.00153009,0.265151
430.54,303.5,0.314186,0.175214,0.00142138,0.260789
431.406,303,0.309043,0.172429,0.00130783,0.256465
432.272,302.5,0.303979,0.169661,0.00119054,0.252224
433.138,302,0.298994,0.166912,0.00106951,0.248066
434.004,301.5,0.294086,0.16418,0.00094474,0.24399
434.87,301,0.28928,0.161524,0.000814757,0.239984
435.737,300.5,0.284709,0.159305,0.000670158,0.235967
436.603,300,0.280206,0.1571,0.000521501,0.232023
437.469,299.5,0.275772,0.154911,0.000368786,0.22815
438.335,299,0.271406,0.152737,0.000212011,0.224349
439.201,298.5,0.267109,0.150578,5.11776e-05,0.220621
440.067,298,0.262864,0.148413,-0.000112536,0.216958
440.933,297.5,0.258654,0.146433,-0.000266073,0.213211
441.799,297,0.254535,0.14456,-0.00042168,0.2095
442.665,296.5,0.250478,0.142705,-0.000579843,0.205849
443.531,296,0.246482,0.140869,-0.000740561,0.202258
444.397,295.5,0.242547,0.139052,-0.000903836,0.198727
445.263,295,0.238673,0.137253,-0.00106967,0.195256
446.129,294.5,0.23494,0.135683,-0.00123371,0.191796
446.995,294,0.23135,0.134343,-0.0013956,0.188342
447.861,293.5,0.227817,0.133019,-0.00155976,0.184944
448.727,293,0.224342,0.131708,-0.00172619,0.181602
449.593,292.5,0.220902,0.130385,-0.00188721,0.178308
450.459,292,0.217397,0.128933,-0.00200839,0.175025
451.325,291.5,0.213978,0.12757,-0.00212803,0.171779
452.191,291,0.210746,0.126548,-0.00223639,0.168507
453.057,290.5,0.207569,0.125541,-0.00234577,0.165284
453.923,290,0.204446,0.12455,-0.00245616,0.16211
454.789,289.5,0.201379,0.123574,-0.00256757,0.158985
455.655,289,0.198366,0.122613,-0.00267999,0.15591
456.521,288.5,0.195408,0.121667,-0.00279344,0.152884
457.387,288,0.192654,0.121045,-0.00289623,0.149851
458.253,287.5,0.189978,0.120482,-0.00299765,0.146856
459.119,287,0.18733,0.119896,-0.00309501,0.143902
459.985,286.5,0.184642,0.119207,-0.00317645,0.140969
460.851,286,0.182006,0.118531,-0.00325782,0.13808
461.717,285.5,0.179422,0.117866,-0.00333914,0.135236
462.583,285,0.176991,0.117394,-0.00340993,0.132412
463.449,284.5,0.174693,0.117075,-0.0034717,0.129611
464.315,284,0.172447,0.116763,-0.00353303,0.126854
465.181,283.5,0.170251,0.116455,-0.00359392,0.124141
466.047,283,0.168107,0.116152,-0.00365436,0.121471
466.913,282.5,0.166013,0.115855,-0.00371435,0.118844
467.779,282,0.164012,0.115629,-0.00377183,0.116258
468.645,281.5,0.16218,0.115592,-0.00380843,0.113694
469.512,281,0.160328,0.115479,-0.00380983,0.111154
470.378,280.5,0.158523,0.115367,-0.0038096,0.108653
471.244,280,0.156764,0.115257,-0.00380773,0.10619
472.11,279.5,0.155051,0.115148,-0.00380423,0.103766
472.976,279,0.153385,0.11504,-0.0037991,0.101381
473.842,278.5,0.151944,0.115169,-0.00378207,0.0990386
474.708,278,0.150563,0.115316,-0.00376217,0.0967338
475.574,277.5,0.149227,0.115459,-0.0037403,0.0944664
476.44,277,0.147934,0.115599,-0.00371647,0.0922365
477.306,276.5,0.146684,0.115736,-0.00369066,0.090044
478.172,276,0.145456,0.11584,-0.00366844,0.0878924
479.038,275.5,0.144346,0.116019,-0.00364856,0.0858031
