x,y,z,b
500,1,609.808,0.113201
499.5,1,608.942,0.113269
499,1,608.076,0.113338
498.5,1,607.21,0.113408
498,1,606.344,0.113478
497.5,1,605.477,0.11355
497,1,604.611,0.113623
496.5,1,603.745,0.1137
496,1,602.879,0.113779
495.5,1,602.013,0.113859
495,1,601.147,0.11394
494.5,1,600.281,0.114022
494,1,599.415,0.114105
493.5,1,598.549,0.114182
493,1,597.683,0.114246
492.5,1,596.817,0.11431
492,1,595.951,0.114376
491.5,1,595.085,0.114443
491,1,594.219,0.114511
490.5,1,593.353,0.11458
490,1,592.487,0.114666
489.5,1,591.621,0.114754
489,1,590.755,0.114843
488.5,1,589.889,0.114934
488,1,589.023,0.115027
487.5,1,588.157,0.115121
487,1,587.291,0.115219
486.5,1,586.425,0.11532
486,1,585.559,0.115423
485.5,1,584.693,0.11553
485,1,583.827,0.115639
484.5,1,582.961,0.115751
484,1,582.095,0.115875
483.5,1,581.229,0.116018
483,1,580.363,0.116166
482.5,1,579.497,0.116318
482,1,578.631,0.116474
481.5,1,577.765,0.116635
481,1,576.899,0.116802
480.5,1,576.033,0.117015
480,1,575.167,0.117234
479.5,1,574.301,0.117461
479,1,573.435,0.117695
478.5,1,572.569,0.117936
478,1,571.703,0.118184
477.5,1,570.836,0.118513
477,1,569.97,0.118878
476.5,1,569.104,0.119253
476,1,568.238,0.119637
475.5,1,567.372,0.120031
475,1,566.506,0.120435
474.5,1,565.64,0.120901
474,1,564.774,0.121447
473.5,1,563.908,0.122005
473,1,563.042,0.122575
472.5,1,562.176,0.123142
472,1,561.31,0.123719
471.5,1,560.444,0.124321
471,1,559.578,0.12505
470.5,1,558.712,0.12579
470,1,557.846,0.126544
469.5,1,556.98,0.127309
469,1,556.114,0.128087
468.5,1,555.248,0.128877
468,1,554.382,0.129811
467.5,1,553.516,0.130782
467,1,552.65,0.131685
466.5,1,551.784,0.132593
466,1,550.918,0.133505
465.5,1,550.052,0.134421
465,1,549.186,0.135358
464.5,1,548.32,0.136316
464,1,547.454,0.137277
463.5,1,546.588,0.138242
463,1,545.722,0.139209
462.5,1,544.856,0.14018
462,1,543.99,0.141109
461.5,1,543.124,0.141856
461,1,542.258,0.142606
460.5,1,541.392,0.14336
460,1,540.526,0.144118
459.5,1,539.66,0.14488
459,1,538.794,0.145646
458.5,1,537.928,0.146238
458,1,537.061,0.146814
457.5,1,536.195,0.147405
457,1,535.329,0.14801
456.5,1,534.463,0.148597
456,1,533.597,0.149111
455.5,1,532.731,0.149713
455,1,531.865,0.150391
454.5,1,530.999,0.151088
454,1,530.133,0.151805
453.5,1,529.267,0.15254
453,1,528.401,0.153293
452.5,1,527.535,0.154118
452,1,526.669,0.155138
451.5,1,525.803,0.156183
451,1,524.937,0.157166
450.5,1,524.071,0.15799
450,1,523.205,0.158816
449.5,1,522.339,0.159644
449,1,521.473,0.160428
448.5,1,520.607,0.161222
448,1,519.741,0.162029
447.5,1,518.875,0.162851
447,1,518.009,0.163686
446.5,1,517.143,0.164536
446,1,516.277,0.16515
445.5,1,515.411,0.165492
445,1,514.545,0.165673
444.5,1,513.679,0.165863
444,1,512.813,0.16606
443.5,1,511.947,0.166265
443,1,511.081,0.166405
442.5,1,510.215,0.166368
442,1,509.349,0.166341
441.5,1,508.483,0.166324
441,1,507.617,0.166317
440.5,1,506.751,0.16632
440,1,505.885,0.166318
439.5,1,505.019,0.166275
439,1,504.153,0.16625
438.5,1,503.286,0.166246
438,1,502.42,0.166261
437.5,1,501.554,0.166296
437,1,500.688,0.166352
436.5,1,499.822,0.166307
436,1,498.956,0.166198
435.5,1,498.09,0.166081
435,1,497.224,0.165958
434.5,1,496.358,0.165799
434,1,495.492,0.165626
433.5,1,494.626,0.165355
433,1,493.76,0.164879
432.5,1,492.894,0.164414
432,1,492.028,0.163961
431.5,1,491.162,0.163519
431,1,490.296,0.163088
430.5,1,489.43,0.162665
430,1,488.564,0.162057
429.5,1,487.698,0.161444
429,1,486.832,0.160814
428.5,1,485.966,0.160207
428,1,485.1,0.159642
427.5,1,484.234,0.159119
427,1,483.368,0.158713
426.5,1,482.502,0.158378
426,1,481.636,0.158083
425.5,1,480.77,0.15783
425,1,479.904,0.157617
424.5,1,479.038,0.157445
424,1,478.172,0.157396
423.5,1,477.306,0.157378
423,1,476.44,0.15733
422.5,1,475.574,0.157319
422,1,474.708,0.157346
421.5,1,473.842,0.157411
421,1,472.976,0.157531
420.5,1,472.11,0.157895
420,1,471.244,0.158295
419.5,1,470.378,0.158732
419,1,469.512,0.159206
418.5,1,468.645,0.159716
418,1,467.779,0.160173
417.5,1,466.913,0.16063
417,1,466.047,0.161125
416.5,1,465.181,0.161654
416,1,464.315,0.162217
415.5,1,463.449,0.162815
415,1,462.583,0.163448
414.5,1,461.717,0.164102
414,1,460.851,0.164798
413.5,1,459.985,0.165561
413,1,459.119,0.16639
412.5,1,458.253,0.167425
412,1,457.387,0.168565
411.5,1,456.521,0.169732
411,1,455.655,0.170723
410.5,1,454.789,0.171787
410,1,453.923,0.172923
409.5,1,453.057,0.174131
409,1,452.191,0.175412
408.5,1,451.325,0.176766
408,1,450.459,0.177747
407.5,1,449.593,0.178673
407,1,448.727,0.179551
406.5,1,447.861,0.180456
406,1,446.995,0.181403
405.5,1,446.129,0.182392
405,1,445.263,0.183142
404.5,1,444.397,0.183626
404,1,443.531,0.184104
403.5,1,442.665,0.184575
403,1,441.799,0.18504
402.5,1,440.933,0.185499
402,1,440.067,0.185978
401.5,1,439.201,0.186486
401,1,438.335,0.186983
400.5,1,437.469,0.187478
400,1,436.603,0.187971
399.5,1,435.737,0.188461
399,1,434.87,0.188948
398.5,1,434.004,0.188276
398,1,433.138,0.187489
397.5,1,432.272,0.186748
397,1,431.406,0.186055
396.5,1,430.54,0.185409
396,1,429.674,0.18476
395.5,1,428.808,0.183698
395,1,427.942,0.182183
394.5,1,427.076,0.180542
394,1,426.21,0.178775
393.5,1,425.344,0.176883
393,1,424.478,0.174865
392.5,1,423.612,0.172459
392,1,422.746,0.169199
391.5,1,421.88,0.165912
391,1,421.014,0.162599
390.5,1,420.148,0.159277
390,1,419.282,0.155932
389.5,1,418.416,0.152565
389,1,417.55,0.15018
388.5,1,416.684,0.147834
388,1,415.818,0.145456
387.5,1,414.952,0.143048
387,1,414.086,0.140608
386.5,1,413.22,0.138137
386,1,412.354,0.13724
385.5,1,411.488,0.137314
385,1,410.622,0.137392
384.5,1,409.756,0.137433
384,1,408.89,0.137436
383.5,1,408.024,0.137402
383,1,407.158,0.137746
382.5,1,406.292,0.139019
382,1,405.426,0.140282
381.5,1,404.56,0.141536
381,1,403.694,0.142779
380.5,1,402.828,0.144013
380,1,401.962,0.145231
379.5,1,401.095,0.145551
379,1,400.229,0.145836
378.5,1,399.363,0.146094
378,1,398.497,0.146325
377.5,1,397.631,0.146529
377,1,396.765,0.146706
376.5,1,395.899,0.146471
376,1,395.033,0.146066
375.5,1,394.167,0.145683
375,1,393.301,0.145324
374.5,1,392.435,0.145024
374,1,391.569,0.14493
373.5,1,390.703,0.145295
373,1,389.837,0.146412
372.5,1,388.971,0.147684
372,1,388.105,0.149109
371.5,1,387.239,0.150688
371,1,386.373,0.152421
370.5,1,385.507,0.154317
370,1,384.641,0.156573
369.5,1,383.775,0.159015
369,1,382.909,0.161672
368.5,1,382.043,0.164562
368,1,381.177,0.167601
367.5,1,380.311,0.170787
367,1,379.445,0.173329
366.5,1,378.579,0.17575
366,1,377.713,0.178346
365.5,1,376.847,0.181116
365,1,375.981,0.18406
364.5,1,375.115,0.187179
364,1,374.249,0.189142
363.5,1,373.383,0.189255
363,1,372.517,0.189286
362.5,1,371.651,0.189637
362,1,370.785,0.190309
361.5,1,369.919,0.191302
361,1,369.053,0.192448
360.5,1,368.187,0.192558
360,1,367.321,0.193218
359.5,1,366.454,0.194427
359,1,365.588,0.196186
358.5,1,364.722,0.198495
358,1,363.856,0.200659
357.5,1,362.99,0.199995
357,1,362.124,0.199099
356.5,1,361.258,0.198602
356,1,360.392,0.198503
355.5,1,359.526,0.198804
355,1,358.66,0.199504
354.5,1,357.794,0.212269
354,1,356.928,0.240763
353.5,1,356.062,0.272763
353,1,355.196,0.308269
352.5,1,354.33,0.337854
352,1,353.464,0.354697
351.5,1,352.598,0.362338
351,1,351.732,0.341789
350.5,1,350.866,0.322999
350,1,350,0.305966
349.5,1,349.134,0.290693
349,1,348.268,0.277177
348.5,1,347.402,0.26542
348,1,346.536,0.257451
347.5,1,345.67,0.25197
347,1,344.804,0.250332
346.5,1,343.938,0.251097
346,1,343.072,0.252382
345.5,1,342.206,0.254186
345,1,341.34,0.254409
344.5,1,340.474,0.252715
344,1,339.608,0.250813
343.5,1,338.742,0.248703
343,1,337.876,0.246383
342.5,1,337.01,0.243855
342,1,336.144,0.240762
341.5,1,335.278,0.235643
341,1,334.412,0.230253
340.5,1,333.546,0.225017
340,1,332.679,0.219938
339.5,1,331.813,0.215014
339,1,330.947,0.210245
338.5,1,330.081,0.208397
338,1,329.215,0.206953
337.5,1,328.349,0.205596
337,1,327.483,0.204327
336.5,1,326.617,0.203145
336,1,325.751,0.202196
335.5,1,324.885,0.202188
335,1,324.019,0.202798
334.5,1,323.153,0.203433
334,1,322.287,0.204095
333.5,1,321.421,0.204783
333,1,320.555,0.205498
332.5,1,319.689,0.206044
332,1,318.823,0.206092
331.5,1,317.957,0.206174
331,1,317.091,0.206289
330.5,1,316.225,0.206464
330,1,315.359,0.206666
329.5,1,314.493,0.206882
329,1,313.627,0.207851
328.5,1,312.761,0.208867
328,1,311.895,0.209895
327.5,1,311.029,0.210933
327,1,310.163,0.211983
326.5,1,309.297,0.213044
326,1,308.431,0.213464
325.5,1,307.565,0.21352
325,1,306.699,0.21362
324.5,1,305.833,0.213638
324,1,304.967,0.213551
323.5,1,304.101,0.213359
323,1,303.235,0.212729
322.5,1,302.369,0.211315
322,1,301.503,0.209814
321.5,1,300.637,0.208227
321,1,299.771,0.206554
320.5,1,298.905,0.204794
320,1,298.038,0.20295
319.5,1,297.172,0.201625
319,1,296.306,0.200457
318.5,1,295.44,0.199377
318,1,294.574,0.198385
317.5,1,293.708,0.197481
317,1,292.842,0.196666
316.5,1,291.976,0.195658
316,1,291.11,0.194473
315.5,1,290.244,0.193209
315,1,289.378,0.191866
314.5,1,288.512,0.190444
314,1,287.646,0.189973
313.5,1,286.78,0.189819
313,1,285.914,0.189762
312.5,1,285.048,0.189694
312,1,284.182,0.189616
311.5,1,283.316,0.189527
311,1,282.45,0.189428
310.5,1,281.584,0.189314
310,1,280.718,0.189064
309.5,1,279.852,0.188706
309,1,278.986,0.188238
308.5,1,278.12,0.188349
308,1,277.254,0.188629
307.5,1,276.388,0.189061
307,1,275.522,0.189879
306.5,1,274.656,0.190766
306,1,273.79,0.191624
305.5,1,272.924,0.192452
305,1,272.058,0.19325
304.5,1,271.192,0.194017
304,1,270.326,0.194774
303.5,1,269.46,0.195431
303,1,268.594,0.195388
302.5,1,267.728,0.195332
302,1,266.862,0.195263
301.5,1,265.996,0.195182
301,1,265.13,0.195088
300.5,1,264.263,0.194935
300,1,263.397,0.194685
299.5,1,262.531,0.194337
299,1,261.665,0.193892
298.5,1,260.799,0.19335
298,1,259.933,0.192644
297.5,1,259.067,0.191368
297,1,258.201,0.190173
296.5,1,257.335,0.189039
296,1,256.469,0.187965
295.5,1,255.603,0.186951
295,1,254.737,0.185998
294.5,1,253.871,0.185077
294,1,253.005,0.184113
293.5,1,252.139,0.183106
293,1,251.273,0.182058
292.5,1,250.407,0.180776
292,1,249.541,0.178438
291.5,1,248.675,0.176081
291,1,247.809,0.173632
290.5,1,246.943,0.17119
290,1,246.077,0.168756
289.5,1,245.211,0.166329
289,1,244.345,0.163911
288.5,1,243.479,0.1615
288,1,242.613,0.15898
287.5,1,241.747,0.156448
287,1,240.881,0.154032
286.5,1,240.015,0.152014
286,1,239.149,0.150009
285.5,1,238.283,0.148017
285,1,237.417,0.145985
284.5,1,236.551,0.143934
284,1,235.685,0.14191
283.5,1,234.819,0.139911
283,1,233.953,0.137939
282.5,1,233.087,0.135994
282,1,232.221,0.134065
281.5,1,231.355,0.13222
281,1,230.488,0.130622
280.5,1,229.622,0.129047
280,1,228.756,0.127496
279.5,1,227.89,0.125968
279,1,227.024,0.124464
278.5,1,226.158,0.122997
278,1,225.292,0.121564
277.5,1,224.426,0.120163
277,1,223.56,0.118793
276.5,1,222.694,0.117456
276,1,221.828,0.116214
275.5,1,220.962,0.115162
275,1,220.096,0.11416
274.5,1,219.23,0.11318
274,1,218.364,0.11222
273.5,1,217.498,0.111281
273,1,216.632,0.110363
272.5,1,215.766,0.109496
272,1,214.9,0.108727
271.5,1,214.034,0.107979
271,1,213.168,0.107252
270.5,1,212.302,0.106576
270,1,211.436,0.10596
269.5,1,210.57,0.105357
269,1,209.704,0.104887
268.5,1,208.838,0.104433
268,1,207.972,0.103993
267.5,1,207.106,0.103566
267,1,206.24,0.103152
266.5,1,205.374,0.102752
266,1,204.508,0.10244
265.5,1,203.642,0.102178
265,1,202.776,0.101938
264.5,1,201.91,0.101717
264,1,201.044,0.101506
263.5,1,200.178,0.101303
263,1,199.312,0.101142
262.5,1,198.446,0.101049
262,1,197.58,0.100962
261.5,1,196.714,0.100882
261,1,195.847,0.100809
260.5,1,194.981,0.100742
260,1,194.115,0.100684
259.5,1,193.249,0.100696
259,1,192.383,0.100716
258.5,1,191.517,0.10074
258,1,190.651,0.100768
257.5,1,189.785,0.1008
257,1,188.919,0.100836
256.5,1,188.053,0.100908
256,1,187.187,0.100995
255.5,1,186.321,0.101084
255,1,185.455,0.101175
254.5,1,184.589,0.101268
254,1,183.723,0.101364
253.5,1,182.857,0.101468
253,1,181.991,0.10158
252.5,1,181.125,0.101693
252,1,180.259,0.101806
251.5,1,179.393,0.101919
251,1,178.527,0.102033
250.5,1,177.661,0.102148
250,1,176.795,0.102266
249.5,1,175.929,0.102384
249,1,175.063,0.102503
248.5,1,174.197,0.102622
248,1,173.331,0.102741
247.5,1,172.465,0.10286
247,1,171.599,0.102978
246.5,1,170.733,0.103096
246,1,169.867,0.103213
245.5,1,169.001,0.103329
245,1,168.135,0.103445
244.5,1,167.269,0.103561
244,1,166.403,0.103674
243.5,1,165.537,0.103784
243,1,164.671,0.103894
242.5,1,163.805,0.104003
242,1,162.939,0.104112
241.5,1,162.072,0.10422
241,1,161.206,0.104326
240.5,1,160.34,0.104427
240,1,159.474,0.104526
239.5,1,158.608,0.104625
239,1,157.742,0.104724
238.5,1,156.876,0.104821
238,1,156.01,0.104919
237.5,1,155.144,0.10501
237,1,154.278,0.105099
236.5,1,153.412,0.105188
236,1,152.546,0.105276
235.5,1,151.68,0.105364
235,1,150.814,0.105451
234.5,1,149.948,0.105534
234,1,149.082,0.105613
233.5,1,148.216,0.105692
233,1,147.35,0.10577
232.5,1,146.484,0.105847
232,1,145.618,0.105924
231.5,1,144.752,0.105999
231,1,143.886,0.106069
230.5,1,143.02,0.106138
230,1,142.154,0.106206
229.5,1,141.288,0.106274
229,1,140.422,0.106342
228.5,1,139.556,0.106409
228,1,138.69,0.10647
227.5,1,137.824,0.106531
227,1,136.958,0.10659
226.5,1,136.092,0.10665
226,1,135.226,0.106709
225.5,1,134.36,0.106767
225,1,133.494,0.106822
224.5,1,132.628,0.106874
224,1,131.762,0.106925
223.5,1,130.896,0.106976
223,1,130.03,0.107026
222.5,1,129.164,0.107077
222,1,128.297,0.107125
221.5,1,127.431,0.107171
221,1,126.565,0.107215
220.5,1,125.699,0.10726
220,1,124.833,0.107304
219.5,1,123.967,0.107348
219,1,123.101,0.107391
218.5,1,122.235,0.107431
218,1,121.369,0.10747
217.5,1,120.503,0.107508
217,1,119.637,0.107546
216.5,1,118.771,0.107584
216,1,117.905,0.107622
215.5,1,117.039,0.107657
215,1,116.173,0.10769
214.5,1,115.307,0.107724
214,1,114.441,0.107756
213.5,1,113.575,0.107789
213,1,112.709,0.107821
212.5,1,111.843,0.107852
212,1,110.977,0.107879
211.5,1,110.111,0.107906
211,1,109.245,0.107933
210.5,1,108.379,0.107959
210,1,107.513,0.107986
209.5,1,106.647,0.108012
209,1,105.781,0.108036
208.5,1,104.915,0.10806
208,1,104.049,0.108084
207.5,1,103.183,0.108107
207,1,102.317,0.108131
206.5,1,101.451,0.108154
206,1,100.585,0.108176
205.5,1,99.7187,0.108198
205,1,98.8526,0.108219
204.5,1,97.9866,0.10824
204,1,97.1206,0.108261
203.5,1,96.2546,0.108282
203,1,95.3885,0.108302
202.5,1,94.5225,0.108319
202,1,93.6565,0.108336
201.5,1,92.7905,0.108353
201,1,91.9244,0.108369
200.5,1,91.0584,0.108386
200,1,90.1924,0.108402
