x,y,z,b
500,1,609.808,0.105745
499.5,1,608.942,0.105715
499,1,608.076,0.105684
498.5,1,607.21,0.105654
498,1,606.344,0.105624
497.5,1,605.477,0.105593
497,1,604.611,0.105562
496.5,1,603.745,0.105537
496,1,602.879,0.105514
495.5,1,602.013,0.105492
495,1,601.147,0.10547
494.5,1,600.281,0.105449
494,1,599.415,0.105428
493.5,1,598.549,0.105413
493,1,597.683,0.10541
492.5,1,596.817,0.105407
492,1,595.951,0.105405
491.5,1,595.085,0.105404
491,1,594.219,0.105403
490.5,1,593.353,0.105403
490,1,592.487,0.105421
489.5,1,591.621,0.10544
489,1,590.755,0.105461
488.5,1,589.889,0.105484
488,1,589.023,0.105507
487.5,1,588.157,0.105531
487,1,587.291,0.105576
486.5,1,586.425,0.10563
486,1,585.559,0.105686
485.5,1,584.693,0.105744
485,1,583.827,0.105803
484.5,1,582.961,0.105865
484,1,582.095,0.105939
483.5,1,581.229,0.106036
483,1,580.363,0.106136
482.5,1,579.497,0.106239
482,1,578.631,0.106345
481.5,1,577.765,0.106453
481,1,576.899,0.106567
480.5,1,576.033,0.106718
480,1,575.167,0.106874
479.5,1,574.301,0.107033
479,1,573.435,0.107196
478.5,1,572.569,0.107362
478,1,571.703,0.107539
477.5,1,570.836,0.107753
477,1,569.97,0.107983
476.5,1,569.104,0.108219
476,1,568.238,0.108462
475.5,1,567.372,0.108711
475,1,566.506,0.108965
474.5,1,565.64,0.109249
474,1,564.774,0.109569
473.5,1,563.908,0.109896
473,1,563.042,0.110233
472.5,1,562.176,0.110593
472,1,561.31,0.110963
471.5,1,560.444,0.11135
471,1,559.578,0.111804
470.5,1,558.712,0.112271
470,1,557.846,0.11275
469.5,1,556.98,0.113242
469,1,556.114,0.113747
468.5,1,555.248,0.114266
468,1,554.382,0.11485
467.5,1,553.516,0.115469
467,1,552.65,0.116135
466.5,1,551.784,0.116822
466,1,550.918,0.117529
465.5,1,550.052,0.118256
465,1,549.186,0.119044
464.5,1,548.32,0.119898
464,1,547.454,0.120778
463.5,1,546.588,0.121685
463,1,545.722,0.122617
462.5,1,544.856,0.123576
462,1,543.99,0.12459
461.5,1,543.124,0.125762
461,1,542.258,0.126971
460.5,1,541.392,0.128217
460,1,540.526,0.129501
459.5,1,539.66,0.130822
459,1,538.794,0.132181
458.5,1,537.928,0.133586
458,1,537.061,0.13502
457.5,1,536.195,0.136481
457,1,535.329,0.137969
456.5,1,534.463,0.139486
456,1,533.597,0.141025
455.5,1,532.731,0.142439
455,1,531.865,0.143724
454.5,1,530.999,0.144983
454,1,530.133,0.146216
453.5,1,529.267,0.147423
453,1,528.401,0.148604
452.5,1,527.535,0.149718
452,1,526.669,0.150673
451.5,1,525.803,0.151613
451,1,524.937,0.152506
450.5,1,524.071,0.153327
450,1,523.205,0.154141
449.5,1,522.339,0.154946
449,1,521.473,0.155761
448.5,1,520.607,0.156586
448,1,519.741,0.157422
447.5,1,518.875,0.158268
447,1,518.009,0.159124
446.5,1,517.143,0.159991
446,1,516.277,0.160838
445.5,1,515.411,0.161615
445,1,514.545,0.162323
444.5,1,513.679,0.163064
444,1,512.813,0.163838
443.5,1,511.947,0.164644
443,1,511.081,0.165438
442.5,1,510.215,0.166147
442,1,509.349,0.166877
441.5,1,508.483,0.167629
441,1,507.617,0.168402
440.5,1,506.751,0.169197
440,1,505.885,0.169877
439.5,1,505.019,0.170334
439,1,504.153,0.170752
438.5,1,503.286,0.171133
438,1,502.42,0.171478
437.5,1,501.554,0.171785
437,1,500.688,0.172055
436.5,1,499.822,0.172303
436,1,498.956,0.172543
435.5,1,498.09,0.172771
435,1,497.224,0.172988
434.5,1,496.358,0.172967
434,1,495.492,0.172736
433.5,1,494.626,0.172586
433,1,493.76,0.172626
432.5,1,492.894,0.172689
432,1,492.028,0.172774
431.5,1,491.162,0.17288
431,1,490.296,0.173008
430.5,1,489.43,0.17317
430,1,488.564,0.173774
429.5,1,487.698,0.174407
429,1,486.832,0.174903
428.5,1,485.966,0.175269
428,1,485.1,0.175605
427.5,1,484.234,0.175911
427,1,483.368,0.176696
426.5,1,482.502,0.177713
426,1,481.636,0.178767
425.5,1,480.77,0.179858
425,1,479.904,0.180987
424.5,1,479.038,0.182152
424,1,478.172,0.18351
423.5,1,477.306,0.184394
423,1,476.44,0.184746
422.5,1,475.574,0.184925
422,1,474.708,0.184931
421.5,1,473.842,0.184764
421,1,472.976,0.184437
420.5,1,472.11,0.184176
420,1,471.244,0.183913
419.5,1,470.378,0.183651
419,1,469.512,0.183389
418.5,1,468.645,0.183126
418,1,467.779,0.182519
417.5,1,466.913,0.181773
417,1,466.047,0.180983
416.5,1,465.181,0.180116
416,1,464.315,0.179172
415.5,1,463.449,0.17815
415,1,462.583,0.177051
414.5,1,461.717,0.176096
414,1,460.851,0.175454
413.5,1,459.985,0.174907
413,1,459.119,0.174454
412.5,1,458.253,0.174486
412,1,457.387,0.174526
411.5,1,456.521,0.174301
411,1,455.655,0.173144
410.5,1,454.789,0.171977
410,1,453.923,0.170799
409.5,1,453.057,0.169611
409,1,452.191,0.168412
408.5,1,451.325,0.167203
408,1,450.459,0.164994
407.5,1,449.593,0.162824
407,1,448.727,0.161549
406.5,1,447.861,0.160568
406,1,446.995,0.159756
405.5,1,446.129,0.159115
405,1,445.263,0.158738
404.5,1,444.397,0.158624
404,1,443.531,0.158684
403.5,1,442.665,0.158916
403,1,441.799,0.159321
402.5,1,440.933,0.159899
402,1,440.067,0.160709
401.5,1,439.201,0.162049
401,1,438.335,0.163443
400.5,1,437.469,0.164871
400,1,436.603,0.166332
399.5,1,435.737,0.167827
399,1,434.87,0.169356
398.5,1,434.004,0.17132
398,1,433.138,0.173332
397.5,1,432.272,0.175334
397,1,431.406,0.177324
396.5,1,430.54,0.179305
396,1,429.674,0.181292
395.5,1,428.808,0.183079
395,1,427.942,0.184712
394.5,1,427.076,0.186319
394,1,426.21,0.187901
393.5,1,425.344,0.189458
393,1,424.478,0.190989
392.5,1,423.612,0.191948
392,1,422.746,0.191234
391.5,1,421.88,0.190487
391,1,421.014,0.189701
390.5,1,420.148,0.188659
390,1,419.282,0.187508
389.5,1,418.416,0.186249
389,1,417.55,0.185093
388.5,1,416.684,0.183709
388,1,415.818,0.182076
387.5,1,414.952,0.180196
387,1,414.086,0.178068
386.5,1,413.22,0.175692
386,1,412.354,0.17263
385.5,1,411.488,0.16968
385,1,410.622,0.167568
384.5,1,409.756,0.165594
384,1,408.89,0.163757
383.5,1,408.024,0.162058
383,1,407.158,0.160936
382.5,1,406.292,0.161022
382,1,405.426,0.161347
381.5,1,404.56,0.161911
381,1,403.694,0.162716
380.5,1,402.828,0.16376
380,1,401.962,0.164909
379.5,1,401.095,0.165311
379,1,400.229,0.165632
378.5,1,399.363,0.165873
378,1,398.497,0.166034
377.5,1,397.631,0.166115
377,1,396.765,0.166117
376.5,1,395.899,0.165785
376,1,395.033,0.165304
375.5,1,394.167,0.164804
375,1,393.301,0.164287
374.5,1,392.435,0.163766
374,1,391.569,0.163191
373.5,1,390.703,0.162533
373,1,389.837,0.161926
372.5,1,388.971,0.161253
372,1,388.105,0.160514
371.5,1,387.239,0.159708
371,1,386.373,0.158837
370.5,1,385.507,0.157937
370,1,384.641,0.157817
369.5,1,383.775,0.157773
369,1,382.909,0.157882
368.5,1,382.043,0.158082
368,1,381.177,0.158074
367.5,1,380.311,0.157856
367,1,379.445,0.157993
366.5,1,378.579,0.158364
366,1,377.713,0.158799
365.5,1,376.847,0.159296
365,1,375.981,0.159857
364.5,1,375.115,0.160482
364,1,374.249,0.161874
363.5,1,373.383,0.164777
363,1,372.517,0.168474
362.5,1,371.651,0.17264
362,1,370.785,0.177274
361.5,1,369.919,0.182376
361,1,369.053,0.187719
360.5,1,368.187,0.191605
360,1,367.321,0.196109
359.5,1,366.454,0.201229
359,1,365.588,0.206965
358.5,1,364.722,0.213317
358,1,363.856,0.219706
357.5,1,362.99,0.218097
357,1,362.124,0.215301
356.5,1,361.258,0.21346
356,1,360.392,0.212574
355.5,1,359.526,0.212643
355,1,358.66,0.213668
354.5,1,357.794,0.223802
354,1,356.928,0.247518
353.5,1,356.062,0.27696
353,1,355.196,0.312128
352.5,1,354.33,0.341705
352,1,353.464,0.357956
351.5,1,352.598,0.363937
351,1,351.732,0.331291
350.5,1,350.866,0.303438
350,1,350,0.280379
349.5,1,349.134,0.262114
349,1,348.268,0.248642
348.5,1,347.402,0.239965
348,1,346.536,0.245357
347.5,1,345.67,0.25236
347,1,344.804,0.254903
346.5,1,343.938,0.253598
346,1,343.072,0.25195
345.5,1,342.206,0.249961
345,1,341.34,0.248951
344.5,1,340.474,0.249348
344,1,339.608,0.250143
343.5,1,338.742,0.251335
343,1,337.876,0.252925
342.5,1,337.01,0.254913
342,1,336.144,0.258042
341.5,1,335.278,0.267165
341,1,334.412,0.278192
340.5,1,333.546,0.289239
340,1,332.679,0.300308
339.5,1,331.813,0.311397
339,1,330.947,0.322507
338.5,1,330.081,0.329017
338,1,329.215,0.33471
337.5,1,328.349,0.340094
337,1,327.483,0.345167
336.5,1,326.617,0.349931
336,1,325.751,0.352898
335.5,1,324.885,0.354283
335,1,324.019,0.35515
334.5,1,323.153,0.356018
334,1,322.287,0.356886
333.5,1,321.421,0.357755
333,1,320.555,0.358623
332.5,1,319.689,0.359397
332,1,318.823,0.359911
331.5,1,317.957,0.360427
331,1,317.091,0.360945
330.5,1,316.225,0.36112
330,1,315.359,0.361153
329.5,1,314.493,0.361177
329,1,313.627,0.361068
328.5,1,312.761,0.360949
328,1,311.895,0.360825
327.5,1,311.029,0.360697
327,1,310.163,0.360564
326.5,1,309.297,0.360427
326,1,308.431,0.360413
325.5,1,307.565,0.360486
325,1,306.699,0.36055
324.5,1,305.833,0.360618
324,1,304.967,0.360696
323.5,1,304.101,0.360786
323,1,303.235,0.360738
322.5,1,302.369,0.360365
322,1,301.503,0.359961
321.5,1,300.637,0.359527
321,1,299.771,0.359063
320.5,1,298.905,0.358567
320,1,298.038,0.35803
319.5,1,297.172,0.355976
319,1,296.306,0.353583
318.5,1,295.44,0.350874
318,1,294.574,0.347849
317.5,1,293.708,0.344507
317,1,292.842,0.340848
316.5,1,291.976,0.334296
316,1,291.11,0.325973
315.5,1,290.244,0.316951
315,1,289.378,0.307231
314.5,1,288.512,0.296812
314,1,287.646,0.282251
313.5,1,286.78,0.264115
313,1,285.914,0.243329
312.5,1,285.048,0.224185
312,1,284.182,0.206683
311.5,1,283.316,0.190823
311,1,282.45,0.176605
310.5,1,281.584,0.164533
310,1,280.718,0.160984
309.5,1,279.852,0.158449
309,1,278.986,0.156927
308.5,1,278.12,0.156083
308,1,277.254,0.154865
307.5,1,276.388,0.153264
307,1,275.522,0.149503
306.5,1,274.656,0.145127
306,1,273.79,0.140776
305.5,1,272.924,0.13645
305,1,272.058,0.13215
304.5,1,271.192,0.127874
304,1,270.326,0.123918
303.5,1,269.46,0.120436
303,1,268.594,0.117229
302.5,1,267.728,0.114152
302,1,266.862,0.111203
301.5,1,265.996,0.108384
301,1,265.13,0.105863
300.5,1,264.263,0.104665
300,1,263.397,0.103526
299.5,1,262.531,0.102447
299,1,261.665,0.101427
298.5,1,260.799,0.100467
298,1,259.933,0.0995735
297.5,1,259.067,0.0992752
297,1,258.201,0.0991037
296.5,1,257.335,0.098938
296,1,256.469,0.098778
295.5,1,255.603,0.0986238
295,1,254.737,0.0984753
294.5,1,253.871,0.0984525
294,1,253.005,0.0985575
293.5,1,252.139,0.0986656
293,1,251.273,0.0987767
292.5,1,250.407,0.098893
292,1,249.541,0.0990225
291.5,1,248.675,0.0991813
291,1,247.809,0.0994708
290.5,1,246.943,0.0997593
290,1,246.077,0.100047
289.5,1,245.211,0.100333
289,1,244.345,0.100618
288.5,1,243.479,0.100902
288,1,242.613,0.101151
287.5,1,241.747,0.101392
287,1,240.881,0.101634
286.5,1,240.015,0.101879
286,1,239.149,0.102123
285.5,1,238.283,0.102366
285,1,237.417,0.102589
284.5,1,236.551,0.102796
284,1,235.685,0.103002
283.5,1,234.819,0.103208
283,1,233.953,0.103412
282.5,1,233.087,0.103616
282,1,232.221,0.103813
281.5,1,231.355,0.10399
281,1,230.488,0.104168
280.5,1,229.622,0.104346
280,1,228.756,0.104523
279.5,1,227.89,0.104699
279,1,227.024,0.104874
278.5,1,226.158,0.105025
278,1,225.292,0.105173
277.5,1,224.426,0.10532
277,1,223.56,0.105466
276.5,1,222.694,0.105612
276,1,221.828,0.105757
275.5,1,220.962,0.10589
275,1,220.096,0.106013
274.5,1,219.23,0.106136
274,1,218.364,0.106257
273.5,1,217.498,0.106378
273,1,216.632,0.106498
272.5,1,215.766,0.106612
272,1,214.9,0.106712
271.5,1,214.034,0.106811
271,1,213.168,0.10691
270.5,1,212.302,0.107008
270,1,211.436,0.107107
269.5,1,210.57,0.107204
269,1,209.704,0.107285
268.5,1,208.838,0.107366
268,1,207.972,0.107445
267.5,1,207.106,0.107524
267,1,206.24,0.107602
266.5,1,205.374,0.107679
266,1,204.508,0.107749
265.5,1,203.642,0.107814
265,1,202.776,0.107878
264.5,1,201.91,0.107943
264,1,201.044,0.108007
263.5,1,200.178,0.10807
263,1,199.312,0.108129
262.5,1,198.446,0.108182
262,1,197.58,0.108234
261.5,1,196.714,0.108285
261,1,195.847,0.108336
260.5,1,194.981,0.108387
260,1,194.115,0.108437
259.5,1,193.249,0.108479
259,1,192.383,0.108521
258.5,1,191.517,0.108562
258,1,190.651,0.108604
257.5,1,189.785,0.108644
257,1,188.919,0.108685
256.5,1,188.053,0.10872
256,1,187.187,0.108753
255.5,1,186.321,0.108785
255,1,185.455,0.108817
254.5,1,184.589,0.108849
254,1,183.723,0.10888
253.5,1,182.857,0.10891
253,1,181.991,0.108937
252.5,1,181.125,0.108963
252,1,180.259,0.108989
251.5,1,179.393,0.109015
251,1,178.527,0.109041
250.5,1,177.661,0.109066
250,1,176.795,0.109086
249.5,1,175.929,0.109105
249,1,175.063,0.109125
248.5,1,174.197,0.109145
248,1,173.331,0.109164
247.5,1,172.465,0.109183
247,1,171.599,0.1092
246.5,1,170.733,0.109217
246,1,169.867,0.109233
245.5,1,169.001,0.109248
245,1,168.135,0.109264
244.5,1,167.269,0.10928
244,1,166.403,0.109293
243.5,1,165.537,0.109305
243,1,164.671,0.109317
242.5,1,163.805,0.109329
242,1,162.939,0.10934
241.5,1,162.072,0.109351
241,1,161.206,0.109362
240.5,1,160.34,0.109372
240,1,159.474,0.109381
239.5,1,158.608,0.10939
239,1,157.742,0.109399
238.5,1,156.876,0.109408
238,1,156.01,0.109417
237.5,1,155.144,0.109424
237,1,154.278,0.10943
236.5,1,153.412,0.109437
236,1,152.546,0.109443
235.5,1,151.68,0.109449
235,1,150.814,0.109455
234.5,1,149.948,0.109461
234,1,149.082,0.109466
233.5,1,148.216,0.10947
233,1,147.35,0.109475
232.5,1,146.484,0.10948
232,1,145.618,0.109484
231.5,1,144.752,0.109488
231,1,143.886,0.109491
230.5,1,143.02,0.109494
230,1,142.154,0.109496
229.5,1,141.288,0.109499
229,1,140.422,0.109502
228.5,1,139.556,0.109504
228,1,138.69,0.109506
227.5,1,137.824,0.109508
227,1,136.958,0.10951
226.5,1,136.092,0.109511
226,1,135.226,0.109513
225.5,1,134.36,0.109515
225,1,133.494,0.109516
224.5,1,132.628,0.109516
224,1,131.762,0.109517
223.5,1,130.896,0.109517
223,1,130.03,0.109517
222.5,1,129.164,0.109517
222,1,128.297,0.109518
221.5,1,127.431,0.109517
221,1,126.565,0.109517
220.5,1,125.699,0.109517
220,1,124.833,0.109517
219.5,1,123.967,0.109517
219,1,123.101,0.109517
218.5,1,122.235,0.109516
218,1,121.369,0.109514
217.5,1,120.503,0.109513
217,1,119.637,0.109512
216.5,1,118.771,0.109511
216,1,117.905,0.10951
215.5,1,117.039,0.109508
215,1,116.173,0.109507
214.5,1,115.307,0.109506
214,1,114.441,0.109504
213.5,1,113.575,0.109503
213,1,112.709,0.109501
212.5,1,111.843,0.1095
212,1,110.977,0.109498
211.5,1,110.111,0.109496
211,1,109.245,0.109493
210.5,1,108.379,0.109491
210,1,107.513,0.109489
209.5,1,106.647,0.109487
209,1,105.781,0.109485
208.5,1,104.915,0.109483
208,1,104.049,0.10948
207.5,1,103.183,0.109478
207,1,102.317,0.109475
206.5,1,101.451,0.109473
206,1,100.585,0.109471
205.5,1,99.7187,0.109468
205,1,98.8526,0.109466
204.5,1,97.9866,0.109464
204,1,97.1206,0.109461
203.5,1,96.2546,0.109459
203,1,95.3885,0.109456
202.5,1,94.5225,0.109453
202,1,93.6565,0.10945
201.5,1,92.7905,0.109447
201,1,91.9244,0.109443
200.5,1,91.0584,0.10944
200,1,90.1924,0.109437
