x,y,z,b
500,1,609.808,0.106794
499.5,1,608.942,0.106842
499,1,608.076,0.106892
498.5,1,607.21,0.106943
498,1,606.344,0.106995
497.5,1,605.477,0.107048
497,1,604.611,0.107103
496.5,1,603.745,0.107172
496,1,602.879,0.107251
495.5,1,602.013,0.107332
495,1,601.147,0.107414
494.5,1,600.281,0.1075
494,1,599.415,0.107588
493.5,1,598.549,0.107686
493,1,597.683,0.107801
492.5,1,596.817,0.107919
492,1,595.951,0.108038
491.5,1,595.085,0.10816
491,1,594.219,0.108283
490.5,1,593.353,0.108409
490,1,592.487,0.108562
489.5,1,591.621,0.108717
489,1,590.755,0.108876
488.5,1,589.889,0.109039
488,1,589.023,0.109204
487.5,1,588.157,0.109372
487,1,587.291,0.109561
486.5,1,586.425,0.10976
486,1,585.559,0.109962
485.5,1,584.693,0.110168
485,1,583.827,0.110377
484.5,1,582.961,0.110589
484,1,582.095,0.110816
483.5,1,581.229,0.111067
483,1,580.363,0.111322
482.5,1,579.497,0.111582
482,1,578.631,0.111846
481.5,1,577.765,0.112115
481,1,576.899,0.112389
480.5,1,576.033,0.112691
480,1,575.167,0.112997
479.5,1,574.301,0.113309
479,1,573.435,0.113626
478.5,1,572.569,0.113948
478,1,571.703,0.114282
477.5,1,570.836,0.114638
477,1,569.97,0.115008
476.5,1,569.104,0.115384
476,1,568.238,0.115767
475.5,1,567.372,0.116156
475,1,566.506,0.116553
474.5,1,565.64,0.116961
474,1,564.774,0.117384
473.5,1,563.908,0.117815
473,1,563.042,0.118255
472.5,1,562.176,0.118713
472,1,561.31,0.11918
471.5,1,560.444,0.119659
471,1,559.578,0.120169
470.5,1,558.712,0.12069
470,1,557.846,0.121223
469.5,1,556.98,0.121768
469,1,556.114,0.122324
468.5,1,555.248,0.122892
468,1,554.382,0.123496
467.5,1,553.516,0.124125
467,1,552.65,0.124785
466.5,1,551.784,0.125464
466,1,550.918,0.126161
465.5,1,550.052,0.126875
465,1,549.186,0.12764
464.5,1,548.32,0.128462
464,1,547.454,0.12931
463.5,1,546.588,0.130183
463,1,545.722,0.131082
462.5,1,544.856,0.132007
462,1,543.99,0.132985
461.5,1,543.124,0.134117
461,1,542.258,0.135283
460.5,1,541.392,0.136484
460,1,540.526,0.13772
459.5,1,539.66,0.138991
459,1,538.794,0.140296
458.5,1,537.928,0.141455
458,1,537.061,0.142583
457.5,1,536.195,0.143708
457,1,535.329,0.144829
456.5,1,534.463,0.145921
456,1,533.597,0.146931
455.5,1,532.731,0.147609
455,1,531.865,0.147973
454.5,1,530.999,0.148271
454,1,530.133,0.148504
453.5,1,529.267,0.14867
453,1,528.401,0.148771
452.5,1,527.535,0.148828
452,1,526.669,0.148934
451.5,1,525.803,0.149044
451,1,524.937,0.14917
450.5,1,524.071,0.149333
450,1,523.205,0.149517
449.5,1,522.339,0.149721
449,1,521.473,0.150523
448.5,1,520.607,0.151408
448,1,519.741,0.15232
447.5,1,518.875,0.153261
447,1,518.009,0.154231
446.5,1,517.143,0.155228
446,1,516.277,0.156427
445.5,1,515.411,0.157664
445,1,514.545,0.158783
444.5,1,513.679,0.159903
444,1,512.813,0.161025
443.5,1,511.947,0.16215
443,1,511.081,0.163199
442.5,1,510.215,0.164046
442,1,509.349,0.164876
441.5,1,508.483,0.165689
441,1,507.617,0.166486
440.5,1,506.751,0.167267
440,1,505.885,0.167885
439.5,1,505.019,0.168213
439,1,504.153,0.168507
438.5,1,503.286,0.16877
438,1,502.42,0.169003
437.5,1,501.554,0.169205
437,1,500.688,0.169376
436.5,1,499.822,0.169712
436,1,498.956,0.170165
435.5,1,498.09,0.170643
435,1,497.224,0.171144
434.5,1,496.358,0.171502
434,1,495.492,0.171704
433.5,1,494.626,0.17199
433,1,493.76,0.172469
432.5,1,492.894,0.172935
432,1,492.028,0.17339
431.5,1,491.162,0.173833
431,1,490.296,0.174265
430.5,1,489.43,0.17469
430,1,488.564,0.175306
429.5,1,487.698,0.175922
429,1,486.832,0.176335
428.5,1,485.966,0.176508
428,1,485.1,0.176558
427.5,1,484.234,0.176485
427,1,483.368,0.176486
426.5,1,482.502,0.176432
426,1,481.636,0.176239
425.5,1,480.77,0.175908
425,1,479.904,0.175439
424.5,1,479.038,0.174832
424,1,478.172,0.174204
423.5,1,477.306,0.173587
423,1,476.44,0.17279
422.5,1,475.574,0.171838
422,1,474.708,0.170732
421.5,1,473.842,0.16947
421,1,472.976,0.168091
420.5,1,472.11,0.166975
420,1,471.244,0.165727
419.5,1,470.378,0.164346
419,1,469.512,0.162831
418.5,1,468.645,0.161184
418,1,467.779,0.160288
417.5,1,466.913,0.159791
417,1,466.047,0.159286
416.5,1,465.181,0.15874
416,1,464.315,0.158154
415.5,1,463.449,0.157527
415,1,462.583,0.15686
414.5,1,461.717,0.156358
414,1,460.851,0.156055
413.5,1,459.985,0.155697
413,1,459.119,0.155284
412.5,1,458.253,0.155414
412,1,457.387,0.155681
411.5,1,456.521,0.155911
411,1,455.655,0.156056
410.5,1,454.789,0.156203
410,1,453.923,0.156353
409.5,1,453.057,0.156506
409,1,452.191,0.156662
408.5,1,451.325,0.15682
408,1,450.459,0.156822
407.5,1,449.593,0.156878
407,1,448.727,0.157311
406.5,1,447.861,0.15787
406,1,446.995,0.158501
405.5,1,446.129,0.159204
405,1,445.263,0.159965
404.5,1,444.397,0.160774
404,1,443.531,0.161645
403.5,1,442.665,0.162576
403,1,441.799,0.163567
402.5,1,440.933,0.164619
402,1,440.067,0.165687
401.5,1,439.201,0.166759
401,1,438.335,0.167904
400.5,1,437.469,0.169107
400,1,436.603,0.170369
399.5,1,435.737,0.17169
399,1,434.87,0.17307
398.5,1,434.004,0.174185
398,1,433.138,0.175238
397.5,1,432.272,0.176268
397,1,431.406,0.177273
396.5,1,430.54,0.178256
396,1,429.674,0.179393
395.5,1,428.808,0.180853
395,1,427.942,0.182463
394.5,1,427.076,0.183966
394,1,426.21,0.185363
393.5,1,425.344,0.186654
393,1,424.478,0.187839
392.5,1,423.612,0.188478
392,1,422.746,0.187722
391.5,1,421.88,0.186914
391,1,421.014,0.186054
390.5,1,420.148,0.185146
390,1,419.282,0.184225
389.5,1,418.416,0.183291
389,1,417.55,0.181513
388.5,1,416.684,0.179732
388,1,415.818,0.178009
387.5,1,414.952,0.176344
387,1,414.086,0.174735
386.5,1,413.22,0.173185
386,1,412.354,0.170984
385.5,1,411.488,0.168381
385,1,410.622,0.165648
384.5,1,409.756,0.162971
384,1,408.89,0.160349
383.5,1,408.024,0.157784
383,1,407.158,0.155616
382.5,1,406.292,0.154278
382,1,405.426,0.152991
381.5,1,404.56,0.151753
381,1,403.694,0.150566
380.5,1,402.828,0.149429
380,1,401.962,0.148284
379.5,1,401.095,0.147486
379,1,400.229,0.146801
378.5,1,399.363,0.146225
378,1,398.497,0.145757
377.5,1,397.631,0.145397
377,1,396.765,0.145146
376.5,1,395.899,0.145371
376,1,395.033,0.145921
375.5,1,394.167,0.14663
375,1,393.301,0.147497
374.5,1,392.435,0.14851
374,1,391.569,0.149665
373.5,1,390.703,0.151146
373,1,389.837,0.153094
372.5,1,388.971,0.155302
372,1,388.105,0.157771
371.5,1,387.239,0.160501
371,1,386.373,0.163493
370.5,1,385.507,0.166706
370,1,384.641,0.16929
369.5,1,383.775,0.171965
369,1,382.909,0.174261
368.5,1,382.043,0.175508
368,1,381.177,0.176943
367.5,1,380.311,0.178569
367,1,379.445,0.179498
366.5,1,378.579,0.180339
366,1,377.713,0.181425
365.5,1,376.847,0.182756
365,1,375.981,0.184332
364.5,1,375.115,0.186153
364,1,374.249,0.187484
363.5,1,373.383,0.187692
363,1,372.517,0.187812
362.5,1,371.651,0.188528
362,1,370.785,0.18984
361.5,1,369.919,0.191748
361,1,369.053,0.19395
360.5,1,368.187,0.193845
360,1,367.321,0.193916
359.5,1,366.454,0.194164
359,1,365.588,0.194588
358.5,1,364.722,0.195188
358,1,363.856,0.196197
357.5,1,362.99,0.192116
357,1,362.124,0.186476
356.5,1,361.258,0.180855
356,1,360.392,0.175252
355.5,1,359.526,0.169667
355,1,358.66,0.1641
354.5,1,357.794,0.17215
354,1,356.928,0.198798
353.5,1,356.062,0.230053
353,1,355.196,0.265914
352.5,1,354.33,0.297541
352,1,353.464,0.317057
351.5,1,352.598,0.327479
351,1,351.732,0.312269
350.5,1,350.866,0.29845
350,1,350,0.286021
349.5,1,349.134,0.274983
349,1,348.268,0.265336
348.5,1,347.402,0.25708
348,1,346.536,0.253397
347.5,1,345.67,0.251005
347,1,344.804,0.252021
346.5,1,343.938,0.255153
346,1,343.072,0.257664
345.5,1,342.206,0.259553
345,1,341.34,0.258657
344.5,1,340.474,0.255487
344,1,339.608,0.252062
343.5,1,338.742,0.248384
343,1,337.876,0.244452
342.5,1,337.01,0.240265
342,1,336.144,0.236558
341.5,1,335.278,0.2367
341,1,334.412,0.238215
340.5,1,333.546,0.240393
340,1,332.679,0.243233
339.5,1,331.813,0.246734
339,1,330.947,0.250898
338.5,1,330.081,0.263277
338,1,329.215,0.276298
337.5,1,328.349,0.289057
337,1,327.483,0.301554
336.5,1,326.617,0.31379
336,1,325.751,0.323786
335.5,1,324.885,0.329217
335,1,324.019,0.332611
334.5,1,323.153,0.336223
334,1,322.287,0.340052
333.5,1,321.421,0.344097
333,1,320.555,0.348359
332.5,1,319.689,0.351858
332,1,318.823,0.352896
331.5,1,317.957,0.354132
331,1,317.091,0.355567
330.5,1,316.225,0.355207
330,1,315.359,0.355174
329.5,1,314.493,0.356399
329,1,313.627,0.355571
328.5,1,312.761,0.35493
328,1,311.895,0.354615
327.5,1,311.029,0.354625
327,1,310.163,0.35496
326.5,1,309.297,0.355621
326,1,308.431,0.355769
325.5,1,307.565,0.355572
325,1,306.699,0.35503
324.5,1,305.833,0.354654
324,1,304.967,0.354588
323.5,1,304.101,0.354832
323,1,303.235,0.355141
322.5,1,302.369,0.355069
322,1,301.503,0.355037
321.5,1,300.637,0.355044
321,1,299.771,0.355093
320.5,1,298.905,0.355181
320,1,298.038,0.355293
319.5,1,297.172,0.352132
319,1,296.306,0.346663
318.5,1,295.44,0.339011
318,1,294.574,0.329175
317.5,1,293.708,0.317156
317,1,292.842,0.302954
316.5,1,291.976,0.28696
316,1,291.11,0.269925
315.5,1,290.244,0.251851
315,1,289.378,0.232738
314.5,1,288.512,0.212585
314,1,287.646,0.198206
313.5,1,286.78,0.187968
313,1,285.914,0.18198
312.5,1,285.048,0.177239
312,1,284.182,0.173746
311.5,1,283.316,0.171499
311,1,282.45,0.170499
310.5,1,281.584,0.17073
310,1,280.718,0.171927
309.5,1,279.852,0.174268
309,1,278.986,0.177753
308.5,1,278.12,0.180846
308,1,277.254,0.18368
307.5,1,276.388,0.186281
307,1,275.522,0.188536
306.5,1,274.656,0.190454
306,1,273.79,0.192064
305.5,1,272.924,0.193366
305,1,272.058,0.194358
304.5,1,271.192,0.195043
304,1,270.326,0.195593
303.5,1,269.46,0.195965
303,1,268.594,0.193826
302.5,1,267.728,0.191471
302,1,266.862,0.1889
301.5,1,265.996,0.186115
301,1,265.13,0.182979
300.5,1,264.263,0.178654
300,1,263.397,0.174129
299.5,1,262.531,0.169403
299,1,261.665,0.164477
298.5,1,260.799,0.159351
298,1,259.933,0.1541
297.5,1,259.067,0.148847
297,1,258.201,0.143653
296.5,1,257.335,0.138697
296,1,256.469,0.13398
295.5,1,255.603,0.129503
295,1,254.737,0.125264
294.5,1,253.871,0.12149
294,1,253.005,0.118192
293.5,1,252.139,0.115139
293,1,251.273,0.11233
292.5,1,250.407,0.109846
292,1,249.541,0.107958
291.5,1,248.675,0.106279
291,1,247.809,0.105174
290.5,1,246.943,0.104131
290,1,246.077,0.103151
289.5,1,245.211,0.102233
289,1,244.345,0.101378
288.5,1,243.479,0.100585
288,1,242.613,0.100177
287.5,1,241.747,0.0998533
287,1,240.881,0.099573
286.5,1,240.015,0.0993598
286,1,239.149,0.0991611
285.5,1,238.283,0.0989769
285,1,237.417,0.0989049
284.5,1,236.551,0.098923
284,1,235.685,0.0989486
283.5,1,234.819,0.0989818
283,1,233.953,0.0990226
282.5,1,233.087,0.099071
282,1,232.221,0.0991573
281.5,1,231.355,0.0993522
281,1,230.488,0.0995571
280.5,1,229.622,0.0997632
280,1,228.756,0.0999706
279.5,1,227.89,0.100179
279,1,227.024,0.100389
278.5,1,226.158,0.100603
278,1,225.292,0.100817
277.5,1,224.426,0.10103
277,1,223.56,0.101242
276.5,1,222.694,0.101453
276,1,221.828,0.101664
275.5,1,220.962,0.101868
275,1,220.096,0.102066
274.5,1,219.23,0.102263
274,1,218.364,0.102459
273.5,1,217.498,0.102654
273,1,216.632,0.102848
272.5,1,215.766,0.103037
272,1,214.9,0.103212
271.5,1,214.034,0.103387
271,1,213.168,0.10356
270.5,1,212.302,0.103734
270,1,211.436,0.103907
269.5,1,210.57,0.10408
269,1,209.704,0.104232
268.5,1,208.838,0.104383
268,1,207.972,0.104533
267.5,1,207.106,0.104682
267,1,206.24,0.104829
266.5,1,205.374,0.104975
266,1,204.508,0.105109
265.5,1,203.642,0.105236
265,1,202.776,0.105363
264.5,1,201.91,0.105489
264,1,201.044,0.105614
263.5,1,200.178,0.105738
263,1,199.312,0.105856
262.5,1,198.446,0.105963
262,1,197.58,0.10607
261.5,1,196.714,0.106175
261,1,195.847,0.106279
260.5,1,194.981,0.106383
260,1,194.115,0.106485
259.5,1,193.249,0.106575
259,1,192.383,0.106663
258.5,1,191.517,0.106751
258,1,190.651,0.106839
257.5,1,189.785,0.106925
257,1,188.919,0.107011
256.5,1,188.053,0.107087
256,1,187.187,0.107159
255.5,1,186.321,0.10723
255,1,185.455,0.107301
254.5,1,184.589,0.107371
254,1,183.723,0.107441
253.5,1,182.857,0.107507
253,1,181.991,0.107567
252.5,1,181.125,0.107627
252,1,180.259,0.107686
251.5,1,179.393,0.107744
251,1,178.527,0.107802
250.5,1,177.661,0.107859
250,1,176.795,0.107907
249.5,1,175.929,0.107955
249,1,175.063,0.108002
248.5,1,174.197,0.108049
248,1,173.331,0.108096
247.5,1,172.465,0.108143
247,1,171.599,0.108184
246.5,1,170.733,0.108225
246,1,169.867,0.108264
245.5,1,169.001,0.108304
245,1,168.135,0.108343
244.5,1,167.269,0.108381
244,1,166.403,0.108417
243.5,1,165.537,0.108449
243,1,164.671,0.108481
242.5,1,163.805,0.108513
242,1,162.939,0.108544
241.5,1,162.072,0.108575
241,1,161.206,0.108606
240.5,1,160.34,0.108632
240,1,159.474,0.108659
239.5,1,158.608,0.108685
239,1,157.742,0.108711
238.5,1,156.876,0.108736
238,1,156.01,0.108762
237.5,1,155.144,0.108784
237,1,154.278,0.108805
236.5,1,153.412,0.108826
236,1,152.546,0.108846
235.5,1,151.68,0.108867
235,1,150.814,0.108887
234.5,1,149.948,0.108906
234,1,149.082,0.108923
233.5,1,148.216,0.10894
233,1,147.35,0.108957
232.5,1,146.484,0.108974
232,1,145.618,0.108991
231.5,1,144.752,0.109007
231,1,143.886,0.10902
230.5,1,143.02,0.109033
230,1,142.154,0.109046
229.5,1,141.288,0.109059
229,1,140.422,0.109071
228.5,1,139.556,0.109084
228,1,138.69,0.109095
227.5,1,137.824,0.109106
227,1,136.958,0.109117
226.5,1,136.092,0.109127
226,1,135.226,0.109138
225.5,1,134.36,0.109148
225,1,133.494,0.109158
224.5,1,132.628,0.109166
224,1,131.762,0.109173
223.5,1,130.896,0.109181
223,1,130.03,0.109189
222.5,1,129.164,0.109197
222,1,128.297,0.109204
221.5,1,127.431,0.109211
221,1,126.565,0.109217
220.5,1,125.699,0.109224
220,1,124.833,0.10923
219.5,1,123.967,0.109237
219,1,123.101,0.109243
218.5,1,122.235,0.109248
218,1,121.369,0.109252
217.5,1,120.503,0.109256
217,1,119.637,0.109261
216.5,1,118.771,0.109265
216,1,117.905,0.109269
215.5,1,117.039,0.109273
215,1,116.173,0.109277
214.5,1,115.307,0.10928
214,1,114.441,0.109284
213.5,1,113.575,0.109287
213,1,112.709,0.109291
212.5,1,111.843,0.109294
212,1,110.977,0.109296
211.5,1,110.111,0.109298
211,1,109.245,0.1093
210.5,1,108.379,0.109301
210,1,107.513,0.109303
209.5,1,106.647,0.109305
209,1,105.781,0.109307
208.5,1,104.915,0.109308
208,1,104.049,0.10931
207.5,1,103.183,0.109311
207,1,102.317,0.109313
206.5,1,101.451,0.109314
206,1,100.585,0.109315
205.5,1,99.7187,0.109316
205,1,98.8526,0.109316
204.5,1,97.9866,0.109317
204,1,97.1206,0.109318
203.5,1,96.2546,0.109319
203,1,95.3885,0.109319
202.5,1,94.5225,0.109319
202,1,93.6565,0.109318
201.5,1,92.7905,0.109318
201,1,91.9244,0.109317
200.5,1,91.0584,0.109317
200,1,90.1924,0.109316
