x,y,z,b
500,1,609.808,0.108861
499.5,1,608.942,0.108854
499,1,608.076,0.108848
498.5,1,607.21,0.108841
498,1,606.344,0.108834
497.5,1,605.477,0.108828
497,1,604.611,0.108821
496.5,1,603.745,0.108813
496,1,602.879,0.108806
495.5,1,602.013,0.108798
495,1,601.147,0.10879
494.5,1,600.281,0.108782
494,1,599.415,0.108774
493.5,1,598.549,0.108766
493,1,597.683,0.108757
492.5,1,596.817,0.108748
492,1,595.951,0.108739
491.5,1,595.085,0.10873
491,1,594.219,0.10872
490.5,1,593.353,0.108711
490,1,592.487,0.108701
489.5,1,591.621,0.10869
489,1,590.755,0.108679
488.5,1,589.889,0.108669
488,1,589.023,0.108658
487.5,1,588.157,0.108647
487,1,587.291,0.108635
486.5,1,586.425,0.108623
486,1,585.559,0.10861
485.5,1,584.693,0.108598
485,1,583.827,0.108585
484.5,1,582.961,0.108572
484,1,582.095,0.108558
483.5,1,581.229,0.108544
483,1,580.363,0.10853
482.5,1,579.497,0.108515
482,1,578.631,0.1085
481.5,1,577.765,0.108486
481,1,576.899,0.108471
480.5,1,576.033,0.108453
480,1,575.167,0.108436
479.5,1,574.301,0.108418
479,1,573.435,0.108401
478.5,1,572.569,0.108383
478,1,571.703,0.108365
477.5,1,570.836,0.108346
477,1,569.97,0.108325
476.5,1,569.104,0.108305
476,1,568.238,0.108285
475.5,1,567.372,0.108264
475,1,566.506,0.108243
474.5,1,565.64,0.108221
474,1,564.774,0.108196
473.5,1,563.908,0.108172
473,1,563.042,0.108147
472.5,1,562.176,0.108122
472,1,561.31,0.108097
471.5,1,560.444,0.108071
471,1,559.578,0.108042
470.5,1,558.712,0.108013
470,1,557.846,0.107984
469.5,1,556.98,0.107955
469,1,556.114,0.107925
468.5,1,555.248,0.107895
468,1,554.382,0.107862
467.5,1,553.516,0.107827
467,1,552.65,0.107791
466.5,1,551.784,0.107756
466,1,550.918,0.10772
465.5,1,550.052,0.107683
465,1,549.186,0.107645
464.5,1,548.32,0.107603
464,1,547.454,0.107561
463.5,1,546.588,0.107519
463,1,545.722,0.107476
462.5,1,544.856,0.107433
462,1,543.99,0.107388
461.5,1,543.124,0.107338
461,1,542.258,0.107287
460.5,1,541.392,0.107235
460,1,540.526,0.107183
459.5,1,539.66,0.107131
459,1,538.794,0.107078
458.5,1,537.928,0.107018
458,1,537.061,0.106957
457.5,1,536.195,0.106895
457,1,535.329,0.106833
456.5,1,534.463,0.10677
456,1,533.597,0.106706
455.5,1,532.731,0.106637
455,1,531.865,0.106563
454.5,1,530.999,0.106488
454,1,530.133,0.106412
453.5,1,529.267,0.106335
453,1,528.401,0.106257
452.5,1,527.535,0.106176
452,1,526.669,0.106086
451.5,1,525.803,0.105995
451,1,524.937,0.105903
450.5,1,524.071,0.105809
450,1,523.205,0.105715
449.5,1,522.339,0.10562
449,1,521.473,0.105512
448.5,1,520.607,0.105401
448,1,519.741,0.10529
447.5,1,518.875,0.105177
447,1,518.009,0.105062
446.5,1,517.143,0.104947
446,1,516.277,0.104821
445.5,1,515.411,0.104687
445,1,514.545,0.104552
444.5,1,513.679,0.104416
444,1,512.813,0.104278
443.5,1,511.947,0.104139
443,1,511.081,0.103993
442.5,1,510.215,0.103834
442,1,509.349,0.103673
441.5,1,508.483,0.103511
441,1,507.617,0.103346
440.5,1,506.751,0.103181
440,1,505.885,0.103013
439.5,1,505.019,0.102829
439,1,504.153,0.102642
438.5,1,503.286,0.102455
438,1,502.42,0.102265
437.5,1,501.554,0.102074
437,1,500.688,0.101882
436.5,1,499.822,0.10168
436,1,498.956,0.101473
435.5,1,498.09,0.101265
435,1,497.224,0.101056
434.5,1,496.358,0.100846
434,1,495.492,0.100636
433.5,1,494.626,0.10042
433,1,493.76,0.100193
432.5,1,492.894,0.0999653
432,1,492.028,0.0997378
431.5,1,491.162,0.0995103
431,1,490.296,0.0992828
430.5,1,489.43,0.0990577
430,1,488.564,0.0989295
429.5,1,487.698,0.0988158
429,1,486.832,0.098754
428.5,1,485.966,0.0987442
428,1,485.1,0.0987639
427.5,1,484.234,0.098813
427,1,483.368,0.0990005
426.5,1,482.502,0.0992458
426,1,481.636,0.099502
425.5,1,480.77,0.0997691
425,1,479.904,0.100047
424.5,1,479.038,0.100336
424,1,478.172,0.100727
423.5,1,477.306,0.10148
423,1,476.44,0.102393
422.5,1,475.574,0.103367
422,1,474.708,0.104402
421.5,1,473.842,0.105498
421,1,472.976,0.106664
420.5,1,472.11,0.107992
420,1,471.244,0.109359
419.5,1,470.378,0.110765
419,1,469.512,0.112209
418.5,1,468.645,0.113692
418,1,467.779,0.115431
417.5,1,466.913,0.117345
417,1,466.047,0.119202
416.5,1,465.181,0.120951
416,1,464.315,0.122592
415.5,1,463.449,0.124125
415,1,462.583,0.12555
414.5,1,461.717,0.127155
414,1,460.851,0.129085
413.5,1,459.985,0.131027
413,1,459.119,0.13298
412.5,1,458.253,0.134602
412,1,457.387,0.136182
411.5,1,456.521,0.13797
411,1,455.655,0.140785
410.5,1,454.789,0.143744
410,1,453.923,0.146848
409.5,1,453.057,0.150097
409,1,452.191,0.15349
408.5,1,451.325,0.157028
408,1,450.459,0.161
407.5,1,449.593,0.165127
407,1,448.727,0.170863
406.5,1,447.861,0.176549
406,1,446.995,0.181869
405.5,1,446.129,0.186822
405,1,445.263,0.190839
404.5,1,444.397,0.193879
404,1,443.531,0.196477
403.5,1,442.665,0.198632
403,1,441.799,0.200345
402.5,1,440.933,0.201615
402,1,440.067,0.202276
401.5,1,439.201,0.206501
401,1,438.335,0.211679
400.5,1,437.469,0.217372
400,1,436.603,0.22358
399.5,1,435.737,0.230302
399,1,434.87,0.237538
398.5,1,434.004,0.251625
398,1,433.138,0.265628
397.5,1,432.272,0.278581
397,1,431.406,0.290484
396.5,1,430.54,0.301336
396,1,429.674,0.306739
395.5,1,428.808,0.309625
395,1,427.942,0.311079
394.5,1,427.076,0.31251
394,1,426.21,0.313916
393.5,1,425.344,0.315298
393,1,424.478,0.316656
392.5,1,423.612,0.317762
392,1,422.746,0.318297
391.5,1,421.88,0.319028
391,1,421.014,0.319929
390.5,1,420.148,0.320114
390,1,419.282,0.32025
389.5,1,418.416,0.320337
389,1,417.55,0.32028
388.5,1,416.684,0.320332
388,1,415.818,0.320506
387.5,1,414.952,0.320802
387,1,414.086,0.32122
386.5,1,413.22,0.32176
386,1,412.354,0.32286
385.5,1,411.488,0.32449
385,1,410.622,0.326415
384.5,1,409.756,0.328238
384,1,408.89,0.329957
383.5,1,408.024,0.331573
383,1,407.158,0.333076
382.5,1,406.292,0.334618
382,1,405.426,0.336308
381.5,1,404.56,0.338147
381,1,403.694,0.340134
380.5,1,402.828,0.342269
380,1,401.962,0.344419
379.5,1,401.095,0.332453
379,1,400.229,0.32036
378.5,1,399.363,0.308273
378,1,398.497,0.296191
377.5,1,397.631,0.284114
377,1,396.765,0.272043
376.5,1,395.899,0.257708
376,1,395.033,0.242339
375.5,1,394.167,0.227035
375,1,393.301,0.211796
374.5,1,392.435,0.19687
374,1,391.569,0.182941
373.5,1,390.703,0.173337
373,1,389.837,0.171178
372.5,1,388.971,0.168992
372,1,388.105,0.166779
371.5,1,387.239,0.164538
371,1,386.373,0.162269
370.5,1,385.507,0.160096
370,1,384.641,0.160521
369.5,1,383.775,0.161019
369,1,382.909,0.161934
368.5,1,382.043,0.16384
368,1,381.177,0.165872
367.5,1,380.311,0.168032
367,1,379.445,0.170386
366.5,1,378.579,0.172967
366,1,377.713,0.175762
365.5,1,376.847,0.178771
365,1,375.981,0.181994
364.5,1,375.115,0.18543
364,1,374.249,0.188629
363.5,1,373.383,0.191267
363,1,372.517,0.193217
362.5,1,371.651,0.194308
362,1,370.785,0.194539
361.5,1,369.919,0.193912
361,1,369.053,0.192378
360.5,1,368.187,0.189854
360,1,367.321,0.186996
359.5,1,366.454,0.183802
359,1,365.588,0.180274
358.5,1,364.722,0.17641
358,1,363.856,0.172894
357.5,1,362.99,0.172528
357,1,362.124,0.173434
356.5,1,361.258,0.17506
356,1,360.392,0.177404
355.5,1,359.526,0.180469
355,1,358.66,0.184252
354.5,1,357.794,0.195627
354,1,356.928,0.218238
353.5,1,356.062,0.245415
353,1,355.196,0.27716
352.5,1,354.33,0.305901
352,1,353.464,0.324569
351.5,1,352.598,0.328849
351,1,351.732,0.276481
350.5,1,350.866,0.227923
350,1,350,0.183175
349.5,1,349.134,0.142238
349,1,348.268,0.105111
348.5,1,347.402,0.0717941
348,1,346.536,0.069748
347.5,1,345.67,0.0704377
347,1,344.804,0.0707166
346.5,1,343.938,0.0711274
346,1,343.072,0.06971
345.5,1,342.206,0.0664643
345,1,341.34,0.0691066
344.5,1,340.474,0.077359
344,1,339.608,0.0844849
343.5,1,338.742,0.0904842
343,1,337.876,0.0953569
342.5,1,337.01,0.0991031
342,1,336.144,0.10101
341.5,1,335.278,0.100088
341,1,334.412,0.0993601
340.5,1,333.546,0.0986999
340,1,332.679,0.0981074
339.5,1,331.813,0.0975825
339,1,330.947,0.0971253
338.5,1,330.081,0.0983054
338,1,329.215,0.0995664
337.5,1,328.349,0.100722
337,1,327.483,0.101772
336.5,1,326.617,0.102716
336,1,325.751,0.103705
335.5,1,324.885,0.104104
335,1,324.019,0.104076
334.5,1,323.153,0.104081
334,1,322.287,0.104117
333.5,1,321.421,0.104185
333,1,320.555,0.104285
332.5,1,319.689,0.104518
332,1,318.823,0.105023
331.5,1,317.957,0.105508
331,1,317.091,0.105975
330.5,1,316.225,0.106444
330,1,315.359,0.106906
329.5,1,314.493,0.107354
329,1,313.627,0.10743
328.5,1,312.761,0.107497
328,1,311.895,0.107575
327.5,1,311.029,0.107662
327,1,310.163,0.107761
326.5,1,309.297,0.107869
326,1,308.431,0.108038
325.5,1,307.565,0.108235
325,1,306.699,0.108442
324.5,1,305.833,0.108651
324,1,304.967,0.108859
323.5,1,304.101,0.109066
323,1,303.235,0.109239
322.5,1,302.369,0.109341
322,1,301.503,0.109445
321.5,1,300.637,0.109551
321,1,299.771,0.109659
320.5,1,298.905,0.109768
320,1,298.038,0.109879
319.5,1,297.172,0.109981
319,1,296.306,0.110084
318.5,1,295.44,0.110186
318,1,294.574,0.110288
317.5,1,293.708,0.11039
317,1,292.842,0.110492
316.5,1,291.976,0.110571
316,1,291.11,0.110639
315.5,1,290.244,0.110707
315,1,289.378,0.110775
314.5,1,288.512,0.110843
314,1,287.646,0.110913
313.5,1,286.78,0.110974
313,1,285.914,0.111023
312.5,1,285.048,0.111071
312,1,284.182,0.111117
311.5,1,283.316,0.111163
311,1,282.45,0.111208
310.5,1,281.584,0.111251
310,1,280.718,0.11128
309.5,1,279.852,0.111308
309,1,278.986,0.111335
308.5,1,278.12,0.111363
308,1,277.254,0.111391
307.5,1,276.388,0.111418
307,1,275.522,0.111432
306.5,1,274.656,0.111442
306,1,273.79,0.111452
305.5,1,272.924,0.111461
305,1,272.058,0.11147
304.5,1,271.192,0.111478
304,1,270.326,0.111483
303.5,1,269.46,0.111482
303,1,268.594,0.11148
302.5,1,267.728,0.111479
302,1,266.862,0.111477
301.5,1,265.996,0.111475
301,1,265.13,0.111472
300.5,1,264.263,0.11146
300,1,263.397,0.111448
299.5,1,262.531,0.111437
299,1,261.665,0.111425
298.5,1,260.799,0.111413
298,1,259.933,0.111401
297.5,1,259.067,0.111385
297,1,258.201,0.111369
296.5,1,257.335,0.111354
296,1,256.469,0.111338
295.5,1,255.603,0.111322
295,1,254.737,0.111306
294.5,1,253.871,0.111287
294,1,253.005,0.111267
293.5,1,252.139,0.111247
293,1,251.273,0.111227
292.5,1,250.407,0.111207
292,1,249.541,0.111188
291.5,1,248.675,0.111167
291,1,247.809,0.111145
290.5,1,246.943,0.111123
290,1,246.077,0.111101
289.5,1,245.211,0.111079
289,1,244.345,0.111057
288.5,1,243.479,0.111036
288,1,242.613,0.111012
287.5,1,241.747,0.110988
287,1,240.881,0.110965
286.5,1,240.015,0.110942
286,1,239.149,0.110919
285.5,1,238.283,0.110896
285,1,237.417,0.110873
284.5,1,236.551,0.11085
284,1,235.685,0.110827
283.5,1,234.819,0.110804
283,1,233.953,0.110782
282.5,1,233.087,0.110759
282,1,232.221,0.110737
281.5,1,231.355,0.110714
281,1,230.488,0.110692
280.5,1,229.622,0.11067
280,1,228.756,0.110648
279.5,1,227.89,0.110627
279,1,227.024,0.110606
278.5,1,226.158,0.110584
278,1,225.292,0.110563
277.5,1,224.426,0.110542
277,1,223.56,0.110522
276.5,1,222.694,0.110501
276,1,221.828,0.110481
275.5,1,220.962,0.110462
275,1,220.096,0.110442
274.5,1,219.23,0.110423
274,1,218.364,0.110403
273.5,1,217.498,0.110384
273,1,216.632,0.110365
272.5,1,215.766,0.110347
272,1,214.9,0.110329
271.5,1,214.034,0.110311
271,1,213.168,0.110293
270.5,1,212.302,0.110276
270,1,211.436,0.110258
269.5,1,210.57,0.110241
269,1,209.704,0.110225
268.5,1,208.838,0.110208
268,1,207.972,0.110192
267.5,1,207.106,0.110176
267,1,206.24,0.11016
266.5,1,205.374,0.110144
266,1,204.508,0.110129
265.5,1,203.642,0.110114
265,1,202.776,0.110099
264.5,1,201.91,0.110084
264,1,201.044,0.11007
263.5,1,200.178,0.110056
263,1,199.312,0.110042
262.5,1,198.446,0.110028
262,1,197.58,0.110014
261.5,1,196.714,0.110001
261,1,195.847,0.109988
260.5,1,194.981,0.109975
260,1,194.115,0.109962
259.5,1,193.249,0.109949
259,1,192.383,0.109937
258.5,1,191.517,0.109925
258,1,190.651,0.109913
257.5,1,189.785,0.109901
257,1,188.919,0.109889
256.5,1,188.053,0.109878
256,1,187.187,0.109867
255.5,1,186.321,0.109856
255,1,185.455,0.109845
254.5,1,184.589,0.109834
254,1,183.723,0.109824
253.5,1,182.857,0.109813
253,1,181.991,0.109803
252.5,1,181.125,0.109793
252,1,180.259,0.109783
251.5,1,179.393,0.109773
251,1,178.527,0.109764
250.5,1,177.661,0.109754
250,1,176.795,0.109745
249.5,1,175.929,0.109736
249,1,175.063,0.109727
248.5,1,174.197,0.109719
248,1,173.331,0.10971
247.5,1,172.465,0.109702
247,1,171.599,0.109693
246.5,1,170.733,0.109685
246,1,169.867,0.109677
245.5,1,169.001,0.109669
245,1,168.135,0.109661
244.5,1,167.269,0.109653
244,1,166.403,0.109645
243.5,1,165.537,0.109638
243,1,164.671,0.109631
242.5,1,163.805,0.109624
242,1,162.939,0.109617
241.5,1,162.072,0.10961
241,1,161.206,0.109603
240.5,1,160.34,0.109596
240,1,159.474,0.109589
239.5,1,158.608,0.109583
239,1,157.742,0.109576
238.5,1,156.876,0.10957
238,1,156.01,0.109563
237.5,1,155.144,0.109557
237,1,154.278,0.109551
236.5,1,153.412,0.109545
236,1,152.546,0.109539
235.5,1,151.68,0.109534
235,1,150.814,0.109528
234.5,1,149.948,0.109522
234,1,149.082,0.109517
233.5,1,148.216,0.109511
233,1,147.35,0.109506
232.5,1,146.484,0.109501
232,1,145.618,0.109496
231.5,1,144.752,0.10949
231,1,143.886,0.109486
230.5,1,143.02,0.109481
230,1,142.154,0.109476
229.5,1,141.288,0.109471
229,1,140.422,0.109467
228.5,1,139.556,0.109462
228,1,138.69,0.109458
227.5,1,137.824,0.109453
227,1,136.958,0.109449
226.5,1,136.092,0.109444
226,1,135.226,0.10944
225.5,1,134.36,0.109436
225,1,133.494,0.109432
224.5,1,132.628,0.109428
224,1,131.762,0.109424
223.5,1,130.896,0.10942
223,1,130.03,0.109416
222.5,1,129.164,0.109413
222,1,128.297,0.109409
221.5,1,127.431,0.109405
221,1,126.565,0.109402
220.5,1,125.699,0.109398
220,1,124.833,0.109394
219.5,1,123.967,0.109391
219,1,123.101,0.109388
218.5,1,122.235,0.109384
218,1,121.369,0.109381
217.5,1,120.503,0.109378
217,1,119.637,0.109375
216.5,1,118.771,0.109372
216,1,117.905,0.109369
215.5,1,117.039,0.109366
215,1,116.173,0.109363
214.5,1,115.307,0.10936
214,1,114.441,0.109357
213.5,1,113.575,0.109354
213,1,112.709,0.109352
212.5,1,111.843,0.109349
212,1,110.977,0.109346
211.5,1,110.111,0.109344
211,1,109.245,0.109341
210.5,1,108.379,0.109339
210,1,107.513,0.109336
209.5,1,106.647,0.109334
209,1,105.781,0.109331
208.5,1,104.915,0.109329
208,1,104.049,0.109327
207.5,1,103.183,0.109324
207,1,102.317,0.109322
206.5,1,101.451,0.109319
206,1,100.585,0.109317
205.5,1,99.7187,0.109315
205,1,98.8526,0.109313
204.5,1,97.9866,0.109312
204,1,97.1206,0.10931
203.5,1,96.2546,0.109308
203,1,95.3885,0.109306
202.5,1,94.5225,0.109304
202,1,93.6565,0.109302
201.5,1,92.7905,0.109299
201,1,91.9244,0.109297
200.5,1,91.0584,0.109295
200,1,90.1924,0.109293
