x,y,z,b
500,1,609.808,0.113142
499.5,1,608.942,0.113195
499,1,608.076,0.113247
498.5,1,607.21,0.1133
498,1,606.344,0.113354
497.5,1,605.477,0.11341
497,1,604.611,0.113466
496.5,1,603.745,0.113526
496,1,602.879,0.11359
495.5,1,602.013,0.113654
495,1,601.147,0.113719
494.5,1,600.281,0.113786
494,1,599.415,0.113854
493.5,1,598.549,0.113915
493,1,597.683,0.113963
492.5,1,596.817,0.114013
492,1,595.951,0.114064
491.5,1,595.085,0.114116
491,1,594.219,0.114169
490.5,1,593.353,0.114225
490,1,592.487,0.114302
489.5,1,591.621,0.114381
489,1,590.755,0.114462
488.5,1,589.889,0.114546
488,1,589.023,0.114631
487.5,1,588.157,0.114719
487,1,587.291,0.114817
486.5,1,586.425,0.114921
486,1,585.559,0.115029
485.5,1,584.693,0.115141
485,1,583.827,0.115255
484.5,1,582.961,0.115374
484,1,582.095,0.11551
483.5,1,581.229,0.115674
483,1,580.363,0.115844
482.5,1,579.497,0.116019
482,1,578.631,0.116199
481.5,1,577.765,0.116385
481,1,576.899,0.116579
480.5,1,576.033,0.11684
480,1,575.167,0.117109
479.5,1,574.301,0.117386
479,1,573.435,0.117671
478.5,1,572.569,0.117964
478,1,571.703,0.118262
477.5,1,570.836,0.118655
477,1,569.97,0.119088
476.5,1,569.104,0.119531
476,1,568.238,0.119983
475.5,1,567.372,0.120446
475,1,566.506,0.120918
474.5,1,565.64,0.121454
474,1,564.774,0.122073
473.5,1,563.908,0.122704
473,1,563.042,0.123344
472.5,1,562.176,0.12397
472,1,561.31,0.124604
471.5,1,560.444,0.12526
471,1,559.578,0.126045
470.5,1,558.712,0.12684
470,1,557.846,0.127646
469.5,1,556.98,0.128462
469,1,556.114,0.12929
468.5,1,555.248,0.130128
468,1,554.382,0.131092
467.5,1,553.516,0.132081
467,1,552.65,0.132991
466.5,1,551.784,0.133903
466,1,550.918,0.134815
465.5,1,550.052,0.135729
465,1,549.186,0.136651
464.5,1,548.32,0.137584
464,1,547.454,0.138518
463.5,1,546.588,0.139456
463,1,545.722,0.140395
462.5,1,544.856,0.141337
462,1,543.99,0.142241
461.5,1,543.124,0.142981
461,1,542.258,0.143726
460.5,1,541.392,0.144476
460,1,540.526,0.145232
459.5,1,539.66,0.145993
459,1,538.794,0.146759
458.5,1,537.928,0.147385
458,1,537.061,0.148005
457.5,1,536.195,0.148642
457,1,535.329,0.149297
456.5,1,534.463,0.149929
456,1,533.597,0.150472
455.5,1,532.731,0.151097
455,1,531.865,0.151796
454.5,1,530.999,0.152516
454,1,530.133,0.153256
453.5,1,529.267,0.154016
453,1,528.401,0.154797
452.5,1,527.535,0.155628
452,1,526.669,0.156582
451.5,1,525.803,0.157558
451,1,524.937,0.158468
450.5,1,524.071,0.159215
450,1,523.205,0.159961
449.5,1,522.339,0.160706
449,1,521.473,0.161348
448.5,1,520.607,0.16199
448,1,519.741,0.162643
447.5,1,518.875,0.163307
447,1,518.009,0.163981
446.5,1,517.143,0.164666
446,1,516.277,0.165111
445.5,1,515.411,0.165308
445,1,514.545,0.165381
444.5,1,513.679,0.165469
444,1,512.813,0.165573
443.5,1,511.947,0.165691
443,1,511.081,0.165756
442.5,1,510.215,0.165663
442,1,509.349,0.165586
441.5,1,508.483,0.165526
441,1,507.617,0.165483
440.5,1,506.751,0.165455
440,1,505.885,0.165426
439.5,1,505.019,0.165348
439,1,504.153,0.165288
438.5,1,503.286,0.165249
438,1,502.42,0.165231
437.5,1,501.554,0.165233
437,1,500.688,0.165255
436.5,1,499.822,0.165166
436,1,498.956,0.165009
435.5,1,498.09,0.164851
435,1,497.224,0.164693
434.5,1,496.358,0.164493
434,1,495.492,0.164276
433.5,1,494.626,0.16397
433,1,493.76,0.163473
432.5,1,492.894,0.162998
432,1,492.028,0.162546
431.5,1,491.162,0.162117
431,1,490.296,0.16171
430.5,1,489.43,0.161323
430,1,488.564,0.16081
429.5,1,487.698,0.160308
429,1,486.832,0.159777
428.5,1,485.966,0.159262
428,1,485.1,0.158795
427.5,1,484.234,0.158379
427,1,483.368,0.158105
426.5,1,482.502,0.157918
426,1,481.636,0.157781
425.5,1,480.77,0.157694
425,1,479.904,0.157655
424.5,1,479.038,0.157666
424,1,478.172,0.157796
423.5,1,477.306,0.157905
423,1,476.44,0.157959
422.5,1,475.574,0.158043
422,1,474.708,0.158158
421.5,1,473.842,0.158302
421,1,472.976,0.158492
420.5,1,472.11,0.158882
420,1,471.244,0.159307
419.5,1,470.378,0.159767
419,1,469.512,0.160263
418.5,1,468.645,0.160795
418,1,467.779,0.161338
417.5,1,466.913,0.161903
417,1,466.047,0.162517
416.5,1,465.181,0.163181
416,1,464.315,0.163895
415.5,1,463.449,0.16466
415,1,462.583,0.165474
414.5,1,461.717,0.166296
414,1,460.851,0.167131
413.5,1,459.985,0.168036
413,1,459.119,0.169012
412.5,1,458.253,0.170163
412,1,457.387,0.171405
411.5,1,456.521,0.172653
411,1,455.655,0.17363
410.5,1,454.789,0.174679
410,1,453.923,0.175802
409.5,1,453.057,0.176997
409,1,452.191,0.178265
408.5,1,451.325,0.179606
408,1,450.459,0.180418
407.5,1,449.593,0.181109
407,1,448.727,0.181669
406.5,1,447.861,0.18223
406,1,446.995,0.182821
405.5,1,446.129,0.183441
405,1,445.263,0.183963
404.5,1,444.397,0.184365
404,1,443.531,0.184761
403.5,1,442.665,0.18515
403,1,441.799,0.185534
402.5,1,440.933,0.18591
402,1,440.067,0.186279
401.5,1,439.201,0.186536
401,1,438.335,0.186791
400.5,1,437.469,0.187057
400,1,436.603,0.187334
399.5,1,435.737,0.18762
399,1,434.87,0.187917
398.5,1,434.004,0.187122
398,1,433.138,0.186212
397.5,1,432.272,0.18534
397,1,431.406,0.184506
396.5,1,430.54,0.183711
396,1,429.674,0.182902
395.5,1,428.808,0.181544
395,1,427.942,0.179644
394.5,1,427.076,0.177632
394,1,426.21,0.175508
393.5,1,425.344,0.173272
393,1,424.478,0.170923
392.5,1,423.612,0.16825
392,1,422.746,0.164881
391.5,1,421.88,0.161492
391,1,421.014,0.158082
390.5,1,420.148,0.154671
390,1,419.282,0.151241
389.5,1,418.416,0.147793
389,1,417.55,0.145991
388.5,1,416.684,0.144272
388,1,415.818,0.142521
387.5,1,414.952,0.140736
387,1,414.086,0.138917
386.5,1,413.22,0.137066
386,1,412.354,0.13671
385.5,1,411.488,0.137272
385,1,410.622,0.137806
384.5,1,409.756,0.1383
384,1,408.89,0.138754
383.5,1,408.024,0.139169
383,1,407.158,0.13982
382.5,1,406.292,0.141095
382,1,405.426,0.142383
381.5,1,404.56,0.143682
381,1,403.694,0.144994
380.5,1,402.828,0.146319
380,1,401.962,0.147642
379.5,1,401.095,0.14773
379,1,400.229,0.147795
378.5,1,399.363,0.147846
378,1,398.497,0.147884
377.5,1,397.631,0.147909
377,1,396.765,0.147921
376.5,1,395.899,0.147632
376,1,395.033,0.147224
375.5,1,394.167,0.146841
375,1,393.301,0.146484
374.5,1,392.435,0.146176
374,1,391.569,0.146016
373.5,1,390.703,0.146304
373,1,389.837,0.14736
372.5,1,388.971,0.148558
372,1,388.105,0.149899
371.5,1,387.239,0.151381
371,1,386.373,0.153006
370.5,1,385.507,0.154782
370,1,384.641,0.156906
369.5,1,383.775,0.159219
369,1,382.909,0.161739
368.5,1,382.043,0.164476
368,1,381.177,0.167365
367.5,1,380.311,0.170407
367,1,379.445,0.17285
366.5,1,378.579,0.175214
366,1,377.713,0.177782
365.5,1,376.847,0.180554
365,1,375.981,0.183529
364.5,1,375.115,0.186709
364,1,374.249,0.188729
363.5,1,373.383,0.188783
363,1,372.517,0.188701
362.5,1,371.651,0.189013
362,1,370.785,0.189719
361.5,1,369.919,0.190819
361,1,369.053,0.192252
360.5,1,368.187,0.19364
360,1,367.321,0.1956
359.5,1,366.454,0.198131
359,1,365.588,0.201233
358.5,1,364.722,0.204907
358,1,363.856,0.208141
357.5,1,362.99,0.207184
357,1,362.124,0.205752
356.5,1,361.258,0.204706
356,1,360.392,0.204048
355.5,1,359.526,0.203777
355,1,358.66,0.203892
354.5,1,357.794,0.216538
354,1,356.928,0.244953
353.5,1,356.062,0.276207
353,1,355.196,0.3103
352.5,1,354.33,0.338821
352,1,353.464,0.35575
351.5,1,352.598,0.363874
351,1,351.732,0.344586
350.5,1,350.866,0.326735
350,1,350,0.310321
349.5,1,349.134,0.295344
349,1,348.268,0.281804
348.5,1,347.402,0.269701
348,1,346.536,0.259851
347.5,1,345.67,0.252514
347,1,344.804,0.249231
346.5,1,343.938,0.248593
346,1,343.072,0.248801
345.5,1,342.206,0.249858
345,1,341.34,0.249578
344.5,1,340.474,0.247405
344,1,339.608,0.24505
343.5,1,338.742,0.242513
343,1,337.876,0.239795
342.5,1,337.01,0.236894
342,1,336.144,0.233558
341.5,1,335.278,0.228715
341,1,334.412,0.223653
340.5,1,333.546,0.218708
340,1,332.679,0.21388
339.5,1,331.813,0.209168
339,1,330.947,0.204573
338.5,1,330.081,0.202709
338,1,329.215,0.201217
337.5,1,328.349,0.199799
337,1,327.483,0.198454
336.5,1,326.617,0.197184
336,1,325.751,0.196149
335.5,1,324.885,0.196091
335,1,324.019,0.196681
334.5,1,323.153,0.197305
334,1,322.287,0.197965
333.5,1,321.421,0.19866
333,1,320.555,0.19939
332.5,1,319.689,0.200138
332,1,318.823,0.200867
331.5,1,317.957,0.201616
331,1,317.091,0.202386
330.5,1,316.225,0.203242
330,1,315.359,0.204124
329.5,1,314.493,0.205002
329,1,313.627,0.206097
328.5,1,312.761,0.207203
328,1,311.895,0.208308
327.5,1,311.029,0.209413
327,1,310.163,0.210517
326.5,1,309.297,0.211622
326,1,308.431,0.211811
325.5,1,307.565,0.211414
325,1,306.699,0.210838
324.5,1,305.833,0.210132
324,1,304.967,0.209319
323.5,1,304.101,0.208399
323,1,303.235,0.207162
322.5,1,302.369,0.20544
322,1,301.503,0.203697
321.5,1,300.637,0.201935
321,1,299.771,0.200153
320.5,1,298.905,0.198352
320,1,298.038,0.196534
319.5,1,297.172,0.195511
319,1,296.306,0.194658
318.5,1,295.44,0.193894
318,1,294.574,0.193221
317.5,1,293.708,0.192637
317,1,292.842,0.192143
316.5,1,291.976,0.191507
316,1,291.11,0.190745
315.5,1,290.244,0.189937
315,1,289.378,0.189083
314.5,1,288.512,0.188182
314,1,287.646,0.188091
313.5,1,286.78,0.18821
313,1,285.914,0.188327
312.5,1,285.048,0.188466
312,1,284.182,0.188626
311.5,1,283.316,0.188808
311,1,282.45,0.189011
310.5,1,281.584,0.189227
310,1,280.718,0.189257
309.5,1,279.852,0.189184
309,1,278.986,0.189006
308.5,1,278.12,0.189209
308,1,277.254,0.189581
307.5,1,276.388,0.190109
307,1,275.522,0.190919
306.5,1,274.656,0.191767
306,1,273.79,0.192587
305.5,1,272.924,0.193381
305,1,272.058,0.194148
304.5,1,271.192,0.194888
304,1,270.326,0.195565
303.5,1,269.46,0.19607
303,1,268.594,0.195903
302.5,1,267.728,0.195745
302,1,266.862,0.195595
301.5,1,265.996,0.195454
301,1,265.13,0.195313
300.5,1,264.263,0.195089
300,1,263.397,0.194809
299.5,1,262.531,0.194474
299,1,261.665,0.194085
298.5,1,260.799,0.19364
298,1,259.933,0.19307
297.5,1,259.067,0.191947
297,1,258.201,0.190907
296.5,1,257.335,0.189923
296,1,256.469,0.188992
295.5,1,255.603,0.188117
295,1,254.737,0.187296
294.5,1,253.871,0.186488
294,1,253.005,0.185627
293.5,1,252.139,0.184736
293,1,251.273,0.183813
292.5,1,250.407,0.182653
292,1,249.541,0.18037
291.5,1,248.675,0.178071
291,1,247.809,0.175685
290.5,1,246.943,0.173314
290,1,246.077,0.170959
289.5,1,245.211,0.16862
289,1,244.345,0.166295
288.5,1,243.479,0.163986
288,1,242.613,0.16159
287.5,1,241.747,0.159189
287,1,240.881,0.156904
286.5,1,240.015,0.155007
286,1,239.149,0.153117
285.5,1,238.283,0.151236
285,1,237.417,0.149317
284.5,1,236.551,0.147375
284,1,235.685,0.145452
283.5,1,234.819,0.143548
283,1,233.953,0.141664
282.5,1,233.087,0.139798
282,1,232.221,0.13794
281.5,1,231.355,0.136146
281,1,230.488,0.134574
280.5,1,229.622,0.133021
280,1,228.756,0.131487
279.5,1,227.89,0.129972
279,1,227.024,0.128475
278.5,1,226.158,0.12699
278,1,225.292,0.125532
277.5,1,224.426,0.124101
277,1,223.56,0.122698
276.5,1,222.694,0.121321
276,1,221.828,0.120039
275.5,1,220.962,0.118934
275,1,220.096,0.117865
274.5,1,219.23,0.116815
274,1,218.364,0.115784
273.5,1,217.498,0.114772
273,1,216.632,0.113779
272.5,1,215.766,0.112826
272,1,214.9,0.111947
271.5,1,214.034,0.11109
271,1,213.168,0.110254
270.5,1,212.302,0.109472
270,1,211.436,0.108757
269.5,1,210.57,0.108054
269,1,209.704,0.107465
268.5,1,208.838,0.106893
268,1,207.972,0.106334
267.5,1,207.106,0.105789
267,1,206.24,0.105258
266.5,1,205.374,0.104741
266,1,204.508,0.104307
265.5,1,203.642,0.103922
265,1,202.776,0.103562
264.5,1,201.91,0.103227
264,1,201.044,0.102901
263.5,1,200.178,0.102586
263,1,199.312,0.102315
262.5,1,198.446,0.102119
262,1,197.58,0.101931
261.5,1,196.714,0.101752
261,1,195.847,0.10158
260.5,1,194.981,0.101417
260,1,194.115,0.101265
259.5,1,193.249,0.1012
259,1,192.383,0.101147
258.5,1,191.517,0.101098
258,1,190.651,0.101054
257.5,1,189.785,0.101014
257,1,188.919,0.10098
256.5,1,188.053,0.100987
256,1,187.187,0.101013
255.5,1,186.321,0.101043
255,1,185.455,0.101077
254.5,1,184.589,0.101114
254,1,183.723,0.101158
253.5,1,182.857,0.101222
253,1,181.991,0.101309
252.5,1,181.125,0.101398
252,1,180.259,0.101487
251.5,1,179.393,0.101578
251,1,178.527,0.10167
250.5,1,177.661,0.101763
250,1,176.795,0.101868
249.5,1,175.929,0.101972
249,1,175.063,0.102077
248.5,1,174.197,0.102184
248,1,173.331,0.102291
247.5,1,172.465,0.102399
247,1,171.599,0.10251
246.5,1,170.733,0.102621
246,1,169.867,0.102733
245.5,1,169.001,0.102844
245,1,168.135,0.102955
244.5,1,167.269,0.103066
244,1,166.403,0.103177
243.5,1,165.537,0.103286
243,1,164.671,0.103396
242.5,1,163.805,0.103505
242,1,162.939,0.103614
241.5,1,162.072,0.103722
241,1,161.206,0.103829
240.5,1,160.34,0.103932
240,1,159.474,0.104035
239.5,1,158.608,0.104137
239,1,157.742,0.104238
238.5,1,156.876,0.104339
238,1,156.01,0.104439
237.5,1,155.144,0.104534
237,1,154.278,0.104628
236.5,1,153.412,0.104722
236,1,152.546,0.104814
235.5,1,151.68,0.104906
235,1,150.814,0.104998
234.5,1,149.948,0.105086
234,1,149.082,0.10517
233.5,1,148.216,0.105254
233,1,147.35,0.105337
232.5,1,146.484,0.10542
232,1,145.618,0.105502
231.5,1,144.752,0.105582
231,1,143.886,0.105658
230.5,1,143.02,0.105732
230,1,142.154,0.105806
229.5,1,141.288,0.10588
229,1,140.422,0.105953
228.5,1,139.556,0.106025
228,1,138.69,0.106092
227.5,1,137.824,0.106158
227,1,136.958,0.106223
226.5,1,136.092,0.106288
226,1,135.226,0.106353
225.5,1,134.36,0.106417
225,1,133.494,0.106477
224.5,1,132.628,0.106534
224,1,131.762,0.106591
223.5,1,130.896,0.106647
223,1,130.03,0.106703
222.5,1,129.164,0.106759
222,1,128.297,0.106812
221.5,1,127.431,0.106863
221,1,126.565,0.106912
220.5,1,125.699,0.106961
220,1,124.833,0.10701
219.5,1,123.967,0.107059
219,1,123.101,0.107107
218.5,1,122.235,0.107151
218,1,121.369,0.107194
217.5,1,120.503,0.107238
217,1,119.637,0.10728
216.5,1,118.771,0.107323
216,1,117.905,0.107365
215.5,1,117.039,0.107404
215,1,116.173,0.107442
214.5,1,115.307,0.107479
214,1,114.441,0.107516
213.5,1,113.575,0.107552
213,1,112.709,0.107588
212.5,1,111.843,0.107623
212,1,110.977,0.107654
211.5,1,110.111,0.107684
211,1,109.245,0.107715
210.5,1,108.379,0.107745
210,1,107.513,0.107774
209.5,1,106.647,0.107804
209,1,105.781,0.107831
208.5,1,104.915,0.107858
208,1,104.049,0.107885
207.5,1,103.183,0.107912
207,1,102.317,0.107939
206.5,1,101.451,0.107965
206,1,100.585,0.10799
205.5,1,99.7187,0.108015
205,1,98.8526,0.108039
204.5,1,97.9866,0.108064
204,1,97.1206,0.108088
203.5,1,96.2546,0.108112
203,1,95.3885,0.108134
202.5,1,94.5225,0.108154
202,1,93.6565,0.108173
201.5,1,92.7905,0.108193
201,1,91.9244,0.108212
200.5,1,91.0584,0.108231
200,1,90.1924,0.10825
