x,y,z,b
500,1,609.808,0.106855
499.5,1,608.942,0.106811
499,1,608.076,0.106766
498.5,1,607.21,0.106721
498,1,606.344,0.106676
497.5,1,605.477,0.10663
497,1,604.611,0.106584
496.5,1,603.745,0.106535
496,1,602.879,0.106484
495.5,1,602.013,0.106432
495,1,601.147,0.106381
494.5,1,600.281,0.106329
494,1,599.415,0.106276
493.5,1,598.549,0.106222
493,1,597.683,0.106165
492.5,1,596.817,0.106108
492,1,595.951,0.106051
491.5,1,595.085,0.105993
491,1,594.219,0.105934
490.5,1,593.353,0.105876
490,1,592.487,0.105813
489.5,1,591.621,0.105749
489,1,590.755,0.105685
488.5,1,589.889,0.10562
488,1,589.023,0.105555
487.5,1,588.157,0.105489
487,1,587.291,0.105421
486.5,1,586.425,0.105353
486,1,585.559,0.105284
485.5,1,584.693,0.105214
485,1,583.827,0.105143
484.5,1,582.961,0.105072
484,1,582.095,0.105
483.5,1,581.229,0.104924
483,1,580.363,0.104848
482.5,1,579.497,0.104771
482,1,578.631,0.104693
481.5,1,577.765,0.104615
481,1,576.899,0.104536
480.5,1,576.033,0.104456
480,1,575.167,0.104376
479.5,1,574.301,0.104295
479,1,573.435,0.104213
478.5,1,572.569,0.104131
478,1,571.703,0.104047
477.5,1,570.836,0.103964
477,1,569.97,0.103881
476.5,1,569.104,0.103798
476,1,568.238,0.103714
475.5,1,567.372,0.103629
475,1,566.506,0.103544
474.5,1,565.64,0.103463
474,1,564.774,0.103388
473.5,1,563.908,0.103312
473,1,563.042,0.103236
472.5,1,562.176,0.10316
472,1,561.31,0.103084
471.5,1,560.444,0.103011
471,1,559.578,0.102961
470.5,1,558.712,0.102912
470,1,557.846,0.102864
469.5,1,556.98,0.102817
469,1,556.114,0.102772
468.5,1,555.248,0.102729
468,1,554.382,0.102718
467.5,1,553.516,0.102718
467,1,552.65,0.102726
466.5,1,551.784,0.102738
466,1,550.918,0.102754
465.5,1,550.052,0.102775
465,1,549.186,0.102831
464.5,1,548.32,0.102926
464,1,547.454,0.10303
463.5,1,546.588,0.103141
463,1,545.722,0.10326
462.5,1,544.856,0.103387
462,1,543.99,0.103546
461.5,1,543.124,0.103828
461,1,542.258,0.104132
460.5,1,541.392,0.104459
460,1,540.526,0.104808
459.5,1,539.66,0.10518
459,1,538.794,0.105574
458.5,1,537.928,0.106128
458,1,537.061,0.106738
457.5,1,536.195,0.107381
457,1,535.329,0.108058
456.5,1,534.463,0.108811
456,1,533.597,0.10972
455.5,1,532.731,0.110789
455,1,531.865,0.112005
454.5,1,530.999,0.11328
454,1,530.133,0.114613
453.5,1,529.267,0.116004
453,1,528.401,0.117455
452.5,1,527.535,0.118978
452,1,526.669,0.120599
451.5,1,525.803,0.122261
451,1,524.937,0.124002
450.5,1,524.071,0.125838
450,1,523.205,0.127689
449.5,1,522.339,0.129553
449,1,521.473,0.131315
448.5,1,520.607,0.133071
448,1,519.741,0.134831
447.5,1,518.875,0.136596
447,1,518.009,0.138364
446.5,1,517.143,0.140136
446,1,516.277,0.141886
445.5,1,515.411,0.14363
445,1,514.545,0.145398
444.5,1,513.679,0.147195
444,1,512.813,0.14902
443.5,1,511.947,0.150873
443,1,511.081,0.15275
442.5,1,510.215,0.154642
442,1,509.349,0.15656
441.5,1,508.483,0.158506
441,1,507.617,0.160479
440.5,1,506.751,0.16248
440,1,505.885,0.164468
439.5,1,505.019,0.166152
439,1,504.153,0.1678
438.5,1,503.286,0.16942
438,1,502.42,0.171013
437.5,1,501.554,0.172579
437,1,500.688,0.174117
436.5,1,499.822,0.175367
436,1,498.956,0.176441
435.5,1,498.09,0.177475
435,1,497.224,0.178468
434.5,1,496.358,0.179141
434,1,495.492,0.179539
433.5,1,494.626,0.179851
433,1,493.76,0.180051
432.5,1,492.894,0.180265
432,1,492.028,0.180493
431.5,1,491.162,0.180736
431,1,490.296,0.180994
430.5,1,489.43,0.181262
430,1,488.564,0.181354
429.5,1,487.698,0.181445
429,1,486.832,0.181369
428.5,1,485.966,0.181223
428,1,485.1,0.181132
427.5,1,484.234,0.181095
427,1,483.368,0.181107
426.5,1,482.502,0.181159
426,1,481.636,0.181252
425.5,1,480.77,0.181388
425,1,479.904,0.181564
424.5,1,479.038,0.181783
424,1,478.172,0.18235
423.5,1,477.306,0.183208
423,1,476.44,0.184086
422.5,1,475.574,0.185127
422,1,474.708,0.186328
421.5,1,473.842,0.18769
421,1,472.976,0.18928
420.5,1,472.11,0.191687
420,1,471.244,0.19411
419.5,1,470.378,0.196546
419,1,469.512,0.198997
418.5,1,468.645,0.201462
418,1,467.779,0.202895
417.5,1,466.913,0.203755
417,1,466.047,0.204632
416.5,1,465.181,0.205579
416,1,464.315,0.206597
415.5,1,463.449,0.207685
415,1,462.583,0.208843
414.5,1,461.717,0.209652
414,1,460.851,0.210122
413.5,1,459.985,0.210801
413,1,459.119,0.211688
412.5,1,458.253,0.21237
412,1,457.387,0.213106
411.5,1,456.521,0.213802
411,1,455.655,0.213365
410.5,1,454.789,0.213057
410,1,453.923,0.212878
409.5,1,453.057,0.212829
409,1,452.191,0.212909
408.5,1,451.325,0.213119
408,1,450.459,0.211154
407.5,1,449.593,0.208661
407,1,448.727,0.205137
406.5,1,447.861,0.20136
406,1,446.995,0.197509
405.5,1,446.129,0.193583
405,1,445.263,0.189575
404.5,1,444.397,0.18572
404,1,443.531,0.182102
403.5,1,442.665,0.178722
403,1,441.799,0.17558
402.5,1,440.933,0.172676
402,1,440.067,0.170365
401.5,1,439.201,0.169839
401,1,438.335,0.169465
400.5,1,437.469,0.16923
400,1,436.603,0.169134
399.5,1,435.737,0.169177
399,1,434.87,0.169359
398.5,1,434.004,0.170449
398,1,433.138,0.171784
397.5,1,432.272,0.173259
397,1,431.406,0.174874
396.5,1,430.54,0.17663
396,1,429.674,0.178598
395.5,1,428.808,0.180198
395,1,427.942,0.18153
394.5,1,427.076,0.18294
394,1,426.21,0.184427
393.5,1,425.344,0.18599
393,1,424.478,0.187631
392.5,1,423.612,0.189497
392,1,422.746,0.191712
391.5,1,421.88,0.193728
391,1,421.014,0.195542
390.5,1,420.148,0.197028
390,1,419.282,0.198259
389.5,1,418.416,0.199234
389,1,417.55,0.20147
388.5,1,416.684,0.203316
388,1,415.818,0.204656
387.5,1,414.952,0.205492
387,1,414.086,0.205822
386.5,1,413.22,0.205648
386,1,412.354,0.203173
385.5,1,411.488,0.199739
385,1,410.622,0.196857
384.5,1,409.756,0.194118
384,1,408.89,0.191524
383.5,1,408.024,0.189072
383,1,407.158,0.186517
382.5,1,406.292,0.18366
382,1,405.426,0.181126
381.5,1,404.56,0.178916
381,1,403.694,0.17703
380.5,1,402.828,0.175468
380,1,401.962,0.174285
379.5,1,401.095,0.175606
379,1,400.229,0.177159
378.5,1,399.363,0.178926
378,1,398.497,0.180906
377.5,1,397.631,0.183101
377,1,396.765,0.185509
376.5,1,395.899,0.187307
376,1,395.033,0.18866
375.5,1,394.167,0.189913
375,1,393.301,0.191067
374.5,1,392.435,0.191994
374,1,391.569,0.192447
373.5,1,390.703,0.19232
373,1,389.837,0.191153
372.5,1,388.971,0.190014
372,1,388.105,0.188905
371.5,1,387.239,0.187825
371,1,386.373,0.186775
370.5,1,385.507,0.185593
370,1,384.641,0.180994
369.5,1,383.775,0.17617
369,1,382.909,0.171242
368.5,1,382.043,0.16662
368,1,381.177,0.162116
367.5,1,380.311,0.157731
367,1,379.445,0.155395
366.5,1,378.579,0.153961
366,1,377.713,0.15273
365.5,1,376.847,0.151702
365,1,375.981,0.150878
364.5,1,375.115,0.150257
364,1,374.249,0.151998
363.5,1,373.383,0.158092
363,1,372.517,0.166289
362.5,1,371.651,0.174831
362,1,370.785,0.183716
361.5,1,369.919,0.192946
361,1,369.053,0.2022
360.5,1,368.187,0.208719
360,1,367.321,0.215136
359.5,1,366.454,0.221452
359,1,365.588,0.227667
358.5,1,364.722,0.233781
358,1,363.856,0.23895
357.5,1,362.99,0.240943
357,1,362.124,0.243476
356.5,1,361.258,0.247245
356,1,360.392,0.252249
355.5,1,359.526,0.258489
355,1,358.66,0.265963
354.5,1,357.794,0.275352
354,1,356.928,0.288385
353.5,1,356.062,0.304894
353,1,355.196,0.324879
352.5,1,354.33,0.338583
352,1,353.464,0.340114
351.5,1,352.598,0.333422
351,1,351.732,0.300002
350.5,1,350.866,0.27281
350,1,350,0.251845
349.5,1,349.134,0.237108
349,1,348.268,0.228599
348.5,1,347.402,0.226317
348,1,346.536,0.238999
347.5,1,345.67,0.251861
347,1,344.804,0.259569
346.5,1,343.938,0.263964
346,1,343.072,0.268187
345.5,1,342.206,0.272239
345,1,341.34,0.276799
344.5,1,340.474,0.281593
344,1,339.608,0.285951
343.5,1,338.742,0.289875
343,1,337.876,0.293363
342.5,1,337.01,0.296415
342,1,336.144,0.29896
341.5,1,335.278,0.301487
341,1,334.412,0.304036
340.5,1,333.546,0.306459
340,1,332.679,0.308756
339.5,1,331.813,0.310927
339,1,330.947,0.312971
338.5,1,330.081,0.313686
338,1,329.215,0.314642
337.5,1,328.349,0.316004
337,1,327.483,0.317771
336.5,1,326.617,0.319943
336,1,325.751,0.322066
335.5,1,324.885,0.322306
335,1,324.019,0.321525
334.5,1,323.153,0.321012
334,1,322.287,0.320767
333.5,1,321.421,0.32079
333,1,320.555,0.321081
332.5,1,319.689,0.320123
332,1,318.823,0.315803
331.5,1,317.957,0.312539
331,1,317.091,0.31033
330.5,1,316.225,0.307758
330,1,315.359,0.305222
329.5,1,314.493,0.303203
329,1,313.627,0.291393
328.5,1,312.761,0.279946
328,1,311.895,0.269367
327.5,1,311.029,0.259656
327,1,310.163,0.250813
326.5,1,309.297,0.242839
326,1,308.431,0.231962
325.5,1,307.565,0.218135
325,1,306.699,0.202987
324.5,1,305.833,0.187331
324,1,304.967,0.171291
323.5,1,304.101,0.154867
323,1,303.235,0.142464
322.5,1,302.369,0.138634
322,1,301.503,0.134095
321.5,1,300.637,0.128848
321,1,299.771,0.122893
320.5,1,298.905,0.116229
320,1,298.038,0.108921
319.5,1,297.172,0.108125
319,1,296.306,0.107168
318.5,1,295.44,0.10597
318,1,294.574,0.10453
317.5,1,293.708,0.102849
317,1,292.842,0.100926
316.5,1,291.976,0.100051
316,1,291.11,0.0996744
315.5,1,290.244,0.0992592
315,1,289.378,0.0988059
314.5,1,288.512,0.0983146
314,1,287.646,0.0978029
313.5,1,286.78,0.0975057
313,1,285.914,0.0976131
312.5,1,285.048,0.097701
312,1,284.182,0.0977693
311.5,1,283.316,0.0978181
311,1,282.45,0.0978473
310.5,1,281.584,0.0978851
310,1,280.718,0.0983172
309.5,1,279.852,0.0987514
309,1,278.986,0.0991877
308.5,1,278.12,0.099647
308,1,277.254,0.100108
307.5,1,276.388,0.100569
307,1,275.522,0.100923
306.5,1,274.656,0.101244
306,1,273.79,0.101567
305.5,1,272.924,0.101892
305,1,272.058,0.102218
304.5,1,271.192,0.102546
304,1,270.326,0.10283
303.5,1,269.46,0.103055
303,1,268.594,0.103296
302.5,1,267.728,0.103537
302,1,266.862,0.103778
301.5,1,265.996,0.10402
301,1,265.13,0.104258
300.5,1,264.263,0.104455
300,1,263.397,0.104653
299.5,1,262.531,0.104851
299,1,261.665,0.10505
298.5,1,260.799,0.105249
298,1,259.933,0.105449
297.5,1,259.067,0.105622
297,1,258.201,0.105787
296.5,1,257.335,0.105952
296,1,256.469,0.106116
295.5,1,255.603,0.10628
295,1,254.737,0.106443
294.5,1,253.871,0.10659
294,1,253.005,0.10672
293.5,1,252.139,0.106849
293,1,251.273,0.106979
292.5,1,250.407,0.107108
292,1,249.541,0.10724
291.5,1,248.675,0.107367
291,1,247.809,0.107472
290.5,1,246.943,0.107577
290,1,246.077,0.107681
289.5,1,245.211,0.107784
289,1,244.345,0.107887
288.5,1,243.479,0.107989
288,1,242.613,0.108074
287.5,1,241.747,0.108156
287,1,240.881,0.108237
286.5,1,240.015,0.10832
286,1,239.149,0.108401
285.5,1,238.283,0.108482
285,1,237.417,0.108555
284.5,1,236.551,0.10862
284,1,235.685,0.108684
283.5,1,234.819,0.108748
283,1,233.953,0.108812
282.5,1,233.087,0.108875
282,1,232.221,0.108934
281.5,1,231.355,0.108983
281,1,230.488,0.109032
280.5,1,229.622,0.109081
280,1,228.756,0.10913
279.5,1,227.89,0.109177
279,1,227.024,0.109225
278.5,1,226.158,0.109264
278,1,225.292,0.109301
277.5,1,224.426,0.109338
277,1,223.56,0.109375
276.5,1,222.694,0.109412
276,1,221.828,0.109448
275.5,1,220.962,0.109479
275,1,220.096,0.109507
274.5,1,219.23,0.109534
274,1,218.364,0.109561
273.5,1,217.498,0.109587
273,1,216.632,0.109613
272.5,1,215.766,0.109637
272,1,214.9,0.109658
271.5,1,214.034,0.109677
271,1,213.168,0.109697
270.5,1,212.302,0.109717
270,1,211.436,0.109736
269.5,1,210.57,0.109755
269,1,209.704,0.109768
268.5,1,208.838,0.109782
268,1,207.972,0.109795
267.5,1,207.106,0.109807
267,1,206.24,0.10982
266.5,1,205.374,0.109832
266,1,204.508,0.109843
265.5,1,203.642,0.109852
265,1,202.776,0.109861
264.5,1,201.91,0.109869
264,1,201.044,0.109878
263.5,1,200.178,0.109887
263,1,199.312,0.109894
262.5,1,198.446,0.109899
262,1,197.58,0.109903
261.5,1,196.714,0.109908
261,1,195.847,0.109912
260.5,1,194.981,0.109917
260,1,194.115,0.109921
259.5,1,193.249,0.109923
259,1,192.383,0.109926
258.5,1,191.517,0.109928
258,1,190.651,0.109931
257.5,1,189.785,0.109933
257,1,188.919,0.109935
256.5,1,188.053,0.109935
256,1,187.187,0.109935
255.5,1,186.321,0.109935
255,1,185.455,0.109934
254.5,1,184.589,0.109934
254,1,183.723,0.109934
253.5,1,182.857,0.109933
253,1,181.991,0.109932
252.5,1,181.125,0.10993
252,1,180.259,0.109929
251.5,1,179.393,0.109928
251,1,178.527,0.109927
250.5,1,177.661,0.109925
250,1,176.795,0.109922
249.5,1,175.929,0.109919
249,1,175.063,0.109916
248.5,1,174.197,0.109914
248,1,173.331,0.109911
247.5,1,172.465,0.109908
247,1,171.599,0.109905
246.5,1,170.733,0.109902
246,1,169.867,0.109898
245.5,1,169.001,0.109895
245,1,168.135,0.109892
244.5,1,167.269,0.109888
244,1,166.403,0.109885
243.5,1,165.537,0.10988
243,1,164.671,0.109876
242.5,1,163.805,0.109872
242,1,162.939,0.109868
241.5,1,162.072,0.109863
241,1,161.206,0.109859
240.5,1,160.34,0.109855
240,1,159.474,0.10985
239.5,1,158.608,0.109846
239,1,157.742,0.109842
238.5,1,156.876,0.109838
238,1,156.01,0.109833
237.5,1,155.144,0.109829
237,1,154.278,0.109824
236.5,1,153.412,0.109819
236,1,152.546,0.109815
235.5,1,151.68,0.10981
235,1,150.814,0.109805
234.5,1,149.948,0.109801
234,1,149.082,0.109796
233.5,1,148.216,0.109791
233,1,147.35,0.109787
232.5,1,146.484,0.109782
232,1,145.618,0.109777
231.5,1,144.752,0.109773
231,1,143.886,0.109768
230.5,1,143.02,0.109763
230,1,142.154,0.109758
229.5,1,141.288,0.109754
229,1,140.422,0.109749
228.5,1,139.556,0.109744
228,1,138.69,0.109739
227.5,1,137.824,0.109734
227,1,136.958,0.10973
226.5,1,136.092,0.109725
226,1,135.226,0.10972
225.5,1,134.36,0.109716
225,1,133.494,0.109711
224.5,1,132.628,0.109706
224,1,131.762,0.109701
223.5,1,130.896,0.109696
223,1,130.03,0.109692
222.5,1,129.164,0.109687
222,1,128.297,0.109682
221.5,1,127.431,0.109677
221,1,126.565,0.109673
220.5,1,125.699,0.109668
220,1,124.833,0.109663
219.5,1,123.967,0.109659
219,1,123.101,0.109654
218.5,1,122.235,0.10965
218,1,121.369,0.109645
217.5,1,120.503,0.10964
217,1,119.637,0.109636
216.5,1,118.771,0.109631
216,1,117.905,0.109627
215.5,1,117.039,0.109622
215,1,116.173,0.109618
214.5,1,115.307,0.109613
214,1,114.441,0.109608
213.5,1,113.575,0.109604
213,1,112.709,0.109599
212.5,1,111.843,0.109595
212,1,110.977,0.10959
211.5,1,110.111,0.109586
211,1,109.245,0.109581
210.5,1,108.379,0.109577
210,1,107.513,0.109573
209.5,1,106.647,0.109568
209,1,105.781,0.109564
208.5,1,104.915,0.109559
208,1,104.049,0.109554
207.5,1,103.183,0.10955
207,1,102.317,0.109545
206.5,1,101.451,0.109541
206,1,100.585,0.109537
205.5,1,99.7187,0.109533
205,1,98.8526,0.109529
204.5,1,97.9866,0.109525
204,1,97.1206,0.109521
203.5,1,96.2546,0.109517
203,1,95.3885,0.109513
202.5,1,94.5225,0.109508
202,1,93.6565,0.109503
201.5,1,92.7905,0.109498
201,1,91.9244,0.109494
200.5,1,91.0584,0.109489
200,1,90.1924,0.109484
