x,y,z,b
500,1,609.808,0.111342
499.5,1,608.942,0.111356
499,1,608.076,0.111371
498.5,1,607.21,0.111388
498,1,606.344,0.111406
497.5,1,605.477,0.111425
497,1,604.611,0.111446
496.5,1,603.745,0.111492
496,1,602.879,0.111555
495.5,1,602.013,0.111619
495,1,601.147,0.111687
494.5,1,600.281,0.111756
494,1,599.415,0.111827
493.5,1,598.549,0.111914
493,1,597.683,0.112031
492.5,1,596.817,0.112151
492,1,595.951,0.112274
491.5,1,595.085,0.112401
491,1,594.219,0.112531
490.5,1,593.353,0.112664
490,1,592.487,0.112869
489.5,1,591.621,0.113079
489,1,590.755,0.113291
488.5,1,589.889,0.113506
488,1,589.023,0.113725
487.5,1,588.157,0.113949
487,1,587.291,0.114234
486.5,1,586.425,0.114551
486,1,585.559,0.114874
485.5,1,584.693,0.115203
485,1,583.827,0.115537
484.5,1,582.961,0.115878
484,1,582.095,0.116282
483.5,1,581.229,0.116776
483,1,580.363,0.117276
482.5,1,579.497,0.117782
482,1,578.631,0.118293
481.5,1,577.765,0.118809
481,1,576.899,0.119338
480.5,1,576.033,0.119977
480,1,575.167,0.12062
479.5,1,574.301,0.121268
479,1,573.435,0.121921
478.5,1,572.569,0.122578
478,1,571.703,0.123208
477.5,1,570.836,0.123904
477,1,569.97,0.124623
476.5,1,569.104,0.125344
476,1,568.238,0.126067
475.5,1,567.372,0.126792
475,1,566.506,0.12752
474.5,1,565.64,0.12829
474,1,564.774,0.129117
473.5,1,563.908,0.129947
473,1,563.042,0.130776
472.5,1,562.176,0.13156
472,1,561.31,0.132345
471.5,1,560.444,0.133142
471,1,559.578,0.134036
470.5,1,558.712,0.134929
470,1,557.846,0.13582
469.5,1,556.98,0.136709
469,1,556.114,0.137597
468.5,1,555.248,0.138483
468,1,554.382,0.139376
467.5,1,553.516,0.140255
467,1,552.65,0.141056
466.5,1,551.784,0.141851
466,1,550.918,0.142638
465.5,1,550.052,0.143418
465,1,549.186,0.144157
464.5,1,548.32,0.144858
464,1,547.454,0.145558
463.5,1,546.588,0.146259
463,1,545.722,0.146959
462.5,1,544.856,0.14766
462,1,543.99,0.148321
461.5,1,543.124,0.148824
461,1,542.258,0.149332
460.5,1,541.392,0.149844
460,1,540.526,0.150362
459.5,1,539.66,0.150884
459,1,538.794,0.151411
458.5,1,537.928,0.151936
458,1,537.061,0.152471
457.5,1,536.195,0.153019
457,1,535.329,0.153579
456.5,1,534.463,0.154122
456,1,533.597,0.154596
455.5,1,532.731,0.155085
455,1,531.865,0.155581
454.5,1,530.999,0.156073
454,1,530.133,0.156561
453.5,1,529.267,0.157045
453,1,528.401,0.157525
452.5,1,527.535,0.15798
452,1,526.669,0.158366
451.5,1,525.803,0.158757
451,1,524.937,0.159117
450.5,1,524.071,0.159407
450,1,523.205,0.159689
449.5,1,522.339,0.159963
449,1,521.473,0.160137
448.5,1,520.607,0.160294
448,1,519.741,0.160442
447.5,1,518.875,0.160581
447,1,518.009,0.160711
446.5,1,517.143,0.160833
446,1,516.277,0.160765
445.5,1,515.411,0.160583
445,1,514.545,0.160404
444.5,1,513.679,0.160254
444,1,512.813,0.160133
443.5,1,511.947,0.16004
443,1,511.081,0.159935
442.5,1,510.215,0.15976
442,1,509.349,0.159614
441.5,1,508.483,0.159499
441,1,507.617,0.159413
440.5,1,506.751,0.159358
440,1,505.885,0.159273
439.5,1,505.019,0.159094
439,1,504.153,0.158936
438.5,1,503.286,0.1588
438,1,502.42,0.158686
437.5,1,501.554,0.158594
437,1,500.688,0.158525
436.5,1,499.822,0.15839
436,1,498.956,0.158229
435.5,1,498.09,0.158089
435,1,497.224,0.15797
434.5,1,496.358,0.157806
434,1,495.492,0.157609
433.5,1,494.626,0.157399
433,1,493.76,0.157157
432.5,1,492.894,0.156964
432,1,492.028,0.15682
431.5,1,491.162,0.156726
431,1,490.296,0.156681
430.5,1,489.43,0.156684
430,1,488.564,0.156705
429.5,1,487.698,0.156766
429,1,486.832,0.156816
428.5,1,485.966,0.156868
428,1,485.1,0.156956
427.5,1,484.234,0.157081
427,1,483.368,0.15732
426.5,1,482.502,0.157638
426,1,481.636,0.158005
425.5,1,480.77,0.158422
425,1,479.904,0.158888
424.5,1,479.038,0.159404
424,1,478.172,0.159976
423.5,1,477.306,0.160657
423,1,476.44,0.161402
422.5,1,475.574,0.162182
422,1,474.708,0.162998
421.5,1,473.842,0.163848
421,1,472.976,0.164724
420.5,1,472.11,0.16553
420,1,471.244,0.166375
419.5,1,470.378,0.16726
419,1,469.512,0.168185
418.5,1,468.645,0.169149
418,1,467.779,0.17023
417.5,1,466.913,0.171206
417,1,466.047,0.172156
416.5,1,465.181,0.173127
416,1,464.315,0.174119
415.5,1,463.449,0.175132
415,1,462.583,0.176167
414.5,1,461.717,0.176943
414,1,460.851,0.177401
413.5,1,459.985,0.177877
413,1,459.119,0.178371
412.5,1,458.253,0.178678
412,1,457.387,0.178944
411.5,1,456.521,0.179207
411,1,455.655,0.179371
410.5,1,454.789,0.179544
410,1,453.923,0.179725
409.5,1,453.057,0.179915
409,1,452.191,0.180114
408.5,1,451.325,0.180321
408,1,450.459,0.180666
407.5,1,449.593,0.181061
407,1,448.727,0.18129
406.5,1,447.861,0.181502
406,1,446.995,0.181732
405.5,1,446.129,0.181981
405,1,445.263,0.182067
404.5,1,444.397,0.182013
404,1,443.531,0.181997
403.5,1,442.665,0.182019
403,1,441.799,0.182081
402.5,1,440.933,0.182181
402,1,440.067,0.182217
401.5,1,439.201,0.181732
401,1,438.335,0.181268
400.5,1,437.469,0.180836
400,1,436.603,0.180439
399.5,1,435.737,0.180074
399,1,434.87,0.179743
398.5,1,434.004,0.177898
398,1,433.138,0.175836
397.5,1,432.272,0.173768
397,1,431.406,0.171696
396.5,1,430.54,0.169617
396,1,429.674,0.167552
395.5,1,428.808,0.165198
395,1,427.942,0.162555
394.5,1,427.076,0.159846
394,1,426.21,0.157071
393.5,1,425.344,0.154231
393,1,424.478,0.151325
392.5,1,423.612,0.148808
392,1,422.746,0.14761
391.5,1,421.88,0.146376
391,1,421.014,0.14511
390.5,1,420.148,0.14386
390,1,419.282,0.142578
389.5,1,418.416,0.141262
389,1,417.55,0.141601
388.5,1,416.684,0.14198
388,1,415.818,0.142281
387.5,1,414.952,0.142502
387,1,414.086,0.142645
386.5,1,413.22,0.142708
386,1,412.354,0.143416
385.5,1,411.488,0.144574
385,1,410.622,0.145706
384.5,1,409.756,0.146856
384,1,408.89,0.148026
383.5,1,408.024,0.149214
383,1,407.158,0.150033
382.5,1,406.292,0.149992
382,1,405.426,0.149976
381.5,1,404.56,0.149986
381,1,403.694,0.150022
380.5,1,402.828,0.150084
380,1,401.962,0.150154
379.5,1,401.095,0.149613
379,1,400.229,0.149101
378.5,1,399.363,0.148623
378,1,398.497,0.148177
377.5,1,397.631,0.147766
377,1,396.765,0.147387
376.5,1,395.899,0.147507
376,1,395.033,0.147924
375.5,1,394.167,0.148421
375,1,393.301,0.148999
374.5,1,392.435,0.149645
374,1,391.569,0.150314
373.5,1,390.703,0.151162
373,1,389.837,0.152197
372.5,1,388.971,0.153197
372,1,388.105,0.154163
371.5,1,387.239,0.155093
371,1,386.373,0.155988
370.5,1,385.507,0.156838
370,1,384.641,0.157432
369.5,1,383.775,0.15801
369,1,382.909,0.158656
368.5,1,382.043,0.159459
368,1,381.177,0.160182
367.5,1,380.311,0.160823
367,1,379.445,0.166216
366.5,1,378.579,0.172555
366,1,377.713,0.177947
365.5,1,376.847,0.182392
365,1,375.981,0.185892
364.5,1,375.115,0.188445
364,1,374.249,0.193925
363.5,1,373.383,0.20481
363,1,372.517,0.215292
362.5,1,371.651,0.224281
362,1,370.785,0.231779
361.5,1,369.919,0.237785
361,1,369.053,0.242128
360.5,1,368.187,0.244724
360,1,367.321,0.248109
359.5,1,366.454,0.252283
359,1,365.588,0.257246
358.5,1,364.722,0.262998
358,1,363.856,0.26906
357.5,1,362.99,0.269939
357,1,362.124,0.26932
356.5,1,361.258,0.26837
356,1,360.392,0.267088
355.5,1,359.526,0.265474
355,1,358.66,0.263529
354.5,1,357.794,0.26848
354,1,356.928,0.28342
353.5,1,356.062,0.301072
353,1,355.196,0.321436
352.5,1,354.33,0.338011
352,1,353.464,0.344719
351.5,1,352.598,0.341808
351,1,351.732,0.310684
350.5,1,350.866,0.282446
350,1,350,0.257096
349.5,1,349.134,0.234632
349,1,348.268,0.215055
348.5,1,347.402,0.198364
348,1,346.536,0.195046
347.5,1,345.67,0.196413
347,1,344.804,0.204374
346.5,1,343.938,0.215226
346,1,343.072,0.224552
345.5,1,342.206,0.232351
345,1,341.34,0.234361
344.5,1,340.474,0.232012
344,1,339.608,0.229421
343.5,1,338.742,0.226587
343,1,337.876,0.223512
342.5,1,337.01,0.220194
342,1,336.144,0.216615
341.5,1,335.278,0.212651
341,1,334.412,0.20863
340.5,1,333.546,0.204718
340,1,332.679,0.200917
339.5,1,331.813,0.197225
339,1,330.947,0.193643
338.5,1,330.081,0.191757
338,1,329.215,0.190148
337.5,1,328.349,0.188636
337,1,327.483,0.187221
336.5,1,326.617,0.185903
336,1,325.751,0.184722
335.5,1,324.885,0.18471
335,1,324.019,0.185521
334.5,1,323.153,0.186398
334,1,322.287,0.187341
333.5,1,321.421,0.188349
333,1,320.555,0.189424
332.5,1,319.689,0.190732
332,1,318.823,0.19251
331.5,1,317.957,0.194273
331,1,317.091,0.196021
330.5,1,316.225,0.197717
330,1,315.359,0.199358
329.5,1,314.493,0.200956
329,1,313.627,0.200764
328.5,1,312.761,0.200395
328,1,311.895,0.19993
327.5,1,311.029,0.199371
327,1,310.163,0.198716
326.5,1,309.297,0.197966
326,1,308.431,0.195943
325.5,1,307.565,0.193124
325,1,306.699,0.190317
324.5,1,305.833,0.187491
324,1,304.967,0.184613
323.5,1,304.101,0.181682
323,1,303.235,0.179248
322.5,1,302.369,0.178036
322,1,301.503,0.17697
321.5,1,300.637,0.176051
321,1,299.771,0.175279
320.5,1,298.905,0.174654
320,1,298.038,0.174181
319.5,1,297.172,0.174302
319,1,296.306,0.174551
318.5,1,295.44,0.17494
318,1,294.574,0.175469
317.5,1,293.708,0.176137
317,1,292.842,0.176945
316.5,1,291.976,0.177665
316,1,291.11,0.178369
315.5,1,290.244,0.179149
315,1,289.378,0.180005
314.5,1,288.512,0.180936
314,1,287.646,0.181844
313.5,1,286.78,0.18269
313,1,285.914,0.183352
312.5,1,285.048,0.184102
312,1,284.182,0.184938
311.5,1,283.316,0.185861
311,1,282.45,0.186872
310.5,1,281.584,0.187944
310,1,280.718,0.188733
309.5,1,279.852,0.18958
309,1,278.986,0.190485
308.5,1,278.12,0.190953
308,1,277.254,0.191475
307.5,1,276.388,0.192069
307,1,275.522,0.192326
306.5,1,274.656,0.192562
306,1,273.79,0.192917
305.5,1,272.924,0.193392
305,1,272.058,0.193987
304.5,1,271.192,0.194702
304,1,270.326,0.195315
303.5,1,269.46,0.19569
303,1,268.594,0.19549
302.5,1,267.728,0.19539
302,1,266.862,0.195392
301.5,1,265.996,0.195494
301,1,265.13,0.195658
300.5,1,264.263,0.195583
300,1,263.397,0.195529
299.5,1,262.531,0.195496
299,1,261.665,0.195483
298.5,1,260.799,0.195491
298,1,259.933,0.195405
297.5,1,259.067,0.19413
297,1,258.201,0.192836
296.5,1,257.335,0.191549
296,1,256.469,0.19027
295.5,1,255.603,0.188998
295,1,254.737,0.187734
294.5,1,253.871,0.186466
294,1,253.005,0.185176
293.5,1,252.139,0.183873
293,1,251.273,0.182556
292.5,1,250.407,0.181181
292,1,249.541,0.179571
291.5,1,248.675,0.177956
291,1,247.809,0.176311
290.5,1,246.943,0.17467
290,1,246.077,0.173033
289.5,1,245.211,0.171401
289,1,244.345,0.169772
288.5,1,243.479,0.168148
288,1,242.613,0.16649
287.5,1,241.747,0.164827
287,1,240.881,0.163228
286.5,1,240.015,0.161847
286,1,239.149,0.160463
285.5,1,238.283,0.159076
285,1,237.417,0.157665
284.5,1,236.551,0.156237
284,1,235.685,0.154811
283.5,1,234.819,0.153387
283,1,233.953,0.151964
282.5,1,233.087,0.150543
282,1,232.221,0.149114
281.5,1,231.355,0.147713
281,1,230.488,0.146447
280.5,1,229.622,0.145187
280,1,228.756,0.143933
279.5,1,227.89,0.142686
279,1,227.024,0.141445
278.5,1,226.158,0.140191
278,1,225.292,0.138947
277.5,1,224.426,0.137714
277,1,223.56,0.136493
276.5,1,222.694,0.135283
276,1,221.828,0.134145
275.5,1,220.962,0.133118
275,1,220.096,0.132095
274.5,1,219.23,0.13108
274,1,218.364,0.130073
273.5,1,217.498,0.129076
273,1,216.632,0.128087
272.5,1,215.766,0.127104
272,1,214.9,0.126128
271.5,1,214.034,0.125163
271,1,213.168,0.12421
270.5,1,212.302,0.123309
270,1,211.436,0.122474
269.5,1,210.57,0.121646
269,1,209.704,0.120842
268.5,1,208.838,0.120047
268,1,207.972,0.119263
267.5,1,207.106,0.118487
267,1,206.24,0.117721
266.5,1,205.374,0.116965
266,1,204.508,0.116237
265.5,1,203.642,0.115531
265,1,202.776,0.11486
264.5,1,201.91,0.114224
264,1,201.044,0.113596
263.5,1,200.178,0.112976
263,1,199.312,0.112378
262.5,1,198.446,0.111819
262,1,197.58,0.111268
261.5,1,196.714,0.110726
261,1,195.847,0.110191
260.5,1,194.981,0.109665
260,1,194.115,0.109149
259.5,1,193.249,0.108708
259,1,192.383,0.108286
258.5,1,191.517,0.107871
258,1,190.651,0.107464
257.5,1,189.785,0.107063
257,1,188.919,0.10667
256.5,1,188.053,0.106326
256,1,187.187,0.106005
255.5,1,186.321,0.105692
255,1,185.455,0.105385
254.5,1,184.589,0.105085
254,1,183.723,0.104799
253.5,1,182.857,0.104547
253,1,181.991,0.104336
252.5,1,181.125,0.10413
252,1,180.259,0.10393
251.5,1,179.393,0.103736
251,1,178.527,0.103547
250.5,1,177.661,0.103368
250,1,176.795,0.103246
249.5,1,175.929,0.103128
249,1,175.063,0.103014
248.5,1,174.197,0.102911
248,1,173.331,0.102814
247.5,1,172.465,0.102721
247,1,171.599,0.102664
246.5,1,170.733,0.10262
246,1,169.867,0.102579
245.5,1,169.001,0.102541
245,1,168.135,0.102507
244.5,1,167.269,0.102476
244,1,166.403,0.102462
243.5,1,165.537,0.102468
243,1,164.671,0.102478
242.5,1,163.805,0.102493
242,1,162.939,0.102509
241.5,1,162.072,0.102528
241,1,161.206,0.102552
240.5,1,160.34,0.1026
240,1,159.474,0.102649
239.5,1,158.608,0.1027
239,1,157.742,0.102752
238.5,1,156.876,0.102806
238,1,156.01,0.102861
237.5,1,155.144,0.102928
237,1,154.278,0.102998
236.5,1,153.412,0.103068
236,1,152.546,0.103139
235.5,1,151.68,0.10321
235,1,150.814,0.103282
234.5,1,149.948,0.103356
234,1,149.082,0.103432
233.5,1,148.216,0.103509
233,1,147.35,0.103585
232.5,1,146.484,0.103662
232,1,145.618,0.103739
231.5,1,144.752,0.103817
231,1,143.886,0.103896
230.5,1,143.02,0.103975
230,1,142.154,0.104053
229.5,1,141.288,0.104132
229,1,140.422,0.10421
228.5,1,139.556,0.104288
228,1,138.69,0.104365
227.5,1,137.824,0.104442
227,1,136.958,0.104518
226.5,1,136.092,0.104595
226,1,135.226,0.104671
225.5,1,134.36,0.104746
225,1,133.494,0.10482
224.5,1,132.628,0.104892
224,1,131.762,0.104964
223.5,1,130.896,0.105035
223,1,130.03,0.105106
222.5,1,129.164,0.105176
222,1,128.297,0.105245
221.5,1,127.431,0.105311
221,1,126.565,0.105377
220.5,1,125.699,0.105443
220,1,124.833,0.105508
219.5,1,123.967,0.105573
219,1,123.101,0.105637
218.5,1,122.235,0.105699
218,1,121.369,0.10576
217.5,1,120.503,0.105821
217,1,119.637,0.105881
216.5,1,118.771,0.105941
216,1,117.905,0.106
215.5,1,117.039,0.106057
215,1,116.173,0.106112
214.5,1,115.307,0.106167
214,1,114.441,0.106221
213.5,1,113.575,0.106275
213,1,112.709,0.106329
212.5,1,111.843,0.10638
212,1,110.977,0.106427
211.5,1,110.111,0.106474
211,1,109.245,0.106521
210.5,1,108.379,0.106567
210,1,107.513,0.106613
209.5,1,106.647,0.106659
209,1,105.781,0.106701
208.5,1,104.915,0.106743
208,1,104.049,0.106784
207.5,1,103.183,0.106826
207,1,102.317,0.106866
206.5,1,101.451,0.106907
206,1,100.585,0.106947
205.5,1,99.7187,0.106987
205,1,98.8526,0.107027
204.5,1,97.9866,0.107067
204,1,97.1206,0.107106
203.5,1,96.2546,0.107145
203,1,95.3885,0.107182
202.5,1,94.5225,0.107216
202,1,93.6565,0.10725
201.5,1,92.7905,0.107283
201,1,91.9244,0.107316
200.5,1,91.0584,0.107349
200,1,90.1924,0.107382
