x,y,z,b
500,1,609.808,0.106948
499.5,1,608.942,0.106905
499,1,608.076,0.106861
498.5,1,607.21,0.106817
498,1,606.344,0.106773
497.5,1,605.477,0.106728
497,1,604.611,0.106683
496.5,1,603.745,0.106636
496,1,602.879,0.106586
495.5,1,602.013,0.106536
495,1,601.147,0.106486
494.5,1,600.281,0.106435
494,1,599.415,0.106383
493.5,1,598.549,0.10633
493,1,597.683,0.106275
492.5,1,596.817,0.106219
492,1,595.951,0.106163
491.5,1,595.085,0.106106
491,1,594.219,0.106049
490.5,1,593.353,0.105991
490,1,592.487,0.105929
489.5,1,591.621,0.105866
489,1,590.755,0.105803
488.5,1,589.889,0.105739
488,1,589.023,0.105674
487.5,1,588.157,0.105609
487,1,587.291,0.105542
486.5,1,586.425,0.105474
486,1,585.559,0.105406
485.5,1,584.693,0.105336
485,1,583.827,0.105266
484.5,1,582.961,0.105196
484,1,582.095,0.105123
483.5,1,581.229,0.105047
483,1,580.363,0.104971
482.5,1,579.497,0.104894
482,1,578.631,0.104816
481.5,1,577.765,0.104737
481,1,576.899,0.104658
480.5,1,576.033,0.104577
480,1,575.167,0.104495
479.5,1,574.301,0.104413
479,1,573.435,0.10433
478.5,1,572.569,0.104246
478,1,571.703,0.104161
477.5,1,570.836,0.104075
477,1,569.97,0.103989
476.5,1,569.104,0.103902
476,1,568.238,0.103815
475.5,1,567.372,0.103726
475,1,566.506,0.103637
474.5,1,565.64,0.103551
474,1,564.774,0.103467
473.5,1,563.908,0.103383
473,1,563.042,0.103299
472.5,1,562.176,0.103214
472,1,561.31,0.103128
471.5,1,560.444,0.103044
471,1,559.578,0.102974
470.5,1,558.712,0.102905
470,1,557.846,0.102836
469.5,1,556.98,0.102769
469,1,556.114,0.102701
468.5,1,555.248,0.102635
468,1,554.382,0.1026
467.5,1,553.516,0.102576
467,1,552.65,0.102557
466.5,1,551.784,0.102541
466,1,550.918,0.102528
465.5,1,550.052,0.102519
465,1,549.186,0.102538
464.5,1,548.32,0.10259
464,1,547.454,0.10265
463.5,1,546.588,0.102717
463,1,545.722,0.102792
462.5,1,544.856,0.102874
462,1,543.99,0.102983
461.5,1,543.124,0.103196
461,1,542.258,0.103428
460.5,1,541.392,0.10368
460,1,540.526,0.103949
459.5,1,539.66,0.104238
459,1,538.794,0.104546
458.5,1,537.928,0.105003
458,1,537.061,0.105509
457.5,1,536.195,0.106045
457,1,535.329,0.10661
456.5,1,534.463,0.107243
456,1,533.597,0.108015
455.5,1,532.731,0.108944
455,1,531.865,0.110019
454.5,1,530.999,0.111154
454,1,530.133,0.112349
453.5,1,529.267,0.113604
453,1,528.401,0.114919
452.5,1,527.535,0.116318
452,1,526.669,0.117854
451.5,1,525.803,0.119438
451,1,524.937,0.121119
450.5,1,524.071,0.122925
450,1,523.205,0.124754
449.5,1,522.339,0.126605
449,1,521.473,0.128383
448.5,1,520.607,0.130158
448,1,519.741,0.131939
447.5,1,518.875,0.133724
447,1,518.009,0.135514
446.5,1,517.143,0.13731
446,1,516.277,0.139075
445.5,1,515.411,0.140824
445,1,514.545,0.142591
444.5,1,513.679,0.144382
444,1,512.813,0.146198
443.5,1,511.947,0.148038
443,1,511.081,0.149905
442.5,1,510.215,0.151806
442,1,509.349,0.153736
441.5,1,508.483,0.155696
441,1,507.617,0.157687
440.5,1,506.751,0.159707
440,1,505.885,0.16174
439.5,1,505.019,0.163544
439,1,504.153,0.165322
438.5,1,503.286,0.167081
438,1,502.42,0.168821
437.5,1,501.554,0.170541
437,1,500.688,0.172242
436.5,1,499.822,0.173675
436,1,498.956,0.174949
435.5,1,498.09,0.176189
435,1,497.224,0.177397
434.5,1,496.358,0.178293
434,1,495.492,0.178908
433.5,1,494.626,0.17942
433,1,493.76,0.179791
432.5,1,492.894,0.180164
432,1,492.028,0.180538
431.5,1,491.162,0.180914
431,1,490.296,0.181291
430.5,1,489.43,0.181663
430,1,488.564,0.181766
429.5,1,487.698,0.18186
429,1,486.832,0.18179
428.5,1,485.966,0.181658
428,1,485.1,0.181584
427.5,1,484.234,0.181566
427,1,483.368,0.181559
426.5,1,482.502,0.181574
426,1,481.636,0.181626
425.5,1,480.77,0.181716
425,1,479.904,0.181842
424.5,1,479.038,0.182006
424,1,478.172,0.182512
423.5,1,477.306,0.183334
423,1,476.44,0.184194
422.5,1,475.574,0.185213
422,1,474.708,0.186391
421.5,1,473.842,0.187727
421,1,472.976,0.189288
420.5,1,472.11,0.19166
420,1,471.244,0.194054
419.5,1,470.378,0.196471
419,1,469.512,0.19891
418.5,1,468.645,0.201372
418,1,467.779,0.202839
417.5,1,466.913,0.20385
417,1,466.047,0.204895
416.5,1,465.181,0.205998
416,1,464.315,0.207158
415.5,1,463.449,0.208376
415,1,462.583,0.209652
414.5,1,461.717,0.210539
414,1,460.851,0.211036
413.5,1,459.985,0.211714
413,1,459.119,0.212574
412.5,1,458.253,0.213239
412,1,457.387,0.213975
411.5,1,456.521,0.214677
411,1,455.655,0.214212
410.5,1,454.789,0.213885
410,1,453.923,0.213695
409.5,1,453.057,0.213644
409,1,452.191,0.213731
408.5,1,451.325,0.213956
408,1,450.459,0.212194
407.5,1,449.593,0.209975
407,1,448.727,0.206772
406.5,1,447.861,0.203285
406,1,446.995,0.199687
405.5,1,446.129,0.195977
405,1,445.263,0.192072
404.5,1,444.397,0.188205
404,1,443.531,0.184532
403.5,1,442.665,0.181054
403,1,441.799,0.177769
402.5,1,440.933,0.174678
402,1,440.067,0.172164
401.5,1,439.201,0.171493
401,1,438.335,0.170966
400.5,1,437.469,0.170574
400,1,436.603,0.170317
399.5,1,435.737,0.170196
399,1,434.87,0.170209
398.5,1,434.004,0.171045
398,1,433.138,0.172121
397.5,1,432.272,0.173343
397,1,431.406,0.174713
396.5,1,430.54,0.176229
396,1,429.674,0.177978
395.5,1,428.808,0.179478
395,1,427.942,0.180797
394.5,1,427.076,0.18219
394,1,426.21,0.183659
393.5,1,425.344,0.185204
393,1,424.478,0.186823
392.5,1,423.612,0.188729
392,1,422.746,0.191176
391.5,1,421.88,0.193433
391,1,421.014,0.195499
390.5,1,420.148,0.197261
390,1,419.282,0.198762
389.5,1,418.416,0.200002
389,1,417.55,0.20247
388.5,1,416.684,0.204539
388,1,415.818,0.206097
387.5,1,414.952,0.207144
387,1,414.086,0.207681
386.5,1,413.22,0.207707
386,1,412.354,0.205412
385.5,1,411.488,0.202164
385,1,410.622,0.199431
384.5,1,409.756,0.196819
384,1,408.89,0.194326
383.5,1,408.024,0.191953
383,1,407.158,0.189388
382.5,1,406.292,0.186357
382,1,405.426,0.183631
381.5,1,404.56,0.181211
381,1,403.694,0.179098
380.5,1,402.828,0.17729
380,1,401.962,0.175827
379.5,1,401.095,0.176511
379,1,400.229,0.177487
378.5,1,399.363,0.178739
378,1,398.497,0.180267
377.5,1,397.631,0.182072
377,1,396.765,0.184152
376.5,1,395.899,0.185879
376,1,395.033,0.187281
375.5,1,394.167,0.188605
375,1,393.301,0.18985
374.5,1,392.435,0.190878
374,1,391.569,0.191389
373.5,1,390.703,0.191351
373,1,389.837,0.190356
372.5,1,388.971,0.189406
372,1,388.105,0.188502
371.5,1,387.239,0.187643
371,1,386.373,0.186829
370.5,1,385.507,0.185893
370,1,384.641,0.18138
369.5,1,383.775,0.176652
369,1,382.909,0.17181
368.5,1,382.043,0.16725
368,1,381.177,0.162845
367.5,1,380.311,0.158594
367,1,379.445,0.156228
366.5,1,378.579,0.154715
366,1,377.713,0.153427
365.5,1,376.847,0.152364
365,1,375.981,0.151526
364.5,1,375.115,0.150913
364,1,374.249,0.15277
363.5,1,373.383,0.159086
363,1,372.517,0.167459
362.5,1,371.651,0.176221
362,1,370.785,0.18537
361.5,1,369.919,0.194907
361,1,369.053,0.20449
360.5,1,368.187,0.211178
360,1,367.321,0.217798
359.5,1,366.454,0.224348
359,1,365.588,0.230829
358.5,1,364.722,0.237241
358,1,363.856,0.242576
357.5,1,362.99,0.244607
357,1,362.124,0.247255
356.5,1,361.258,0.251188
356,1,360.392,0.256405
355.5,1,359.526,0.262908
355,1,358.66,0.270695
354.5,1,357.794,0.280207
354,1,356.928,0.293158
353.5,1,356.062,0.309649
353,1,355.196,0.32968
352.5,1,354.33,0.343022
352,1,353.464,0.343578
351.5,1,352.598,0.335684
351,1,351.732,0.300592
350.5,1,350.866,0.271953
350,1,350,0.249767
349.5,1,349.134,0.234033
349,1,348.268,0.224753
348.5,1,347.402,0.221924
348,1,346.536,0.235005
347.5,1,345.67,0.248834
347,1,344.804,0.257937
346.5,1,343.938,0.263659
346,1,343.072,0.269008
345.5,1,342.206,0.273984
345,1,341.34,0.278507
344.5,1,340.474,0.282809
344,1,339.608,0.287032
343.5,1,338.742,0.291174
343,1,337.876,0.295235
342.5,1,337.01,0.299216
342,1,336.144,0.302723
341.5,1,335.278,0.304514
341,1,334.412,0.306104
340.5,1,333.546,0.307839
340,1,332.679,0.309721
339.5,1,331.813,0.311748
339,1,330.947,0.313921
338.5,1,330.081,0.314375
338,1,329.215,0.315027
337.5,1,328.349,0.3161
337,1,327.483,0.317596
336.5,1,326.617,0.319513
336,1,325.751,0.321092
335.5,1,324.885,0.320383
335,1,324.019,0.318548
334.5,1,323.153,0.317138
334,1,322.287,0.316153
333.5,1,321.421,0.315593
333,1,320.555,0.315457
332.5,1,319.689,0.313758
332,1,318.823,0.307561
331.5,1,317.957,0.302561
331,1,317.091,0.298758
330.5,1,316.225,0.294586
330,1,315.359,0.290622
329.5,1,314.493,0.287418
329,1,313.627,0.273789
328.5,1,312.761,0.260111
328,1,311.895,0.246919
327.5,1,311.029,0.234211
327,1,310.163,0.221988
326.5,1,309.297,0.21025
326,1,308.431,0.200099
325.5,1,307.565,0.189581
325,1,306.699,0.178082
324.5,1,305.833,0.165819
324,1,304.967,0.152756
323.5,1,304.101,0.138893
323,1,303.235,0.128419
322.5,1,302.369,0.12601
322,1,301.503,0.123012
321.5,1,300.637,0.119424
321,1,299.771,0.115248
320.5,1,298.905,0.110483
320,1,298.038,0.105176
319.5,1,297.172,0.104586
319,1,296.306,0.10388
318.5,1,295.44,0.103005
318,1,294.574,0.101959
317.5,1,293.708,0.100744
317,1,292.842,0.0993584
316.5,1,291.976,0.0987566
316,1,291.11,0.0985209
315.5,1,290.244,0.098254
315,1,289.378,0.0979557
314.5,1,288.512,0.0976261
314,1,287.646,0.0972831
313.5,1,286.78,0.0971784
313,1,285.914,0.0974853
312.5,1,285.048,0.0977812
312,1,284.182,0.0980663
311.5,1,283.316,0.0983405
311,1,282.45,0.0986037
310.5,1,281.584,0.0988666
310,1,280.718,0.0992781
309.5,1,279.852,0.0996952
309,1,278.986,0.100118
308.5,1,278.12,0.100565
308,1,277.254,0.101014
307.5,1,276.388,0.101464
307,1,275.522,0.101784
306.5,1,274.656,0.102061
306,1,273.79,0.10234
305.5,1,272.924,0.102619
305,1,272.058,0.1029
304.5,1,271.192,0.103181
304,1,270.326,0.103431
303.5,1,269.46,0.103642
303,1,268.594,0.10387
302.5,1,267.728,0.104098
302,1,266.862,0.104326
301.5,1,265.996,0.104555
301,1,265.13,0.104779
300.5,1,264.263,0.104966
300,1,263.397,0.105153
299.5,1,262.531,0.10534
299,1,261.665,0.105526
298.5,1,260.799,0.105713
298,1,259.933,0.1059
297.5,1,259.067,0.106061
297,1,258.201,0.106215
296.5,1,257.335,0.106368
296,1,256.469,0.10652
295.5,1,255.603,0.106672
295,1,254.737,0.106823
294.5,1,253.871,0.106958
294,1,253.005,0.107078
293.5,1,252.139,0.107198
293,1,251.273,0.107317
292.5,1,250.407,0.107436
292,1,249.541,0.107557
291.5,1,248.675,0.107673
291,1,247.809,0.10777
290.5,1,246.943,0.107867
290,1,246.077,0.107963
289.5,1,245.211,0.108058
289,1,244.345,0.108153
288.5,1,243.479,0.108247
288,1,242.613,0.108325
287.5,1,241.747,0.1084
287,1,240.881,0.108475
286.5,1,240.015,0.10855
286,1,239.149,0.108625
285.5,1,238.283,0.108699
285,1,237.417,0.108765
284.5,1,236.551,0.108824
284,1,235.685,0.108883
283.5,1,234.819,0.108941
283,1,233.953,0.108999
282.5,1,233.087,0.109056
282,1,232.221,0.10911
281.5,1,231.355,0.109154
281,1,230.488,0.109198
280.5,1,229.622,0.109242
280,1,228.756,0.109286
279.5,1,227.89,0.109329
279,1,227.024,0.109371
278.5,1,226.158,0.109406
278,1,225.292,0.109439
277.5,1,224.426,0.109472
277,1,223.56,0.109505
276.5,1,222.694,0.109538
276,1,221.828,0.10957
275.5,1,220.962,0.109597
275,1,220.096,0.109621
274.5,1,219.23,0.109645
274,1,218.364,0.109668
273.5,1,217.498,0.109691
273,1,216.632,0.109714
272.5,1,215.766,0.109735
272,1,214.9,0.109752
271.5,1,214.034,0.109769
271,1,213.168,0.109786
270.5,1,212.302,0.109803
270,1,211.436,0.109819
269.5,1,210.57,0.109836
269,1,209.704,0.109847
268.5,1,208.838,0.109857
268,1,207.972,0.109868
267.5,1,207.106,0.109878
267,1,206.24,0.109889
266.5,1,205.374,0.109899
266,1,204.508,0.109907
265.5,1,203.642,0.109914
265,1,202.776,0.109921
264.5,1,201.91,0.109928
264,1,201.044,0.109935
263.5,1,200.178,0.109941
263,1,199.312,0.109947
262.5,1,198.446,0.10995
262,1,197.58,0.109953
261.5,1,196.714,0.109956
261,1,195.847,0.109959
260.5,1,194.981,0.109961
260,1,194.115,0.109964
259.5,1,193.249,0.109965
259,1,192.383,0.109966
258.5,1,191.517,0.109967
258,1,190.651,0.109968
257.5,1,189.785,0.109969
257,1,188.919,0.10997
256.5,1,188.053,0.109969
256,1,187.187,0.109968
255.5,1,186.321,0.109966
255,1,185.455,0.109965
254.5,1,184.589,0.109964
254,1,183.723,0.109962
253.5,1,182.857,0.10996
253,1,181.991,0.109958
252.5,1,181.125,0.109956
252,1,180.259,0.109954
251.5,1,179.393,0.109952
251,1,178.527,0.109949
250.5,1,177.661,0.109947
250,1,176.795,0.109943
249.5,1,175.929,0.10994
249,1,175.063,0.109936
248.5,1,174.197,0.109932
248,1,173.331,0.109929
247.5,1,172.465,0.109926
247,1,171.599,0.109922
246.5,1,170.733,0.109918
246,1,169.867,0.109914
245.5,1,169.001,0.10991
245,1,168.135,0.109906
244.5,1,167.269,0.109902
244,1,166.403,0.109898
243.5,1,165.537,0.109893
243,1,164.671,0.109888
242.5,1,163.805,0.109883
242,1,162.939,0.109879
241.5,1,162.072,0.109874
241,1,161.206,0.109869
240.5,1,160.34,0.109865
240,1,159.474,0.10986
239.5,1,158.608,0.109855
239,1,157.742,0.10985
238.5,1,156.876,0.109846
238,1,156.01,0.109841
237.5,1,155.144,0.109836
237,1,154.278,0.109831
236.5,1,153.412,0.109826
236,1,152.546,0.109821
235.5,1,151.68,0.109816
235,1,150.814,0.109811
234.5,1,149.948,0.109806
234,1,149.082,0.109801
233.5,1,148.216,0.109796
233,1,147.35,0.109791
232.5,1,146.484,0.109786
232,1,145.618,0.109781
231.5,1,144.752,0.109776
231,1,143.886,0.109771
230.5,1,143.02,0.109766
230,1,142.154,0.109761
229.5,1,141.288,0.109756
229,1,140.422,0.109751
228.5,1,139.556,0.109747
228,1,138.69,0.109742
227.5,1,137.824,0.109737
227,1,136.958,0.109732
226.5,1,136.092,0.109727
226,1,135.226,0.109722
225.5,1,134.36,0.109717
225,1,133.494,0.109712
224.5,1,132.628,0.109707
224,1,131.762,0.109702
223.5,1,130.896,0.109697
223,1,130.03,0.109692
222.5,1,129.164,0.109688
222,1,128.297,0.109683
221.5,1,127.431,0.109678
221,1,126.565,0.109673
220.5,1,125.699,0.109668
220,1,124.833,0.109663
219.5,1,123.967,0.109659
219,1,123.101,0.109654
218.5,1,122.235,0.109649
218,1,121.369,0.109645
217.5,1,120.503,0.10964
217,1,119.637,0.109636
216.5,1,118.771,0.109631
216,1,117.905,0.109626
215.5,1,117.039,0.109622
215,1,116.173,0.109617
214.5,1,115.307,0.109612
214,1,114.441,0.109608
213.5,1,113.575,0.109603
213,1,112.709,0.109598
212.5,1,111.843,0.109594
212,1,110.977,0.109589
211.5,1,110.111,0.109585
211,1,109.245,0.10958
210.5,1,108.379,0.109576
210,1,107.513,0.109572
209.5,1,106.647,0.109567
209,1,105.781,0.109563
208.5,1,104.915,0.109558
208,1,104.049,0.109553
207.5,1,103.183,0.109549
207,1,102.317,0.109544
206.5,1,101.451,0.109539
206,1,100.585,0.109535
205.5,1,99.7187,0.109531
205,1,98.8526,0.109527
204.5,1,97.9866,0.109524
204,1,97.1206,0.10952
203.5,1,96.2546,0.109516
203,1,95.3885,0.109512
202.5,1,94.5225,0.109507
202,1,93.6565,0.109502
201.5,1,92.7905,0.109497
201,1,91.9244,0.109492
200.5,1,91.0584,0.109488
200,1,90.1924,0.109483
