x,y,z,b
500,1,609.808,0.109065
499.5,1,608.942,0.109063
499,1,608.076,0.109061
498.5,1,607.21,0.10906
498,1,606.344,0.109058
497.5,1,605.477,0.109056
497,1,604.611,0.109054
496.5,1,603.745,0.109051
496,1,602.879,0.109049
495.5,1,602.013,0.109047
495,1,601.147,0.109045
494.5,1,600.281,0.109043
494,1,599.415,0.10904
493.5,1,598.549,0.109038
493,1,597.683,0.109035
492.5,1,596.817,0.109033
492,1,595.951,0.10903
491.5,1,595.085,0.109027
491,1,594.219,0.109025
490.5,1,593.353,0.109022
490,1,592.487,0.109019
489.5,1,591.621,0.109016
489,1,590.755,0.109013
488.5,1,589.889,0.10901
488,1,589.023,0.109007
487.5,1,588.157,0.109004
487,1,587.291,0.109001
486.5,1,586.425,0.108997
486,1,585.559,0.108994
485.5,1,584.693,0.10899
485,1,583.827,0.108986
484.5,1,582.961,0.108983
484,1,582.095,0.108979
483.5,1,581.229,0.108975
483,1,580.363,0.108971
482.5,1,579.497,0.108967
482,1,578.631,0.108963
481.5,1,577.765,0.108959
481,1,576.899,0.108954
480.5,1,576.033,0.10895
480,1,575.167,0.108945
479.5,1,574.301,0.10894
479,1,573.435,0.108935
478.5,1,572.569,0.10893
478,1,571.703,0.108925
477.5,1,570.836,0.10892
477,1,569.97,0.108914
476.5,1,569.104,0.108909
476,1,568.238,0.108903
475.5,1,567.372,0.108898
475,1,566.506,0.108892
474.5,1,565.64,0.108886
474,1,564.774,0.108879
473.5,1,563.908,0.108872
473,1,563.042,0.108865
472.5,1,562.176,0.108858
472,1,561.31,0.108851
471.5,1,560.444,0.108844
471,1,559.578,0.108837
470.5,1,558.712,0.108829
470,1,557.846,0.108821
469.5,1,556.98,0.108813
469,1,556.114,0.108805
468.5,1,555.248,0.108797
468,1,554.382,0.108787
467.5,1,553.516,0.108778
467,1,552.65,0.108768
466.5,1,551.784,0.108758
466,1,550.918,0.108749
465.5,1,550.052,0.108739
465,1,549.186,0.108728
464.5,1,548.32,0.108717
464,1,547.454,0.108706
463.5,1,546.588,0.108695
463,1,545.722,0.108683
462.5,1,544.856,0.108672
462,1,543.99,0.10866
461.5,1,543.124,0.108646
461,1,542.258,0.108632
460.5,1,541.392,0.108618
460,1,540.526,0.108603
459.5,1,539.66,0.108589
459,1,538.794,0.108574
458.5,1,537.928,0.108558
458,1,537.061,0.108542
457.5,1,536.195,0.108525
457,1,535.329,0.108508
456.5,1,534.463,0.108491
456,1,533.597,0.108474
455.5,1,532.731,0.108455
455,1,531.865,0.108435
454.5,1,530.999,0.108414
454,1,530.133,0.108393
453.5,1,529.267,0.108372
453,1,528.401,0.108351
452.5,1,527.535,0.108328
452,1,526.669,0.108303
451.5,1,525.803,0.108278
451,1,524.937,0.108253
450.5,1,524.071,0.108227
450,1,523.205,0.108201
449.5,1,522.339,0.108175
449,1,521.473,0.108144
448.5,1,520.607,0.108113
448,1,519.741,0.108082
447.5,1,518.875,0.10805
447,1,518.009,0.108017
446.5,1,517.143,0.107985
446,1,516.277,0.107949
445.5,1,515.411,0.107911
445,1,514.545,0.107872
444.5,1,513.679,0.107833
444,1,512.813,0.107794
443.5,1,511.947,0.107754
443,1,511.081,0.107712
442.5,1,510.215,0.107664
442,1,509.349,0.107615
441.5,1,508.483,0.107565
441,1,507.617,0.107515
440.5,1,506.751,0.107465
440,1,505.885,0.107414
439.5,1,505.019,0.107355
439,1,504.153,0.107295
438.5,1,503.286,0.107234
438,1,502.42,0.107173
437.5,1,501.554,0.107111
437,1,500.688,0.107049
436.5,1,499.822,0.106977
436,1,498.956,0.106901
435.5,1,498.09,0.106823
435,1,497.224,0.106745
434.5,1,496.358,0.106666
434,1,495.492,0.106587
433.5,1,494.626,0.106502
433,1,493.76,0.106406
432.5,1,492.894,0.106309
432,1,492.028,0.106211
431.5,1,491.162,0.106112
431,1,490.296,0.106011
430.5,1,489.43,0.105909
430,1,488.564,0.105786
429.5,1,487.698,0.105661
429,1,486.832,0.105535
428.5,1,485.966,0.105408
428,1,485.1,0.10528
427.5,1,484.234,0.105151
427,1,483.368,0.105003
426.5,1,482.502,0.104847
426,1,481.636,0.104688
425.5,1,480.77,0.104529
425,1,479.904,0.104367
424.5,1,479.038,0.104204
424,1,478.172,0.104028
423.5,1,477.306,0.103835
423,1,476.44,0.103641
422.5,1,475.574,0.103444
422,1,474.708,0.103245
421.5,1,473.842,0.103043
421,1,472.976,0.102836
420.5,1,472.11,0.102587
420,1,471.244,0.102333
419.5,1,470.378,0.102076
419,1,469.512,0.101814
418.5,1,468.645,0.101548
418,1,467.779,0.101282
417.5,1,466.913,0.100955
417,1,466.047,0.100604
416.5,1,465.181,0.100244
416,1,464.315,0.099877
415.5,1,463.449,0.0995022
415,1,462.583,0.0991199
414.5,1,461.717,0.0988479
414,1,460.851,0.0987097
413.5,1,459.985,0.0985619
413,1,459.119,0.0984046
412.5,1,458.253,0.0982478
412,1,457.387,0.0980835
411.5,1,456.521,0.0979787
411,1,455.655,0.0983045
410.5,1,454.789,0.0986274
410,1,453.923,0.0989475
409.5,1,453.057,0.0992646
409,1,452.191,0.0995789
408.5,1,451.325,0.0998903
408,1,450.459,0.101134
407.5,1,449.593,0.102565
407,1,448.727,0.104101
406.5,1,447.861,0.105657
406,1,446.995,0.107211
405.5,1,446.129,0.108763
405,1,445.263,0.110514
404.5,1,444.397,0.112431
404,1,443.531,0.114312
403.5,1,442.665,0.116159
403,1,441.799,0.11797
402.5,1,440.933,0.119746
402,1,440.067,0.121392
401.5,1,439.201,0.122773
401,1,438.335,0.124826
400.5,1,437.469,0.127569
400,1,436.603,0.131001
399.5,1,435.737,0.135122
399,1,434.87,0.139933
398.5,1,434.004,0.156613
398,1,433.138,0.175089
397.5,1,432.272,0.193792
397,1,431.406,0.212722
396.5,1,430.54,0.231881
396,1,429.674,0.252454
395.5,1,428.808,0.268966
395,1,427.942,0.282214
394.5,1,427.076,0.294422
394,1,426.21,0.305591
393.5,1,425.344,0.315721
393,1,424.478,0.324811
392.5,1,423.612,0.331275
392,1,422.746,0.332533
391.5,1,421.88,0.333723
391,1,421.014,0.334845
390.5,1,420.148,0.335892
390,1,419.282,0.336912
389.5,1,418.416,0.337903
389,1,417.55,0.337812
388.5,1,416.684,0.337698
388,1,415.818,0.337637
387.5,1,414.952,0.337629
387,1,414.086,0.337675
386.5,1,413.22,0.337774
386,1,412.354,0.338357
385.5,1,411.488,0.339199
385,1,410.622,0.339966
384.5,1,409.756,0.340788
384,1,408.89,0.341664
383.5,1,408.024,0.342596
383,1,407.158,0.343617
382.5,1,406.292,0.344762
382,1,405.426,0.345948
381.5,1,404.56,0.347173
381,1,403.694,0.348439
380.5,1,402.828,0.349746
380,1,401.962,0.350758
379.5,1,401.095,0.349426
379,1,400.229,0.348314
378.5,1,399.363,0.347431
378,1,398.497,0.346775
377.5,1,397.631,0.346346
377,1,396.765,0.346146
376.5,1,395.899,0.345062
376,1,395.033,0.343469
375.5,1,394.167,0.341861
375,1,393.301,0.340238
374.5,1,392.435,0.337756
374,1,391.569,0.332609
373.5,1,390.703,0.32569
373,1,389.837,0.314822
372.5,1,388.971,0.303994
372,1,388.105,0.293207
371.5,1,387.239,0.28246
371,1,386.373,0.271753
370.5,1,385.507,0.260968
370,1,384.641,0.248288
369.5,1,383.775,0.236657
369,1,382.909,0.226323
368.5,1,382.043,0.217878
368,1,381.177,0.210805
367.5,1,380.311,0.205106
367,1,379.445,0.202946
366.5,1,378.579,0.202307
366,1,377.713,0.202289
365.5,1,376.847,0.202893
365,1,375.981,0.204119
364.5,1,375.115,0.205966
364,1,374.249,0.207842
363.5,1,373.383,0.207759
363,1,372.517,0.204806
362.5,1,371.651,0.201371
362,1,370.785,0.197455
361.5,1,369.919,0.193057
361,1,369.053,0.18793
360.5,1,368.187,0.180297
360,1,367.321,0.172471
359.5,1,366.454,0.164453
359,1,365.588,0.156241
358.5,1,364.722,0.147837
358,1,363.856,0.14318
357.5,1,362.99,0.147803
357,1,362.124,0.153687
356.5,1,361.258,0.160018
356,1,360.392,0.166796
355.5,1,359.526,0.174022
355,1,358.66,0.181694
354.5,1,357.794,0.199314
354,1,356.928,0.231496
353.5,1,356.062,0.268875
353,1,355.196,0.311449
352.5,1,354.33,0.341241
352,1,353.464,0.346496
351.5,1,352.598,0.331988
351,1,351.732,0.254795
350.5,1,350.866,0.187802
350,1,350,0.131009
349.5,1,349.134,0.0844157
349,1,348.268,0.0480226
348.5,1,347.402,0.0218294
348,1,346.536,0.0234867
347.5,1,345.67,0.0258012
347,1,344.804,0.0265503
346.5,1,343.938,0.0283051
346,1,343.072,0.0300154
345.5,1,342.206,0.031681
345,1,341.34,0.0412878
344.5,1,340.474,0.0568025
344,1,339.608,0.0707141
343.5,1,338.742,0.0830224
343,1,337.876,0.0937277
342.5,1,337.01,0.10283
342,1,336.144,0.10856
341.5,1,335.278,0.106461
341,1,334.412,0.104199
340.5,1,333.546,0.102321
340,1,332.679,0.100825
339.5,1,331.813,0.0997136
339,1,330.947,0.0989851
338.5,1,330.081,0.100088
338,1,329.215,0.101362
337.5,1,328.349,0.102624
337,1,327.483,0.103874
336.5,1,326.617,0.105111
336,1,325.751,0.10646
335.5,1,324.885,0.107117
335,1,324.019,0.10729
334.5,1,323.153,0.107467
334,1,322.287,0.107649
333.5,1,321.421,0.107836
333,1,320.555,0.108028
332.5,1,319.689,0.108262
332,1,318.823,0.108593
331.5,1,317.957,0.108911
331,1,317.091,0.109217
330.5,1,316.225,0.109516
330,1,315.359,0.109808
329.5,1,314.493,0.11009
329,1,313.627,0.11023
328.5,1,312.761,0.110365
328,1,311.895,0.110503
327.5,1,311.029,0.110642
327,1,310.163,0.110783
326.5,1,309.297,0.110926
326,1,308.431,0.111044
325.5,1,307.565,0.111143
325,1,306.699,0.111245
324.5,1,305.833,0.111344
324,1,304.967,0.111442
323.5,1,304.101,0.111536
323,1,303.235,0.111619
322.5,1,302.369,0.111679
322,1,301.503,0.111739
321.5,1,300.637,0.111797
321,1,299.771,0.111853
320.5,1,298.905,0.111908
320,1,298.038,0.111962
319.5,1,297.172,0.111983
319,1,296.306,0.112003
318.5,1,295.44,0.112023
318,1,294.574,0.112041
317.5,1,293.708,0.112059
317,1,292.842,0.112075
316.5,1,291.976,0.112083
316,1,291.11,0.112086
315.5,1,290.244,0.112089
315,1,289.378,0.112092
314.5,1,288.512,0.112093
314,1,287.646,0.112094
313.5,1,286.78,0.112087
313,1,285.914,0.112068
312.5,1,285.048,0.112048
312,1,284.182,0.112028
311.5,1,283.316,0.112008
311,1,282.45,0.111988
310.5,1,281.584,0.111967
310,1,280.718,0.11194
309.5,1,279.852,0.111912
309,1,278.986,0.111885
308.5,1,278.12,0.111858
308,1,277.254,0.11183
307.5,1,276.388,0.111803
307,1,275.522,0.111768
306.5,1,274.656,0.111731
306,1,273.79,0.111695
305.5,1,272.924,0.111659
305,1,272.058,0.111623
304.5,1,271.192,0.111587
304,1,270.326,0.11155
303.5,1,269.46,0.111512
303,1,268.594,0.111474
302.5,1,267.728,0.111437
302,1,266.862,0.1114
301.5,1,265.996,0.111363
301,1,265.13,0.111326
300.5,1,264.263,0.111288
300,1,263.397,0.11125
299.5,1,262.531,0.111212
299,1,261.665,0.111175
298.5,1,260.799,0.111138
298,1,259.933,0.111102
297.5,1,259.067,0.111066
297,1,258.201,0.111031
296.5,1,257.335,0.110996
296,1,256.469,0.110961
295.5,1,255.603,0.110927
295,1,254.737,0.110893
294.5,1,253.871,0.11086
294,1,253.005,0.110827
293.5,1,252.139,0.110795
293,1,251.273,0.110763
292.5,1,250.407,0.110731
292,1,249.541,0.110701
291.5,1,248.675,0.11067
291,1,247.809,0.110641
290.5,1,246.943,0.110612
290,1,246.077,0.110583
289.5,1,245.211,0.110555
289,1,244.345,0.110527
288.5,1,243.479,0.1105
288,1,242.613,0.110474
287.5,1,241.747,0.110448
287,1,240.881,0.110422
286.5,1,240.015,0.110398
286,1,239.149,0.110373
285.5,1,238.283,0.110349
285,1,237.417,0.110326
284.5,1,236.551,0.110303
284,1,235.685,0.11028
283.5,1,234.819,0.110258
283,1,233.953,0.110236
282.5,1,233.087,0.110215
282,1,232.221,0.110194
281.5,1,231.355,0.110174
281,1,230.488,0.110154
280.5,1,229.622,0.110135
280,1,228.756,0.110116
279.5,1,227.89,0.110097
279,1,227.024,0.110078
278.5,1,226.158,0.11006
278,1,225.292,0.110043
277.5,1,224.426,0.110026
277,1,223.56,0.110009
276.5,1,222.694,0.109992
276,1,221.828,0.109976
275.5,1,220.962,0.109961
275,1,220.096,0.109946
274.5,1,219.23,0.109931
274,1,218.364,0.109916
273.5,1,217.498,0.109902
273,1,216.632,0.109888
272.5,1,215.766,0.109874
272,1,214.9,0.10986
271.5,1,214.034,0.109847
271,1,213.168,0.109834
270.5,1,212.302,0.109821
270,1,211.436,0.109809
269.5,1,210.57,0.109796
269,1,209.704,0.109784
268.5,1,208.838,0.109773
268,1,207.972,0.109761
267.5,1,207.106,0.10975
267,1,206.24,0.109739
266.5,1,205.374,0.109728
266,1,204.508,0.109718
265.5,1,203.642,0.109707
265,1,202.776,0.109697
264.5,1,201.91,0.109687
264,1,201.044,0.109678
263.5,1,200.178,0.109668
263,1,199.312,0.109659
262.5,1,198.446,0.10965
262,1,197.58,0.109641
261.5,1,196.714,0.109632
261,1,195.847,0.109624
260.5,1,194.981,0.109615
260,1,194.115,0.109607
259.5,1,193.249,0.109599
259,1,192.383,0.109591
258.5,1,191.517,0.109583
258,1,190.651,0.109576
257.5,1,189.785,0.109568
257,1,188.919,0.109561
256.5,1,188.053,0.109554
256,1,187.187,0.109547
255.5,1,186.321,0.10954
255,1,185.455,0.109533
254.5,1,184.589,0.109526
254,1,183.723,0.109519
253.5,1,182.857,0.109513
253,1,181.991,0.109507
252.5,1,181.125,0.109501
252,1,180.259,0.109495
251.5,1,179.393,0.109489
251,1,178.527,0.109483
250.5,1,177.661,0.109477
250,1,176.795,0.109472
249.5,1,175.929,0.109467
249,1,175.063,0.109462
248.5,1,174.197,0.109457
248,1,173.331,0.109452
247.5,1,172.465,0.109447
247,1,171.599,0.109442
246.5,1,170.733,0.109437
246,1,169.867,0.109432
245.5,1,169.001,0.109427
245,1,168.135,0.109423
244.5,1,167.269,0.109418
244,1,166.403,0.109414
243.5,1,165.537,0.109409
243,1,164.671,0.109405
242.5,1,163.805,0.109401
242,1,162.939,0.109397
241.5,1,162.072,0.109393
241,1,161.206,0.109389
240.5,1,160.34,0.109385
240,1,159.474,0.109381
239.5,1,158.608,0.109377
239,1,157.742,0.109374
238.5,1,156.876,0.10937
238,1,156.01,0.109366
237.5,1,155.144,0.109363
237,1,154.278,0.10936
236.5,1,153.412,0.109356
236,1,152.546,0.109353
235.5,1,151.68,0.10935
235,1,150.814,0.109347
234.5,1,149.948,0.109344
234,1,149.082,0.109341
233.5,1,148.216,0.109338
233,1,147.35,0.109335
232.5,1,146.484,0.109332
232,1,145.618,0.109329
231.5,1,144.752,0.109326
231,1,143.886,0.109323
230.5,1,143.02,0.109321
230,1,142.154,0.109318
229.5,1,141.288,0.109316
229,1,140.422,0.109313
228.5,1,139.556,0.109311
228,1,138.69,0.109308
227.5,1,137.824,0.109306
227,1,136.958,0.109303
226.5,1,136.092,0.109301
226,1,135.226,0.109299
225.5,1,134.36,0.109296
225,1,133.494,0.109294
224.5,1,132.628,0.109292
224,1,131.762,0.10929
223.5,1,130.896,0.109288
223,1,130.03,0.109286
222.5,1,129.164,0.109284
222,1,128.297,0.109282
221.5,1,127.431,0.10928
221,1,126.565,0.109278
220.5,1,125.699,0.109276
220,1,124.833,0.109274
219.5,1,123.967,0.109272
219,1,123.101,0.10927
218.5,1,122.235,0.109268
218,1,121.369,0.109267
217.5,1,120.503,0.109265
217,1,119.637,0.109263
216.5,1,118.771,0.109261
216,1,117.905,0.10926
215.5,1,117.039,0.109258
215,1,116.173,0.109257
214.5,1,115.307,0.109255
214,1,114.441,0.109253
213.5,1,113.575,0.109252
213,1,112.709,0.10925
212.5,1,111.843,0.109249
212,1,110.977,0.109247
211.5,1,110.111,0.109246
211,1,109.245,0.109244
210.5,1,108.379,0.109243
210,1,107.513,0.109242
209.5,1,106.647,0.10924
209,1,105.781,0.109239
208.5,1,104.915,0.109238
208,1,104.049,0.109236
207.5,1,103.183,0.109235
207,1,102.317,0.109234
206.5,1,101.451,0.109232
206,1,100.585,0.109231
205.5,1,99.7187,0.10923
205,1,98.8526,0.109229
204.5,1,97.9866,0.109228
204,1,97.1206,0.109227
203.5,1,96.2546,0.109226
203,1,95.3885,0.109225
202.5,1,94.5225,0.109224
202,1,93.6565,0.109222
201.5,1,92.7905,0.109221
201,1,91.9244,0.10922
200.5,1,91.0584,0.109219
200,1,90.1924,0.109218
