x,y,z,b
500,1,609.808,0.108524
499.5,1,608.942,0.108511
499,1,608.076,0.108497
498.5,1,607.21,0.108483
498,1,606.344,0.108468
497.5,1,605.477,0.108454
497,1,604.611,0.10844
496.5,1,603.745,0.108424
496,1,602.879,0.108408
495.5,1,602.013,0.108391
495,1,601.147,0.108374
494.5,1,600.281,0.108358
494,1,599.415,0.108341
493.5,1,598.549,0.108323
493,1,597.683,0.108304
492.5,1,596.817,0.108285
492,1,595.951,0.108265
491.5,1,595.085,0.108246
491,1,594.219,0.108226
490.5,1,593.353,0.108206
490,1,592.487,0.108184
489.5,1,591.621,0.108162
489,1,590.755,0.108139
488.5,1,589.889,0.108116
488,1,589.023,0.108093
487.5,1,588.157,0.10807
487,1,587.291,0.108044
486.5,1,586.425,0.108018
486,1,585.559,0.107992
485.5,1,584.693,0.107965
485,1,583.827,0.107938
484.5,1,582.961,0.10791
484,1,582.095,0.107882
483.5,1,581.229,0.107851
483,1,580.363,0.10782
482.5,1,579.497,0.107789
482,1,578.631,0.107758
481.5,1,577.765,0.107726
481,1,576.899,0.107693
480.5,1,576.033,0.107657
480,1,575.167,0.10762
479.5,1,574.301,0.107583
479,1,573.435,0.107546
478.5,1,572.569,0.107508
478,1,571.703,0.10747
477.5,1,570.836,0.107428
477,1,569.97,0.107385
476.5,1,569.104,0.107341
476,1,568.238,0.107298
475.5,1,567.372,0.107253
475,1,566.506,0.107208
474.5,1,565.64,0.107161
474,1,564.774,0.10711
473.5,1,563.908,0.107059
473,1,563.042,0.107007
472.5,1,562.176,0.106955
472,1,561.31,0.106902
471.5,1,560.444,0.106848
471,1,559.578,0.106788
470.5,1,558.712,0.106727
470,1,557.846,0.106666
469.5,1,556.98,0.106605
469,1,556.114,0.106542
468.5,1,555.248,0.10648
468,1,554.382,0.10641
467.5,1,553.516,0.106338
467,1,552.65,0.106266
466.5,1,551.784,0.106192
466,1,550.918,0.106118
465.5,1,550.052,0.106043
465,1,549.186,0.105964
464.5,1,548.32,0.105879
464,1,547.454,0.105794
463.5,1,546.588,0.105708
463,1,545.722,0.105621
462.5,1,544.856,0.105533
462,1,543.99,0.105442
461.5,1,543.124,0.105342
461,1,542.258,0.105241
460.5,1,541.392,0.105139
460,1,540.526,0.105036
459.5,1,539.66,0.104932
459,1,538.794,0.104826
458.5,1,537.928,0.10471
458,1,537.061,0.104592
457.5,1,536.195,0.104473
457,1,535.329,0.104352
456.5,1,534.463,0.10423
456,1,533.597,0.104106
455.5,1,532.731,0.103975
455,1,531.865,0.103838
454.5,1,530.999,0.1037
454,1,530.133,0.10356
453.5,1,529.267,0.103419
453,1,528.401,0.103276
452.5,1,527.535,0.10313
452,1,526.669,0.102975
451.5,1,525.803,0.102818
451,1,524.937,0.10266
450.5,1,524.071,0.1025
450,1,523.205,0.102339
449.5,1,522.339,0.102176
449,1,521.473,0.102011
448.5,1,520.607,0.101845
448,1,519.741,0.101679
447.5,1,518.875,0.101512
447,1,518.009,0.101344
446.5,1,517.143,0.101175
446,1,516.277,0.101007
445.5,1,515.411,0.10084
445,1,514.545,0.100673
444.5,1,513.679,0.100506
444,1,512.813,0.100339
443.5,1,511.947,0.100172
443,1,511.081,0.100022
442.5,1,510.215,0.0999254
442,1,509.349,0.0998452
441.5,1,508.483,0.0997817
441,1,507.617,0.0997349
440.5,1,506.751,0.0997047
440,1,505.885,0.0997281
439.5,1,505.019,0.0999333
439,1,504.153,0.100161
438.5,1,503.286,0.100407
438,1,502.42,0.100673
437.5,1,501.554,0.100957
437,1,500.688,0.10126
436.5,1,499.822,0.101686
436,1,498.956,0.102205
435.5,1,498.09,0.102765
435,1,497.224,0.103365
434.5,1,496.358,0.104128
434,1,495.492,0.105043
433.5,1,494.626,0.106046
433,1,493.76,0.107167
432.5,1,492.894,0.108327
432,1,492.028,0.109527
431.5,1,491.162,0.110766
431,1,490.296,0.112045
430.5,1,489.43,0.113366
430,1,488.564,0.114845
429.5,1,487.698,0.116361
429,1,486.832,0.118011
428.5,1,485.966,0.119722
428,1,485.1,0.121419
427.5,1,484.234,0.123101
427,1,483.368,0.124848
426.5,1,482.502,0.126626
426,1,481.636,0.128406
425.5,1,480.77,0.130187
425,1,479.904,0.131969
424.5,1,479.038,0.133753
424,1,478.172,0.135578
423.5,1,477.306,0.13737
423,1,476.44,0.139137
422.5,1,475.574,0.140937
422,1,474.708,0.142771
421.5,1,473.842,0.144637
421,1,472.976,0.146569
420.5,1,472.11,0.148932
420,1,471.244,0.151375
419.5,1,470.378,0.153898
419,1,469.512,0.156502
418.5,1,468.645,0.159187
418,1,467.779,0.162155
417.5,1,466.913,0.165305
417,1,466.047,0.168499
416.5,1,465.181,0.17172
416,1,464.315,0.174968
415.5,1,463.449,0.178244
415,1,462.583,0.181547
414.5,1,461.717,0.184912
414,1,460.851,0.188335
413.5,1,459.985,0.191773
413,1,459.119,0.195224
412.5,1,458.253,0.198264
412,1,457.387,0.2012
411.5,1,456.521,0.204128
411,1,455.655,0.206965
410.5,1,454.789,0.209871
410,1,453.923,0.212846
409.5,1,453.057,0.21589
409,1,452.191,0.219004
408.5,1,451.325,0.222186
408,1,450.459,0.22491
407.5,1,449.593,0.227471
407,1,448.727,0.229929
406.5,1,447.861,0.232176
406,1,446.995,0.234207
405.5,1,446.129,0.236021
405,1,445.263,0.237568
404.5,1,444.397,0.239015
404,1,443.531,0.240465
403.5,1,442.665,0.241918
403,1,441.799,0.243374
402.5,1,440.933,0.244833
402,1,440.067,0.246425
401.5,1,439.201,0.247076
401,1,438.335,0.247754
400.5,1,437.469,0.248623
400,1,436.603,0.249684
399.5,1,435.737,0.250936
399,1,434.87,0.25238
398.5,1,434.004,0.25512
398,1,433.138,0.258335
397.5,1,432.272,0.261882
397,1,431.406,0.265762
396.5,1,430.54,0.269973
396,1,429.674,0.270686
395.5,1,428.808,0.271362
395,1,427.942,0.2723
394.5,1,427.076,0.273464
394,1,426.21,0.274853
393.5,1,425.344,0.276466
393,1,424.478,0.278305
392.5,1,423.612,0.279959
392,1,422.746,0.280718
391.5,1,421.88,0.281879
391,1,421.014,0.28343
390.5,1,420.148,0.285066
390,1,419.282,0.2872
389.5,1,418.416,0.289834
389,1,417.55,0.291508
388.5,1,416.684,0.293622
388,1,415.818,0.296281
387.5,1,414.952,0.299484
387,1,414.086,0.303232
386.5,1,413.22,0.307525
386,1,412.354,0.309168
385.5,1,411.488,0.308609
385,1,410.622,0.307618
384.5,1,409.756,0.306322
384,1,408.89,0.304721
383.5,1,408.024,0.302813
383,1,407.158,0.297185
382.5,1,406.292,0.283428
382,1,405.426,0.269301
381.5,1,404.56,0.254802
381,1,403.694,0.239932
380.5,1,402.828,0.22469
380,1,401.962,0.209217
379.5,1,401.095,0.204367
379,1,400.229,0.199546
378.5,1,399.363,0.194656
378,1,398.497,0.189696
377.5,1,397.631,0.184667
377,1,396.765,0.179568
376.5,1,395.899,0.176597
376,1,395.033,0.174729
375.5,1,394.167,0.172931
375,1,393.301,0.171203
374.5,1,392.435,0.169618
374,1,391.569,0.16835
373.5,1,390.703,0.167109
373,1,389.837,0.165978
372.5,1,388.971,0.165034
372,1,388.105,0.164275
371.5,1,387.239,0.163701
371,1,386.373,0.163313
370.5,1,385.507,0.163072
370,1,384.641,0.16213
369.5,1,383.775,0.161245
369,1,382.909,0.160581
368.5,1,382.043,0.16043
368,1,381.177,0.160386
367.5,1,380.311,0.160452
367,1,379.445,0.160447
366.5,1,378.579,0.160521
366,1,377.713,0.160744
365.5,1,376.847,0.161117
365,1,375.981,0.161639
364.5,1,375.115,0.162312
364,1,374.249,0.16338
363.5,1,373.383,0.165506
363,1,372.517,0.168449
362.5,1,371.651,0.171539
362,1,370.785,0.174775
361.5,1,369.919,0.178158
361,1,369.053,0.181741
360.5,1,368.187,0.185686
360,1,367.321,0.189327
359.5,1,366.454,0.192664
359,1,365.588,0.195698
358.5,1,364.722,0.198428
358,1,363.856,0.201
357.5,1,362.99,0.202705
357,1,362.124,0.204666
356.5,1,361.258,0.207232
356,1,360.392,0.210401
355.5,1,359.526,0.214175
355,1,358.66,0.218552
354.5,1,357.794,0.228107
354,1,356.928,0.247096
353.5,1,356.062,0.27174
353,1,355.196,0.302039
352.5,1,354.33,0.327283
352,1,353.464,0.340028
351.5,1,352.598,0.340564
351,1,351.732,0.290712
350.5,1,350.866,0.245106
350,1,350,0.203745
349.5,1,349.134,0.166629
349,1,348.268,0.133759
348.5,1,347.402,0.105133
348,1,346.536,0.102632
347.5,1,345.67,0.10302
347,1,344.804,0.103956
346.5,1,343.938,0.106663
346,1,343.072,0.109645
345.5,1,342.206,0.112902
345,1,341.34,0.118308
344.5,1,340.474,0.124038
344,1,339.608,0.12791
343.5,1,338.742,0.129923
343,1,337.876,0.130079
342.5,1,337.01,0.128376
342,1,336.144,0.12533
341.5,1,335.278,0.123645
341,1,334.412,0.121625
340.5,1,333.546,0.118911
340,1,332.679,0.115502
339.5,1,331.813,0.111398
339,1,330.947,0.1066
338.5,1,330.081,0.10533
338,1,329.215,0.104477
337.5,1,328.349,0.103599
337,1,327.483,0.102694
336.5,1,326.617,0.101763
336,1,325.751,0.100931
335.5,1,324.885,0.100609
335,1,324.019,0.100624
334.5,1,323.153,0.100645
334,1,322.287,0.10067
333.5,1,321.421,0.100699
333,1,320.555,0.100734
332.5,1,319.689,0.100859
332,1,318.823,0.101236
331.5,1,317.957,0.101635
331,1,317.091,0.102055
330.5,1,316.225,0.10254
330,1,315.359,0.10305
329.5,1,314.493,0.103566
329,1,313.627,0.103719
328.5,1,312.761,0.103869
328,1,311.895,0.104035
327.5,1,311.029,0.104216
327,1,310.163,0.104413
326.5,1,309.297,0.104624
326,1,308.431,0.104852
325.5,1,307.565,0.105082
325,1,306.699,0.105329
324.5,1,305.833,0.105581
324,1,304.967,0.105832
323.5,1,304.101,0.106083
323,1,303.235,0.106294
322.5,1,302.369,0.106428
322,1,301.503,0.106567
321.5,1,300.637,0.106711
321,1,299.771,0.106859
320.5,1,298.905,0.107013
320,1,298.038,0.107172
319.5,1,297.172,0.107332
319,1,296.306,0.107494
318.5,1,295.44,0.107657
318,1,294.574,0.107821
317.5,1,293.708,0.107986
317,1,292.842,0.108152
316.5,1,291.976,0.10828
316,1,291.11,0.108392
315.5,1,290.244,0.108506
315,1,289.378,0.108621
314.5,1,288.512,0.108736
314,1,287.646,0.108859
313.5,1,286.78,0.108976
313,1,285.914,0.109081
312.5,1,285.048,0.109186
312,1,284.182,0.109291
311.5,1,283.316,0.109395
311,1,282.45,0.109498
310.5,1,281.584,0.109599
310,1,280.718,0.109675
309.5,1,279.852,0.109752
309,1,278.986,0.109829
308.5,1,278.12,0.10991
308,1,277.254,0.109991
307.5,1,276.388,0.11007
307,1,275.522,0.110135
306.5,1,274.656,0.110194
306,1,273.79,0.110253
305.5,1,272.924,0.110311
305,1,272.058,0.110368
304.5,1,271.192,0.110425
304,1,270.326,0.110475
303.5,1,269.46,0.110516
303,1,268.594,0.110557
302.5,1,267.728,0.110598
302,1,266.862,0.110638
301.5,1,265.996,0.110678
301,1,265.13,0.110715
300.5,1,264.263,0.11074
300,1,263.397,0.110764
299.5,1,262.531,0.110788
299,1,261.665,0.110811
298.5,1,260.799,0.110834
298,1,259.933,0.110856
297.5,1,259.067,0.110872
297,1,258.201,0.110885
296.5,1,257.335,0.110899
296,1,256.469,0.110911
295.5,1,255.603,0.110924
295,1,254.737,0.110936
294.5,1,253.871,0.110944
294,1,253.005,0.110947
293.5,1,252.139,0.110949
293,1,251.273,0.110952
292.5,1,250.407,0.110954
292,1,249.541,0.110956
291.5,1,248.675,0.110957
291,1,247.809,0.110954
290.5,1,246.943,0.11095
290,1,246.077,0.110946
289.5,1,245.211,0.110943
289,1,244.345,0.110939
288.5,1,243.479,0.110935
288,1,242.613,0.110926
287.5,1,241.747,0.110917
287,1,240.881,0.110907
286.5,1,240.015,0.110898
286,1,239.149,0.110889
285.5,1,238.283,0.110879
285,1,237.417,0.110869
284.5,1,236.551,0.110857
284,1,235.685,0.110846
283.5,1,234.819,0.110834
283,1,233.953,0.110823
282.5,1,233.087,0.110811
282,1,232.221,0.110799
281.5,1,231.355,0.110785
281,1,230.488,0.110772
280.5,1,229.622,0.110758
280,1,228.756,0.110744
279.5,1,227.89,0.110731
279,1,227.024,0.110717
278.5,1,226.158,0.110703
278,1,225.292,0.110688
277.5,1,224.426,0.110674
277,1,223.56,0.110659
276.5,1,222.694,0.110645
276,1,221.828,0.110631
275.5,1,220.962,0.110616
275,1,220.096,0.110601
274.5,1,219.23,0.110586
274,1,218.364,0.110571
273.5,1,217.498,0.110556
273,1,216.632,0.110541
272.5,1,215.766,0.110526
272,1,214.9,0.110511
271.5,1,214.034,0.110497
271,1,213.168,0.110482
270.5,1,212.302,0.110467
270,1,211.436,0.110453
269.5,1,210.57,0.110439
269,1,209.704,0.110424
268.5,1,208.838,0.110409
268,1,207.972,0.110394
267.5,1,207.106,0.11038
267,1,206.24,0.110365
266.5,1,205.374,0.110351
266,1,204.508,0.110336
265.5,1,203.642,0.110322
265,1,202.776,0.110308
264.5,1,201.91,0.110294
264,1,201.044,0.11028
263.5,1,200.178,0.110266
263,1,199.312,0.110253
262.5,1,198.446,0.110239
262,1,197.58,0.110225
261.5,1,196.714,0.110211
261,1,195.847,0.110198
260.5,1,194.981,0.110184
260,1,194.115,0.110171
259.5,1,193.249,0.110158
259,1,192.383,0.110145
258.5,1,191.517,0.110133
258,1,190.651,0.11012
257.5,1,189.785,0.110108
257,1,188.919,0.110095
256.5,1,188.053,0.110083
256,1,187.187,0.110071
255.5,1,186.321,0.110059
255,1,185.455,0.110047
254.5,1,184.589,0.110036
254,1,183.723,0.110024
253.5,1,182.857,0.110013
253,1,181.991,0.110002
252.5,1,181.125,0.10999
252,1,180.259,0.109979
251.5,1,179.393,0.109968
251,1,178.527,0.109957
250.5,1,177.661,0.109946
250,1,176.795,0.109936
249.5,1,175.929,0.109925
249,1,175.063,0.109915
248.5,1,174.197,0.109904
248,1,173.331,0.109894
247.5,1,172.465,0.109884
247,1,171.599,0.109874
246.5,1,170.733,0.109864
246,1,169.867,0.109855
245.5,1,169.001,0.109845
245,1,168.135,0.109836
244.5,1,167.269,0.109827
244,1,166.403,0.109818
243.5,1,165.537,0.109809
243,1,164.671,0.1098
242.5,1,163.805,0.109792
242,1,162.939,0.109783
241.5,1,162.072,0.109775
241,1,161.206,0.109766
240.5,1,160.34,0.109758
240,1,159.474,0.10975
239.5,1,158.608,0.109742
239,1,157.742,0.109734
238.5,1,156.876,0.109726
238,1,156.01,0.109718
237.5,1,155.144,0.10971
237,1,154.278,0.109703
236.5,1,153.412,0.109696
236,1,152.546,0.109688
235.5,1,151.68,0.109681
235,1,150.814,0.109674
234.5,1,149.948,0.109667
234,1,149.082,0.10966
233.5,1,148.216,0.109653
233,1,147.35,0.109646
232.5,1,146.484,0.10964
232,1,145.618,0.109633
231.5,1,144.752,0.109627
231,1,143.886,0.10962
230.5,1,143.02,0.109614
230,1,142.154,0.109608
229.5,1,141.288,0.109602
229,1,140.422,0.109596
228.5,1,139.556,0.10959
228,1,138.69,0.109584
227.5,1,137.824,0.109579
227,1,136.958,0.109573
226.5,1,136.092,0.109567
226,1,135.226,0.109562
225.5,1,134.36,0.109556
225,1,133.494,0.109551
224.5,1,132.628,0.109546
224,1,131.762,0.109541
223.5,1,130.896,0.109536
223,1,130.03,0.109531
222.5,1,129.164,0.109526
222,1,128.297,0.109521
221.5,1,127.431,0.109516
221,1,126.565,0.109511
220.5,1,125.699,0.109506
220,1,124.833,0.109502
219.5,1,123.967,0.109497
219,1,123.101,0.109493
218.5,1,122.235,0.109488
218,1,121.369,0.109484
217.5,1,120.503,0.10948
217,1,119.637,0.109476
216.5,1,118.771,0.109472
216,1,117.905,0.109468
215.5,1,117.039,0.109464
215,1,116.173,0.10946
214.5,1,115.307,0.109456
214,1,114.441,0.109452
213.5,1,113.575,0.109448
213,1,112.709,0.109444
212.5,1,111.843,0.109441
212,1,110.977,0.109437
211.5,1,110.111,0.109434
211,1,109.245,0.10943
210.5,1,108.379,0.109427
210,1,107.513,0.109424
209.5,1,106.647,0.10942
209,1,105.781,0.109417
208.5,1,104.915,0.109413
208,1,104.049,0.10941
207.5,1,103.183,0.109407
207,1,102.317,0.109403
206.5,1,101.451,0.1094
206,1,100.585,0.109397
205.5,1,99.7187,0.109395
205,1,98.8526,0.109392
204.5,1,97.9866,0.109389
204,1,97.1206,0.109387
203.5,1,96.2546,0.109384
203,1,95.3885,0.109381
202.5,1,94.5225,0.109378
202,1,93.6565,0.109375
201.5,1,92.7905,0.109372
201,1,91.9244,0.109369
200.5,1,91.0584,0.109366
200,1,90.1924,0.109363
