x,y,z,b
500,1,609.808,0.113008
499.5,1,608.942,0.113102
499,1,608.076,0.113197
498.5,1,607.21,0.113292
498,1,606.344,0.113389
497.5,1,605.477,0.113487
497,1,604.611,0.113586
496.5,1,603.745,0.113686
496,1,602.879,0.113788
495.5,1,602.013,0.113891
495,1,601.147,0.113995
494.5,1,600.281,0.1141
494,1,599.415,0.114207
493.5,1,598.549,0.114308
493,1,597.683,0.114398
492.5,1,596.817,0.114489
492,1,595.951,0.114581
491.5,1,595.085,0.114674
491,1,594.219,0.114769
490.5,1,593.353,0.114865
490,1,592.487,0.114973
489.5,1,591.621,0.115082
489,1,590.755,0.115193
488.5,1,589.889,0.115305
488,1,589.023,0.11542
487.5,1,588.157,0.115535
487,1,587.291,0.115648
486.5,1,586.425,0.115761
486,1,585.559,0.115877
485.5,1,584.693,0.115994
485,1,583.827,0.116114
484.5,1,582.961,0.116236
484,1,582.095,0.116364
483.5,1,581.229,0.116499
483,1,580.363,0.116638
482.5,1,579.497,0.116781
482,1,578.631,0.116928
481.5,1,577.765,0.117078
481,1,576.899,0.117233
480.5,1,576.033,0.117411
480,1,575.167,0.117594
479.5,1,574.301,0.117783
479,1,573.435,0.117977
478.5,1,572.569,0.118177
478,1,571.703,0.118384
477.5,1,570.836,0.11865
477,1,569.97,0.118942
476.5,1,569.104,0.119243
476,1,568.238,0.119554
475.5,1,567.372,0.119873
475,1,566.506,0.120202
474.5,1,565.64,0.120582
474,1,564.774,0.121029
473.5,1,563.908,0.12149
473,1,563.042,0.121962
472.5,1,562.176,0.122441
472,1,561.31,0.122931
471.5,1,560.444,0.123447
471,1,559.578,0.12409
470.5,1,558.712,0.124748
470,1,557.846,0.125421
469.5,1,556.98,0.12611
469,1,556.114,0.126813
468.5,1,555.248,0.127533
468,1,554.382,0.128366
467.5,1,553.516,0.129233
467,1,552.65,0.130061
466.5,1,551.784,0.1309
466,1,550.918,0.131748
465.5,1,550.052,0.132607
465,1,549.186,0.133558
464.5,1,548.32,0.134606
464,1,547.454,0.135664
463.5,1,546.588,0.136731
463,1,545.722,0.137807
462.5,1,544.856,0.138894
462,1,543.99,0.13992
461.5,1,543.124,0.140657
461,1,542.258,0.141397
460.5,1,541.392,0.14214
460,1,540.526,0.142887
459.5,1,539.66,0.143636
459,1,538.794,0.144389
458.5,1,537.928,0.144929
458,1,537.061,0.14544
457.5,1,536.195,0.145958
457,1,535.329,0.146482
456.5,1,534.463,0.146989
456,1,533.597,0.147446
455.5,1,532.731,0.147971
455,1,531.865,0.148556
454.5,1,530.999,0.149158
454,1,530.133,0.149775
453.5,1,529.267,0.150409
453,1,528.401,0.151058
452.5,1,527.535,0.151805
452,1,526.669,0.152852
451.5,1,525.803,0.153926
451,1,524.937,0.15495
450.5,1,524.071,0.155837
450,1,523.205,0.156728
449.5,1,522.339,0.157624
449,1,521.473,0.158604
448.5,1,520.607,0.159609
448,1,519.741,0.16063
447.5,1,518.875,0.161669
447,1,518.009,0.162724
446.5,1,517.143,0.163796
446,1,516.277,0.164653
445.5,1,515.411,0.165223
445,1,514.545,0.165593
444.5,1,513.679,0.16596
444,1,512.813,0.166324
443.5,1,511.947,0.166685
443,1,511.081,0.166961
442.5,1,510.215,0.167033
442,1,509.349,0.167105
441.5,1,508.483,0.167177
441,1,507.617,0.16725
440.5,1,506.751,0.167322
440,1,505.885,0.167371
439.5,1,505.019,0.167371
439,1,504.153,0.167388
438.5,1,503.286,0.167424
438,1,502.42,0.167479
437.5,1,501.554,0.167552
437,1,500.688,0.167644
436.5,1,499.822,0.167671
436,1,498.956,0.167648
435.5,1,498.09,0.167615
435,1,497.224,0.16757
434.5,1,496.358,0.167495
434,1,495.492,0.167405
433.5,1,494.626,0.167212
433,1,493.76,0.166805
432.5,1,492.894,0.16639
432,1,492.028,0.165966
431.5,1,491.162,0.165533
431,1,490.296,0.165092
430.5,1,489.43,0.164636
430,1,488.564,0.163943
429.5,1,487.698,0.163216
429,1,486.832,0.162491
428.5,1,485.966,0.161805
428,1,485.1,0.161147
427.5,1,484.234,0.160517
427,1,483.368,0.159952
426.5,1,482.502,0.159426
426,1,481.636,0.158921
425.5,1,480.77,0.158439
425,1,479.904,0.157978
424.5,1,479.038,0.157538
424,1,478.172,0.157202
423.5,1,477.306,0.156961
423,1,476.44,0.156739
422.5,1,475.574,0.156563
422,1,474.708,0.156434
421.5,1,473.842,0.156351
421,1,472.976,0.156338
420.5,1,472.11,0.156612
420,1,471.244,0.156922
419.5,1,470.378,0.157269
419,1,469.512,0.157651
418.5,1,468.645,0.15807
418,1,467.779,0.158407
417.5,1,466.913,0.158787
417,1,466.047,0.159209
416.5,1,465.181,0.159651
416,1,464.315,0.160114
415.5,1,463.449,0.160597
415,1,462.583,0.161101
414.5,1,461.717,0.161626
414,1,460.851,0.16219
413.5,1,459.985,0.162799
413,1,459.119,0.163451
412.5,1,458.253,0.164263
412,1,457.387,0.165167
411.5,1,456.521,0.166108
411,1,455.655,0.16697
410.5,1,454.789,0.167905
410,1,453.923,0.168913
409.5,1,453.057,0.169993
409,1,452.191,0.171146
408.5,1,451.325,0.172372
408,1,450.459,0.17346
407.5,1,449.593,0.174576
407,1,448.727,0.175753
406.5,1,447.861,0.176989
406,1,446.995,0.178284
405.5,1,446.129,0.179639
405,1,445.263,0.180651
404.5,1,444.397,0.181293
404,1,443.531,0.181943
403.5,1,442.665,0.182602
403,1,441.799,0.18327
402.5,1,440.933,0.183946
402,1,440.067,0.184669
401.5,1,439.201,0.185533
401,1,438.335,0.186377
400.5,1,437.469,0.187201
400,1,436.603,0.188006
399.5,1,435.737,0.18879
399,1,434.87,0.189555
398.5,1,434.004,0.189071
398,1,433.138,0.188469
397.5,1,432.272,0.187922
397,1,431.406,0.187431
396.5,1,430.54,0.186995
396,1,429.674,0.186573
395.5,1,428.808,0.185873
395,1,427.942,0.184808
394.5,1,427.076,0.183602
394,1,426.21,0.182254
393.5,1,425.344,0.180765
393,1,424.478,0.179135
392.5,1,423.612,0.177152
392,1,422.746,0.174458
391.5,1,421.88,0.171733
391,1,421.014,0.168977
390.5,1,420.148,0.166214
390,1,419.282,0.163426
389.5,1,418.416,0.160614
389,1,417.55,0.157471
388.5,1,416.684,0.154269
388,1,415.818,0.151029
387.5,1,414.952,0.147751
387,1,414.086,0.144435
386.5,1,413.22,0.141082
386,1,412.354,0.139468
385.5,1,411.488,0.138932
385,1,410.622,0.138452
384.5,1,409.756,0.137936
384,1,408.89,0.137384
383.5,1,408.024,0.136796
383,1,407.158,0.136628
382.5,1,406.292,0.137461
382,1,405.426,0.138255
381.5,1,404.56,0.139011
381,1,403.694,0.139728
380.5,1,402.828,0.140406
380,1,401.962,0.141051
379.5,1,401.095,0.141652
379,1,400.229,0.142201
378.5,1,399.363,0.142699
378,1,398.497,0.143145
377.5,1,397.631,0.143541
377,1,396.765,0.143884
376.5,1,395.899,0.143768
376,1,395.033,0.143475
375.5,1,394.167,0.143216
375,1,393.301,0.142989
374.5,1,392.435,0.142836
374,1,391.569,0.142938
373.5,1,390.703,0.143513
373,1,389.837,0.144802
372.5,1,388.971,0.146265
372,1,388.105,0.147903
371.5,1,387.239,0.149714
371,1,386.373,0.151699
370.5,1,385.507,0.153864
370,1,384.641,0.156317
369.5,1,383.775,0.15895
369,1,382.909,0.161803
368.5,1,382.043,0.164902
368,1,381.177,0.16813
367.5,1,380.311,0.171487
367,1,379.445,0.174113
366.5,1,378.579,0.176556
366,1,377.713,0.179135
365.5,1,376.847,0.181848
365,1,375.981,0.184695
364.5,1,375.115,0.187678
364,1,374.249,0.189545
363.5,1,373.383,0.189702
363,1,372.517,0.189779
362.5,1,371.651,0.190034
362,1,370.785,0.190466
361.5,1,369.919,0.191076
361,1,369.053,0.191657
360.5,1,368.187,0.190834
360,1,367.321,0.190622
359.5,1,366.454,0.19102
359,1,365.588,0.192029
358.5,1,364.722,0.193648
358,1,363.856,0.195462
357.5,1,362.99,0.194586
357,1,362.124,0.193409
356.5,1,361.258,0.192644
356,1,360.392,0.192291
355.5,1,359.526,0.19235
355,1,358.66,0.192822
354.5,1,357.794,0.205278
354,1,356.928,0.232867
353.5,1,356.062,0.26329
353,1,355.196,0.296546
352.5,1,354.33,0.323918
352,1,353.464,0.338956
351.5,1,352.598,0.345098
351,1,351.732,0.326204
350.5,1,350.866,0.309153
350,1,350,0.293943
349.5,1,349.134,0.280575
349,1,348.268,0.26905
348.5,1,347.402,0.259367
348,1,346.536,0.253854
347.5,1,345.67,0.250697
347,1,344.804,0.251481
346.5,1,343.938,0.254482
346,1,343.072,0.257465
345.5,1,342.206,0.26043
345,1,341.34,0.261392
344.5,1,340.474,0.260427
344,1,339.608,0.259273
343.5,1,338.742,0.257929
343,1,337.876,0.256395
342.5,1,337.01,0.254672
342,1,336.144,0.252281
341.5,1,335.278,0.247174
341,1,334.412,0.241629
340.5,1,333.546,0.236235
340,1,332.679,0.230993
339.5,1,331.813,0.225903
339,1,330.947,0.220963
338.5,1,330.081,0.218852
338,1,329.215,0.217244
337.5,1,328.349,0.215841
337,1,327.483,0.214642
336.5,1,326.617,0.213647
336,1,325.751,0.212919
335.5,1,324.885,0.21289
335,1,324.019,0.213358
334.5,1,323.153,0.213916
334,1,322.287,0.214566
333.5,1,321.421,0.215308
333,1,320.555,0.21614
332.5,1,319.689,0.216623
332,1,318.823,0.215923
331.5,1,317.957,0.215197
331,1,317.091,0.214443
330.5,1,316.225,0.213546
330,1,315.359,0.212631
329.5,1,314.493,0.211753
329,1,313.627,0.212687
328.5,1,312.761,0.213574
328,1,311.895,0.214323
327.5,1,311.029,0.214935
327,1,310.163,0.21541
326.5,1,309.297,0.215746
326,1,308.431,0.215459
325.5,1,307.565,0.214958
325,1,306.699,0.215084
324.5,1,305.833,0.21543
324,1,304.967,0.215847
323.5,1,304.101,0.216335
323,1,303.235,0.216567
322.5,1,302.369,0.216053
322,1,301.503,0.215402
321.5,1,300.637,0.214615
321,1,299.771,0.213691
320.5,1,298.905,0.212632
320,1,298.038,0.211434
319.5,1,297.172,0.210037
319,1,296.306,0.208703
318.5,1,295.44,0.207412
318,1,294.574,0.206164
317.5,1,293.708,0.20496
317,1,292.842,0.203799
316.5,1,291.976,0.202237
316,1,291.11,0.200405
315.5,1,290.244,0.198477
315,1,289.378,0.196454
314.5,1,288.512,0.194335
314,1,287.646,0.193295
313.5,1,286.78,0.192678
313,1,285.914,0.192328
312.5,1,285.048,0.19199
312,1,284.182,0.191664
311.5,1,283.316,0.191349
311,1,282.45,0.191047
310.5,1,281.584,0.190748
310,1,280.718,0.190299
309.5,1,279.852,0.189744
309,1,278.986,0.189083
308.5,1,278.12,0.188903
308,1,277.254,0.188887
307.5,1,276.388,0.189018
307,1,275.522,0.189597
306.5,1,274.656,0.190291
306,1,273.79,0.190981
305.5,1,272.924,0.191667
305,1,272.058,0.19235
304.5,1,271.192,0.193028
304,1,270.326,0.193791
303.5,1,269.46,0.194567
303,1,268.594,0.194703
302.5,1,267.728,0.194788
302,1,266.862,0.194823
301.5,1,265.996,0.194806
301,1,265.13,0.194752
300.5,1,264.263,0.194696
300,1,263.397,0.19451
299.5,1,262.531,0.194196
299,1,261.665,0.193752
298.5,1,260.799,0.193179
298,1,259.933,0.192402
297.5,1,259.067,0.190919
297,1,258.201,0.189491
296.5,1,257.335,0.188106
296,1,256.469,0.186764
295.5,1,255.603,0.185465
295,1,254.737,0.184209
294.5,1,253.871,0.182971
294,1,253.005,0.181674
293.5,1,252.139,0.18032
293,1,251.273,0.178909
292.5,1,250.407,0.177292
292,1,249.541,0.174844
291.5,1,248.675,0.172369
291,1,247.809,0.169788
290.5,1,246.943,0.167202
290,1,246.077,0.164613
289.5,1,245.211,0.16202
289,1,244.345,0.159424
288.5,1,243.479,0.156824
288,1,242.613,0.154079
287.5,1,241.747,0.151324
287,1,240.881,0.148704
286.5,1,240.015,0.146535
286,1,239.149,0.144389
285.5,1,238.283,0.142263
285,1,237.417,0.140108
284.5,1,236.551,0.137944
284,1,235.685,0.135818
283.5,1,234.819,0.13373
283,1,233.953,0.131679
282.5,1,233.087,0.129665
282,1,232.221,0.127687
281.5,1,231.355,0.125835
281,1,230.488,0.124258
280.5,1,229.622,0.122711
280,1,228.756,0.121196
279.5,1,227.89,0.119713
279,1,227.024,0.118261
278.5,1,226.158,0.116905
278,1,225.292,0.115592
277.5,1,224.426,0.114316
277,1,223.56,0.113077
276.5,1,222.694,0.111876
276,1,221.828,0.110764
275.5,1,220.962,0.109857
275,1,220.096,0.109022
274.5,1,219.23,0.108209
274,1,218.364,0.107419
273.5,1,217.498,0.106649
273,1,216.632,0.105902
272.5,1,215.766,0.105218
272,1,214.9,0.104658
271.5,1,214.034,0.104118
271,1,213.168,0.103597
270.5,1,212.302,0.103118
270,1,211.436,0.102685
269.5,1,210.57,0.102266
269,1,209.704,0.101993
268.5,1,208.838,0.101736
268,1,207.972,0.101489
267.5,1,207.106,0.101254
267,1,206.24,0.10103
266.5,1,205.374,0.100816
266,1,204.508,0.100682
265.5,1,203.642,0.100591
265,1,202.776,0.100514
264.5,1,201.91,0.100449
264,1,201.044,0.100391
263.5,1,200.178,0.100339
263,1,199.312,0.100317
262.5,1,198.446,0.100345
262,1,197.58,0.100377
261.5,1,196.714,0.100415
261,1,195.847,0.100457
260.5,1,194.981,0.100504
260,1,194.115,0.100557
259.5,1,193.249,0.100661
259,1,192.383,0.10077
258.5,1,191.517,0.10088
258,1,190.651,0.10099
257.5,1,189.785,0.101102
257,1,188.919,0.101215
256.5,1,188.053,0.101337
256,1,187.187,0.101463
255.5,1,186.321,0.10159
255,1,185.455,0.101716
254.5,1,184.589,0.101843
254,1,183.723,0.101971
253.5,1,182.857,0.102101
253,1,181.991,0.102233
252.5,1,181.125,0.102364
252,1,180.259,0.102495
251.5,1,179.393,0.102626
251,1,178.527,0.102756
250.5,1,177.661,0.102886
250,1,176.795,0.103012
249.5,1,175.929,0.103137
249,1,175.063,0.103262
248.5,1,174.197,0.103386
248,1,173.331,0.103511
247.5,1,172.465,0.103634
247,1,171.599,0.103753
246.5,1,170.733,0.103869
246,1,169.867,0.103985
245.5,1,169.001,0.1041
245,1,168.135,0.104214
244.5,1,167.269,0.104328
244,1,166.403,0.104437
243.5,1,165.537,0.104542
243,1,164.671,0.104646
242.5,1,163.805,0.10475
242,1,162.939,0.104852
241.5,1,162.072,0.104954
241,1,161.206,0.105054
240.5,1,160.34,0.105147
240,1,159.474,0.105239
239.5,1,158.608,0.10533
239,1,157.742,0.105421
238.5,1,156.876,0.105511
238,1,156.01,0.1056
237.5,1,155.144,0.105682
237,1,154.278,0.105763
236.5,1,153.412,0.105843
236,1,152.546,0.105923
235.5,1,151.68,0.106001
235,1,150.814,0.10608
234.5,1,149.948,0.106154
234,1,149.082,0.106224
233.5,1,148.216,0.106294
233,1,147.35,0.106363
232.5,1,146.484,0.106432
232,1,145.618,0.1065
231.5,1,144.752,0.106566
231,1,143.886,0.106627
230.5,1,143.02,0.106687
230,1,142.154,0.106747
229.5,1,141.288,0.106806
229,1,140.422,0.106865
228.5,1,139.556,0.106923
228,1,138.69,0.106976
227.5,1,137.824,0.107028
227,1,136.958,0.107079
226.5,1,136.092,0.10713
226,1,135.226,0.107181
225.5,1,134.36,0.107231
225,1,133.494,0.107278
224.5,1,132.628,0.107322
224,1,131.762,0.107366
223.5,1,130.896,0.107409
223,1,130.03,0.107452
222.5,1,129.164,0.107495
222,1,128.297,0.107537
221.5,1,127.431,0.107575
221,1,126.565,0.107613
220.5,1,125.699,0.107651
220,1,124.833,0.107688
219.5,1,123.967,0.107725
219,1,123.101,0.107762
218.5,1,122.235,0.107795
218,1,121.369,0.107828
217.5,1,120.503,0.10786
217,1,119.637,0.107892
216.5,1,118.771,0.107924
216,1,117.905,0.107955
215.5,1,117.039,0.107985
215,1,116.173,0.108013
214.5,1,115.307,0.10804
214,1,114.441,0.108068
213.5,1,113.575,0.108095
213,1,112.709,0.108122
212.5,1,111.843,0.108147
212,1,110.977,0.108169
211.5,1,110.111,0.108192
211,1,109.245,0.108214
210.5,1,108.379,0.108236
210,1,107.513,0.108257
209.5,1,106.647,0.108279
209,1,105.781,0.108299
208.5,1,104.915,0.108318
208,1,104.049,0.108338
207.5,1,103.183,0.108357
207,1,102.317,0.108377
206.5,1,101.451,0.108396
206,1,100.585,0.108414
205.5,1,99.7187,0.108431
205,1,98.8526,0.108449
204.5,1,97.9866,0.108466
204,1,97.1206,0.108483
203.5,1,96.2546,0.1085
203,1,95.3885,0.108516
202.5,1,94.5225,0.108529
202,1,93.6565,0.108543
201.5,1,92.7905,0.108556
201,1,91.9244,0.108569
200.5,1,91.0584,0.108582
200,1,90.1924,0.108595
