x,y,z,b
500,1,609.808,0.106037
499.5,1,608.942,0.105989
499,1,608.076,0.10594
498.5,1,607.21,0.105891
498,1,606.344,0.105842
497.5,1,605.477,0.105793
497,1,604.611,0.105743
496.5,1,603.745,0.105691
496,1,602.879,0.105639
495.5,1,602.013,0.105587
495,1,601.147,0.105534
494.5,1,600.281,0.105481
494,1,599.415,0.105427
493.5,1,598.549,0.105373
493,1,597.683,0.10532
492.5,1,596.817,0.105266
492,1,595.951,0.105213
491.5,1,595.085,0.105159
491,1,594.219,0.105105
490.5,1,593.353,0.10505
490,1,592.487,0.105
489.5,1,591.621,0.104951
489,1,590.755,0.104901
488.5,1,589.889,0.104851
488,1,589.023,0.104801
487.5,1,588.157,0.104751
487,1,587.291,0.104711
486.5,1,586.425,0.104676
486,1,585.559,0.10464
485.5,1,584.693,0.104605
485,1,583.827,0.10457
484.5,1,582.961,0.104535
484,1,582.095,0.104508
483.5,1,581.229,0.104495
483,1,580.363,0.104482
482.5,1,579.497,0.104469
482,1,578.631,0.104458
481.5,1,577.765,0.104448
481,1,576.899,0.10444
480.5,1,576.033,0.104456
480,1,575.167,0.104473
479.5,1,574.301,0.104491
479,1,573.435,0.104511
478.5,1,572.569,0.104533
478,1,571.703,0.104558
477.5,1,570.836,0.10461
477,1,569.97,0.104674
476.5,1,569.104,0.104741
476,1,568.238,0.10481
475.5,1,567.372,0.104883
475,1,566.506,0.104959
474.5,1,565.64,0.105058
474,1,564.774,0.105187
473.5,1,563.908,0.105322
473,1,563.042,0.105461
472.5,1,562.176,0.105614
472,1,561.31,0.105773
471.5,1,560.444,0.105945
471,1,559.578,0.106178
470.5,1,558.712,0.10642
470,1,557.846,0.10667
469.5,1,556.98,0.10693
469,1,556.114,0.107198
468.5,1,555.248,0.107476
468,1,554.382,0.107827
467.5,1,553.516,0.108211
467,1,552.65,0.108637
466.5,1,551.784,0.10908
466,1,550.918,0.109541
465.5,1,550.052,0.110019
465,1,549.186,0.110568
464.5,1,548.32,0.111195
464,1,547.454,0.111846
463.5,1,546.588,0.11252
463,1,545.722,0.113219
462.5,1,544.856,0.113942
462,1,543.99,0.114731
461.5,1,543.124,0.115733
461,1,542.258,0.116779
460.5,1,541.392,0.117868
460,1,540.526,0.119001
459.5,1,539.66,0.120177
459,1,538.794,0.121397
458.5,1,537.928,0.122764
458,1,537.061,0.12419
457.5,1,536.195,0.12566
457,1,535.329,0.127174
456.5,1,534.463,0.128756
456,1,533.597,0.130442
455.5,1,532.731,0.132109
455,1,531.865,0.133743
454.5,1,530.999,0.13538
454,1,530.133,0.137021
453.5,1,529.267,0.138665
453,1,528.401,0.140313
452.5,1,527.535,0.141925
452,1,526.669,0.143408
451.5,1,525.803,0.144889
451,1,524.937,0.146346
450.5,1,524.071,0.147761
450,1,523.205,0.149175
449.5,1,522.339,0.150589
449,1,521.473,0.151951
448.5,1,520.607,0.153332
448,1,519.741,0.154737
447.5,1,518.875,0.156165
447,1,518.009,0.157618
446.5,1,517.143,0.159096
446,1,516.277,0.160513
445.5,1,515.411,0.161854
445,1,514.545,0.163136
444.5,1,513.679,0.164411
444,1,512.813,0.16568
443.5,1,511.947,0.166942
443,1,511.081,0.168111
442.5,1,510.215,0.169046
442,1,509.349,0.169957
441.5,1,508.483,0.170846
441,1,507.617,0.171712
440.5,1,506.751,0.172555
440,1,505.885,0.173243
439.5,1,505.019,0.173515
439,1,504.153,0.173791
438.5,1,503.286,0.174078
438,1,502.42,0.174377
437.5,1,501.554,0.174687
437,1,500.688,0.175009
436.5,1,499.822,0.175296
436,1,498.956,0.175566
435.5,1,498.09,0.175842
435,1,497.224,0.176123
434.5,1,496.358,0.176161
434,1,495.492,0.175974
433.5,1,494.626,0.175839
433,1,493.76,0.175836
432.5,1,492.894,0.175845
432,1,492.028,0.175869
431.5,1,491.162,0.175906
431,1,490.296,0.175956
430.5,1,489.43,0.176024
430,1,488.564,0.176269
429.5,1,487.698,0.176507
429,1,486.832,0.176496
428.5,1,485.966,0.176344
428,1,485.1,0.176222
427.5,1,484.234,0.17613
427,1,483.368,0.176459
426.5,1,482.502,0.177041
426,1,481.636,0.17773
425.5,1,480.77,0.178525
425,1,479.904,0.179428
424.5,1,479.038,0.180437
424,1,478.172,0.181907
423.5,1,477.306,0.18349
423,1,476.44,0.18478
422.5,1,475.574,0.18603
422,1,474.708,0.187241
421.5,1,473.842,0.188412
421,1,472.976,0.189557
420.5,1,472.11,0.190844
420,1,471.244,0.19214
419.5,1,470.378,0.193443
419,1,469.512,0.194755
418.5,1,468.645,0.196075
418,1,467.779,0.196395
417.5,1,466.913,0.196039
417,1,466.047,0.19566
416.5,1,465.181,0.19533
416,1,464.315,0.195047
415.5,1,463.449,0.194812
415,1,462.583,0.194624
414.5,1,461.717,0.194474
414,1,460.851,0.194505
413.5,1,459.985,0.194786
413,1,459.119,0.195318
412.5,1,458.253,0.195659
412,1,457.387,0.195916
411.5,1,456.521,0.195998
411,1,455.655,0.194899
410.5,1,454.789,0.19376
410,1,453.923,0.192583
409.5,1,453.057,0.191367
409,1,452.191,0.190111
408.5,1,451.325,0.188817
408,1,450.459,0.185174
407.5,1,449.593,0.181199
407,1,448.727,0.177438
406.5,1,447.861,0.174002
406,1,446.995,0.170895
405.5,1,446.129,0.168117
405,1,445.263,0.165921
404.5,1,444.397,0.164239
404,1,443.531,0.162809
403.5,1,442.665,0.161633
403,1,441.799,0.16071
402.5,1,440.933,0.160041
402,1,440.067,0.159847
401.5,1,439.201,0.161071
401,1,438.335,0.162412
400.5,1,437.469,0.163833
400,1,436.603,0.165336
399.5,1,435.737,0.166921
399,1,434.87,0.168586
398.5,1,434.004,0.170752
398,1,433.138,0.172987
397.5,1,432.272,0.175229
397,1,431.406,0.177478
396.5,1,430.54,0.179734
396,1,429.674,0.181985
395.5,1,428.808,0.183841
395,1,427.942,0.185408
394.5,1,427.076,0.186985
394,1,426.21,0.188571
393.5,1,425.344,0.190167
393,1,424.478,0.191773
392.5,1,423.612,0.19299
392,1,422.746,0.192981
391.5,1,421.88,0.192916
391,1,421.014,0.192788
390.5,1,420.148,0.192324
390,1,419.282,0.191683
389.5,1,418.416,0.190864
389,1,417.55,0.191094
388.5,1,416.684,0.190966
388,1,415.818,0.190385
387.5,1,414.952,0.18935
387,1,414.086,0.187862
386.5,1,413.22,0.18592
386,1,412.354,0.18217
385.5,1,411.488,0.177932
385,1,410.622,0.17472
384.5,1,409.756,0.171848
384,1,408.89,0.169317
383.5,1,408.024,0.167127
383,1,407.158,0.165809
382.5,1,406.292,0.166035
382,1,405.426,0.166596
381.5,1,404.56,0.16749
381,1,403.694,0.168719
380.5,1,402.828,0.170281
380,1,401.962,0.172144
379.5,1,401.095,0.173949
379,1,400.229,0.175576
378.5,1,399.363,0.177025
378,1,398.497,0.178296
377.5,1,397.631,0.179389
377,1,396.765,0.180305
376.5,1,395.899,0.180407
376,1,395.033,0.180062
375.5,1,394.167,0.179583
375,1,393.301,0.178968
374.5,1,392.435,0.178365
374,1,391.569,0.178209
373.5,1,390.703,0.177308
373,1,389.837,0.175001
372.5,1,388.971,0.172479
372,1,388.105,0.169741
371.5,1,387.239,0.166789
371,1,386.373,0.163622
370.5,1,385.507,0.160302
370,1,384.641,0.158047
369.5,1,383.775,0.155566
369,1,382.909,0.153276
368.5,1,382.043,0.151812
368,1,381.177,0.150092
367.5,1,380.311,0.148115
367,1,379.445,0.147499
366.5,1,378.579,0.147326
366,1,377.713,0.14702
365.5,1,376.847,0.146581
365,1,375.981,0.146008
364.5,1,375.115,0.145302
364,1,374.249,0.146242
363.5,1,373.383,0.150559
363,1,372.517,0.156303
362.5,1,371.651,0.162065
362,1,370.785,0.167845
361.5,1,369.919,0.173645
361,1,369.053,0.179452
360.5,1,368.187,0.18533
360,1,367.321,0.191499
359.5,1,366.454,0.19796
359,1,365.588,0.204711
358.5,1,364.722,0.211754
358,1,363.856,0.21861
357.5,1,362.99,0.219857
357,1,362.124,0.220669
356.5,1,361.258,0.222506
356,1,360.392,0.225365
355.5,1,359.526,0.229248
355,1,358.66,0.234155
354.5,1,357.794,0.243025
354,1,356.928,0.258462
353.5,1,356.062,0.277988
353,1,355.196,0.301604
352.5,1,354.33,0.320909
352,1,353.464,0.330525
351.5,1,352.598,0.331707
351,1,351.732,0.299767
350.5,1,350.866,0.274073
350,1,350,0.254625
349.5,1,349.134,0.241424
349,1,348.268,0.234468
348.5,1,347.402,0.233759
348,1,346.536,0.249441
347.5,1,345.67,0.264863
347,1,344.804,0.271237
346.5,1,343.938,0.271927
346,1,343.072,0.27319
345.5,1,342.206,0.275024
345,1,341.34,0.277247
344.5,1,340.474,0.279621
344,1,339.608,0.282232
343.5,1,338.742,0.285081
343,1,337.876,0.288167
342.5,1,337.01,0.291491
342,1,336.144,0.29457
341.5,1,335.278,0.297222
341,1,334.412,0.300686
340.5,1,333.546,0.304025
340,1,332.679,0.307237
339.5,1,331.813,0.310324
339,1,330.947,0.313285
338.5,1,330.081,0.315617
338,1,329.215,0.317522
337.5,1,328.349,0.319043
337,1,327.483,0.320179
336.5,1,326.617,0.320932
336,1,325.751,0.322152
335.5,1,324.885,0.3242
335,1,324.019,0.326382
334.5,1,323.153,0.328417
334,1,322.287,0.330304
333.5,1,321.421,0.332044
333,1,320.555,0.333636
332.5,1,319.689,0.335125
332,1,318.823,0.336507
331.5,1,317.957,0.337609
331,1,317.091,0.338432
330.5,1,316.225,0.338996
330,1,315.359,0.339657
329.5,1,314.493,0.340467
329,1,313.627,0.341319
328.5,1,312.761,0.342091
328,1,311.895,0.342783
327.5,1,311.029,0.343396
327,1,310.163,0.34393
326.5,1,309.297,0.344384
326,1,308.431,0.344357
325.5,1,307.565,0.343953
325,1,306.699,0.343064
324.5,1,305.833,0.342069
324,1,304.967,0.341079
323.5,1,304.101,0.340093
323,1,303.235,0.338837
322.5,1,302.369,0.336954
322,1,301.503,0.334982
321.5,1,300.637,0.332921
321,1,299.771,0.330771
320.5,1,298.905,0.328533
320,1,298.038,0.326178
319.5,1,297.172,0.320632
319,1,296.306,0.314829
318.5,1,295.44,0.308811
318,1,294.574,0.302579
317.5,1,293.708,0.296134
317,1,292.842,0.289474
316.5,1,291.976,0.276122
316,1,291.11,0.259652
315.5,1,290.244,0.242897
315,1,289.378,0.225856
314.5,1,288.512,0.208529
314,1,287.646,0.18963
313.5,1,286.78,0.17291
313,1,285.914,0.161055
312.5,1,285.048,0.149937
312,1,284.182,0.139558
311.5,1,283.316,0.129916
311,1,282.45,0.121012
310.5,1,281.584,0.113205
310,1,280.718,0.110923
309.5,1,279.852,0.108742
309,1,278.986,0.106662
308.5,1,278.12,0.10488
308,1,277.254,0.103135
307.5,1,276.388,0.101419
307,1,275.522,0.100708
306.5,1,274.656,0.100296
306,1,273.79,0.0998524
305.5,1,272.924,0.0993779
305,1,272.058,0.0988722
304.5,1,271.192,0.0983352
304,1,270.326,0.0980213
303.5,1,269.46,0.0980194
303,1,268.594,0.0980264
302.5,1,267.728,0.0980186
302,1,266.862,0.0979958
301.5,1,265.996,0.0979582
301,1,265.13,0.0979485
300.5,1,264.263,0.0982371
300,1,263.397,0.0985143
299.5,1,262.531,0.09878
299,1,261.665,0.0990342
298.5,1,260.799,0.099277
298,1,259.933,0.0995093
297.5,1,259.067,0.0998269
297,1,258.201,0.100163
296.5,1,257.335,0.100498
296,1,256.469,0.100832
295.5,1,255.603,0.101164
295,1,254.737,0.101495
294.5,1,253.871,0.101782
294,1,253.005,0.102026
293.5,1,252.139,0.102269
293,1,251.273,0.102513
292.5,1,250.407,0.102759
292,1,249.541,0.103012
291.5,1,248.675,0.103255
291,1,247.809,0.103459
290.5,1,246.943,0.103663
290,1,246.077,0.103866
289.5,1,245.211,0.104069
289,1,244.345,0.104271
288.5,1,243.479,0.104473
288,1,242.613,0.104647
287.5,1,241.747,0.104817
287,1,240.881,0.104987
286.5,1,240.015,0.10516
286,1,239.149,0.105333
285.5,1,238.283,0.105505
285,1,237.417,0.10566
284.5,1,236.551,0.105802
284,1,235.685,0.105944
283.5,1,234.819,0.106085
283,1,233.953,0.106225
282.5,1,233.087,0.106364
282,1,232.221,0.106497
281.5,1,231.355,0.106611
281,1,230.488,0.106727
280.5,1,229.622,0.106841
280,1,228.756,0.106955
279.5,1,227.89,0.107068
279,1,227.024,0.107181
278.5,1,226.158,0.107274
278,1,225.292,0.107366
277.5,1,224.426,0.107457
277,1,223.56,0.107547
276.5,1,222.694,0.107636
276,1,221.828,0.107726
275.5,1,220.962,0.107806
275,1,220.096,0.10788
274.5,1,219.23,0.107953
274,1,218.364,0.108026
273.5,1,217.498,0.108098
273,1,216.632,0.108169
272.5,1,215.766,0.108236
272,1,214.9,0.108295
271.5,1,214.034,0.108353
271,1,213.168,0.10841
270.5,1,212.302,0.108467
270,1,211.436,0.108524
269.5,1,210.57,0.108581
269,1,209.704,0.108627
268.5,1,208.838,0.108672
268,1,207.972,0.108717
267.5,1,207.106,0.108761
267,1,206.24,0.108805
266.5,1,205.374,0.108849
266,1,204.508,0.108887
265.5,1,203.642,0.108923
265,1,202.776,0.108958
264.5,1,201.91,0.108994
264,1,201.044,0.109029
263.5,1,200.178,0.109063
263,1,199.312,0.109095
262.5,1,198.446,0.109123
262,1,197.58,0.10915
261.5,1,196.714,0.109176
261,1,195.847,0.109203
260.5,1,194.981,0.109229
260,1,194.115,0.109255
259.5,1,193.249,0.109276
259,1,192.383,0.109297
258.5,1,191.517,0.109318
258,1,190.651,0.109339
257.5,1,189.785,0.109359
257,1,188.919,0.109379
256.5,1,188.053,0.109396
256,1,187.187,0.109411
255.5,1,186.321,0.109426
255,1,185.455,0.109441
254.5,1,184.589,0.109456
254,1,183.723,0.10947
253.5,1,182.857,0.109484
253,1,181.991,0.109496
252.5,1,181.125,0.109507
252,1,180.259,0.109519
251.5,1,179.393,0.10953
251,1,178.527,0.109542
250.5,1,177.661,0.109553
250,1,176.795,0.109561
249.5,1,175.929,0.109568
249,1,175.063,0.109576
248.5,1,174.197,0.109584
248,1,173.331,0.109591
247.5,1,172.465,0.109599
247,1,171.599,0.109605
246.5,1,170.733,0.109611
246,1,169.867,0.109616
245.5,1,169.001,0.109622
245,1,168.135,0.109628
244.5,1,167.269,0.109633
244,1,166.403,0.109637
243.5,1,165.537,0.10964
243,1,164.671,0.109643
242.5,1,163.805,0.109646
242,1,162.939,0.109649
241.5,1,162.072,0.109652
241,1,161.206,0.109655
240.5,1,160.34,0.109657
240,1,159.474,0.109659
239.5,1,158.608,0.109661
239,1,157.742,0.109663
238.5,1,156.876,0.109665
238,1,156.01,0.109666
237.5,1,155.144,0.109667
237,1,154.278,0.109667
236.5,1,153.412,0.109668
236,1,152.546,0.109668
235.5,1,151.68,0.109668
235,1,150.814,0.109668
234.5,1,149.948,0.109668
234,1,149.082,0.109668
233.5,1,148.216,0.109667
233,1,147.35,0.109667
232.5,1,146.484,0.109667
232,1,145.618,0.109666
231.5,1,144.752,0.109665
231,1,143.886,0.109664
230.5,1,143.02,0.109662
230,1,142.154,0.109661
229.5,1,141.288,0.109659
229,1,140.422,0.109658
228.5,1,139.556,0.109656
228,1,138.69,0.109654
227.5,1,137.824,0.109653
227,1,136.958,0.109651
226.5,1,136.092,0.109649
226,1,135.226,0.109647
225.5,1,134.36,0.109645
225,1,133.494,0.109643
224.5,1,132.628,0.10964
224,1,131.762,0.109638
223.5,1,130.896,0.109635
223,1,130.03,0.109632
222.5,1,129.164,0.10963
222,1,128.297,0.109627
221.5,1,127.431,0.109624
221,1,126.565,0.109622
220.5,1,125.699,0.109619
220,1,124.833,0.109616
219.5,1,123.967,0.109613
219,1,123.101,0.109611
218.5,1,122.235,0.109608
218,1,121.369,0.109604
217.5,1,120.503,0.109601
217,1,119.637,0.109598
216.5,1,118.771,0.109595
216,1,117.905,0.109592
215.5,1,117.039,0.109588
215,1,116.173,0.109585
214.5,1,115.307,0.109582
214,1,114.441,0.109578
213.5,1,113.575,0.109575
213,1,112.709,0.109572
212.5,1,111.843,0.109568
212,1,110.977,0.109565
211.5,1,110.111,0.109561
211,1,109.245,0.109558
210.5,1,108.379,0.109554
210,1,107.513,0.109551
209.5,1,106.647,0.109547
209,1,105.781,0.109543
208.5,1,104.915,0.109539
208,1,104.049,0.109536
207.5,1,103.183,0.109532
207,1,102.317,0.109528
206.5,1,101.451,0.109524
206,1,100.585,0.109521
205.5,1,99.7187,0.109517
205,1,98.8526,0.109514
204.5,1,97.9866,0.109511
204,1,97.1206,0.109507
203.5,1,96.2546,0.109504
203,1,95.3885,0.1095
202.5,1,94.5225,0.109496
202,1,93.6565,0.109492
201.5,1,92.7905,0.109487
201,1,91.9244,0.109483
200.5,1,91.0584,0.109479
200,1,90.1924,0.109475
