x,y,z,b
500,1,609.808,0.108503
499.5,1,608.942,0.108488
499,1,608.076,0.108474
498.5,1,607.21,0.108459
498,1,606.344,0.108445
497.5,1,605.477,0.10843
497,1,604.611,0.108415
496.5,1,603.745,0.108399
496,1,602.879,0.108382
495.5,1,602.013,0.108365
495,1,601.147,0.108348
494.5,1,600.281,0.10833
494,1,599.415,0.108313
493.5,1,598.549,0.108295
493,1,597.683,0.108275
492.5,1,596.817,0.108255
492,1,595.951,0.108235
491.5,1,595.085,0.108215
491,1,594.219,0.108195
490.5,1,593.353,0.108174
490,1,592.487,0.108151
489.5,1,591.621,0.108128
489,1,590.755,0.108104
488.5,1,589.889,0.108081
488,1,589.023,0.108057
487.5,1,588.157,0.108033
487,1,587.291,0.108007
486.5,1,586.425,0.10798
486,1,585.559,0.107952
485.5,1,584.693,0.107924
485,1,583.827,0.107897
484.5,1,582.961,0.107868
484,1,582.095,0.107839
483.5,1,581.229,0.107807
483,1,580.363,0.107775
482.5,1,579.497,0.107743
482,1,578.631,0.107711
481.5,1,577.765,0.107678
481,1,576.899,0.107644
480.5,1,576.033,0.107607
480,1,575.167,0.107569
479.5,1,574.301,0.10753
479,1,573.435,0.107492
478.5,1,572.569,0.107453
478,1,571.703,0.107413
477.5,1,570.836,0.10737
477,1,569.97,0.107326
476.5,1,569.104,0.107281
476,1,568.238,0.107236
475.5,1,567.372,0.10719
475,1,566.506,0.107144
474.5,1,565.64,0.107095
474,1,564.774,0.107042
473.5,1,563.908,0.106989
473,1,563.042,0.106936
472.5,1,562.176,0.106882
472,1,561.31,0.106827
471.5,1,560.444,0.106772
471,1,559.578,0.10671
470.5,1,558.712,0.106648
470,1,557.846,0.106585
469.5,1,556.98,0.106521
469,1,556.114,0.106457
468.5,1,555.248,0.106392
468,1,554.382,0.106321
467.5,1,553.516,0.106247
467,1,552.65,0.106172
466.5,1,551.784,0.106097
466,1,550.918,0.106021
465.5,1,550.052,0.105943
465,1,549.186,0.105862
464.5,1,548.32,0.105775
464,1,547.454,0.105687
463.5,1,546.588,0.105599
463,1,545.722,0.105509
462.5,1,544.856,0.105419
462,1,543.99,0.105325
461.5,1,543.124,0.105223
461,1,542.258,0.105119
460.5,1,541.392,0.105015
460,1,540.526,0.104909
459.5,1,539.66,0.104802
459,1,538.794,0.104694
458.5,1,537.928,0.104576
458,1,537.061,0.104455
457.5,1,536.195,0.104332
457,1,535.329,0.104209
456.5,1,534.463,0.104084
456,1,533.597,0.103958
455.5,1,532.731,0.103824
455,1,531.865,0.103685
454.5,1,530.999,0.103544
454,1,530.133,0.103402
453.5,1,529.267,0.103259
453,1,528.401,0.103114
452.5,1,527.535,0.102965
452,1,526.669,0.102808
451.5,1,525.803,0.10265
451,1,524.937,0.102491
450.5,1,524.071,0.10233
450,1,523.205,0.102167
449.5,1,522.339,0.102004
449,1,521.473,0.10184
448.5,1,520.607,0.101675
448,1,519.741,0.10151
447.5,1,518.875,0.101344
447,1,518.009,0.101177
446.5,1,517.143,0.10101
446,1,516.277,0.100844
445.5,1,515.411,0.100679
445,1,514.545,0.100517
444.5,1,513.679,0.100356
444,1,512.813,0.100197
443.5,1,511.947,0.10004
443,1,511.081,0.0999097
442.5,1,510.215,0.0998565
442,1,509.349,0.0998257
441.5,1,508.483,0.0998173
441,1,507.617,0.0998313
440.5,1,506.751,0.0998678
440,1,505.885,0.099958
439.5,1,505.019,0.100198
439,1,504.153,0.100467
438.5,1,503.286,0.100763
438,1,502.42,0.101085
437.5,1,501.554,0.101434
437,1,500.688,0.10181
436.5,1,499.822,0.102323
436,1,498.956,0.102935
435.5,1,498.09,0.103592
435,1,497.224,0.104295
434.5,1,496.358,0.105164
434,1,495.492,0.106184
433.5,1,494.626,0.107281
433,1,493.76,0.108481
432.5,1,492.894,0.109717
432,1,492.028,0.110991
431.5,1,491.162,0.112302
431,1,490.296,0.113649
430.5,1,489.43,0.115036
430,1,488.564,0.116574
429.5,1,487.698,0.118145
429,1,486.832,0.11982
428.5,1,485.966,0.121537
428,1,485.1,0.123237
427.5,1,484.234,0.124921
427,1,483.368,0.126681
426.5,1,482.502,0.128478
426,1,481.636,0.130277
425.5,1,480.77,0.132079
425,1,479.904,0.133883
424.5,1,479.038,0.135691
424,1,478.172,0.137539
423.5,1,477.306,0.139382
423,1,476.44,0.141224
422.5,1,475.574,0.143108
422,1,474.708,0.145033
421.5,1,473.842,0.147001
421,1,472.976,0.149042
420.5,1,472.11,0.151498
420,1,471.244,0.154035
419.5,1,470.378,0.156651
419,1,469.512,0.159348
418.5,1,468.645,0.162124
418,1,467.779,0.165174
417.5,1,466.913,0.168348
417,1,466.047,0.171534
416.5,1,465.181,0.174728
416,1,464.315,0.17793
415.5,1,463.449,0.181142
415,1,462.583,0.184363
414.5,1,461.717,0.187625
414,1,460.851,0.190928
413.5,1,459.985,0.194228
413,1,459.119,0.197525
412.5,1,458.253,0.200379
412,1,457.387,0.203137
411.5,1,456.521,0.20591
411,1,455.655,0.208646
410.5,1,454.789,0.211464
410,1,453.923,0.214365
409.5,1,453.057,0.217349
409,1,452.191,0.220415
408.5,1,451.325,0.223564
408,1,450.459,0.226189
407.5,1,449.593,0.228622
407,1,448.727,0.230839
406.5,1,447.861,0.232828
406,1,446.995,0.234605
405.5,1,446.129,0.236168
405,1,445.263,0.237497
404.5,1,444.397,0.238751
404,1,443.531,0.24
403.5,1,442.665,0.241246
403,1,441.799,0.242489
402.5,1,440.933,0.243727
402,1,440.067,0.245121
401.5,1,439.201,0.245508
401,1,438.335,0.245876
400.5,1,437.469,0.246409
400,1,436.603,0.247106
399.5,1,435.737,0.247967
399,1,434.87,0.248992
398.5,1,434.004,0.251474
398,1,433.138,0.254469
397.5,1,432.272,0.25781
397,1,431.406,0.261496
396.5,1,430.54,0.265528
396,1,429.674,0.266342
395.5,1,428.808,0.267044
395,1,427.942,0.267963
394.5,1,427.076,0.269058
394,1,426.21,0.270328
393.5,1,425.344,0.271774
393,1,424.478,0.273396
392.5,1,423.612,0.274893
392,1,422.746,0.275843
391.5,1,421.88,0.277261
391,1,421.014,0.279137
390.5,1,420.148,0.281121
390,1,419.282,0.283474
389.5,1,418.416,0.286198
389,1,417.55,0.288035
388.5,1,416.684,0.290424
388,1,415.818,0.29346
387.5,1,414.952,0.297144
387,1,414.086,0.301476
386.5,1,413.22,0.306456
386,1,412.354,0.308043
385.5,1,411.488,0.306852
385,1,410.622,0.305096
384.5,1,409.756,0.303053
384,1,408.89,0.300721
383.5,1,408.024,0.298102
383,1,407.158,0.292009
382.5,1,406.292,0.278375
382,1,405.426,0.264465
381.5,1,404.56,0.250279
381,1,403.694,0.235816
380.5,1,402.828,0.221077
380,1,401.962,0.206169
379.5,1,401.095,0.201823
379,1,400.229,0.19753
378.5,1,399.363,0.193191
378,1,398.497,0.188805
377.5,1,397.631,0.184374
377,1,396.765,0.179897
376.5,1,395.899,0.177165
376,1,395.033,0.175346
375.5,1,394.167,0.173596
375,1,393.301,0.171916
374.5,1,392.435,0.17037
374,1,391.569,0.169127
373.5,1,390.703,0.167896
373,1,389.837,0.166691
372.5,1,388.971,0.165662
372,1,388.105,0.164808
371.5,1,387.239,0.16413
371,1,386.373,0.163627
370.5,1,385.507,0.163263
370,1,384.641,0.162233
369.5,1,383.775,0.161267
369,1,382.909,0.160528
368.5,1,382.043,0.160288
368,1,381.177,0.160143
367.5,1,380.311,0.160092
367,1,379.445,0.159971
366.5,1,378.579,0.159936
366,1,377.713,0.160056
365.5,1,376.847,0.160332
365,1,375.981,0.160764
364.5,1,375.115,0.161351
364,1,374.249,0.162372
363.5,1,373.383,0.164514
363,1,372.517,0.167519
362.5,1,371.651,0.170699
362,1,370.785,0.174054
361.5,1,369.919,0.177584
361,1,369.053,0.181349
360.5,1,368.187,0.185532
360,1,367.321,0.189395
359.5,1,366.454,0.192936
359,1,365.588,0.196156
358.5,1,364.722,0.199055
358,1,363.856,0.201775
357.5,1,362.99,0.203555
357,1,362.124,0.2056
356.5,1,361.258,0.208278
356,1,360.392,0.211588
355.5,1,359.526,0.215531
355,1,358.66,0.220106
354.5,1,357.794,0.23038
354,1,356.928,0.250939
353.5,1,356.062,0.277551
353,1,355.196,0.310217
352.5,1,354.33,0.337392
352,1,353.464,0.350999
351.5,1,352.598,0.351681
351,1,351.732,0.299945
350.5,1,350.866,0.252948
350,1,350,0.210691
349.5,1,349.134,0.173173
349,1,348.268,0.140394
348.5,1,347.402,0.112355
348,1,346.536,0.109646
347.5,1,345.67,0.109522
347,1,344.804,0.109574
346.5,1,343.938,0.111317
346,1,343.072,0.113562
345.5,1,342.206,0.116308
345,1,341.34,0.121602
344.5,1,340.474,0.127422
344,1,339.608,0.13138
343.5,1,338.742,0.133477
343,1,337.876,0.133713
342.5,1,337.01,0.132086
342,1,336.144,0.12905
341.5,1,335.278,0.127056
341,1,334.412,0.124654
340.5,1,333.546,0.121521
340,1,332.679,0.117657
339.5,1,331.813,0.11306
339,1,330.947,0.107731
338.5,1,330.081,0.106301
338,1,329.215,0.105331
337.5,1,328.349,0.104333
337,1,327.483,0.103307
336.5,1,326.617,0.102253
336,1,325.751,0.101286
335.5,1,324.885,0.100865
335,1,324.019,0.100812
334.5,1,323.153,0.100762
334,1,322.287,0.100712
333.5,1,321.421,0.100663
333,1,320.555,0.100616
332.5,1,319.689,0.100676
332,1,318.823,0.101038
331.5,1,317.957,0.101423
331,1,317.091,0.101831
330.5,1,316.225,0.102307
330,1,315.359,0.102809
329.5,1,314.493,0.103319
329,1,313.627,0.10348
328.5,1,312.761,0.103639
328,1,311.895,0.103815
327.5,1,311.029,0.104007
327,1,310.163,0.104214
326.5,1,309.297,0.104438
326,1,308.431,0.104669
325.5,1,307.565,0.104899
325,1,306.699,0.105146
324.5,1,305.833,0.105399
324,1,304.967,0.105651
323.5,1,304.101,0.105904
323,1,303.235,0.106117
322.5,1,302.369,0.106254
322,1,301.503,0.106396
321.5,1,300.637,0.106542
321,1,299.771,0.106694
320.5,1,298.905,0.106851
320,1,298.038,0.107013
319.5,1,297.172,0.107176
319,1,296.306,0.107341
318.5,1,295.44,0.107508
318,1,294.574,0.107675
317.5,1,293.708,0.107843
317,1,292.842,0.108012
316.5,1,291.976,0.108144
316,1,291.11,0.108259
315.5,1,290.244,0.108375
315,1,289.378,0.108492
314.5,1,288.512,0.10861
314,1,287.646,0.108735
313.5,1,286.78,0.108854
313,1,285.914,0.108963
312.5,1,285.048,0.10907
312,1,284.182,0.109178
311.5,1,283.316,0.109284
311,1,282.45,0.10939
310.5,1,281.584,0.109494
310,1,280.718,0.109573
309.5,1,279.852,0.109652
309,1,278.986,0.109731
308.5,1,278.12,0.109815
308,1,277.254,0.109899
307.5,1,276.388,0.109981
307,1,275.522,0.110048
306.5,1,274.656,0.11011
306,1,273.79,0.110172
305.5,1,272.924,0.110232
305,1,272.058,0.110292
304.5,1,271.192,0.110352
304,1,270.326,0.110404
303.5,1,269.46,0.110447
303,1,268.594,0.110491
302.5,1,267.728,0.110534
302,1,266.862,0.110576
301.5,1,265.996,0.110618
301,1,265.13,0.110658
300.5,1,264.263,0.110685
300,1,263.397,0.110711
299.5,1,262.531,0.110737
299,1,261.665,0.110762
298.5,1,260.799,0.110787
298,1,259.933,0.110811
297.5,1,259.067,0.110829
297,1,258.201,0.110844
296.5,1,257.335,0.110859
296,1,256.469,0.110874
295.5,1,255.603,0.110888
295,1,254.737,0.110902
294.5,1,253.871,0.110911
294,1,253.005,0.110915
293.5,1,252.139,0.110919
293,1,251.273,0.110923
292.5,1,250.407,0.110927
292,1,249.541,0.110931
291.5,1,248.675,0.110933
291,1,247.809,0.110931
290.5,1,246.943,0.110928
290,1,246.077,0.110926
289.5,1,245.211,0.110923
289,1,244.345,0.11092
288.5,1,243.479,0.110917
288,1,242.613,0.11091
287.5,1,241.747,0.110901
287,1,240.881,0.110893
286.5,1,240.015,0.110885
286,1,239.149,0.110876
285.5,1,238.283,0.110868
285,1,237.417,0.110858
284.5,1,236.551,0.110847
284,1,235.685,0.110836
283.5,1,234.819,0.110826
283,1,233.953,0.110815
282.5,1,233.087,0.110804
282,1,232.221,0.110793
281.5,1,231.355,0.110779
281,1,230.488,0.110766
280.5,1,229.622,0.110753
280,1,228.756,0.11074
279.5,1,227.89,0.110727
279,1,227.024,0.110714
278.5,1,226.158,0.1107
278,1,225.292,0.110686
277.5,1,224.426,0.110672
277,1,223.56,0.110658
276.5,1,222.694,0.110644
276,1,221.828,0.11063
275.5,1,220.962,0.110616
275,1,220.096,0.110601
274.5,1,219.23,0.110586
274,1,218.364,0.110571
273.5,1,217.498,0.110557
273,1,216.632,0.110542
272.5,1,215.766,0.110528
272,1,214.9,0.110513
271.5,1,214.034,0.110499
271,1,213.168,0.110484
270.5,1,212.302,0.11047
270,1,211.436,0.110456
269.5,1,210.57,0.110442
269,1,209.704,0.110428
268.5,1,208.838,0.110413
268,1,207.972,0.110398
267.5,1,207.106,0.110384
267,1,206.24,0.11037
266.5,1,205.374,0.110356
266,1,204.508,0.110342
265.5,1,203.642,0.110327
265,1,202.776,0.110313
264.5,1,201.91,0.1103
264,1,201.044,0.110286
263.5,1,200.178,0.110272
263,1,199.312,0.110259
262.5,1,198.446,0.110245
262,1,197.58,0.110231
261.5,1,196.714,0.110218
261,1,195.847,0.110204
260.5,1,194.981,0.110191
260,1,194.115,0.110178
259.5,1,193.249,0.110165
259,1,192.383,0.110152
258.5,1,191.517,0.11014
258,1,190.651,0.110127
257.5,1,189.785,0.110115
257,1,188.919,0.110102
256.5,1,188.053,0.11009
256,1,187.187,0.110078
255.5,1,186.321,0.110067
255,1,185.455,0.110055
254.5,1,184.589,0.110043
254,1,183.723,0.110032
253.5,1,182.857,0.11002
253,1,181.991,0.110009
252.5,1,181.125,0.109998
252,1,180.259,0.109987
251.5,1,179.393,0.109976
251,1,178.527,0.109965
250.5,1,177.661,0.109954
250,1,176.795,0.109943
249.5,1,175.929,0.109933
249,1,175.063,0.109922
248.5,1,174.197,0.109912
248,1,173.331,0.109901
247.5,1,172.465,0.109891
247,1,171.599,0.109881
246.5,1,170.733,0.109872
246,1,169.867,0.109862
245.5,1,169.001,0.109853
245,1,168.135,0.109843
244.5,1,167.269,0.109834
244,1,166.403,0.109825
243.5,1,165.537,0.109816
243,1,164.671,0.109807
242.5,1,163.805,0.109799
242,1,162.939,0.10979
241.5,1,162.072,0.109782
241,1,161.206,0.109774
240.5,1,160.34,0.109765
240,1,159.474,0.109757
239.5,1,158.608,0.109749
239,1,157.742,0.109741
238.5,1,156.876,0.109733
238,1,156.01,0.109725
237.5,1,155.144,0.109717
237,1,154.278,0.10971
236.5,1,153.412,0.109702
236,1,152.546,0.109695
235.5,1,151.68,0.109688
235,1,150.814,0.109681
234.5,1,149.948,0.109674
234,1,149.082,0.109667
233.5,1,148.216,0.10966
233,1,147.35,0.109653
232.5,1,146.484,0.109646
232,1,145.618,0.109639
231.5,1,144.752,0.109633
231,1,143.886,0.109627
230.5,1,143.02,0.109621
230,1,142.154,0.109614
229.5,1,141.288,0.109608
229,1,140.422,0.109602
228.5,1,139.556,0.109596
228,1,138.69,0.10959
227.5,1,137.824,0.109585
227,1,136.958,0.109579
226.5,1,136.092,0.109573
226,1,135.226,0.109568
225.5,1,134.36,0.109562
225,1,133.494,0.109557
224.5,1,132.628,0.109552
224,1,131.762,0.109546
223.5,1,130.896,0.109541
223,1,130.03,0.109536
222.5,1,129.164,0.109531
222,1,128.297,0.109526
221.5,1,127.431,0.109521
221,1,126.565,0.109516
220.5,1,125.699,0.109512
220,1,124.833,0.109507
219.5,1,123.967,0.109502
219,1,123.101,0.109498
218.5,1,122.235,0.109494
218,1,121.369,0.109489
217.5,1,120.503,0.109485
217,1,119.637,0.109481
216.5,1,118.771,0.109477
216,1,117.905,0.109473
215.5,1,117.039,0.109469
215,1,116.173,0.109465
214.5,1,115.307,0.109461
214,1,114.441,0.109457
213.5,1,113.575,0.109453
213,1,112.709,0.109449
212.5,1,111.843,0.109445
212,1,110.977,0.109442
211.5,1,110.111,0.109438
211,1,109.245,0.109435
210.5,1,108.379,0.109431
210,1,107.513,0.109428
209.5,1,106.647,0.109425
209,1,105.781,0.109421
208.5,1,104.915,0.109418
208,1,104.049,0.109414
207.5,1,103.183,0.109411
207,1,102.317,0.109408
206.5,1,101.451,0.109404
206,1,100.585,0.109401
205.5,1,99.7187,0.109399
205,1,98.8526,0.109396
204.5,1,97.9866,0.109393
204,1,97.1206,0.109391
203.5,1,96.2546,0.109388
203,1,95.3885,0.109385
202.5,1,94.5225,0.109382
202,1,93.6565,0.109379
201.5,1,92.7905,0.109376
201,1,91.9244,0.109373
200.5,1,91.0584,0.10937
200,1,90.1924,0.109366
