x,y,z,b
500,1,609.808,0.108281
499.5,1,608.942,0.108262
499,1,608.076,0.108243
498.5,1,607.21,0.108224
498,1,606.344,0.108204
497.5,1,605.477,0.108185
497,1,604.611,0.108165
496.5,1,603.745,0.108143
496,1,602.879,0.108121
495.5,1,602.013,0.108098
495,1,601.147,0.108075
494.5,1,600.281,0.108052
494,1,599.415,0.108029
493.5,1,598.549,0.108005
493,1,597.683,0.107979
492.5,1,596.817,0.107953
492,1,595.951,0.107926
491.5,1,595.085,0.107899
491,1,594.219,0.107872
490.5,1,593.353,0.107845
490,1,592.487,0.107815
489.5,1,591.621,0.107784
489,1,590.755,0.107753
488.5,1,589.889,0.107722
488,1,589.023,0.10769
487.5,1,588.157,0.107659
487,1,587.291,0.107624
486.5,1,586.425,0.107588
486,1,585.559,0.107552
485.5,1,584.693,0.107516
485,1,583.827,0.107479
484.5,1,582.961,0.107442
484,1,582.095,0.107404
483.5,1,581.229,0.107362
483,1,580.363,0.10732
482.5,1,579.497,0.107278
482,1,578.631,0.107235
481.5,1,577.765,0.107192
481,1,576.899,0.107148
480.5,1,576.033,0.107099
480,1,575.167,0.107049
479.5,1,574.301,0.106999
479,1,573.435,0.106949
478.5,1,572.569,0.106898
478,1,571.703,0.106846
477.5,1,570.836,0.106791
477,1,569.97,0.106733
476.5,1,569.104,0.106675
476,1,568.238,0.106616
475.5,1,567.372,0.106556
475,1,566.506,0.106496
474.5,1,565.64,0.106433
474,1,564.774,0.106366
473.5,1,563.908,0.106298
473,1,563.042,0.10623
472.5,1,562.176,0.10616
472,1,561.31,0.10609
471.5,1,560.444,0.106019
471,1,559.578,0.105941
470.5,1,558.712,0.105861
470,1,557.846,0.105781
469.5,1,556.98,0.1057
469,1,556.114,0.105619
468.5,1,555.248,0.105536
468,1,554.382,0.105446
467.5,1,553.516,0.105354
467,1,552.65,0.10526
466.5,1,551.784,0.105165
466,1,550.918,0.105069
465.5,1,550.052,0.104972
465,1,549.186,0.10487
464.5,1,548.32,0.104763
464,1,547.454,0.104654
463.5,1,546.588,0.104545
463,1,545.722,0.104434
462.5,1,544.856,0.104322
462,1,543.99,0.104208
461.5,1,543.124,0.104086
461,1,542.258,0.103962
460.5,1,541.392,0.103837
460,1,540.526,0.103711
459.5,1,539.66,0.103583
459,1,538.794,0.103455
458.5,1,537.928,0.103318
458,1,537.061,0.103179
457.5,1,536.195,0.103039
457,1,535.329,0.102897
456.5,1,534.463,0.102754
456,1,533.597,0.102609
455.5,1,532.731,0.102461
455,1,531.865,0.102312
454.5,1,530.999,0.102161
454,1,530.133,0.10201
453.5,1,529.267,0.101858
453,1,528.401,0.101704
452.5,1,527.535,0.101551
452,1,526.669,0.101401
451.5,1,525.803,0.10125
451,1,524.937,0.101098
450.5,1,524.071,0.100945
450,1,523.205,0.100791
449.5,1,522.339,0.100636
449,1,521.473,0.100516
448.5,1,520.607,0.100409
448,1,519.741,0.100312
447.5,1,518.875,0.100225
447,1,518.009,0.100149
446.5,1,517.143,0.100083
446,1,516.277,0.100105
445.5,1,515.411,0.100225
445,1,514.545,0.100406
444.5,1,513.679,0.100605
444,1,512.813,0.100821
443.5,1,511.947,0.101056
443,1,511.081,0.101348
442.5,1,510.215,0.101769
442,1,509.349,0.102229
441.5,1,508.483,0.102728
441,1,507.617,0.103265
440.5,1,506.751,0.103841
440,1,505.885,0.104565
439.5,1,505.019,0.105612
439,1,504.153,0.106705
438.5,1,503.286,0.10784
438,1,502.42,0.109018
437.5,1,501.554,0.110237
437,1,500.688,0.111499
436.5,1,499.822,0.112834
436,1,498.956,0.114218
435.5,1,498.09,0.115631
435,1,497.224,0.117073
434.5,1,496.358,0.118584
434,1,495.492,0.120146
433.5,1,494.626,0.121724
433,1,493.76,0.123322
432.5,1,492.894,0.124934
432,1,492.028,0.12656
431.5,1,491.162,0.1282
431,1,490.296,0.129854
430.5,1,489.43,0.131525
430,1,488.564,0.133346
429.5,1,487.698,0.135183
429,1,486.832,0.137038
428.5,1,485.966,0.138919
428,1,485.1,0.140828
427.5,1,484.234,0.142765
427,1,483.368,0.144798
426.5,1,482.502,0.146868
426,1,481.636,0.148944
425.5,1,480.77,0.151027
425,1,479.904,0.153115
424.5,1,479.038,0.155209
424,1,478.172,0.157308
423.5,1,477.306,0.159592
423,1,476.44,0.162003
422.5,1,475.574,0.164456
422,1,474.708,0.166951
421.5,1,473.842,0.169488
421,1,472.976,0.172076
420.5,1,472.11,0.174813
420,1,471.244,0.177568
419.5,1,470.378,0.180342
419,1,469.512,0.183134
418.5,1,468.645,0.185944
418,1,467.779,0.188521
417.5,1,466.913,0.190846
417,1,466.047,0.193078
416.5,1,465.181,0.195254
416,1,464.315,0.197374
415.5,1,463.449,0.199439
415,1,462.583,0.201449
414.5,1,461.717,0.203593
414,1,460.851,0.205979
413.5,1,459.985,0.208406
413,1,459.119,0.210873
412.5,1,458.253,0.212911
412,1,457.387,0.214908
411.5,1,456.521,0.217006
411,1,455.655,0.219146
410.5,1,454.789,0.221259
410,1,453.923,0.223345
409.5,1,453.057,0.225404
409,1,452.191,0.227436
408.5,1,451.325,0.229442
408,1,450.459,0.230244
407.5,1,449.593,0.230632
407,1,448.727,0.230491
406.5,1,447.861,0.230009
406,1,446.995,0.229243
405.5,1,446.129,0.228193
405,1,445.263,0.226889
404.5,1,444.397,0.225384
404,1,443.531,0.223664
403.5,1,442.665,0.221731
403,1,441.799,0.219584
402.5,1,440.933,0.217224
402,1,440.067,0.215271
401.5,1,439.201,0.215779
401,1,438.335,0.216016
400.5,1,437.469,0.215975
400,1,436.603,0.215656
399.5,1,435.737,0.215058
399,1,434.87,0.214182
398.5,1,434.004,0.215135
398,1,433.138,0.216145
397.5,1,432.272,0.216923
397,1,431.406,0.21747
396.5,1,430.54,0.217786
396,1,429.674,0.219029
395.5,1,428.808,0.220867
395,1,427.942,0.222975
394.5,1,427.076,0.224713
394,1,426.21,0.22608
393.5,1,425.344,0.227078
393,1,424.478,0.227705
392.5,1,423.612,0.228454
392,1,422.746,0.230435
391.5,1,421.88,0.232234
391,1,421.014,0.23389
390.5,1,420.148,0.236399
390,1,419.282,0.238483
389.5,1,418.416,0.24014
389,1,417.55,0.246566
388.5,1,416.684,0.253921
388,1,415.818,0.261874
387.5,1,414.952,0.270425
387,1,414.086,0.279573
386.5,1,413.22,0.28932
386,1,412.354,0.28896
385.5,1,411.488,0.281363
385,1,410.622,0.272342
384.5,1,409.756,0.263856
384,1,408.89,0.255905
383.5,1,408.024,0.248489
383,1,407.158,0.24138
382.5,1,406.292,0.233993
382,1,405.426,0.226689
381.5,1,404.56,0.219469
381,1,403.694,0.212331
380.5,1,402.828,0.205277
380,1,401.962,0.198282
379.5,1,401.095,0.195839
379,1,400.229,0.193506
378.5,1,399.363,0.19124
378,1,398.497,0.189039
377.5,1,397.631,0.186903
377,1,396.765,0.184834
376.5,1,395.899,0.182834
376,1,395.033,0.180897
375.5,1,394.167,0.179019
375,1,393.301,0.177201
374.5,1,392.435,0.175491
374,1,391.569,0.174125
373.5,1,390.703,0.172826
373,1,389.837,0.171335
372.5,1,388.971,0.169901
372,1,388.105,0.168526
371.5,1,387.239,0.167208
371,1,386.373,0.165949
370.5,1,385.507,0.164729
370,1,384.641,0.16321
369.5,1,383.775,0.161804
369,1,382.909,0.160594
368.5,1,382.043,0.159676
368,1,381.177,0.15882
367.5,1,380.311,0.158025
367,1,379.445,0.157096
366.5,1,378.579,0.156307
366,1,377.713,0.155751
365.5,1,376.847,0.15543
365,1,375.981,0.155344
364.5,1,375.115,0.155491
364,1,374.249,0.156689
363.5,1,373.383,0.159836
363,1,372.517,0.164007
362.5,1,371.651,0.1685
362,1,370.785,0.173316
361.5,1,369.919,0.178454
361,1,369.053,0.183941
360.5,1,368.187,0.189723
360,1,367.321,0.195366
359.5,1,366.454,0.200871
359,1,365.588,0.206236
358.5,1,364.722,0.211463
358,1,363.856,0.216037
357.5,1,362.99,0.218582
357,1,362.124,0.221568
356.5,1,361.258,0.225427
356,1,360.392,0.230157
355.5,1,359.526,0.235758
355,1,358.66,0.242232
354.5,1,357.794,0.255365
354,1,356.928,0.280232
353.5,1,356.062,0.311934
353,1,355.196,0.350471
352.5,1,354.33,0.380671
352,1,353.464,0.392001
351.5,1,352.598,0.387933
351,1,351.732,0.329245
350.5,1,350.866,0.278155
350,1,350,0.234665
349.5,1,349.134,0.198773
349,1,348.268,0.17048
348.5,1,347.402,0.149786
348,1,346.536,0.151591
347.5,1,345.67,0.155955
347,1,344.804,0.16001
346.5,1,343.938,0.164617
346,1,343.072,0.169546
345.5,1,342.206,0.174795
345,1,341.34,0.179209
344.5,1,340.474,0.181724
344,1,339.608,0.183006
343.5,1,338.742,0.183058
343,1,337.876,0.181878
342.5,1,337.01,0.179466
342,1,336.144,0.175462
341.5,1,335.278,0.169097
341,1,334.412,0.162015
340.5,1,333.546,0.15427
340,1,332.679,0.145862
339.5,1,331.813,0.136791
339,1,330.947,0.127057
338.5,1,330.081,0.123798
338,1,329.215,0.121069
337.5,1,328.349,0.118084
337,1,327.483,0.114843
336.5,1,326.617,0.111345
336,1,325.751,0.107618
335.5,1,324.885,0.105565
335,1,324.019,0.104801
334.5,1,323.153,0.104014
334,1,322.287,0.103203
333.5,1,321.421,0.102367
333,1,320.555,0.101508
332.5,1,319.689,0.100848
332,1,318.823,0.10079
331.5,1,317.957,0.100736
331,1,317.091,0.100687
330.5,1,316.225,0.100676
330,1,315.359,0.100687
329.5,1,314.493,0.100709
329,1,313.627,0.100939
328.5,1,312.761,0.101196
328,1,311.895,0.101471
327.5,1,311.029,0.101765
327,1,310.163,0.102077
326.5,1,309.297,0.102408
326,1,308.431,0.102687
325.5,1,307.565,0.102932
325,1,306.699,0.103211
324.5,1,305.833,0.103499
324,1,304.967,0.103791
323.5,1,304.101,0.104085
323,1,303.235,0.10434
322.5,1,302.369,0.104512
322,1,301.503,0.104689
321.5,1,300.637,0.10487
321,1,299.771,0.105056
320.5,1,298.905,0.105246
320,1,298.038,0.10544
319.5,1,297.172,0.105633
319,1,296.306,0.105829
318.5,1,295.44,0.106027
318,1,294.574,0.106225
317.5,1,293.708,0.106425
317,1,292.842,0.106625
316.5,1,291.976,0.106784
316,1,291.11,0.106925
315.5,1,290.244,0.107067
315,1,289.378,0.107211
314.5,1,288.512,0.107356
314,1,287.646,0.107504
313.5,1,286.78,0.107646
313,1,285.914,0.107776
312.5,1,285.048,0.107906
312,1,284.182,0.108036
311.5,1,283.316,0.108167
311,1,282.45,0.108297
310.5,1,281.584,0.108426
310,1,280.718,0.108526
309.5,1,279.852,0.108626
309,1,278.986,0.108727
308.5,1,278.12,0.108837
308,1,277.254,0.108946
307.5,1,276.388,0.109054
307,1,275.522,0.109147
306.5,1,274.656,0.109234
306,1,273.79,0.10932
305.5,1,272.924,0.109405
305,1,272.058,0.10949
304.5,1,271.192,0.109574
304,1,270.326,0.109648
303.5,1,269.46,0.109713
303,1,268.594,0.109779
302.5,1,267.728,0.109845
302,1,266.862,0.10991
301.5,1,265.996,0.109974
301,1,265.13,0.110036
300.5,1,264.263,0.110083
300,1,263.397,0.110129
299.5,1,262.531,0.110175
299,1,261.665,0.11022
298.5,1,260.799,0.110265
298,1,259.933,0.110309
297.5,1,259.067,0.110345
297,1,258.201,0.110378
296.5,1,257.335,0.11041
296,1,256.469,0.110442
295.5,1,255.603,0.110474
295,1,254.737,0.110505
294.5,1,253.871,0.11053
294,1,253.005,0.110549
293.5,1,252.139,0.110568
293,1,251.273,0.110587
292.5,1,250.407,0.110605
292,1,249.541,0.110623
291.5,1,248.675,0.11064
291,1,247.809,0.11065
290.5,1,246.943,0.11066
290,1,246.077,0.11067
289.5,1,245.211,0.11068
289,1,244.345,0.110689
288.5,1,243.479,0.110698
288,1,242.613,0.110701
287.5,1,241.747,0.110702
287,1,240.881,0.110704
286.5,1,240.015,0.110705
286,1,239.149,0.110707
285.5,1,238.283,0.110708
285,1,237.417,0.110707
284.5,1,236.551,0.110704
284,1,235.685,0.110701
283.5,1,234.819,0.110698
283,1,233.953,0.110695
282.5,1,233.087,0.110692
282,1,232.221,0.110688
281.5,1,231.355,0.110681
281,1,230.488,0.110674
280.5,1,229.622,0.110667
280,1,228.756,0.11066
279.5,1,227.89,0.110653
279,1,227.024,0.110646
278.5,1,226.158,0.110637
278,1,225.292,0.110627
277.5,1,224.426,0.110618
277,1,223.56,0.110609
276.5,1,222.694,0.1106
276,1,221.828,0.11059
275.5,1,220.962,0.11058
275,1,220.096,0.110569
274.5,1,219.23,0.110557
274,1,218.364,0.110546
273.5,1,217.498,0.110535
273,1,216.632,0.110524
272.5,1,215.766,0.110512
272,1,214.9,0.110501
271.5,1,214.034,0.110489
271,1,213.168,0.110478
270.5,1,212.302,0.110466
270,1,211.436,0.110455
269.5,1,210.57,0.110444
269,1,209.704,0.110432
268.5,1,208.838,0.11042
268,1,207.972,0.110408
267.5,1,207.106,0.110396
267,1,206.24,0.110384
266.5,1,205.374,0.110372
266,1,204.508,0.11036
265.5,1,203.642,0.110348
265,1,202.776,0.110336
264.5,1,201.91,0.110325
264,1,201.044,0.110313
263.5,1,200.178,0.110302
263,1,199.312,0.11029
262.5,1,198.446,0.110278
262,1,197.58,0.110266
261.5,1,196.714,0.110254
261,1,195.847,0.110242
260.5,1,194.981,0.110231
260,1,194.115,0.110219
259.5,1,193.249,0.110208
259,1,192.383,0.110196
258.5,1,191.517,0.110185
258,1,190.651,0.110173
257.5,1,189.785,0.110162
257,1,188.919,0.110151
256.5,1,188.053,0.11014
256,1,187.187,0.110129
255.5,1,186.321,0.110118
255,1,185.455,0.110107
254.5,1,184.589,0.110096
254,1,183.723,0.110085
253.5,1,182.857,0.110075
253,1,181.991,0.110064
252.5,1,181.125,0.110053
252,1,180.259,0.110043
251.5,1,179.393,0.110032
251,1,178.527,0.110022
250.5,1,177.661,0.110011
250,1,176.795,0.110001
249.5,1,175.929,0.10999
249,1,175.063,0.10998
248.5,1,174.197,0.10997
248,1,173.331,0.10996
247.5,1,172.465,0.10995
247,1,171.599,0.10994
246.5,1,170.733,0.10993
246,1,169.867,0.109921
245.5,1,169.001,0.109912
245,1,168.135,0.109902
244.5,1,167.269,0.109893
244,1,166.403,0.109884
243.5,1,165.537,0.109875
243,1,164.671,0.109866
242.5,1,163.805,0.109858
242,1,162.939,0.109849
241.5,1,162.072,0.109841
241,1,161.206,0.109832
240.5,1,160.34,0.109824
240,1,159.474,0.109815
239.5,1,158.608,0.109807
239,1,157.742,0.109799
238.5,1,156.876,0.109791
238,1,156.01,0.109783
237.5,1,155.144,0.109775
237,1,154.278,0.109767
236.5,1,153.412,0.10976
236,1,152.546,0.109752
235.5,1,151.68,0.109745
235,1,150.814,0.109737
234.5,1,149.948,0.10973
234,1,149.082,0.109723
233.5,1,148.216,0.109715
233,1,147.35,0.109708
232.5,1,146.484,0.109701
232,1,145.618,0.109694
231.5,1,144.752,0.109688
231,1,143.886,0.109681
230.5,1,143.02,0.109675
230,1,142.154,0.109668
229.5,1,141.288,0.109662
229,1,140.422,0.109655
228.5,1,139.556,0.109649
228,1,138.69,0.109643
227.5,1,137.824,0.109637
227,1,136.958,0.109631
226.5,1,136.092,0.109625
226,1,135.226,0.109619
225.5,1,134.36,0.109613
225,1,133.494,0.109607
224.5,1,132.628,0.109602
224,1,131.762,0.109596
223.5,1,130.896,0.109591
223,1,130.03,0.109585
222.5,1,129.164,0.10958
222,1,128.297,0.109574
221.5,1,127.431,0.109569
221,1,126.565,0.109564
220.5,1,125.699,0.109559
220,1,124.833,0.109554
219.5,1,123.967,0.109549
219,1,123.101,0.109544
218.5,1,122.235,0.109539
218,1,121.369,0.109535
217.5,1,120.503,0.10953
217,1,119.637,0.109526
216.5,1,118.771,0.109522
216,1,117.905,0.109517
215.5,1,117.039,0.109513
215,1,116.173,0.109508
214.5,1,115.307,0.109504
214,1,114.441,0.109499
213.5,1,113.575,0.109495
213,1,112.709,0.109491
212.5,1,111.843,0.109487
212,1,110.977,0.109483
211.5,1,110.111,0.109479
211,1,109.245,0.109475
210.5,1,108.379,0.109471
210,1,107.513,0.109468
209.5,1,106.647,0.109464
209,1,105.781,0.10946
208.5,1,104.915,0.109456
208,1,104.049,0.109452
207.5,1,103.183,0.109448
207,1,102.317,0.109445
206.5,1,101.451,0.109441
206,1,100.585,0.109438
205.5,1,99.7187,0.109435
205,1,98.8526,0.109431
204.5,1,97.9866,0.109428
204,1,97.1206,0.109426
203.5,1,96.2546,0.109423
203,1,95.3885,0.109419
202.5,1,94.5225,0.109416
202,1,93.6565,0.109412
201.5,1,92.7905,0.109409
201,1,91.9244,0.109405
200.5,1,91.0584,0.109401
200,1,90.1924,0.109398
