x,y,z,b
500,1,609.808,0.109061
499.5,1,608.942,0.109059
499,1,608.076,0.109057
498.5,1,607.21,0.109055
498,1,606.344,0.109053
497.5,1,605.477,0.109051
497,1,604.611,0.109049
496.5,1,603.745,0.109047
496,1,602.879,0.109045
495.5,1,602.013,0.109042
495,1,601.147,0.10904
494.5,1,600.281,0.109038
494,1,599.415,0.109035
493.5,1,598.549,0.109033
493,1,597.683,0.10903
492.5,1,596.817,0.109027
492,1,595.951,0.109025
491.5,1,595.085,0.109022
491,1,594.219,0.109019
490.5,1,593.353,0.109016
490,1,592.487,0.109013
489.5,1,591.621,0.10901
489,1,590.755,0.109007
488.5,1,589.889,0.109004
488,1,589.023,0.109
487.5,1,588.157,0.108997
487,1,587.291,0.108994
486.5,1,586.425,0.10899
486,1,585.559,0.108986
485.5,1,584.693,0.108982
485,1,583.827,0.108979
484.5,1,582.961,0.108975
484,1,582.095,0.108971
483.5,1,581.229,0.108967
483,1,580.363,0.108962
482.5,1,579.497,0.108958
482,1,578.631,0.108954
481.5,1,577.765,0.10895
481,1,576.899,0.108945
480.5,1,576.033,0.10894
480,1,575.167,0.108935
479.5,1,574.301,0.10893
479,1,573.435,0.108925
478.5,1,572.569,0.10892
478,1,571.703,0.108914
477.5,1,570.836,0.108909
477,1,569.97,0.108903
476.5,1,569.104,0.108897
476,1,568.238,0.108891
475.5,1,567.372,0.108885
475,1,566.506,0.10888
474.5,1,565.64,0.108873
474,1,564.774,0.108866
473.5,1,563.908,0.108859
473,1,563.042,0.108852
472.5,1,562.176,0.108844
472,1,561.31,0.108837
471.5,1,560.444,0.10883
471,1,559.578,0.108821
470.5,1,558.712,0.108813
470,1,557.846,0.108805
469.5,1,556.98,0.108797
469,1,556.114,0.108788
468.5,1,555.248,0.10878
468,1,554.382,0.10877
467.5,1,553.516,0.10876
467,1,552.65,0.10875
466.5,1,551.784,0.108739
466,1,550.918,0.108729
465.5,1,550.052,0.108719
465,1,549.186,0.108708
464.5,1,548.32,0.108696
464,1,547.454,0.108684
463.5,1,546.588,0.108672
463,1,545.722,0.10866
462.5,1,544.856,0.108648
462,1,543.99,0.108635
461.5,1,543.124,0.108621
461,1,542.258,0.108606
460.5,1,541.392,0.108591
460,1,540.526,0.108576
459.5,1,539.66,0.108561
459,1,538.794,0.108546
458.5,1,537.928,0.108529
458,1,537.061,0.108511
457.5,1,536.195,0.108494
457,1,535.329,0.108476
456.5,1,534.463,0.108458
456,1,533.597,0.108441
455.5,1,532.731,0.108421
455,1,531.865,0.108399
454.5,1,530.999,0.108377
454,1,530.133,0.108355
453.5,1,529.267,0.108333
453,1,528.401,0.108311
452.5,1,527.535,0.108287
452,1,526.669,0.108261
451.5,1,525.803,0.108234
451,1,524.937,0.108207
450.5,1,524.071,0.10818
450,1,523.205,0.108153
449.5,1,522.339,0.108126
449,1,521.473,0.108093
448.5,1,520.607,0.10806
448,1,519.741,0.108027
447.5,1,518.875,0.107994
447,1,518.009,0.10796
446.5,1,517.143,0.107926
446,1,516.277,0.107888
445.5,1,515.411,0.107847
445,1,514.545,0.107807
444.5,1,513.679,0.107766
444,1,512.813,0.107725
443.5,1,511.947,0.107683
443,1,511.081,0.107638
442.5,1,510.215,0.107587
442,1,509.349,0.107536
441.5,1,508.483,0.107484
441,1,507.617,0.107432
440.5,1,506.751,0.107379
440,1,505.885,0.107325
439.5,1,505.019,0.107263
439,1,504.153,0.1072
438.5,1,503.286,0.107136
438,1,502.42,0.107072
437.5,1,501.554,0.107006
437,1,500.688,0.106941
436.5,1,499.822,0.106866
436,1,498.956,0.106785
435.5,1,498.09,0.106704
435,1,497.224,0.106621
434.5,1,496.358,0.106539
434,1,495.492,0.106455
433.5,1,494.626,0.106366
433,1,493.76,0.106265
432.5,1,492.894,0.106163
432,1,492.028,0.10606
431.5,1,491.162,0.105955
431,1,490.296,0.10585
430.5,1,489.43,0.105742
430,1,488.564,0.105613
429.5,1,487.698,0.105482
429,1,486.832,0.10535
428.5,1,485.966,0.105217
428,1,485.1,0.105083
427.5,1,484.234,0.104947
427,1,483.368,0.104793
426.5,1,482.502,0.10463
426,1,481.636,0.104465
425.5,1,480.77,0.104298
425,1,479.904,0.104129
424.5,1,479.038,0.103959
424,1,478.172,0.103776
423.5,1,477.306,0.103576
423,1,476.44,0.103373
422.5,1,475.574,0.103169
422,1,474.708,0.102962
421.5,1,473.842,0.102752
421,1,472.976,0.102536
420.5,1,472.11,0.102272
420,1,471.244,0.102004
419.5,1,470.378,0.101731
419,1,469.512,0.101454
418.5,1,468.645,0.101173
418,1,467.779,0.100891
417.5,1,466.913,0.100563
417,1,466.047,0.100213
416.5,1,465.181,0.099856
416,1,464.315,0.0994911
415.5,1,463.449,0.0991183
415,1,462.583,0.0987378
414.5,1,461.717,0.0984973
414,1,460.851,0.0984266
413.5,1,459.985,0.0983468
413,1,459.119,0.0982579
412.5,1,458.253,0.0981737
412,1,457.387,0.0980855
411.5,1,456.521,0.0980615
411,1,455.655,0.0984848
410.5,1,454.789,0.0989094
410,1,453.923,0.0993353
409.5,1,453.057,0.0997626
409,1,452.191,0.100191
408.5,1,451.325,0.100621
408,1,450.459,0.102023
407.5,1,449.593,0.103624
407,1,448.727,0.105357
406.5,1,447.861,0.107105
406,1,446.995,0.108843
405.5,1,446.129,0.110569
405,1,445.263,0.112368
404.5,1,444.397,0.114206
404,1,443.531,0.115995
403.5,1,442.665,0.117734
403,1,441.799,0.119423
402.5,1,440.933,0.121062
402,1,440.067,0.122557
401.5,1,439.201,0.12392
401,1,438.335,0.126136
400.5,1,437.469,0.129216
400,1,436.603,0.13316
399.5,1,435.737,0.137967
399,1,434.87,0.143639
398.5,1,434.004,0.160817
398,1,433.138,0.179609
397.5,1,432.272,0.198501
397,1,431.406,0.217493
396.5,1,430.54,0.236586
396,1,429.674,0.256772
395.5,1,428.808,0.272819
395,1,427.942,0.285589
394.5,1,427.076,0.297318
394,1,426.21,0.308005
393.5,1,425.344,0.317651
393,1,424.478,0.326256
392.5,1,423.612,0.332289
392,1,422.746,0.333286
391.5,1,421.88,0.334217
391,1,421.014,0.335081
390.5,1,420.148,0.335883
390,1,419.282,0.336656
389.5,1,418.416,0.337399
389,1,417.55,0.337324
388.5,1,416.684,0.337251
388,1,415.818,0.337241
387.5,1,414.952,0.337292
387,1,414.086,0.337404
386.5,1,413.22,0.337578
386,1,412.354,0.338246
385.5,1,411.488,0.339164
385,1,410.622,0.33993
384.5,1,409.756,0.340767
384,1,408.89,0.341676
383.5,1,408.024,0.342656
383,1,407.158,0.343717
382.5,1,406.292,0.344866
382,1,405.426,0.346076
381.5,1,404.56,0.347345
381,1,403.694,0.348674
380.5,1,402.828,0.350064
380,1,401.962,0.351177
379.5,1,401.095,0.349841
379,1,400.229,0.348734
378.5,1,399.363,0.347864
378,1,398.497,0.347231
377.5,1,397.631,0.346836
377,1,396.765,0.346677
376.5,1,395.899,0.345575
376,1,395.033,0.343925
375.5,1,394.167,0.342253
375,1,393.301,0.34056
374.5,1,392.435,0.338084
374,1,391.569,0.33321
373.5,1,390.703,0.326318
373,1,389.837,0.315082
372.5,1,388.971,0.303857
372,1,388.105,0.292643
371.5,1,387.239,0.281439
371,1,386.373,0.270245
370.5,1,385.507,0.258973
370,1,384.641,0.246406
369.5,1,383.775,0.234921
369,1,382.909,0.224837
368.5,1,382.043,0.216827
368,1,381.177,0.210176
367.5,1,380.311,0.204886
367,1,379.445,0.203164
366.5,1,378.579,0.202925
366,1,377.713,0.20325
365.5,1,376.847,0.204138
365,1,375.981,0.205589
364.5,1,375.115,0.207604
364,1,374.249,0.209569
363.5,1,373.383,0.209391
363,1,372.517,0.206161
362.5,1,371.651,0.202426
362,1,370.785,0.198185
361.5,1,369.919,0.193439
361,1,369.053,0.187983
360.5,1,368.187,0.180378
360,1,367.321,0.172593
359.5,1,366.454,0.164626
359,1,365.588,0.156478
358.5,1,364.722,0.148149
358,1,363.856,0.143535
357.5,1,362.99,0.148324
357,1,362.124,0.154459
356.5,1,361.258,0.161089
356,1,360.392,0.168214
355.5,1,359.526,0.175834
355,1,358.66,0.183948
354.5,1,357.794,0.202
354,1,356.928,0.234632
353.5,1,356.062,0.272556
353,1,355.196,0.315769
352.5,1,354.33,0.346008
352,1,353.464,0.351307
351.5,1,352.598,0.336538
351,1,351.732,0.258266
350.5,1,350.866,0.190403
350,1,350,0.13295
349.5,1,349.134,0.0859071
349,1,348.268,0.049274
348.5,1,347.402,0.0230508
348,1,346.536,0.0250132
347.5,1,345.67,0.0275901
347,1,344.804,0.0283607
346.5,1,343.938,0.0299241
346,1,343.072,0.0313667
345.5,1,342.206,0.0326886
345,1,341.34,0.0419235
344.5,1,340.474,0.0571435
344,1,339.608,0.0708285
343.5,1,338.742,0.0829786
343,1,337.876,0.0935938
342.5,1,337.01,0.102674
342,1,336.144,0.108421
341.5,1,335.278,0.106316
341,1,334.412,0.104078
340.5,1,333.546,0.102213
340,1,332.679,0.100721
339.5,1,331.813,0.0996024
339,1,330.947,0.0988564
338.5,1,330.081,0.0999787
338,1,329.215,0.101276
337.5,1,328.349,0.10256
337,1,327.483,0.103829
336.5,1,326.617,0.105085
336,1,325.751,0.10645
335.5,1,324.885,0.1071
335,1,324.019,0.107252
334.5,1,323.153,0.10741
334,1,322.287,0.107574
333.5,1,321.421,0.107745
333,1,320.555,0.107922
332.5,1,319.689,0.108148
332,1,318.823,0.108484
331.5,1,317.957,0.108808
331,1,317.091,0.10912
330.5,1,316.225,0.109426
330,1,315.359,0.109725
329.5,1,314.493,0.110014
329,1,313.627,0.110154
328.5,1,312.761,0.110288
328,1,311.895,0.110425
327.5,1,311.029,0.110564
327,1,310.163,0.110705
326.5,1,309.297,0.110848
326,1,308.431,0.110967
325.5,1,307.565,0.11107
325,1,306.699,0.111175
324.5,1,305.833,0.111279
324,1,304.967,0.11138
323.5,1,304.101,0.111478
323,1,303.235,0.111564
322.5,1,302.369,0.111627
322,1,301.503,0.111689
321.5,1,300.637,0.111749
321,1,299.771,0.111808
320.5,1,298.905,0.111865
320,1,298.038,0.111921
319.5,1,297.172,0.111945
319,1,296.306,0.111969
318.5,1,295.44,0.111991
318,1,294.574,0.112013
317.5,1,293.708,0.112033
317,1,292.842,0.112052
316.5,1,291.976,0.112062
316,1,291.11,0.112068
315.5,1,290.244,0.112073
315,1,289.378,0.112077
314.5,1,288.512,0.112081
314,1,287.646,0.112084
313.5,1,286.78,0.112078
313,1,285.914,0.112061
312.5,1,285.048,0.112043
312,1,284.182,0.112025
311.5,1,283.316,0.112006
311,1,282.45,0.111988
310.5,1,281.584,0.111969
310,1,280.718,0.111944
309.5,1,279.852,0.111918
309,1,278.986,0.111892
308.5,1,278.12,0.111867
308,1,277.254,0.111841
307.5,1,276.388,0.111816
307,1,275.522,0.111782
306.5,1,274.656,0.111747
306,1,273.79,0.111711
305.5,1,272.924,0.111676
305,1,272.058,0.111641
304.5,1,271.192,0.111607
304,1,270.326,0.111571
303.5,1,269.46,0.111533
303,1,268.594,0.111496
302.5,1,267.728,0.111459
302,1,266.862,0.111423
301.5,1,265.996,0.111387
301,1,265.13,0.111351
300.5,1,264.263,0.111312
300,1,263.397,0.111275
299.5,1,262.531,0.111237
299,1,261.665,0.111201
298.5,1,260.799,0.111164
298,1,259.933,0.111128
297.5,1,259.067,0.111093
297,1,258.201,0.111057
296.5,1,257.335,0.111022
296,1,256.469,0.110988
295.5,1,255.603,0.110954
295,1,254.737,0.11092
294.5,1,253.871,0.110887
294,1,253.005,0.110854
293.5,1,252.139,0.110821
293,1,251.273,0.110789
292.5,1,250.407,0.110758
292,1,249.541,0.110727
291.5,1,248.675,0.110696
291,1,247.809,0.110667
290.5,1,246.943,0.110638
290,1,246.077,0.110609
289.5,1,245.211,0.11058
289,1,244.345,0.110552
288.5,1,243.479,0.110525
288,1,242.613,0.110498
287.5,1,241.747,0.110472
287,1,240.881,0.110447
286.5,1,240.015,0.110422
286,1,239.149,0.110397
285.5,1,238.283,0.110372
285,1,237.417,0.110349
284.5,1,236.551,0.110326
284,1,235.685,0.110303
283.5,1,234.819,0.110281
283,1,233.953,0.110259
282.5,1,233.087,0.110237
282,1,232.221,0.110215
281.5,1,231.355,0.110195
281,1,230.488,0.110175
280.5,1,229.622,0.110156
280,1,228.756,0.110136
279.5,1,227.89,0.110117
279,1,227.024,0.110098
278.5,1,226.158,0.11008
278,1,225.292,0.110063
277.5,1,224.426,0.110045
277,1,223.56,0.110028
276.5,1,222.694,0.110011
276,1,221.828,0.109995
275.5,1,220.962,0.109979
275,1,220.096,0.109964
274.5,1,219.23,0.109948
274,1,218.364,0.109934
273.5,1,217.498,0.109919
273,1,216.632,0.109904
272.5,1,215.766,0.10989
272,1,214.9,0.109877
271.5,1,214.034,0.109863
271,1,213.168,0.10985
270.5,1,212.302,0.109837
270,1,211.436,0.109824
269.5,1,210.57,0.109811
269,1,209.704,0.109799
268.5,1,208.838,0.109788
268,1,207.972,0.109776
267.5,1,207.106,0.109765
267,1,206.24,0.109753
266.5,1,205.374,0.109742
266,1,204.508,0.109731
265.5,1,203.642,0.109721
265,1,202.776,0.109711
264.5,1,201.91,0.109701
264,1,201.044,0.109691
263.5,1,200.178,0.109681
263,1,199.312,0.109671
262.5,1,198.446,0.109662
262,1,197.58,0.109653
261.5,1,196.714,0.109644
261,1,195.847,0.109636
260.5,1,194.981,0.109627
260,1,194.115,0.109618
259.5,1,193.249,0.10961
259,1,192.383,0.109602
258.5,1,191.517,0.109594
258,1,190.651,0.109587
257.5,1,189.785,0.109579
257,1,188.919,0.109571
256.5,1,188.053,0.109564
256,1,187.187,0.109557
255.5,1,186.321,0.10955
255,1,185.455,0.109543
254.5,1,184.589,0.109536
254,1,183.723,0.109529
253.5,1,182.857,0.109522
253,1,181.991,0.109516
252.5,1,181.125,0.10951
252,1,180.259,0.109504
251.5,1,179.393,0.109498
251,1,178.527,0.109491
250.5,1,177.661,0.109486
250,1,176.795,0.10948
249.5,1,175.929,0.109475
249,1,175.063,0.10947
248.5,1,174.197,0.109465
248,1,173.331,0.10946
247.5,1,172.465,0.109455
247,1,171.599,0.10945
246.5,1,170.733,0.109445
246,1,169.867,0.10944
245.5,1,169.001,0.109435
245,1,168.135,0.10943
244.5,1,167.269,0.109425
244,1,166.403,0.109421
243.5,1,165.537,0.109416
243,1,164.671,0.109412
242.5,1,163.805,0.109408
242,1,162.939,0.109403
241.5,1,162.072,0.109399
241,1,161.206,0.109395
240.5,1,160.34,0.109391
240,1,159.474,0.109387
239.5,1,158.608,0.109384
239,1,157.742,0.10938
238.5,1,156.876,0.109376
238,1,156.01,0.109372
237.5,1,155.144,0.109369
237,1,154.278,0.109365
236.5,1,153.412,0.109362
236,1,152.546,0.109359
235.5,1,151.68,0.109356
235,1,150.814,0.109352
234.5,1,149.948,0.109349
234,1,149.082,0.109346
233.5,1,148.216,0.109343
233,1,147.35,0.10934
232.5,1,146.484,0.109337
232,1,145.618,0.109334
231.5,1,144.752,0.109331
231,1,143.886,0.109328
230.5,1,143.02,0.109326
230,1,142.154,0.109323
229.5,1,141.288,0.10932
229,1,140.422,0.109318
228.5,1,139.556,0.109315
228,1,138.69,0.109312
227.5,1,137.824,0.10931
227,1,136.958,0.109308
226.5,1,136.092,0.109305
226,1,135.226,0.109303
225.5,1,134.36,0.1093
225,1,133.494,0.109298
224.5,1,132.628,0.109296
224,1,131.762,0.109294
223.5,1,130.896,0.109292
223,1,130.03,0.109289
222.5,1,129.164,0.109287
222,1,128.297,0.109285
221.5,1,127.431,0.109283
221,1,126.565,0.109281
220.5,1,125.699,0.109279
220,1,124.833,0.109277
219.5,1,123.967,0.109275
219,1,123.101,0.109273
218.5,1,122.235,0.109272
218,1,121.369,0.10927
217.5,1,120.503,0.109268
217,1,119.637,0.109266
216.5,1,118.771,0.109265
216,1,117.905,0.109263
215.5,1,117.039,0.109261
215,1,116.173,0.10926
214.5,1,115.307,0.109258
214,1,114.441,0.109256
213.5,1,113.575,0.109255
213,1,112.709,0.109253
212.5,1,111.843,0.109252
212,1,110.977,0.10925
211.5,1,110.111,0.109249
211,1,109.245,0.109247
210.5,1,108.379,0.109246
210,1,107.513,0.109244
209.5,1,106.647,0.109243
209,1,105.781,0.109242
208.5,1,104.915,0.10924
208,1,104.049,0.109239
207.5,1,103.183,0.109238
207,1,102.317,0.109236
206.5,1,101.451,0.109235
206,1,100.585,0.109234
205.5,1,99.7187,0.109233
205,1,98.8526,0.109231
204.5,1,97.9866,0.10923
204,1,97.1206,0.109229
203.5,1,96.2546,0.109228
203,1,95.3885,0.109227
202.5,1,94.5225,0.109226
202,1,93.6565,0.109225
201.5,1,92.7905,0.109223
201,1,91.9244,0.109222
200.5,1,91.0584,0.109221
200,1,90.1924,0.10922
