x,y,z,b
500,1,609.808,0.109122
499.5,1,608.942,0.109122
499,1,608.076,0.109121
498.5,1,607.21,0.109121
498,1,606.344,0.109121
497.5,1,605.477,0.10912
497,1,604.611,0.10912
496.5,1,603.745,0.109119
496,1,602.879,0.109119
495.5,1,602.013,0.109119
495,1,601.147,0.109118
494.5,1,600.281,0.109118
494,1,599.415,0.109118
493.5,1,598.549,0.109117
493,1,597.683,0.109117
492.5,1,596.817,0.109116
492,1,595.951,0.109116
491.5,1,595.085,0.109115
491,1,594.219,0.109115
490.5,1,593.353,0.109114
490,1,592.487,0.109114
489.5,1,591.621,0.109114
489,1,590.755,0.109113
488.5,1,589.889,0.109113
488,1,589.023,0.109112
487.5,1,588.157,0.109111
487,1,587.291,0.109111
486.5,1,586.425,0.10911
486,1,585.559,0.10911
485.5,1,584.693,0.109109
485,1,583.827,0.109108
484.5,1,582.961,0.109108
484,1,582.095,0.109107
483.5,1,581.229,0.109107
483,1,580.363,0.109106
482.5,1,579.497,0.109105
482,1,578.631,0.109105
481.5,1,577.765,0.109104
481,1,576.899,0.109103
480.5,1,576.033,0.109102
480,1,575.167,0.109102
479.5,1,574.301,0.109101
479,1,573.435,0.1091
478.5,1,572.569,0.109099
478,1,571.703,0.109098
477.5,1,570.836,0.109097
477,1,569.97,0.109096
476.5,1,569.104,0.109096
476,1,568.238,0.109095
475.5,1,567.372,0.109094
475,1,566.506,0.109093
474.5,1,565.64,0.109092
474,1,564.774,0.109091
473.5,1,563.908,0.10909
473,1,563.042,0.109088
472.5,1,562.176,0.109087
472,1,561.31,0.109086
471.5,1,560.444,0.109085
471,1,559.578,0.109084
470.5,1,558.712,0.109082
470,1,557.846,0.109081
469.5,1,556.98,0.10908
469,1,556.114,0.109079
468.5,1,555.248,0.109077
468,1,554.382,0.109076
467.5,1,553.516,0.109074
467,1,552.65,0.109073
466.5,1,551.784,0.109071
466,1,550.918,0.10907
465.5,1,550.052,0.109068
465,1,549.186,0.109066
464.5,1,548.32,0.109065
464,1,547.454,0.109063
463.5,1,546.588,0.109061
463,1,545.722,0.109059
462.5,1,544.856,0.109057
462,1,543.99,0.109055
461.5,1,543.124,0.109053
461,1,542.258,0.109051
460.5,1,541.392,0.109049
460,1,540.526,0.109047
459.5,1,539.66,0.109044
459,1,538.794,0.109042
458.5,1,537.928,0.10904
458,1,537.061,0.109037
457.5,1,536.195,0.109035
457,1,535.329,0.109032
456.5,1,534.463,0.109029
456,1,533.597,0.109027
455.5,1,532.731,0.109024
455,1,531.865,0.109021
454.5,1,530.999,0.109017
454,1,530.133,0.109014
453.5,1,529.267,0.109011
453,1,528.401,0.109008
452.5,1,527.535,0.109004
452,1,526.669,0.109
451.5,1,525.803,0.108997
451,1,524.937,0.108993
450.5,1,524.071,0.108989
450,1,523.205,0.108986
449.5,1,522.339,0.108982
449,1,521.473,0.108977
448.5,1,520.607,0.108972
448,1,519.741,0.108968
447.5,1,518.875,0.108963
447,1,518.009,0.108958
446.5,1,517.143,0.108953
446,1,516.277,0.108947
445.5,1,515.411,0.108942
445,1,514.545,0.108936
444.5,1,513.679,0.108931
444,1,512.813,0.108925
443.5,1,511.947,0.108919
443,1,511.081,0.108913
442.5,1,510.215,0.108906
442,1,509.349,0.108899
441.5,1,508.483,0.108891
441,1,507.617,0.108884
440.5,1,506.751,0.108877
440,1,505.885,0.108869
439.5,1,505.019,0.108861
439,1,504.153,0.108852
438.5,1,503.286,0.108843
438,1,502.42,0.108835
437.5,1,501.554,0.108826
437,1,500.688,0.108817
436.5,1,499.822,0.108806
436,1,498.956,0.108795
435.5,1,498.09,0.108784
435,1,497.224,0.108772
434.5,1,496.358,0.108761
434,1,495.492,0.108749
433.5,1,494.626,0.108737
433,1,493.76,0.108723
432.5,1,492.894,0.108709
432,1,492.028,0.108695
431.5,1,491.162,0.108681
431,1,490.296,0.108667
430.5,1,489.43,0.108653
430,1,488.564,0.108634
429.5,1,487.698,0.108616
429,1,486.832,0.108598
428.5,1,485.966,0.108579
428,1,485.1,0.108561
427.5,1,484.234,0.108542
427,1,483.368,0.108521
426.5,1,482.502,0.108498
426,1,481.636,0.108475
425.5,1,480.77,0.108452
425,1,479.904,0.108429
424.5,1,479.038,0.108405
424,1,478.172,0.108379
423.5,1,477.306,0.108349
423,1,476.44,0.108318
422.5,1,475.574,0.108288
422,1,474.708,0.108257
421.5,1,473.842,0.108226
421,1,472.976,0.108194
420.5,1,472.11,0.108155
420,1,471.244,0.108116
419.5,1,470.378,0.108076
419,1,469.512,0.108037
418.5,1,468.645,0.107996
418,1,467.779,0.107956
417.5,1,466.913,0.107907
417,1,466.047,0.107855
416.5,1,465.181,0.107802
416,1,464.315,0.107749
415.5,1,463.449,0.107695
415,1,462.583,0.107641
414.5,1,461.717,0.10758
414,1,460.851,0.107511
413.5,1,459.985,0.107441
413,1,459.119,0.107371
412.5,1,458.253,0.107301
412,1,457.387,0.107231
411.5,1,456.521,0.107158
411,1,455.655,0.107065
410.5,1,454.789,0.106971
410,1,453.923,0.106875
409.5,1,453.057,0.106779
409,1,452.191,0.106681
408.5,1,451.325,0.106582
408,1,450.459,0.10646
407.5,1,449.593,0.106331
407,1,448.727,0.106207
406.5,1,447.861,0.106082
406,1,446.995,0.105956
405.5,1,446.129,0.105829
405,1,445.263,0.105683
404.5,1,444.397,0.105516
404,1,443.531,0.105348
403.5,1,442.665,0.105179
403,1,441.799,0.105007
402.5,1,440.933,0.104834
402,1,440.067,0.104643
401.5,1,439.201,0.104393
401,1,438.335,0.104143
400.5,1,437.469,0.103893
400,1,436.603,0.103642
399.5,1,435.737,0.103391
399,1,434.87,0.10314
398.5,1,434.004,0.102735
398,1,433.138,0.102307
397.5,1,432.272,0.101876
397,1,431.406,0.101443
396.5,1,430.54,0.101006
396,1,429.674,0.100589
395.5,1,428.808,0.100264
395,1,427.942,0.0999818
394.5,1,427.076,0.0996666
394,1,426.21,0.0993183
393.5,1,425.344,0.0989368
393,1,424.478,0.0985222
392.5,1,423.612,0.098345
392,1,422.746,0.098941
391.5,1,421.88,0.0994903
391,1,421.014,0.0999941
390.5,1,420.148,0.100474
390,1,419.282,0.100891
389.5,1,418.416,0.101245
389,1,417.55,0.103909
388.5,1,416.684,0.106615
388,1,415.818,0.109193
387.5,1,414.952,0.111645
387,1,414.086,0.113969
386.5,1,413.22,0.116166
386,1,412.354,0.125311
385.5,1,411.488,0.138682
385,1,410.622,0.151278
384.5,1,409.756,0.163403
384,1,408.89,0.175057
383.5,1,408.024,0.18624
383,1,407.158,0.196567
382.5,1,406.292,0.206185
382,1,405.426,0.216312
381.5,1,404.56,0.226948
381,1,403.694,0.238092
380.5,1,402.828,0.249746
380,1,401.962,0.261759
379.5,1,401.095,0.262902
379,1,400.229,0.264347
378.5,1,399.363,0.266197
378,1,398.497,0.268452
377.5,1,397.631,0.271112
377,1,396.765,0.274177
376.5,1,395.899,0.275359
376,1,395.033,0.275411
375.5,1,394.167,0.275348
375,1,393.301,0.275168
374.5,1,392.435,0.274905
374,1,391.569,0.2748
373.5,1,390.703,0.274571
373,1,389.837,0.27391
372.5,1,388.971,0.273244
372,1,388.105,0.272574
371.5,1,387.239,0.2719
371,1,386.373,0.271221
370.5,1,385.507,0.270457
370,1,384.641,0.267913
369.5,1,383.775,0.265211
369,1,382.909,0.262644
368.5,1,382.043,0.260935
368,1,381.177,0.259476
367.5,1,380.311,0.258267
367,1,379.445,0.25486
366.5,1,378.579,0.250629
366,1,377.713,0.246449
365.5,1,376.847,0.24232
365,1,375.981,0.238241
364.5,1,375.115,0.234212
364,1,374.249,0.229892
363.5,1,373.383,0.225326
363,1,372.517,0.221947
362.5,1,371.651,0.219004
362,1,370.785,0.216499
361.5,1,369.919,0.21443
361,1,369.053,0.21285
360.5,1,368.187,0.212008
360,1,367.321,0.211318
359.5,1,366.454,0.210782
359,1,365.588,0.210399
358.5,1,364.722,0.21017
358,1,363.856,0.209758
357.5,1,362.99,0.208015
357,1,362.124,0.206688
356.5,1,361.258,0.206131
356,1,360.392,0.206346
355.5,1,359.526,0.207332
355,1,358.66,0.209089
354.5,1,357.794,0.211223
354,1,356.928,0.213806
353.5,1,356.062,0.217323
353,1,355.196,0.221773
352.5,1,354.33,0.217756
352,1,353.464,0.202163
351.5,1,352.598,0.181437
351,1,351.732,0.142569
350.5,1,350.866,0.106274
350,1,350,0.0725536
349.5,1,349.134,0.0414064
349,1,348.268,0.0128329
348.5,1,347.402,-0.0131669
348,1,346.536,-0.0111239
347.5,1,345.67,-0.00165269
347,1,344.804,0.0151439
346.5,1,343.938,0.0351803
346,1,343.072,0.0532739
345.5,1,342.206,0.0694248
345,1,341.34,0.0795637
344.5,1,340.474,0.0849793
344,1,339.608,0.0895767
343.5,1,338.742,0.093356
343,1,337.876,0.0963173
342.5,1,337.01,0.0984604
342,1,336.144,0.0999503
341.5,1,335.278,0.10118
341,1,334.412,0.102112
340.5,1,333.546,0.103093
340,1,332.679,0.104122
339.5,1,331.813,0.105201
339,1,330.947,0.106329
338.5,1,330.081,0.106785
338,1,329.215,0.107161
337.5,1,328.349,0.107538
337,1,327.483,0.107914
336.5,1,326.617,0.108289
336,1,325.751,0.108751
335.5,1,324.885,0.109242
335,1,324.019,0.109714
334.5,1,323.153,0.11016
334,1,322.287,0.110582
333.5,1,321.421,0.110979
333,1,320.555,0.11135
332.5,1,319.689,0.111634
332,1,318.823,0.111734
331.5,1,317.957,0.111824
331,1,317.091,0.111905
330.5,1,316.225,0.11197
330,1,315.359,0.11203
329.5,1,314.493,0.112088
329,1,313.627,0.112163
328.5,1,312.761,0.112236
328,1,311.895,0.112304
327.5,1,311.029,0.112368
327,1,310.163,0.112428
326.5,1,309.297,0.112484
326,1,308.431,0.112482
325.5,1,307.565,0.112451
325,1,306.699,0.112423
324.5,1,305.833,0.112394
324,1,304.967,0.112364
323.5,1,304.101,0.112332
323,1,303.235,0.112298
322.5,1,302.369,0.112263
322,1,301.503,0.112228
321.5,1,300.637,0.112194
321,1,299.771,0.112159
320.5,1,298.905,0.112125
320,1,298.038,0.11209
319.5,1,297.172,0.112028
319,1,296.306,0.111967
318.5,1,295.44,0.111908
318,1,294.574,0.111849
317.5,1,293.708,0.111792
317,1,292.842,0.111735
316.5,1,291.976,0.11168
316,1,291.11,0.111625
315.5,1,290.244,0.11157
315,1,289.378,0.111515
314.5,1,288.512,0.111461
314,1,287.646,0.111408
313.5,1,286.78,0.111355
313,1,285.914,0.1113
312.5,1,285.048,0.111246
312,1,284.182,0.111192
311.5,1,283.316,0.11114
311,1,282.45,0.111088
310.5,1,281.584,0.111036
310,1,280.718,0.110988
309.5,1,279.852,0.11094
309,1,278.986,0.110893
308.5,1,278.12,0.110848
308,1,277.254,0.110804
307.5,1,276.388,0.11076
307,1,275.522,0.110717
306.5,1,274.656,0.110675
306,1,273.79,0.110635
305.5,1,272.924,0.110594
305,1,272.058,0.110555
304.5,1,271.192,0.110516
304,1,270.326,0.110479
303.5,1,269.46,0.110444
303,1,268.594,0.110409
302.5,1,267.728,0.110376
302,1,266.862,0.110342
301.5,1,265.996,0.11031
301,1,265.13,0.110278
300.5,1,264.263,0.110248
300,1,263.397,0.110219
299.5,1,262.531,0.11019
299,1,261.665,0.110162
298.5,1,260.799,0.110134
298,1,259.933,0.110107
297.5,1,259.067,0.110082
297,1,258.201,0.110058
296.5,1,257.335,0.110035
296,1,256.469,0.110011
295.5,1,255.603,0.109988
295,1,254.737,0.109966
294.5,1,253.871,0.109945
294,1,253.005,0.109924
293.5,1,252.139,0.109904
293,1,251.273,0.109885
292.5,1,250.407,0.109866
292,1,249.541,0.109847
291.5,1,248.675,0.109829
291,1,247.809,0.109812
290.5,1,246.943,0.109796
290,1,246.077,0.10978
289.5,1,245.211,0.109764
289,1,244.345,0.109748
288.5,1,243.479,0.109732
288,1,242.613,0.109718
287.5,1,241.747,0.109704
287,1,240.881,0.109691
286.5,1,240.015,0.109678
286,1,239.149,0.109665
285.5,1,238.283,0.109652
285,1,237.417,0.10964
284.5,1,236.551,0.109628
284,1,235.685,0.109617
283.5,1,234.819,0.109606
283,1,233.953,0.109595
282.5,1,233.087,0.109584
282,1,232.221,0.109573
281.5,1,231.355,0.109564
281,1,230.488,0.109554
280.5,1,229.622,0.109545
280,1,228.756,0.109536
279.5,1,227.89,0.109527
279,1,227.024,0.109518
278.5,1,226.158,0.109509
278,1,225.292,0.109501
277.5,1,224.426,0.109493
277,1,223.56,0.109485
276.5,1,222.694,0.109477
276,1,221.828,0.10947
275.5,1,220.962,0.109462
275,1,220.096,0.109456
274.5,1,219.23,0.109449
274,1,218.364,0.109442
273.5,1,217.498,0.109436
273,1,216.632,0.109429
272.5,1,215.766,0.109423
272,1,214.9,0.109417
271.5,1,214.034,0.109411
271,1,213.168,0.109406
270.5,1,212.302,0.1094
270,1,211.436,0.109394
269.5,1,210.57,0.109389
269,1,209.704,0.109384
268.5,1,208.838,0.109379
268,1,207.972,0.109374
267.5,1,207.106,0.109369
267,1,206.24,0.109365
266.5,1,205.374,0.10936
266,1,204.508,0.109355
265.5,1,203.642,0.109351
265,1,202.776,0.109347
264.5,1,201.91,0.109343
264,1,201.044,0.109339
263.5,1,200.178,0.109335
263,1,199.312,0.109331
262.5,1,198.446,0.109327
262,1,197.58,0.109323
261.5,1,196.714,0.10932
261,1,195.847,0.109316
260.5,1,194.981,0.109313
260,1,194.115,0.10931
259.5,1,193.249,0.109306
259,1,192.383,0.109303
258.5,1,191.517,0.1093
258,1,190.651,0.109297
257.5,1,189.785,0.109294
257,1,188.919,0.109291
256.5,1,188.053,0.109288
256,1,187.187,0.109286
255.5,1,186.321,0.109283
255,1,185.455,0.10928
254.5,1,184.589,0.109278
254,1,183.723,0.109275
253.5,1,182.857,0.109273
253,1,181.991,0.10927
252.5,1,181.125,0.109268
252,1,180.259,0.109266
251.5,1,179.393,0.109263
251,1,178.527,0.109261
250.5,1,177.661,0.109259
250,1,176.795,0.109257
249.5,1,175.929,0.109255
249,1,175.063,0.109253
248.5,1,174.197,0.109251
248,1,173.331,0.109248
247.5,1,172.465,0.109246
247,1,171.599,0.109245
246.5,1,170.733,0.109243
246,1,169.867,0.109241
245.5,1,169.001,0.109239
245,1,168.135,0.109237
244.5,1,167.269,0.109236
244,1,166.403,0.109234
243.5,1,165.537,0.109233
243,1,164.671,0.109231
242.5,1,163.805,0.10923
242,1,162.939,0.109228
241.5,1,162.072,0.109227
241,1,161.206,0.109225
240.5,1,160.34,0.109224
240,1,159.474,0.109222
239.5,1,158.608,0.109221
239,1,157.742,0.10922
238.5,1,156.876,0.109218
238,1,156.01,0.109217
237.5,1,155.144,0.109216
237,1,154.278,0.109215
236.5,1,153.412,0.109213
236,1,152.546,0.109212
235.5,1,151.68,0.109211
235,1,150.814,0.10921
234.5,1,149.948,0.109209
234,1,149.082,0.109208
233.5,1,148.216,0.109207
233,1,147.35,0.109205
232.5,1,146.484,0.109204
232,1,145.618,0.109203
231.5,1,144.752,0.109202
231,1,143.886,0.109201
230.5,1,143.02,0.1092
230,1,142.154,0.109199
229.5,1,141.288,0.109198
229,1,140.422,0.109198
228.5,1,139.556,0.109197
228,1,138.69,0.109196
227.5,1,137.824,0.109195
227,1,136.958,0.109194
226.5,1,136.092,0.109193
226,1,135.226,0.109192
225.5,1,134.36,0.109191
225,1,133.494,0.109191
224.5,1,132.628,0.10919
224,1,131.762,0.109189
223.5,1,130.896,0.109188
223,1,130.03,0.109187
222.5,1,129.164,0.109187
222,1,128.297,0.109186
221.5,1,127.431,0.109185
221,1,126.565,0.109185
220.5,1,125.699,0.109184
220,1,124.833,0.109183
219.5,1,123.967,0.109182
219,1,123.101,0.109182
218.5,1,122.235,0.109181
218,1,121.369,0.10918
217.5,1,120.503,0.10918
217,1,119.637,0.109179
216.5,1,118.771,0.109178
216,1,117.905,0.109178
215.5,1,117.039,0.109177
215,1,116.173,0.109177
214.5,1,115.307,0.109176
214,1,114.441,0.109175
213.5,1,113.575,0.109175
213,1,112.709,0.109174
212.5,1,111.843,0.109174
212,1,110.977,0.109173
211.5,1,110.111,0.109172
211,1,109.245,0.109172
210.5,1,108.379,0.109171
210,1,107.513,0.109171
209.5,1,106.647,0.10917
209,1,105.781,0.10917
208.5,1,104.915,0.109169
208,1,104.049,0.109169
207.5,1,103.183,0.109168
207,1,102.317,0.109168
206.5,1,101.451,0.109167
206,1,100.585,0.109167
205.5,1,99.7187,0.109166
205,1,98.8526,0.109166
204.5,1,97.9866,0.109165
204,1,97.1206,0.109165
203.5,1,96.2546,0.109164
203,1,95.3885,0.109164
202.5,1,94.5225,0.109164
202,1,93.6565,0.109163
201.5,1,92.7905,0.109163
201,1,91.9244,0.109162
200.5,1,91.0584,0.109162
200,1,90.1924,0.109161
