x,y,z,b
500,1,609.808,0.108711
499.5,1,608.942,0.108701
499,1,608.076,0.108691
498.5,1,607.21,0.108681
498,1,606.344,0.108671
497.5,1,605.477,0.108661
497,1,604.611,0.10865
496.5,1,603.745,0.108639
496,1,602.879,0.108628
495.5,1,602.013,0.108616
495,1,601.147,0.108604
494.5,1,600.281,0.108592
494,1,599.415,0.108581
493.5,1,598.549,0.108568
493,1,597.683,0.108554
492.5,1,596.817,0.108541
492,1,595.951,0.108527
491.5,1,595.085,0.108513
491,1,594.219,0.108499
490.5,1,593.353,0.108485
490,1,592.487,0.108469
489.5,1,591.621,0.108453
489,1,590.755,0.108437
488.5,1,589.889,0.108421
488,1,589.023,0.108405
487.5,1,588.157,0.108389
487,1,587.291,0.108371
486.5,1,586.425,0.108352
486,1,585.559,0.108333
485.5,1,584.693,0.108314
485,1,583.827,0.108295
484.5,1,582.961,0.108275
484,1,582.095,0.108255
483.5,1,581.229,0.108233
483,1,580.363,0.108211
482.5,1,579.497,0.108189
482,1,578.631,0.108167
481.5,1,577.765,0.108144
481,1,576.899,0.108121
480.5,1,576.033,0.108095
480,1,575.167,0.108069
479.5,1,574.301,0.108043
479,1,573.435,0.108016
478.5,1,572.569,0.107989
478,1,571.703,0.107962
477.5,1,570.836,0.107932
477,1,569.97,0.107902
476.5,1,569.104,0.107871
476,1,568.238,0.107839
475.5,1,567.372,0.107808
475,1,566.506,0.107776
474.5,1,565.64,0.107742
474,1,564.774,0.107706
473.5,1,563.908,0.107668
473,1,563.042,0.107631
472.5,1,562.176,0.107593
472,1,561.31,0.107555
471.5,1,560.444,0.107517
471,1,559.578,0.107473
470.5,1,558.712,0.10743
470,1,557.846,0.107386
469.5,1,556.98,0.107342
469,1,556.114,0.107297
468.5,1,555.248,0.107252
468,1,554.382,0.107201
467.5,1,553.516,0.107149
467,1,552.65,0.107096
466.5,1,551.784,0.107042
466,1,550.918,0.106988
465.5,1,550.052,0.106934
465,1,549.186,0.106875
464.5,1,548.32,0.106813
464,1,547.454,0.106751
463.5,1,546.588,0.106687
463,1,545.722,0.106623
462.5,1,544.856,0.106558
462,1,543.99,0.106492
461.5,1,543.124,0.106417
461,1,542.258,0.106342
460.5,1,541.392,0.106266
460,1,540.526,0.106189
459.5,1,539.66,0.106112
459,1,538.794,0.106033
458.5,1,537.928,0.105946
458,1,537.061,0.105857
457.5,1,536.195,0.105766
457,1,535.329,0.105675
456.5,1,534.463,0.105582
456,1,533.597,0.105488
455.5,1,532.731,0.105387
455,1,531.865,0.105279
454.5,1,530.999,0.10517
454,1,530.133,0.10506
453.5,1,529.267,0.104949
453,1,528.401,0.104836
452.5,1,527.535,0.104719
452,1,526.669,0.104591
451.5,1,525.803,0.104461
451,1,524.937,0.104329
450.5,1,524.071,0.104197
450,1,523.205,0.104063
449.5,1,522.339,0.103927
449,1,521.473,0.103779
448.5,1,520.607,0.103629
448,1,519.741,0.103477
447.5,1,518.875,0.103324
447,1,518.009,0.103169
446.5,1,517.143,0.103013
446,1,516.277,0.102847
445.5,1,515.411,0.102675
445,1,514.545,0.102502
444.5,1,513.679,0.102327
444,1,512.813,0.102151
443.5,1,511.947,0.101973
443,1,511.081,0.101793
442.5,1,510.215,0.101609
442,1,509.349,0.101424
441.5,1,508.483,0.101238
441,1,507.617,0.101052
440.5,1,506.751,0.100865
440,1,505.885,0.100678
439.5,1,505.019,0.100489
439,1,504.153,0.1003
438.5,1,503.286,0.100112
438,1,502.42,0.0999253
437.5,1,501.554,0.0997389
437,1,500.688,0.0995532
436.5,1,499.822,0.0994297
436,1,498.956,0.0993554
435.5,1,498.09,0.0993017
435,1,497.224,0.0992685
434.5,1,496.358,0.0992945
434,1,495.492,0.0993784
433.5,1,494.626,0.099527
433,1,493.76,0.0997733
432.5,1,492.894,0.100039
432,1,492.028,0.100323
431.5,1,491.162,0.100627
431,1,490.296,0.100949
430.5,1,489.43,0.101296
430,1,488.564,0.101853
429.5,1,487.698,0.102449
429,1,486.832,0.103252
428.5,1,485.966,0.104219
428,1,485.1,0.105239
427.5,1,484.234,0.106311
427,1,483.368,0.107531
426.5,1,482.502,0.108837
426,1,481.636,0.110191
425.5,1,480.77,0.111593
425,1,479.904,0.113042
424.5,1,479.038,0.114538
424,1,478.172,0.11611
423.5,1,477.306,0.117905
423,1,476.44,0.119718
422.5,1,475.574,0.121453
422,1,474.708,0.12311
421.5,1,473.842,0.124691
421,1,472.976,0.126216
420.5,1,472.11,0.127946
420,1,471.244,0.129671
419.5,1,470.378,0.131391
419,1,469.512,0.133105
418.5,1,468.645,0.134814
418,1,467.779,0.136297
417.5,1,466.913,0.138121
417,1,466.047,0.140178
416.5,1,465.181,0.142351
416,1,464.315,0.14464
415.5,1,463.449,0.147045
415,1,462.583,0.149566
414.5,1,461.717,0.152431
414,1,460.851,0.155712
413.5,1,459.985,0.159145
413,1,459.119,0.162732
412.5,1,458.253,0.166658
412,1,457.387,0.170745
411.5,1,456.521,0.174941
411,1,455.655,0.179236
410.5,1,454.789,0.183561
410,1,453.923,0.187916
409.5,1,453.057,0.192301
409,1,452.191,0.196716
408.5,1,451.325,0.201161
408,1,450.459,0.205034
407.5,1,449.593,0.208679
407,1,448.727,0.21289
406.5,1,447.861,0.217004
406,1,446.995,0.220884
405.5,1,446.129,0.224531
405,1,445.263,0.227584
404.5,1,444.397,0.230103
404,1,443.531,0.232454
403.5,1,442.665,0.234636
403,1,441.799,0.236649
402.5,1,440.933,0.238493
402,1,440.067,0.239959
401.5,1,439.201,0.241431
401,1,438.335,0.243453
400.5,1,437.469,0.245946
400,1,436.603,0.248909
399.5,1,435.737,0.252343
399,1,434.87,0.256247
398.5,1,434.004,0.262798
398,1,433.138,0.269602
397.5,1,432.272,0.276327
397,1,431.406,0.282971
396.5,1,430.54,0.289536
396,1,429.674,0.292162
395.5,1,428.808,0.294617
395,1,427.942,0.296964
394.5,1,427.076,0.299145
394,1,426.21,0.301159
393.5,1,425.344,0.303007
393,1,424.478,0.304689
392.5,1,423.612,0.305879
392,1,422.746,0.306003
391.5,1,421.88,0.306084
391,1,421.014,0.306142
390.5,1,420.148,0.306812
390,1,419.282,0.307564
389.5,1,418.416,0.308397
389,1,417.55,0.309269
388.5,1,416.684,0.31011
388,1,415.818,0.310919
387.5,1,414.952,0.311697
387,1,414.086,0.312442
386.5,1,413.22,0.313156
386,1,412.354,0.314299
385.5,1,411.488,0.315762
385,1,410.622,0.317871
384.5,1,409.756,0.31978
384,1,408.89,0.32149
383.5,1,408.024,0.323
383,1,407.158,0.322629
382.5,1,406.292,0.31779
382,1,405.426,0.312084
381.5,1,404.56,0.305509
381,1,403.694,0.298067
380.5,1,402.828,0.289756
380,1,401.962,0.280901
379.5,1,401.095,0.265995
379,1,400.229,0.250905
378.5,1,399.363,0.235702
378,1,398.497,0.220387
377.5,1,397.631,0.204959
377,1,396.765,0.189418
376.5,1,395.899,0.181862
376,1,395.033,0.17814
375.5,1,394.167,0.174372
375,1,393.301,0.17056
374.5,1,392.435,0.166911
374,1,391.569,0.163899
373.5,1,390.703,0.161729
373,1,389.837,0.161302
372.5,1,388.971,0.160939
372,1,388.105,0.160637
371.5,1,387.239,0.160398
371,1,386.373,0.160222
370.5,1,385.507,0.160108
370,1,384.641,0.160079
369.5,1,383.775,0.160124
369,1,382.909,0.160453
368.5,1,382.043,0.16151
368,1,381.177,0.162832
367.5,1,380.311,0.164418
367,1,379.445,0.165771
366.5,1,378.579,0.1671
366,1,377.713,0.16857
365.5,1,376.847,0.170181
365,1,375.981,0.171935
364.5,1,375.115,0.17383
364,1,374.249,0.175801
363.5,1,373.383,0.178103
363,1,372.517,0.180603
362.5,1,371.651,0.182859
362,1,370.785,0.184872
361.5,1,369.919,0.186642
361,1,369.053,0.188187
360.5,1,368.187,0.189674
360,1,367.321,0.19095
359.5,1,366.454,0.192014
359,1,365.588,0.192867
358.5,1,364.722,0.193508
358,1,363.856,0.19414
357.5,1,362.99,0.195036
357,1,362.124,0.196247
356.5,1,361.258,0.197796
356,1,360.392,0.199683
355.5,1,359.526,0.201908
355,1,358.66,0.204471
354.5,1,357.794,0.211356
354,1,356.928,0.225747
353.5,1,356.062,0.244165
353,1,355.196,0.266609
352.5,1,354.33,0.286599
352,1,353.464,0.299036
351.5,1,352.598,0.300931
351,1,351.732,0.256131
350.5,1,350.866,0.213325
350,1,350,0.172513
349.5,1,349.134,0.133694
349,1,348.268,0.0968697
348.5,1,347.402,0.0620387
348,1,346.536,0.0608693
347.5,1,345.67,0.0645485
347,1,344.804,0.0710159
346.5,1,343.938,0.0794961
346,1,343.072,0.0862686
345.5,1,342.206,0.0913332
345,1,341.34,0.0966123
344.5,1,340.474,0.101956
344,1,339.608,0.105662
343.5,1,338.742,0.10773
343,1,337.876,0.108159
342.5,1,337.01,0.10695
342,1,336.144,0.104734
341.5,1,335.278,0.104329
341,1,334.412,0.103876
340.5,1,333.546,0.103237
340,1,332.679,0.102413
339.5,1,331.813,0.101403
339,1,330.947,0.100208
338.5,1,330.081,0.100284
338,1,329.215,0.100475
337.5,1,328.349,0.100624
337,1,327.483,0.10073
336.5,1,326.617,0.100793
336,1,325.751,0.10098
335.5,1,324.885,0.101185
335,1,324.019,0.101383
334.5,1,323.153,0.101615
334,1,322.287,0.101882
333.5,1,321.421,0.102183
333,1,320.555,0.102518
332.5,1,319.689,0.102907
332,1,318.823,0.103354
331.5,1,317.957,0.103796
331,1,317.091,0.104233
330.5,1,316.225,0.104702
330,1,315.359,0.105177
329.5,1,314.493,0.105644
329,1,313.627,0.105741
328.5,1,312.761,0.10583
328,1,311.895,0.105931
327.5,1,311.029,0.106044
327,1,310.163,0.106167
326.5,1,309.297,0.106301
326,1,308.431,0.106496
325.5,1,307.565,0.10672
325,1,306.699,0.106959
324.5,1,305.833,0.107201
324,1,304.967,0.107439
323.5,1,304.101,0.107675
323,1,303.235,0.107869
322.5,1,302.369,0.107982
322,1,301.503,0.108099
321.5,1,300.637,0.10822
321,1,299.771,0.108345
320.5,1,298.905,0.108473
320,1,298.038,0.108605
319.5,1,297.172,0.108737
319,1,296.306,0.108868
318.5,1,295.44,0.109001
318,1,294.574,0.109134
317.5,1,293.708,0.109268
317,1,292.842,0.109403
316.5,1,291.976,0.109506
316,1,291.11,0.109596
315.5,1,290.244,0.109687
315,1,289.378,0.109779
314.5,1,288.512,0.109872
314,1,287.646,0.109969
313.5,1,286.78,0.11006
313,1,285.914,0.110137
312.5,1,285.048,0.110214
312,1,284.182,0.110291
311.5,1,283.316,0.110367
311,1,282.45,0.110442
310.5,1,281.584,0.110516
310,1,280.718,0.110569
309.5,1,279.852,0.110623
309,1,278.986,0.110676
308.5,1,278.12,0.11073
308,1,277.254,0.110783
307.5,1,276.388,0.110836
307,1,275.522,0.110876
306.5,1,274.656,0.110911
306,1,273.79,0.110945
305.5,1,272.924,0.110978
305,1,272.058,0.111011
304.5,1,271.192,0.111043
304,1,270.326,0.11107
303.5,1,269.46,0.111089
303,1,268.594,0.111109
302.5,1,267.728,0.111128
302,1,266.862,0.111146
301.5,1,265.996,0.111164
301,1,265.13,0.11118
300.5,1,264.263,0.111185
300,1,263.397,0.111191
299.5,1,262.531,0.111195
299,1,261.665,0.1112
298.5,1,260.799,0.111204
298,1,259.933,0.111208
297.5,1,259.067,0.111207
297,1,258.201,0.111204
296.5,1,257.335,0.111202
296,1,256.469,0.111199
295.5,1,255.603,0.111196
295,1,254.737,0.111192
294.5,1,253.871,0.111186
294,1,253.005,0.111176
293.5,1,252.139,0.111166
293,1,251.273,0.111155
292.5,1,250.407,0.111145
292,1,249.541,0.111135
291.5,1,248.675,0.111124
291,1,247.809,0.11111
290.5,1,246.943,0.111096
290,1,246.077,0.111083
289.5,1,245.211,0.111069
289,1,244.345,0.111055
288.5,1,243.479,0.111041
288,1,242.613,0.111024
287.5,1,241.747,0.111007
287,1,240.881,0.11099
286.5,1,240.015,0.110974
286,1,239.149,0.110957
285.5,1,238.283,0.11094
285,1,237.417,0.110923
284.5,1,236.551,0.110906
284,1,235.685,0.110888
283.5,1,234.819,0.110871
283,1,233.953,0.110854
282.5,1,233.087,0.110837
282,1,232.221,0.110819
281.5,1,231.355,0.110801
281,1,230.488,0.110782
280.5,1,229.622,0.110764
280,1,228.756,0.110746
279.5,1,227.89,0.110728
279,1,227.024,0.11071
278.5,1,226.158,0.110691
278,1,225.292,0.110672
277.5,1,224.426,0.110654
277,1,223.56,0.110635
276.5,1,222.694,0.110617
276,1,221.828,0.110599
275.5,1,220.962,0.110581
275,1,220.096,0.110563
274.5,1,219.23,0.110544
274,1,218.364,0.110526
273.5,1,217.498,0.110508
273,1,216.632,0.11049
272.5,1,215.766,0.110473
272,1,214.9,0.110455
271.5,1,214.034,0.110438
271,1,213.168,0.110421
270.5,1,212.302,0.110404
270,1,211.436,0.110387
269.5,1,210.57,0.110371
269,1,209.704,0.110354
268.5,1,208.838,0.110338
268,1,207.972,0.110321
267.5,1,207.106,0.110305
267,1,206.24,0.110289
266.5,1,205.374,0.110274
266,1,204.508,0.110258
265.5,1,203.642,0.110243
265,1,202.776,0.110227
264.5,1,201.91,0.110213
264,1,201.044,0.110198
263.5,1,200.178,0.110183
263,1,199.312,0.110169
262.5,1,198.446,0.110154
262,1,197.58,0.11014
261.5,1,196.714,0.110126
261,1,195.847,0.110112
260.5,1,194.981,0.110098
260,1,194.115,0.110084
259.5,1,193.249,0.110071
259,1,192.383,0.110058
258.5,1,191.517,0.110045
258,1,190.651,0.110033
257.5,1,189.785,0.11002
257,1,188.919,0.110007
256.5,1,188.053,0.109995
256,1,187.187,0.109983
255.5,1,186.321,0.109971
255,1,185.455,0.10996
254.5,1,184.589,0.109948
254,1,183.723,0.109937
253.5,1,182.857,0.109926
253,1,181.991,0.109915
252.5,1,181.125,0.109904
252,1,180.259,0.109893
251.5,1,179.393,0.109882
251,1,178.527,0.109871
250.5,1,177.661,0.109861
250,1,176.795,0.109851
249.5,1,175.929,0.109841
249,1,175.063,0.109831
248.5,1,174.197,0.109821
248,1,173.331,0.109811
247.5,1,172.465,0.109802
247,1,171.599,0.109792
246.5,1,170.733,0.109783
246,1,169.867,0.109774
245.5,1,169.001,0.109765
245,1,168.135,0.109756
244.5,1,167.269,0.109747
244,1,166.403,0.109739
243.5,1,165.537,0.10973
243,1,164.671,0.109722
242.5,1,163.805,0.109714
242,1,162.939,0.109706
241.5,1,162.072,0.109698
241,1,161.206,0.109691
240.5,1,160.34,0.109683
240,1,159.474,0.109675
239.5,1,158.608,0.109668
239,1,157.742,0.10966
238.5,1,156.876,0.109653
238,1,156.01,0.109646
237.5,1,155.144,0.109639
237,1,154.278,0.109632
236.5,1,153.412,0.109625
236,1,152.546,0.109618
235.5,1,151.68,0.109612
235,1,150.814,0.109605
234.5,1,149.948,0.109598
234,1,149.082,0.109592
233.5,1,148.216,0.109586
233,1,147.35,0.10958
232.5,1,146.484,0.109574
232,1,145.618,0.109568
231.5,1,144.752,0.109562
231,1,143.886,0.109556
230.5,1,143.02,0.10955
230,1,142.154,0.109545
229.5,1,141.288,0.109539
229,1,140.422,0.109534
228.5,1,139.556,0.109529
228,1,138.69,0.109523
227.5,1,137.824,0.109518
227,1,136.958,0.109513
226.5,1,136.092,0.109508
226,1,135.226,0.109503
225.5,1,134.36,0.109498
225,1,133.494,0.109493
224.5,1,132.628,0.109489
224,1,131.762,0.109484
223.5,1,130.896,0.10948
223,1,130.03,0.109475
222.5,1,129.164,0.109471
222,1,128.297,0.109466
221.5,1,127.431,0.109462
221,1,126.565,0.109458
220.5,1,125.699,0.109454
220,1,124.833,0.109449
219.5,1,123.967,0.109445
219,1,123.101,0.109441
218.5,1,122.235,0.109438
218,1,121.369,0.109434
217.5,1,120.503,0.10943
217,1,119.637,0.109427
216.5,1,118.771,0.109423
216,1,117.905,0.10942
215.5,1,117.039,0.109416
215,1,116.173,0.109412
214.5,1,115.307,0.109409
214,1,114.441,0.109405
213.5,1,113.575,0.109402
213,1,112.709,0.109399
212.5,1,111.843,0.109395
212,1,110.977,0.109392
211.5,1,110.111,0.109389
211,1,109.245,0.109386
210.5,1,108.379,0.109383
210,1,107.513,0.109381
209.5,1,106.647,0.109378
209,1,105.781,0.109375
208.5,1,104.915,0.109372
208,1,104.049,0.109369
207.5,1,103.183,0.109366
207,1,102.317,0.109363
206.5,1,101.451,0.10936
206,1,100.585,0.109358
205.5,1,99.7187,0.109355
205,1,98.8526,0.109353
204.5,1,97.9866,0.109351
204,1,97.1206,0.109349
203.5,1,96.2546,0.109346
203,1,95.3885,0.109344
202.5,1,94.5225,0.109341
202,1,93.6565,0.109339
201.5,1,92.7905,0.109336
201,1,91.9244,0.109334
200.5,1,91.0584,0.109331
200,1,90.1924,0.109329
