x,y,z,b
500,1,609.808,0.109913
499.5,1,608.942,0.11004
499,1,608.076,0.110168
498.5,1,607.21,0.110299
498,1,606.344,0.110432
497.5,1,605.477,0.110567
497,1,604.611,0.110705
496.5,1,603.745,0.110855
496,1,602.879,0.111014
495.5,1,602.013,0.111175
495,1,601.147,0.111338
494.5,1,600.281,0.111504
494,1,599.415,0.111673
493.5,1,598.549,0.111845
493,1,597.683,0.112026
492.5,1,596.817,0.112208
492,1,595.951,0.112392
491.5,1,595.085,0.112578
491,1,594.219,0.112766
490.5,1,593.353,0.112957
490,1,592.487,0.113161
489.5,1,591.621,0.113368
489,1,590.755,0.113577
488.5,1,589.889,0.113789
488,1,589.023,0.114003
487.5,1,588.157,0.11422
487,1,587.291,0.114434
486.5,1,586.425,0.114649
486,1,585.559,0.114866
485.5,1,584.693,0.115085
485,1,583.827,0.115307
484.5,1,582.961,0.115531
484,1,582.095,0.115757
483.5,1,581.229,0.115984
483,1,580.363,0.116215
482.5,1,579.497,0.116448
482,1,578.631,0.116684
481.5,1,577.765,0.116923
481,1,576.899,0.117165
480.5,1,576.033,0.117401
480,1,575.167,0.117641
479.5,1,574.301,0.117884
479,1,573.435,0.118131
478.5,1,572.569,0.118381
478,1,571.703,0.118638
477.5,1,570.836,0.118907
477,1,569.97,0.119184
476.5,1,569.104,0.119467
476,1,568.238,0.119756
475.5,1,567.372,0.120051
475,1,566.506,0.120351
474.5,1,565.64,0.120666
474,1,564.774,0.120998
473.5,1,563.908,0.121338
473,1,563.042,0.121687
472.5,1,562.176,0.122049
472,1,561.31,0.12242
471.5,1,560.444,0.122806
471,1,559.578,0.123242
470.5,1,558.712,0.123691
470,1,557.846,0.124153
469.5,1,556.98,0.12463
469,1,556.114,0.12512
468.5,1,555.248,0.125624
468,1,554.382,0.126206
467.5,1,553.516,0.126823
467,1,552.65,0.127464
466.5,1,551.784,0.128125
466,1,550.918,0.128805
465.5,1,550.052,0.129505
465,1,549.186,0.130298
464.5,1,548.32,0.131193
464,1,547.454,0.132119
463.5,1,546.588,0.133075
463,1,545.722,0.134062
462.5,1,544.856,0.13508
462,1,543.99,0.136125
461.5,1,543.124,0.137182
461,1,542.258,0.138239
460.5,1,541.392,0.139296
460,1,540.526,0.140353
459.5,1,539.66,0.141411
459,1,538.794,0.14247
458.5,1,537.928,0.143061
458,1,537.061,0.143559
457.5,1,536.195,0.144039
457,1,535.329,0.1445
456.5,1,534.463,0.144923
456,1,533.597,0.145297
455.5,1,532.731,0.145614
455,1,531.865,0.145877
454.5,1,530.999,0.14614
454,1,530.133,0.146403
453.5,1,529.267,0.146668
453,1,528.401,0.146932
452.5,1,527.535,0.147279
452,1,526.669,0.147901
451.5,1,525.803,0.148525
451,1,524.937,0.14911
450.5,1,524.071,0.149616
450,1,523.205,0.15012
449.5,1,522.339,0.15062
449,1,521.473,0.151746
448.5,1,520.607,0.152944
448,1,519.741,0.154157
447.5,1,518.875,0.155384
447,1,518.009,0.156625
446.5,1,517.143,0.157881
446,1,516.277,0.159164
445.5,1,515.411,0.160378
445,1,514.545,0.16145
444.5,1,513.679,0.162506
444,1,512.813,0.163549
443.5,1,511.947,0.164577
443,1,511.081,0.165496
442.5,1,510.215,0.166161
442,1,509.349,0.166804
441.5,1,508.483,0.167426
441,1,507.617,0.168025
440.5,1,506.751,0.168603
440,1,505.885,0.169007
439.5,1,505.019,0.169171
439,1,504.153,0.169335
438.5,1,503.286,0.169502
438,1,502.42,0.16967
437.5,1,501.554,0.169841
437,1,500.688,0.170014
436.5,1,499.822,0.170285
436,1,498.956,0.170615
435.5,1,498.09,0.170957
435,1,497.224,0.171311
434.5,1,496.358,0.171613
434,1,495.492,0.171844
433.5,1,494.626,0.172033
433,1,493.76,0.172134
432.5,1,492.894,0.172171
432,1,492.028,0.172144
431.5,1,491.162,0.172054
431,1,490.296,0.1719
430.5,1,489.43,0.17168
430,1,488.564,0.171289
429.5,1,487.698,0.170789
429,1,486.832,0.170228
428.5,1,485.966,0.169622
428,1,485.1,0.168946
427.5,1,484.234,0.168201
427,1,483.368,0.167461
426.5,1,482.502,0.166658
426,1,481.636,0.165759
425.5,1,480.77,0.164763
425,1,479.904,0.163671
424.5,1,479.038,0.162482
424,1,478.172,0.161265
423.5,1,477.306,0.160417
423,1,476.44,0.159741
422.5,1,475.574,0.159058
422,1,474.708,0.158368
421.5,1,473.842,0.157672
421,1,472.976,0.156989
420.5,1,472.11,0.156528
420,1,471.244,0.156038
419.5,1,470.378,0.155522
419,1,469.512,0.154978
418.5,1,468.645,0.154407
418,1,467.779,0.154084
417.5,1,466.913,0.154057
417,1,466.047,0.15411
416.5,1,465.181,0.154194
416,1,464.315,0.154309
415.5,1,463.449,0.154455
415,1,462.583,0.154632
414.5,1,461.717,0.154959
414,1,460.851,0.155445
413.5,1,459.985,0.15594
413,1,459.119,0.156444
412.5,1,458.253,0.156973
412,1,457.387,0.157516
411.5,1,456.521,0.158055
411,1,455.655,0.158533
410.5,1,454.789,0.159042
410,1,453.923,0.159582
409.5,1,453.057,0.160154
409,1,452.191,0.160757
408.5,1,451.325,0.161392
408,1,450.459,0.162109
407.5,1,449.593,0.162901
407,1,448.727,0.163881
406.5,1,447.861,0.16494
406,1,446.995,0.166055
405.5,1,446.129,0.167225
405,1,445.263,0.168287
404.5,1,444.397,0.16924
404,1,443.531,0.170243
403.5,1,442.665,0.171294
403,1,441.799,0.172394
402.5,1,440.933,0.173543
402,1,440.067,0.174689
401.5,1,439.201,0.175791
401,1,438.335,0.176981
400.5,1,437.469,0.17825
400,1,436.603,0.179597
399.5,1,435.737,0.181021
399,1,434.87,0.182524
398.5,1,434.004,0.182887
398,1,433.138,0.183102
397.5,1,432.272,0.183335
397,1,431.406,0.183584
396.5,1,430.54,0.18385
396,1,429.674,0.184159
395.5,1,428.808,0.184696
395,1,427.942,0.185256
394.5,1,427.076,0.185658
394,1,426.21,0.1859
393.5,1,425.344,0.185984
393,1,424.478,0.185908
392.5,1,423.612,0.185524
392,1,422.746,0.184617
391.5,1,421.88,0.18369
391,1,421.014,0.182743
390.5,1,420.148,0.181792
390,1,419.282,0.180847
389.5,1,418.416,0.179908
389,1,417.55,0.177306
388.5,1,416.684,0.174618
388,1,415.818,0.171963
387.5,1,414.952,0.169339
387,1,414.086,0.166746
386.5,1,413.22,0.164186
386,1,412.354,0.161487
385.5,1,411.488,0.158608
385,1,410.622,0.15553
384.5,1,409.756,0.15248
384,1,408.89,0.149457
383.5,1,408.024,0.146462
383,1,407.158,0.144094
382.5,1,406.292,0.143053
382,1,405.426,0.141943
381.5,1,404.56,0.140764
381,1,403.694,0.139515
380.5,1,402.828,0.138196
380,1,401.962,0.136829
379.5,1,401.095,0.136541
379,1,400.229,0.136186
378.5,1,399.363,0.135754
378,1,398.497,0.135244
377.5,1,397.631,0.134658
377,1,396.765,0.133994
376.5,1,395.899,0.133946
376,1,395.033,0.134291
375.5,1,394.167,0.134722
375,1,393.301,0.13524
374.5,1,392.435,0.135958
374,1,391.569,0.137237
373.5,1,390.703,0.138975
373,1,389.837,0.141359
372.5,1,388.971,0.14393
372,1,388.105,0.146688
371.5,1,387.239,0.149632
371,1,386.373,0.152764
370.5,1,385.507,0.156059
370,1,384.641,0.159008
369.5,1,383.775,0.162071
369,1,382.909,0.165299
368.5,1,382.043,0.168757
368,1,381.177,0.172316
367.5,1,380.311,0.175975
367,1,379.445,0.178778
366.5,1,378.579,0.181281
366,1,377.713,0.183828
365.5,1,376.847,0.186418
365,1,375.981,0.189052
364.5,1,375.115,0.19173
364,1,374.249,0.193339
363.5,1,373.383,0.19326
363,1,372.517,0.193057
362.5,1,371.651,0.193079
362,1,370.785,0.193328
361.5,1,369.919,0.193803
361,1,369.053,0.194406
360.5,1,368.187,0.194473
360,1,367.321,0.194945
359.5,1,366.454,0.195822
359,1,365.588,0.197103
358.5,1,364.722,0.19879
358,1,363.856,0.200615
357.5,1,362.99,0.195389
357,1,362.124,0.189048
356.5,1,361.258,0.18357
356,1,360.392,0.178954
355.5,1,359.526,0.1752
355,1,358.66,0.17231
354.5,1,357.794,0.183401
354,1,356.928,0.211465
353.5,1,356.062,0.242353
353,1,355.196,0.276063
352.5,1,354.33,0.304334
352,1,353.464,0.320717
351.5,1,352.598,0.329218
351,1,351.732,0.317768
350.5,1,350.866,0.306744
350,1,350,0.296146
349.5,1,349.134,0.285974
349,1,348.268,0.276228
348.5,1,347.402,0.266908
348,1,346.536,0.260592
347.5,1,345.67,0.256396
347,1,344.804,0.25772
346.5,1,343.938,0.262406
346,1,343.072,0.266593
345.5,1,342.206,0.27028
345,1,341.34,0.271477
344.5,1,340.474,0.270686
344,1,339.608,0.26978
343.5,1,338.742,0.268759
343,1,337.876,0.267622
342.5,1,337.01,0.26637
342,1,336.144,0.26462
341.5,1,335.278,0.260892
341,1,334.412,0.25691
340.5,1,333.546,0.253051
340,1,332.679,0.249317
339.5,1,331.813,0.245706
339,1,330.947,0.242219
338.5,1,330.081,0.240909
338,1,329.215,0.239912
337.5,1,328.349,0.238994
337,1,327.483,0.238155
336.5,1,326.617,0.237395
336,1,325.751,0.236758
335.5,1,324.885,0.236998
335,1,324.019,0.237661
334.5,1,323.153,0.238139
334,1,322.287,0.238432
333.5,1,321.421,0.23854
333,1,320.555,0.238463
332.5,1,319.689,0.238588
332,1,318.823,0.239208
331.5,1,317.957,0.239052
331,1,317.091,0.238119
330.5,1,316.225,0.237843
330,1,315.359,0.237712
329.5,1,314.493,0.237223
329,1,313.627,0.24114
328.5,1,312.761,0.244902
328,1,311.895,0.24828
327.5,1,311.029,0.251274
327,1,310.163,0.253883
326.5,1,309.297,0.256108
326,1,308.431,0.262195
325.5,1,307.565,0.270726
325,1,306.699,0.279201
324.5,1,305.833,0.286661
324,1,304.967,0.293029
323.5,1,304.101,0.298304
323,1,303.235,0.297594
322.5,1,302.369,0.285754
322,1,301.503,0.273041
321.5,1,300.637,0.259454
321,1,299.771,0.244995
320.5,1,298.905,0.229663
320,1,298.038,0.213528
319.5,1,297.172,0.209432
319,1,296.306,0.206707
318.5,1,295.44,0.204403
318,1,294.574,0.20252
317.5,1,293.708,0.201057
317,1,292.842,0.200016
316.5,1,291.976,0.19939
316,1,291.11,0.198773
315.5,1,290.244,0.198095
315,1,289.378,0.197357
314.5,1,288.512,0.196558
314,1,287.646,0.197246
313.5,1,286.78,0.197134
313,1,285.914,0.195612
312.5,1,285.048,0.194446
312,1,284.182,0.193637
311.5,1,283.316,0.193185
311,1,282.45,0.193089
310.5,1,281.584,0.193371
310,1,280.718,0.194257
309.5,1,279.852,0.195396
309,1,278.986,0.196786
308.5,1,278.12,0.196001
308,1,277.254,0.195281
307.5,1,276.388,0.194705
307,1,275.522,0.194702
306.5,1,274.656,0.194868
306,1,273.79,0.195044
305.5,1,272.924,0.195227
305,1,272.058,0.19542
304.5,1,271.192,0.195621
304,1,270.326,0.196115
303.5,1,269.46,0.196875
303,1,268.594,0.19651
302.5,1,267.728,0.196139
302,1,266.862,0.195761
301.5,1,265.996,0.195378
301,1,265.13,0.194999
300.5,1,264.263,0.194585
300,1,263.397,0.193949
299.5,1,262.531,0.193093
299,1,261.665,0.192016
298.5,1,260.799,0.190718
298,1,259.933,0.189109
297.5,1,259.067,0.186694
297,1,258.201,0.18423
296.5,1,257.335,0.181667
296,1,256.469,0.179005
295.5,1,255.603,0.176246
295,1,254.737,0.173389
294.5,1,253.871,0.170163
294,1,253.005,0.166567
293.5,1,252.139,0.162881
293,1,251.273,0.159107
292.5,1,250.407,0.155319
292,1,249.541,0.151926
291.5,1,248.675,0.148503
291,1,247.809,0.144825
290.5,1,246.943,0.141258
290,1,246.077,0.137802
289.5,1,245.211,0.134457
289,1,244.345,0.131223
288.5,1,243.479,0.128101
288,1,242.613,0.125111
287.5,1,241.747,0.122263
287,1,240.881,0.119692
286.5,1,240.015,0.117704
286,1,239.149,0.115785
285.5,1,238.283,0.113934
285,1,237.417,0.112272
284.5,1,236.551,0.110777
284,1,235.685,0.10935
283.5,1,234.819,0.107991
283,1,233.953,0.106699
282.5,1,233.087,0.105475
282,1,232.221,0.104386
281.5,1,231.355,0.103621
281,1,230.488,0.102999
280.5,1,229.622,0.102403
280,1,228.756,0.101835
279.5,1,227.89,0.101293
279,1,227.024,0.100779
278.5,1,226.158,0.1005
278,1,225.292,0.100257
277.5,1,224.426,0.100032
277,1,223.56,0.0998227
276.5,1,222.694,0.0996307
276,1,221.828,0.0994629
275.5,1,220.962,0.0994
275,1,220.096,0.0993958
274.5,1,219.23,0.0993979
274,1,218.364,0.0994063
273.5,1,217.498,0.0994211
273,1,216.632,0.0994421
272.5,1,215.766,0.0994956
272,1,214.9,0.0996183
271.5,1,214.034,0.0997453
271,1,213.168,0.0998766
270.5,1,212.302,0.100015
270,1,211.436,0.10016
269.5,1,210.57,0.100307
269,1,209.704,0.100477
268.5,1,208.838,0.100648
268,1,207.972,0.100818
267.5,1,207.106,0.100988
267,1,206.24,0.101158
266.5,1,205.374,0.101328
266,1,204.508,0.101498
265.5,1,203.642,0.101668
265,1,202.776,0.101838
264.5,1,201.91,0.102008
264,1,201.044,0.102178
263.5,1,200.178,0.102347
263,1,199.312,0.102513
262.5,1,198.446,0.102673
262,1,197.58,0.102833
261.5,1,196.714,0.102992
261,1,195.847,0.10315
260.5,1,194.981,0.103307
260,1,194.115,0.103462
259.5,1,193.249,0.103607
259,1,192.383,0.103751
258.5,1,191.517,0.103894
258,1,190.651,0.104036
257.5,1,189.785,0.104177
257,1,188.919,0.104317
256.5,1,188.053,0.104447
256,1,187.187,0.104572
255.5,1,186.321,0.104697
255,1,185.455,0.10482
254.5,1,184.589,0.104942
254,1,183.723,0.105064
253.5,1,182.857,0.10518
253,1,181.991,0.105288
252.5,1,181.125,0.105396
252,1,180.259,0.105502
251.5,1,179.393,0.105608
251,1,178.527,0.105713
250.5,1,177.661,0.105815
250,1,176.795,0.105907
249.5,1,175.929,0.105997
249,1,175.063,0.106087
248.5,1,174.197,0.106177
248,1,173.331,0.106265
247.5,1,172.465,0.106353
247,1,171.599,0.106434
246.5,1,170.733,0.106512
246,1,169.867,0.106589
245.5,1,169.001,0.106665
245,1,168.135,0.106741
244.5,1,167.269,0.106816
244,1,166.403,0.106886
243.5,1,165.537,0.106951
243,1,164.671,0.107015
242.5,1,163.805,0.107079
242,1,162.939,0.107142
241.5,1,162.072,0.107205
241,1,161.206,0.107266
240.5,1,160.34,0.107321
240,1,159.474,0.107375
239.5,1,158.608,0.107429
239,1,157.742,0.107482
238.5,1,156.876,0.107535
238,1,156.01,0.107587
237.5,1,155.144,0.107634
237,1,154.278,0.10768
236.5,1,153.412,0.107725
236,1,152.546,0.107769
235.5,1,151.68,0.107814
235,1,150.814,0.107858
234.5,1,149.948,0.107899
234,1,149.082,0.107937
233.5,1,148.216,0.107975
233,1,147.35,0.108013
232.5,1,146.484,0.10805
232,1,145.618,0.108087
231.5,1,144.752,0.108122
231,1,143.886,0.108154
230.5,1,143.02,0.108185
230,1,142.154,0.108216
229.5,1,141.288,0.108247
229,1,140.422,0.108277
228.5,1,139.556,0.108307
228,1,138.69,0.108334
227.5,1,137.824,0.108361
227,1,136.958,0.108387
226.5,1,136.092,0.108413
226,1,135.226,0.108439
225.5,1,134.36,0.108465
225,1,133.494,0.108488
224.5,1,132.628,0.10851
224,1,131.762,0.108531
223.5,1,130.896,0.108552
223,1,130.03,0.108573
222.5,1,129.164,0.108594
222,1,128.297,0.108614
221.5,1,127.431,0.108633
221,1,126.565,0.108651
220.5,1,125.699,0.108669
220,1,124.833,0.108687
219.5,1,123.967,0.108705
219,1,123.101,0.108723
218.5,1,122.235,0.108738
218,1,121.369,0.108753
217.5,1,120.503,0.108767
217,1,119.637,0.108782
216.5,1,118.771,0.108796
216,1,117.905,0.10881
215.5,1,117.039,0.108823
215,1,116.173,0.108836
214.5,1,115.307,0.108848
214,1,114.441,0.108861
213.5,1,113.575,0.108873
213,1,112.709,0.108885
212.5,1,111.843,0.108896
212,1,110.977,0.108906
211.5,1,110.111,0.108915
211,1,109.245,0.108924
210.5,1,108.379,0.108933
210,1,107.513,0.108942
209.5,1,106.647,0.108951
209,1,105.781,0.10896
208.5,1,104.915,0.108968
208,1,104.049,0.108976
207.5,1,103.183,0.108984
207,1,102.317,0.108992
206.5,1,101.451,0.109
206,1,100.585,0.109007
205.5,1,99.7187,0.109014
205,1,98.8526,0.109021
204.5,1,97.9866,0.109027
204,1,97.1206,0.109034
203.5,1,96.2546,0.10904
203,1,95.3885,0.109046
202.5,1,94.5225,0.109051
202,1,93.6565,0.109055
201.5,1,92.7905,0.10906
201,1,91.9244,0.109064
200.5,1,91.0584,0.109068
200,1,90.1924,0.109073
