x,y,z,b
500,1,609.808,0.108642
499.5,1,608.942,0.108631
499,1,608.076,0.10862
498.5,1,607.21,0.108608
498,1,606.344,0.108597
497.5,1,605.477,0.108585
497,1,604.611,0.108573
496.5,1,603.745,0.10856
496,1,602.879,0.108547
495.5,1,602.013,0.108534
495,1,601.147,0.10852
494.5,1,600.281,0.108506
494,1,599.415,0.108493
493.5,1,598.549,0.108478
493,1,597.683,0.108463
492.5,1,596.817,0.108447
492,1,595.951,0.108431
491.5,1,595.085,0.108415
491,1,594.219,0.108399
490.5,1,593.353,0.108383
490,1,592.487,0.108365
489.5,1,591.621,0.108346
489,1,590.755,0.108328
488.5,1,589.889,0.108309
488,1,589.023,0.10829
487.5,1,588.157,0.108271
487,1,587.291,0.108251
486.5,1,586.425,0.108229
486,1,585.559,0.108207
485.5,1,584.693,0.108185
485,1,583.827,0.108163
484.5,1,582.961,0.108141
484,1,582.095,0.108118
483.5,1,581.229,0.108093
483,1,580.363,0.108067
482.5,1,579.497,0.108042
482,1,578.631,0.108016
481.5,1,577.765,0.10799
481,1,576.899,0.107964
480.5,1,576.033,0.107934
480,1,575.167,0.107904
479.5,1,574.301,0.107873
479,1,573.435,0.107843
478.5,1,572.569,0.107812
478,1,571.703,0.10778
477.5,1,570.836,0.107746
477,1,569.97,0.107711
476.5,1,569.104,0.107675
476,1,568.238,0.107639
475.5,1,567.372,0.107603
475,1,566.506,0.107566
474.5,1,565.64,0.107527
474,1,564.774,0.107485
473.5,1,563.908,0.107443
473,1,563.042,0.1074
472.5,1,562.176,0.107357
472,1,561.31,0.107313
471.5,1,560.444,0.107269
471,1,559.578,0.107219
470.5,1,558.712,0.107169
470,1,557.846,0.107119
469.5,1,556.98,0.107068
469,1,556.114,0.107017
468.5,1,555.248,0.106965
468,1,554.382,0.106907
467.5,1,553.516,0.106847
467,1,552.65,0.106786
466.5,1,551.784,0.106725
466,1,550.918,0.106664
465.5,1,550.052,0.106601
465,1,549.186,0.106535
464.5,1,548.32,0.106464
464,1,547.454,0.106393
463.5,1,546.588,0.10632
463,1,545.722,0.106247
462.5,1,544.856,0.106174
462,1,543.99,0.106098
461.5,1,543.124,0.106013
461,1,542.258,0.105928
460.5,1,541.392,0.105842
460,1,540.526,0.105756
459.5,1,539.66,0.105668
459,1,538.794,0.105579
458.5,1,537.928,0.10548
458,1,537.061,0.105379
457.5,1,536.195,0.105276
457,1,535.329,0.105172
456.5,1,534.463,0.105067
456,1,533.597,0.104961
455.5,1,532.731,0.104848
455,1,531.865,0.104727
454.5,1,530.999,0.104606
454,1,530.133,0.104483
453.5,1,529.267,0.104359
453,1,528.401,0.104234
452.5,1,527.535,0.104104
452,1,526.669,0.103963
451.5,1,525.803,0.10382
451,1,524.937,0.103676
450.5,1,524.071,0.103531
450,1,523.205,0.103383
449.5,1,522.339,0.103235
449,1,521.473,0.103076
448.5,1,520.607,0.102915
448,1,519.741,0.102752
447.5,1,518.875,0.102589
447,1,518.009,0.102423
446.5,1,517.143,0.102256
446,1,516.277,0.102084
445.5,1,515.411,0.101908
445,1,514.545,0.101731
444.5,1,513.679,0.101554
444,1,512.813,0.101376
443.5,1,511.947,0.101197
443,1,511.081,0.101018
442.5,1,510.215,0.100839
442,1,509.349,0.10066
441.5,1,508.483,0.10048
441,1,507.617,0.1003
440.5,1,506.751,0.100119
440,1,505.885,0.0999412
439.5,1,505.019,0.0998046
439,1,504.153,0.0996933
438.5,1,503.286,0.0996066
438,1,502.42,0.0995444
437.5,1,501.554,0.0995068
437,1,500.688,0.0994937
436.5,1,499.822,0.0995818
436,1,498.956,0.0997285
435.5,1,498.09,0.0998925
435,1,497.224,0.100074
434.5,1,496.358,0.100324
434,1,495.492,0.100645
433.5,1,494.626,0.101038
433,1,493.76,0.101556
432.5,1,492.894,0.102123
432,1,492.028,0.102742
431.5,1,491.162,0.103411
431,1,490.296,0.10413
430.5,1,489.43,0.104904
430,1,488.564,0.105856
429.5,1,487.698,0.106847
429,1,486.832,0.108065
428.5,1,485.966,0.10946
428,1,485.1,0.110907
427.5,1,484.234,0.112406
427,1,483.368,0.113998
426.5,1,482.502,0.115629
426,1,481.636,0.117277
425.5,1,480.77,0.118942
425,1,479.904,0.120625
424.5,1,479.038,0.122324
424,1,478.172,0.124065
423.5,1,477.306,0.125766
423,1,476.44,0.12739
422.5,1,475.574,0.128973
422,1,474.708,0.130514
421.5,1,473.842,0.132016
421,1,472.976,0.133508
420.5,1,472.11,0.135364
420,1,471.244,0.137259
419.5,1,470.378,0.139193
419,1,469.512,0.141167
418.5,1,468.645,0.143181
418,1,467.779,0.145261
417.5,1,466.913,0.147752
417,1,466.047,0.150458
416.5,1,465.181,0.153283
416,1,464.315,0.156228
415.5,1,463.449,0.159292
415,1,462.583,0.162476
414.5,1,461.717,0.165878
414,1,460.851,0.169507
413.5,1,459.985,0.173244
413,1,459.119,0.177088
412.5,1,458.253,0.180997
412,1,457.387,0.184944
411.5,1,456.521,0.188909
411,1,455.655,0.192727
410.5,1,454.789,0.196523
410,1,453.923,0.200297
409.5,1,453.057,0.204048
409,1,452.191,0.207778
408.5,1,451.325,0.211484
408,1,450.459,0.214701
407.5,1,449.593,0.217704
407,1,448.727,0.221191
406.5,1,447.861,0.224631
406,1,446.995,0.227907
405.5,1,446.129,0.23102
405,1,445.263,0.233758
404.5,1,444.397,0.23622
404,1,443.531,0.238639
403.5,1,442.665,0.241017
403,1,441.799,0.243353
402.5,1,440.933,0.245646
402,1,440.067,0.247771
401.5,1,439.201,0.248971
401,1,438.335,0.250488
400.5,1,437.469,0.252378
400,1,436.603,0.254642
399.5,1,435.737,0.25728
399,1,434.87,0.260292
398.5,1,434.004,0.264823
398,1,433.138,0.269725
397.5,1,432.272,0.274828
397,1,431.406,0.280134
396.5,1,430.54,0.285642
396,1,429.674,0.287302
395.5,1,428.808,0.288999
395,1,427.942,0.290806
394.5,1,427.076,0.292692
394,1,426.21,0.29466
393.5,1,425.344,0.296708
393,1,424.478,0.298837
392.5,1,423.612,0.30055
392,1,422.746,0.300788
391.5,1,421.88,0.301008
391,1,421.014,0.301207
390.5,1,420.148,0.301615
390,1,419.282,0.302479
389.5,1,418.416,0.303801
389,1,417.55,0.304832
388.5,1,416.684,0.305932
388,1,415.818,0.307142
387.5,1,414.952,0.308463
387,1,414.086,0.309893
386.5,1,413.22,0.311434
386,1,412.354,0.312893
385.5,1,411.488,0.314195
385,1,410.622,0.315818
384.5,1,409.756,0.317226
384,1,408.89,0.318421
383.5,1,408.024,0.319402
383,1,407.158,0.317131
382.5,1,406.292,0.30729
382,1,405.426,0.296568
381.5,1,404.56,0.284965
381,1,403.694,0.272482
380.5,1,402.828,0.259118
380,1,401.962,0.24519
379.5,1,401.095,0.234868
379,1,400.229,0.224423
378.5,1,399.363,0.213832
378,1,398.497,0.203096
377.5,1,397.631,0.192214
377,1,396.765,0.181186
376.5,1,395.899,0.175873
376,1,395.033,0.173356
375.5,1,394.167,0.170845
375,1,393.301,0.16834
374.5,1,392.435,0.166007
374,1,391.569,0.16422
373.5,1,390.703,0.162816
373,1,389.837,0.162287
372.5,1,388.971,0.161886
372,1,388.105,0.161613
371.5,1,387.239,0.161467
371,1,386.373,0.161449
370.5,1,385.507,0.161531
370,1,384.641,0.161136
369.5,1,383.775,0.160804
369,1,382.909,0.160711
368.5,1,382.043,0.161229
368,1,381.177,0.16196
367.5,1,380.311,0.162906
367,1,379.445,0.163694
366.5,1,378.579,0.164489
366,1,377.713,0.165417
365.5,1,376.847,0.166477
365,1,375.981,0.167669
364.5,1,375.115,0.168993
364,1,374.249,0.170514
363.5,1,373.383,0.172679
363,1,372.517,0.175334
362.5,1,371.651,0.177946
362,1,370.785,0.180515
361.5,1,369.919,0.183039
361,1,369.053,0.185551
360.5,1,368.187,0.188183
360,1,367.321,0.190578
359.5,1,366.454,0.192737
359,1,365.588,0.194661
358.5,1,364.722,0.196348
358,1,363.856,0.197921
357.5,1,362.99,0.199062
357,1,362.124,0.200373
356.5,1,361.258,0.202039
356,1,360.392,0.204061
355.5,1,359.526,0.206439
355,1,358.66,0.209172
354.5,1,357.794,0.215723
354,1,356.928,0.229275
353.5,1,356.062,0.246952
353,1,355.196,0.268754
352.5,1,354.33,0.287858
352,1,353.464,0.299235
351.5,1,352.598,0.300625
351,1,351.732,0.257006
350.5,1,350.866,0.215359
350,1,350,0.175683
349.5,1,349.134,0.137979
349,1,348.268,0.102246
348.5,1,347.402,0.0684849
348,1,346.536,0.0671479
347.5,1,345.67,0.0706321
347,1,344.804,0.0768933
346.5,1,343.938,0.0853344
346,1,343.072,0.0924836
345.5,1,342.206,0.0983408
345,1,341.34,0.104077
344.5,1,340.474,0.109234
344,1,339.608,0.112662
343.5,1,338.742,0.114361
343,1,337.876,0.114331
342.5,1,337.01,0.112573
342,1,336.144,0.109795
341.5,1,335.278,0.109228
341,1,334.412,0.108571
340.5,1,333.546,0.107527
340,1,332.679,0.106097
339.5,1,331.813,0.104279
339,1,330.947,0.102074
338.5,1,330.081,0.101654
338,1,329.215,0.101427
337.5,1,328.349,0.101166
337,1,327.483,0.10087
336.5,1,326.617,0.10054
336,1,325.751,0.100333
335.5,1,324.885,0.10039
335,1,324.019,0.100614
334.5,1,323.153,0.100866
334,1,322.287,0.101148
333.5,1,321.421,0.101459
333,1,320.555,0.101798
332.5,1,319.689,0.102178
332,1,318.823,0.102598
331.5,1,317.957,0.103023
331,1,317.091,0.10345
330.5,1,316.225,0.103921
330,1,315.359,0.104406
329.5,1,314.493,0.104886
329,1,313.627,0.105
328.5,1,312.761,0.105108
328,1,311.895,0.105228
327.5,1,311.029,0.10536
327,1,310.163,0.105504
326.5,1,309.297,0.105661
326,1,308.431,0.105866
325.5,1,307.565,0.106094
325,1,306.699,0.106339
324.5,1,305.833,0.106587
324,1,304.967,0.106832
323.5,1,304.101,0.107075
323,1,303.235,0.107276
322.5,1,302.369,0.107396
322,1,301.503,0.107521
321.5,1,300.637,0.10765
321,1,299.771,0.107783
320.5,1,298.905,0.107921
320,1,298.038,0.108064
319.5,1,297.172,0.108206
319,1,296.306,0.10835
318.5,1,295.44,0.108494
318,1,294.574,0.108639
317.5,1,293.708,0.108785
317,1,292.842,0.108932
316.5,1,291.976,0.109045
316,1,291.11,0.109143
315.5,1,290.244,0.109243
315,1,289.378,0.109343
314.5,1,288.512,0.109445
314,1,287.646,0.109553
313.5,1,286.78,0.109654
313,1,285.914,0.109743
312.5,1,285.048,0.109831
312,1,284.182,0.109919
311.5,1,283.316,0.110006
311,1,282.45,0.110093
310.5,1,281.584,0.110178
310,1,280.718,0.110241
309.5,1,279.852,0.110303
309,1,278.986,0.110366
308.5,1,278.12,0.110431
308,1,277.254,0.110495
307.5,1,276.388,0.110558
307,1,275.522,0.110607
306.5,1,274.656,0.110652
306,1,273.79,0.110695
305.5,1,272.924,0.110738
305,1,272.058,0.11078
304.5,1,271.192,0.110822
304,1,270.326,0.110857
303.5,1,269.46,0.110885
303,1,268.594,0.110913
302.5,1,267.728,0.11094
302,1,266.862,0.110967
301.5,1,265.996,0.110994
301,1,265.13,0.111018
300.5,1,264.263,0.111031
300,1,263.397,0.111043
299.5,1,262.531,0.111055
299,1,261.665,0.111067
298.5,1,260.799,0.111078
298,1,259.933,0.111089
297.5,1,259.067,0.111094
297,1,258.201,0.111097
296.5,1,257.335,0.111101
296,1,256.469,0.111104
295.5,1,255.603,0.111106
295,1,254.737,0.111109
294.5,1,253.871,0.111107
294,1,253.005,0.111102
293.5,1,252.139,0.111097
293,1,251.273,0.111091
292.5,1,250.407,0.111086
292,1,249.541,0.11108
291.5,1,248.675,0.111073
291,1,247.809,0.111063
290.5,1,246.943,0.111053
290,1,246.077,0.111043
289.5,1,245.211,0.111033
289,1,244.345,0.111023
288.5,1,243.479,0.111012
288,1,242.613,0.110998
287.5,1,241.747,0.110984
287,1,240.881,0.11097
286.5,1,240.015,0.110956
286,1,239.149,0.110941
285.5,1,238.283,0.110927
285,1,237.417,0.110913
284.5,1,236.551,0.110897
284,1,235.685,0.110882
283.5,1,234.819,0.110866
283,1,233.953,0.110851
282.5,1,233.087,0.110836
282,1,232.221,0.11082
281.5,1,231.355,0.110804
281,1,230.488,0.110787
280.5,1,229.622,0.110771
280,1,228.756,0.110755
279.5,1,227.89,0.110739
279,1,227.024,0.110723
278.5,1,226.158,0.110705
278,1,225.292,0.110688
277.5,1,224.426,0.110672
277,1,223.56,0.110655
276.5,1,222.694,0.110638
276,1,221.828,0.110622
275.5,1,220.962,0.110605
275,1,220.096,0.110587
274.5,1,219.23,0.11057
274,1,218.364,0.110553
273.5,1,217.498,0.110536
273,1,216.632,0.110519
272.5,1,215.766,0.110503
272,1,214.9,0.110486
271.5,1,214.034,0.110469
271,1,213.168,0.110453
270.5,1,212.302,0.110437
270,1,211.436,0.110421
269.5,1,210.57,0.110405
269,1,209.704,0.110389
268.5,1,208.838,0.110373
268,1,207.972,0.110357
267.5,1,207.106,0.110341
267,1,206.24,0.110326
266.5,1,205.374,0.11031
266,1,204.508,0.110295
265.5,1,203.642,0.11028
265,1,202.776,0.110265
264.5,1,201.91,0.11025
264,1,201.044,0.110235
263.5,1,200.178,0.110221
263,1,199.312,0.110207
262.5,1,198.446,0.110192
262,1,197.58,0.110178
261.5,1,196.714,0.110164
261,1,195.847,0.11015
260.5,1,194.981,0.110136
260,1,194.115,0.110123
259.5,1,193.249,0.110109
259,1,192.383,0.110096
258.5,1,191.517,0.110083
258,1,190.651,0.110071
257.5,1,189.785,0.110058
257,1,188.919,0.110045
256.5,1,188.053,0.110033
256,1,187.187,0.110021
255.5,1,186.321,0.110009
255,1,185.455,0.109997
254.5,1,184.589,0.109986
254,1,183.723,0.109974
253.5,1,182.857,0.109963
253,1,181.991,0.109952
252.5,1,181.125,0.10994
252,1,180.259,0.109929
251.5,1,179.393,0.109918
251,1,178.527,0.109908
250.5,1,177.661,0.109897
250,1,176.795,0.109886
249.5,1,175.929,0.109876
249,1,175.063,0.109866
248.5,1,174.197,0.109856
248,1,173.331,0.109846
247.5,1,172.465,0.109836
247,1,171.599,0.109826
246.5,1,170.733,0.109817
246,1,169.867,0.109807
245.5,1,169.001,0.109798
245,1,168.135,0.109789
244.5,1,167.269,0.10978
244,1,166.403,0.109771
243.5,1,165.537,0.109763
243,1,164.671,0.109754
242.5,1,163.805,0.109746
242,1,162.939,0.109738
241.5,1,162.072,0.10973
241,1,161.206,0.109722
240.5,1,160.34,0.109714
240,1,159.474,0.109706
239.5,1,158.608,0.109698
239,1,157.742,0.10969
238.5,1,156.876,0.109683
238,1,156.01,0.109675
237.5,1,155.144,0.109668
237,1,154.278,0.109661
236.5,1,153.412,0.109654
236,1,152.546,0.109647
235.5,1,151.68,0.10964
235,1,150.814,0.109633
234.5,1,149.948,0.109626
234,1,149.082,0.10962
233.5,1,148.216,0.109613
233,1,147.35,0.109607
232.5,1,146.484,0.1096
232,1,145.618,0.109594
231.5,1,144.752,0.109588
231,1,143.886,0.109582
230.5,1,143.02,0.109576
230,1,142.154,0.10957
229.5,1,141.288,0.109565
229,1,140.422,0.109559
228.5,1,139.556,0.109553
228,1,138.69,0.109548
227.5,1,137.824,0.109542
227,1,136.958,0.109537
226.5,1,136.092,0.109532
226,1,135.226,0.109526
225.5,1,134.36,0.109521
225,1,133.494,0.109516
224.5,1,132.628,0.109511
224,1,131.762,0.109507
223.5,1,130.896,0.109502
223,1,130.03,0.109497
222.5,1,129.164,0.109492
222,1,128.297,0.109488
221.5,1,127.431,0.109483
221,1,126.565,0.109479
220.5,1,125.699,0.109475
220,1,124.833,0.10947
219.5,1,123.967,0.109466
219,1,123.101,0.109462
218.5,1,122.235,0.109458
218,1,121.369,0.109454
217.5,1,120.503,0.10945
217,1,119.637,0.109446
216.5,1,118.771,0.109442
216,1,117.905,0.109439
215.5,1,117.039,0.109435
215,1,116.173,0.109431
214.5,1,115.307,0.109428
214,1,114.441,0.109424
213.5,1,113.575,0.10942
213,1,112.709,0.109417
212.5,1,111.843,0.109413
212,1,110.977,0.10941
211.5,1,110.111,0.109407
211,1,109.245,0.109404
210.5,1,108.379,0.109401
210,1,107.513,0.109398
209.5,1,106.647,0.109394
209,1,105.781,0.109391
208.5,1,104.915,0.109388
208,1,104.049,0.109385
207.5,1,103.183,0.109382
207,1,102.317,0.109379
206.5,1,101.451,0.109376
206,1,100.585,0.109373
205.5,1,99.7187,0.109371
205,1,98.8526,0.109368
204.5,1,97.9866,0.109366
204,1,97.1206,0.109364
203.5,1,96.2546,0.109361
203,1,95.3885,0.109359
202.5,1,94.5225,0.109356
202,1,93.6565,0.109353
201.5,1,92.7905,0.10935
201,1,91.9244,0.109348
200.5,1,91.0584,0.109345
200,1,90.1924,0.109342
