x,y,z,b
500,1,609.808,0.108694
499.5,1,608.942,0.108684
499,1,608.076,0.108674
498.5,1,607.21,0.108664
498,1,606.344,0.108653
497.5,1,605.477,0.108643
497,1,604.611,0.108632
496.5,1,603.745,0.108621
496,1,602.879,0.108609
495.5,1,602.013,0.108596
495,1,601.147,0.108584
494.5,1,600.281,0.108572
494,1,599.415,0.108559
493.5,1,598.549,0.108547
493,1,597.683,0.108533
492.5,1,596.817,0.108518
492,1,595.951,0.108504
491.5,1,595.085,0.10849
491,1,594.219,0.108475
490.5,1,593.353,0.108461
490,1,592.487,0.108444
489.5,1,591.621,0.108428
489,1,590.755,0.108411
488.5,1,589.889,0.108394
488,1,589.023,0.108378
487.5,1,588.157,0.108361
487,1,587.291,0.108342
486.5,1,586.425,0.108322
486,1,585.559,0.108303
485.5,1,584.693,0.108283
485,1,583.827,0.108263
484.5,1,582.961,0.108243
484,1,582.095,0.108222
483.5,1,581.229,0.108199
483,1,580.363,0.108177
482.5,1,579.497,0.108154
482,1,578.631,0.108131
481.5,1,577.765,0.108107
481,1,576.899,0.108084
480.5,1,576.033,0.108057
480,1,575.167,0.10803
479.5,1,574.301,0.108002
479,1,573.435,0.107974
478.5,1,572.569,0.107946
478,1,571.703,0.107918
477.5,1,570.836,0.107888
477,1,569.97,0.107856
476.5,1,569.104,0.107824
476,1,568.238,0.107791
475.5,1,567.372,0.107759
475,1,566.506,0.107726
474.5,1,565.64,0.107691
474,1,564.774,0.107653
473.5,1,563.908,0.107614
473,1,563.042,0.107576
472.5,1,562.176,0.107537
472,1,561.31,0.107497
471.5,1,560.444,0.107457
471,1,559.578,0.107412
470.5,1,558.712,0.107367
470,1,557.846,0.107322
469.5,1,556.98,0.107276
469,1,556.114,0.107229
468.5,1,555.248,0.107183
468,1,554.382,0.10713
467.5,1,553.516,0.107076
467,1,552.65,0.107021
466.5,1,551.784,0.106966
466,1,550.918,0.10691
465.5,1,550.052,0.106854
465,1,549.186,0.106793
464.5,1,548.32,0.106729
464,1,547.454,0.106664
463.5,1,546.588,0.106599
463,1,545.722,0.106532
462.5,1,544.856,0.106465
462,1,543.99,0.106396
461.5,1,543.124,0.10632
461,1,542.258,0.106242
460.5,1,541.392,0.106164
460,1,540.526,0.106084
459.5,1,539.66,0.106004
459,1,538.794,0.105923
458.5,1,537.928,0.105833
458,1,537.061,0.105741
457.5,1,536.195,0.105647
457,1,535.329,0.105552
456.5,1,534.463,0.105457
456,1,533.597,0.10536
455.5,1,532.731,0.105256
455,1,531.865,0.105145
454.5,1,530.999,0.105033
454,1,530.133,0.104919
453.5,1,529.267,0.104804
453,1,528.401,0.104689
452.5,1,527.535,0.104569
452,1,526.669,0.104437
451.5,1,525.803,0.104304
451,1,524.937,0.104169
450.5,1,524.071,0.104033
450,1,523.205,0.103895
449.5,1,522.339,0.103756
449,1,521.473,0.103606
448.5,1,520.607,0.103452
448,1,519.741,0.103297
447.5,1,518.875,0.103141
447,1,518.009,0.102983
446.5,1,517.143,0.102824
446,1,516.277,0.102656
445.5,1,515.411,0.102482
445,1,514.545,0.102307
444.5,1,513.679,0.10213
444,1,512.813,0.101953
443.5,1,511.947,0.101774
443,1,511.081,0.101593
442.5,1,510.215,0.10141
442,1,509.349,0.101226
441.5,1,508.483,0.101042
441,1,507.617,0.100857
440.5,1,506.751,0.100671
440,1,505.885,0.100486
439.5,1,505.019,0.1003
439,1,504.153,0.100119
438.5,1,503.286,0.0999405
438,1,502.42,0.0997662
437.5,1,501.554,0.0995957
437,1,500.688,0.099429
436.5,1,499.822,0.099349
436,1,498.956,0.0993344
435.5,1,498.09,0.0993454
435,1,497.224,0.099382
434.5,1,496.358,0.0994802
434,1,495.492,0.0996304
433.5,1,494.626,0.0998318
433,1,493.76,0.100122
432.5,1,492.894,0.100441
432,1,492.028,0.100788
431.5,1,491.162,0.101165
431,1,490.296,0.10157
430.5,1,489.43,0.10201
430,1,488.564,0.102664
429.5,1,487.698,0.10336
429,1,486.832,0.104274
428.5,1,485.966,0.10536
428,1,485.1,0.106501
427.5,1,484.234,0.107696
427,1,483.368,0.109022
426.5,1,482.502,0.110424
426,1,481.636,0.111871
425.5,1,480.77,0.113361
425,1,479.904,0.114896
424.5,1,479.038,0.116474
424,1,478.172,0.118115
423.5,1,477.306,0.119891
423,1,476.44,0.121652
422.5,1,475.574,0.123338
422,1,474.708,0.12495
421.5,1,473.842,0.126488
421,1,472.976,0.127978
420.5,1,472.11,0.129723
420,1,471.244,0.131474
419.5,1,470.378,0.133231
419,1,469.512,0.134994
418.5,1,468.645,0.136762
418,1,467.779,0.138375
417.5,1,466.913,0.140358
417,1,466.047,0.142577
416.5,1,465.181,0.144921
416,1,464.315,0.147388
415.5,1,463.449,0.149979
415,1,462.583,0.152693
414.5,1,461.717,0.155721
414,1,460.851,0.159113
413.5,1,459.985,0.162648
413,1,459.119,0.166325
412.5,1,458.253,0.170297
412,1,457.387,0.174407
411.5,1,456.521,0.178603
411,1,455.655,0.182831
410.5,1,454.789,0.18707
410,1,453.923,0.191322
409.5,1,453.057,0.195587
409,1,452.191,0.199864
408.5,1,451.325,0.204153
408,1,450.459,0.207859
407.5,1,449.593,0.211322
407,1,448.727,0.215313
406.5,1,447.861,0.219228
406,1,446.995,0.222938
405.5,1,446.129,0.226445
405,1,445.263,0.229428
404.5,1,444.397,0.231955
404,1,443.531,0.234351
403.5,1,442.665,0.236616
403,1,441.799,0.238751
402.5,1,440.933,0.240755
402,1,440.067,0.242428
401.5,1,439.201,0.243788
401,1,438.335,0.245637
400.5,1,437.469,0.247937
400,1,436.603,0.250687
399.5,1,435.737,0.253888
399,1,434.87,0.257539
398.5,1,434.004,0.263515
398,1,433.138,0.269782
397.5,1,432.272,0.276055
397,1,431.406,0.282335
396.5,1,430.54,0.288621
396,1,429.674,0.291066
395.5,1,428.808,0.293409
395,1,427.942,0.295687
394.5,1,427.076,0.297841
394,1,426.21,0.29987
393.5,1,425.344,0.301774
393,1,424.478,0.303554
392.5,1,423.612,0.304854
392,1,422.746,0.305003
391.5,1,421.88,0.305096
391,1,421.014,0.305151
390.5,1,420.148,0.305741
390,1,419.282,0.306491
389.5,1,418.416,0.307401
389,1,417.55,0.308306
388.5,1,416.684,0.309198
388,1,415.818,0.310085
387.5,1,414.952,0.310966
387,1,414.086,0.311841
386.5,1,413.22,0.312711
386,1,412.354,0.313925
385.5,1,411.488,0.315372
385,1,410.622,0.317399
384.5,1,409.756,0.319231
384,1,408.89,0.320867
383.5,1,408.024,0.322307
383,1,407.158,0.321517
382.5,1,406.292,0.315437
382,1,405.426,0.30845
381.5,1,404.56,0.300557
381,1,403.694,0.291758
380.5,1,402.828,0.282051
380,1,401.962,0.271774
379.5,1,401.095,0.257924
379,1,400.229,0.243899
378.5,1,399.363,0.229748
378,1,398.497,0.215471
377.5,1,397.631,0.201068
377,1,396.765,0.186538
376.5,1,395.899,0.179576
376,1,395.033,0.176259
375.5,1,394.167,0.172906
375,1,393.301,0.169516
374.5,1,392.435,0.16629
374,1,391.569,0.16369
373.5,1,390.703,0.161795
373,1,389.837,0.161387
372.5,1,388.971,0.161057
372,1,388.105,0.160803
371.5,1,387.239,0.160626
371,1,386.373,0.160526
370.5,1,385.507,0.160495
370,1,384.641,0.160369
369.5,1,383.775,0.160317
369,1,382.909,0.160534
368.5,1,382.043,0.16145
368,1,381.177,0.162624
367.5,1,380.311,0.164055
367,1,379.445,0.16527
366.5,1,378.579,0.166465
366,1,377.713,0.167797
365.5,1,376.847,0.169266
365,1,375.981,0.170873
364.5,1,375.115,0.172617
364,1,374.249,0.174464
363.5,1,373.383,0.17672
363,1,372.517,0.179254
362.5,1,371.651,0.181602
362,1,370.785,0.183766
361.5,1,369.919,0.185744
361,1,369.053,0.187559
360.5,1,368.187,0.189361
360,1,367.321,0.190945
359.5,1,366.454,0.192309
359,1,365.588,0.193455
358.5,1,364.722,0.194383
358,1,363.856,0.19527
357.5,1,362.99,0.196229
357,1,362.124,0.197464
356.5,1,361.258,0.199041
356,1,360.392,0.200962
355.5,1,359.526,0.203225
355,1,358.66,0.205831
354.5,1,357.794,0.21258
354,1,356.928,0.226632
353.5,1,356.062,0.244712
353,1,355.196,0.266818
352.5,1,354.33,0.286451
352,1,353.464,0.298581
351.5,1,352.598,0.300365
351,1,351.732,0.25596
350.5,1,350.866,0.213481
350,1,350,0.172928
349.5,1,349.134,0.134301
349,1,348.268,0.0976013
348.5,1,347.402,0.0628275
348,1,346.536,0.0616584
347.5,1,345.67,0.0654088
347,1,344.804,0.0720219
346.5,1,343.938,0.0807023
346,1,343.072,0.087728
345.5,1,342.206,0.0930989
345,1,341.34,0.0984934
344.5,1,340.474,0.103736
344,1,339.608,0.107327
343.5,1,338.742,0.109265
343,1,337.876,0.10955
342.5,1,337.01,0.108184
342,1,336.144,0.105824
341.5,1,335.278,0.105382
341,1,334.412,0.104875
340.5,1,333.546,0.104148
340,1,332.679,0.103199
339.5,1,331.813,0.102029
339,1,330.947,0.100639
338.5,1,330.081,0.100594
338,1,329.215,0.100677
337.5,1,328.349,0.100721
337,1,327.483,0.100724
336.5,1,326.617,0.100688
336,1,325.751,0.100775
335.5,1,324.885,0.100948
335,1,324.019,0.10116
334.5,1,323.153,0.101405
334,1,322.287,0.101684
333.5,1,321.421,0.101997
333,1,320.555,0.102343
332.5,1,319.689,0.102737
332,1,318.823,0.103178
331.5,1,317.957,0.103615
331,1,317.091,0.104049
330.5,1,316.225,0.104518
330,1,315.359,0.104995
329.5,1,314.493,0.105465
329,1,313.627,0.105565
328.5,1,312.761,0.105659
328,1,311.895,0.105764
327.5,1,311.029,0.105881
327,1,310.163,0.106009
326.5,1,309.297,0.106148
326,1,308.431,0.106345
325.5,1,307.565,0.106571
325,1,306.699,0.106811
324.5,1,305.833,0.107054
324,1,304.967,0.107294
323.5,1,304.101,0.107531
323,1,303.235,0.107727
322.5,1,302.369,0.107841
322,1,301.503,0.10796
321.5,1,300.637,0.108083
321,1,299.771,0.108209
320.5,1,298.905,0.10834
320,1,298.038,0.108474
319.5,1,297.172,0.108608
319,1,296.306,0.108743
318.5,1,295.44,0.108878
318,1,294.574,0.109015
317.5,1,293.708,0.109151
317,1,292.842,0.109289
316.5,1,291.976,0.109394
316,1,291.11,0.109486
315.5,1,290.244,0.109579
315,1,289.378,0.109674
314.5,1,288.512,0.109769
314,1,287.646,0.109869
313.5,1,286.78,0.109962
313,1,285.914,0.110042
312.5,1,285.048,0.110122
312,1,284.182,0.110202
311.5,1,283.316,0.110281
311,1,282.45,0.110359
310.5,1,281.584,0.110435
310,1,280.718,0.110491
309.5,1,279.852,0.110547
309,1,278.986,0.110602
308.5,1,278.12,0.110659
308,1,277.254,0.110715
307.5,1,276.388,0.11077
307,1,275.522,0.110812
306.5,1,274.656,0.110849
306,1,273.79,0.110886
305.5,1,272.924,0.110922
305,1,272.058,0.110957
304.5,1,271.192,0.110991
304,1,270.326,0.11102
303.5,1,269.46,0.111041
303,1,268.594,0.111063
302.5,1,267.728,0.111084
302,1,266.862,0.111105
301.5,1,265.996,0.111125
301,1,265.13,0.111143
300.5,1,264.263,0.11115
300,1,263.397,0.111157
299.5,1,262.531,0.111163
299,1,261.665,0.111169
298.5,1,260.799,0.111175
298,1,259.933,0.111181
297.5,1,259.067,0.111181
297,1,258.201,0.11118
296.5,1,257.335,0.111179
296,1,256.469,0.111177
295.5,1,255.603,0.111176
295,1,254.737,0.111174
294.5,1,253.871,0.111168
294,1,253.005,0.111159
293.5,1,252.139,0.111151
293,1,251.273,0.111141
292.5,1,250.407,0.111132
292,1,249.541,0.111123
291.5,1,248.675,0.111113
291,1,247.809,0.1111
290.5,1,246.943,0.111087
290,1,246.077,0.111074
289.5,1,245.211,0.111062
289,1,244.345,0.111049
288.5,1,243.479,0.111036
288,1,242.613,0.11102
287.5,1,241.747,0.111003
287,1,240.881,0.110987
286.5,1,240.015,0.110971
286,1,239.149,0.110954
285.5,1,238.283,0.110939
285,1,237.417,0.110922
284.5,1,236.551,0.110905
284,1,235.685,0.110888
283.5,1,234.819,0.110871
283,1,233.953,0.110854
282.5,1,233.087,0.110838
282,1,232.221,0.110821
281.5,1,231.355,0.110803
281,1,230.488,0.110785
280.5,1,229.622,0.110767
280,1,228.756,0.110749
279.5,1,227.89,0.110732
279,1,227.024,0.110714
278.5,1,226.158,0.110696
278,1,225.292,0.110678
277.5,1,224.426,0.11066
277,1,223.56,0.110642
276.5,1,222.694,0.110624
276,1,221.828,0.110606
275.5,1,220.962,0.110588
275,1,220.096,0.11057
274.5,1,219.23,0.110552
274,1,218.364,0.110534
273.5,1,217.498,0.110516
273,1,216.632,0.110499
272.5,1,215.766,0.110481
272,1,214.9,0.110464
271.5,1,214.034,0.110447
271,1,213.168,0.11043
270.5,1,212.302,0.110413
270,1,211.436,0.110396
269.5,1,210.57,0.11038
269,1,209.704,0.110364
268.5,1,208.838,0.110347
268,1,207.972,0.110331
267.5,1,207.106,0.110315
267,1,206.24,0.110299
266.5,1,205.374,0.110283
266,1,204.508,0.110268
265.5,1,203.642,0.110252
265,1,202.776,0.110237
264.5,1,201.91,0.110222
264,1,201.044,0.110208
263.5,1,200.178,0.110193
263,1,199.312,0.110179
262.5,1,198.446,0.110164
262,1,197.58,0.11015
261.5,1,196.714,0.110136
261,1,195.847,0.110122
260.5,1,194.981,0.110108
260,1,194.115,0.110094
259.5,1,193.249,0.110081
259,1,192.383,0.110068
258.5,1,191.517,0.110055
258,1,190.651,0.110042
257.5,1,189.785,0.11003
257,1,188.919,0.110017
256.5,1,188.053,0.110005
256,1,187.187,0.109993
255.5,1,186.321,0.109981
255,1,185.455,0.109969
254.5,1,184.589,0.109958
254,1,183.723,0.109946
253.5,1,182.857,0.109935
253,1,181.991,0.109924
252.5,1,181.125,0.109913
252,1,180.259,0.109902
251.5,1,179.393,0.109891
251,1,178.527,0.109881
250.5,1,177.661,0.10987
250,1,176.795,0.10986
249.5,1,175.929,0.10985
249,1,175.063,0.10984
248.5,1,174.197,0.10983
248,1,173.331,0.10982
247.5,1,172.465,0.10981
247,1,171.599,0.109801
246.5,1,170.733,0.109792
246,1,169.867,0.109782
245.5,1,169.001,0.109773
245,1,168.135,0.109764
244.5,1,167.269,0.109755
244,1,166.403,0.109747
243.5,1,165.537,0.109738
243,1,164.671,0.10973
242.5,1,163.805,0.109722
242,1,162.939,0.109714
241.5,1,162.072,0.109706
241,1,161.206,0.109698
240.5,1,160.34,0.109691
240,1,159.474,0.109683
239.5,1,158.608,0.109675
239,1,157.742,0.109668
238.5,1,156.876,0.10966
238,1,156.01,0.109653
237.5,1,155.144,0.109646
237,1,154.278,0.109639
236.5,1,153.412,0.109632
236,1,152.546,0.109625
235.5,1,151.68,0.109619
235,1,150.814,0.109612
234.5,1,149.948,0.109605
234,1,149.082,0.109599
233.5,1,148.216,0.109593
233,1,147.35,0.109586
232.5,1,146.484,0.10958
232,1,145.618,0.109574
231.5,1,144.752,0.109568
231,1,143.886,0.109562
230.5,1,143.02,0.109557
230,1,142.154,0.109551
229.5,1,141.288,0.109546
229,1,140.422,0.10954
228.5,1,139.556,0.109535
228,1,138.69,0.109529
227.5,1,137.824,0.109524
227,1,136.958,0.109519
226.5,1,136.092,0.109514
226,1,135.226,0.109509
225.5,1,134.36,0.109504
225,1,133.494,0.109499
224.5,1,132.628,0.109494
224,1,131.762,0.10949
223.5,1,130.896,0.109485
223,1,130.03,0.109481
222.5,1,129.164,0.109476
222,1,128.297,0.109472
221.5,1,127.431,0.109467
221,1,126.565,0.109463
220.5,1,125.699,0.109459
220,1,124.833,0.109455
219.5,1,123.967,0.10945
219,1,123.101,0.109446
218.5,1,122.235,0.109443
218,1,121.369,0.109439
217.5,1,120.503,0.109435
217,1,119.637,0.109431
216.5,1,118.771,0.109428
216,1,117.905,0.109424
215.5,1,117.039,0.109421
215,1,116.173,0.109417
214.5,1,115.307,0.109414
214,1,114.441,0.10941
213.5,1,113.575,0.109407
213,1,112.709,0.109403
212.5,1,111.843,0.1094
212,1,110.977,0.109397
211.5,1,110.111,0.109394
211,1,109.245,0.109391
210.5,1,108.379,0.109388
210,1,107.513,0.109385
209.5,1,106.647,0.109382
209,1,105.781,0.109379
208.5,1,104.915,0.109376
208,1,104.049,0.109373
207.5,1,103.183,0.10937
207,1,102.317,0.109367
206.5,1,101.451,0.109364
206,1,100.585,0.109362
205.5,1,99.7187,0.109359
205,1,98.8526,0.109357
204.5,1,97.9866,0.109355
204,1,97.1206,0.109352
203.5,1,96.2546,0.10935
203,1,95.3885,0.109348
202.5,1,94.5225,0.109345
202,1,93.6565,0.109342
201.5,1,92.7905,0.10934
201,1,91.9244,0.109337
200.5,1,91.0584,0.109334
200,1,90.1924,0.109332
