x,y,z,b
500,1,609.808,0.106994
499.5,1,608.942,0.106951
499,1,608.076,0.106908
498.5,1,607.21,0.106865
498,1,606.344,0.106822
497.5,1,605.477,0.106778
497,1,604.611,0.106733
496.5,1,603.745,0.106686
496,1,602.879,0.106637
495.5,1,602.013,0.106588
495,1,601.147,0.106538
494.5,1,600.281,0.106488
494,1,599.415,0.106437
493.5,1,598.549,0.106385
493,1,597.683,0.10633
492.5,1,596.817,0.106275
492,1,595.951,0.106219
491.5,1,595.085,0.106163
491,1,594.219,0.106106
490.5,1,593.353,0.106049
490,1,592.487,0.105987
489.5,1,591.621,0.105925
489,1,590.755,0.105863
488.5,1,589.889,0.105799
488,1,589.023,0.105735
487.5,1,588.157,0.105671
487,1,587.291,0.105604
486.5,1,586.425,0.105536
486,1,585.559,0.105468
485.5,1,584.693,0.105399
485,1,583.827,0.10533
484.5,1,582.961,0.105259
484,1,582.095,0.105187
483.5,1,581.229,0.105112
483,1,580.363,0.105035
482.5,1,579.497,0.104958
482,1,578.631,0.10488
481.5,1,577.765,0.104802
481,1,576.899,0.104722
480.5,1,576.033,0.104641
480,1,575.167,0.104559
479.5,1,574.301,0.104476
479,1,573.435,0.104392
478.5,1,572.569,0.104308
478,1,571.703,0.104222
477.5,1,570.836,0.104136
477,1,569.97,0.104048
476.5,1,569.104,0.10396
476,1,568.238,0.103872
475.5,1,567.372,0.103782
475,1,566.506,0.103692
474.5,1,565.64,0.103603
474,1,564.774,0.103517
473.5,1,563.908,0.10343
473,1,563.042,0.103343
472.5,1,562.176,0.103254
472,1,561.31,0.103165
471.5,1,560.444,0.103077
471,1,559.578,0.102999
470.5,1,558.712,0.102922
470,1,557.846,0.102845
469.5,1,556.98,0.102769
469,1,556.114,0.102693
468.5,1,555.248,0.102617
468,1,554.382,0.10257
467.5,1,553.516,0.102534
467,1,552.65,0.102501
466.5,1,551.784,0.102472
466,1,550.918,0.102445
465.5,1,550.052,0.102421
465,1,549.186,0.102423
464.5,1,548.32,0.102457
464,1,547.454,0.102496
463.5,1,546.588,0.102542
463,1,545.722,0.102595
462.5,1,544.856,0.102654
462,1,543.99,0.102738
461.5,1,543.124,0.102922
461,1,542.258,0.103123
460.5,1,541.392,0.10334
460,1,540.526,0.103575
459.5,1,539.66,0.103826
459,1,538.794,0.104094
458.5,1,537.928,0.104503
458,1,537.061,0.10496
457.5,1,536.195,0.105444
457,1,535.329,0.105956
456.5,1,534.463,0.106531
456,1,533.597,0.107235
455.5,1,532.731,0.108093
455,1,531.865,0.109096
454.5,1,530.999,0.110158
454,1,530.133,0.111279
453.5,1,529.267,0.11246
453,1,528.401,0.113701
452.5,1,527.535,0.11503
452,1,526.669,0.116514
451.5,1,525.803,0.118049
451,1,524.937,0.119688
450.5,1,524.071,0.121467
450,1,523.205,0.123274
449.5,1,522.339,0.125108
449,1,521.473,0.126888
448.5,1,520.607,0.128668
448,1,519.741,0.130454
447.5,1,518.875,0.132247
447,1,518.009,0.134047
446.5,1,517.143,0.135853
446,1,516.277,0.137624
445.5,1,515.411,0.139376
445,1,514.545,0.141142
444.5,1,513.679,0.142931
444,1,512.813,0.144741
443.5,1,511.947,0.146574
443,1,511.081,0.148434
442.5,1,510.215,0.150334
442,1,509.349,0.152265
441.5,1,508.483,0.154226
441,1,507.617,0.156218
440.5,1,506.751,0.158241
440,1,505.885,0.160286
439.5,1,505.019,0.162138
439,1,504.153,0.163971
438.5,1,503.286,0.165788
438,1,502.42,0.167591
437.5,1,501.554,0.169379
437,1,500.688,0.171153
436.5,1,499.822,0.172669
436,1,498.956,0.174031
435.5,1,498.09,0.175363
435,1,497.224,0.176665
434.5,1,496.358,0.177668
434,1,495.492,0.178397
433.5,1,494.626,0.179024
433,1,493.76,0.179505
432.5,1,492.894,0.17998
432,1,492.028,0.180449
431.5,1,491.162,0.180913
431,1,490.296,0.18137
430.5,1,489.43,0.181813
430,1,488.564,0.181939
429.5,1,487.698,0.182049
429,1,486.832,0.181989
428.5,1,485.966,0.181867
428,1,485.1,0.181801
427.5,1,484.234,0.181793
427,1,483.368,0.181777
426.5,1,482.502,0.181772
426,1,481.636,0.181801
425.5,1,480.77,0.181865
425,1,479.904,0.181962
424.5,1,479.038,0.182094
424,1,478.172,0.182565
423.5,1,477.306,0.183379
423,1,476.44,0.18424
422.5,1,475.574,0.185257
422,1,474.708,0.18643
421.5,1,473.842,0.187758
421,1,472.976,0.189306
420.5,1,472.11,0.191651
420,1,471.244,0.194022
419.5,1,470.378,0.196421
419,1,469.512,0.198847
418.5,1,468.645,0.201299
418,1,467.779,0.202778
417.5,1,466.913,0.203866
417,1,466.047,0.204996
416.5,1,465.181,0.206177
416,1,464.315,0.207408
415.5,1,463.449,0.208689
415,1,462.583,0.210021
414.5,1,461.717,0.210949
414,1,460.851,0.211462
413.5,1,459.985,0.212143
413,1,459.119,0.212992
412.5,1,458.253,0.213648
412,1,457.387,0.214384
411.5,1,456.521,0.215087
411,1,455.655,0.214601
410.5,1,454.789,0.214256
410,1,453.923,0.214053
409.5,1,453.057,0.213991
409,1,452.191,0.214071
408.5,1,451.325,0.214293
408,1,450.459,0.21261
407.5,1,449.593,0.210501
407,1,448.727,0.207442
406.5,1,447.861,0.204092
406,1,446.995,0.200619
405.5,1,446.129,0.197021
405,1,445.263,0.193193
404.5,1,444.397,0.189356
404,1,443.531,0.185687
403.5,1,442.665,0.182185
403,1,441.799,0.17885
402.5,1,440.933,0.175683
402,1,440.067,0.173076
401.5,1,439.201,0.172341
401,1,438.335,0.171745
400.5,1,437.469,0.171282
400,1,436.603,0.170951
399.5,1,435.737,0.170751
399,1,434.87,0.170685
398.5,1,434.004,0.171393
398,1,433.138,0.172337
397.5,1,432.272,0.173428
397,1,431.406,0.174667
396.5,1,430.54,0.176052
396,1,429.674,0.17768
395.5,1,428.808,0.17913
395,1,427.942,0.180446
394.5,1,427.076,0.181835
394,1,426.21,0.183297
393.5,1,425.344,0.184832
393,1,424.478,0.18644
392.5,1,423.612,0.188359
392,1,422.746,0.190911
391.5,1,421.88,0.19328
391,1,421.014,0.195464
390.5,1,420.148,0.19736
390,1,419.282,0.198995
389.5,1,418.416,0.200367
389,1,417.55,0.202959
388.5,1,416.684,0.205147
388,1,415.818,0.206821
387.5,1,414.952,0.207981
387,1,414.086,0.208626
386.5,1,413.22,0.208756
386,1,412.354,0.206538
385.5,1,411.488,0.203361
385,1,410.622,0.20069
384.5,1,409.756,0.198131
384,1,408.89,0.195684
383.5,1,408.024,0.19335
383,1,407.158,0.190798
382.5,1,406.292,0.187723
382,1,405.426,0.184939
381.5,1,404.56,0.182445
381,1,403.694,0.180241
380.5,1,402.828,0.178328
380,1,401.962,0.176735
379.5,1,401.095,0.1771
379,1,400.229,0.17778
378.5,1,399.363,0.17876
378,1,398.497,0.18004
377.5,1,397.631,0.181619
377,1,396.765,0.183499
376.5,1,395.899,0.185151
376,1,395.033,0.186547
375.5,1,394.167,0.187883
375,1,393.301,0.189158
374.5,1,392.435,0.190232
374,1,391.569,0.190779
373.5,1,390.703,0.190784
373,1,389.837,0.189854
372.5,1,388.971,0.188975
372,1,388.105,0.188147
371.5,1,387.239,0.187369
371,1,386.373,0.186643
370.5,1,385.507,0.185797
370,1,384.641,0.181366
369.5,1,383.775,0.176728
369,1,382.909,0.171975
368.5,1,382.043,0.167491
368,1,381.177,0.163175
367.5,1,380.311,0.159027
367,1,379.445,0.156653
366.5,1,378.579,0.155094
366,1,377.713,0.153767
365.5,1,376.847,0.152671
365,1,375.981,0.151808
364.5,1,375.115,0.151176
364,1,374.249,0.153068
363.5,1,373.383,0.159479
363,1,372.517,0.167923
362.5,1,371.651,0.176774
362,1,370.785,0.186031
361.5,1,369.919,0.195694
361,1,369.053,0.205414
360.5,1,368.187,0.21219
360,1,367.321,0.218914
359.5,1,366.454,0.225586
359,1,365.588,0.232205
358.5,1,364.722,0.238771
358,1,363.856,0.244199
357.5,1,362.99,0.246259
357,1,362.124,0.248966
356.5,1,361.258,0.252977
356,1,360.392,0.258293
355.5,1,359.526,0.264913
355,1,358.66,0.272838
354.5,1,357.794,0.282422
354,1,356.928,0.295375
353.5,1,356.062,0.311898
353,1,355.196,0.331993
352.5,1,354.33,0.34519
352,1,353.464,0.345291
351.5,1,352.598,0.336816
351,1,351.732,0.300876
350.5,1,350.866,0.271506
350,1,350,0.248705
349.5,1,349.134,0.232474
349,1,348.268,0.222813
348.5,1,347.402,0.219721
348,1,346.536,0.233029
347.5,1,345.67,0.24738
347,1,344.804,0.257233
346.5,1,343.938,0.263666
346,1,343.072,0.269614
345.5,1,342.206,0.275078
345,1,341.34,0.279481
344.5,1,340.474,0.283344
344,1,339.608,0.287324
343.5,1,338.742,0.291419
343,1,337.876,0.29563
342.5,1,337.01,0.299958
342,1,336.144,0.303894
341.5,1,335.278,0.30543
341,1,334.412,0.306618
340.5,1,333.546,0.308057
340,1,332.679,0.309747
339.5,1,331.813,0.311688
339,1,330.947,0.313879
338.5,1,330.081,0.3142
338,1,329.215,0.314747
337.5,1,328.349,0.315774
337,1,327.483,0.31728
336.5,1,326.617,0.319265
336,1,325.751,0.320725
335.5,1,324.885,0.319365
335,1,324.019,0.316689
334.5,1,323.153,0.314571
334,1,322.287,0.313011
333.5,1,321.421,0.312009
333,1,320.555,0.311565
332.5,1,319.689,0.309477
332,1,318.823,0.302339
331.5,1,317.957,0.296368
331,1,317.091,0.291564
330.5,1,316.225,0.286399
330,1,315.359,0.28155
329.5,1,314.493,0.277574
329,1,313.627,0.263821
328.5,1,312.761,0.24978
328,1,311.895,0.235948
327.5,1,311.029,0.222326
327,1,310.163,0.208913
326.5,1,309.297,0.195711
326,1,308.431,0.185947
325.5,1,307.565,0.177008
325,1,306.699,0.167392
324.5,1,305.833,0.156901
324,1,304.967,0.145401
323.5,1,304.101,0.132891
323,1,303.235,0.123323
322.5,1,302.369,0.121309
322,1,301.503,0.118785
321.5,1,300.637,0.115752
321,1,299.771,0.11221
320.5,1,298.905,0.108158
320,1,298.038,0.103638
319.5,1,297.172,0.103125
319,1,296.306,0.102518
318.5,1,295.44,0.101775
318,1,294.574,0.100898
317.5,1,293.708,0.0998846
317,1,292.842,0.0987363
316.5,1,291.976,0.0982675
316,1,291.11,0.0981114
315.5,1,290.244,0.0979264
315,1,289.378,0.0977124
314.5,1,288.512,0.0974695
314,1,287.646,0.0972166
313.5,1,286.78,0.0971994
313,1,285.914,0.0975855
312.5,1,285.048,0.0979674
312,1,284.182,0.0983451
311.5,1,283.316,0.0987185
311,1,282.45,0.0990877
310.5,1,281.584,0.099454
310,1,280.718,0.0998397
309.5,1,279.852,0.10023
309,1,278.986,0.100626
308.5,1,278.12,0.101043
308,1,277.254,0.10146
307.5,1,276.388,0.101877
307,1,275.522,0.102175
306.5,1,274.656,0.102435
306,1,273.79,0.102696
305.5,1,272.924,0.102958
305,1,272.058,0.10322
304.5,1,271.192,0.103484
304,1,270.326,0.103721
303.5,1,269.46,0.103926
303,1,268.594,0.104147
302.5,1,267.728,0.104369
302,1,266.862,0.104592
301.5,1,265.996,0.104814
301,1,265.13,0.105032
300.5,1,264.263,0.105213
300,1,263.397,0.105394
299.5,1,262.531,0.105574
299,1,261.665,0.105755
298.5,1,260.799,0.105935
298,1,259.933,0.106115
297.5,1,259.067,0.106271
297,1,258.201,0.106419
296.5,1,257.335,0.106566
296,1,256.469,0.106713
295.5,1,255.603,0.106859
295,1,254.737,0.107004
294.5,1,253.871,0.107134
294,1,253.005,0.107249
293.5,1,252.139,0.107364
293,1,251.273,0.107478
292.5,1,250.407,0.107592
292,1,249.541,0.107708
291.5,1,248.675,0.107819
291,1,247.809,0.107912
290.5,1,246.943,0.108005
290,1,246.077,0.108097
289.5,1,245.211,0.108189
289,1,244.345,0.108279
288.5,1,243.479,0.10837
288,1,242.613,0.108444
287.5,1,241.747,0.108516
287,1,240.881,0.108587
286.5,1,240.015,0.108659
286,1,239.149,0.108731
285.5,1,238.283,0.108802
285,1,237.417,0.108865
284.5,1,236.551,0.108921
284,1,235.685,0.108977
283.5,1,234.819,0.109032
283,1,233.953,0.109087
282.5,1,233.087,0.109142
282,1,232.221,0.109193
281.5,1,231.355,0.109235
281,1,230.488,0.109277
280.5,1,229.622,0.109319
280,1,228.756,0.10936
279.5,1,227.89,0.1094
279,1,227.024,0.10944
278.5,1,226.158,0.109473
278,1,225.292,0.109505
277.5,1,224.426,0.109536
277,1,223.56,0.109567
276.5,1,222.694,0.109597
276,1,221.828,0.109628
275.5,1,220.962,0.109653
275,1,220.096,0.109675
274.5,1,219.23,0.109697
274,1,218.364,0.109719
273.5,1,217.498,0.10974
273,1,216.632,0.109762
272.5,1,215.766,0.109781
272,1,214.9,0.109797
271.5,1,214.034,0.109813
271,1,213.168,0.109828
270.5,1,212.302,0.109843
270,1,211.436,0.109858
269.5,1,210.57,0.109873
269,1,209.704,0.109883
268.5,1,208.838,0.109893
268,1,207.972,0.109902
267.5,1,207.106,0.109912
267,1,206.24,0.109921
266.5,1,205.374,0.10993
266,1,204.508,0.109937
265.5,1,203.642,0.109943
265,1,202.776,0.109949
264.5,1,201.91,0.109955
264,1,201.044,0.109961
263.5,1,200.178,0.109967
263,1,199.312,0.109971
262.5,1,198.446,0.109974
262,1,197.58,0.109976
261.5,1,196.714,0.109978
261,1,195.847,0.10998
260.5,1,194.981,0.109982
260,1,194.115,0.109984
259.5,1,193.249,0.109984
259,1,192.383,0.109985
258.5,1,191.517,0.109985
258,1,190.651,0.109986
257.5,1,189.785,0.109986
257,1,188.919,0.109986
256.5,1,188.053,0.109985
256,1,187.187,0.109983
255.5,1,186.321,0.109981
255,1,185.455,0.109979
254.5,1,184.589,0.109977
254,1,183.723,0.109975
253.5,1,182.857,0.109973
253,1,181.991,0.10997
252.5,1,181.125,0.109968
252,1,180.259,0.109965
251.5,1,179.393,0.109962
251,1,178.527,0.10996
250.5,1,177.661,0.109957
250,1,176.795,0.109953
249.5,1,175.929,0.109949
249,1,175.063,0.109945
248.5,1,174.197,0.109941
248,1,173.331,0.109937
247.5,1,172.465,0.109933
247,1,171.599,0.109929
246.5,1,170.733,0.109925
246,1,169.867,0.109921
245.5,1,169.001,0.109916
245,1,168.135,0.109912
244.5,1,167.269,0.109908
244,1,166.403,0.109903
243.5,1,165.537,0.109898
243,1,164.671,0.109893
242.5,1,163.805,0.109888
242,1,162.939,0.109883
241.5,1,162.072,0.109879
241,1,161.206,0.109874
240.5,1,160.34,0.109869
240,1,159.474,0.109864
239.5,1,158.608,0.109859
239,1,157.742,0.109854
238.5,1,156.876,0.109849
238,1,156.01,0.109844
237.5,1,155.144,0.109839
237,1,154.278,0.109834
236.5,1,153.412,0.109829
236,1,152.546,0.109823
235.5,1,151.68,0.109818
235,1,150.814,0.109813
234.5,1,149.948,0.109808
234,1,149.082,0.109803
233.5,1,148.216,0.109798
233,1,147.35,0.109793
232.5,1,146.484,0.109788
232,1,145.618,0.109783
231.5,1,144.752,0.109778
231,1,143.886,0.109773
230.5,1,143.02,0.109768
230,1,142.154,0.109762
229.5,1,141.288,0.109757
229,1,140.422,0.109752
228.5,1,139.556,0.109747
228,1,138.69,0.109742
227.5,1,137.824,0.109737
227,1,136.958,0.109732
226.5,1,136.092,0.109727
226,1,135.226,0.109722
225.5,1,134.36,0.109717
225,1,133.494,0.109712
224.5,1,132.628,0.109707
224,1,131.762,0.109702
223.5,1,130.896,0.109697
223,1,130.03,0.109692
222.5,1,129.164,0.109687
222,1,128.297,0.109683
221.5,1,127.431,0.109678
221,1,126.565,0.109673
220.5,1,125.699,0.109668
220,1,124.833,0.109663
219.5,1,123.967,0.109658
219,1,123.101,0.109654
218.5,1,122.235,0.109649
218,1,121.369,0.109644
217.5,1,120.503,0.10964
217,1,119.637,0.109635
216.5,1,118.771,0.10963
216,1,117.905,0.109626
215.5,1,117.039,0.109621
215,1,116.173,0.109616
214.5,1,115.307,0.109612
214,1,114.441,0.109607
213.5,1,113.575,0.109602
213,1,112.709,0.109598
212.5,1,111.843,0.109593
212,1,110.977,0.109589
211.5,1,110.111,0.109584
211,1,109.245,0.10958
210.5,1,108.379,0.109575
210,1,107.513,0.109571
209.5,1,106.647,0.109567
209,1,105.781,0.109562
208.5,1,104.915,0.109557
208,1,104.049,0.109552
207.5,1,103.183,0.109548
207,1,102.317,0.109543
206.5,1,101.451,0.109539
206,1,100.585,0.109534
205.5,1,99.7187,0.10953
205,1,98.8526,0.109527
204.5,1,97.9866,0.109523
204,1,97.1206,0.109519
203.5,1,96.2546,0.109515
203,1,95.3885,0.109511
202.5,1,94.5225,0.109506
202,1,93.6565,0.109501
201.5,1,92.7905,0.109496
201,1,91.9244,0.109492
200.5,1,91.0584,0.109487
200,1,90.1924,0.109482
