x,y,z,b
500,1,609.808,0.108837
499.5,1,608.942,0.10883
499,1,608.076,0.108823
498.5,1,607.21,0.108816
498,1,606.344,0.108809
497.5,1,605.477,0.108801
497,1,604.611,0.108794
496.5,1,603.745,0.108786
496,1,602.879,0.108778
495.5,1,602.013,0.108769
495,1,601.147,0.108761
494.5,1,600.281,0.108752
494,1,599.415,0.108744
493.5,1,598.549,0.108735
493,1,597.683,0.108725
492.5,1,596.817,0.108715
492,1,595.951,0.108706
491.5,1,595.085,0.108696
491,1,594.219,0.108686
490.5,1,593.353,0.108675
490,1,592.487,0.108664
489.5,1,591.621,0.108653
489,1,590.755,0.108641
488.5,1,589.889,0.10863
488,1,589.023,0.108618
487.5,1,588.157,0.108606
487,1,587.291,0.108594
486.5,1,586.425,0.10858
486,1,585.559,0.108567
485.5,1,584.693,0.108553
485,1,583.827,0.108539
484.5,1,582.961,0.108525
484,1,582.095,0.108511
483.5,1,581.229,0.108495
483,1,580.363,0.10848
482.5,1,579.497,0.108464
482,1,578.631,0.108448
481.5,1,577.765,0.108432
481,1,576.899,0.108416
480.5,1,576.033,0.108397
480,1,575.167,0.108378
479.5,1,574.301,0.108359
479,1,573.435,0.10834
478.5,1,572.569,0.108321
478,1,571.703,0.108302
477.5,1,570.836,0.10828
477,1,569.97,0.108259
476.5,1,569.104,0.108237
476,1,568.238,0.108214
475.5,1,567.372,0.108192
475,1,566.506,0.108169
474.5,1,565.64,0.108145
474,1,564.774,0.108119
473.5,1,563.908,0.108092
473,1,563.042,0.108065
472.5,1,562.176,0.108038
472,1,561.31,0.108011
471.5,1,560.444,0.107983
471,1,559.578,0.107952
470.5,1,558.712,0.107921
470,1,557.846,0.10789
469.5,1,556.98,0.107858
469,1,556.114,0.107826
468.5,1,555.248,0.107793
468,1,554.382,0.107757
467.5,1,553.516,0.107719
467,1,552.65,0.107681
466.5,1,551.784,0.107642
466,1,550.918,0.107604
465.5,1,550.052,0.107564
465,1,549.186,0.107522
464.5,1,548.32,0.107477
464,1,547.454,0.107432
463.5,1,546.588,0.107386
463,1,545.722,0.10734
462.5,1,544.856,0.107294
462,1,543.99,0.107245
461.5,1,543.124,0.107191
461,1,542.258,0.107136
460.5,1,541.392,0.10708
460,1,540.526,0.107024
459.5,1,539.66,0.106968
459,1,538.794,0.10691
458.5,1,537.928,0.106846
458,1,537.061,0.10678
457.5,1,536.195,0.106714
457,1,535.329,0.106646
456.5,1,534.463,0.106578
456,1,533.597,0.10651
455.5,1,532.731,0.106435
455,1,531.865,0.106355
454.5,1,530.999,0.106275
454,1,530.133,0.106193
453.5,1,529.267,0.106111
453,1,528.401,0.106027
452.5,1,527.535,0.10594
452,1,526.669,0.105843
451.5,1,525.803,0.105745
451,1,524.937,0.105646
450.5,1,524.071,0.105546
450,1,523.205,0.105444
449.5,1,522.339,0.105342
449,1,521.473,0.105226
448.5,1,520.607,0.105108
448,1,519.741,0.104988
447.5,1,518.875,0.104867
447,1,518.009,0.104745
446.5,1,517.143,0.104622
446,1,516.277,0.104488
445.5,1,515.411,0.104346
445,1,514.545,0.104203
444.5,1,513.679,0.104058
444,1,512.813,0.103912
443.5,1,511.947,0.103764
443,1,511.081,0.10361
442.5,1,510.215,0.103443
442,1,509.349,0.103274
441.5,1,508.483,0.103103
441,1,507.617,0.102931
440.5,1,506.751,0.102757
440,1,505.885,0.102582
439.5,1,505.019,0.102392
439,1,504.153,0.1022
438.5,1,503.286,0.102007
438,1,502.42,0.101813
437.5,1,501.554,0.101617
437,1,500.688,0.10142
436.5,1,499.822,0.101216
436,1,498.956,0.101007
435.5,1,498.09,0.100798
435,1,497.224,0.100588
434.5,1,496.358,0.100377
434,1,495.492,0.100167
433.5,1,494.626,0.0999541
433,1,493.76,0.09974
432.5,1,492.894,0.0995313
432,1,492.028,0.0993279
431.5,1,491.162,0.0991298
431,1,490.296,0.098937
430.5,1,489.43,0.0987543
430,1,488.564,0.0987587
429.5,1,487.698,0.0987876
429,1,486.832,0.0988864
428.5,1,485.966,0.0990347
428,1,485.1,0.0991997
427.5,1,484.234,0.0993816
427,1,483.368,0.0996731
426.5,1,482.502,0.100029
426,1,481.636,0.100412
425.5,1,480.77,0.100824
425,1,479.904,0.101263
424.5,1,479.038,0.10173
424,1,478.172,0.102316
423.5,1,477.306,0.103328
423,1,476.44,0.104529
422.5,1,475.574,0.105789
422,1,474.708,0.107108
421.5,1,473.842,0.108486
421,1,472.976,0.109927
420.5,1,472.11,0.111451
420,1,471.244,0.113001
419.5,1,470.378,0.114575
419,1,469.512,0.116175
418.5,1,468.645,0.117799
418,1,467.779,0.119449
417.5,1,466.913,0.12118
417,1,466.047,0.122878
416.5,1,465.181,0.124487
416,1,464.315,0.126007
415.5,1,463.449,0.127439
415,1,462.583,0.128782
414.5,1,461.717,0.130391
414,1,460.851,0.132441
413.5,1,459.985,0.134544
413,1,459.119,0.136702
412.5,1,458.253,0.138722
412,1,457.387,0.14081
411.5,1,456.521,0.143152
411,1,455.655,0.146421
410.5,1,454.789,0.149846
410,1,453.923,0.153429
409.5,1,453.057,0.157169
409,1,452.191,0.161066
408.5,1,451.325,0.16512
408,1,450.459,0.169389
407.5,1,449.593,0.173748
407,1,448.727,0.179589
406.5,1,447.861,0.18532
406,1,446.995,0.19064
405.5,1,446.129,0.195549
405,1,445.263,0.199457
404.5,1,444.397,0.202364
404,1,443.531,0.204835
403.5,1,442.665,0.206871
403,1,441.799,0.208472
402.5,1,440.933,0.209637
402,1,440.067,0.210201
401.5,1,439.201,0.213847
401,1,438.335,0.218368
400.5,1,437.469,0.223374
400,1,436.603,0.228865
399.5,1,435.737,0.234841
399,1,434.87,0.241302
398.5,1,434.004,0.253972
398,1,433.138,0.266635
397.5,1,432.272,0.278421
397,1,431.406,0.289331
396.5,1,430.54,0.299364
396,1,429.674,0.304143
395.5,1,428.808,0.306908
395,1,427.942,0.308525
394.5,1,427.076,0.310046
394,1,426.21,0.311469
393.5,1,425.344,0.312796
393,1,424.478,0.314027
392.5,1,423.612,0.314966
392,1,422.746,0.315411
391.5,1,421.88,0.316062
391,1,421.014,0.316906
390.5,1,420.148,0.317457
390,1,419.282,0.317885
389.5,1,418.416,0.31819
389,1,417.55,0.318288
388.5,1,416.684,0.318435
388,1,415.818,0.318644
387.5,1,414.952,0.318914
387,1,414.086,0.319246
386.5,1,413.22,0.319639
386,1,412.354,0.320654
385.5,1,411.488,0.322265
385,1,410.622,0.324381
384.5,1,409.756,0.326338
384,1,408.89,0.328134
383.5,1,408.024,0.329771
383,1,407.158,0.331215
382.5,1,406.292,0.33254
382,1,405.426,0.333884
381.5,1,404.56,0.335244
381,1,403.694,0.336622
380.5,1,402.828,0.338017
380,1,401.962,0.339362
379.5,1,401.095,0.324789
379,1,400.229,0.310084
378.5,1,399.363,0.295399
378,1,398.497,0.280735
377.5,1,397.631,0.26609
377,1,396.765,0.251465
376.5,1,395.899,0.238114
376,1,395.033,0.225403
375.5,1,394.167,0.212734
375,1,393.301,0.200106
374.5,1,392.435,0.18775
374,1,391.569,0.176235
373.5,1,390.703,0.168338
373,1,389.837,0.166846
372.5,1,388.971,0.165337
372,1,388.105,0.163814
371.5,1,387.239,0.162274
371,1,386.373,0.160719
370.5,1,385.507,0.159242
370,1,384.641,0.159734
369.5,1,383.775,0.160299
369,1,382.909,0.16125
368.5,1,382.043,0.16314
368,1,381.177,0.165204
367.5,1,380.311,0.167443
367,1,379.445,0.169671
366.5,1,378.579,0.172042
366,1,377.713,0.174628
365.5,1,376.847,0.177429
365,1,375.981,0.180446
364.5,1,375.115,0.183678
364,1,374.249,0.186737
363.5,1,373.383,0.189374
363,1,372.517,0.19146
362.5,1,371.651,0.192784
362,1,370.785,0.193348
361.5,1,369.919,0.193151
361,1,369.053,0.192164
360.5,1,368.187,0.190417
360,1,367.321,0.188389
359.5,1,366.454,0.186079
359,1,365.588,0.183488
358.5,1,364.722,0.180616
358,1,363.856,0.177995
357.5,1,362.99,0.17778
357,1,362.124,0.178595
356.5,1,361.258,0.18002
356,1,360.392,0.182056
355.5,1,359.526,0.184702
355,1,358.66,0.18796
354.5,1,357.794,0.198151
354,1,356.928,0.218776
353.5,1,356.062,0.243753
353,1,355.196,0.273083
352.5,1,354.33,0.299706
352,1,353.464,0.317252
351.5,1,352.598,0.321474
351,1,351.732,0.271278
350.5,1,350.866,0.22436
350,1,350,0.180719
349.5,1,349.134,0.140356
349,1,348.268,0.10327
348.5,1,347.402,0.0694621
348,1,346.536,0.0674977
347.5,1,345.67,0.0687278
347,1,344.804,0.0702992
346.5,1,343.938,0.0724375
346,1,343.072,0.0727191
345.5,1,342.206,0.0711439
345,1,341.34,0.0742412
344.5,1,340.474,0.0817864
344,1,339.608,0.0880825
343.5,1,338.742,0.0931295
343,1,337.876,0.0969275
342.5,1,337.01,0.0994764
342,1,336.144,0.100414
341.5,1,335.278,0.0997691
341,1,334.412,0.099281
340.5,1,333.546,0.0988064
340,1,332.679,0.0983453
339.5,1,331.813,0.0978978
339,1,330.947,0.0974639
338.5,1,330.081,0.0984723
338,1,329.215,0.0995612
337.5,1,328.349,0.100564
337,1,327.483,0.10148
336.5,1,326.617,0.10231
336,1,325.751,0.103212
335.5,1,324.885,0.103602
335,1,324.019,0.103614
334.5,1,323.153,0.103659
334,1,322.287,0.103735
333.5,1,321.421,0.103843
333,1,320.555,0.103983
332.5,1,319.689,0.104244
332,1,318.823,0.104745
331.5,1,317.957,0.105227
331,1,317.091,0.10569
330.5,1,316.225,0.106159
330,1,315.359,0.106623
329.5,1,314.493,0.107075
329,1,313.627,0.107151
328.5,1,312.761,0.107219
328,1,311.895,0.107298
327.5,1,311.029,0.107387
327,1,310.163,0.107487
326.5,1,309.297,0.107597
326,1,308.431,0.10777
325.5,1,307.565,0.107974
325,1,306.699,0.108189
324.5,1,305.833,0.108406
324,1,304.967,0.108622
323.5,1,304.101,0.108836
323,1,303.235,0.109013
322.5,1,302.369,0.109118
322,1,301.503,0.109224
321.5,1,300.637,0.109332
321,1,299.771,0.109442
320.5,1,298.905,0.109555
320,1,298.038,0.109669
319.5,1,297.172,0.109776
319,1,296.306,0.109884
318.5,1,295.44,0.109991
318,1,294.574,0.110099
317.5,1,293.708,0.110207
317,1,292.842,0.110315
316.5,1,291.976,0.110398
316,1,291.11,0.11047
315.5,1,290.244,0.110542
315,1,289.378,0.110615
314.5,1,288.512,0.110687
314,1,287.646,0.110762
313.5,1,286.78,0.110829
313,1,285.914,0.110883
312.5,1,285.048,0.110936
312,1,284.182,0.110988
311.5,1,283.316,0.111039
311,1,282.45,0.111089
310.5,1,281.584,0.111137
310,1,280.718,0.11117
309.5,1,279.852,0.111203
309,1,278.986,0.111235
308.5,1,278.12,0.111268
308,1,277.254,0.1113
307.5,1,276.388,0.111331
307,1,275.522,0.11135
306.5,1,274.656,0.111365
306,1,273.79,0.111378
305.5,1,272.924,0.111392
305,1,272.058,0.111405
304.5,1,271.192,0.111417
304,1,270.326,0.111425
303.5,1,269.46,0.111428
303,1,268.594,0.11143
302.5,1,267.728,0.111432
302,1,266.862,0.111433
301.5,1,265.996,0.111435
301,1,265.13,0.111434
300.5,1,264.263,0.111425
300,1,263.397,0.111416
299.5,1,262.531,0.111407
299,1,261.665,0.111398
298.5,1,260.799,0.111388
298,1,259.933,0.111379
297.5,1,259.067,0.111366
297,1,258.201,0.111352
296.5,1,257.335,0.111338
296,1,256.469,0.111324
295.5,1,255.603,0.111311
295,1,254.737,0.111297
294.5,1,253.871,0.11128
294,1,253.005,0.111262
293.5,1,252.139,0.111243
293,1,251.273,0.111224
292.5,1,250.407,0.111206
292,1,249.541,0.111188
291.5,1,248.675,0.111169
291,1,247.809,0.111148
290.5,1,246.943,0.111128
290,1,246.077,0.111107
289.5,1,245.211,0.111087
289,1,244.345,0.111067
288.5,1,243.479,0.111047
288,1,242.613,0.111024
287.5,1,241.747,0.111002
287,1,240.881,0.110979
286.5,1,240.015,0.110957
286,1,239.149,0.110935
285.5,1,238.283,0.110914
285,1,237.417,0.110891
284.5,1,236.551,0.110869
284,1,235.685,0.110847
283.5,1,234.819,0.110825
283,1,233.953,0.110803
282.5,1,233.087,0.110781
282,1,232.221,0.11076
281.5,1,231.355,0.110738
281,1,230.488,0.110716
280.5,1,229.622,0.110694
280,1,228.756,0.110673
279.5,1,227.89,0.110652
279,1,227.024,0.110631
278.5,1,226.158,0.11061
278,1,225.292,0.110589
277.5,1,224.426,0.110568
277,1,223.56,0.110548
276.5,1,222.694,0.110528
276,1,221.828,0.110508
275.5,1,220.962,0.110488
275,1,220.096,0.110469
274.5,1,219.23,0.110449
274,1,218.364,0.11043
273.5,1,217.498,0.110411
273,1,216.632,0.110392
272.5,1,215.766,0.110374
272,1,214.9,0.110356
271.5,1,214.034,0.110338
271,1,213.168,0.11032
270.5,1,212.302,0.110302
270,1,211.436,0.110285
269.5,1,210.57,0.110268
269,1,209.704,0.110251
268.5,1,208.838,0.110235
268,1,207.972,0.110218
267.5,1,207.106,0.110202
267,1,206.24,0.110186
266.5,1,205.374,0.11017
266,1,204.508,0.110155
265.5,1,203.642,0.11014
265,1,202.776,0.110125
264.5,1,201.91,0.11011
264,1,201.044,0.110095
263.5,1,200.178,0.110081
263,1,199.312,0.110067
262.5,1,198.446,0.110053
262,1,197.58,0.110039
261.5,1,196.714,0.110025
261,1,195.847,0.110012
260.5,1,194.981,0.109999
260,1,194.115,0.109985
259.5,1,193.249,0.109973
259,1,192.383,0.10996
258.5,1,191.517,0.109948
258,1,190.651,0.109936
257.5,1,189.785,0.109924
257,1,188.919,0.109912
256.5,1,188.053,0.1099
256,1,187.187,0.109889
255.5,1,186.321,0.109878
255,1,185.455,0.109867
254.5,1,184.589,0.109856
254,1,183.723,0.109845
253.5,1,182.857,0.109834
253,1,181.991,0.109824
252.5,1,181.125,0.109814
252,1,180.259,0.109804
251.5,1,179.393,0.109794
251,1,178.527,0.109784
250.5,1,177.661,0.109774
250,1,176.795,0.109765
249.5,1,175.929,0.109756
249,1,175.063,0.109747
248.5,1,174.197,0.109738
248,1,173.331,0.109729
247.5,1,172.465,0.10972
247,1,171.599,0.109712
246.5,1,170.733,0.109703
246,1,169.867,0.109695
245.5,1,169.001,0.109687
245,1,168.135,0.109678
244.5,1,167.269,0.10967
244,1,166.403,0.109662
243.5,1,165.537,0.109655
243,1,164.671,0.109648
242.5,1,163.805,0.10964
242,1,162.939,0.109633
241.5,1,162.072,0.109626
241,1,161.206,0.109619
240.5,1,160.34,0.109612
240,1,159.474,0.109605
239.5,1,158.608,0.109598
239,1,157.742,0.109591
238.5,1,156.876,0.109585
238,1,156.01,0.109578
237.5,1,155.144,0.109572
237,1,154.278,0.109566
236.5,1,153.412,0.10956
236,1,152.546,0.109554
235.5,1,151.68,0.109548
235,1,150.814,0.109542
234.5,1,149.948,0.109536
234,1,149.082,0.10953
233.5,1,148.216,0.109525
233,1,147.35,0.109519
232.5,1,146.484,0.109514
232,1,145.618,0.109508
231.5,1,144.752,0.109503
231,1,143.886,0.109498
230.5,1,143.02,0.109493
230,1,142.154,0.109488
229.5,1,141.288,0.109483
229,1,140.422,0.109479
228.5,1,139.556,0.109474
228,1,138.69,0.109469
227.5,1,137.824,0.109465
227,1,136.958,0.10946
226.5,1,136.092,0.109456
226,1,135.226,0.109451
225.5,1,134.36,0.109447
225,1,133.494,0.109443
224.5,1,132.628,0.109439
224,1,131.762,0.109435
223.5,1,130.896,0.109431
223,1,130.03,0.109427
222.5,1,129.164,0.109423
222,1,128.297,0.109419
221.5,1,127.431,0.109415
221,1,126.565,0.109411
220.5,1,125.699,0.109408
220,1,124.833,0.109404
219.5,1,123.967,0.109401
219,1,123.101,0.109397
218.5,1,122.235,0.109394
218,1,121.369,0.109391
217.5,1,120.503,0.109387
217,1,119.637,0.109384
216.5,1,118.771,0.109381
216,1,117.905,0.109378
215.5,1,117.039,0.109375
215,1,116.173,0.109372
214.5,1,115.307,0.109369
214,1,114.441,0.109366
213.5,1,113.575,0.109363
213,1,112.709,0.10936
212.5,1,111.843,0.109357
212,1,110.977,0.109354
211.5,1,110.111,0.109352
211,1,109.245,0.109349
210.5,1,108.379,0.109347
210,1,107.513,0.109344
209.5,1,106.647,0.109342
209,1,105.781,0.109339
208.5,1,104.915,0.109336
208,1,104.049,0.109334
207.5,1,103.183,0.109331
207,1,102.317,0.109329
206.5,1,101.451,0.109327
206,1,100.585,0.109324
205.5,1,99.7187,0.109322
205,1,98.8526,0.10932
204.5,1,97.9866,0.109318
204,1,97.1206,0.109316
203.5,1,96.2546,0.109315
203,1,95.3885,0.109312
202.5,1,94.5225,0.10931
202,1,93.6565,0.109308
201.5,1,92.7905,0.109306
201,1,91.9244,0.109304
200.5,1,91.0584,0.109301
200,1,90.1924,0.109299
