x,y,z,b
500,1,609.808,0.108883
499.5,1,608.942,0.108877
499,1,608.076,0.108871
498.5,1,607.21,0.108864
498,1,606.344,0.108858
497.5,1,605.477,0.108852
497,1,604.611,0.108846
496.5,1,603.745,0.108839
496,1,602.879,0.108832
495.5,1,602.013,0.108825
495,1,601.147,0.108817
494.5,1,600.281,0.10881
494,1,599.415,0.108803
493.5,1,598.549,0.108795
493,1,597.683,0.108787
492.5,1,596.817,0.108778
492,1,595.951,0.10877
491.5,1,595.085,0.108761
491,1,594.219,0.108753
490.5,1,593.353,0.108744
490,1,592.487,0.108735
489.5,1,591.621,0.108725
489,1,590.755,0.108715
488.5,1,589.889,0.108705
488,1,589.023,0.108695
487.5,1,588.157,0.108685
487,1,587.291,0.108674
486.5,1,586.425,0.108663
486,1,585.559,0.108651
485.5,1,584.693,0.108639
485,1,583.827,0.108628
484.5,1,582.961,0.108616
484,1,582.095,0.108603
483.5,1,581.229,0.10859
483,1,580.363,0.108577
482.5,1,579.497,0.108563
482,1,578.631,0.10855
481.5,1,577.765,0.108536
481,1,576.899,0.108522
480.5,1,576.033,0.108506
480,1,575.167,0.10849
479.5,1,574.301,0.108474
479,1,573.435,0.108458
478.5,1,572.569,0.108441
478,1,571.703,0.108425
477.5,1,570.836,0.108407
477,1,569.97,0.108388
476.5,1,569.104,0.108369
476,1,568.238,0.10835
475.5,1,567.372,0.108331
475,1,566.506,0.108312
474.5,1,565.64,0.108291
474,1,564.774,0.108269
473.5,1,563.908,0.108246
473,1,563.042,0.108223
472.5,1,562.176,0.1082
472,1,561.31,0.108177
471.5,1,560.444,0.108153
471,1,559.578,0.108127
470.5,1,558.712,0.1081
470,1,557.846,0.108073
469.5,1,556.98,0.108046
469,1,556.114,0.108019
468.5,1,555.248,0.107991
468,1,554.382,0.10796
467.5,1,553.516,0.107928
467,1,552.65,0.107895
466.5,1,551.784,0.107862
466,1,550.918,0.107829
465.5,1,550.052,0.107795
465,1,549.186,0.10776
464.5,1,548.32,0.107721
464,1,547.454,0.107683
463.5,1,546.588,0.107644
463,1,545.722,0.107604
462.5,1,544.856,0.107564
462,1,543.99,0.107523
461.5,1,543.124,0.107476
461,1,542.258,0.107429
460.5,1,541.392,0.107382
460,1,540.526,0.107333
459.5,1,539.66,0.107285
459,1,538.794,0.107236
458.5,1,537.928,0.107181
458,1,537.061,0.107124
457.5,1,536.195,0.107067
457,1,535.329,0.107009
456.5,1,534.463,0.106951
456,1,533.597,0.106892
455.5,1,532.731,0.106828
455,1,531.865,0.106759
454.5,1,530.999,0.106689
454,1,530.133,0.106619
453.5,1,529.267,0.106548
453,1,528.401,0.106476
452.5,1,527.535,0.106401
452,1,526.669,0.106317
451.5,1,525.803,0.106232
451,1,524.937,0.106146
450.5,1,524.071,0.106059
450,1,523.205,0.105972
449.5,1,522.339,0.105884
449,1,521.473,0.105783
448.5,1,520.607,0.105681
448,1,519.741,0.105577
447.5,1,518.875,0.105472
447,1,518.009,0.105365
446.5,1,517.143,0.105258
446,1,516.277,0.10514
445.5,1,515.411,0.105014
445,1,514.545,0.104888
444.5,1,513.679,0.10476
444,1,512.813,0.104631
443.5,1,511.947,0.1045
443,1,511.081,0.104363
442.5,1,510.215,0.104213
442,1,509.349,0.104061
441.5,1,508.483,0.103907
441,1,507.617,0.103751
440.5,1,506.751,0.103594
440,1,505.885,0.103436
439.5,1,505.019,0.103259
439,1,504.153,0.10308
438.5,1,503.286,0.102899
438,1,502.42,0.102717
437.5,1,501.554,0.102533
437,1,500.688,0.102347
436.5,1,499.822,0.10215
436,1,498.956,0.101947
435.5,1,498.09,0.101743
435,1,497.224,0.101537
434.5,1,496.358,0.10133
434,1,495.492,0.101122
433.5,1,494.626,0.100908
433,1,493.76,0.100681
432.5,1,492.894,0.100454
432,1,492.028,0.100226
431.5,1,491.162,0.0999968
431,1,490.296,0.099767
430.5,1,489.43,0.0995368
430,1,488.564,0.0993208
429.5,1,487.698,0.099109
429,1,486.832,0.098925
428.5,1,485.966,0.098778
428,1,485.1,0.098656
427.5,1,484.234,0.0985592
427,1,483.368,0.0986233
426.5,1,482.502,0.0987587
426,1,481.636,0.0989092
425.5,1,480.77,0.0990746
425,1,479.904,0.099255
424.5,1,479.038,0.0994504
424,1,478.172,0.0997207
423.5,1,477.306,0.100219
423,1,476.44,0.100836
422.5,1,475.574,0.101515
422,1,474.708,0.102257
421.5,1,473.842,0.103062
421,1,472.976,0.103944
420.5,1,472.11,0.105035
420,1,471.244,0.106167
419.5,1,470.378,0.107343
419,1,469.512,0.10856
418.5,1,468.645,0.10982
418,1,467.779,0.111493
417.5,1,466.913,0.113472
417,1,466.047,0.115422
416.5,1,465.181,0.117286
416,1,464.315,0.119065
415.5,1,463.449,0.120757
415,1,462.583,0.122364
414.5,1,461.717,0.12407
414,1,460.851,0.12596
413.5,1,459.985,0.127825
413,1,459.119,0.129667
412.5,1,458.253,0.131057
412,1,457.387,0.132301
411.5,1,456.521,0.133682
411,1,455.655,0.136113
410.5,1,454.789,0.138649
410,1,453.923,0.141289
409.5,1,453.057,0.144034
409,1,452.191,0.146884
408.5,1,451.325,0.149838
408,1,450.459,0.153402
407.5,1,449.593,0.157164
407,1,448.727,0.162533
406.5,1,447.861,0.167919
406,1,446.995,0.173009
405.5,1,446.129,0.177803
405,1,445.263,0.181796
404.5,1,444.397,0.184897
404,1,443.531,0.187561
403.5,1,442.665,0.189787
403,1,441.799,0.191576
402.5,1,440.933,0.192927
402,1,440.067,0.193661
401.5,1,439.201,0.19842
401,1,438.335,0.204239
400.5,1,437.469,0.210629
400,1,436.603,0.217591
399.5,1,435.737,0.225124
399,1,434.87,0.23323
398.5,1,434.004,0.248742
398,1,433.138,0.264067
397.5,1,432.272,0.278155
397,1,431.406,0.291006
396.5,1,430.54,0.302619
396,1,429.674,0.308737
395.5,1,428.808,0.311916
395,1,427.942,0.31339
394.5,1,427.076,0.314864
394,1,426.21,0.316338
393.5,1,425.344,0.317813
393,1,424.478,0.319287
392.5,1,423.612,0.320511
392,1,422.746,0.321086
391.5,1,421.88,0.321827
391,1,421.014,0.322697
390.5,1,420.148,0.32251
390,1,419.282,0.322373
389.5,1,418.416,0.322286
389,1,417.55,0.322168
388.5,1,416.684,0.322214
388,1,415.818,0.322434
387.5,1,414.952,0.322827
387,1,414.086,0.323394
386.5,1,413.22,0.324135
386,1,412.354,0.325322
385.5,1,411.488,0.326913
385,1,410.622,0.328534
384.5,1,409.756,0.330136
384,1,408.89,0.33172
383.5,1,408.024,0.333286
383,1,407.158,0.334807
382.5,1,406.292,0.336399
382,1,405.426,0.338206
381.5,1,404.56,0.340228
381,1,403.694,0.342464
380.5,1,402.828,0.344914
380,1,401.962,0.347406
379.5,1,401.095,0.338354
379,1,400.229,0.329184
378.5,1,399.363,0.319998
378,1,398.497,0.310798
377.5,1,397.631,0.301583
377,1,396.765,0.292353
376.5,1,395.899,0.277474
376,1,395.033,0.259923
375.5,1,394.167,0.242417
375,1,393.301,0.224956
374.5,1,392.435,0.207811
374,1,391.569,0.191822
373.5,1,390.703,0.180606
373,1,389.837,0.177433
372.5,1,388.971,0.174245
372,1,388.105,0.171042
371.5,1,387.239,0.167822
371,1,386.373,0.164588
370.5,1,385.507,0.161498
370,1,384.641,0.161769
369.5,1,383.775,0.162107
369,1,382.909,0.162895
368.5,1,382.043,0.164734
368,1,381.177,0.166655
367.5,1,380.311,0.168658
367,1,379.445,0.171123
366.5,1,378.579,0.173913
366,1,377.713,0.176903
365.5,1,376.847,0.180094
365,1,375.981,0.183485
364.5,1,375.115,0.187076
364,1,374.249,0.19036
363.5,1,373.383,0.192938
363,1,372.517,0.194694
362.5,1,371.651,0.195513
362,1,370.785,0.195396
361.5,1,369.919,0.194342
361,1,369.053,0.192287
360.5,1,368.187,0.189031
360,1,367.321,0.185381
359.5,1,366.454,0.181336
359,1,365.588,0.176898
358.5,1,364.722,0.172065
358,1,363.856,0.167687
357.5,1,362.99,0.167236
357,1,362.124,0.168309
356.5,1,361.258,0.17022
356,1,360.392,0.172967
355.5,1,359.526,0.176551
355,1,358.66,0.180972
354.5,1,357.794,0.193683
354,1,356.928,0.218536
353.5,1,356.062,0.248267
353,1,355.196,0.282875
352.5,1,354.33,0.313906
352,1,353.464,0.333306
351.5,1,352.598,0.337004
351,1,351.732,0.281731
350.5,1,350.866,0.230981
350,1,350,0.184754
349.5,1,349.134,0.143051
349,1,348.268,0.105871
348.5,1,347.402,0.073214
348,1,346.536,0.0711435
347.5,1,345.67,0.0713602
347,1,344.804,0.07051
346.5,1,343.938,0.0694562
346,1,343.072,0.0666679
345.5,1,342.206,0.0621451
345,1,341.34,0.0645661
344.5,1,340.474,0.0735574
344,1,339.608,0.0815245
343.5,1,338.742,0.0884672
343,1,337.876,0.0943856
342.5,1,337.01,0.0992796
342,1,336.144,0.102098
341.5,1,335.278,0.10084
341,1,334.412,0.0997915
340.5,1,333.546,0.098865
340,1,332.679,0.0980602
339.5,1,331.813,0.0973773
339,1,330.947,0.0968162
338.5,1,330.081,0.0981526
338,1,329.215,0.0995779
337.5,1,328.349,0.100878
337,1,327.483,0.102054
336.5,1,326.617,0.103105
336,1,325.751,0.10417
335.5,1,324.885,0.104574
335,1,324.019,0.104511
334.5,1,323.153,0.10448
334,1,322.287,0.104482
333.5,1,321.421,0.104516
333,1,320.555,0.104582
332.5,1,319.689,0.10479
332,1,318.823,0.105295
331.5,1,317.957,0.10578
331,1,317.091,0.106246
330.5,1,316.225,0.106712
330,1,315.359,0.107171
329.5,1,314.493,0.107615
329,1,313.627,0.107691
328.5,1,312.761,0.10776
328,1,311.895,0.107838
327.5,1,311.029,0.107926
327,1,310.163,0.108025
326.5,1,309.297,0.108133
326,1,308.431,0.108298
325.5,1,307.565,0.108488
325,1,306.699,0.108687
324.5,1,305.833,0.108888
324,1,304.967,0.109088
323.5,1,304.101,0.109287
323,1,303.235,0.109454
322.5,1,302.369,0.109555
322,1,301.503,0.109657
321.5,1,300.637,0.109761
321,1,299.771,0.109866
320.5,1,298.905,0.109973
320,1,298.038,0.11008
319.5,1,297.172,0.110178
319,1,296.306,0.110275
318.5,1,295.44,0.110371
318,1,294.574,0.110468
317.5,1,293.708,0.110564
317,1,292.842,0.11066
316.5,1,291.976,0.110734
316,1,291.11,0.110798
315.5,1,290.244,0.110862
315,1,289.378,0.110926
314.5,1,288.512,0.110989
314,1,287.646,0.111054
313.5,1,286.78,0.111111
313,1,285.914,0.111154
312.5,1,285.048,0.111196
312,1,284.182,0.111238
311.5,1,283.316,0.111278
311,1,282.45,0.111318
310.5,1,281.584,0.111356
310,1,280.718,0.11138
309.5,1,279.852,0.111404
309,1,278.986,0.111427
308.5,1,278.12,0.11145
308,1,277.254,0.111473
307.5,1,276.388,0.111495
307,1,275.522,0.111505
306.5,1,274.656,0.111512
306,1,273.79,0.111517
305.5,1,272.924,0.111523
305,1,272.058,0.111527
304.5,1,271.192,0.111532
304,1,270.326,0.111532
303.5,1,269.46,0.111528
303,1,268.594,0.111524
302.5,1,267.728,0.111519
302,1,266.862,0.111514
301.5,1,265.996,0.111509
301,1,265.13,0.111503
300.5,1,264.263,0.111488
300,1,263.397,0.111474
299.5,1,262.531,0.11146
299,1,261.665,0.111446
298.5,1,260.799,0.111431
298,1,259.933,0.111417
297.5,1,259.067,0.111399
297,1,258.201,0.111381
296.5,1,257.335,0.111364
296,1,256.469,0.111346
295.5,1,255.603,0.111328
295,1,254.737,0.11131
294.5,1,253.871,0.11129
294,1,253.005,0.111268
293.5,1,252.139,0.111246
293,1,251.273,0.111225
292.5,1,250.407,0.111203
292,1,249.541,0.111182
291.5,1,248.675,0.11116
291,1,247.809,0.111136
290.5,1,246.943,0.111113
290,1,246.077,0.111089
289.5,1,245.211,0.111066
289,1,244.345,0.111043
288.5,1,243.479,0.11102
288,1,242.613,0.110995
287.5,1,241.747,0.11097
287,1,240.881,0.110946
286.5,1,240.015,0.110922
286,1,239.149,0.110898
285.5,1,238.283,0.110875
285,1,237.417,0.110851
284.5,1,236.551,0.110827
284,1,235.685,0.110803
283.5,1,234.819,0.11078
283,1,233.953,0.110757
282.5,1,233.087,0.110734
282,1,232.221,0.110711
281.5,1,231.355,0.110688
281,1,230.488,0.110666
280.5,1,229.622,0.110644
280,1,228.756,0.110622
279.5,1,227.89,0.1106
279,1,227.024,0.110578
278.5,1,226.158,0.110557
278,1,225.292,0.110535
277.5,1,224.426,0.110514
277,1,223.56,0.110494
276.5,1,222.694,0.110473
276,1,221.828,0.110453
275.5,1,220.962,0.110433
275,1,220.096,0.110414
274.5,1,219.23,0.110394
274,1,218.364,0.110375
273.5,1,217.498,0.110356
273,1,216.632,0.110337
272.5,1,215.766,0.110319
272,1,214.9,0.110301
271.5,1,214.034,0.110283
271,1,213.168,0.110265
270.5,1,212.302,0.110248
270,1,211.436,0.110231
269.5,1,210.57,0.110214
269,1,209.704,0.110197
268.5,1,208.838,0.110181
268,1,207.972,0.110165
267.5,1,207.106,0.110149
267,1,206.24,0.110133
266.5,1,205.374,0.110118
266,1,204.508,0.110102
265.5,1,203.642,0.110087
265,1,202.776,0.110073
264.5,1,201.91,0.110058
264,1,201.044,0.110044
263.5,1,200.178,0.11003
263,1,199.312,0.110016
262.5,1,198.446,0.110003
262,1,197.58,0.109989
261.5,1,196.714,0.109976
261,1,195.847,0.109963
260.5,1,194.981,0.10995
260,1,194.115,0.109938
259.5,1,193.249,0.109925
259,1,192.383,0.109913
258.5,1,191.517,0.109901
258,1,190.651,0.10989
257.5,1,189.785,0.109878
257,1,188.919,0.109866
256.5,1,188.053,0.109855
256,1,187.187,0.109844
255.5,1,186.321,0.109834
255,1,185.455,0.109823
254.5,1,184.589,0.109812
254,1,183.723,0.109802
253.5,1,182.857,0.109792
253,1,181.991,0.109782
252.5,1,181.125,0.109772
252,1,180.259,0.109763
251.5,1,179.393,0.109753
251,1,178.527,0.109744
250.5,1,177.661,0.109734
250,1,176.795,0.109725
249.5,1,175.929,0.109717
249,1,175.063,0.109708
248.5,1,174.197,0.1097
248,1,173.331,0.109691
247.5,1,172.465,0.109683
247,1,171.599,0.109675
246.5,1,170.733,0.109667
246,1,169.867,0.109659
245.5,1,169.001,0.109651
245,1,168.135,0.109643
244.5,1,167.269,0.109636
244,1,166.403,0.109628
243.5,1,165.537,0.109621
243,1,164.671,0.109614
242.5,1,163.805,0.109607
242,1,162.939,0.1096
241.5,1,162.072,0.109594
241,1,161.206,0.109587
240.5,1,160.34,0.10958
240,1,159.474,0.109574
239.5,1,158.608,0.109567
239,1,157.742,0.109561
238.5,1,156.876,0.109555
238,1,156.01,0.109548
237.5,1,155.144,0.109543
237,1,154.278,0.109537
236.5,1,153.412,0.109531
236,1,152.546,0.109525
235.5,1,151.68,0.10952
235,1,150.814,0.109514
234.5,1,149.948,0.109509
234,1,149.082,0.109503
233.5,1,148.216,0.109498
233,1,147.35,0.109493
232.5,1,146.484,0.109488
232,1,145.618,0.109483
231.5,1,144.752,0.109478
231,1,143.886,0.109473
230.5,1,143.02,0.109468
230,1,142.154,0.109464
229.5,1,141.288,0.109459
229,1,140.422,0.109455
228.5,1,139.556,0.10945
228,1,138.69,0.109446
227.5,1,137.824,0.109442
227,1,136.958,0.109437
226.5,1,136.092,0.109433
226,1,135.226,0.109429
225.5,1,134.36,0.109425
225,1,133.494,0.109421
224.5,1,132.628,0.109417
224,1,131.762,0.109413
223.5,1,130.896,0.10941
223,1,130.03,0.109406
222.5,1,129.164,0.109402
222,1,128.297,0.109399
221.5,1,127.431,0.109395
221,1,126.565,0.109392
220.5,1,125.699,0.109388
220,1,124.833,0.109385
219.5,1,123.967,0.109382
219,1,123.101,0.109378
218.5,1,122.235,0.109375
218,1,121.369,0.109372
217.5,1,120.503,0.109369
217,1,119.637,0.109366
216.5,1,118.771,0.109363
216,1,117.905,0.10936
215.5,1,117.039,0.109358
215,1,116.173,0.109355
214.5,1,115.307,0.109352
214,1,114.441,0.109349
213.5,1,113.575,0.109346
213,1,112.709,0.109343
212.5,1,111.843,0.109341
212,1,110.977,0.109338
211.5,1,110.111,0.109336
211,1,109.245,0.109333
210.5,1,108.379,0.109331
210,1,107.513,0.109329
209.5,1,106.647,0.109326
209,1,105.781,0.109324
208.5,1,104.915,0.109322
208,1,104.049,0.109319
207.5,1,103.183,0.109317
207,1,102.317,0.109315
206.5,1,101.451,0.109312
206,1,100.585,0.10931
205.5,1,99.7187,0.109308
205,1,98.8526,0.109307
204.5,1,97.9866,0.109305
204,1,97.1206,0.109303
203.5,1,96.2546,0.109301
203,1,95.3885,0.109299
202.5,1,94.5225,0.109297
202,1,93.6565,0.109295
201.5,1,92.7905,0.109293
201,1,91.9244,0.109291
200.5,1,91.0584,0.109289
200,1,90.1924,0.109287
