x,y,z,b
500,1,609.808,0.113165
499.5,1,608.942,0.113221
499,1,608.076,0.113277
498.5,1,607.21,0.113333
498,1,606.344,0.113391
497.5,1,605.477,0.113449
497,1,604.611,0.113509
496.5,1,603.745,0.113572
496,1,602.879,0.113639
495.5,1,602.013,0.113706
495,1,601.147,0.113775
494.5,1,600.281,0.113844
494,1,599.415,0.113915
493.5,1,598.549,0.113979
493,1,597.683,0.11403
492.5,1,596.817,0.114082
492,1,595.951,0.114135
491.5,1,595.085,0.11419
491,1,594.219,0.114246
490.5,1,593.353,0.114304
490,1,592.487,0.114382
489.5,1,591.621,0.114462
489,1,590.755,0.114544
488.5,1,589.889,0.114628
488,1,589.023,0.114715
487.5,1,588.157,0.114803
487,1,587.291,0.1149
486.5,1,586.425,0.115003
486,1,585.559,0.115109
485.5,1,584.693,0.115219
485,1,583.827,0.115332
484.5,1,582.961,0.115448
484,1,582.095,0.115581
483.5,1,581.229,0.11574
483,1,580.363,0.115903
482.5,1,579.497,0.116072
482,1,578.631,0.116246
481.5,1,577.765,0.116425
481,1,576.899,0.116612
480.5,1,576.033,0.116862
480,1,575.167,0.11712
479.5,1,574.301,0.117385
479,1,573.435,0.117659
478.5,1,572.569,0.11794
478,1,571.703,0.118226
477.5,1,570.836,0.118606
477,1,569.97,0.119025
476.5,1,569.104,0.119453
476,1,568.238,0.119892
475.5,1,567.372,0.12034
475,1,566.506,0.120798
474.5,1,565.64,0.12132
474,1,564.774,0.121924
473.5,1,563.908,0.122541
473,1,563.042,0.123168
472.5,1,562.176,0.123783
472,1,561.31,0.124406
471.5,1,560.444,0.125053
471,1,559.578,0.125826
470.5,1,558.712,0.12661
470,1,557.846,0.127405
469.5,1,556.98,0.128211
469,1,556.114,0.129029
468.5,1,555.248,0.129857
468,1,554.382,0.130819
467.5,1,553.516,0.131809
467,1,552.65,0.132722
466.5,1,551.784,0.133637
466,1,550.918,0.134552
465.5,1,550.052,0.135469
465,1,549.186,0.136393
464.5,1,548.32,0.137326
464,1,547.454,0.138261
463.5,1,546.588,0.139199
463,1,545.722,0.14014
462.5,1,544.856,0.141083
462,1,543.99,0.141989
461.5,1,543.124,0.142733
461,1,542.258,0.143482
460.5,1,541.392,0.144237
460,1,540.526,0.144996
459.5,1,539.66,0.14576
459,1,538.794,0.14653
458.5,1,537.928,0.14715
458,1,537.061,0.147761
457.5,1,536.195,0.148389
457,1,535.329,0.149035
456.5,1,534.463,0.149658
456,1,533.597,0.150196
455.5,1,532.731,0.150818
455,1,531.865,0.151515
454.5,1,530.999,0.152233
454,1,530.133,0.152972
453.5,1,529.267,0.153731
453,1,528.401,0.15451
452.5,1,527.535,0.155343
452,1,526.669,0.156313
451.5,1,525.803,0.157305
451,1,524.937,0.158231
450.5,1,524.071,0.158995
450,1,523.205,0.159759
449.5,1,522.339,0.160522
449,1,521.473,0.161192
448.5,1,520.607,0.161864
448,1,519.741,0.162548
447.5,1,518.875,0.163243
447,1,518.009,0.163949
446.5,1,517.143,0.164666
446,1,516.277,0.165144
445.5,1,515.411,0.165369
445,1,514.545,0.165462
444.5,1,513.679,0.165569
444,1,512.813,0.165689
443.5,1,511.947,0.165824
443,1,511.081,0.165902
442.5,1,510.215,0.165819
442,1,509.349,0.165751
441.5,1,508.483,0.165699
441,1,507.617,0.165661
440.5,1,506.751,0.165639
440,1,505.885,0.165615
439.5,1,505.019,0.165544
439,1,504.153,0.165492
438.5,1,503.286,0.165461
438,1,502.42,0.165449
437.5,1,501.554,0.165458
437,1,500.688,0.165488
436.5,1,499.822,0.165406
436,1,498.956,0.165258
435.5,1,498.09,0.165107
435,1,497.224,0.164953
434.5,1,496.358,0.16476
434,1,495.492,0.16455
433.5,1,494.626,0.16425
433,1,493.76,0.163755
432.5,1,492.894,0.16328
432,1,492.028,0.162826
431.5,1,491.162,0.162393
431,1,490.296,0.161981
430.5,1,489.43,0.161585
430,1,488.564,0.161051
429.5,1,487.698,0.160525
429,1,486.832,0.159973
428.5,1,485.966,0.159437
428,1,485.1,0.158949
427.5,1,484.234,0.15851
427,1,483.368,0.158209
426.5,1,482.502,0.157993
426,1,481.636,0.157825
425.5,1,480.77,0.157705
425,1,479.904,0.157633
424.5,1,479.038,0.157609
424,1,478.172,0.157706
423.5,1,477.306,0.157794
423,1,476.44,0.157831
422.5,1,475.574,0.157898
422,1,474.708,0.157997
421.5,1,473.842,0.158127
421,1,472.976,0.158304
420.5,1,472.11,0.158688
420,1,471.244,0.159108
419.5,1,470.378,0.159564
419,1,469.512,0.160055
418.5,1,468.645,0.160582
418,1,467.779,0.161105
417.5,1,466.913,0.161643
417,1,466.047,0.162228
416.5,1,465.181,0.16286
416,1,464.315,0.16354
415.5,1,463.449,0.164268
415,1,462.583,0.165044
414.5,1,461.717,0.165832
414,1,460.851,0.16664
413.5,1,459.985,0.167517
413,1,459.119,0.168465
412.5,1,458.253,0.169597
412,1,457.387,0.170824
411.5,1,456.521,0.172063
411,1,455.655,0.173052
410.5,1,454.789,0.174114
410,1,453.923,0.175249
409.5,1,453.057,0.176458
409,1,452.191,0.177739
408.5,1,451.325,0.179094
408,1,450.459,0.179941
407.5,1,449.593,0.180678
407,1,448.727,0.181299
406.5,1,447.861,0.181927
406,1,446.995,0.182588
405.5,1,446.129,0.183282
405,1,445.263,0.183851
404.5,1,444.397,0.184271
404,1,443.531,0.184683
403.5,1,442.665,0.185088
403,1,441.799,0.185484
402.5,1,440.933,0.185873
402,1,440.067,0.186258
401.5,1,439.201,0.186563
401,1,438.335,0.186865
400.5,1,437.469,0.187176
400,1,436.603,0.187494
399.5,1,435.737,0.18782
399,1,434.87,0.188154
398.5,1,434.004,0.187384
398,1,433.138,0.186498
397.5,1,432.272,0.185653
397,1,431.406,0.184848
396.5,1,430.54,0.184083
396,1,429.674,0.183307
395.5,1,428.808,0.182011
395,1,427.942,0.180194
394.5,1,427.076,0.178262
394,1,426.21,0.176214
393.5,1,425.344,0.17405
393,1,424.478,0.171771
392.5,1,423.612,0.169146
392,1,422.746,0.165773
391.5,1,421.88,0.162378
391,1,421.014,0.158961
390.5,1,420.148,0.155541
390,1,419.282,0.152103
389.5,1,418.416,0.148645
389,1,417.55,0.146732
388.5,1,416.684,0.144895
388,1,415.818,0.143027
387.5,1,414.952,0.141125
387,1,414.086,0.139191
386.5,1,413.22,0.137225
386,1,412.354,0.136762
385.5,1,411.488,0.137222
385,1,410.622,0.137661
384.5,1,409.756,0.13806
384,1,408.89,0.138419
383.5,1,408.024,0.138739
383,1,407.158,0.139332
382.5,1,406.292,0.140628
382,1,405.426,0.141932
381.5,1,404.56,0.143244
381,1,403.694,0.144565
380.5,1,402.828,0.145894
380,1,401.962,0.147219
379.5,1,401.095,0.147353
379,1,400.229,0.14746
378.5,1,399.363,0.147551
378,1,398.497,0.147625
377.5,1,397.631,0.147683
377,1,396.765,0.147726
376.5,1,395.899,0.147443
376,1,395.033,0.147031
375.5,1,394.167,0.146642
375,1,393.301,0.146279
374.5,1,392.435,0.145967
374,1,391.569,0.145816
373.5,1,390.703,0.146113
373,1,389.837,0.147176
372.5,1,388.971,0.148383
372,1,388.105,0.149735
371.5,1,387.239,0.151231
371,1,386.373,0.152871
370.5,1,385.507,0.154666
370,1,384.641,0.156819
369.5,1,383.775,0.159159
369,1,382.909,0.16171
368.5,1,382.043,0.164479
368,1,381.177,0.1674
367.5,1,380.311,0.170473
367,1,379.445,0.17294
366.5,1,378.579,0.175321
366,1,377.713,0.1779
365.5,1,376.847,0.180679
365,1,375.981,0.183655
364.5,1,375.115,0.18683
364,1,374.249,0.188837
363.5,1,373.383,0.188888
363,1,372.517,0.188818
362.5,1,371.651,0.189135
362,1,370.785,0.189838
361.5,1,369.919,0.190926
361,1,369.053,0.192317
360.5,1,368.187,0.19344
360,1,367.321,0.195117
359.5,1,366.454,0.19735
359,1,365.588,0.200137
358.5,1,364.722,0.203479
358,1,363.856,0.206437
357.5,1,362.99,0.20553
357,1,362.124,0.204214
356.5,1,361.258,0.203293
356,1,360.392,0.202765
355.5,1,359.526,0.202632
355,1,358.66,0.202893
354.5,1,357.794,0.215555
354,1,356.928,0.243993
353.5,1,356.062,0.275485
353,1,355.196,0.310031
352.5,1,354.33,0.338965
352,1,353.464,0.356079
351.5,1,352.598,0.364348
351,1,351.732,0.344962
350.5,1,350.866,0.327008
350,1,350,0.310484
349.5,1,349.134,0.295392
349,1,348.268,0.281732
348.5,1,347.402,0.269502
348,1,346.536,0.259844
347.5,1,345.67,0.252727
347,1,344.804,0.249654
346.5,1,343.938,0.249204
346,1,343.072,0.249558
345.5,1,342.206,0.250716
345,1,341.34,0.250516
344.5,1,340.474,0.248429
344,1,339.608,0.246156
343.5,1,338.742,0.243695
343,1,337.876,0.241049
342.5,1,337.01,0.238215
342,1,336.144,0.23492
341.5,1,335.278,0.230009
341,1,334.412,0.224866
340.5,1,333.546,0.219849
340,1,332.679,0.214959
339.5,1,331.813,0.210196
339,1,330.947,0.205559
338.5,1,330.081,0.203703
338,1,329.215,0.202224
337.5,1,328.349,0.200821
337,1,327.483,0.199493
336.5,1,326.617,0.19824
336,1,325.751,0.197221
335.5,1,324.885,0.197173
335,1,324.019,0.197764
334.5,1,323.153,0.198387
334,1,322.287,0.199041
333.5,1,321.421,0.199727
333,1,320.555,0.200446
332.5,1,319.689,0.201148
332,1,318.823,0.201747
331.5,1,317.957,0.202371
331,1,317.091,0.203019
330.5,1,316.225,0.203756
330,1,315.359,0.204521
329.5,1,314.493,0.205286
329,1,313.627,0.206374
328.5,1,312.761,0.207482
328,1,311.895,0.208596
327.5,1,311.029,0.209715
327,1,310.163,0.210841
326.5,1,309.297,0.211972
326,1,308.431,0.212238
325.5,1,307.565,0.211956
325,1,306.699,0.211526
324.5,1,305.833,0.210968
324,1,304.967,0.210297
323.5,1,304.101,0.209514
323,1,303.235,0.208382
322.5,1,302.369,0.206698
322,1,301.503,0.204981
321.5,1,300.637,0.203231
321,1,299.771,0.201448
320.5,1,298.905,0.199633
320,1,298.038,0.197788
319.5,1,297.172,0.196697
319,1,296.306,0.195777
318.5,1,295.44,0.194947
318,1,294.574,0.194207
317.5,1,293.708,0.193557
317,1,292.842,0.192998
316.5,1,291.976,0.192292
316,1,291.11,0.19145
315.5,1,290.244,0.190555
315,1,289.378,0.189607
314.5,1,288.512,0.188607
314,1,287.646,0.188442
313.5,1,286.78,0.188508
313,1,285.914,0.188588
312.5,1,285.048,0.188684
312,1,284.182,0.188794
311.5,1,283.316,0.188919
311,1,282.45,0.18906
310.5,1,281.584,0.189206
310,1,280.718,0.189176
309.5,1,279.852,0.189039
309,1,278.986,0.188797
308.5,1,278.12,0.188983
308,1,277.254,0.189339
307.5,1,276.388,0.189851
307,1,275.522,0.190673
306.5,1,274.656,0.19154
306,1,273.79,0.192378
305.5,1,272.924,0.193188
305,1,272.058,0.193969
304.5,1,271.192,0.194721
304,1,270.326,0.195419
303.5,1,269.46,0.195959
303,1,268.594,0.195815
302.5,1,267.728,0.195676
302,1,266.862,0.195542
301.5,1,265.996,0.195412
301,1,265.13,0.19528
300.5,1,264.263,0.195064
300,1,263.397,0.194785
299.5,1,262.531,0.194442
299,1,261.665,0.194036
298.5,1,260.799,0.193566
298,1,259.933,0.192964
297.5,1,259.067,0.191816
297,1,258.201,0.190751
296.5,1,257.335,0.189742
296,1,256.469,0.18879
295.5,1,255.603,0.187894
295,1,254.737,0.187054
294.5,1,253.871,0.18623
294,1,253.005,0.185355
293.5,1,252.139,0.184448
293,1,251.273,0.183508
292.5,1,250.407,0.182331
292,1,249.541,0.180038
291.5,1,248.675,0.177727
291,1,247.809,0.175328
290.5,1,246.943,0.172943
290,1,246.077,0.170573
289.5,1,245.211,0.168216
289,1,244.345,0.165873
288.5,1,243.479,0.163545
288,1,242.613,0.161125
287.5,1,241.747,0.158699
287,1,240.881,0.156388
286.5,1,240.015,0.154466
286,1,239.149,0.152553
285.5,1,238.283,0.150649
285,1,237.417,0.148706
284.5,1,236.551,0.146741
284,1,235.685,0.144797
283.5,1,234.819,0.142873
283,1,233.953,0.140969
282.5,1,233.087,0.139086
282,1,232.221,0.137213
281.5,1,231.355,0.135406
281,1,230.488,0.133827
280.5,1,229.622,0.132268
280,1,228.756,0.130728
279.5,1,227.89,0.129208
279,1,227.024,0.127707
278.5,1,226.158,0.126223
278,1,225.292,0.124766
277.5,1,224.426,0.123338
277,1,223.56,0.121938
276.5,1,222.694,0.120566
276,1,221.828,0.119289
275.5,1,220.962,0.118191
275,1,220.096,0.117132
274.5,1,219.23,0.116093
274,1,218.364,0.115074
273.5,1,217.498,0.114073
273,1,216.632,0.113092
272.5,1,215.766,0.112153
272,1,214.9,0.111293
271.5,1,214.034,0.110455
271,1,213.168,0.109638
270.5,1,212.302,0.108875
270,1,211.436,0.108177
269.5,1,210.57,0.107492
269,1,209.704,0.106925
268.5,1,208.838,0.106374
268,1,207.972,0.105837
267.5,1,207.106,0.105315
267,1,206.24,0.104806
266.5,1,205.374,0.104311
266,1,204.508,0.1039
265.5,1,203.642,0.103538
265,1,202.776,0.1032
264.5,1,201.91,0.102887
264,1,201.044,0.102584
263.5,1,200.178,0.102291
263,1,199.312,0.102041
262.5,1,198.446,0.101866
262,1,197.58,0.1017
261.5,1,196.714,0.101541
261,1,195.847,0.10139
260.5,1,194.981,0.101247
260,1,194.115,0.101114
259.5,1,193.249,0.101065
259,1,192.383,0.101028
258.5,1,191.517,0.100994
258,1,190.651,0.100965
257.5,1,189.785,0.100941
257,1,188.919,0.10092
256.5,1,188.053,0.100942
256,1,187.187,0.100981
255.5,1,186.321,0.101024
255,1,185.455,0.101071
254.5,1,184.589,0.101122
254,1,183.723,0.101179
253.5,1,182.857,0.101252
253,1,181.991,0.101346
252.5,1,181.125,0.101441
252,1,180.259,0.101536
251.5,1,179.393,0.101633
251,1,178.527,0.10173
250.5,1,177.661,0.101828
250,1,176.795,0.101936
249.5,1,175.929,0.102044
249,1,175.063,0.102152
248.5,1,174.197,0.102262
248,1,173.331,0.102372
247.5,1,172.465,0.102483
247,1,171.599,0.102596
246.5,1,170.733,0.102709
246,1,169.867,0.102822
245.5,1,169.001,0.102935
245,1,168.135,0.103048
244.5,1,167.269,0.10316
244,1,166.403,0.103271
243.5,1,165.537,0.103381
243,1,164.671,0.103491
242.5,1,163.805,0.103601
242,1,162.939,0.10371
241.5,1,162.072,0.103819
241,1,161.206,0.103926
240.5,1,160.34,0.104029
240,1,159.474,0.104131
239.5,1,158.608,0.104232
239,1,157.742,0.104333
238.5,1,156.876,0.104434
238,1,156.01,0.104534
237.5,1,155.144,0.104628
237,1,154.278,0.104721
236.5,1,153.412,0.104814
236,1,152.546,0.104906
235.5,1,151.68,0.104997
235,1,150.814,0.105088
234.5,1,149.948,0.105175
234,1,149.082,0.105258
233.5,1,148.216,0.105341
233,1,147.35,0.105424
232.5,1,146.484,0.105505
232,1,145.618,0.105587
231.5,1,144.752,0.105666
231,1,143.886,0.10574
230.5,1,143.02,0.105814
230,1,142.154,0.105887
229.5,1,141.288,0.105959
229,1,140.422,0.106031
228.5,1,139.556,0.106103
228,1,138.69,0.106169
227.5,1,137.824,0.106233
227,1,136.958,0.106298
226.5,1,136.092,0.106362
226,1,135.226,0.106425
225.5,1,134.36,0.106488
225,1,133.494,0.106547
224.5,1,132.628,0.106603
224,1,131.762,0.106659
223.5,1,130.896,0.106714
223,1,130.03,0.106769
222.5,1,129.164,0.106823
222,1,128.297,0.106876
221.5,1,127.431,0.106925
221,1,126.565,0.106974
220.5,1,125.699,0.107022
220,1,124.833,0.10707
219.5,1,123.967,0.107118
219,1,123.101,0.107165
218.5,1,122.235,0.107208
218,1,121.369,0.107251
217.5,1,120.503,0.107293
217,1,119.637,0.107335
216.5,1,118.771,0.107376
216,1,117.905,0.107417
215.5,1,117.039,0.107456
215,1,116.173,0.107492
214.5,1,115.307,0.107529
214,1,114.441,0.107565
213.5,1,113.575,0.107601
213,1,112.709,0.107636
212.5,1,111.843,0.10767
212,1,110.977,0.1077
211.5,1,110.111,0.10773
211,1,109.245,0.107759
210.5,1,108.379,0.107789
210,1,107.513,0.107818
209.5,1,106.647,0.107847
209,1,105.781,0.107873
208.5,1,104.915,0.1079
208,1,104.049,0.107926
207.5,1,103.183,0.107952
207,1,102.317,0.107978
206.5,1,101.451,0.108004
206,1,100.585,0.108028
205.5,1,99.7187,0.108052
205,1,98.8526,0.108076
204.5,1,97.9866,0.1081
204,1,97.1206,0.108124
203.5,1,96.2546,0.108147
203,1,95.3885,0.108169
202.5,1,94.5225,0.108188
202,1,93.6565,0.108207
201.5,1,92.7905,0.108226
201,1,91.9244,0.108245
200.5,1,91.0584,0.108263
200,1,90.1924,0.108281
