x,y,z,b
500,1,609.808,0.112391
499.5,1,608.942,0.112407
499,1,608.076,0.112422
498.5,1,607.21,0.112439
498,1,606.344,0.112456
497.5,1,605.477,0.112475
497,1,604.611,0.112494
496.5,1,603.745,0.112527
496,1,602.879,0.112566
495.5,1,602.013,0.112608
495,1,601.147,0.11265
494.5,1,600.281,0.112694
494,1,599.415,0.11274
493.5,1,598.549,0.112786
493,1,597.683,0.112833
492.5,1,596.817,0.112882
492,1,595.951,0.112933
491.5,1,595.085,0.112986
491,1,594.219,0.113042
490.5,1,593.353,0.1131
490,1,592.487,0.113207
489.5,1,591.621,0.113318
489,1,590.755,0.113432
488.5,1,589.889,0.113549
488,1,589.023,0.113669
487.5,1,588.157,0.113792
487,1,587.291,0.113953
486.5,1,586.425,0.114132
486,1,585.559,0.114316
485.5,1,584.693,0.114505
485,1,583.827,0.114698
484.5,1,582.961,0.114896
484,1,582.095,0.115134
483.5,1,581.229,0.115434
483,1,580.363,0.11574
482.5,1,579.497,0.116053
482,1,578.631,0.116372
481.5,1,577.765,0.116699
481,1,576.899,0.117039
480.5,1,576.033,0.117491
480,1,575.167,0.117951
479.5,1,574.301,0.118421
479,1,573.435,0.118899
478.5,1,572.569,0.119386
478,1,571.703,0.119864
477.5,1,570.836,0.120447
477,1,569.97,0.12107
476.5,1,569.104,0.121699
476,1,568.238,0.122335
475.5,1,567.372,0.122977
475,1,566.506,0.123626
474.5,1,565.64,0.12433
474,1,564.774,0.125105
473.5,1,563.908,0.125887
473,1,563.042,0.126673
472.5,1,562.176,0.12741
472,1,561.31,0.128148
471.5,1,560.444,0.128905
471,1,559.578,0.129785
470.5,1,558.712,0.130668
470,1,557.846,0.131553
469.5,1,556.98,0.13244
469,1,556.114,0.133329
468.5,1,555.248,0.134221
468,1,554.382,0.135181
467.5,1,553.516,0.136147
467,1,552.65,0.137054
466.5,1,551.784,0.137959
466,1,550.918,0.138862
465.5,1,550.052,0.139764
465,1,549.186,0.140651
464.5,1,548.32,0.141527
464,1,547.454,0.142404
463.5,1,546.588,0.143283
463,1,545.722,0.144163
462.5,1,544.856,0.145044
462,1,543.99,0.145876
461.5,1,543.124,0.146499
461,1,542.258,0.14713
460.5,1,541.392,0.147768
460,1,540.526,0.148414
459.5,1,539.66,0.149067
459,1,538.794,0.149727
458.5,1,537.928,0.150354
458,1,537.061,0.15099
457.5,1,536.195,0.151644
457,1,535.329,0.152315
456.5,1,534.463,0.152966
456,1,533.597,0.153537
455.5,1,532.731,0.154146
455,1,531.865,0.154788
454.5,1,530.999,0.155439
454,1,530.133,0.1561
453.5,1,529.267,0.156769
453,1,528.401,0.157449
452.5,1,527.535,0.15813
452,1,526.669,0.158802
451.5,1,525.803,0.159492
451,1,524.937,0.16013
450.5,1,524.071,0.160635
450,1,523.205,0.16113
449.5,1,522.339,0.161616
449,1,521.473,0.161934
448.5,1,520.607,0.162238
448,1,519.741,0.162544
447.5,1,518.875,0.162852
447,1,518.009,0.163162
446.5,1,517.143,0.163472
446,1,516.277,0.163562
445.5,1,515.411,0.163479
445,1,514.545,0.163358
444.5,1,513.679,0.163267
444,1,512.813,0.163205
443.5,1,511.947,0.163172
443,1,511.081,0.163112
442.5,1,510.215,0.162941
442,1,509.349,0.162796
441.5,1,508.483,0.162679
441,1,507.617,0.162588
440.5,1,506.751,0.162524
440,1,505.885,0.162443
439.5,1,505.019,0.162274
439,1,504.153,0.162127
438.5,1,503.286,0.162005
438,1,502.42,0.161907
437.5,1,501.554,0.161833
437,1,500.688,0.161784
436.5,1,499.822,0.161636
436,1,498.956,0.16144
435.5,1,498.09,0.161255
435,1,497.224,0.161083
434.5,1,496.358,0.160857
434,1,495.492,0.160599
433.5,1,494.626,0.160289
433,1,493.76,0.159869
432.5,1,492.894,0.159499
432,1,492.028,0.159178
431.5,1,491.162,0.158907
431,1,490.296,0.158686
430.5,1,489.43,0.158513
430,1,488.564,0.158346
429.5,1,487.698,0.158221
429,1,486.832,0.158029
428.5,1,485.966,0.157804
428,1,485.1,0.157621
427.5,1,484.234,0.15748
427,1,483.368,0.157462
426.5,1,482.502,0.157531
426,1,481.636,0.157657
425.5,1,480.77,0.15784
425,1,479.904,0.15808
424.5,1,479.038,0.158377
424,1,478.172,0.158748
423.5,1,477.306,0.159088
423,1,476.44,0.159417
422.5,1,475.574,0.159786
422,1,474.708,0.160195
421.5,1,473.842,0.160645
421,1,472.976,0.161141
420.5,1,472.11,0.161747
420,1,471.244,0.162395
419.5,1,470.378,0.163087
419,1,469.512,0.163821
418.5,1,468.645,0.164597
418,1,467.779,0.165535
417.5,1,466.913,0.166515
417,1,466.047,0.167527
416.5,1,465.181,0.168587
416,1,464.315,0.169694
415.5,1,463.449,0.170849
415,1,462.583,0.172052
414.5,1,461.717,0.173123
414,1,460.851,0.174028
413.5,1,459.985,0.174989
413,1,459.119,0.176005
412.5,1,458.253,0.177008
412,1,457.387,0.178021
411.5,1,456.521,0.178975
411,1,455.655,0.17943
410.5,1,454.789,0.179916
410,1,453.923,0.180435
409.5,1,453.057,0.180986
409,1,452.191,0.181568
408.5,1,451.325,0.182182
408,1,450.459,0.18267
407.5,1,449.593,0.183116
407,1,448.727,0.183353
406.5,1,447.861,0.183557
406,1,446.995,0.183765
405.5,1,446.129,0.183978
405,1,445.263,0.184105
404.5,1,444.397,0.184165
404,1,443.531,0.184248
403.5,1,442.665,0.184354
403,1,441.799,0.184484
402.5,1,440.933,0.184638
402,1,440.067,0.184767
401.5,1,439.201,0.184577
401,1,438.335,0.184401
400.5,1,437.469,0.184255
400,1,436.603,0.184139
399.5,1,435.737,0.184052
399,1,434.87,0.183996
398.5,1,434.004,0.182763
398,1,433.138,0.181375
397.5,1,432.272,0.179998
397,1,431.406,0.17863
396.5,1,430.54,0.177273
396,1,429.674,0.175899
395.5,1,428.808,0.173754
395,1,427.942,0.17094
394.5,1,427.076,0.168054
394,1,426.21,0.165097
393.5,1,425.344,0.162068
393,1,424.478,0.158967
392.5,1,423.612,0.15601
392,1,422.746,0.15365
391.5,1,421.88,0.151258
391,1,421.014,0.148834
390.5,1,420.148,0.146413
390,1,419.282,0.143963
389.5,1,418.416,0.141483
389,1,417.55,0.14093
388.5,1,416.684,0.140468
388,1,415.818,0.139959
387.5,1,414.952,0.139403
387,1,414.086,0.1388
386.5,1,413.22,0.138151
386,1,412.354,0.138794
385.5,1,411.488,0.140243
385,1,410.622,0.141623
384.5,1,409.756,0.142982
384,1,408.89,0.144317
383.5,1,408.024,0.145629
383,1,407.158,0.146691
382.5,1,406.292,0.147251
382,1,405.426,0.147847
381.5,1,404.56,0.148477
381,1,403.694,0.149144
380.5,1,402.828,0.149846
380,1,401.962,0.150562
379.5,1,401.095,0.150195
379,1,400.229,0.149841
378.5,1,399.363,0.149509
378,1,398.497,0.149198
377.5,1,397.631,0.14891
377,1,396.765,0.148643
376.5,1,395.899,0.148399
376,1,395.033,0.148204
375.5,1,394.167,0.148064
375,1,393.301,0.147979
374.5,1,392.435,0.147938
374,1,391.569,0.147916
373.5,1,390.703,0.148313
373,1,389.837,0.149459
372.5,1,388.971,0.150751
372,1,388.105,0.152188
371.5,1,387.239,0.153771
371,1,386.373,0.155499
370.5,1,385.507,0.157347
370,1,384.641,0.158765
369.5,1,383.775,0.160264
369,1,382.909,0.161876
368.5,1,382.043,0.163744
368,1,381.177,0.165836
367.5,1,380.311,0.168152
367,1,379.445,0.169814
366.5,1,378.579,0.171274
366,1,377.713,0.172839
365.5,1,376.847,0.174509
365,1,375.981,0.176284
364.5,1,375.115,0.178164
364,1,374.249,0.179511
363.5,1,373.383,0.180002
363,1,372.517,0.180689
362.5,1,371.651,0.181777
362,1,370.785,0.183266
361.5,1,369.919,0.185157
361,1,369.053,0.187792
360.5,1,368.187,0.193438
360,1,367.321,0.198706
359.5,1,366.454,0.203596
359,1,365.588,0.208108
358.5,1,364.722,0.212242
358,1,363.856,0.21574
357.5,1,362.99,0.22374
357,1,362.124,0.232141
356.5,1,361.258,0.239489
356,1,360.392,0.245786
355.5,1,359.526,0.251032
355,1,358.66,0.255225
354.5,1,357.794,0.264089
354,1,356.928,0.280181
353.5,1,356.062,0.29778
353,1,355.196,0.316888
352.5,1,354.33,0.331741
352,1,353.464,0.337577
351.5,1,352.598,0.335455
351,1,351.732,0.311692
350.5,1,350.866,0.290618
350,1,350,0.272233
349.5,1,349.134,0.256537
349,1,348.268,0.24353
348.5,1,347.402,0.233212
348,1,346.536,0.227991
347.5,1,345.67,0.225446
347,1,344.804,0.227048
346.5,1,343.938,0.230935
346,1,343.072,0.234877
345.5,1,342.206,0.238874
345,1,341.34,0.239564
344.5,1,340.474,0.237143
344,1,339.608,0.234567
343.5,1,338.742,0.231836
343,1,337.876,0.228951
342.5,1,337.01,0.22591
342,1,336.144,0.222554
341.5,1,335.278,0.218208
341,1,334.412,0.213714
340.5,1,333.546,0.209303
340,1,332.679,0.204974
339.5,1,331.813,0.200727
339,1,330.947,0.196564
338.5,1,330.081,0.19448
338,1,329.215,0.192718
337.5,1,328.349,0.191049
337,1,327.483,0.189476
336.5,1,326.617,0.187998
336,1,325.751,0.186745
335.5,1,324.885,0.186699
335,1,324.019,0.187475
334.5,1,323.153,0.188313
334,1,322.287,0.189214
333.5,1,321.421,0.190178
333,1,320.555,0.191205
332.5,1,319.689,0.192459
332,1,318.823,0.194167
331.5,1,317.957,0.19585
331,1,317.091,0.19751
330.5,1,316.225,0.19914
330,1,315.359,0.200711
329.5,1,314.493,0.20222
329,1,313.627,0.202753
328.5,1,312.761,0.203151
328,1,311.895,0.203458
327.5,1,311.029,0.203673
327,1,310.163,0.203797
326.5,1,309.297,0.203829
326,1,308.431,0.202667
325.5,1,307.565,0.200761
325,1,306.699,0.198692
324.5,1,305.833,0.196568
324,1,304.967,0.194409
323.5,1,304.101,0.192215
323,1,303.235,0.190168
322.5,1,302.369,0.188576
322,1,301.503,0.187123
321.5,1,300.637,0.185806
321,1,299.771,0.184628
320.5,1,298.905,0.183587
320,1,298.038,0.182687
319.5,1,297.172,0.182448
319,1,296.306,0.182346
318.5,1,295.44,0.182341
318,1,294.574,0.182432
317.5,1,293.708,0.18262
317,1,292.842,0.182905
316.5,1,291.976,0.183125
316,1,291.11,0.183309
315.5,1,290.244,0.183516
315,1,289.378,0.183748
314.5,1,288.512,0.184003
314,1,287.646,0.18464
313.5,1,286.78,0.185283
313,1,285.914,0.185807
312.5,1,285.048,0.186442
312,1,284.182,0.187189
311.5,1,283.316,0.188048
311,1,282.45,0.189018
310.5,1,281.584,0.190074
310,1,280.718,0.190794
309.5,1,279.852,0.191488
309,1,278.986,0.192156
308.5,1,278.12,0.192449
308,1,277.254,0.192833
307.5,1,276.388,0.193322
307,1,275.522,0.193642
306.5,1,274.656,0.193953
306,1,273.79,0.194343
305.5,1,272.924,0.194812
305,1,272.058,0.19536
304.5,1,271.192,0.195987
304,1,270.326,0.196485
303.5,1,269.46,0.196665
303,1,268.594,0.196337
302.5,1,267.728,0.196073
302,1,266.862,0.195875
301.5,1,265.996,0.195741
301,1,265.13,0.195662
300.5,1,264.263,0.195552
300,1,263.397,0.195453
299.5,1,262.531,0.195366
299,1,261.665,0.19529
298.5,1,260.799,0.195225
298,1,259.933,0.19507
297.5,1,259.067,0.194006
297,1,258.201,0.192976
296.5,1,257.335,0.191973
296,1,256.469,0.190998
295.5,1,255.603,0.19005
295,1,254.737,0.189129
294.5,1,253.871,0.188194
294,1,253.005,0.187205
293.5,1,252.139,0.18619
293,1,251.273,0.185149
292.5,1,250.407,0.183932
292,1,249.541,0.181895
291.5,1,248.675,0.17985
291,1,247.809,0.177746
290.5,1,246.943,0.175664
290,1,246.077,0.173603
289.5,1,245.211,0.171564
289,1,244.345,0.169546
288.5,1,243.479,0.167549
288,1,242.613,0.165509
287.5,1,241.747,0.163477
287,1,240.881,0.161554
286.5,1,240.015,0.159969
286,1,239.149,0.158382
285.5,1,238.283,0.156794
285,1,237.417,0.155172
284.5,1,236.551,0.153526
284,1,235.685,0.151887
283.5,1,234.819,0.150253
283,1,233.953,0.148626
282.5,1,233.087,0.147005
282,1,232.221,0.145378
281.5,1,231.355,0.143787
281,1,230.488,0.142362
280.5,1,229.622,0.140948
280,1,228.756,0.139545
279.5,1,227.89,0.138152
279,1,227.024,0.136769
278.5,1,226.158,0.135375
278,1,225.292,0.133996
277.5,1,224.426,0.132634
277,1,223.56,0.131289
276.5,1,222.694,0.12996
276,1,221.828,0.128715
275.5,1,220.962,0.12761
275,1,220.096,0.126517
274.5,1,219.23,0.125437
274,1,218.364,0.124369
273.5,1,217.498,0.123314
273,1,216.632,0.12227
272.5,1,215.766,0.121244
272,1,214.9,0.120243
271.5,1,214.034,0.119258
271,1,213.168,0.11829
270.5,1,212.302,0.117379
270,1,211.436,0.116537
269.5,1,210.57,0.115707
269,1,209.704,0.114932
268.5,1,208.838,0.114171
268,1,207.972,0.113422
267.5,1,207.106,0.112686
267,1,206.24,0.111961
266.5,1,205.374,0.111249
266,1,204.508,0.110591
265.5,1,203.642,0.109968
265,1,202.776,0.109378
264.5,1,201.91,0.108821
264,1,201.044,0.108273
263.5,1,200.178,0.107735
263,1,199.312,0.107234
262.5,1,198.446,0.106792
262,1,197.58,0.10636
261.5,1,196.714,0.105938
261,1,195.847,0.105526
260.5,1,194.981,0.105122
260,1,194.115,0.104731
259.5,1,193.249,0.104436
259,1,192.383,0.104158
258.5,1,191.517,0.103887
258,1,190.651,0.103624
257.5,1,189.785,0.103368
257,1,188.919,0.103119
256.5,1,188.053,0.102929
256,1,187.187,0.102765
255.5,1,186.321,0.102608
255,1,185.455,0.102457
254.5,1,184.589,0.102313
254,1,183.723,0.102179
253.5,1,182.857,0.102078
253,1,181.991,0.102015
252.5,1,181.125,0.101957
252,1,180.259,0.101903
251.5,1,179.393,0.101854
251,1,178.527,0.101809
250.5,1,177.661,0.101771
250,1,176.795,0.101775
249.5,1,175.929,0.101783
249,1,175.063,0.101793
248.5,1,174.197,0.10181
248,1,173.331,0.101832
247.5,1,172.465,0.101856
247,1,171.599,0.101907
246.5,1,170.733,0.101968
246,1,169.867,0.10203
245.5,1,169.001,0.102094
245,1,168.135,0.10216
244.5,1,167.269,0.102227
244,1,166.403,0.102302
243.5,1,165.537,0.102384
243,1,164.671,0.102467
242.5,1,163.805,0.102552
242,1,162.939,0.102637
241.5,1,162.072,0.102722
241,1,161.206,0.102809
240.5,1,160.34,0.1029
240,1,159.474,0.102991
239.5,1,158.608,0.103082
239,1,157.742,0.103174
238.5,1,156.876,0.103265
238,1,156.01,0.103357
237.5,1,155.144,0.103449
237,1,154.278,0.103542
236.5,1,153.412,0.103635
236,1,152.546,0.103727
235.5,1,151.68,0.103819
235,1,150.814,0.103911
234.5,1,149.948,0.104002
234,1,149.082,0.104091
233.5,1,148.216,0.104179
233,1,147.35,0.104268
232.5,1,146.484,0.104356
232,1,145.618,0.104444
231.5,1,144.752,0.104531
231,1,143.886,0.104614
230.5,1,143.02,0.104698
230,1,142.154,0.10478
229.5,1,141.288,0.104863
229,1,140.422,0.104945
228.5,1,139.556,0.105026
228,1,138.69,0.105103
227.5,1,137.824,0.10518
227,1,136.958,0.105255
226.5,1,136.092,0.105331
226,1,135.226,0.105406
225.5,1,134.36,0.10548
225,1,133.494,0.105551
224.5,1,132.628,0.10562
224,1,131.762,0.105688
223.5,1,130.896,0.105755
223,1,130.03,0.105822
222.5,1,129.164,0.105889
222,1,128.297,0.105954
221.5,1,127.431,0.106015
221,1,126.565,0.106076
220.5,1,125.699,0.106136
220,1,124.833,0.106196
219.5,1,123.967,0.106256
219,1,123.101,0.106315
218.5,1,122.235,0.10637
218,1,121.369,0.106425
217.5,1,120.503,0.106479
217,1,119.637,0.106533
216.5,1,118.771,0.106587
216,1,117.905,0.10664
215.5,1,117.039,0.10669
215,1,116.173,0.106738
214.5,1,115.307,0.106785
214,1,114.441,0.106832
213.5,1,113.575,0.106879
213,1,112.709,0.106925
212.5,1,111.843,0.10697
212,1,110.977,0.10701
211.5,1,110.111,0.10705
211,1,109.245,0.107089
210.5,1,108.379,0.107129
210,1,107.513,0.107168
209.5,1,106.647,0.107206
209,1,105.781,0.107242
208.5,1,104.915,0.107277
208,1,104.049,0.107313
207.5,1,103.183,0.107348
207,1,102.317,0.107382
206.5,1,101.451,0.107417
206,1,100.585,0.10745
205.5,1,99.7187,0.107483
205,1,98.8526,0.107516
204.5,1,97.9866,0.107549
204,1,97.1206,0.107581
203.5,1,96.2546,0.107613
203,1,95.3885,0.107644
202.5,1,94.5225,0.107671
202,1,93.6565,0.107698
201.5,1,92.7905,0.107725
201,1,91.9244,0.107752
200.5,1,91.0584,0.107779
200,1,90.1924,0.107805
