x,y,z,b
500,1,609.808,0.112123
499.5,1,608.942,0.112135
499,1,608.076,0.112146
498.5,1,607.21,0.112159
498,1,606.344,0.112172
497.5,1,605.477,0.112187
497,1,604.611,0.112203
496.5,1,603.745,0.112234
496,1,602.879,0.112276
495.5,1,602.013,0.112318
495,1,601.147,0.112362
494.5,1,600.281,0.112407
494,1,599.415,0.112454
493.5,1,598.549,0.112505
493,1,597.683,0.112563
492.5,1,596.817,0.112623
492,1,595.951,0.112685
491.5,1,595.085,0.112751
491,1,594.219,0.112819
490.5,1,593.353,0.11289
490,1,592.487,0.113019
489.5,1,591.621,0.113152
489,1,590.755,0.113287
488.5,1,589.889,0.113426
488,1,589.023,0.113568
487.5,1,588.157,0.113713
487,1,587.291,0.113901
486.5,1,586.425,0.114111
486,1,585.559,0.114327
485.5,1,584.693,0.114547
485,1,583.827,0.114773
484.5,1,582.961,0.115003
484,1,582.095,0.115278
483.5,1,581.229,0.11562
483,1,580.363,0.115969
482.5,1,579.497,0.116325
482,1,578.631,0.116687
481.5,1,577.765,0.117057
481,1,576.899,0.117441
480.5,1,576.033,0.117951
480,1,575.167,0.118469
479.5,1,574.301,0.118995
479,1,573.435,0.119529
478.5,1,572.569,0.120071
478,1,571.703,0.120599
477.5,1,570.836,0.121222
477,1,569.97,0.121879
476.5,1,569.104,0.122542
476,1,568.238,0.123211
475.5,1,567.372,0.123885
475,1,566.506,0.124564
474.5,1,565.64,0.125294
474,1,564.774,0.12609
473.5,1,563.908,0.126893
473,1,563.042,0.127697
472.5,1,562.176,0.128451
472,1,561.31,0.129205
471.5,1,560.444,0.129977
471,1,559.578,0.130869
470.5,1,558.712,0.131763
470,1,557.846,0.132657
469.5,1,556.98,0.133553
469,1,556.114,0.13445
468.5,1,555.248,0.135348
468,1,554.382,0.136298
467.5,1,553.516,0.137249
467,1,552.65,0.13814
466.5,1,551.784,0.139027
466,1,550.918,0.139912
465.5,1,550.052,0.140794
465,1,549.186,0.141654
464.5,1,548.32,0.142493
464,1,547.454,0.143332
463.5,1,546.588,0.144171
463,1,545.722,0.145011
462.5,1,544.856,0.145852
462,1,543.99,0.146643
461.5,1,543.124,0.147235
461,1,542.258,0.147834
460.5,1,541.392,0.148441
460,1,540.526,0.149055
459.5,1,539.66,0.149677
459,1,538.794,0.150307
458.5,1,537.928,0.150915
458,1,537.061,0.151533
457.5,1,536.195,0.152167
457,1,535.329,0.152818
456.5,1,534.463,0.153451
456,1,533.597,0.154006
455.5,1,532.731,0.15459
455,1,531.865,0.155198
454.5,1,530.999,0.155812
454,1,530.133,0.156431
453.5,1,529.267,0.157055
453,1,528.401,0.157684
452.5,1,527.535,0.158307
452,1,526.669,0.158904
451.5,1,525.803,0.159517
451,1,524.937,0.160085
450.5,1,524.071,0.160532
450,1,523.205,0.160967
449.5,1,522.339,0.161392
449,1,521.473,0.161653
448.5,1,520.607,0.1619
448,1,519.741,0.162148
447.5,1,518.875,0.162395
447,1,518.009,0.162643
446.5,1,517.143,0.162891
446,1,516.277,0.162923
445.5,1,515.411,0.162799
445,1,514.545,0.162652
444.5,1,513.679,0.162536
444,1,512.813,0.16245
443.5,1,511.947,0.162395
443,1,511.081,0.162319
442.5,1,510.215,0.162141
442,1,509.349,0.16199
441.5,1,508.483,0.161868
441,1,507.617,0.161773
440.5,1,506.751,0.161706
440,1,505.885,0.161617
439.5,1,505.019,0.161439
439,1,504.153,0.161283
438.5,1,503.286,0.161152
438,1,502.42,0.161045
437.5,1,501.554,0.160963
437,1,500.688,0.160906
436.5,1,499.822,0.160758
436,1,498.956,0.160565
435.5,1,498.09,0.160387
435,1,497.224,0.160225
434.5,1,496.358,0.160007
434,1,495.492,0.159754
433.5,1,494.626,0.159462
433,1,493.76,0.159084
432.5,1,492.894,0.158758
432,1,492.028,0.158486
431.5,1,491.162,0.158266
431,1,490.296,0.158099
430.5,1,489.43,0.157983
430,1,488.564,0.157885
429.5,1,487.698,0.157829
429,1,486.832,0.157706
428.5,1,485.966,0.157545
428,1,485.1,0.157421
427.5,1,484.234,0.157332
427,1,483.368,0.157357
426.5,1,482.502,0.157468
426,1,481.636,0.157636
425.5,1,480.77,0.157861
425,1,479.904,0.158144
424.5,1,479.038,0.158483
424,1,478.172,0.1589
423.5,1,477.306,0.159343
423,1,476.44,0.159798
422.5,1,475.574,0.160288
422,1,474.708,0.160812
421.5,1,473.842,0.16137
421,1,472.976,0.161966
420.5,1,472.11,0.162644
420,1,471.244,0.163368
419.5,1,470.378,0.164136
419,1,469.512,0.164949
418.5,1,468.645,0.165807
418,1,467.779,0.166834
417.5,1,466.913,0.167869
417,1,466.047,0.168923
416.5,1,465.181,0.170018
416,1,464.315,0.171155
415.5,1,463.449,0.172333
415,1,462.583,0.173552
414.5,1,461.717,0.174588
414,1,460.851,0.175398
413.5,1,459.985,0.176255
413,1,459.119,0.17716
412.5,1,458.253,0.177998
412,1,457.387,0.178827
411.5,1,456.521,0.179601
411,1,455.655,0.179929
410.5,1,454.789,0.180278
410,1,453.923,0.180648
409.5,1,453.057,0.18104
409,1,452.191,0.181453
408.5,1,451.325,0.181888
408,1,450.459,0.182326
407.5,1,449.593,0.182762
407,1,448.727,0.182995
406.5,1,447.861,0.1832
406,1,446.995,0.183413
405.5,1,446.129,0.183635
405,1,445.263,0.183738
404.5,1,444.397,0.183743
404,1,443.531,0.183777
403.5,1,442.665,0.183839
403,1,441.799,0.183931
402.5,1,440.933,0.184052
402,1,440.067,0.184143
401.5,1,439.201,0.18387
401,1,438.335,0.183614
400.5,1,437.469,0.183389
400,1,436.603,0.183195
399.5,1,435.737,0.183031
399,1,434.87,0.182899
398.5,1,434.004,0.181521
398,1,433.138,0.179975
397.5,1,432.272,0.178435
397,1,431.406,0.176901
396.5,1,430.54,0.175373
396,1,429.674,0.173835
395.5,1,428.808,0.171574
395,1,427.942,0.168684
394.5,1,427.076,0.165727
394,1,426.21,0.162701
393.5,1,425.344,0.159608
393,1,424.478,0.156447
392.5,1,423.612,0.153537
392,1,422.746,0.151543
391.5,1,421.88,0.149516
391,1,421.014,0.147456
390.5,1,420.148,0.145398
390,1,419.282,0.143304
389.5,1,418.416,0.141173
389,1,417.55,0.140855
388.5,1,416.684,0.140616
388,1,415.818,0.140326
387.5,1,414.952,0.139986
387,1,414.086,0.139596
386.5,1,413.22,0.139155
386,1,412.354,0.139887
385.5,1,411.488,0.141356
385,1,410.622,0.142758
384.5,1,409.756,0.144149
384,1,408.89,0.14553
383.5,1,408.024,0.146899
383,1,407.158,0.14795
382.5,1,406.292,0.148317
382,1,405.426,0.148717
381.5,1,404.56,0.149151
381,1,403.694,0.149617
380.5,1,402.828,0.150116
380,1,401.962,0.150628
379.5,1,401.095,0.150199
379,1,400.229,0.149788
378.5,1,399.363,0.149403
378,1,398.497,0.149044
377.5,1,397.631,0.14871
377,1,396.765,0.148402
376.5,1,395.899,0.148201
376,1,395.033,0.148098
375.5,1,394.167,0.148061
375,1,393.301,0.14809
374.5,1,392.435,0.148173
374,1,391.569,0.148282
373.5,1,390.703,0.148789
373,1,389.837,0.149974
372.5,1,388.971,0.151281
372,1,388.105,0.152711
371.5,1,387.239,0.154264
371,1,386.373,0.15594
370.5,1,385.507,0.157702
370,1,384.641,0.158753
369.5,1,383.775,0.159817
369,1,382.909,0.160968
368.5,1,382.043,0.162436
368,1,381.177,0.164105
367.5,1,380.311,0.165975
367,1,379.445,0.167076
366.5,1,378.579,0.16787
366,1,377.713,0.168689
365.5,1,376.847,0.169534
365,1,375.981,0.170405
364.5,1,375.115,0.171301
364,1,374.249,0.17242
363.5,1,373.383,0.173927
363,1,372.517,0.175735
362.5,1,371.651,0.177646
362,1,370.785,0.17966
361.5,1,369.919,0.181777
361,1,369.053,0.18493
360.5,1,368.187,0.195657
360,1,367.321,0.205079
359.5,1,366.454,0.213198
359,1,365.588,0.220012
358.5,1,364.722,0.225523
358,1,363.856,0.230178
357.5,1,362.99,0.237275
357,1,362.124,0.244153
356.5,1,361.258,0.250079
356,1,360.392,0.255055
355.5,1,359.526,0.25908
355,1,358.66,0.262154
354.5,1,357.794,0.269961
354,1,356.928,0.2856
353.5,1,356.062,0.303589
353,1,355.196,0.323927
352.5,1,354.33,0.34006
352,1,353.464,0.346263
351.5,1,352.598,0.343457
351,1,351.732,0.315247
350.5,1,350.866,0.290217
350,1,350,0.268366
349.5,1,349.134,0.249694
349,1,348.268,0.234201
348.5,1,347.402,0.221888
348,1,346.536,0.217702
347.5,1,345.67,0.216703
347,1,344.804,0.220232
346.5,1,343.938,0.226062
346,1,343.072,0.231528
345.5,1,342.206,0.236632
345,1,341.34,0.237745
344.5,1,340.474,0.235391
344,1,339.608,0.232862
343.5,1,338.742,0.230156
343,1,337.876,0.227275
342.5,1,337.01,0.224217
342,1,336.144,0.220837
341.5,1,335.278,0.216549
341,1,334.412,0.212146
340.5,1,333.546,0.20784
340,1,332.679,0.203631
339.5,1,331.813,0.199518
339,1,330.947,0.195503
338.5,1,330.081,0.193445
338,1,329.215,0.19169
337.5,1,328.349,0.190026
337,1,327.483,0.188454
336.5,1,326.617,0.186975
336,1,325.751,0.185708
335.5,1,324.885,0.185677
335,1,324.019,0.186495
334.5,1,323.153,0.187376
334,1,322.287,0.188321
333.5,1,321.421,0.189331
333,1,320.555,0.190404
332.5,1,319.689,0.191707
332,1,318.823,0.193464
331.5,1,317.957,0.195193
331,1,317.091,0.196896
330.5,1,316.225,0.198555
330,1,315.359,0.20015
329.5,1,314.493,0.201683
329,1,313.627,0.202009
328.5,1,312.761,0.202175
328,1,311.895,0.202235
327.5,1,311.029,0.20219
327,1,310.163,0.202039
326.5,1,309.297,0.201781
326,1,308.431,0.200326
325.5,1,307.565,0.198131
325,1,306.699,0.195833
324.5,1,305.833,0.193498
324,1,304.967,0.191132
323.5,1,304.101,0.188732
323,1,303.235,0.186586
322.5,1,302.369,0.185127
322,1,301.503,0.18382
321.5,1,300.637,0.182664
321,1,299.771,0.18166
320.5,1,298.905,0.180807
320,1,298.038,0.18011
319.5,1,297.172,0.180014
319,1,296.306,0.18005
318.5,1,295.44,0.180192
318,1,294.574,0.18044
317.5,1,293.708,0.180795
317,1,292.842,0.181257
316.5,1,291.976,0.181634
316,1,291.11,0.181972
315.5,1,290.244,0.182342
315,1,289.378,0.182745
314.5,1,288.512,0.183182
314,1,287.646,0.183901
313.5,1,286.78,0.184622
313,1,285.914,0.185229
312.5,1,285.048,0.185942
312,1,284.182,0.186763
311.5,1,283.316,0.18769
311,1,282.45,0.188725
310.5,1,281.584,0.189839
310,1,280.718,0.190614
309.5,1,279.852,0.191389
309,1,278.986,0.192164
308.5,1,278.12,0.19249
308,1,277.254,0.192882
307.5,1,276.388,0.193357
307,1,275.522,0.193599
306.5,1,274.656,0.193844
306,1,273.79,0.194199
305.5,1,272.924,0.194664
305,1,272.058,0.195238
304.5,1,271.192,0.195923
304,1,270.326,0.196469
303.5,1,269.46,0.19667
303,1,268.594,0.196341
302.5,1,267.728,0.196089
302,1,266.862,0.195914
301.5,1,265.996,0.195817
301,1,265.13,0.195785
300.5,1,264.263,0.195702
300,1,263.397,0.195634
299.5,1,262.531,0.195583
299,1,261.665,0.195548
298.5,1,260.799,0.195529
298,1,259.933,0.195421
297.5,1,259.067,0.194311
297,1,258.201,0.193218
296.5,1,257.335,0.192144
296,1,256.469,0.19109
295.5,1,255.603,0.190056
295,1,254.737,0.189042
294.5,1,253.871,0.188015
294,1,253.005,0.186942
293.5,1,252.139,0.185844
293,1,251.273,0.184723
292.5,1,250.407,0.183454
292,1,249.541,0.181513
291.5,1,248.675,0.179566
291,1,247.809,0.177568
290.5,1,246.943,0.17559
290,1,246.077,0.173631
289.5,1,245.211,0.171693
289,1,244.345,0.169774
288.5,1,243.479,0.167875
288,1,242.613,0.165941
287.5,1,241.747,0.164012
287,1,240.881,0.162181
286.5,1,240.015,0.160657
286,1,239.149,0.159131
285.5,1,238.283,0.157602
285,1,237.417,0.156041
284.5,1,236.551,0.154459
284,1,235.685,0.152881
283.5,1,234.819,0.151308
283,1,233.953,0.149738
282.5,1,233.087,0.148174
282,1,232.221,0.146603
281.5,1,231.355,0.145064
281,1,230.488,0.143681
280.5,1,229.622,0.142308
280,1,228.756,0.140943
279.5,1,227.89,0.139588
279,1,227.024,0.138243
278.5,1,226.158,0.136885
278,1,225.292,0.13554
277.5,1,224.426,0.13421
277,1,223.56,0.132895
276.5,1,222.694,0.131596
276,1,221.828,0.130376
275.5,1,220.962,0.129289
275,1,220.096,0.12821
274.5,1,219.23,0.127143
274,1,218.364,0.126087
273.5,1,217.498,0.125042
273,1,216.632,0.124008
272.5,1,215.766,0.122987
272,1,214.9,0.121984
271.5,1,214.034,0.120997
271,1,213.168,0.120024
270.5,1,212.302,0.119107
270,1,211.436,0.11826
269.5,1,210.57,0.117422
269,1,209.704,0.11663
268.5,1,208.838,0.11585
268,1,207.972,0.115081
267.5,1,207.106,0.114324
267,1,206.24,0.113579
266.5,1,205.374,0.112845
266,1,204.508,0.112158
265.5,1,203.642,0.111501
265,1,202.776,0.110879
264.5,1,201.91,0.110291
264,1,201.044,0.109712
263.5,1,200.178,0.109142
263,1,199.312,0.108604
262.5,1,198.446,0.108122
262,1,197.58,0.107648
261.5,1,196.714,0.107184
261,1,195.847,0.106729
260.5,1,194.981,0.106284
260,1,194.115,0.10585
259.5,1,193.249,0.105508
259,1,192.383,0.105184
258.5,1,191.517,0.104868
258,1,190.651,0.104559
257.5,1,189.785,0.104257
257,1,188.919,0.103963
256.5,1,188.053,0.103726
256,1,187.187,0.103516
255.5,1,186.321,0.103312
255,1,185.455,0.103114
254.5,1,184.589,0.102924
254,1,183.723,0.102745
253.5,1,182.857,0.1026
253,1,181.991,0.102497
252.5,1,181.125,0.102399
252,1,180.259,0.102306
251.5,1,179.393,0.102217
251,1,178.527,0.102133
250.5,1,177.661,0.102058
250,1,176.795,0.102031
249.5,1,175.929,0.102007
249,1,175.063,0.101986
248.5,1,174.197,0.101973
248,1,173.331,0.101964
247.5,1,172.465,0.101958
247,1,171.599,0.101981
246.5,1,170.733,0.102014
246,1,169.867,0.10205
245.5,1,169.001,0.102088
245,1,168.135,0.102129
244.5,1,167.269,0.102172
244,1,166.403,0.102228
243.5,1,165.537,0.102297
243,1,164.671,0.102368
242.5,1,163.805,0.102441
242,1,162.939,0.102515
241.5,1,162.072,0.10259
241,1,161.206,0.102666
240.5,1,160.34,0.102749
240,1,159.474,0.102833
239.5,1,158.608,0.102917
239,1,157.742,0.103001
238.5,1,156.876,0.103086
238,1,156.01,0.10317
237.5,1,155.144,0.103259
237,1,154.278,0.103348
236.5,1,153.412,0.103437
236,1,152.546,0.103525
235.5,1,151.68,0.103614
235,1,150.814,0.103702
234.5,1,149.948,0.10379
234,1,149.082,0.103878
233.5,1,148.216,0.103965
233,1,147.35,0.104052
232.5,1,146.484,0.104139
232,1,145.618,0.104226
231.5,1,144.752,0.104312
231,1,143.886,0.104395
230.5,1,143.02,0.104479
230,1,142.154,0.104562
229.5,1,141.288,0.104645
229,1,140.422,0.104727
228.5,1,139.556,0.104809
228,1,138.69,0.104887
227.5,1,137.824,0.104964
227,1,136.958,0.105041
226.5,1,136.092,0.105118
226,1,135.226,0.105194
225.5,1,134.36,0.10527
225,1,133.494,0.105342
224.5,1,132.628,0.105412
224,1,131.762,0.105482
223.5,1,130.896,0.105551
223,1,130.03,0.10562
222.5,1,129.164,0.105688
222,1,128.297,0.105755
221.5,1,127.431,0.105818
221,1,126.565,0.105881
220.5,1,125.699,0.105943
220,1,124.833,0.106005
219.5,1,123.967,0.106066
219,1,123.101,0.106127
218.5,1,122.235,0.106185
218,1,121.369,0.106242
217.5,1,120.503,0.106298
217,1,119.637,0.106354
216.5,1,118.771,0.10641
216,1,117.905,0.106465
215.5,1,117.039,0.106517
215,1,116.173,0.106567
214.5,1,115.307,0.106617
214,1,114.441,0.106666
213.5,1,113.575,0.106715
213,1,112.709,0.106764
212.5,1,111.843,0.106811
212,1,110.977,0.106853
211.5,1,110.111,0.106895
211,1,109.245,0.106936
210.5,1,108.379,0.106978
210,1,107.513,0.107019
209.5,1,106.647,0.107059
209,1,105.781,0.107097
208.5,1,104.915,0.107134
208,1,104.049,0.107171
207.5,1,103.183,0.107208
207,1,102.317,0.107244
206.5,1,101.451,0.107281
206,1,100.585,0.107316
205.5,1,99.7187,0.107351
205,1,98.8526,0.107386
204.5,1,97.9866,0.107421
204,1,97.1206,0.107455
203.5,1,96.2546,0.107489
203,1,95.3885,0.107521
202.5,1,94.5225,0.10755
202,1,93.6565,0.107579
201.5,1,92.7905,0.107608
201,1,91.9244,0.107637
200.5,1,91.0584,0.107665
200,1,90.1924,0.107693
