x,y,z,b
500,1,609.808,0.111737
499.5,1,608.942,0.111869
499,1,608.076,0.112001
498.5,1,607.21,0.112136
498,1,606.344,0.112272
497.5,1,605.477,0.11241
497,1,604.611,0.112549
496.5,1,603.745,0.112696
496,1,602.879,0.112846
495.5,1,602.013,0.112998
495,1,601.147,0.113152
494.5,1,600.281,0.113308
494,1,599.415,0.113465
493.5,1,598.549,0.11362
493,1,597.683,0.113769
492.5,1,596.817,0.113919
492,1,595.951,0.114071
491.5,1,595.085,0.114224
491,1,594.219,0.114379
490.5,1,593.353,0.114535
490,1,592.487,0.114696
489.5,1,591.621,0.114859
489,1,590.755,0.115023
488.5,1,589.889,0.11519
488,1,589.023,0.115357
487.5,1,588.157,0.115527
487,1,587.291,0.115686
486.5,1,586.425,0.115841
486,1,585.559,0.115999
485.5,1,584.693,0.116158
485,1,583.827,0.11632
484.5,1,582.961,0.116483
484,1,582.095,0.116648
483.5,1,581.229,0.116814
483,1,580.363,0.116983
482.5,1,579.497,0.117155
482,1,578.631,0.117331
481.5,1,577.765,0.117509
481,1,576.899,0.11769
480.5,1,576.033,0.117875
480,1,575.167,0.118063
479.5,1,574.301,0.118256
479,1,573.435,0.118453
478.5,1,572.569,0.118654
478,1,571.703,0.118862
477.5,1,570.836,0.119099
477,1,569.97,0.119351
476.5,1,569.104,0.11961
476,1,568.238,0.119876
475.5,1,567.372,0.120149
475,1,566.506,0.120428
474.5,1,565.64,0.120735
474,1,564.774,0.121076
473.5,1,563.908,0.121427
473,1,563.042,0.121788
472.5,1,562.176,0.122163
472,1,561.31,0.122548
471.5,1,560.444,0.122955
471,1,559.578,0.123453
470.5,1,558.712,0.123966
470,1,557.846,0.124495
469.5,1,556.98,0.12504
469,1,556.114,0.1256
468.5,1,555.248,0.126176
468,1,554.382,0.126856
467.5,1,553.516,0.127577
467,1,552.65,0.128306
466.5,1,551.784,0.129054
466,1,550.918,0.129819
465.5,1,550.052,0.130603
465,1,549.186,0.131472
464.5,1,548.32,0.132432
464,1,547.454,0.133414
463.5,1,546.588,0.134417
463,1,545.722,0.135443
462.5,1,544.856,0.136491
462,1,543.99,0.137529
461.5,1,543.124,0.13846
461,1,542.258,0.139396
460.5,1,541.392,0.140336
460,1,540.526,0.141281
459.5,1,539.66,0.142229
459,1,538.794,0.143182
458.5,1,537.928,0.14373
458,1,537.061,0.144208
457.5,1,536.195,0.144682
457,1,535.329,0.145151
456.5,1,534.463,0.145586
456,1,533.597,0.145944
455.5,1,532.731,0.146291
455,1,531.865,0.146632
454.5,1,530.999,0.146979
454,1,530.133,0.147331
453.5,1,529.267,0.14769
453,1,528.401,0.148055
452.5,1,527.535,0.148535
452,1,526.669,0.149397
451.5,1,525.803,0.150276
451,1,524.937,0.15113
450.5,1,524.071,0.151914
450,1,523.205,0.152704
449.5,1,522.339,0.153497
449,1,521.473,0.154688
448.5,1,520.607,0.155936
448,1,519.741,0.157204
447.5,1,518.875,0.158494
447,1,518.009,0.159804
446.5,1,517.143,0.161134
446,1,516.277,0.162339
445.5,1,515.411,0.163316
445,1,514.545,0.164076
444.5,1,513.679,0.164819
444,1,512.813,0.165544
443.5,1,511.947,0.166251
443,1,511.081,0.16685
442.5,1,510.215,0.167204
442,1,509.349,0.167543
441.5,1,508.483,0.167866
441,1,507.617,0.168172
440.5,1,506.751,0.168463
440,1,505.885,0.16866
439.5,1,505.019,0.168734
439,1,504.153,0.16882
438.5,1,503.286,0.168919
438,1,502.42,0.169031
437.5,1,501.554,0.169156
437,1,500.688,0.169295
436.5,1,499.822,0.16945
436,1,498.956,0.169603
435.5,1,498.09,0.16975
435,1,497.224,0.169891
434.5,1,496.358,0.169999
434,1,495.492,0.170073
433.5,1,494.626,0.170059
433,1,493.76,0.169864
432.5,1,492.894,0.169622
432,1,492.028,0.169332
431.5,1,491.162,0.168994
431,1,490.296,0.168608
430.5,1,489.43,0.168169
430,1,488.564,0.167481
429.5,1,487.698,0.1667
429,1,486.832,0.165943
428.5,1,485.966,0.165242
428,1,485.1,0.164535
427.5,1,484.234,0.16382
427,1,483.368,0.163116
426.5,1,482.502,0.162394
426,1,481.636,0.161641
425.5,1,480.77,0.160858
425,1,479.904,0.160045
424.5,1,479.038,0.159202
424,1,478.172,0.158387
423.5,1,477.306,0.157756
423,1,476.44,0.15723
422.5,1,475.574,0.156747
422,1,474.708,0.156308
421.5,1,473.842,0.155912
421,1,472.976,0.155582
420.5,1,472.11,0.155521
420,1,471.244,0.155481
419.5,1,470.378,0.15546
419,1,469.512,0.15546
418.5,1,468.645,0.155479
418,1,467.779,0.155501
417.5,1,466.913,0.155709
417,1,466.047,0.155994
416.5,1,465.181,0.156308
416,1,464.315,0.156649
415.5,1,463.449,0.157019
415,1,462.583,0.157416
414.5,1,461.717,0.157889
414,1,460.851,0.158435
413.5,1,459.985,0.158995
413,1,459.119,0.159568
412.5,1,458.253,0.160177
412,1,457.387,0.160817
411.5,1,456.521,0.161469
411,1,455.655,0.162066
410.5,1,454.789,0.162717
410,1,453.923,0.163423
409.5,1,453.057,0.164182
409,1,452.191,0.164996
408.5,1,451.325,0.165863
408,1,450.459,0.166798
407.5,1,449.593,0.167807
407,1,448.727,0.168979
406.5,1,447.861,0.170237
406,1,446.995,0.171564
405.5,1,446.129,0.172961
405,1,445.263,0.174105
404.5,1,444.397,0.174994
404,1,443.531,0.175931
403.5,1,442.665,0.176916
403,1,441.799,0.17795
402.5,1,440.933,0.179033
402,1,440.067,0.180167
401.5,1,439.201,0.181372
401,1,438.335,0.1826
400.5,1,437.469,0.183849
400,1,436.603,0.185119
399.5,1,435.737,0.186409
399,1,434.87,0.187721
398.5,1,434.004,0.187631
398,1,433.138,0.187385
397.5,1,432.272,0.187181
397,1,431.406,0.187018
396.5,1,430.54,0.186897
396,1,429.674,0.18681
395.5,1,428.808,0.186705
395,1,427.942,0.186426
394.5,1,427.076,0.185985
394,1,426.21,0.185381
393.5,1,425.344,0.184614
393,1,424.478,0.183685
392.5,1,423.612,0.1825
392,1,422.746,0.180963
391.5,1,421.88,0.179402
391,1,421.014,0.177817
390.5,1,420.148,0.17624
390,1,419.282,0.174654
389.5,1,418.416,0.173057
389,1,417.55,0.169737
388.5,1,416.684,0.166269
388,1,415.818,0.162772
387.5,1,414.952,0.159246
387,1,414.086,0.155691
386.5,1,413.22,0.152106
386,1,412.354,0.149551
385.5,1,411.488,0.14761
385,1,410.622,0.145688
384.5,1,409.756,0.143742
384,1,408.89,0.141771
383.5,1,408.024,0.139775
383,1,407.158,0.138344
382.5,1,406.292,0.138202
382,1,405.426,0.137996
381.5,1,404.56,0.137725
381,1,403.694,0.137391
380.5,1,402.828,0.136992
380,1,401.962,0.13655
379.5,1,401.095,0.136871
379,1,400.229,0.137093
378.5,1,399.363,0.137208
378,1,398.497,0.137215
377.5,1,397.631,0.137115
377,1,396.765,0.136908
376.5,1,395.899,0.136874
376,1,395.033,0.137027
375.5,1,394.167,0.137264
375,1,393.301,0.137585
374.5,1,392.435,0.138046
374,1,391.569,0.138854
373.5,1,390.703,0.140043
373,1,389.837,0.141795
372.5,1,388.971,0.143755
372,1,388.105,0.145925
371.5,1,387.239,0.148304
371,1,386.373,0.150891
370.5,1,385.507,0.153681
370,1,384.641,0.156517
369.5,1,383.775,0.159518
369,1,382.909,0.162742
368.5,1,382.043,0.166212
368,1,381.177,0.169753
367.5,1,380.311,0.173363
367,1,379.445,0.176103
366.5,1,378.579,0.178575
366,1,377.713,0.181124
365.5,1,376.847,0.183751
365,1,375.981,0.186456
364.5,1,375.115,0.189239
364,1,374.249,0.190899
363.5,1,373.383,0.190898
363,1,372.517,0.190905
362.5,1,371.651,0.191005
362,1,370.785,0.191198
361.5,1,369.919,0.191482
361,1,369.053,0.191739
360.5,1,368.187,0.191276
360,1,367.321,0.191364
359.5,1,366.454,0.192003
359,1,365.588,0.193193
358.5,1,364.722,0.194933
358,1,363.856,0.197008
357.5,1,362.99,0.193298
357,1,362.124,0.188722
356.5,1,361.258,0.184945
356,1,360.392,0.181965
355.5,1,359.526,0.179784
355,1,358.66,0.178401
354.5,1,357.794,0.1909
354,1,356.928,0.219724
353.5,1,356.062,0.250569
353,1,355.196,0.283433
352.5,1,354.33,0.310508
352,1,353.464,0.32599
351.5,1,352.598,0.333191
351,1,351.732,0.318658
350.5,1,350.866,0.305144
350,1,350,0.29265
349.5,1,349.134,0.281175
349,1,348.268,0.27072
348.5,1,347.402,0.261284
348,1,346.536,0.255693
347.5,1,345.67,0.252652
347,1,344.804,0.254635
346.5,1,343.938,0.259374
346,1,343.072,0.263708
345.5,1,342.206,0.267638
345,1,341.34,0.269205
344.5,1,340.474,0.26882
344,1,339.608,0.268301
343.5,1,338.742,0.267645
343,1,337.876,0.266855
342.5,1,337.01,0.265928
342,1,336.144,0.264392
341.5,1,335.278,0.260134
341,1,334.412,0.255329
340.5,1,333.546,0.250572
340,1,332.679,0.245864
339.5,1,331.813,0.241204
339,1,330.947,0.236593
338.5,1,330.081,0.234177
338,1,329.215,0.232285
337.5,1,328.349,0.230687
337,1,327.483,0.229382
336.5,1,326.617,0.228371
336,1,325.751,0.227744
335.5,1,324.885,0.227539
335,1,324.019,0.227567
334.5,1,323.153,0.227684
334,1,322.287,0.22789
333.5,1,321.421,0.228185
333,1,320.555,0.228568
332.5,1,319.689,0.228781
332,1,318.823,0.228216
331.5,1,317.957,0.227486
331,1,317.091,0.226591
330.5,1,316.225,0.225542
330,1,315.359,0.22434
329.5,1,314.493,0.22298
329,1,313.627,0.224786
328.5,1,312.761,0.226802
328,1,311.895,0.228873
327.5,1,311.029,0.230999
327,1,310.163,0.233181
326.5,1,309.297,0.235418
326,1,308.431,0.236437
325.5,1,307.565,0.23557
325,1,306.699,0.233634
324.5,1,305.833,0.231577
324,1,304.967,0.229446
323.5,1,304.101,0.227239
323,1,303.235,0.224487
322.5,1,302.369,0.221088
322,1,301.503,0.218225
321.5,1,300.637,0.2159
321,1,299.771,0.214112
320.5,1,298.905,0.212862
320,1,298.038,0.212148
319.5,1,297.172,0.212165
319,1,296.306,0.212199
318.5,1,295.44,0.212154
318,1,294.574,0.21203
317.5,1,293.708,0.211828
317,1,292.842,0.211547
316.5,1,291.976,0.21024
316,1,291.11,0.208368
315.5,1,290.244,0.206338
315,1,289.378,0.204148
314.5,1,288.512,0.201799
314,1,287.646,0.200274
313.5,1,286.78,0.198923
313,1,285.914,0.197601
312.5,1,285.048,0.196467
312,1,284.182,0.19552
311.5,1,283.316,0.194762
311,1,282.45,0.194192
310.5,1,281.584,0.193824
310,1,280.718,0.193785
309.5,1,279.852,0.193779
309,1,278.986,0.193809
308.5,1,278.12,0.193322
308,1,277.254,0.192883
307.5,1,276.388,0.192512
307,1,275.522,0.192484
306.5,1,274.656,0.192579
306,1,273.79,0.192698
305.5,1,272.924,0.192841
305,1,272.058,0.193009
304.5,1,271.192,0.1932
304,1,270.326,0.193647
303.5,1,269.46,0.194348
303,1,268.594,0.194568
302.5,1,267.728,0.194727
302,1,266.862,0.194825
301.5,1,265.996,0.194862
301,1,265.13,0.194856
300.5,1,264.263,0.194842
300,1,263.397,0.194621
299.5,1,262.531,0.194195
299,1,261.665,0.193563
298.5,1,260.799,0.192724
298,1,259.933,0.191596
297.5,1,259.067,0.189828
297,1,258.201,0.188091
296.5,1,257.335,0.186318
296,1,256.469,0.18451
295.5,1,255.603,0.182665
295,1,254.737,0.180785
294.5,1,253.871,0.178754
294,1,253.005,0.17652
293.5,1,252.139,0.174184
293,1,251.273,0.171748
292.5,1,250.407,0.169166
292,1,249.541,0.166297
291.5,1,248.675,0.163372
291,1,247.809,0.160217
290.5,1,246.943,0.157084
290,1,246.077,0.153975
289.5,1,245.211,0.15089
289,1,244.345,0.147827
288.5,1,243.479,0.144787
288,1,242.613,0.14163
287.5,1,241.747,0.138518
287,1,240.881,0.135626
286.5,1,240.015,0.133324
286,1,239.149,0.131068
285.5,1,238.283,0.128859
285,1,237.417,0.12669
284.5,1,236.551,0.124575
284,1,235.685,0.122522
283.5,1,234.819,0.120531
283,1,233.953,0.118603
282.5,1,233.087,0.116738
282,1,232.221,0.114966
281.5,1,231.355,0.113445
281,1,230.488,0.112182
280.5,1,229.622,0.110959
280,1,228.756,0.109774
279.5,1,227.89,0.108629
279,1,227.024,0.107522
278.5,1,226.158,0.106636
278,1,225.292,0.105802
277.5,1,224.426,0.105002
277,1,223.56,0.104237
276.5,1,222.694,0.103507
276,1,221.828,0.102838
275.5,1,220.962,0.102363
275,1,220.096,0.101984
274.5,1,219.23,0.101621
274,1,218.364,0.101274
273.5,1,217.498,0.100943
273,1,216.632,0.100628
272.5,1,215.766,0.100371
272,1,214.9,0.100232
271.5,1,214.034,0.100104
271,1,213.168,0.099987
270.5,1,212.302,0.0998893
270,1,211.436,0.0998123
269.5,1,210.57,0.0997425
269,1,209.704,0.0997671
268.5,1,208.838,0.0997992
268,1,207.972,0.0998366
267.5,1,207.106,0.0998792
267,1,206.24,0.099927
266.5,1,205.374,0.0999801
266,1,204.508,0.100078
265.5,1,203.642,0.1002
265,1,202.776,0.100326
264.5,1,201.91,0.100456
264,1,201.044,0.100588
263.5,1,200.178,0.10072
263,1,199.312,0.100859
262.5,1,198.446,0.101007
262,1,197.58,0.101155
261.5,1,196.714,0.101303
261,1,195.847,0.101451
260.5,1,194.981,0.1016
260,1,194.115,0.101748
259.5,1,193.249,0.1019
259,1,192.383,0.102053
258.5,1,191.517,0.102204
258,1,190.651,0.102356
257.5,1,189.785,0.102507
257,1,188.919,0.102657
256.5,1,188.053,0.102802
256,1,187.187,0.102946
255.5,1,186.321,0.103088
255,1,185.455,0.10323
254.5,1,184.589,0.10337
254,1,183.723,0.103511
253.5,1,182.857,0.103647
253,1,181.991,0.103777
252.5,1,181.125,0.103907
252,1,180.259,0.104035
251.5,1,179.393,0.104163
251,1,178.527,0.104289
250.5,1,177.661,0.104414
250,1,176.795,0.104528
249.5,1,175.929,0.104641
249,1,175.063,0.104754
248.5,1,174.197,0.104866
248,1,173.331,0.104977
247.5,1,172.465,0.105088
247,1,171.599,0.10519
246.5,1,170.733,0.10529
246,1,169.867,0.105389
245.5,1,169.001,0.105487
245,1,168.135,0.105585
244.5,1,167.269,0.105681
244,1,166.403,0.105773
243.5,1,165.537,0.105859
243,1,164.671,0.105944
242.5,1,163.805,0.106029
242,1,162.939,0.106112
241.5,1,162.072,0.106196
241,1,161.206,0.106277
240.5,1,160.34,0.106351
240,1,159.474,0.106424
239.5,1,158.608,0.106496
239,1,157.742,0.106568
238.5,1,156.876,0.106639
238,1,156.01,0.10671
237.5,1,155.144,0.106774
237,1,154.278,0.106836
236.5,1,153.412,0.106898
236,1,152.546,0.106959
235.5,1,151.68,0.10702
235,1,150.814,0.10708
234.5,1,149.948,0.107136
234,1,149.082,0.10719
233.5,1,148.216,0.107242
233,1,147.35,0.107294
232.5,1,146.484,0.107346
232,1,145.618,0.107397
231.5,1,144.752,0.107447
231,1,143.886,0.107492
230.5,1,143.02,0.107536
230,1,142.154,0.10758
229.5,1,141.288,0.107624
229,1,140.422,0.107667
228.5,1,139.556,0.10771
228,1,138.69,0.107748
227.5,1,137.824,0.107786
227,1,136.958,0.107824
226.5,1,136.092,0.107861
226,1,135.226,0.107898
225.5,1,134.36,0.107935
225,1,133.494,0.107969
224.5,1,132.628,0.108
224,1,131.762,0.108032
223.5,1,130.896,0.108063
223,1,130.03,0.108094
222.5,1,129.164,0.108124
222,1,128.297,0.108154
221.5,1,127.431,0.108181
221,1,126.565,0.108208
220.5,1,125.699,0.108235
220,1,124.833,0.108262
219.5,1,123.967,0.108288
219,1,123.101,0.108314
218.5,1,122.235,0.108337
218,1,121.369,0.10836
217.5,1,120.503,0.108382
217,1,119.637,0.108404
216.5,1,118.771,0.108426
216,1,117.905,0.108448
215.5,1,117.039,0.108468
215,1,116.173,0.108487
214.5,1,115.307,0.108506
214,1,114.441,0.108525
213.5,1,113.575,0.108544
213,1,112.709,0.108563
212.5,1,111.843,0.10858
212,1,110.977,0.108595
211.5,1,110.111,0.10861
211,1,109.245,0.108625
210.5,1,108.379,0.108639
210,1,107.513,0.108654
209.5,1,106.647,0.108668
209,1,105.781,0.108682
208.5,1,104.915,0.108695
208,1,104.049,0.108708
207.5,1,103.183,0.108721
207,1,102.317,0.108734
206.5,1,101.451,0.108747
206,1,100.585,0.108759
205.5,1,99.7187,0.10877
205,1,98.8526,0.108781
204.5,1,97.9866,0.108792
204,1,97.1206,0.108803
203.5,1,96.2546,0.108814
203,1,95.3885,0.108824
202.5,1,94.5225,0.108833
202,1,93.6565,0.108841
201.5,1,92.7905,0.108849
201,1,91.9244,0.108857
200.5,1,91.0584,0.108865
200,1,90.1924,0.108873
