x,y,z,b
500,1,609.808,0.109121
499.5,1,608.942,0.109121
499,1,608.076,0.109121
498.5,1,607.21,0.109121
498,1,606.344,0.109121
497.5,1,605.477,0.109121
497,1,604.611,0.109121
496.5,1,603.745,0.109121
496,1,602.879,0.10912
495.5,1,602.013,0.10912
495,1,601.147,0.10912
494.5,1,600.281,0.10912
494,1,599.415,0.10912
493.5,1,598.549,0.10912
493,1,597.683,0.10912
492.5,1,596.817,0.10912
492,1,595.951,0.10912
491.5,1,595.085,0.109119
491,1,594.219,0.109119
490.5,1,593.353,0.109119
490,1,592.487,0.109119
489.5,1,591.621,0.109119
489,1,590.755,0.109119
488.5,1,589.889,0.109119
488,1,589.023,0.109119
487.5,1,588.157,0.109118
487,1,587.291,0.109118
486.5,1,586.425,0.109118
486,1,585.559,0.109118
485.5,1,584.693,0.109118
485,1,583.827,0.109118
484.5,1,582.961,0.109117
484,1,582.095,0.109117
483.5,1,581.229,0.109117
483,1,580.363,0.109117
482.5,1,579.497,0.109117
482,1,578.631,0.109116
481.5,1,577.765,0.109116
481,1,576.899,0.109116
480.5,1,576.033,0.109116
480,1,575.167,0.109116
479.5,1,574.301,0.109115
479,1,573.435,0.109115
478.5,1,572.569,0.109115
478,1,571.703,0.109115
477.5,1,570.836,0.109114
477,1,569.97,0.109114
476.5,1,569.104,0.109114
476,1,568.238,0.109114
475.5,1,567.372,0.109113
475,1,566.506,0.109113
474.5,1,565.64,0.109113
474,1,564.774,0.109112
473.5,1,563.908,0.109112
473,1,563.042,0.109112
472.5,1,562.176,0.109111
472,1,561.31,0.109111
471.5,1,560.444,0.109111
471,1,559.578,0.10911
470.5,1,558.712,0.10911
470,1,557.846,0.10911
469.5,1,556.98,0.109109
469,1,556.114,0.109109
468.5,1,555.248,0.109109
468,1,554.382,0.109108
467.5,1,553.516,0.109108
467,1,552.65,0.109107
466.5,1,551.784,0.109107
466,1,550.918,0.109106
465.5,1,550.052,0.109106
465,1,549.186,0.109106
464.5,1,548.32,0.109105
464,1,547.454,0.109105
463.5,1,546.588,0.109104
463,1,545.722,0.109104
462.5,1,544.856,0.109103
462,1,543.99,0.109102
461.5,1,543.124,0.109102
461,1,542.258,0.109101
460.5,1,541.392,0.109101
460,1,540.526,0.1091
459.5,1,539.66,0.109099
459,1,538.794,0.109099
458.5,1,537.928,0.109098
458,1,537.061,0.109097
457.5,1,536.195,0.109097
457,1,535.329,0.109096
456.5,1,534.463,0.109095
456,1,533.597,0.109094
455.5,1,532.731,0.109094
455,1,531.865,0.109093
454.5,1,530.999,0.109092
454,1,530.133,0.109091
453.5,1,529.267,0.10909
453,1,528.401,0.109089
452.5,1,527.535,0.109088
452,1,526.669,0.109087
451.5,1,525.803,0.109086
451,1,524.937,0.109085
450.5,1,524.071,0.109084
450,1,523.205,0.109083
449.5,1,522.339,0.109082
449,1,521.473,0.109081
448.5,1,520.607,0.10908
448,1,519.741,0.109079
447.5,1,518.875,0.109077
447,1,518.009,0.109076
446.5,1,517.143,0.109075
446,1,516.277,0.109073
445.5,1,515.411,0.109072
445,1,514.545,0.10907
444.5,1,513.679,0.109069
444,1,512.813,0.109067
443.5,1,511.947,0.109066
443,1,511.081,0.109064
442.5,1,510.215,0.109062
442,1,509.349,0.10906
441.5,1,508.483,0.109058
441,1,507.617,0.109056
440.5,1,506.751,0.109054
440,1,505.885,0.109052
439.5,1,505.019,0.10905
439,1,504.153,0.109048
438.5,1,503.286,0.109046
438,1,502.42,0.109043
437.5,1,501.554,0.109041
437,1,500.688,0.109039
436.5,1,499.822,0.109036
436,1,498.956,0.109033
435.5,1,498.09,0.10903
435,1,497.224,0.109027
434.5,1,496.358,0.109024
434,1,495.492,0.109021
433.5,1,494.626,0.109018
433,1,493.76,0.109015
432.5,1,492.894,0.109011
432,1,492.028,0.109008
431.5,1,491.162,0.109004
431,1,490.296,0.109001
430.5,1,489.43,0.108997
430,1,488.564,0.108993
429.5,1,487.698,0.108988
429,1,486.832,0.108983
428.5,1,485.966,0.108979
428,1,485.1,0.108974
427.5,1,484.234,0.108969
427,1,483.368,0.108964
426.5,1,482.502,0.108958
426,1,481.636,0.108953
425.5,1,480.77,0.108947
425,1,479.904,0.108941
424.5,1,479.038,0.108936
424,1,478.172,0.108929
423.5,1,477.306,0.108922
423,1,476.44,0.108914
422.5,1,475.574,0.108907
422,1,474.708,0.108899
421.5,1,473.842,0.108891
421,1,472.976,0.108883
420.5,1,472.11,0.108874
420,1,471.244,0.108864
419.5,1,470.378,0.108855
419,1,469.512,0.108845
418.5,1,468.645,0.108836
418,1,467.779,0.108826
417.5,1,466.913,0.108814
417,1,466.047,0.108801
416.5,1,465.181,0.108788
416,1,464.315,0.108775
415.5,1,463.449,0.108762
415,1,462.583,0.108749
414.5,1,461.717,0.108734
414,1,460.851,0.108718
413.5,1,459.985,0.108701
413,1,459.119,0.108684
412.5,1,458.253,0.108668
412,1,457.387,0.108651
411.5,1,456.521,0.108633
411,1,455.655,0.10861
410.5,1,454.789,0.108588
410,1,453.923,0.108564
409.5,1,453.057,0.108541
409,1,452.191,0.108517
408.5,1,451.325,0.108493
408,1,450.459,0.108464
407.5,1,449.593,0.108434
407,1,448.727,0.108404
406.5,1,447.861,0.108373
406,1,446.995,0.108343
405.5,1,446.129,0.108312
405,1,445.263,0.108275
404.5,1,444.397,0.108233
404,1,443.531,0.108191
403.5,1,442.665,0.108147
403,1,441.799,0.108103
402.5,1,440.933,0.108059
402,1,440.067,0.108012
401.5,1,439.201,0.107956
401,1,438.335,0.1079
400.5,1,437.469,0.107843
400,1,436.603,0.107785
399.5,1,435.737,0.107727
399,1,434.87,0.107669
398.5,1,434.004,0.10759
398,1,433.138,0.107508
397.5,1,432.272,0.107424
397,1,431.406,0.107339
396.5,1,430.54,0.107254
396,1,429.674,0.107171
395.5,1,428.808,0.107071
395,1,427.942,0.106957
394.5,1,427.076,0.106843
394,1,426.21,0.106727
393.5,1,425.344,0.106611
393,1,424.478,0.106494
392.5,1,423.612,0.106362
392,1,422.746,0.106188
391.5,1,421.88,0.106013
391,1,421.014,0.105838
390.5,1,420.148,0.105673
390,1,419.282,0.105508
389.5,1,418.416,0.105345
389,1,417.55,0.105071
388.5,1,416.684,0.104792
388,1,415.818,0.104517
387.5,1,414.952,0.104246
387,1,414.086,0.103979
386.5,1,413.22,0.103715
386,1,412.354,0.103374
385.5,1,411.488,0.102975
385,1,410.622,0.10261
384.5,1,409.756,0.102248
384,1,408.89,0.10189
383.5,1,408.024,0.101536
383,1,407.158,0.101351
382.5,1,406.292,0.101499
382,1,405.426,0.10158
381.5,1,404.56,0.101594
381,1,403.694,0.101541
380.5,1,402.828,0.10142
380,1,401.962,0.101253
379.5,1,401.095,0.102334
379,1,400.229,0.103303
378.5,1,399.363,0.104149
378,1,398.497,0.104871
377.5,1,397.631,0.10547
377,1,396.765,0.105944
376.5,1,395.899,0.10876
376,1,395.033,0.112218
375.5,1,394.167,0.115054
375,1,393.301,0.117269
374.5,1,392.435,0.11904
374,1,391.569,0.120973
373.5,1,390.703,0.124952
373,1,389.837,0.132746
372.5,1,388.971,0.14
372,1,388.105,0.146713
371.5,1,387.239,0.152886
371,1,386.373,0.158519
370.5,1,385.507,0.163697
370,1,384.641,0.17066
369.5,1,383.775,0.178093
369,1,382.909,0.185768
368.5,1,382.043,0.192999
368,1,381.177,0.200179
367.5,1,380.311,0.207306
367,1,379.445,0.21097
366.5,1,378.579,0.213961
366,1,377.713,0.217629
365.5,1,376.847,0.221975
365,1,375.981,0.226999
364.5,1,375.115,0.232701
364,1,374.249,0.236677
363.5,1,373.383,0.237005
363,1,372.517,0.23665
362.5,1,371.651,0.237102
362,1,370.785,0.23836
361.5,1,369.919,0.240424
361,1,369.053,0.242956
360.5,1,368.187,0.243071
360,1,367.321,0.243558
359.5,1,366.454,0.244416
359,1,365.588,0.245646
358.5,1,364.722,0.247248
358,1,363.856,0.248428
357.5,1,362.99,0.247523
357,1,362.124,0.24711
356.5,1,361.258,0.247673
356,1,360.392,0.249212
355.5,1,359.526,0.251727
355,1,358.66,0.255217
354.5,1,357.794,0.257498
354,1,356.928,0.259138
353.5,1,356.062,0.262879
353,1,355.196,0.268719
352.5,1,354.33,0.266257
352,1,353.464,0.250958
351.5,1,352.598,0.228905
351,1,351.732,0.182924
350.5,1,350.866,0.139454
350,1,350,0.0984946
349.5,1,349.134,0.060047
349,1,348.268,0.0241107
348.5,1,347.402,-0.00931431
348,1,346.536,-0.00836312
347.5,1,345.67,0.00277906
347,1,344.804,0.0237377
346.5,1,343.938,0.0480892
346,1,343.072,0.0692718
345.5,1,342.206,0.0872855
345,1,341.34,0.0950184
344.5,1,340.474,0.0957609
344,1,339.608,0.096659
343.5,1,338.742,0.0977129
343,1,337.876,0.0989224
342.5,1,337.01,0.100288
342,1,336.144,0.101982
341.5,1,335.278,0.103422
341,1,334.412,0.104338
340.5,1,333.546,0.105312
340,1,332.679,0.106343
339.5,1,331.813,0.107432
339,1,330.947,0.108578
338.5,1,330.081,0.108879
338,1,329.215,0.109065
337.5,1,328.349,0.109235
337,1,327.483,0.10939
336.5,1,326.617,0.109528
336,1,325.751,0.109732
335.5,1,324.885,0.11007
335,1,324.019,0.110464
334.5,1,323.153,0.110837
334,1,322.287,0.111188
333.5,1,321.421,0.111518
333,1,320.555,0.111827
332.5,1,319.689,0.112045
332,1,318.823,0.112059
331.5,1,317.957,0.112061
331,1,317.091,0.112054
330.5,1,316.225,0.11202
330,1,315.359,0.111982
329.5,1,314.493,0.111948
329,1,313.627,0.111952
328.5,1,312.761,0.111951
328,1,311.895,0.111945
327.5,1,311.029,0.111934
327,1,310.163,0.111917
326.5,1,309.297,0.111894
326,1,308.431,0.111839
325.5,1,307.565,0.111771
325,1,306.699,0.111711
324.5,1,305.833,0.11165
324,1,304.967,0.111589
323.5,1,304.101,0.111525
323,1,303.235,0.111462
322.5,1,302.369,0.111401
322,1,301.503,0.111343
321.5,1,300.637,0.111287
321,1,299.771,0.111234
320.5,1,298.905,0.111182
320,1,298.038,0.111133
319.5,1,297.172,0.111069
319,1,296.306,0.111007
318.5,1,295.44,0.110947
318,1,294.574,0.110889
317.5,1,293.708,0.110833
317,1,292.842,0.110778
316.5,1,291.976,0.110728
316,1,291.11,0.11068
315.5,1,290.244,0.110632
315,1,289.378,0.110585
314.5,1,288.512,0.110538
314,1,287.646,0.110492
313.5,1,286.78,0.110448
313,1,285.914,0.110407
312.5,1,285.048,0.110366
312,1,284.182,0.110326
311.5,1,283.316,0.110287
311,1,282.45,0.110248
310.5,1,281.584,0.110209
310,1,280.718,0.110176
309.5,1,279.852,0.110143
309,1,278.986,0.110111
308.5,1,278.12,0.11008
308,1,277.254,0.11005
307.5,1,276.388,0.11002
307,1,275.522,0.109992
306.5,1,274.656,0.109965
306,1,273.79,0.109939
305.5,1,272.924,0.109913
305,1,272.058,0.109888
304.5,1,271.192,0.109864
304,1,270.326,0.109841
303.5,1,269.46,0.109819
303,1,268.594,0.109799
302.5,1,267.728,0.109778
302,1,266.862,0.109758
301.5,1,265.996,0.109738
301,1,265.13,0.109719
300.5,1,264.263,0.109702
300,1,263.397,0.109686
299.5,1,262.531,0.109669
299,1,261.665,0.109653
298.5,1,260.799,0.109637
298,1,259.933,0.109621
297.5,1,259.067,0.109608
297,1,258.201,0.109594
296.5,1,257.335,0.109581
296,1,256.469,0.109568
295.5,1,255.603,0.109556
295,1,254.737,0.109543
294.5,1,253.871,0.109532
294,1,253.005,0.109521
293.5,1,252.139,0.10951
293,1,251.273,0.1095
292.5,1,250.407,0.10949
292,1,249.541,0.10948
291.5,1,248.675,0.10947
291,1,247.809,0.109461
290.5,1,246.943,0.109452
290,1,246.077,0.109444
289.5,1,245.211,0.109435
289,1,244.345,0.109427
288.5,1,243.479,0.109419
288,1,242.613,0.109411
287.5,1,241.747,0.109404
287,1,240.881,0.109397
286.5,1,240.015,0.109391
286,1,239.149,0.109384
285.5,1,238.283,0.109377
285,1,237.417,0.109371
284.5,1,236.551,0.109365
284,1,235.685,0.109359
283.5,1,234.819,0.109353
283,1,233.953,0.109348
282.5,1,233.087,0.109342
282,1,232.221,0.109337
281.5,1,231.355,0.109332
281,1,230.488,0.109327
280.5,1,229.622,0.109322
280,1,228.756,0.109318
279.5,1,227.89,0.109313
279,1,227.024,0.109309
278.5,1,226.158,0.109305
278,1,225.292,0.1093
277.5,1,224.426,0.109296
277,1,223.56,0.109292
276.5,1,222.694,0.109288
276,1,221.828,0.109285
275.5,1,220.962,0.109281
275,1,220.096,0.109278
274.5,1,219.23,0.109274
274,1,218.364,0.109271
273.5,1,217.498,0.109268
273,1,216.632,0.109265
272.5,1,215.766,0.109262
272,1,214.9,0.109259
271.5,1,214.034,0.109256
271,1,213.168,0.109253
270.5,1,212.302,0.10925
270,1,211.436,0.109247
269.5,1,210.57,0.109245
269,1,209.704,0.109242
268.5,1,208.838,0.10924
268,1,207.972,0.109237
267.5,1,207.106,0.109235
267,1,206.24,0.109233
266.5,1,205.374,0.109231
266,1,204.508,0.109228
265.5,1,203.642,0.109226
265,1,202.776,0.109224
264.5,1,201.91,0.109222
264,1,201.044,0.10922
263.5,1,200.178,0.109218
263,1,199.312,0.109216
262.5,1,198.446,0.109215
262,1,197.58,0.109213
261.5,1,196.714,0.109211
261,1,195.847,0.10921
260.5,1,194.981,0.109208
260,1,194.115,0.109206
259.5,1,193.249,0.109205
259,1,192.383,0.109203
258.5,1,191.517,0.109202
258,1,190.651,0.1092
257.5,1,189.785,0.109199
257,1,188.919,0.109197
256.5,1,188.053,0.109196
256,1,187.187,0.109195
255.5,1,186.321,0.109194
255,1,185.455,0.109192
254.5,1,184.589,0.109191
254,1,183.723,0.10919
253.5,1,182.857,0.109189
253,1,181.991,0.109188
252.5,1,181.125,0.109187
252,1,180.259,0.109186
251.5,1,179.393,0.109184
251,1,178.527,0.109183
250.5,1,177.661,0.109182
250,1,176.795,0.109181
249.5,1,175.929,0.10918
249,1,175.063,0.10918
248.5,1,174.197,0.109179
248,1,173.331,0.109178
247.5,1,172.465,0.109177
247,1,171.599,0.109176
246.5,1,170.733,0.109175
246,1,169.867,0.109174
245.5,1,169.001,0.109173
245,1,168.135,0.109173
244.5,1,167.269,0.109172
244,1,166.403,0.109171
243.5,1,165.537,0.10917
243,1,164.671,0.10917
242.5,1,163.805,0.109169
242,1,162.939,0.109168
241.5,1,162.072,0.109168
241,1,161.206,0.109167
240.5,1,160.34,0.109166
240,1,159.474,0.109166
239.5,1,158.608,0.109165
239,1,157.742,0.109164
238.5,1,156.876,0.109164
238,1,156.01,0.109163
237.5,1,155.144,0.109163
237,1,154.278,0.109162
236.5,1,153.412,0.109161
236,1,152.546,0.109161
235.5,1,151.68,0.10916
235,1,150.814,0.10916
234.5,1,149.948,0.109159
234,1,149.082,0.109159
233.5,1,148.216,0.109158
233,1,147.35,0.109158
232.5,1,146.484,0.109157
232,1,145.618,0.109157
231.5,1,144.752,0.109156
231,1,143.886,0.109156
230.5,1,143.02,0.109155
230,1,142.154,0.109155
229.5,1,141.288,0.109155
229,1,140.422,0.109154
228.5,1,139.556,0.109154
228,1,138.69,0.109153
227.5,1,137.824,0.109153
227,1,136.958,0.109152
226.5,1,136.092,0.109152
226,1,135.226,0.109152
225.5,1,134.36,0.109151
225,1,133.494,0.109151
224.5,1,132.628,0.109151
224,1,131.762,0.10915
223.5,1,130.896,0.10915
223,1,130.03,0.109149
222.5,1,129.164,0.109149
222,1,128.297,0.109149
221.5,1,127.431,0.109148
221,1,126.565,0.109148
220.5,1,125.699,0.109148
220,1,124.833,0.109147
219.5,1,123.967,0.109147
219,1,123.101,0.109147
218.5,1,122.235,0.109146
218,1,121.369,0.109146
217.5,1,120.503,0.109146
217,1,119.637,0.109146
216.5,1,118.771,0.109145
216,1,117.905,0.109145
215.5,1,117.039,0.109145
215,1,116.173,0.109144
214.5,1,115.307,0.109144
214,1,114.441,0.109144
213.5,1,113.575,0.109143
213,1,112.709,0.109143
212.5,1,111.843,0.109143
212,1,110.977,0.109143
211.5,1,110.111,0.109142
211,1,109.245,0.109142
210.5,1,108.379,0.109142
210,1,107.513,0.109142
209.5,1,106.647,0.109141
209,1,105.781,0.109141
208.5,1,104.915,0.109141
208,1,104.049,0.109141
207.5,1,103.183,0.10914
207,1,102.317,0.10914
206.5,1,101.451,0.10914
206,1,100.585,0.10914
205.5,1,99.7187,0.109139
205,1,98.8526,0.109139
204.5,1,97.9866,0.109139
204,1,97.1206,0.109139
203.5,1,96.2546,0.109139
203,1,95.3885,0.109138
202.5,1,94.5225,0.109138
202,1,93.6565,0.109138
201.5,1,92.7905,0.109138
201,1,91.9244,0.109138
200.5,1,91.0584,0.109137
200,1,90.1924,0.109137
