x,y,z,b
500,1,609.808,0.10722
499.5,1,608.942,0.107181
499,1,608.076,0.107142
498.5,1,607.21,0.107102
498,1,606.344,0.107062
497.5,1,605.477,0.107022
497,1,604.611,0.106981
496.5,1,603.745,0.106937
496,1,602.879,0.106892
495.5,1,602.013,0.106846
495,1,601.147,0.1068
494.5,1,600.281,0.106754
494,1,599.415,0.106707
493.5,1,598.549,0.106658
493,1,597.683,0.106607
492.5,1,596.817,0.106555
492,1,595.951,0.106503
491.5,1,595.085,0.106451
491,1,594.219,0.106398
490.5,1,593.353,0.106344
490,1,592.487,0.106286
489.5,1,591.621,0.106227
489,1,590.755,0.106168
488.5,1,589.889,0.106108
488,1,589.023,0.106048
487.5,1,588.157,0.105987
487,1,587.291,0.105923
486.5,1,586.425,0.105858
486,1,585.559,0.105792
485.5,1,584.693,0.105726
485,1,583.827,0.105659
484.5,1,582.961,0.105592
484,1,582.095,0.105522
483.5,1,581.229,0.105448
483,1,580.363,0.105374
482.5,1,579.497,0.105299
482,1,578.631,0.105223
481.5,1,577.765,0.105147
481,1,576.899,0.105069
480.5,1,576.033,0.104988
480,1,575.167,0.104906
479.5,1,574.301,0.104823
479,1,573.435,0.104739
478.5,1,572.569,0.104655
478,1,571.703,0.104569
477.5,1,570.836,0.10448
477,1,569.97,0.10439
476.5,1,569.104,0.104299
476,1,568.238,0.104207
475.5,1,567.372,0.104115
475,1,566.506,0.104021
474.5,1,565.64,0.103927
474,1,564.774,0.103833
473.5,1,563.908,0.103738
473,1,563.042,0.103642
472.5,1,562.176,0.103544
472,1,561.31,0.103446
471.5,1,560.444,0.103346
471,1,559.578,0.103249
470.5,1,558.712,0.10315
470,1,557.846,0.103052
469.5,1,556.98,0.102952
469,1,556.114,0.102852
468.5,1,555.248,0.102751
468,1,554.382,0.102659
467.5,1,553.516,0.10257
467,1,552.65,0.102481
466.5,1,551.784,0.102392
466,1,550.918,0.102304
465.5,1,550.052,0.102216
465,1,549.186,0.102148
464.5,1,548.32,0.102103
464,1,547.454,0.102061
463.5,1,546.588,0.102022
463,1,545.722,0.101985
462.5,1,544.856,0.101952
462,1,543.99,0.101935
461.5,1,543.124,0.101986
461,1,542.258,0.102049
460.5,1,541.392,0.102122
460,1,540.526,0.102207
459.5,1,539.66,0.102302
459,1,538.794,0.102409
458.5,1,537.928,0.102615
458,1,537.061,0.102853
457.5,1,536.195,0.103107
457,1,535.329,0.103378
456.5,1,534.463,0.103688
456,1,533.597,0.104082
455.5,1,532.731,0.104605
455,1,531.865,0.105252
454.5,1,530.999,0.105948
454,1,530.133,0.106691
453.5,1,529.267,0.107482
453,1,528.401,0.108322
452.5,1,527.535,0.109255
452,1,526.669,0.110395
451.5,1,525.803,0.111593
451,1,524.937,0.112921
450.5,1,524.071,0.114443
450,1,523.205,0.116018
449.5,1,522.339,0.117647
449,1,521.473,0.119343
448.5,1,520.607,0.121065
448,1,519.741,0.122811
447.5,1,518.875,0.12458
447,1,518.009,0.126373
446.5,1,517.143,0.128188
446,1,516.277,0.12997
445.5,1,515.411,0.13173
445,1,514.545,0.133504
444.5,1,513.679,0.135287
444,1,512.813,0.137078
443.5,1,511.947,0.138877
443,1,511.081,0.140695
442.5,1,510.215,0.14256
442,1,509.349,0.144454
441.5,1,508.483,0.146377
441,1,507.617,0.148327
440.5,1,506.751,0.150306
440,1,505.885,0.152326
439.5,1,505.019,0.154304
439,1,504.153,0.156289
438.5,1,503.286,0.158283
438,1,502.42,0.160287
437.5,1,501.554,0.1623
437,1,500.688,0.164323
436.5,1,499.822,0.166152
436,1,498.956,0.167868
435.5,1,498.09,0.169571
435,1,497.224,0.171263
434.5,1,496.358,0.172755
434,1,495.492,0.174054
433.5,1,494.626,0.175258
433,1,493.76,0.176319
432.5,1,492.894,0.177368
432,1,492.028,0.178407
431.5,1,491.162,0.179434
431,1,490.296,0.180451
430.5,1,489.43,0.181443
430,1,488.564,0.181921
429.5,1,487.698,0.182345
429,1,486.832,0.1825
428.5,1,485.966,0.182529
428,1,485.1,0.182602
427.5,1,484.234,0.182717
427,1,483.368,0.1827
426.5,1,482.502,0.182632
426,1,481.636,0.182582
425.5,1,480.77,0.182548
425,1,479.904,0.182531
424.5,1,479.038,0.182531
424,1,478.172,0.182844
423.5,1,477.306,0.183612
423,1,476.44,0.18448
422.5,1,475.574,0.185485
422,1,474.708,0.186628
421.5,1,473.842,0.187909
421,1,472.976,0.189382
420.5,1,472.11,0.191558
420,1,471.244,0.193771
419.5,1,470.378,0.196021
419,1,469.512,0.198309
418.5,1,468.645,0.200634
418,1,467.779,0.202148
417.5,1,466.913,0.20364
417,1,466.047,0.205218
416.5,1,465.181,0.2068
416,1,464.315,0.208384
415.5,1,463.449,0.209972
415,1,462.583,0.211563
414.5,1,461.717,0.212706
414,1,460.851,0.213363
413.5,1,459.985,0.214104
413,1,459.119,0.214927
412.5,1,458.253,0.215547
412,1,457.387,0.216275
411.5,1,456.521,0.216966
411,1,455.655,0.216337
410.5,1,454.789,0.215853
410,1,453.923,0.215514
409.5,1,453.057,0.21532
409,1,452.191,0.21527
408.5,1,451.325,0.215365
408,1,450.459,0.213798
407.5,1,449.593,0.211892
407,1,448.727,0.209308
406.5,1,447.861,0.206498
406,1,446.995,0.203584
405.5,1,446.129,0.200564
405,1,445.263,0.197356
404.5,1,444.397,0.194038
404,1,443.531,0.190715
403.5,1,442.665,0.187385
403,1,441.799,0.18405
402.5,1,440.933,0.180708
402,1,440.067,0.177792
401.5,1,439.201,0.176762
401,1,438.335,0.175856
400.5,1,437.469,0.175071
400,1,436.603,0.174407
399.5,1,435.737,0.173864
399,1,434.87,0.173442
398.5,1,434.004,0.173582
398,1,433.138,0.173899
397.5,1,432.272,0.174332
397,1,431.406,0.174883
396.5,1,430.54,0.175551
396,1,429.674,0.176499
395.5,1,428.808,0.177675
395,1,427.942,0.179002
394.5,1,427.076,0.180382
394,1,426.21,0.181818
393.5,1,425.344,0.183309
393,1,424.478,0.184854
392.5,1,423.612,0.186805
392,1,422.746,0.189741
391.5,1,421.88,0.192537
391,1,421.014,0.195193
390.5,1,420.148,0.197645
390,1,419.282,0.199859
389.5,1,418.416,0.201833
389,1,417.55,0.205162
388.5,1,416.684,0.208064
388,1,415.818,0.210418
387.5,1,414.952,0.212225
387,1,414.086,0.213483
386.5,1,413.22,0.214193
386,1,412.354,0.212211
385.5,1,411.488,0.20911
385,1,410.622,0.206542
384.5,1,409.756,0.2041
384,1,408.89,0.201781
383.5,1,408.024,0.199588
383,1,407.158,0.197199
382.5,1,406.292,0.194234
382,1,405.426,0.191434
381.5,1,404.56,0.188799
381,1,403.694,0.186331
380.5,1,402.828,0.184027
380,1,401.962,0.181906
379.5,1,401.095,0.18091
379,1,400.229,0.180244
378.5,1,399.363,0.179899
378,1,398.497,0.179875
377.5,1,397.631,0.180173
377,1,396.765,0.180792
376.5,1,395.899,0.181718
376,1,395.033,0.182761
375.5,1,394.167,0.18389
375,1,393.301,0.185104
374.5,1,392.435,0.186256
374,1,391.569,0.186919
373.5,1,390.703,0.187082
373,1,389.837,0.186387
372.5,1,388.971,0.185752
372,1,388.105,0.185177
371.5,1,387.239,0.18466
371,1,386.373,0.184203
370.5,1,385.507,0.183651
370,1,384.641,0.179873
369.5,1,383.775,0.175976
369,1,382.909,0.171999
368.5,1,382.043,0.168213
368,1,381.177,0.164644
367.5,1,380.311,0.161292
367,1,379.445,0.15894
366.5,1,378.579,0.157099
366,1,377.713,0.155482
365.5,1,376.847,0.15409
365,1,375.981,0.152922
364.5,1,375.115,0.151978
364,1,374.249,0.153761
363.5,1,373.383,0.160365
363,1,372.517,0.168916
362.5,1,371.651,0.177925
362,1,370.785,0.18739
361.5,1,369.919,0.197313
361,1,369.053,0.20735
360.5,1,368.187,0.214576
360,1,367.321,0.221827
359.5,1,366.454,0.229101
359,1,365.588,0.236398
358.5,1,364.722,0.243719
358,1,363.856,0.24969
357.5,1,362.99,0.251978
357,1,362.124,0.25497
356.5,1,361.258,0.259291
356,1,360.392,0.264941
355.5,1,359.526,0.271921
355,1,358.66,0.28023
354.5,1,357.794,0.290049
354,1,356.928,0.303076
353.5,1,356.062,0.319713
353,1,355.196,0.339959
352.5,1,354.33,0.35252
352,1,353.464,0.35086
351.5,1,352.598,0.340199
351,1,351.732,0.301383
350.5,1,350.866,0.269569
350,1,350,0.244755
349.5,1,349.134,0.226943
349,1,348.268,0.216131
348.5,1,347.402,0.21232
348,1,346.536,0.225261
347.5,1,345.67,0.239992
347,1,344.804,0.25138
346.5,1,343.938,0.259723
346,1,343.072,0.267406
345.5,1,342.206,0.274429
345,1,341.34,0.278663
344.5,1,340.474,0.281191
344,1,339.608,0.284183
343.5,1,338.742,0.287638
343,1,337.876,0.291558
342.5,1,337.01,0.295941
342,1,336.144,0.300306
341.5,1,335.278,0.301943
341,1,334.412,0.302857
340.5,1,333.546,0.304083
340,1,332.679,0.305621
339.5,1,331.813,0.307471
339,1,330.947,0.309634
338.5,1,330.081,0.307692
338,1,329.215,0.306344
337.5,1,328.349,0.306131
337,1,327.483,0.307053
336.5,1,326.617,0.309109
336,1,325.751,0.310124
335.5,1,324.885,0.305525
335,1,324.019,0.298435
334.5,1,323.153,0.292539
334,1,322.287,0.287837
333.5,1,321.421,0.284328
333,1,320.555,0.282012
332.5,1,319.689,0.278387
332,1,318.823,0.268375
331.5,1,317.957,0.258341
331,1,317.091,0.248287
330.5,1,316.225,0.237739
330,1,315.359,0.227921
329.5,1,314.493,0.219169
329,1,313.627,0.209574
328.5,1,312.761,0.19883
328,1,311.895,0.18698
327.5,1,311.029,0.174025
327,1,310.163,0.159964
326.5,1,309.297,0.144797
326,1,308.431,0.136919
325.5,1,307.565,0.133011
325,1,306.699,0.129324
324.5,1,305.833,0.124782
324,1,304.967,0.119078
323.5,1,304.101,0.112213
323,1,303.235,0.10665
322.5,1,302.369,0.105722
322,1,301.503,0.104641
321.5,1,300.637,0.103407
321,1,299.771,0.10202
320.5,1,298.905,0.100481
320,1,298.038,0.0988036
319.5,1,297.172,0.0985702
319,1,296.306,0.098315
318.5,1,295.44,0.098037
318,1,294.574,0.0977359
317.5,1,293.708,0.0974119
317,1,292.842,0.097065
316.5,1,291.976,0.0972018
316,1,291.11,0.0975534
315.5,1,290.244,0.0979
315,1,289.378,0.0982416
314.5,1,288.512,0.0985782
314,1,287.646,0.0989433
313.5,1,286.78,0.0993346
313,1,285.914,0.099762
312.5,1,285.048,0.100192
312,1,284.182,0.100626
311.5,1,283.316,0.101062
311,1,282.45,0.101502
310.5,1,281.584,0.101933
310,1,280.718,0.1022
309.5,1,279.852,0.102469
309,1,278.986,0.102739
308.5,1,278.12,0.103017
308,1,277.254,0.103296
307.5,1,276.388,0.103574
307,1,275.522,0.103803
306.5,1,274.656,0.104016
306,1,273.79,0.10423
305.5,1,272.924,0.104446
305,1,272.058,0.104662
304.5,1,271.192,0.104879
304,1,270.326,0.105077
303.5,1,269.46,0.105251
303,1,268.594,0.10544
302.5,1,267.728,0.105628
302,1,266.862,0.105816
301.5,1,265.996,0.106004
301,1,265.13,0.106186
300.5,1,264.263,0.106338
300,1,263.397,0.106489
299.5,1,262.531,0.106639
299,1,261.665,0.106789
298.5,1,260.799,0.106939
298,1,259.933,0.107088
297.5,1,259.067,0.107215
297,1,258.201,0.107336
296.5,1,257.335,0.107456
296,1,256.469,0.107575
295.5,1,255.603,0.107694
295,1,254.737,0.107812
294.5,1,253.871,0.107918
294,1,253.005,0.108013
293.5,1,252.139,0.108106
293,1,251.273,0.1082
292.5,1,250.407,0.108293
292,1,249.541,0.108387
291.5,1,248.675,0.108478
291,1,247.809,0.108553
290.5,1,246.943,0.108629
290,1,246.077,0.108703
289.5,1,245.211,0.108777
289,1,244.345,0.10885
288.5,1,243.479,0.108923
288,1,242.613,0.108982
287.5,1,241.747,0.109039
287,1,240.881,0.109095
286.5,1,240.015,0.109152
286,1,239.149,0.109208
285.5,1,238.283,0.109264
285,1,237.417,0.109313
284.5,1,236.551,0.109357
284,1,235.685,0.1094
283.5,1,234.819,0.109443
283,1,233.953,0.109485
282.5,1,233.087,0.109527
282,1,232.221,0.109566
281.5,1,231.355,0.109598
281,1,230.488,0.109629
280.5,1,229.622,0.10966
280,1,228.756,0.10969
279.5,1,227.89,0.10972
279,1,227.024,0.10975
278.5,1,226.158,0.109773
278,1,225.292,0.109796
277.5,1,224.426,0.109818
277,1,223.56,0.10984
276.5,1,222.694,0.109862
276,1,221.828,0.109883
275.5,1,220.962,0.109901
275,1,220.096,0.109915
274.5,1,219.23,0.10993
274,1,218.364,0.109944
273.5,1,217.498,0.109958
273,1,216.632,0.109972
272.5,1,215.766,0.109984
272,1,214.9,0.109994
271.5,1,214.034,0.110003
271,1,213.168,0.110012
270.5,1,212.302,0.110022
270,1,211.436,0.110031
269.5,1,210.57,0.11004
269,1,209.704,0.110044
268.5,1,208.838,0.110049
268,1,207.972,0.110053
267.5,1,207.106,0.110058
267,1,206.24,0.110062
266.5,1,205.374,0.110066
266,1,204.508,0.110068
265.5,1,203.642,0.11007
265,1,202.776,0.110072
264.5,1,201.91,0.110074
264,1,201.044,0.110075
263.5,1,200.178,0.110077
263,1,199.312,0.110077
262.5,1,198.446,0.110076
262,1,197.58,0.110075
261.5,1,196.714,0.110074
261,1,195.847,0.110072
260.5,1,194.981,0.110071
260,1,194.115,0.11007
259.5,1,193.249,0.110067
259,1,192.383,0.110065
258.5,1,191.517,0.110062
258,1,190.651,0.11006
257.5,1,189.785,0.110057
257,1,188.919,0.110055
256.5,1,188.053,0.110051
256,1,187.187,0.110047
255.5,1,186.321,0.110042
255,1,185.455,0.110038
254.5,1,184.589,0.110034
254,1,183.723,0.11003
253.5,1,182.857,0.110026
253,1,181.991,0.110021
252.5,1,181.125,0.110016
252,1,180.259,0.110012
251.5,1,179.393,0.110007
251,1,178.527,0.110002
250.5,1,177.661,0.109998
250,1,176.795,0.109992
249.5,1,175.929,0.109986
249,1,175.063,0.109981
248.5,1,174.197,0.109975
248,1,173.331,0.10997
247.5,1,172.465,0.109965
247,1,171.599,0.109959
246.5,1,170.733,0.109953
246,1,169.867,0.109948
245.5,1,169.001,0.109942
245,1,168.135,0.109937
244.5,1,167.269,0.109931
244,1,166.403,0.109926
243.5,1,165.537,0.10992
243,1,164.671,0.109914
242.5,1,163.805,0.109908
242,1,162.939,0.109902
241.5,1,162.072,0.109896
241,1,161.206,0.10989
240.5,1,160.34,0.109884
240,1,159.474,0.109878
239.5,1,158.608,0.109872
239,1,157.742,0.109867
238.5,1,156.876,0.109861
238,1,156.01,0.109855
237.5,1,155.144,0.109849
237,1,154.278,0.109844
236.5,1,153.412,0.109838
236,1,152.546,0.109832
235.5,1,151.68,0.109826
235,1,150.814,0.10982
234.5,1,149.948,0.109815
234,1,149.082,0.109809
233.5,1,148.216,0.109803
233,1,147.35,0.109798
232.5,1,146.484,0.109792
232,1,145.618,0.109786
231.5,1,144.752,0.109781
231,1,143.886,0.109775
230.5,1,143.02,0.10977
230,1,142.154,0.109764
229.5,1,141.288,0.109759
229,1,140.422,0.109754
228.5,1,139.556,0.109748
228,1,138.69,0.109743
227.5,1,137.824,0.109737
227,1,136.958,0.109732
226.5,1,136.092,0.109727
226,1,135.226,0.109721
225.5,1,134.36,0.109716
225,1,133.494,0.109711
224.5,1,132.628,0.109705
224,1,131.762,0.1097
223.5,1,130.896,0.109695
223,1,130.03,0.10969
222.5,1,129.164,0.109685
222,1,128.297,0.10968
221.5,1,127.431,0.109674
221,1,126.565,0.109669
220.5,1,125.699,0.109664
220,1,124.833,0.109659
219.5,1,123.967,0.109654
219,1,123.101,0.109649
218.5,1,122.235,0.109645
218,1,121.369,0.10964
217.5,1,120.503,0.109635
217,1,119.637,0.10963
216.5,1,118.771,0.109626
216,1,117.905,0.109621
215.5,1,117.039,0.109616
215,1,116.173,0.109611
214.5,1,115.307,0.109607
214,1,114.441,0.109602
213.5,1,113.575,0.109597
213,1,112.709,0.109592
212.5,1,111.843,0.109587
212,1,110.977,0.109583
211.5,1,110.111,0.109578
211,1,109.245,0.109574
210.5,1,108.379,0.109569
210,1,107.513,0.109565
209.5,1,106.647,0.109561
209,1,105.781,0.109556
208.5,1,104.915,0.109551
208,1,104.049,0.109547
207.5,1,103.183,0.109542
207,1,102.317,0.109537
206.5,1,101.451,0.109533
206,1,100.585,0.109528
205.5,1,99.7187,0.109525
205,1,98.8526,0.109521
204.5,1,97.9866,0.109517
204,1,97.1206,0.109513
203.5,1,96.2546,0.109509
203,1,95.3885,0.109505
202.5,1,94.5225,0.1095
202,1,93.6565,0.109495
201.5,1,92.7905,0.109491
201,1,91.9244,0.109486
200.5,1,91.0584,0.109481
200,1,90.1924,0.109477
