x,y,z,b
500,1,609.808,0.109112
499.5,1,608.942,0.109112
499,1,608.076,0.109112
498.5,1,607.21,0.109112
498,1,606.344,0.109112
497.5,1,605.477,0.109112
497,1,604.611,0.109112
496.5,1,603.745,0.109112
496,1,602.879,0.109112
495.5,1,602.013,0.109112
495,1,601.147,0.109112
494.5,1,600.281,0.109112
494,1,599.415,0.109112
493.5,1,598.549,0.109112
493,1,597.683,0.109112
492.5,1,596.817,0.109112
492,1,595.951,0.109112
491.5,1,595.085,0.109111
491,1,594.219,0.109111
490.5,1,593.353,0.109111
490,1,592.487,0.109111
489.5,1,591.621,0.109111
489,1,590.755,0.109111
488.5,1,589.889,0.109111
488,1,589.023,0.109111
487.5,1,588.157,0.109111
487,1,587.291,0.109111
486.5,1,586.425,0.109111
486,1,585.559,0.109111
485.5,1,584.693,0.109111
485,1,583.827,0.109111
484.5,1,582.961,0.109111
484,1,582.095,0.109111
483.5,1,581.229,0.109111
483,1,580.363,0.109111
482.5,1,579.497,0.109111
482,1,578.631,0.109111
481.5,1,577.765,0.109111
481,1,576.899,0.109111
480.5,1,576.033,0.109111
480,1,575.167,0.109111
479.5,1,574.301,0.109111
479,1,573.435,0.109111
478.5,1,572.569,0.109111
478,1,571.703,0.109111
477.5,1,570.836,0.109111
477,1,569.97,0.109111
476.5,1,569.104,0.10911
476,1,568.238,0.10911
475.5,1,567.372,0.10911
475,1,566.506,0.10911
474.5,1,565.64,0.10911
474,1,564.774,0.10911
473.5,1,563.908,0.10911
473,1,563.042,0.10911
472.5,1,562.176,0.10911
472,1,561.31,0.10911
471.5,1,560.444,0.10911
471,1,559.578,0.10911
470.5,1,558.712,0.10911
470,1,557.846,0.10911
469.5,1,556.98,0.10911
469,1,556.114,0.10911
468.5,1,555.248,0.109109
468,1,554.382,0.109109
467.5,1,553.516,0.109109
467,1,552.65,0.109109
466.5,1,551.784,0.109109
466,1,550.918,0.109109
465.5,1,550.052,0.109109
465,1,549.186,0.109109
464.5,1,548.32,0.109109
464,1,547.454,0.109109
463.5,1,546.588,0.109109
463,1,545.722,0.109108
462.5,1,544.856,0.109108
462,1,543.99,0.109108
461.5,1,543.124,0.109108
461,1,542.258,0.109108
460.5,1,541.392,0.109108
460,1,540.526,0.109108
459.5,1,539.66,0.109108
459,1,538.794,0.109108
458.5,1,537.928,0.109107
458,1,537.061,0.109107
457.5,1,536.195,0.109107
457,1,535.329,0.109107
456.5,1,534.463,0.109107
456,1,533.597,0.109107
455.5,1,532.731,0.109107
455,1,531.865,0.109106
454.5,1,530.999,0.109106
454,1,530.133,0.109106
453.5,1,529.267,0.109106
453,1,528.401,0.109106
452.5,1,527.535,0.109106
452,1,526.669,0.109105
451.5,1,525.803,0.109105
451,1,524.937,0.109105
450.5,1,524.071,0.109105
450,1,523.205,0.109104
449.5,1,522.339,0.109104
449,1,521.473,0.109104
448.5,1,520.607,0.109104
448,1,519.741,0.109104
447.5,1,518.875,0.109103
447,1,518.009,0.109103
446.5,1,517.143,0.109103
446,1,516.277,0.109103
445.5,1,515.411,0.109102
445,1,514.545,0.109102
444.5,1,513.679,0.109102
444,1,512.813,0.109101
443.5,1,511.947,0.109101
443,1,511.081,0.109101
442.5,1,510.215,0.1091
442,1,509.349,0.1091
441.5,1,508.483,0.1091
441,1,507.617,0.109099
440.5,1,506.751,0.109099
440,1,505.885,0.109099
439.5,1,505.019,0.109098
439,1,504.153,0.109098
438.5,1,503.286,0.109097
438,1,502.42,0.109097
437.5,1,501.554,0.109097
437,1,500.688,0.109096
436.5,1,499.822,0.109096
436,1,498.956,0.109095
435.5,1,498.09,0.109095
435,1,497.224,0.109094
434.5,1,496.358,0.109094
434,1,495.492,0.109093
433.5,1,494.626,0.109092
433,1,493.76,0.109092
432.5,1,492.894,0.109091
432,1,492.028,0.109091
431.5,1,491.162,0.10909
431,1,490.296,0.109089
430.5,1,489.43,0.109089
430,1,488.564,0.109088
429.5,1,487.698,0.109087
429,1,486.832,0.109086
428.5,1,485.966,0.109085
428,1,485.1,0.109084
427.5,1,484.234,0.109084
427,1,483.368,0.109083
426.5,1,482.502,0.109082
426,1,481.636,0.109081
425.5,1,480.77,0.10908
425,1,479.904,0.109079
424.5,1,479.038,0.109078
424,1,478.172,0.109077
423.5,1,477.306,0.109075
423,1,476.44,0.109074
422.5,1,475.574,0.109073
422,1,474.708,0.109071
421.5,1,473.842,0.10907
421,1,472.976,0.109069
420.5,1,472.11,0.109067
420,1,471.244,0.109066
419.5,1,470.378,0.109064
419,1,469.512,0.109062
418.5,1,468.645,0.109061
418,1,467.779,0.109059
417.5,1,466.913,0.109057
417,1,466.047,0.109055
416.5,1,465.181,0.109053
416,1,464.315,0.109051
415.5,1,463.449,0.109048
415,1,462.583,0.109046
414.5,1,461.717,0.109044
414,1,460.851,0.109041
413.5,1,459.985,0.109038
413,1,459.119,0.109036
412.5,1,458.253,0.109033
412,1,457.387,0.10903
411.5,1,456.521,0.109027
411,1,455.655,0.109024
410.5,1,454.789,0.10902
410,1,453.923,0.109016
409.5,1,453.057,0.109012
409,1,452.191,0.109008
408.5,1,451.325,0.109004
408,1,450.459,0.109
407.5,1,449.593,0.108995
407,1,448.727,0.10899
406.5,1,447.861,0.108985
406,1,446.995,0.10898
405.5,1,446.129,0.108975
405,1,445.263,0.108969
404.5,1,444.397,0.108963
404,1,443.531,0.108956
403.5,1,442.665,0.108949
403,1,441.799,0.108941
402.5,1,440.933,0.108934
402,1,440.067,0.108927
401.5,1,439.201,0.108918
401,1,438.335,0.108909
400.5,1,437.469,0.108899
400,1,436.603,0.10889
399.5,1,435.737,0.108881
399,1,434.87,0.108871
398.5,1,434.004,0.108858
398,1,433.138,0.108845
397.5,1,432.272,0.108831
397,1,431.406,0.108818
396.5,1,430.54,0.108804
396,1,429.674,0.10879
395.5,1,428.808,0.108774
395,1,427.942,0.108756
394.5,1,427.076,0.108738
394,1,426.21,0.10872
393.5,1,425.344,0.108701
393,1,424.478,0.108682
392.5,1,423.612,0.108661
392,1,422.746,0.108635
391.5,1,421.88,0.108607
391,1,421.014,0.10858
390.5,1,420.148,0.108553
390,1,419.282,0.108526
389.5,1,418.416,0.108499
389,1,417.55,0.108463
388.5,1,416.684,0.108426
388,1,415.818,0.108388
387.5,1,414.952,0.10835
387,1,414.086,0.108311
386.5,1,413.22,0.108272
386,1,412.354,0.108221
385.5,1,411.488,0.108163
385,1,410.622,0.108107
384.5,1,409.756,0.10805
384,1,408.89,0.107993
383.5,1,408.024,0.107935
383,1,407.158,0.107869
382.5,1,406.292,0.107785
382,1,405.426,0.1077
381.5,1,404.56,0.107614
381,1,403.694,0.107526
380.5,1,402.828,0.107437
380,1,401.962,0.107349
379.5,1,401.095,0.107221
379,1,400.229,0.107092
378.5,1,399.363,0.106963
378,1,398.497,0.106833
377.5,1,397.631,0.106702
377,1,396.765,0.10657
376.5,1,395.899,0.106392
376,1,395.033,0.106181
375.5,1,394.167,0.10596
375,1,393.301,0.105729
374.5,1,392.435,0.105503
374,1,391.569,0.10534
373.5,1,390.703,0.10533
373,1,389.837,0.10554
372.5,1,388.971,0.105691
372,1,388.105,0.105783
371.5,1,387.239,0.105817
371,1,386.373,0.105792
370.5,1,385.507,0.105796
370,1,384.641,0.107364
369.5,1,383.775,0.10848
369,1,382.909,0.109312
368.5,1,382.043,0.110276
368,1,381.177,0.111029
367.5,1,380.311,0.11157
367,1,379.445,0.116634
366.5,1,378.579,0.12221
366,1,377.713,0.126402
365.5,1,376.847,0.12921
365,1,375.981,0.130634
364.5,1,375.115,0.130674
364,1,374.249,0.131261
363.5,1,373.383,0.13546
363,1,372.517,0.141036
362.5,1,371.651,0.145531
362,1,370.785,0.148945
361.5,1,369.919,0.151277
361,1,369.053,0.152667
360.5,1,368.187,0.154983
360,1,367.321,0.157627
359.5,1,366.454,0.1606
359,1,365.588,0.163902
358.5,1,364.722,0.167532
358,1,363.856,0.171482
357.5,1,362.99,0.174635
357,1,362.124,0.177385
356.5,1,361.258,0.179863
356,1,360.392,0.182068
355.5,1,359.526,0.184
355,1,358.66,0.185661
354.5,1,357.794,0.191946
354,1,356.928,0.205545
353.5,1,356.062,0.221737
353,1,355.196,0.240524
352.5,1,354.33,0.254115
352,1,353.464,0.256038
351.5,1,352.598,0.245925
351,1,351.732,0.197316
350.5,1,350.866,0.152577
350,1,350,0.111708
349.5,1,349.134,0.0747069
349,1,348.268,0.0415755
348.5,1,347.402,0.0123133
348,1,346.536,0.0149983
347.5,1,345.67,0.0261478
347,1,344.804,0.0445714
346.5,1,343.938,0.0651975
346,1,343.072,0.0829955
345.5,1,342.206,0.0979655
345,1,341.34,0.103503
344.5,1,340.474,0.102754
344,1,339.608,0.102383
343.5,1,338.742,0.102392
343,1,337.876,0.102779
342.5,1,337.01,0.103544
342,1,336.144,0.104832
341.5,1,335.278,0.105918
341,1,334.412,0.106526
340.5,1,333.546,0.107183
340,1,332.679,0.107888
339.5,1,331.813,0.108643
339,1,330.947,0.109446
338.5,1,330.081,0.109575
338,1,329.215,0.109606
337.5,1,328.349,0.109618
337,1,327.483,0.10961
336.5,1,326.617,0.109582
336,1,325.751,0.109605
335.5,1,324.885,0.109791
335,1,324.019,0.110052
334.5,1,323.153,0.110293
334,1,322.287,0.110512
333.5,1,321.421,0.110711
333,1,320.555,0.11089
332.5,1,319.689,0.111002
332,1,318.823,0.110977
331.5,1,317.957,0.110947
331,1,317.091,0.110911
330.5,1,316.225,0.110857
330,1,315.359,0.110801
329.5,1,314.493,0.110749
329,1,313.627,0.110723
328.5,1,312.761,0.110696
328,1,311.895,0.110666
327.5,1,311.029,0.110634
327,1,310.163,0.110598
326.5,1,309.297,0.11056
326,1,308.431,0.110511
325.5,1,307.565,0.110459
325,1,306.699,0.110413
324.5,1,305.833,0.110369
324,1,304.967,0.110324
323.5,1,304.101,0.110278
323,1,303.235,0.110233
322.5,1,302.369,0.110193
322,1,301.503,0.110155
321.5,1,300.637,0.110118
321,1,299.771,0.110083
320.5,1,298.905,0.110049
320,1,298.038,0.110017
319.5,1,297.172,0.109981
319,1,296.306,0.109946
318.5,1,295.44,0.109912
318,1,294.574,0.109879
317.5,1,293.708,0.109847
317,1,292.842,0.109817
316.5,1,291.976,0.10979
316,1,291.11,0.109765
315.5,1,290.244,0.10974
315,1,289.378,0.109716
314.5,1,288.512,0.109692
314,1,287.646,0.109669
313.5,1,286.78,0.109647
313,1,285.914,0.109628
312.5,1,285.048,0.109608
312,1,284.182,0.109589
311.5,1,283.316,0.109571
311,1,282.45,0.109553
310.5,1,281.584,0.109535
310,1,280.718,0.10952
309.5,1,279.852,0.109505
309,1,278.986,0.109491
308.5,1,278.12,0.109477
308,1,277.254,0.109463
307.5,1,276.388,0.10945
307,1,275.522,0.109438
306.5,1,274.656,0.109427
306,1,273.79,0.109416
305.5,1,272.924,0.109405
305,1,272.058,0.109395
304.5,1,271.192,0.109385
304,1,270.326,0.109375
303.5,1,269.46,0.109367
303,1,268.594,0.109358
302.5,1,267.728,0.10935
302,1,266.862,0.109342
301.5,1,265.996,0.109334
301,1,265.13,0.109326
300.5,1,264.263,0.10932
300,1,263.397,0.109314
299.5,1,262.531,0.109307
299,1,261.665,0.109301
298.5,1,260.799,0.109295
298,1,259.933,0.10929
297.5,1,259.067,0.109284
297,1,258.201,0.109279
296.5,1,257.335,0.109274
296,1,256.469,0.10927
295.5,1,255.603,0.109265
295,1,254.737,0.10926
294.5,1,253.871,0.109256
294,1,253.005,0.109252
293.5,1,252.139,0.109248
293,1,251.273,0.109244
292.5,1,250.407,0.109241
292,1,249.541,0.109237
291.5,1,248.675,0.109234
291,1,247.809,0.10923
290.5,1,246.943,0.109227
290,1,246.077,0.109224
289.5,1,245.211,0.109221
289,1,244.345,0.109218
288.5,1,243.479,0.109215
288,1,242.613,0.109212
287.5,1,241.747,0.10921
287,1,240.881,0.109207
286.5,1,240.015,0.109205
286,1,239.149,0.109203
285.5,1,238.283,0.1092
285,1,237.417,0.109198
284.5,1,236.551,0.109196
284,1,235.685,0.109194
283.5,1,234.819,0.109192
283,1,233.953,0.10919
282.5,1,233.087,0.109188
282,1,232.221,0.109186
281.5,1,231.355,0.109184
281,1,230.488,0.109182
280.5,1,229.622,0.10918
280,1,228.756,0.109179
279.5,1,227.89,0.109177
279,1,227.024,0.109176
278.5,1,226.158,0.109174
278,1,225.292,0.109173
277.5,1,224.426,0.109171
277,1,223.56,0.10917
276.5,1,222.694,0.109168
276,1,221.828,0.109167
275.5,1,220.962,0.109166
275,1,220.096,0.109164
274.5,1,219.23,0.109163
274,1,218.364,0.109162
273.5,1,217.498,0.109161
273,1,216.632,0.10916
272.5,1,215.766,0.109159
272,1,214.9,0.109158
271.5,1,214.034,0.109157
271,1,213.168,0.109156
270.5,1,212.302,0.109155
270,1,211.436,0.109154
269.5,1,210.57,0.109153
269,1,209.704,0.109152
268.5,1,208.838,0.109151
268,1,207.972,0.10915
267.5,1,207.106,0.10915
267,1,206.24,0.109149
266.5,1,205.374,0.109148
266,1,204.508,0.109147
265.5,1,203.642,0.109146
265,1,202.776,0.109146
264.5,1,201.91,0.109145
264,1,201.044,0.109144
263.5,1,200.178,0.109144
263,1,199.312,0.109143
262.5,1,198.446,0.109142
262,1,197.58,0.109142
261.5,1,196.714,0.109141
261,1,195.847,0.109141
260.5,1,194.981,0.10914
260,1,194.115,0.10914
259.5,1,193.249,0.109139
259,1,192.383,0.109139
258.5,1,191.517,0.109138
258,1,190.651,0.109138
257.5,1,189.785,0.109137
257,1,188.919,0.109137
256.5,1,188.053,0.109136
256,1,187.187,0.109136
255.5,1,186.321,0.109135
255,1,185.455,0.109135
254.5,1,184.589,0.109134
254,1,183.723,0.109134
253.5,1,182.857,0.109134
253,1,181.991,0.109133
252.5,1,181.125,0.109133
252,1,180.259,0.109132
251.5,1,179.393,0.109132
251,1,178.527,0.109132
250.5,1,177.661,0.109131
250,1,176.795,0.109131
249.5,1,175.929,0.109131
249,1,175.063,0.109131
248.5,1,174.197,0.10913
248,1,173.331,0.10913
247.5,1,172.465,0.10913
247,1,171.599,0.10913
246.5,1,170.733,0.109129
246,1,169.867,0.109129
245.5,1,169.001,0.109129
245,1,168.135,0.109128
244.5,1,167.269,0.109128
244,1,166.403,0.109128
243.5,1,165.537,0.109128
243,1,164.671,0.109127
242.5,1,163.805,0.109127
242,1,162.939,0.109127
241.5,1,162.072,0.109127
241,1,161.206,0.109127
240.5,1,160.34,0.109126
240,1,159.474,0.109126
239.5,1,158.608,0.109126
239,1,157.742,0.109126
238.5,1,156.876,0.109125
238,1,156.01,0.109125
237.5,1,155.144,0.109125
237,1,154.278,0.109125
236.5,1,153.412,0.109125
236,1,152.546,0.109124
235.5,1,151.68,0.109124
235,1,150.814,0.109124
234.5,1,149.948,0.109124
234,1,149.082,0.109124
233.5,1,148.216,0.109124
233,1,147.35,0.109123
232.5,1,146.484,0.109123
232,1,145.618,0.109123
231.5,1,144.752,0.109123
231,1,143.886,0.109123
230.5,1,143.02,0.109123
230,1,142.154,0.109122
229.5,1,141.288,0.109122
229,1,140.422,0.109122
228.5,1,139.556,0.109122
228,1,138.69,0.109122
227.5,1,137.824,0.109122
227,1,136.958,0.109122
226.5,1,136.092,0.109121
226,1,135.226,0.109121
225.5,1,134.36,0.109121
225,1,133.494,0.109121
224.5,1,132.628,0.109121
224,1,131.762,0.109121
223.5,1,130.896,0.109121
223,1,130.03,0.109121
222.5,1,129.164,0.10912
222,1,128.297,0.10912
221.5,1,127.431,0.10912
221,1,126.565,0.10912
220.5,1,125.699,0.10912
220,1,124.833,0.10912
219.5,1,123.967,0.10912
219,1,123.101,0.10912
218.5,1,122.235,0.10912
218,1,121.369,0.10912
217.5,1,120.503,0.10912
217,1,119.637,0.10912
216.5,1,118.771,0.109119
216,1,117.905,0.109119
215.5,1,117.039,0.109119
215,1,116.173,0.109119
214.5,1,115.307,0.109119
214,1,114.441,0.109119
213.5,1,113.575,0.109119
213,1,112.709,0.109119
212.5,1,111.843,0.109119
212,1,110.977,0.109119
211.5,1,110.111,0.109119
211,1,109.245,0.109119
210.5,1,108.379,0.109119
210,1,107.513,0.109118
209.5,1,106.647,0.109118
209,1,105.781,0.109118
208.5,1,104.915,0.109118
208,1,104.049,0.109118
207.5,1,103.183,0.109118
207,1,102.317,0.109118
206.5,1,101.451,0.109118
206,1,100.585,0.109118
205.5,1,99.7187,0.109118
205,1,98.8526,0.109118
204.5,1,97.9866,0.109118
204,1,97.1206,0.109118
203.5,1,96.2546,0.109118
203,1,95.3885,0.109118
202.5,1,94.5225,0.109117
202,1,93.6565,0.109117
201.5,1,92.7905,0.109117
201,1,91.9244,0.109117
200.5,1,91.0584,0.109117
200,1,90.1924,0.109117
