x,y,z,b
500,1,609.808,0.106003
499.5,1,608.942,0.105955
499,1,608.076,0.105907
498.5,1,607.21,0.105858
498,1,606.344,0.105809
497.5,1,605.477,0.10576
497,1,604.611,0.10571
496.5,1,603.745,0.10566
496,1,602.879,0.105609
495.5,1,602.013,0.105557
495,1,601.147,0.105505
494.5,1,600.281,0.105452
494,1,599.415,0.105399
493.5,1,598.549,0.105346
493,1,597.683,0.105294
492.5,1,596.817,0.105242
492,1,595.951,0.10519
491.5,1,595.085,0.105138
491,1,594.219,0.105086
490.5,1,593.353,0.105033
490,1,592.487,0.104987
489.5,1,591.621,0.104941
489,1,590.755,0.104895
488.5,1,589.889,0.104849
488,1,589.023,0.104803
487.5,1,588.157,0.104757
487,1,587.291,0.104722
486.5,1,586.425,0.104691
486,1,585.559,0.104662
485.5,1,584.693,0.104632
485,1,583.827,0.104603
484.5,1,582.961,0.104575
484,1,582.095,0.104554
483.5,1,581.229,0.104548
483,1,580.363,0.104542
482.5,1,579.497,0.104538
482,1,578.631,0.104534
481.5,1,577.765,0.104531
481,1,576.899,0.104531
480.5,1,576.033,0.104555
480,1,575.167,0.104582
479.5,1,574.301,0.10461
479,1,573.435,0.104639
478.5,1,572.569,0.10467
478,1,571.703,0.104706
477.5,1,570.836,0.10477
477,1,569.97,0.104846
476.5,1,569.104,0.104925
476,1,568.238,0.105007
475.5,1,567.372,0.105092
475,1,566.506,0.105181
474.5,1,565.64,0.105293
474,1,564.774,0.105438
473.5,1,563.908,0.105587
473,1,563.042,0.105743
472.5,1,562.176,0.105912
472,1,561.31,0.106088
471.5,1,560.444,0.106277
471,1,559.578,0.106529
470.5,1,558.712,0.10679
470,1,557.846,0.107061
469.5,1,556.98,0.10734
469,1,556.114,0.107629
468.5,1,555.248,0.107928
468,1,554.382,0.108301
467.5,1,553.516,0.108708
467,1,552.65,0.109158
466.5,1,551.784,0.109626
466,1,550.918,0.110112
465.5,1,550.052,0.110616
465,1,549.186,0.111191
464.5,1,548.32,0.111844
464,1,547.454,0.112522
463.5,1,546.588,0.113224
463,1,545.722,0.11395
462.5,1,544.856,0.114702
462,1,543.99,0.115519
461.5,1,543.124,0.116547
461,1,542.258,0.117619
460.5,1,541.392,0.118734
460,1,540.526,0.119893
459.5,1,539.66,0.121095
459,1,538.794,0.122342
458.5,1,537.928,0.123725
458,1,537.061,0.125167
457.5,1,536.195,0.12665
457,1,535.329,0.128175
456.5,1,534.463,0.129766
456,1,533.597,0.131453
455.5,1,532.731,0.133111
455,1,531.865,0.134727
454.5,1,530.999,0.136345
454,1,530.133,0.137963
453.5,1,529.267,0.139584
453,1,528.401,0.141205
452.5,1,527.535,0.142789
452,1,526.669,0.144243
451.5,1,525.803,0.145693
451,1,524.937,0.147118
450.5,1,524.071,0.148498
450,1,523.205,0.149878
449.5,1,522.339,0.151259
449,1,521.473,0.152589
448.5,1,520.607,0.153938
448,1,519.741,0.15531
447.5,1,518.875,0.156707
447,1,518.009,0.158129
446.5,1,517.143,0.159574
446,1,516.277,0.160953
445.5,1,515.411,0.16224
445,1,514.545,0.163454
444.5,1,513.679,0.164661
444,1,512.813,0.165863
443.5,1,511.947,0.167058
443,1,511.081,0.168162
442.5,1,510.215,0.169033
442,1,509.349,0.169883
441.5,1,508.483,0.170711
441,1,507.617,0.171517
440.5,1,506.751,0.172301
440,1,505.885,0.172945
439.5,1,505.019,0.173221
439,1,504.153,0.173503
438.5,1,503.286,0.173796
438,1,502.42,0.174101
437.5,1,501.554,0.174418
437,1,500.688,0.174747
436.5,1,499.822,0.175051
436,1,498.956,0.175338
435.5,1,498.09,0.175627
435,1,497.224,0.175918
434.5,1,496.358,0.175951
434,1,495.492,0.175744
433.5,1,494.626,0.175592
433,1,493.76,0.175578
432.5,1,492.894,0.175578
432,1,492.028,0.175592
431.5,1,491.162,0.175621
431,1,490.296,0.175664
430.5,1,489.43,0.175727
430,1,488.564,0.175973
429.5,1,487.698,0.176217
429,1,486.832,0.17623
428.5,1,485.966,0.176108
428,1,485.1,0.176014
427.5,1,484.234,0.175949
427,1,483.368,0.176326
426.5,1,482.502,0.176966
426,1,481.636,0.177711
425.5,1,480.77,0.178562
425,1,479.904,0.179518
424.5,1,479.038,0.18058
424,1,478.172,0.182089
423.5,1,477.306,0.183663
423,1,476.44,0.184916
422.5,1,475.574,0.186116
422,1,474.708,0.187262
421.5,1,473.842,0.188354
421,1,472.976,0.189405
420.5,1,472.11,0.190571
420,1,471.244,0.191749
419.5,1,470.378,0.192939
419,1,469.512,0.194142
418.5,1,468.645,0.195356
418,1,467.779,0.195599
417.5,1,466.913,0.195196
417,1,466.047,0.19477
416.5,1,465.181,0.194383
416,1,464.315,0.194035
415.5,1,463.449,0.193727
415,1,462.583,0.193457
414.5,1,461.717,0.193236
414,1,460.851,0.193212
413.5,1,459.985,0.193428
413,1,459.119,0.193885
412.5,1,458.253,0.194184
412,1,457.387,0.194399
411.5,1,456.521,0.194431
411,1,455.655,0.193289
410.5,1,454.789,0.192105
410,1,453.923,0.190881
409.5,1,453.057,0.189615
409,1,452.191,0.188308
408.5,1,451.325,0.186961
408,1,450.459,0.183365
407.5,1,449.593,0.179481
407,1,448.727,0.175904
406.5,1,447.861,0.172661
406,1,446.995,0.169742
405.5,1,446.129,0.167148
405,1,445.263,0.165105
404.5,1,444.397,0.163549
404,1,443.531,0.16224
403.5,1,442.665,0.161181
403,1,441.799,0.16037
402.5,1,440.933,0.159808
402,1,440.067,0.159711
401.5,1,439.201,0.160997
401,1,438.335,0.16239
400.5,1,437.469,0.163856
400,1,436.603,0.165396
399.5,1,435.737,0.167008
399,1,434.87,0.168695
398.5,1,434.004,0.170853
398,1,433.138,0.173077
397.5,1,432.272,0.175306
397,1,431.406,0.177541
396.5,1,430.54,0.179783
396,1,429.674,0.182016
395.5,1,428.808,0.183862
395,1,427.942,0.185428
394.5,1,427.076,0.187004
394,1,426.21,0.18859
393.5,1,425.344,0.190186
393,1,424.478,0.191792
392.5,1,423.612,0.192993
392,1,422.746,0.192914
391.5,1,421.88,0.192783
391,1,421.014,0.192592
390.5,1,420.148,0.192061
390,1,419.282,0.191358
389.5,1,418.416,0.190484
389,1,417.55,0.190592
388.5,1,416.684,0.190344
388,1,415.818,0.189652
387.5,1,414.952,0.188513
387,1,414.086,0.186929
386.5,1,413.22,0.1849
386,1,412.354,0.18116
385.5,1,411.488,0.177005
385,1,410.622,0.173893
384.5,1,409.756,0.171115
384,1,408.89,0.168672
383.5,1,408.024,0.166564
383,1,407.158,0.165317
382.5,1,406.292,0.165599
382,1,405.426,0.166202
381.5,1,404.56,0.167127
381,1,403.694,0.168373
380.5,1,402.828,0.169942
380,1,401.962,0.171787
379.5,1,401.095,0.173479
379,1,400.229,0.174995
378.5,1,399.363,0.176336
378,1,398.497,0.177501
377.5,1,397.631,0.178491
377,1,396.765,0.179305
376.5,1,395.899,0.17931
376,1,395.033,0.178867
375.5,1,394.167,0.178286
375,1,393.301,0.177567
374.5,1,392.435,0.176863
374,1,391.569,0.176619
373.5,1,390.703,0.1757
373,1,389.837,0.173496
372.5,1,388.971,0.171061
372,1,388.105,0.168394
371.5,1,387.239,0.165496
371,1,386.373,0.162366
370.5,1,385.507,0.159074
370,1,384.641,0.156997
369.5,1,383.775,0.154713
369,1,382.909,0.15265
368.5,1,382.043,0.151429
368,1,381.177,0.149937
367.5,1,380.311,0.148172
367,1,379.445,0.147648
366.5,1,378.579,0.147528
366,1,377.713,0.147274
365.5,1,376.847,0.146887
365,1,375.981,0.146367
364.5,1,375.115,0.145713
364,1,374.249,0.146689
363.5,1,373.383,0.150992
363,1,372.517,0.156652
362.5,1,371.651,0.162334
362,1,370.785,0.168037
361.5,1,369.919,0.173761
361,1,369.053,0.179492
360.5,1,368.187,0.185309
360,1,367.321,0.191489
359.5,1,366.454,0.198031
359,1,365.588,0.204936
358.5,1,364.722,0.212204
358,1,363.856,0.219286
357.5,1,362.99,0.22028
357,1,362.124,0.220769
356.5,1,361.258,0.222321
356,1,360.392,0.224935
355.5,1,359.526,0.228611
355,1,358.66,0.23335
354.5,1,357.794,0.242253
354,1,356.928,0.257957
353.5,1,356.062,0.277813
353,1,355.196,0.301821
352.5,1,354.33,0.321505
352,1,353.464,0.331475
351.5,1,352.598,0.332956
351,1,351.732,0.300729
350.5,1,350.866,0.274703
350,1,350,0.254878
349.5,1,349.134,0.241253
349,1,348.268,0.233829
348.5,1,347.402,0.232605
348,1,346.536,0.24806
347.5,1,345.67,0.263464
347,1,344.804,0.269863
346.5,1,343.938,0.270453
346,1,343.072,0.27154
345.5,1,342.206,0.273125
345,1,341.34,0.275216
344.5,1,340.474,0.277714
344,1,339.608,0.280583
343.5,1,338.742,0.283821
343,1,337.876,0.28743
342.5,1,337.01,0.291408
342,1,336.144,0.295144
341.5,1,335.278,0.297965
341,1,334.412,0.301589
340.5,1,333.546,0.305137
340,1,332.679,0.30861
339.5,1,331.813,0.312006
339,1,330.947,0.315327
338.5,1,330.081,0.31783
338,1,329.215,0.319954
337.5,1,328.349,0.321773
337,1,327.483,0.323285
336.5,1,326.617,0.324492
336,1,325.751,0.325847
335.5,1,324.885,0.327587
335,1,324.019,0.329386
334.5,1,323.153,0.331166
334,1,322.287,0.332927
333.5,1,321.421,0.33467
333,1,320.555,0.336393
332.5,1,319.689,0.33809
332,1,318.823,0.339588
331.5,1,317.957,0.340818
331,1,317.091,0.34178
330.5,1,316.225,0.342197
330,1,315.359,0.342642
329.5,1,314.493,0.343289
329,1,313.627,0.343989
328.5,1,312.761,0.344675
328,1,311.895,0.345349
327.5,1,311.029,0.346013
327,1,310.163,0.346665
326.5,1,309.297,0.347306
326,1,308.431,0.347449
325.5,1,307.565,0.34719
325,1,306.699,0.346304
324.5,1,305.833,0.345321
324,1,304.967,0.344397
323.5,1,304.101,0.343531
323,1,303.235,0.342426
322.5,1,302.369,0.340659
322,1,301.503,0.338801
321.5,1,300.637,0.336851
321,1,299.771,0.334809
320.5,1,298.905,0.332676
320,1,298.038,0.330428
319.5,1,297.172,0.32539
319,1,296.306,0.320093
318.5,1,295.44,0.314594
318,1,294.574,0.308894
317.5,1,293.708,0.302993
317,1,292.842,0.29689
316.5,1,291.976,0.2845
316,1,291.11,0.269119
315.5,1,290.244,0.253396
315,1,289.378,0.237332
314.5,1,288.512,0.220926
314,1,287.646,0.20283
313.5,1,286.78,0.185993
313,1,285.914,0.172639
312.5,1,285.048,0.160049
312,1,284.182,0.148226
311.5,1,283.316,0.137168
311,1,282.45,0.126875
310.5,1,281.584,0.117751
310,1,280.718,0.114822
309.5,1,279.852,0.112043
309,1,278.986,0.109416
308.5,1,278.12,0.10716
308,1,277.254,0.104984
307.5,1,276.388,0.10288
307,1,275.522,0.10193
306.5,1,274.656,0.101328
306,1,273.79,0.100702
305.5,1,272.924,0.100051
305,1,272.058,0.0993767
304.5,1,271.192,0.0986777
304,1,270.326,0.0982513
303.5,1,269.46,0.0981955
303,1,268.594,0.0981551
302.5,1,267.728,0.0980993
302,1,266.862,0.098028
301.5,1,265.996,0.0979413
301,1,265.13,0.0978819
300.5,1,264.263,0.0981188
300,1,263.397,0.098343
299.5,1,262.531,0.0985544
299,1,261.665,0.0987531
298.5,1,260.799,0.098939
298,1,259.933,0.0991133
297.5,1,259.067,0.0994295
297,1,258.201,0.0997768
296.5,1,257.335,0.100122
296,1,256.469,0.100464
295.5,1,255.603,0.100805
295,1,254.737,0.101142
294.5,1,253.871,0.101438
294,1,253.005,0.101693
293.5,1,252.139,0.101948
293,1,251.273,0.102204
292.5,1,250.407,0.102461
292,1,249.541,0.102725
291.5,1,248.675,0.102978
291,1,247.809,0.103189
290.5,1,246.943,0.103398
290,1,246.077,0.103608
289.5,1,245.211,0.103816
289,1,244.345,0.104024
288.5,1,243.479,0.104231
288,1,242.613,0.104411
287.5,1,241.747,0.104586
287,1,240.881,0.104762
286.5,1,240.015,0.10494
286,1,239.149,0.105118
285.5,1,238.283,0.105295
285,1,237.417,0.105456
284.5,1,236.551,0.105603
284,1,235.685,0.10575
283.5,1,234.819,0.105896
283,1,233.953,0.106041
282.5,1,233.087,0.106185
282,1,232.221,0.106323
281.5,1,231.355,0.106442
281,1,230.488,0.106562
280.5,1,229.622,0.106682
280,1,228.756,0.1068
279.5,1,227.89,0.106918
279,1,227.024,0.107035
278.5,1,226.158,0.107132
278,1,225.292,0.107227
277.5,1,224.426,0.107322
277,1,223.56,0.107416
276.5,1,222.694,0.107509
276,1,221.828,0.107602
275.5,1,220.962,0.107686
275,1,220.096,0.107762
274.5,1,219.23,0.107839
274,1,218.364,0.107914
273.5,1,217.498,0.10799
273,1,216.632,0.108064
272.5,1,215.766,0.108134
272,1,214.9,0.108195
271.5,1,214.034,0.108256
271,1,213.168,0.108316
270.5,1,212.302,0.108376
270,1,211.436,0.108435
269.5,1,210.57,0.108495
269,1,209.704,0.108543
268.5,1,208.838,0.10859
268,1,207.972,0.108637
267.5,1,207.106,0.108684
267,1,206.24,0.10873
266.5,1,205.374,0.108776
266,1,204.508,0.108816
265.5,1,203.642,0.108853
265,1,202.776,0.108891
264.5,1,201.91,0.108928
264,1,201.044,0.108965
263.5,1,200.178,0.109001
263,1,199.312,0.109035
262.5,1,198.446,0.109064
262,1,197.58,0.109093
261.5,1,196.714,0.109121
261,1,195.847,0.109149
260.5,1,194.981,0.109177
260,1,194.115,0.109204
259.5,1,193.249,0.109227
259,1,192.383,0.109249
258.5,1,191.517,0.109271
258,1,190.651,0.109293
257.5,1,189.785,0.109315
257,1,188.919,0.109337
256.5,1,188.053,0.109354
256,1,187.187,0.109371
255.5,1,186.321,0.109387
255,1,185.455,0.109403
254.5,1,184.589,0.109418
254,1,183.723,0.109434
253.5,1,182.857,0.109449
253,1,181.991,0.109461
252.5,1,181.125,0.109474
252,1,180.259,0.109487
251.5,1,179.393,0.109499
251,1,178.527,0.109511
250.5,1,177.661,0.109523
250,1,176.795,0.109532
249.5,1,175.929,0.10954
249,1,175.063,0.109549
248.5,1,174.197,0.109557
248,1,173.331,0.109565
247.5,1,172.465,0.109574
247,1,171.599,0.109581
246.5,1,170.733,0.109587
246,1,169.867,0.109593
245.5,1,169.001,0.1096
245,1,168.135,0.109606
244.5,1,167.269,0.109612
244,1,166.403,0.109617
243.5,1,165.537,0.10962
243,1,164.671,0.109624
242.5,1,163.805,0.109628
242,1,162.939,0.109631
241.5,1,162.072,0.109634
241,1,161.206,0.109638
240.5,1,160.34,0.10964
240,1,159.474,0.109643
239.5,1,158.608,0.109645
239,1,157.742,0.109647
238.5,1,156.876,0.10965
238,1,156.01,0.109652
237.5,1,155.144,0.109653
237,1,154.278,0.109653
236.5,1,153.412,0.109654
236,1,152.546,0.109655
235.5,1,151.68,0.109655
235,1,150.814,0.109656
234.5,1,149.948,0.109656
234,1,149.082,0.109656
233.5,1,148.216,0.109656
233,1,147.35,0.109656
232.5,1,146.484,0.109656
232,1,145.618,0.109656
231.5,1,144.752,0.109655
231,1,143.886,0.109654
230.5,1,143.02,0.109653
230,1,142.154,0.109652
229.5,1,141.288,0.10965
229,1,140.422,0.109649
228.5,1,139.556,0.109648
228,1,138.69,0.109646
227.5,1,137.824,0.109644
227,1,136.958,0.109643
226.5,1,136.092,0.109641
226,1,135.226,0.10964
225.5,1,134.36,0.109638
225,1,133.494,0.109636
224.5,1,132.628,0.109633
224,1,131.762,0.109631
223.5,1,130.896,0.109629
223,1,130.03,0.109626
222.5,1,129.164,0.109624
222,1,128.297,0.109621
221.5,1,127.431,0.109619
221,1,126.565,0.109616
220.5,1,125.699,0.109613
220,1,124.833,0.109611
219.5,1,123.967,0.109608
219,1,123.101,0.109606
218.5,1,122.235,0.109603
218,1,121.369,0.109599
217.5,1,120.503,0.109596
217,1,119.637,0.109593
216.5,1,118.771,0.10959
216,1,117.905,0.109587
215.5,1,117.039,0.109584
215,1,116.173,0.109581
214.5,1,115.307,0.109578
214,1,114.441,0.109574
213.5,1,113.575,0.109571
213,1,112.709,0.109568
212.5,1,111.843,0.109565
212,1,110.977,0.109561
211.5,1,110.111,0.109558
211,1,109.245,0.109554
210.5,1,108.379,0.109551
210,1,107.513,0.109547
209.5,1,106.647,0.109544
209,1,105.781,0.10954
208.5,1,104.915,0.109536
208,1,104.049,0.109533
207.5,1,103.183,0.109529
207,1,102.317,0.109525
206.5,1,101.451,0.109522
206,1,100.585,0.109518
205.5,1,99.7187,0.109515
205,1,98.8526,0.109512
204.5,1,97.9866,0.109508
204,1,97.1206,0.109505
203.5,1,96.2546,0.109502
203,1,95.3885,0.109498
202.5,1,94.5225,0.109494
202,1,93.6565,0.10949
201.5,1,92.7905,0.109485
201,1,91.9244,0.109481
200.5,1,91.0584,0.109477
200,1,90.1924,0.109473
