x,y,z,b
500,1,609.808,0.11028
499.5,1,608.942,0.110405
499,1,608.076,0.110535
498.5,1,607.21,0.110667
498,1,606.344,0.110801
497.5,1,605.477,0.110938
497,1,604.611,0.111078
496.5,1,603.745,0.111289
496,1,602.879,0.111543
495.5,1,602.013,0.111801
495,1,601.147,0.112064
494.5,1,600.281,0.112327
494,1,599.415,0.112592
493.5,1,598.549,0.112894
493,1,597.683,0.11327
492.5,1,596.817,0.11365
492,1,595.951,0.114034
491.5,1,595.085,0.114422
491,1,594.219,0.114813
490.5,1,593.353,0.115209
490,1,592.487,0.115719
489.5,1,591.621,0.116233
489,1,590.755,0.116741
488.5,1,589.889,0.11725
488,1,589.023,0.117763
487.5,1,588.157,0.11828
487,1,587.291,0.118863
486.5,1,586.425,0.119476
486,1,585.559,0.120093
485.5,1,584.693,0.120711
485,1,583.827,0.121332
484.5,1,582.961,0.121955
484,1,582.095,0.122609
483.5,1,581.229,0.123285
483,1,580.363,0.123962
482.5,1,579.497,0.124638
482,1,578.631,0.125316
481.5,1,577.765,0.125994
481,1,576.899,0.126674
480.5,1,576.033,0.127386
480,1,575.167,0.128099
479.5,1,574.301,0.128813
479,1,573.435,0.129528
478.5,1,572.569,0.130244
478,1,571.703,0.130933
477.5,1,570.836,0.131642
477,1,569.97,0.132358
476.5,1,569.104,0.133074
476,1,568.238,0.133789
475.5,1,567.372,0.134503
475,1,566.506,0.135217
474.5,1,565.64,0.135943
474,1,564.774,0.136684
473.5,1,563.908,0.137425
473,1,563.042,0.138158
472.5,1,562.176,0.138829
472,1,561.31,0.139495
471.5,1,560.444,0.140153
471,1,559.578,0.140804
470.5,1,558.712,0.141449
470,1,557.846,0.142086
469.5,1,556.98,0.142716
469,1,556.114,0.143339
468.5,1,555.248,0.143955
468,1,554.382,0.144495
467.5,1,553.516,0.145007
467,1,552.65,0.14547
466.5,1,551.784,0.14593
466,1,550.918,0.146385
465.5,1,550.052,0.146837
465,1,549.186,0.147239
464.5,1,548.32,0.147594
464,1,547.454,0.147951
463.5,1,546.588,0.148309
463,1,545.722,0.148668
462.5,1,544.856,0.14903
462,1,543.99,0.149368
461.5,1,543.124,0.149601
461,1,542.258,0.149836
460.5,1,541.392,0.150073
460,1,540.526,0.150311
459.5,1,539.66,0.150551
459,1,538.794,0.150792
458.5,1,537.928,0.151037
458,1,537.061,0.151277
457.5,1,536.195,0.151512
457,1,535.329,0.15174
456.5,1,534.463,0.151954
456,1,533.597,0.152141
455.5,1,532.731,0.152354
455,1,531.865,0.152584
454.5,1,530.999,0.152804
454,1,530.133,0.153014
453.5,1,529.267,0.153214
453,1,528.401,0.153405
452.5,1,527.535,0.153582
452,1,526.669,0.153731
451.5,1,525.803,0.153858
451,1,524.937,0.153966
450.5,1,524.071,0.154067
450,1,523.205,0.15416
449.5,1,522.339,0.154247
449,1,521.473,0.154341
448.5,1,520.607,0.154421
448,1,519.741,0.154484
447.5,1,518.875,0.15453
447,1,518.009,0.154559
446.5,1,517.143,0.154572
446,1,516.277,0.154508
445.5,1,515.411,0.154424
445,1,514.545,0.154358
444.5,1,513.679,0.154301
444,1,512.813,0.154251
443.5,1,511.947,0.154209
443,1,511.081,0.154159
442.5,1,510.215,0.154078
442,1,509.349,0.154014
441.5,1,508.483,0.153966
441,1,507.617,0.153934
440.5,1,506.751,0.153918
440,1,505.885,0.15389
439.5,1,505.019,0.153837
439,1,504.153,0.153791
438.5,1,503.286,0.153753
438,1,502.42,0.153723
437.5,1,501.554,0.153701
437,1,500.688,0.153686
436.5,1,499.822,0.153661
436,1,498.956,0.153646
435.5,1,498.09,0.153652
435,1,497.224,0.153678
434.5,1,496.358,0.153777
434,1,495.492,0.153929
433.5,1,494.626,0.154086
433,1,493.76,0.154252
432.5,1,492.894,0.154435
432,1,492.028,0.154636
431.5,1,491.162,0.154854
431,1,490.296,0.155089
430.5,1,489.43,0.155341
430,1,488.564,0.155635
429.5,1,487.698,0.155967
429,1,486.832,0.156456
428.5,1,485.966,0.157052
428,1,485.1,0.157671
427.5,1,484.234,0.158311
427,1,483.368,0.158919
426.5,1,482.502,0.159531
426,1,481.636,0.160168
425.5,1,480.77,0.16083
425,1,479.904,0.161516
424.5,1,479.038,0.162228
424,1,478.172,0.162935
423.5,1,477.306,0.163731
423,1,476.44,0.164582
422.5,1,475.574,0.165427
422,1,474.708,0.166267
421.5,1,473.842,0.1671
421,1,472.976,0.167898
420.5,1,472.11,0.168357
420,1,471.244,0.168819
419.5,1,470.378,0.169285
419,1,469.512,0.169753
418.5,1,468.645,0.170224
418,1,467.779,0.17057
417.5,1,466.913,0.170781
417,1,466.047,0.170963
416.5,1,465.181,0.171142
416,1,464.315,0.171317
415.5,1,463.449,0.171487
415,1,462.583,0.171653
414.5,1,461.717,0.171898
414,1,460.851,0.172244
413.5,1,459.985,0.172593
413,1,459.119,0.172945
412.5,1,458.253,0.173138
412,1,457.387,0.173285
411.5,1,456.521,0.173461
411,1,455.655,0.173839
410.5,1,454.789,0.174234
410,1,453.923,0.174646
409.5,1,453.057,0.175076
409,1,452.191,0.175522
408.5,1,451.325,0.175986
408,1,450.459,0.17643
407.5,1,449.593,0.176894
407,1,448.727,0.177258
406.5,1,447.861,0.17763
406,1,446.995,0.178035
405.5,1,446.129,0.178474
405,1,445.263,0.178579
404.5,1,444.397,0.178373
404,1,443.531,0.178214
403.5,1,442.665,0.178103
403,1,441.799,0.178039
402.5,1,440.933,0.178022
402,1,440.067,0.177762
401.5,1,439.201,0.176256
401,1,438.335,0.17479
400.5,1,437.469,0.173369
400,1,436.603,0.171993
399.5,1,435.737,0.170664
399,1,434.87,0.169381
398.5,1,434.004,0.167254
398,1,433.138,0.164942
397.5,1,432.272,0.162561
397,1,431.406,0.16011
396.5,1,430.54,0.157589
396,1,429.674,0.155066
395.5,1,428.808,0.153396
395,1,427.942,0.152357
394.5,1,427.076,0.151246
394,1,426.21,0.150061
393.5,1,425.344,0.148803
393,1,424.478,0.147473
392.5,1,423.612,0.146439
392,1,422.746,0.146451
391.5,1,421.88,0.146405
391,1,421.014,0.146303
390.5,1,420.148,0.146171
390,1,419.282,0.145979
389.5,1,418.416,0.145726
389,1,417.55,0.146409
388.5,1,416.684,0.147152
388,1,415.818,0.147888
387.5,1,414.952,0.148617
387,1,414.086,0.149338
386.5,1,413.22,0.150052
386,1,412.354,0.150349
385.5,1,411.488,0.150414
385,1,410.622,0.150429
384.5,1,409.756,0.150498
384,1,408.89,0.15062
383.5,1,408.024,0.150796
383,1,407.158,0.150948
382.5,1,406.292,0.150962
382,1,405.426,0.151006
381.5,1,404.56,0.151082
381,1,403.694,0.151188
380.5,1,402.828,0.151325
380,1,401.962,0.151473
379.5,1,401.095,0.152863
379,1,400.229,0.154206
378.5,1,399.363,0.155487
378,1,398.497,0.156708
377.5,1,397.631,0.157867
377,1,396.765,0.158965
376.5,1,395.899,0.164816
376,1,395.033,0.172306
375.5,1,394.167,0.179004
375,1,393.301,0.18491
374.5,1,392.435,0.190141
374,1,391.569,0.195154
373.5,1,390.703,0.201684
373,1,389.837,0.211347
372.5,1,388.971,0.220527
372,1,388.105,0.229224
371.5,1,387.239,0.237438
371,1,386.373,0.245169
370.5,1,385.507,0.252222
370,1,384.641,0.255289
369.5,1,383.775,0.258926
369,1,382.909,0.262916
368.5,1,382.043,0.266638
368,1,381.177,0.270486
367.5,1,380.311,0.27446
367,1,379.445,0.275626
366.5,1,378.579,0.27616
366,1,377.713,0.277189
365.5,1,376.847,0.278713
365,1,375.981,0.280731
364.5,1,375.115,0.283244
364,1,374.249,0.28509
363.5,1,373.383,0.285096
363,1,372.517,0.284545
362.5,1,371.651,0.284327
362,1,370.785,0.284442
361.5,1,369.919,0.28489
361,1,369.053,0.285549
360.5,1,368.187,0.285327
360,1,367.321,0.285189
359.5,1,366.454,0.285134
359,1,365.588,0.285164
358.5,1,364.722,0.285277
358,1,363.856,0.285113
357.5,1,362.99,0.286266
357,1,362.124,0.287352
356.5,1,361.258,0.287839
356,1,360.392,0.287725
355.5,1,359.526,0.287011
355,1,358.66,0.285696
354.5,1,357.794,0.290027
354,1,356.928,0.303732
353.5,1,356.062,0.320899
353,1,355.196,0.341527
352.5,1,354.33,0.357047
352,1,353.464,0.360376
351.5,1,352.598,0.352989
351,1,351.732,0.313659
350.5,1,350.866,0.278836
350,1,350,0.248522
349.5,1,349.134,0.222715
349,1,348.268,0.201416
348.5,1,347.402,0.184626
348,1,346.536,0.184056
347.5,1,345.67,0.187866
347,1,344.804,0.196587
346.5,1,343.938,0.207157
346,1,343.072,0.216168
345.5,1,342.206,0.223619
345,1,341.34,0.225704
344.5,1,340.474,0.223882
344,1,339.608,0.221885
343.5,1,338.742,0.219712
343,1,337.876,0.217364
342.5,1,337.01,0.21484
342,1,336.144,0.212113
341.5,1,335.278,0.208919
341,1,334.412,0.205581
340.5,1,333.546,0.20229
340,1,332.679,0.199045
339.5,1,331.813,0.195847
339,1,330.947,0.192695
338.5,1,330.081,0.191161
338,1,329.215,0.189826
337.5,1,328.349,0.188511
337,1,327.483,0.187216
336.5,1,326.617,0.185941
336,1,325.751,0.184725
335.5,1,324.885,0.184684
335,1,324.019,0.185482
334.5,1,323.153,0.186329
334,1,322.287,0.187227
333.5,1,321.421,0.188175
333,1,320.555,0.189174
332.5,1,319.689,0.190348
332,1,318.823,0.191908
331.5,1,317.957,0.193514
331,1,317.091,0.195165
330.5,1,316.225,0.196877
330,1,315.359,0.198616
329.5,1,314.493,0.200372
329,1,313.627,0.200388
328.5,1,312.761,0.200313
328,1,311.895,0.200231
327.5,1,311.029,0.200141
327,1,310.163,0.200045
326.5,1,309.297,0.199941
326,1,308.431,0.198172
325.5,1,307.565,0.195482
325,1,306.699,0.192841
324.5,1,305.833,0.190281
324,1,304.967,0.187801
323.5,1,304.101,0.185401
323,1,303.235,0.182946
322.5,1,302.369,0.180202
322,1,301.503,0.177405
321.5,1,300.637,0.174557
321,1,299.771,0.171655
320.5,1,298.905,0.168701
320,1,298.038,0.165726
319.5,1,297.172,0.165881
319,1,296.306,0.166052
318.5,1,295.44,0.166233
318,1,294.574,0.166424
317.5,1,293.708,0.166625
317,1,292.842,0.166837
316.5,1,291.976,0.16737
316,1,291.11,0.168154
315.5,1,290.244,0.169069
315,1,289.378,0.170115
314.5,1,288.512,0.171292
314,1,287.646,0.172006
313.5,1,286.78,0.172692
313,1,285.914,0.173253
312.5,1,285.048,0.173949
312,1,284.182,0.17478
311.5,1,283.316,0.175747
311,1,282.45,0.17685
310.5,1,281.584,0.17805
310,1,280.718,0.178822
309.5,1,279.852,0.179684
309,1,278.986,0.180635
308.5,1,278.12,0.181154
308,1,277.254,0.181835
307.5,1,276.388,0.182696
307,1,275.522,0.183263
306.5,1,274.656,0.183756
306,1,273.79,0.184317
305.5,1,272.924,0.184948
305,1,272.058,0.185648
304.5,1,271.192,0.186416
304,1,270.326,0.187058
303.5,1,269.46,0.187482
303,1,268.594,0.18734
302.5,1,267.728,0.187313
302,1,266.862,0.187403
301.5,1,265.996,0.187609
301,1,265.13,0.18788
300.5,1,264.263,0.18786
300,1,263.397,0.187883
299.5,1,262.531,0.187948
299,1,261.665,0.188057
298.5,1,260.799,0.188208
298,1,259.933,0.1883
297.5,1,259.067,0.187108
297,1,258.201,0.185893
296.5,1,257.335,0.184737
296,1,256.469,0.18364
295.5,1,255.603,0.182602
295,1,254.737,0.181623
294.5,1,253.871,0.180557
294,1,253.005,0.179341
293.5,1,252.139,0.178108
293,1,251.273,0.176857
292.5,1,250.407,0.175615
292,1,249.541,0.174506
291.5,1,248.675,0.173389
291,1,247.809,0.172267
290.5,1,246.943,0.17114
290,1,246.077,0.170008
289.5,1,245.211,0.168872
289,1,244.345,0.16773
288.5,1,243.479,0.166583
288,1,242.613,0.1654
287.5,1,241.747,0.164208
287,1,240.881,0.163033
286.5,1,240.015,0.16193
286,1,239.149,0.160823
285.5,1,238.283,0.159712
285,1,237.417,0.158583
284.5,1,236.551,0.157438
284,1,235.685,0.156292
283.5,1,234.819,0.155145
283,1,233.953,0.153996
282.5,1,233.087,0.152847
282,1,232.221,0.151691
281.5,1,231.355,0.150555
281,1,230.488,0.149529
280.5,1,229.622,0.148506
280,1,228.756,0.147485
279.5,1,227.89,0.146466
279,1,227.024,0.14545
278.5,1,226.158,0.144422
278,1,225.292,0.143399
277.5,1,224.426,0.142381
277,1,223.56,0.14137
276.5,1,222.694,0.140365
276,1,221.828,0.139412
275.5,1,220.962,0.13854
275,1,220.096,0.137668
274.5,1,219.23,0.136802
274,1,218.364,0.135942
273.5,1,217.498,0.135087
273,1,216.632,0.134239
272.5,1,215.766,0.133394
272,1,214.9,0.132553
271.5,1,214.034,0.131719
271,1,213.168,0.130893
270.5,1,212.302,0.13011
270,1,211.436,0.129383
269.5,1,210.57,0.12866
269,1,209.704,0.127942
268.5,1,208.838,0.127229
268,1,207.972,0.126523
267.5,1,207.106,0.125823
267,1,206.24,0.125128
266.5,1,205.374,0.12444
266,1,204.508,0.123758
265.5,1,203.642,0.123084
265,1,202.776,0.122442
264.5,1,201.91,0.121834
264,1,201.044,0.12123
263.5,1,200.178,0.120631
263,1,199.312,0.120039
262.5,1,198.446,0.119458
262,1,197.58,0.118883
261.5,1,196.714,0.118312
261,1,195.847,0.117747
260.5,1,194.981,0.117186
260,1,194.115,0.116631
259.5,1,193.249,0.116113
259,1,192.383,0.115612
258.5,1,191.517,0.115116
258,1,190.651,0.114625
257.5,1,189.785,0.114138
257,1,188.919,0.113656
256.5,1,188.053,0.113196
256,1,187.187,0.112749
255.5,1,186.321,0.112306
255,1,185.455,0.111868
254.5,1,184.589,0.111436
254,1,183.723,0.111017
253.5,1,182.857,0.110622
253,1,181.991,0.110253
252.5,1,181.125,0.109888
252,1,180.259,0.109528
251.5,1,179.393,0.109172
251,1,178.527,0.108821
250.5,1,177.661,0.108479
250,1,176.795,0.108177
249.5,1,175.929,0.10788
249,1,175.063,0.107587
248.5,1,174.197,0.107306
248,1,173.331,0.107032
247.5,1,172.465,0.106763
247,1,171.599,0.106527
246.5,1,170.733,0.106305
246,1,169.867,0.106086
245.5,1,169.001,0.105872
245,1,168.135,0.105661
244.5,1,167.269,0.105456
244,1,166.403,0.105271
243.5,1,165.537,0.105111
243,1,164.671,0.10496
242.5,1,163.805,0.104813
242,1,162.939,0.10467
241.5,1,162.072,0.104531
241,1,161.206,0.1044
240.5,1,160.34,0.104303
240,1,159.474,0.104208
239.5,1,158.608,0.104117
239,1,157.742,0.104029
238.5,1,156.876,0.103944
238,1,156.01,0.103862
237.5,1,155.144,0.103811
237,1,154.278,0.103768
236.5,1,153.412,0.103727
236,1,152.546,0.103689
235.5,1,151.68,0.103653
235,1,150.814,0.103619
234.5,1,149.948,0.103598
234,1,149.082,0.10359
233.5,1,148.216,0.103584
233,1,147.35,0.10358
232.5,1,146.484,0.103577
232,1,145.618,0.103579
231.5,1,144.752,0.103586
231,1,143.886,0.103609
230.5,1,143.02,0.103633
230,1,142.154,0.103659
229.5,1,141.288,0.103686
229,1,140.422,0.103715
228.5,1,139.556,0.103744
228,1,138.69,0.103786
227.5,1,137.824,0.10383
227,1,136.958,0.103875
226.5,1,136.092,0.103923
226,1,135.226,0.10397
225.5,1,134.36,0.104019
225,1,133.494,0.104071
224.5,1,132.628,0.104125
224,1,131.762,0.104179
223.5,1,130.896,0.104234
223,1,130.03,0.104289
222.5,1,129.164,0.104344
222,1,128.297,0.1044
221.5,1,127.431,0.104456
221,1,126.565,0.104513
220.5,1,125.699,0.10457
220,1,124.833,0.104627
219.5,1,123.967,0.104684
219,1,123.101,0.104741
218.5,1,122.235,0.1048
218,1,121.369,0.104858
217.5,1,120.503,0.104916
217,1,119.637,0.104974
216.5,1,118.771,0.105032
216,1,117.905,0.10509
215.5,1,117.039,0.105147
215,1,116.173,0.105204
214.5,1,115.307,0.105261
214,1,114.441,0.105318
213.5,1,113.575,0.105374
213,1,112.709,0.10543
212.5,1,111.843,0.105485
212,1,110.977,0.105537
211.5,1,110.111,0.105588
211,1,109.245,0.10564
210.5,1,108.379,0.105691
210,1,107.513,0.105742
209.5,1,106.647,0.105792
209,1,105.781,0.10584
208.5,1,104.915,0.105887
208,1,104.049,0.105934
207.5,1,103.183,0.105981
207,1,102.317,0.106028
206.5,1,101.451,0.106074
206,1,100.585,0.106122
205.5,1,99.7187,0.106169
205,1,98.8526,0.106217
204.5,1,97.9866,0.106264
204,1,97.1206,0.106311
203.5,1,96.2546,0.106357
203,1,95.3885,0.106402
202.5,1,94.5225,0.106445
202,1,93.6565,0.106488
201.5,1,92.7905,0.10653
201,1,91.9244,0.106572
200.5,1,91.0584,0.106614
200,1,90.1924,0.106655
