x,y,z,b
500,1,609.808,0.112703
499.5,1,608.942,0.112727
499,1,608.076,0.112752
498.5,1,607.21,0.112777
498,1,606.344,0.112803
497.5,1,605.477,0.11283
497,1,604.611,0.112858
496.5,1,603.745,0.112895
496,1,602.879,0.112938
495.5,1,602.013,0.112982
495,1,601.147,0.113028
494.5,1,600.281,0.113074
494,1,599.415,0.113122
493.5,1,598.549,0.113168
493,1,597.683,0.113208
492.5,1,596.817,0.113249
492,1,595.951,0.113293
491.5,1,595.085,0.113338
491,1,594.219,0.113386
490.5,1,593.353,0.113435
490,1,592.487,0.113523
489.5,1,591.621,0.113613
489,1,590.755,0.113706
488.5,1,589.889,0.113801
488,1,589.023,0.1139
487.5,1,588.157,0.114002
487,1,587.291,0.114133
486.5,1,586.425,0.114279
486,1,585.559,0.11443
485.5,1,584.693,0.114584
485,1,583.827,0.114743
484.5,1,582.961,0.114906
484,1,582.095,0.115102
483.5,1,581.229,0.11535
483,1,580.363,0.115604
482.5,1,579.497,0.115864
482,1,578.631,0.116132
481.5,1,577.765,0.116405
481,1,576.899,0.116691
480.5,1,576.033,0.117076
480,1,575.167,0.11747
479.5,1,574.301,0.117874
479,1,573.435,0.118286
478.5,1,572.569,0.118706
478,1,571.703,0.119124
477.5,1,570.836,0.119648
477,1,569.97,0.120213
476.5,1,569.104,0.120786
476,1,568.238,0.121367
475.5,1,567.372,0.121957
475,1,566.506,0.122554
474.5,1,565.64,0.123212
474,1,564.774,0.123948
473.5,1,563.908,0.124693
473,1,563.042,0.125444
472.5,1,562.176,0.126154
472,1,561.31,0.126868
471.5,1,560.444,0.127601
471,1,559.578,0.128462
470.5,1,558.712,0.129328
470,1,557.846,0.130197
469.5,1,556.98,0.131071
469,1,556.114,0.131949
468.5,1,555.248,0.132831
468,1,554.382,0.133796
467.5,1,553.516,0.13477
467,1,552.65,0.135679
466.5,1,551.784,0.136588
466,1,550.918,0.137496
465.5,1,550.052,0.138404
465,1,549.186,0.139314
464.5,1,548.32,0.140228
464,1,547.454,0.141144
463.5,1,546.588,0.142061
463,1,545.722,0.142981
462.5,1,544.856,0.143903
462,1,543.99,0.144776
461.5,1,543.124,0.145441
461,1,542.258,0.146112
460.5,1,541.392,0.146789
460,1,540.526,0.147472
459.5,1,539.66,0.148162
459,1,538.794,0.148858
458.5,1,537.928,0.149501
458,1,537.061,0.150152
457.5,1,536.195,0.150821
457,1,535.329,0.151508
456.5,1,534.463,0.152175
456,1,533.597,0.152755
455.5,1,532.731,0.153383
455,1,531.865,0.154057
454.5,1,530.999,0.154745
454,1,530.133,0.155449
453.5,1,529.267,0.156168
453,1,528.401,0.156902
452.5,1,527.535,0.157652
452,1,526.669,0.15842
451.5,1,525.803,0.159207
451,1,524.937,0.159934
450.5,1,524.071,0.160513
450,1,523.205,0.161083
449.5,1,522.339,0.161645
449,1,521.473,0.16205
448.5,1,520.607,0.162445
448,1,519.741,0.162845
447.5,1,518.875,0.163249
447,1,518.009,0.163657
446.5,1,517.143,0.16407
446,1,516.277,0.164253
445.5,1,515.411,0.16424
445,1,514.545,0.164166
444.5,1,513.679,0.164118
444,1,512.813,0.164097
443.5,1,511.947,0.164101
443,1,511.081,0.16407
442.5,1,510.215,0.163913
442,1,509.349,0.16378
441.5,1,508.483,0.163673
441,1,507.617,0.16359
440.5,1,506.751,0.163532
440,1,505.885,0.163464
439.5,1,505.019,0.163319
439,1,504.153,0.163193
438.5,1,503.286,0.163091
438,1,502.42,0.163011
437.5,1,501.554,0.162954
437,1,500.688,0.162919
436.5,1,499.822,0.16278
436,1,498.956,0.162585
435.5,1,498.09,0.162399
435,1,497.224,0.162222
434.5,1,496.358,0.161995
434,1,495.492,0.161739
433.5,1,494.626,0.161419
433,1,493.76,0.160955
432.5,1,492.894,0.160534
432,1,492.028,0.160156
431.5,1,491.162,0.159821
431,1,490.296,0.159528
430.5,1,489.43,0.159277
430,1,488.564,0.159002
429.5,1,487.698,0.158761
429,1,486.832,0.158462
428.5,1,485.966,0.158145
428,1,485.1,0.157877
427.5,1,484.234,0.157657
427,1,483.368,0.157581
426.5,1,482.502,0.1576
426,1,481.636,0.157675
425.5,1,480.77,0.157806
425,1,479.904,0.157995
424.5,1,479.038,0.15824
424,1,478.172,0.158566
423.5,1,477.306,0.158814
423,1,476.44,0.159016
422.5,1,475.574,0.159252
422,1,474.708,0.159522
421.5,1,473.842,0.159826
421,1,472.976,0.160174
420.5,1,472.11,0.160681
420,1,471.244,0.161233
419.5,1,470.378,0.161831
419,1,469.512,0.162475
418.5,1,468.645,0.163165
418,1,467.779,0.163991
417.5,1,466.913,0.164855
417,1,466.047,0.165761
416.5,1,465.181,0.166721
416,1,464.315,0.167737
415.5,1,463.449,0.168808
415,1,462.583,0.169935
414.5,1,461.717,0.170991
414,1,460.851,0.171958
413.5,1,459.985,0.17299
413,1,459.119,0.174088
412.5,1,458.253,0.17523
412,1,457.387,0.176402
411.5,1,456.521,0.177523
411,1,455.655,0.178166
410.5,1,454.789,0.178863
410,1,453.923,0.179615
409.5,1,453.057,0.180421
409,1,452.191,0.181282
408.5,1,451.325,0.182196
408,1,450.459,0.182759
407.5,1,449.593,0.183219
407,1,448.727,0.183466
406.5,1,447.861,0.183681
406,1,446.995,0.183903
405.5,1,446.129,0.184132
405,1,445.263,0.184325
404.5,1,444.397,0.184489
404,1,443.531,0.184667
403.5,1,442.665,0.18486
403,1,441.799,0.185068
402.5,1,440.933,0.185289
402,1,440.067,0.185489
401.5,1,439.201,0.185415
401,1,438.335,0.185352
400.5,1,437.469,0.185313
400,1,436.603,0.185299
399.5,1,435.737,0.18531
399,1,434.87,0.185346
398.5,1,434.004,0.184279
398,1,433.138,0.183075
397.5,1,432.272,0.181889
397,1,431.406,0.180721
396.5,1,430.54,0.179572
396,1,429.674,0.1784
395.5,1,428.808,0.176468
395,1,427.942,0.173863
394.5,1,427.076,0.171176
394,1,426.21,0.168406
393.5,1,425.344,0.165553
393,1,424.478,0.162619
392.5,1,423.612,0.159664
392,1,422.746,0.15685
391.5,1,421.88,0.15401
391,1,421.014,0.151146
390.5,1,420.148,0.148286
390,1,419.282,0.145405
389.5,1,418.416,0.142501
389,1,417.55,0.141607
388.5,1,416.684,0.140814
388,1,415.818,0.139978
387.5,1,414.952,0.1391
387,1,414.086,0.13818
386.5,1,413.22,0.137217
386,1,412.354,0.137653
385.5,1,411.488,0.138951
385,1,410.622,0.140184
384.5,1,409.756,0.141384
384,1,408.89,0.142553
383.5,1,408.024,0.143689
383,1,407.158,0.144705
382.5,1,406.292,0.145529
382,1,405.426,0.146386
381.5,1,404.56,0.147277
381,1,403.694,0.148202
380.5,1,402.828,0.14916
380,1,401.962,0.150132
379.5,1,401.095,0.149874
379,1,400.229,0.149618
378.5,1,399.363,0.149377
378,1,398.497,0.14915
377.5,1,397.631,0.148936
377,1,396.765,0.148737
376.5,1,395.899,0.148455
376,1,395.033,0.148163
375.5,1,394.167,0.147912
375,1,393.301,0.147702
374.5,1,392.435,0.147532
374,1,391.569,0.147406
373.5,1,390.703,0.147725
373,1,389.837,0.14884
372.5,1,388.971,0.150095
372,1,388.105,0.151489
371.5,1,387.239,0.153022
371,1,386.373,0.154694
370.5,1,385.507,0.156495
370,1,384.641,0.15823
369.5,1,383.775,0.160112
369,1,382.909,0.162153
368.5,1,382.043,0.164404
368,1,381.177,0.166855
367.5,1,380.311,0.169507
367,1,379.445,0.171546
366.5,1,378.579,0.173468
366,1,377.713,0.175568
365.5,1,376.847,0.177848
365,1,375.981,0.180307
364.5,1,375.115,0.182945
364,1,374.249,0.184943
363.5,1,373.383,0.185732
363,1,372.517,0.186422
362.5,1,371.651,0.1875
362,1,370.785,0.188965
361.5,1,369.919,0.190818
361,1,369.053,0.193043
360.5,1,368.187,0.195597
360,1,367.321,0.198696
359.5,1,366.454,0.20234
359,1,365.588,0.206529
358.5,1,364.722,0.211262
358,1,363.856,0.215434
357.5,1,362.99,0.219578
357,1,362.124,0.223676
356.5,1,361.258,0.227322
356,1,360.392,0.230518
355.5,1,359.526,0.233262
355,1,358.66,0.235554
354.5,1,357.794,0.245859
354,1,356.928,0.265748
353.5,1,356.062,0.285965
353,1,355.196,0.306511
352.5,1,354.33,0.322436
352,1,353.464,0.330083
351.5,1,352.598,0.330477
351,1,351.732,0.311778
350.5,1,350.866,0.295175
350,1,350,0.280667
349.5,1,349.134,0.268254
349,1,348.268,0.257937
348.5,1,347.402,0.249716
348,1,346.536,0.242701
347.5,1,345.67,0.237748
347,1,344.804,0.236613
346.5,1,343.938,0.237831
346,1,343.072,0.239614
345.5,1,342.206,0.241964
345,1,341.34,0.242056
344.5,1,340.474,0.239636
344,1,339.608,0.237059
343.5,1,338.742,0.234324
343,1,337.876,0.231432
342.5,1,337.01,0.228383
342,1,336.144,0.225007
341.5,1,335.278,0.220596
341,1,334.412,0.216017
340.5,1,333.546,0.211509
340,1,332.679,0.207073
339.5,1,331.813,0.202707
339,1,330.947,0.198412
338.5,1,330.081,0.196342
338,1,329.215,0.194601
337.5,1,328.349,0.192946
337,1,327.483,0.191377
336.5,1,326.617,0.189893
336,1,325.751,0.188653
335.5,1,324.885,0.188595
335,1,324.019,0.189326
334.5,1,323.153,0.190112
334,1,322.287,0.190952
333.5,1,321.421,0.191845
333,1,320.555,0.192793
332.5,1,319.689,0.193942
332,1,318.823,0.195503
331.5,1,317.957,0.197051
331,1,317.091,0.198586
330.5,1,316.225,0.200121
330,1,315.359,0.201617
329.5,1,314.493,0.203065
329,1,313.627,0.203849
328.5,1,312.761,0.204539
328,1,311.895,0.205163
327.5,1,311.029,0.205721
327,1,310.163,0.206214
326.5,1,309.297,0.20664
326,1,308.431,0.205906
325.5,1,307.565,0.204434
325,1,306.699,0.202734
324.5,1,305.833,0.200949
324,1,304.967,0.199114
323.5,1,304.101,0.19723
323,1,303.235,0.195343
322.5,1,302.369,0.193604
322,1,301.503,0.191969
321.5,1,300.637,0.190438
321,1,299.771,0.189009
320.5,1,298.905,0.187684
320,1,298.038,0.186465
319.5,1,297.172,0.18601
319,1,296.306,0.185699
318.5,1,295.44,0.185474
318,1,294.574,0.185336
317.5,1,293.708,0.185284
317,1,292.842,0.185319
316.5,1,291.976,0.185297
316,1,291.11,0.185235
315.5,1,290.244,0.185186
315,1,289.378,0.185149
314.5,1,288.512,0.185124
314,1,287.646,0.185609
313.5,1,286.78,0.18612
313,1,285.914,0.18651
312.5,1,285.048,0.187
312,1,284.182,0.18759
311.5,1,283.316,0.188279
311,1,282.45,0.189068
310.5,1,281.584,0.189935
310,1,280.718,0.190512
309.5,1,279.852,0.191033
309,1,278.986,0.191497
308.5,1,278.12,0.191777
308,1,277.254,0.192191
307.5,1,276.388,0.192746
307,1,275.522,0.19324
306.5,1,274.656,0.193712
306,1,273.79,0.194215
305.5,1,272.924,0.194749
305,1,272.058,0.195313
304.5,1,271.192,0.195909
304,1,270.326,0.196393
303.5,1,269.46,0.196611
303,1,268.594,0.196302
302.5,1,267.728,0.19604
302,1,266.862,0.195823
301.5,1,265.996,0.195652
301,1,265.13,0.195519
300.5,1,264.263,0.195353
300,1,263.397,0.195187
299.5,1,262.531,0.195023
299,1,261.665,0.194859
298.5,1,260.799,0.194696
298,1,259.933,0.194443
297.5,1,259.067,0.193415
297,1,258.201,0.192441
296.5,1,257.335,0.191505
296,1,256.469,0.190604
295.5,1,255.603,0.189741
295,1,254.737,0.188914
294.5,1,253.871,0.188077
294,1,253.005,0.187179
293.5,1,252.139,0.186253
293,1,251.273,0.185299
292.5,1,250.407,0.184135
292,1,249.541,0.181994
291.5,1,248.675,0.179842
291,1,247.809,0.177624
290.5,1,246.943,0.175427
290,1,246.077,0.173251
289.5,1,245.211,0.171097
289,1,244.345,0.168965
288.5,1,243.479,0.166854
288,1,242.613,0.164687
287.5,1,241.747,0.162527
287,1,240.881,0.160486
286.5,1,240.015,0.158811
286,1,239.149,0.157136
285.5,1,238.283,0.155463
285,1,237.417,0.153753
284.5,1,236.551,0.152019
284,1,235.685,0.150294
283.5,1,234.819,0.148578
283,1,233.953,0.14687
282.5,1,233.087,0.145172
282,1,232.221,0.143471
281.5,1,231.355,0.141811
281,1,230.488,0.140334
280.5,1,229.622,0.13887
280,1,228.756,0.137418
279.5,1,227.89,0.135978
279,1,227.024,0.134551
278.5,1,226.158,0.133115
278,1,225.292,0.131697
277.5,1,224.426,0.130299
277,1,223.56,0.12892
276.5,1,222.694,0.12756
276,1,221.828,0.126288
275.5,1,220.962,0.125167
275,1,220.096,0.124065
274.5,1,219.23,0.122977
274,1,218.364,0.121903
273.5,1,217.498,0.120843
273,1,216.632,0.119797
272.5,1,215.766,0.118774
272,1,214.9,0.117789
271.5,1,214.034,0.116822
271,1,213.168,0.115873
270.5,1,212.302,0.114981
270,1,211.436,0.11416
269.5,1,210.57,0.113351
269,1,209.704,0.112614
268.5,1,208.838,0.111892
268,1,207.972,0.111182
267.5,1,207.106,0.110486
267,1,206.24,0.109803
266.5,1,205.374,0.109134
266,1,204.508,0.108528
265.5,1,203.642,0.107962
265,1,202.776,0.107427
264.5,1,201.91,0.106924
264,1,201.044,0.106431
263.5,1,200.178,0.105948
263,1,199.312,0.105505
262.5,1,198.446,0.105129
262,1,197.58,0.104762
261.5,1,196.714,0.104406
261,1,195.847,0.104059
260.5,1,194.981,0.103721
260,1,194.115,0.103396
259.5,1,193.249,0.103169
259,1,192.383,0.102958
258.5,1,191.517,0.102754
258,1,190.651,0.102557
257.5,1,189.785,0.102368
257,1,188.919,0.102185
256.5,1,188.053,0.102059
256,1,187.187,0.101959
255.5,1,186.321,0.101865
255,1,185.455,0.101776
254.5,1,184.589,0.101692
254,1,183.723,0.101618
253.5,1,182.857,0.101572
253,1,181.991,0.10156
252.5,1,181.125,0.101551
252,1,180.259,0.101546
251.5,1,179.393,0.101544
251,1,178.527,0.101545
250.5,1,177.661,0.101554
250,1,176.795,0.101601
249.5,1,175.929,0.101651
249,1,175.063,0.101704
248.5,1,174.197,0.101762
248,1,173.331,0.101824
247.5,1,172.465,0.101887
247,1,171.599,0.101967
246.5,1,170.733,0.102051
246,1,169.867,0.102136
245.5,1,169.001,0.102222
245,1,168.135,0.102308
244.5,1,167.269,0.102395
244,1,166.403,0.102486
243.5,1,165.537,0.102581
243,1,164.671,0.102677
242.5,1,163.805,0.102773
242,1,162.939,0.10287
241.5,1,162.072,0.102966
241,1,161.206,0.103063
240.5,1,160.34,0.103161
240,1,159.474,0.10326
239.5,1,158.608,0.103357
239,1,157.742,0.103455
238.5,1,156.876,0.103553
238,1,156.01,0.10365
237.5,1,155.144,0.103746
237,1,154.278,0.103842
236.5,1,153.412,0.103937
236,1,152.546,0.104032
235.5,1,151.68,0.104127
235,1,150.814,0.104221
234.5,1,149.948,0.104312
234,1,149.082,0.104402
233.5,1,148.216,0.104491
233,1,147.35,0.104579
232.5,1,146.484,0.104667
232,1,145.618,0.104755
231.5,1,144.752,0.104841
231,1,143.886,0.104924
230.5,1,143.02,0.105006
230,1,142.154,0.105087
229.5,1,141.288,0.105168
229,1,140.422,0.105248
228.5,1,139.556,0.105328
228,1,138.69,0.105403
227.5,1,137.824,0.105477
227,1,136.958,0.10555
226.5,1,136.092,0.105623
226,1,135.226,0.105695
225.5,1,134.36,0.105767
225,1,133.494,0.105836
224.5,1,132.628,0.105901
224,1,131.762,0.105966
223.5,1,130.896,0.106031
223,1,130.03,0.106095
222.5,1,129.164,0.106159
222,1,128.297,0.106221
221.5,1,127.431,0.106279
221,1,126.565,0.106337
220.5,1,125.699,0.106394
220,1,124.833,0.106451
219.5,1,123.967,0.106508
219,1,123.101,0.106564
218.5,1,122.235,0.106616
218,1,121.369,0.106668
217.5,1,120.503,0.106719
217,1,119.637,0.106769
216.5,1,118.771,0.10682
216,1,117.905,0.10687
215.5,1,117.039,0.106916
215,1,116.173,0.106961
214.5,1,115.307,0.107006
214,1,114.441,0.10705
213.5,1,113.575,0.107093
213,1,112.709,0.107137
212.5,1,111.843,0.107178
212,1,110.977,0.107215
211.5,1,110.111,0.107253
211,1,109.245,0.107289
210.5,1,108.379,0.107326
210,1,107.513,0.107362
209.5,1,106.647,0.107398
209,1,105.781,0.107431
208.5,1,104.915,0.107464
208,1,104.049,0.107497
207.5,1,103.183,0.107529
207,1,102.317,0.107561
206.5,1,101.451,0.107593
206,1,100.585,0.107624
205.5,1,99.7187,0.107655
205,1,98.8526,0.107685
204.5,1,97.9866,0.107715
204,1,97.1206,0.107745
203.5,1,96.2546,0.107774
203,1,95.3885,0.107802
202.5,1,94.5225,0.107827
202,1,93.6565,0.107852
201.5,1,92.7905,0.107877
201,1,91.9244,0.107901
200.5,1,91.0584,0.107925
200,1,90.1924,0.107949
