x,y,z,b
500,1,609.808,0.110874
499.5,1,608.942,0.110903
499,1,608.076,0.110933
498.5,1,607.21,0.110965
498,1,606.344,0.110999
497.5,1,605.477,0.111035
497,1,604.611,0.111074
496.5,1,603.745,0.11115
496,1,602.879,0.111248
495.5,1,602.013,0.11135
495,1,601.147,0.111455
494.5,1,600.281,0.111561
494,1,599.415,0.111669
493.5,1,598.549,0.111796
493,1,597.683,0.11196
492.5,1,596.817,0.112128
492,1,595.951,0.112299
491.5,1,595.085,0.112473
491,1,594.219,0.112651
490.5,1,593.353,0.112833
490,1,592.487,0.113106
489.5,1,591.621,0.113384
489,1,590.755,0.113664
488.5,1,589.889,0.113947
488,1,589.023,0.114234
487.5,1,588.157,0.114527
487,1,587.291,0.114902
486.5,1,586.425,0.115318
486,1,585.559,0.115739
485.5,1,584.693,0.116167
485,1,583.827,0.1166
484.5,1,582.961,0.117038
484,1,582.095,0.117537
483.5,1,581.229,0.118117
483,1,580.363,0.1187
482.5,1,579.497,0.119286
482,1,578.631,0.119876
481.5,1,577.765,0.120469
481,1,576.899,0.121072
480.5,1,576.033,0.121759
480,1,575.167,0.122449
479.5,1,574.301,0.123142
479,1,573.435,0.123839
478.5,1,572.569,0.124538
478,1,571.703,0.125204
477.5,1,570.836,0.12592
477,1,569.97,0.126655
476.5,1,569.104,0.12739
476,1,568.238,0.128127
475.5,1,567.372,0.128866
475,1,566.506,0.129606
474.5,1,565.64,0.130384
474,1,564.774,0.131213
473.5,1,563.908,0.132043
473,1,563.042,0.132872
472.5,1,562.176,0.133657
472,1,561.31,0.134441
471.5,1,560.444,0.135234
471,1,559.578,0.136098
470.5,1,558.712,0.136958
470,1,557.846,0.137815
469.5,1,556.98,0.138667
469,1,556.114,0.139515
468.5,1,555.248,0.140359
468,1,554.382,0.141182
467.5,1,553.516,0.141983
467,1,552.65,0.142702
466.5,1,551.784,0.143414
466,1,550.918,0.144118
465.5,1,550.052,0.144816
465,1,549.186,0.145463
464.5,1,548.32,0.146062
464,1,547.454,0.146663
463.5,1,546.588,0.147265
463,1,545.722,0.147869
462.5,1,544.856,0.148474
462,1,543.99,0.149046
461.5,1,543.124,0.149482
461,1,542.258,0.14992
460.5,1,541.392,0.150362
460,1,540.526,0.150807
459.5,1,539.66,0.151255
459,1,538.794,0.151705
458.5,1,537.928,0.15216
458,1,537.061,0.152622
457.5,1,536.195,0.15309
457,1,535.329,0.153565
456.5,1,534.463,0.154024
456,1,533.597,0.154423
455.5,1,532.731,0.154833
455,1,531.865,0.155248
454.5,1,530.999,0.155655
454,1,530.133,0.156055
453.5,1,529.267,0.156447
453,1,528.401,0.15683
452.5,1,527.535,0.157186
452,1,526.669,0.15747
451.5,1,525.803,0.157749
451,1,524.937,0.158005
450.5,1,524.071,0.158219
450,1,523.205,0.158427
449.5,1,522.339,0.158628
449,1,521.473,0.158768
448.5,1,520.607,0.15889
448,1,519.741,0.158998
447.5,1,518.875,0.159093
447,1,518.009,0.159175
446.5,1,517.143,0.159243
446,1,516.277,0.159146
445.5,1,515.411,0.15896
445,1,514.545,0.158787
444.5,1,513.679,0.158639
444,1,512.813,0.158516
443.5,1,511.947,0.15842
443,1,511.081,0.158317
442.5,1,510.215,0.158163
442,1,509.349,0.158038
441.5,1,508.483,0.157943
441,1,507.617,0.157877
440.5,1,506.751,0.157841
440,1,505.885,0.157771
439.5,1,505.019,0.157606
439,1,504.153,0.157459
438.5,1,503.286,0.15733
438,1,502.42,0.15722
437.5,1,501.554,0.157129
437,1,500.688,0.157056
436.5,1,499.822,0.156935
436,1,498.956,0.156801
435.5,1,498.09,0.156691
435,1,497.224,0.156604
434.5,1,496.358,0.156491
434,1,495.492,0.156357
433.5,1,494.626,0.156221
433,1,493.76,0.15608
432.5,1,492.894,0.155982
432,1,492.028,0.155925
431.5,1,491.162,0.155911
431,1,490.296,0.15594
430.5,1,489.43,0.15601
430,1,488.564,0.156111
429.5,1,487.698,0.156254
429,1,486.832,0.156448
428.5,1,485.966,0.156679
428,1,485.1,0.156938
427.5,1,484.234,0.157225
427,1,483.368,0.157603
426.5,1,482.502,0.158049
426,1,481.636,0.158539
425.5,1,480.77,0.159074
425,1,479.904,0.159654
424.5,1,479.038,0.160279
424,1,478.172,0.160941
423.5,1,477.306,0.161746
423,1,476.44,0.16264
422.5,1,475.574,0.16356
422,1,474.708,0.164508
421.5,1,473.842,0.165483
421,1,472.976,0.166467
420.5,1,472.11,0.167273
420,1,471.244,0.168102
419.5,1,470.378,0.168953
419,1,469.512,0.169827
418.5,1,468.645,0.170724
418,1,467.779,0.171669
417.5,1,466.913,0.172447
417,1,466.047,0.173176
416.5,1,465.181,0.173909
416,1,464.315,0.174648
415.5,1,463.449,0.175391
415,1,462.583,0.176139
414.5,1,461.717,0.176694
414,1,460.851,0.177017
413.5,1,459.985,0.177349
413,1,459.119,0.177691
412.5,1,458.253,0.177825
412,1,457.387,0.177914
411.5,1,456.521,0.178021
411,1,455.655,0.178155
410.5,1,454.789,0.178296
410,1,453.923,0.178443
409.5,1,453.057,0.178598
409,1,452.191,0.178759
408.5,1,451.325,0.178927
408,1,450.459,0.179266
407.5,1,449.593,0.179668
407,1,448.727,0.17993
406.5,1,447.861,0.180186
406,1,446.995,0.180468
405.5,1,446.129,0.180776
405,1,445.263,0.18089
404.5,1,444.397,0.180827
404,1,443.531,0.180802
403.5,1,442.665,0.180815
403,1,441.799,0.180867
402.5,1,440.933,0.180957
402,1,440.067,0.180945
401.5,1,439.201,0.180276
401,1,438.335,0.179634
400.5,1,437.469,0.179031
400,1,436.603,0.178467
399.5,1,435.737,0.177942
399,1,434.87,0.177455
398.5,1,434.004,0.175353
398,1,433.138,0.17301
397.5,1,432.272,0.170652
397,1,431.406,0.168278
396.5,1,430.54,0.165889
396,1,429.674,0.163519
395.5,1,428.808,0.16125
395,1,427.942,0.158995
394.5,1,427.076,0.156671
394,1,426.21,0.154276
393.5,1,425.344,0.15181
393,1,424.478,0.149275
392.5,1,423.612,0.147129
392,1,422.746,0.146318
391.5,1,421.88,0.145468
391,1,421.014,0.144579
390.5,1,420.148,0.143713
390,1,419.282,0.142811
389.5,1,418.416,0.141871
389,1,417.55,0.142543
388.5,1,416.684,0.143251
388,1,415.818,0.143879
387.5,1,414.952,0.144426
387,1,414.086,0.144892
386.5,1,413.22,0.145278
386,1,412.354,0.145866
385.5,1,411.488,0.14664
385,1,410.622,0.147398
384.5,1,409.756,0.148194
384,1,408.89,0.149031
383.5,1,408.024,0.149907
383,1,407.158,0.150477
382.5,1,406.292,0.150291
382,1,405.426,0.150127
381.5,1,404.56,0.149987
381,1,403.694,0.14987
380.5,1,402.828,0.149776
380,1,401.962,0.149691
379.5,1,401.095,0.149227
379,1,400.229,0.148794
378.5,1,399.363,0.148395
378,1,398.497,0.148029
377.5,1,397.631,0.147696
377,1,396.765,0.147398
376.5,1,395.899,0.147898
376,1,395.033,0.148796
375.5,1,394.167,0.149725
375,1,393.301,0.150683
374.5,1,392.435,0.151657
374,1,391.569,0.152607
373.5,1,390.703,0.153821
373,1,389.837,0.155415
372.5,1,388.971,0.15692
372,1,388.105,0.158336
371.5,1,387.239,0.159664
371,1,386.373,0.160903
370.5,1,385.507,0.162303
370,1,384.641,0.16856
369.5,1,383.775,0.174299
369,1,382.909,0.179455
368.5,1,382.043,0.183752
368,1,381.177,0.187259
367.5,1,380.311,0.189977
367,1,379.445,0.19787
366.5,1,378.579,0.207169
366,1,377.713,0.215681
365.5,1,376.847,0.223407
365,1,375.981,0.230346
364.5,1,375.115,0.236498
364,1,374.249,0.241084
363.5,1,373.383,0.244968
363,1,372.517,0.248907
362.5,1,371.651,0.252511
362,1,370.785,0.25578
361.5,1,369.919,0.258715
361,1,369.053,0.260996
360.5,1,368.187,0.260765
360,1,367.321,0.261365
359.5,1,366.454,0.262794
359,1,365.588,0.265054
358.5,1,364.722,0.268144
358,1,363.856,0.271542
357.5,1,362.99,0.27122
357,1,362.124,0.26983
356.5,1,361.258,0.268185
356,1,360.392,0.266286
355.5,1,359.526,0.264133
355,1,358.66,0.261725
354.5,1,357.794,0.266421
354,1,356.928,0.281095
353.5,1,356.062,0.298239
353,1,355.196,0.317854
352.5,1,354.33,0.333672
352,1,353.464,0.339973
351.5,1,352.598,0.337109
351,1,351.732,0.307188
350.5,1,350.866,0.279689
350,1,350,0.254613
349.5,1,349.134,0.23196
349,1,348.268,0.211728
348.5,1,347.402,0.19392
348,1,346.536,0.189986
347.5,1,345.67,0.191119
347,1,344.804,0.199563
346.5,1,343.938,0.211226
346,1,343.072,0.221186
345.5,1,342.206,0.229441
345,1,341.34,0.231725
344.5,1,340.474,0.229566
344,1,339.608,0.227111
343.5,1,338.742,0.22436
343,1,337.876,0.221314
342.5,1,337.01,0.217972
342,1,336.144,0.214383
341.5,1,335.278,0.210663
341,1,334.412,0.206885
340.5,1,333.546,0.203193
340,1,332.679,0.199587
339.5,1,331.813,0.196067
339,1,330.947,0.192634
338.5,1,330.081,0.190948
338,1,329.215,0.189542
337.5,1,328.349,0.188228
337,1,327.483,0.187008
336.5,1,326.617,0.18588
336,1,325.751,0.18482
335.5,1,324.885,0.184808
335,1,324.019,0.185575
334.5,1,323.153,0.186419
334,1,322.287,0.187338
333.5,1,321.421,0.188334
333,1,320.555,0.189407
332.5,1,319.689,0.190697
332,1,318.823,0.192408
331.5,1,317.957,0.194129
331,1,317.091,0.195861
330.5,1,316.225,0.197563
330,1,315.359,0.199237
329.5,1,314.493,0.200893
329,1,313.627,0.200567
328.5,1,312.761,0.200087
328,1,311.895,0.199548
327.5,1,311.029,0.19895
327,1,310.163,0.198293
326.5,1,309.297,0.197576
326,1,308.431,0.195372
325.5,1,307.565,0.192237
325,1,306.699,0.189138
324.5,1,305.833,0.186045
324,1,304.967,0.18292
323.5,1,304.101,0.179764
323,1,303.235,0.177189
322.5,1,302.369,0.175945
322,1,301.503,0.1748
321.5,1,300.637,0.173756
321,1,299.771,0.172811
320.5,1,298.905,0.171967
320,1,298.038,0.171231
319.5,1,297.172,0.171324
319,1,296.306,0.171551
318.5,1,295.44,0.171955
318,1,294.574,0.172536
317.5,1,293.708,0.173294
317,1,292.842,0.174228
316.5,1,291.976,0.175079
316,1,291.11,0.175911
315.5,1,290.244,0.176823
315,1,289.378,0.177816
314.5,1,288.512,0.17889
314,1,287.646,0.179789
313.5,1,286.78,0.180647
313,1,285.914,0.181335
312.5,1,285.048,0.182103
312,1,284.182,0.182953
311.5,1,283.316,0.183883
311,1,282.45,0.184895
310.5,1,281.584,0.18596
310,1,280.718,0.186702
309.5,1,279.852,0.18752
309,1,278.986,0.188415
308.5,1,278.12,0.188948
308,1,277.254,0.189549
307.5,1,276.388,0.190233
307,1,275.522,0.190582
306.5,1,274.656,0.190878
306,1,273.79,0.191262
305.5,1,272.924,0.191732
305,1,272.058,0.192289
304.5,1,271.192,0.192933
304,1,270.326,0.193533
303.5,1,269.46,0.19404
303,1,268.594,0.194021
302.5,1,267.728,0.194079
302,1,266.862,0.194214
301.5,1,265.996,0.194427
301,1,265.13,0.194661
300.5,1,264.263,0.194545
300,1,263.397,0.194459
299.5,1,262.531,0.194404
299,1,261.665,0.194379
298.5,1,260.799,0.194385
298,1,259.933,0.194308
297.5,1,259.067,0.192984
297,1,258.201,0.191627
296.5,1,257.335,0.190281
296,1,256.469,0.188948
295.5,1,255.603,0.187626
295,1,254.737,0.186315
294.5,1,253.871,0.185003
294,1,253.005,0.183674
293.5,1,252.139,0.18234
293,1,251.273,0.180998
292.5,1,250.407,0.179641
292,1,249.541,0.178229
291.5,1,248.675,0.176807
291,1,247.809,0.175343
290.5,1,246.943,0.173876
290,1,246.077,0.172406
289.5,1,245.211,0.170933
289,1,244.345,0.169457
288.5,1,243.479,0.167978
288,1,242.613,0.166468
287.5,1,241.747,0.164952
287,1,240.881,0.163483
286.5,1,240.015,0.162183
286,1,239.149,0.16088
285.5,1,238.283,0.159574
285,1,237.417,0.158249
284.5,1,236.551,0.156908
284,1,235.685,0.155568
283.5,1,234.819,0.154229
283,1,233.953,0.152889
282.5,1,233.087,0.15155
282,1,232.221,0.150204
281.5,1,231.355,0.148884
281,1,230.488,0.14769
280.5,1,229.622,0.146501
280,1,228.756,0.145316
279.5,1,227.89,0.144136
279,1,227.024,0.142962
278.5,1,226.158,0.141774
278,1,225.292,0.140594
277.5,1,224.426,0.139424
277,1,223.56,0.138264
276.5,1,222.694,0.137113
276,1,221.828,0.136028
275.5,1,220.962,0.135046
275,1,220.096,0.134063
274.5,1,219.23,0.133088
274,1,218.364,0.132121
273.5,1,217.498,0.131161
273,1,216.632,0.130208
272.5,1,215.766,0.12926
272,1,214.9,0.128315
271.5,1,214.034,0.12738
271,1,213.168,0.126455
270.5,1,212.302,0.125579
270,1,211.436,0.124765
269.5,1,210.57,0.123958
269,1,209.704,0.123167
268.5,1,208.838,0.122384
268,1,207.972,0.12161
267.5,1,207.106,0.120843
267,1,206.24,0.120085
266.5,1,205.374,0.119335
266,1,204.508,0.118606
265.5,1,203.642,0.117892
265,1,202.776,0.117214
264.5,1,201.91,0.116572
264,1,201.044,0.115936
263.5,1,200.178,0.115306
263,1,199.312,0.114695
262.5,1,198.446,0.114112
262,1,197.58,0.113536
261.5,1,196.714,0.112968
261,1,195.847,0.112407
260.5,1,194.981,0.111853
260,1,194.115,0.111308
259.5,1,193.249,0.110826
259,1,192.383,0.110363
258.5,1,191.517,0.109907
258,1,190.651,0.109458
257.5,1,189.785,0.109015
257,1,188.919,0.108578
256.5,1,188.053,0.108184
256,1,187.187,0.10781
255.5,1,186.321,0.107442
255,1,185.455,0.107082
254.5,1,184.589,0.106728
254,1,183.723,0.106388
253.5,1,182.857,0.10608
253,1,181.991,0.105811
252.5,1,181.125,0.105547
252,1,180.259,0.105289
251.5,1,179.393,0.105036
251,1,178.527,0.104789
250.5,1,177.661,0.104552
250,1,176.795,0.10437
249.5,1,175.929,0.104193
249,1,175.063,0.104021
248.5,1,174.197,0.103859
248,1,173.331,0.103705
247.5,1,172.465,0.103555
247,1,171.599,0.103444
246.5,1,170.733,0.103347
246,1,169.867,0.103254
245.5,1,169.001,0.103164
245,1,168.135,0.103079
244.5,1,167.269,0.102997
244,1,166.403,0.102936
243.5,1,165.537,0.102898
243,1,164.671,0.102866
242.5,1,163.805,0.102838
242,1,162.939,0.102812
241.5,1,162.072,0.10279
241,1,161.206,0.102773
240.5,1,160.34,0.102783
240,1,159.474,0.102794
239.5,1,158.608,0.102807
239,1,157.742,0.102823
238.5,1,156.876,0.102841
238,1,156.01,0.102861
237.5,1,155.144,0.102902
237,1,154.278,0.10295
236.5,1,153.412,0.102999
236,1,152.546,0.103048
235.5,1,151.68,0.103099
235,1,150.814,0.103151
234.5,1,149.948,0.10321
234,1,149.082,0.103273
233.5,1,148.216,0.103337
233,1,147.35,0.103401
232.5,1,146.484,0.103466
232,1,145.618,0.103533
231.5,1,144.752,0.1036
231,1,143.886,0.103672
230.5,1,143.02,0.103743
230,1,142.154,0.103814
229.5,1,141.288,0.103886
229,1,140.422,0.103957
228.5,1,139.556,0.104029
228,1,138.69,0.104102
227.5,1,137.824,0.104174
227,1,136.958,0.104247
226.5,1,136.092,0.10432
226,1,135.226,0.104393
225.5,1,134.36,0.104465
225,1,133.494,0.104537
224.5,1,132.628,0.104607
224,1,131.762,0.104677
223.5,1,130.896,0.104747
223,1,130.03,0.104817
222.5,1,129.164,0.104887
222,1,128.297,0.104955
221.5,1,127.431,0.105021
221,1,126.565,0.105087
220.5,1,125.699,0.105153
220,1,124.833,0.105219
219.5,1,123.967,0.105284
219,1,123.101,0.105349
218.5,1,122.235,0.105412
218,1,121.369,0.105474
217.5,1,120.503,0.105536
217,1,119.637,0.105598
216.5,1,118.771,0.105659
216,1,117.905,0.10572
215.5,1,117.039,0.105779
215,1,116.173,0.105836
214.5,1,115.307,0.105892
214,1,114.441,0.105949
213.5,1,113.575,0.106005
213,1,112.709,0.106061
212.5,1,111.843,0.106114
212,1,110.977,0.106164
211.5,1,110.111,0.106213
211,1,109.245,0.106262
210.5,1,108.379,0.106311
210,1,107.513,0.106359
209.5,1,106.647,0.106407
209,1,105.781,0.106452
208.5,1,104.915,0.106496
208,1,104.049,0.10654
207.5,1,103.183,0.106584
207,1,102.317,0.106627
206.5,1,101.451,0.10667
206,1,100.585,0.106713
205.5,1,99.7187,0.106756
205,1,98.8526,0.106798
204.5,1,97.9866,0.10684
204,1,97.1206,0.106882
203.5,1,96.2546,0.106924
203,1,95.3885,0.106964
202.5,1,94.5225,0.107001
202,1,93.6565,0.107037
201.5,1,92.7905,0.107073
201,1,91.9244,0.10711
200.5,1,91.0584,0.107145
200,1,90.1924,0.107181
