x,y,z,b
500,1,609.808,0.109123
499.5,1,608.942,0.109123
499,1,608.076,0.109122
498.5,1,607.21,0.109122
498,1,606.344,0.109122
497.5,1,605.477,0.109122
497,1,604.611,0.109121
496.5,1,603.745,0.109121
496,1,602.879,0.109121
495.5,1,602.013,0.10912
495,1,601.147,0.10912
494.5,1,600.281,0.10912
494,1,599.415,0.10912
493.5,1,598.549,0.109119
493,1,597.683,0.109119
492.5,1,596.817,0.109119
492,1,595.951,0.109118
491.5,1,595.085,0.109118
491,1,594.219,0.109118
490.5,1,593.353,0.109117
490,1,592.487,0.109117
489.5,1,591.621,0.109116
489,1,590.755,0.109116
488.5,1,589.889,0.109116
488,1,589.023,0.109115
487.5,1,588.157,0.109115
487,1,587.291,0.109114
486.5,1,586.425,0.109114
486,1,585.559,0.109113
485.5,1,584.693,0.109113
485,1,583.827,0.109113
484.5,1,582.961,0.109112
484,1,582.095,0.109112
483.5,1,581.229,0.109111
483,1,580.363,0.109111
482.5,1,579.497,0.10911
482,1,578.631,0.10911
481.5,1,577.765,0.109109
481,1,576.899,0.109108
480.5,1,576.033,0.109108
480,1,575.167,0.109107
479.5,1,574.301,0.109107
479,1,573.435,0.109106
478.5,1,572.569,0.109105
478,1,571.703,0.109105
477.5,1,570.836,0.109104
477,1,569.97,0.109103
476.5,1,569.104,0.109103
476,1,568.238,0.109102
475.5,1,567.372,0.109101
475,1,566.506,0.1091
474.5,1,565.64,0.1091
474,1,564.774,0.109099
473.5,1,563.908,0.109098
473,1,563.042,0.109097
472.5,1,562.176,0.109096
472,1,561.31,0.109095
471.5,1,560.444,0.109094
471,1,559.578,0.109093
470.5,1,558.712,0.109092
470,1,557.846,0.109091
469.5,1,556.98,0.10909
469,1,556.114,0.109089
468.5,1,555.248,0.109088
468,1,554.382,0.109087
467.5,1,553.516,0.109086
467,1,552.65,0.109085
466.5,1,551.784,0.109084
466,1,550.918,0.109083
465.5,1,550.052,0.109081
465,1,549.186,0.10908
464.5,1,548.32,0.109079
464,1,547.454,0.109077
463.5,1,546.588,0.109076
463,1,545.722,0.109074
462.5,1,544.856,0.109073
462,1,543.99,0.109072
461.5,1,543.124,0.10907
461,1,542.258,0.109068
460.5,1,541.392,0.109067
460,1,540.526,0.109065
459.5,1,539.66,0.109063
459,1,538.794,0.109061
458.5,1,537.928,0.10906
458,1,537.061,0.109058
457.5,1,536.195,0.109056
457,1,535.329,0.109054
456.5,1,534.463,0.109052
456,1,533.597,0.10905
455.5,1,532.731,0.109047
455,1,531.865,0.109045
454.5,1,530.999,0.109042
454,1,530.133,0.10904
453.5,1,529.267,0.109037
453,1,528.401,0.109035
452.5,1,527.535,0.109032
452,1,526.669,0.109029
451.5,1,525.803,0.109027
451,1,524.937,0.109024
450.5,1,524.071,0.109021
450,1,523.205,0.109018
449.5,1,522.339,0.109015
449,1,521.473,0.109012
448.5,1,520.607,0.109008
448,1,519.741,0.109004
447.5,1,518.875,0.109001
447,1,518.009,0.108997
446.5,1,517.143,0.108993
446,1,516.277,0.108989
445.5,1,515.411,0.108985
445,1,514.545,0.108981
444.5,1,513.679,0.108976
444,1,512.813,0.108972
443.5,1,511.947,0.108968
443,1,511.081,0.108963
442.5,1,510.215,0.108957
442,1,509.349,0.108952
441.5,1,508.483,0.108946
441,1,507.617,0.108941
440.5,1,506.751,0.108935
440,1,505.885,0.10893
439.5,1,505.019,0.108923
439,1,504.153,0.108917
438.5,1,503.286,0.10891
438,1,502.42,0.108903
437.5,1,501.554,0.108897
437,1,500.688,0.10889
436.5,1,499.822,0.108882
436,1,498.956,0.108874
435.5,1,498.09,0.108865
435,1,497.224,0.108856
434.5,1,496.358,0.108848
434,1,495.492,0.108839
433.5,1,494.626,0.10883
433,1,493.76,0.108819
432.5,1,492.894,0.108809
432,1,492.028,0.108798
431.5,1,491.162,0.108788
431,1,490.296,0.108777
430.5,1,489.43,0.108766
430,1,488.564,0.108753
429.5,1,487.698,0.108739
429,1,486.832,0.108725
428.5,1,485.966,0.108711
428,1,485.1,0.108697
427.5,1,484.234,0.108683
427,1,483.368,0.108667
426.5,1,482.502,0.10865
426,1,481.636,0.108633
425.5,1,480.77,0.108615
425,1,479.904,0.108598
424.5,1,479.038,0.10858
424,1,478.172,0.10856
423.5,1,477.306,0.108538
423,1,476.44,0.108515
422.5,1,475.574,0.108492
422,1,474.708,0.108469
421.5,1,473.842,0.108445
421,1,472.976,0.108421
420.5,1,472.11,0.108392
420,1,471.244,0.108363
419.5,1,470.378,0.108334
419,1,469.512,0.108304
418.5,1,468.645,0.108274
418,1,467.779,0.108243
417.5,1,466.913,0.108207
417,1,466.047,0.108168
416.5,1,465.181,0.108128
416,1,464.315,0.108088
415.5,1,463.449,0.108047
415,1,462.583,0.108006
414.5,1,461.717,0.107961
414,1,460.851,0.107909
413.5,1,459.985,0.107857
413,1,459.119,0.107804
412.5,1,458.253,0.107752
412,1,457.387,0.107699
411.5,1,456.521,0.107644
411,1,455.655,0.107575
410.5,1,454.789,0.107505
410,1,453.923,0.107434
409.5,1,453.057,0.107362
409,1,452.191,0.107289
408.5,1,451.325,0.107216
408,1,450.459,0.107124
407.5,1,449.593,0.107027
407,1,448.727,0.106932
406.5,1,447.861,0.106838
406,1,446.995,0.106742
405.5,1,446.129,0.106646
405,1,445.263,0.106534
404.5,1,444.397,0.106406
404,1,443.531,0.106276
403.5,1,442.665,0.106145
403,1,441.799,0.106012
402.5,1,440.933,0.105878
402,1,440.067,0.105735
401.5,1,439.201,0.105561
401,1,438.335,0.105386
400.5,1,437.469,0.10521
400,1,436.603,0.105033
399.5,1,435.737,0.104855
399,1,434.87,0.104677
398.5,1,434.004,0.10441
398,1,433.138,0.104132
397.5,1,432.272,0.103853
397,1,431.406,0.103574
396.5,1,430.54,0.103294
396,1,429.674,0.103028
395.5,1,428.808,0.102664
395,1,427.942,0.102223
394.5,1,427.076,0.101781
394,1,426.21,0.101337
393.5,1,425.344,0.100893
393,1,424.478,0.100447
392.5,1,423.612,0.100075
392,1,422.746,0.0998954
391.5,1,421.88,0.0996687
391,1,421.014,0.0993962
390.5,1,420.148,0.0991407
390,1,419.282,0.0988511
389.5,1,418.416,0.0985273
389,1,417.55,0.0992357
388.5,1,416.684,0.0999563
388,1,415.818,0.100614
387.5,1,414.952,0.101208
387,1,414.086,0.101738
386.5,1,413.22,0.102205
386,1,412.354,0.104624
385.5,1,411.488,0.108119
385,1,410.622,0.11133
384.5,1,409.756,0.114267
384,1,408.89,0.116931
383.5,1,408.024,0.119321
383,1,407.158,0.124629
382.5,1,406.292,0.13696
382,1,405.426,0.149066
381.5,1,404.56,0.160946
381,1,403.694,0.172599
380.5,1,402.828,0.184027
380,1,401.962,0.19502
379.5,1,401.095,0.202313
379,1,400.229,0.210264
378.5,1,399.363,0.2189
378,1,398.497,0.228222
377.5,1,397.631,0.238229
377,1,396.765,0.248921
376.5,1,395.899,0.253824
376,1,395.033,0.255905
375.5,1,394.167,0.258198
375,1,393.301,0.260702
374.5,1,392.435,0.263259
374,1,391.569,0.265822
373.5,1,390.703,0.267833
373,1,389.837,0.267735
372.5,1,388.971,0.267713
372,1,388.105,0.267766
371.5,1,387.239,0.267895
371,1,386.373,0.268099
370.5,1,385.507,0.268321
370,1,384.641,0.267405
369.5,1,383.775,0.266518
369,1,382.909,0.265675
368.5,1,382.043,0.264942
368,1,381.177,0.264295
367.5,1,380.311,0.263735
367,1,379.445,0.261289
366.5,1,378.579,0.258483
366,1,377.713,0.256087
365.5,1,376.847,0.2541
365,1,375.981,0.252523
364.5,1,375.115,0.251354
364,1,374.249,0.249106
363.5,1,373.383,0.244726
363,1,372.517,0.24056
362.5,1,371.651,0.237018
362,1,370.785,0.2341
361.5,1,369.919,0.231805
361,1,369.053,0.229972
360.5,1,368.187,0.227186
360,1,367.321,0.224755
359.5,1,366.454,0.22268
359,1,365.588,0.220961
358.5,1,364.722,0.219597
358,1,363.856,0.21834
357.5,1,362.99,0.216491
357,1,362.124,0.215394
356.5,1,361.258,0.215307
356,1,360.392,0.21623
355.5,1,359.526,0.218162
355,1,358.66,0.221103
354.5,1,357.794,0.224855
354,1,356.928,0.229469
353.5,1,356.062,0.235194
353,1,355.196,0.242029
352.5,1,354.33,0.239134
352,1,353.464,0.222622
351.5,1,352.598,0.199912
351,1,351.732,0.156672
350.5,1,350.866,0.116433
350,1,350,0.0791927
349.5,1,349.134,0.0449528
349,1,348.268,0.0137129
348.5,1,347.402,-0.0145269
348,1,346.536,-0.0120851
347.5,1,345.67,-0.00107429
347,1,344.804,0.0179783
346.5,1,343.938,0.0400173
346,1,343.072,0.0595944
345.5,1,342.206,0.0767096
345,1,341.34,0.0858918
344.5,1,340.474,0.0892674
344,1,339.608,0.092209
343.5,1,338.742,0.0947164
343,1,337.876,0.0967898
342.5,1,337.01,0.0984292
342,1,336.144,0.0998479
341.5,1,335.278,0.10128
341,1,334.412,0.102374
340.5,1,333.546,0.103501
340,1,332.679,0.104662
339.5,1,331.813,0.105857
339,1,330.947,0.107086
338.5,1,330.081,0.107516
338,1,329.215,0.107845
337.5,1,328.349,0.108164
337,1,327.483,0.108475
336.5,1,326.617,0.108777
336,1,325.751,0.109155
335.5,1,324.885,0.109597
335,1,324.019,0.110042
334.5,1,323.153,0.110464
334,1,322.287,0.110862
333.5,1,321.421,0.111237
333,1,320.555,0.111587
332.5,1,319.689,0.11185
332,1,318.823,0.111924
331.5,1,317.957,0.11199
331,1,317.091,0.112046
330.5,1,316.225,0.112084
330,1,315.359,0.112118
329.5,1,314.493,0.112152
329,1,313.627,0.112214
328.5,1,312.761,0.112272
328,1,311.895,0.112326
327.5,1,311.029,0.112375
327,1,310.163,0.11242
326.5,1,309.297,0.112459
326,1,308.431,0.112443
325.5,1,307.565,0.112398
325,1,306.699,0.112356
324.5,1,305.833,0.112314
324,1,304.967,0.112271
323.5,1,304.101,0.112227
323,1,303.235,0.112181
322.5,1,302.369,0.112136
322,1,301.503,0.112092
321.5,1,300.637,0.112048
321,1,299.771,0.112004
320.5,1,298.905,0.111962
320,1,298.038,0.11192
319.5,1,297.172,0.111854
319,1,296.306,0.11179
318.5,1,295.44,0.111727
318,1,294.574,0.111666
317.5,1,293.708,0.111606
317,1,292.842,0.111547
316.5,1,291.976,0.11149
316,1,291.11,0.111434
315.5,1,290.244,0.111378
315,1,289.378,0.111323
314.5,1,288.512,0.111268
314,1,287.646,0.111214
313.5,1,286.78,0.111161
313,1,285.914,0.111108
312.5,1,285.048,0.111055
312,1,284.182,0.111003
311.5,1,283.316,0.110952
311,1,282.45,0.110901
310.5,1,281.584,0.110852
310,1,280.718,0.110805
309.5,1,279.852,0.11076
309,1,278.986,0.110716
308.5,1,278.12,0.110673
308,1,277.254,0.110631
307.5,1,276.388,0.110589
307,1,275.522,0.110549
306.5,1,274.656,0.11051
306,1,273.79,0.110472
305.5,1,272.924,0.110434
305,1,272.058,0.110398
304.5,1,271.192,0.110362
304,1,270.326,0.110328
303.5,1,269.46,0.110295
303,1,268.594,0.110263
302.5,1,267.728,0.110232
302,1,266.862,0.110202
301.5,1,265.996,0.110172
301,1,265.13,0.110143
300.5,1,264.263,0.110116
300,1,263.397,0.110089
299.5,1,262.531,0.110063
299,1,261.665,0.110037
298.5,1,260.799,0.110012
298,1,259.933,0.109987
297.5,1,259.067,0.109965
297,1,258.201,0.109944
296.5,1,257.335,0.109922
296,1,256.469,0.109901
295.5,1,255.603,0.109881
295,1,254.737,0.109861
294.5,1,253.871,0.109842
294,1,253.005,0.109824
293.5,1,252.139,0.109806
293,1,251.273,0.109789
292.5,1,250.407,0.109771
292,1,249.541,0.109755
291.5,1,248.675,0.109739
291,1,247.809,0.109724
290.5,1,246.943,0.109709
290,1,246.077,0.109695
289.5,1,245.211,0.109681
289,1,244.345,0.109667
288.5,1,243.479,0.109653
288,1,242.613,0.10964
287.5,1,241.747,0.109628
287,1,240.881,0.109616
286.5,1,240.015,0.109605
286,1,239.149,0.109593
285.5,1,238.283,0.109582
285,1,237.417,0.109571
284.5,1,236.551,0.109561
284,1,235.685,0.109551
283.5,1,234.819,0.109541
283,1,233.953,0.109532
282.5,1,233.087,0.109522
282,1,232.221,0.109513
281.5,1,231.355,0.109504
281,1,230.488,0.109496
280.5,1,229.622,0.109488
280,1,228.756,0.10948
279.5,1,227.89,0.109472
279,1,227.024,0.109464
278.5,1,226.158,0.109457
278,1,225.292,0.10945
277.5,1,224.426,0.109442
277,1,223.56,0.109436
276.5,1,222.694,0.109429
276,1,221.828,0.109422
275.5,1,220.962,0.109416
275,1,220.096,0.10941
274.5,1,219.23,0.109404
274,1,218.364,0.109398
273.5,1,217.498,0.109393
273,1,216.632,0.109387
272.5,1,215.766,0.109381
272,1,214.9,0.109376
271.5,1,214.034,0.109371
271,1,213.168,0.109366
270.5,1,212.302,0.109361
270,1,211.436,0.109356
269.5,1,210.57,0.109352
269,1,209.704,0.109347
268.5,1,208.838,0.109343
268,1,207.972,0.109339
267.5,1,207.106,0.109335
267,1,206.24,0.109331
266.5,1,205.374,0.109326
266,1,204.508,0.109323
265.5,1,203.642,0.109319
265,1,202.776,0.109315
264.5,1,201.91,0.109312
264,1,201.044,0.109308
263.5,1,200.178,0.109304
263,1,199.312,0.109301
262.5,1,198.446,0.109298
262,1,197.58,0.109295
261.5,1,196.714,0.109292
261,1,195.847,0.109289
260.5,1,194.981,0.109286
260,1,194.115,0.109283
259.5,1,193.249,0.10928
259,1,192.383,0.109277
258.5,1,191.517,0.109275
258,1,190.651,0.109272
257.5,1,189.785,0.109269
257,1,188.919,0.109267
256.5,1,188.053,0.109264
256,1,187.187,0.109262
255.5,1,186.321,0.10926
255,1,185.455,0.109258
254.5,1,184.589,0.109256
254,1,183.723,0.109253
253.5,1,182.857,0.109251
253,1,181.991,0.109249
252.5,1,181.125,0.109247
252,1,180.259,0.109245
251.5,1,179.393,0.109243
251,1,178.527,0.109241
250.5,1,177.661,0.109239
250,1,176.795,0.109237
249.5,1,175.929,0.109236
249,1,175.063,0.109234
248.5,1,174.197,0.109232
248,1,173.331,0.10923
247.5,1,172.465,0.109229
247,1,171.599,0.109227
246.5,1,170.733,0.109225
246,1,169.867,0.109224
245.5,1,169.001,0.109222
245,1,168.135,0.109221
244.5,1,167.269,0.109219
244,1,166.403,0.109218
243.5,1,165.537,0.109217
243,1,164.671,0.109215
242.5,1,163.805,0.109214
242,1,162.939,0.109213
241.5,1,162.072,0.109212
241,1,161.206,0.10921
240.5,1,160.34,0.109209
240,1,159.474,0.109208
239.5,1,158.608,0.109207
239,1,157.742,0.109206
238.5,1,156.876,0.109204
238,1,156.01,0.109203
237.5,1,155.144,0.109202
237,1,154.278,0.109201
236.5,1,153.412,0.1092
236,1,152.546,0.109199
235.5,1,151.68,0.109198
235,1,150.814,0.109197
234.5,1,149.948,0.109196
234,1,149.082,0.109195
233.5,1,148.216,0.109194
233,1,147.35,0.109194
232.5,1,146.484,0.109193
232,1,145.618,0.109192
231.5,1,144.752,0.109191
231,1,143.886,0.10919
230.5,1,143.02,0.109189
230,1,142.154,0.109188
229.5,1,141.288,0.109188
229,1,140.422,0.109187
228.5,1,139.556,0.109186
228,1,138.69,0.109185
227.5,1,137.824,0.109184
227,1,136.958,0.109184
226.5,1,136.092,0.109183
226,1,135.226,0.109182
225.5,1,134.36,0.109181
225,1,133.494,0.109181
224.5,1,132.628,0.10918
224,1,131.762,0.109179
223.5,1,130.896,0.109179
223,1,130.03,0.109178
222.5,1,129.164,0.109177
222,1,128.297,0.109177
221.5,1,127.431,0.109176
221,1,126.565,0.109176
220.5,1,125.699,0.109175
220,1,124.833,0.109174
219.5,1,123.967,0.109174
219,1,123.101,0.109173
218.5,1,122.235,0.109173
218,1,121.369,0.109172
217.5,1,120.503,0.109171
217,1,119.637,0.109171
216.5,1,118.771,0.10917
216,1,117.905,0.10917
215.5,1,117.039,0.109169
215,1,116.173,0.109169
214.5,1,115.307,0.109168
214,1,114.441,0.109168
213.5,1,113.575,0.109167
213,1,112.709,0.109167
212.5,1,111.843,0.109166
212,1,110.977,0.109166
211.5,1,110.111,0.109165
211,1,109.245,0.109165
210.5,1,108.379,0.109164
210,1,107.513,0.109164
209.5,1,106.647,0.109163
209,1,105.781,0.109163
208.5,1,104.915,0.109162
208,1,104.049,0.109162
207.5,1,103.183,0.109162
207,1,102.317,0.109161
206.5,1,101.451,0.109161
206,1,100.585,0.10916
205.5,1,99.7187,0.10916
205,1,98.8526,0.109159
204.5,1,97.9866,0.109159
204,1,97.1206,0.109159
203.5,1,96.2546,0.109158
203,1,95.3885,0.109158
202.5,1,94.5225,0.109157
202,1,93.6565,0.109157
201.5,1,92.7905,0.109157
201,1,91.9244,0.109156
200.5,1,91.0584,0.109156
200,1,90.1924,0.109155
