x,y,z,b
500,1,609.808,0.112948
499.5,1,608.942,0.112984
499,1,608.076,0.11302
498.5,1,607.21,0.113057
498,1,606.344,0.113094
497.5,1,605.477,0.113133
497,1,604.611,0.113172
496.5,1,603.745,0.113218
496,1,602.879,0.113269
495.5,1,602.013,0.11332
495,1,601.147,0.113372
494.5,1,600.281,0.113426
494,1,599.415,0.113481
493.5,1,598.549,0.113531
493,1,597.683,0.113571
492.5,1,596.817,0.113612
492,1,595.951,0.113655
491.5,1,595.085,0.113699
491,1,594.219,0.113746
490.5,1,593.353,0.113794
490,1,592.487,0.113872
489.5,1,591.621,0.113953
489,1,590.755,0.114036
488.5,1,589.889,0.114121
488,1,589.023,0.114209
487.5,1,588.157,0.1143
487,1,587.291,0.11441
486.5,1,586.425,0.114532
486,1,585.559,0.114657
485.5,1,584.693,0.114786
485,1,583.827,0.11492
484.5,1,582.961,0.115057
484,1,582.095,0.11522
483.5,1,581.229,0.115424
483,1,580.363,0.115633
482.5,1,579.497,0.115849
482,1,578.631,0.11607
481.5,1,577.765,0.116298
481,1,576.899,0.116537
480.5,1,576.033,0.116863
480,1,575.167,0.117197
479.5,1,574.301,0.11754
479,1,573.435,0.117892
478.5,1,572.569,0.118252
478,1,571.703,0.118614
477.5,1,570.836,0.119079
477,1,569.97,0.119585
476.5,1,569.104,0.1201
476,1,568.238,0.120625
475.5,1,567.372,0.121159
475,1,566.506,0.121703
474.5,1,565.64,0.122308
474,1,564.774,0.122992
473.5,1,563.908,0.123687
473,1,563.042,0.12439
472.5,1,562.176,0.125064
472,1,561.31,0.125742
471.5,1,560.444,0.126443
471,1,559.578,0.127283
470.5,1,558.712,0.128129
470,1,557.846,0.128983
469.5,1,556.98,0.129844
469,1,556.114,0.130711
468.5,1,555.248,0.131587
468,1,554.382,0.132549
467.5,1,553.516,0.133523
467,1,552.65,0.134423
466.5,1,551.784,0.135323
466,1,550.918,0.136224
465.5,1,550.052,0.137126
465,1,549.186,0.138043
464.5,1,548.32,0.138977
464,1,547.454,0.139913
463.5,1,546.588,0.140851
463,1,545.722,0.14179
462.5,1,544.856,0.142731
462,1,543.99,0.143627
461.5,1,543.124,0.144329
461,1,542.258,0.145037
460.5,1,541.392,0.145751
460,1,540.526,0.146471
459.5,1,539.66,0.147197
459,1,538.794,0.147928
458.5,1,537.928,0.148575
458,1,537.061,0.149224
457.5,1,536.195,0.149891
457,1,535.329,0.150576
456.5,1,534.463,0.151238
456,1,533.597,0.151811
455.5,1,532.731,0.152446
455,1,531.865,0.153139
454.5,1,530.999,0.15385
454,1,530.133,0.154579
453.5,1,529.267,0.155326
453,1,528.401,0.156091
452.5,1,527.535,0.156887
452,1,526.669,0.157745
451.5,1,525.803,0.158623
451,1,524.937,0.159439
450.5,1,524.071,0.160095
450,1,523.205,0.160747
449.5,1,522.339,0.161393
449,1,521.473,0.161898
448.5,1,520.607,0.162398
448,1,519.741,0.162904
447.5,1,518.875,0.163417
447,1,518.009,0.163937
446.5,1,517.143,0.164465
446,1,516.277,0.164757
445.5,1,515.411,0.164829
445,1,514.545,0.164813
444.5,1,513.679,0.164818
444,1,512.813,0.164846
443.5,1,511.947,0.164895
443,1,511.081,0.164901
442.5,1,510.215,0.164766
442,1,509.349,0.164654
441.5,1,508.483,0.164563
441,1,507.617,0.164494
440.5,1,506.751,0.164447
440,1,505.885,0.164395
439.5,1,505.019,0.164278
439,1,504.153,0.164181
438.5,1,503.286,0.164105
438,1,502.42,0.16405
437.5,1,501.554,0.164016
437,1,500.688,0.164003
436.5,1,499.822,0.16388
436,1,498.956,0.163696
435.5,1,498.09,0.163516
435,1,497.224,0.163341
434.5,1,496.358,0.163121
434,1,495.492,0.162878
433.5,1,494.626,0.162557
433,1,493.76,0.162066
432.5,1,492.894,0.161609
432,1,492.028,0.161186
431.5,1,491.162,0.160797
431,1,490.296,0.160442
430.5,1,489.43,0.160118
430,1,488.564,0.159725
429.5,1,487.698,0.159357
429,1,486.832,0.158946
428.5,1,485.966,0.158536
428,1,485.1,0.158178
427.5,1,484.234,0.157873
427,1,483.368,0.157725
426.5,1,482.502,0.157674
426,1,481.636,0.157675
425.5,1,480.77,0.157731
425,1,479.904,0.15784
424.5,1,479.038,0.158002
424,1,478.172,0.158261
423.5,1,477.306,0.158452
423,1,476.44,0.158583
422.5,1,475.574,0.158743
422,1,474.708,0.158932
421.5,1,473.842,0.159151
421,1,472.976,0.159411
420.5,1,472.11,0.15984
420,1,471.244,0.160309
419.5,1,470.378,0.160817
419,1,469.512,0.161363
418.5,1,468.645,0.161948
418,1,467.779,0.162631
417.5,1,466.913,0.163372
417,1,466.047,0.164161
416.5,1,465.181,0.165002
416,1,464.315,0.165895
415.5,1,463.449,0.16684
415,1,462.583,0.167837
414.5,1,461.717,0.168807
414,1,460.851,0.169748
413.5,1,459.985,0.17076
413,1,459.119,0.171842
412.5,1,458.253,0.173036
412,1,457.387,0.174288
411.5,1,456.521,0.175513
411,1,455.655,0.176348
410.5,1,454.789,0.177249
410,1,453.923,0.178214
409.5,1,453.057,0.179244
409,1,452.191,0.180339
408.5,1,451.325,0.181499
408,1,450.459,0.182152
407.5,1,449.593,0.182672
407,1,448.727,0.183007
406.5,1,447.861,0.183321
406,1,446.995,0.183646
405.5,1,446.129,0.183982
405,1,445.263,0.184292
404.5,1,444.397,0.184575
404,1,443.531,0.184862
403.5,1,442.665,0.185155
403,1,441.799,0.185452
402.5,1,440.933,0.185755
402,1,440.067,0.186037
401.5,1,439.201,0.18609
401,1,438.335,0.186148
400.5,1,437.469,0.186225
400,1,436.603,0.186321
399.5,1,435.737,0.186436
399,1,434.87,0.18657
398.5,1,434.004,0.185639
398,1,433.138,0.184586
397.5,1,432.272,0.18356
397,1,431.406,0.182561
396.5,1,430.54,0.181589
396,1,429.674,0.180594
395.5,1,428.808,0.178911
395,1,427.942,0.176597
394.5,1,427.076,0.174188
394,1,426.21,0.171684
393.5,1,425.344,0.169085
393,1,424.478,0.16639
392.5,1,423.612,0.163519
392,1,422.746,0.160358
391.5,1,421.88,0.157176
391,1,421.014,0.153973
390.5,1,420.148,0.150774
390,1,419.282,0.147557
389.5,1,418.416,0.144322
389,1,417.55,0.143044
388.5,1,416.684,0.141867
388,1,415.818,0.140651
387.5,1,414.952,0.139398
387,1,414.086,0.138106
386.5,1,413.22,0.136776
386,1,412.354,0.13691
385.5,1,411.488,0.137943
385,1,410.622,0.138924
384.5,1,409.756,0.139867
384,1,408.89,0.140772
383.5,1,408.024,0.141641
383,1,407.158,0.142541
382.5,1,406.292,0.143603
382,1,405.426,0.144693
381.5,1,404.56,0.145809
381,1,403.694,0.146953
380.5,1,402.828,0.148123
380,1,401.962,0.149302
379.5,1,401.095,0.149181
379,1,400.229,0.149051
378.5,1,399.363,0.148925
378,1,398.497,0.148803
377.5,1,397.631,0.148684
377,1,396.765,0.148569
376.5,1,395.899,0.148271
376,1,395.033,0.14791
375.5,1,394.167,0.147581
375,1,393.301,0.147283
374.5,1,392.435,0.147027
374,1,391.569,0.146858
373.5,1,390.703,0.147136
373,1,389.837,0.148207
372.5,1,388.971,0.149413
372,1,388.105,0.150753
371.5,1,387.239,0.152228
371,1,386.373,0.153837
370.5,1,385.507,0.155584
370,1,384.641,0.157532
369.5,1,383.775,0.159658
369,1,382.909,0.161974
368.5,1,382.043,0.16449
368,1,381.177,0.167173
367.5,1,380.311,0.170026
367,1,379.445,0.17228
366.5,1,378.579,0.174461
366,1,377.713,0.176856
365.5,1,376.847,0.179465
365,1,375.981,0.182289
364.5,1,375.115,0.185326
364,1,374.249,0.187403
363.5,1,373.383,0.187738
363,1,372.517,0.187899
362.5,1,371.651,0.188463
362,1,370.785,0.189429
361.5,1,369.919,0.190797
361,1,369.053,0.192567
360.5,1,368.187,0.194871
360,1,367.321,0.197813
359.5,1,366.454,0.201391
359,1,365.588,0.205607
358.5,1,364.722,0.210459
358,1,363.856,0.214723
357.5,1,362.99,0.214956
357,1,362.124,0.214628
356.5,1,361.258,0.214439
356,1,360.392,0.21439
355.5,1,359.526,0.214482
355,1,358.66,0.214713
354.5,1,357.794,0.227005
354,1,356.928,0.253422
353.5,1,356.062,0.280876
353,1,355.196,0.309365
352.5,1,354.33,0.332414
352,1,353.464,0.345374
351.5,1,352.598,0.349924
351,1,351.732,0.330844
350.5,1,350.866,0.31366
350,1,350,0.298371
349.5,1,349.134,0.284979
349,1,348.268,0.273482
348.5,1,347.402,0.263881
348,1,346.536,0.254644
347.5,1,345.67,0.247535
347,1,344.804,0.244426
346.5,1,343.938,0.243915
346,1,343.072,0.244266
345.5,1,342.206,0.245479
345,1,341.34,0.245157
344.5,1,340.474,0.242772
344,1,339.608,0.240227
343.5,1,338.742,0.237522
343,1,337.876,0.234657
342.5,1,337.01,0.231632
342,1,336.144,0.228247
341.5,1,335.278,0.223665
341,1,334.412,0.2189
340.5,1,333.546,0.214222
340,1,332.679,0.209631
339.5,1,331.813,0.205126
339,1,330.947,0.200709
338.5,1,330.081,0.198723
338,1,329.215,0.197072
337.5,1,328.349,0.195492
337,1,327.483,0.193982
336.5,1,326.617,0.192541
336,1,325.751,0.191352
335.5,1,324.885,0.191289
335,1,324.019,0.19197
334.5,1,323.153,0.192694
334,1,322.287,0.193462
333.5,1,321.421,0.194274
333,1,320.555,0.195129
332.5,1,319.689,0.196124
332,1,318.823,0.197399
331.5,1,317.957,0.198675
331,1,317.091,0.199953
330.5,1,316.225,0.201275
330,1,315.359,0.202592
329.5,1,314.493,0.203881
329,1,313.627,0.204872
328.5,1,312.761,0.205812
328,1,311.895,0.206715
327.5,1,311.029,0.207582
327,1,310.163,0.208412
326.5,1,309.297,0.209205
326,1,308.431,0.208907
325.5,1,307.565,0.207905
325,1,306.699,0.206652
324.5,1,305.833,0.205287
324,1,304.967,0.20385
323.5,1,304.101,0.202342
323,1,303.235,0.200686
322.5,1,302.369,0.198883
322,1,301.503,0.197132
321.5,1,300.637,0.195432
321,1,299.771,0.193784
320.5,1,298.905,0.192187
320,1,298.038,0.190646
319.5,1,297.172,0.189957
319,1,296.306,0.189426
318.5,1,295.44,0.188982
318,1,294.574,0.188623
317.5,1,293.708,0.18835
317,1,292.842,0.188163
316.5,1,291.976,0.187874
316,1,291.11,0.187508
315.5,1,290.244,0.187129
315,1,289.378,0.186738
314.5,1,288.512,0.186336
314,1,287.646,0.18659
313.5,1,286.78,0.186951
313,1,285.914,0.187231
312.5,1,285.048,0.187573
312,1,284.182,0.187976
311.5,1,283.316,0.18844
311,1,282.45,0.188966
310.5,1,281.584,0.189538
310,1,280.718,0.189884
309.5,1,279.852,0.190146
309,1,278.986,0.190326
308.5,1,278.12,0.190588
308,1,277.254,0.191011
307.5,1,276.388,0.191594
307,1,275.522,0.192277
306.5,1,274.656,0.192953
306,1,273.79,0.193624
305.5,1,272.924,0.194288
305,1,272.058,0.194945
304.5,1,271.192,0.195596
304,1,270.326,0.196149
303.5,1,269.46,0.196474
303,1,268.594,0.19621
302.5,1,267.728,0.195974
302,1,266.862,0.195767
301.5,1,265.996,0.195589
301,1,265.13,0.195432
300.5,1,264.263,0.195216
300,1,263.397,0.194981
299.5,1,262.531,0.194726
299,1,261.665,0.194453
298.5,1,260.799,0.194161
298,1,259.933,0.193769
297.5,1,259.067,0.192732
297,1,258.201,0.191766
296.5,1,257.335,0.190846
296,1,256.469,0.189971
295.5,1,255.603,0.189141
295,1,254.737,0.188357
294.5,1,253.871,0.187572
294,1,253.005,0.186727
293.5,1,252.139,0.185852
293,1,251.273,0.184945
292.5,1,250.407,0.183808
292,1,249.541,0.181589
291.5,1,248.675,0.179359
291,1,247.809,0.177053
290.5,1,246.943,0.174766
290,1,246.077,0.1725
289.5,1,245.211,0.170253
289,1,244.345,0.168026
288.5,1,243.479,0.165819
288,1,242.613,0.163543
287.5,1,241.747,0.161269
287,1,240.881,0.159117
286.5,1,240.015,0.157344
286,1,239.149,0.155576
285.5,1,238.283,0.153811
285,1,237.417,0.152009
284.5,1,236.551,0.150184
284,1,235.685,0.148371
283.5,1,234.819,0.14657
283,1,233.953,0.144783
282.5,1,233.087,0.143008
282,1,232.221,0.141234
281.5,1,231.355,0.13951
281,1,230.488,0.137986
280.5,1,229.622,0.136476
280,1,228.756,0.134982
279.5,1,227.89,0.133503
279,1,227.024,0.132038
278.5,1,226.158,0.130571
278,1,225.292,0.129125
277.5,1,224.426,0.127701
277,1,223.56,0.1263
276.5,1,222.694,0.124923
276,1,221.828,0.123636
275.5,1,220.962,0.122511
275,1,220.096,0.121412
274.5,1,219.23,0.12033
274,1,218.364,0.119263
273.5,1,217.498,0.118213
273,1,216.632,0.117179
272.5,1,215.766,0.116175
272,1,214.9,0.115224
271.5,1,214.034,0.114293
271,1,213.168,0.113381
270.5,1,212.302,0.112526
270,1,211.436,0.111741
269.5,1,210.57,0.110969
269,1,209.704,0.110286
268.5,1,208.838,0.109619
268,1,207.972,0.108966
267.5,1,207.106,0.108327
267,1,206.24,0.107702
266.5,1,205.374,0.10709
266,1,204.508,0.106551
265.5,1,203.642,0.106058
265,1,202.776,0.105593
264.5,1,201.91,0.105157
264,1,201.044,0.104732
263.5,1,200.178,0.104316
263,1,199.312,0.103943
262.5,1,198.446,0.103643
262,1,197.58,0.103351
261.5,1,196.714,0.103069
261,1,195.847,0.102797
260.5,1,194.981,0.102533
260,1,194.115,0.102282
259.5,1,193.249,0.102128
259,1,192.383,0.101989
258.5,1,191.517,0.101856
258,1,190.651,0.101729
257.5,1,189.785,0.101609
257,1,188.919,0.101494
256.5,1,188.053,0.101431
256,1,187.187,0.101391
255.5,1,186.321,0.101355
255,1,185.455,0.101324
254.5,1,184.589,0.101297
254,1,183.723,0.101277
253.5,1,182.857,0.101282
253,1,181.991,0.101317
252.5,1,181.125,0.101355
252,1,180.259,0.101396
251.5,1,179.393,0.101441
251,1,178.527,0.101489
250.5,1,177.661,0.101542
250,1,176.795,0.101624
249.5,1,175.929,0.101707
249,1,175.063,0.101791
248.5,1,174.197,0.101878
248,1,173.331,0.101966
247.5,1,172.465,0.102055
247,1,171.599,0.102152
246.5,1,170.733,0.102251
246,1,169.867,0.10235
245.5,1,169.001,0.10245
245,1,168.135,0.10255
244.5,1,167.269,0.10265
244,1,166.403,0.102752
243.5,1,165.537,0.102856
243,1,164.671,0.10296
242.5,1,163.805,0.103065
242,1,162.939,0.103169
241.5,1,162.072,0.103273
241,1,161.206,0.103376
240.5,1,160.34,0.103479
240,1,159.474,0.10358
239.5,1,158.608,0.103682
239,1,157.742,0.103783
238.5,1,156.876,0.103883
238,1,156.01,0.103984
237.5,1,155.144,0.104081
237,1,154.278,0.104177
236.5,1,153.412,0.104272
236,1,152.546,0.104367
235.5,1,151.68,0.104462
235,1,150.814,0.104556
234.5,1,149.948,0.104647
234,1,149.082,0.104735
233.5,1,148.216,0.104822
233,1,147.35,0.104909
232.5,1,146.484,0.104996
232,1,145.618,0.105082
231.5,1,144.752,0.105166
231,1,143.886,0.105246
230.5,1,143.02,0.105325
230,1,142.154,0.105404
229.5,1,141.288,0.105482
229,1,140.422,0.10556
228.5,1,139.556,0.105637
228,1,138.69,0.105709
227.5,1,137.824,0.105779
227,1,136.958,0.105849
226.5,1,136.092,0.105919
226,1,135.226,0.105988
225.5,1,134.36,0.106057
225,1,133.494,0.106122
224.5,1,132.628,0.106184
224,1,131.762,0.106246
223.5,1,130.896,0.106307
223,1,130.03,0.106368
222.5,1,129.164,0.106428
222,1,128.297,0.106487
221.5,1,127.431,0.106542
221,1,126.565,0.106596
220.5,1,125.699,0.10665
220,1,124.833,0.106704
219.5,1,123.967,0.106757
219,1,123.101,0.10681
218.5,1,122.235,0.106858
218,1,121.369,0.106906
217.5,1,120.503,0.106954
217,1,119.637,0.107001
216.5,1,118.771,0.107048
216,1,117.905,0.107094
215.5,1,117.039,0.107138
215,1,116.173,0.107179
214.5,1,115.307,0.10722
214,1,114.441,0.107261
213.5,1,113.575,0.107302
213,1,112.709,0.107342
212.5,1,111.843,0.10738
212,1,110.977,0.107415
211.5,1,110.111,0.107449
211,1,109.245,0.107483
210.5,1,108.379,0.107517
210,1,107.513,0.10755
209.5,1,106.647,0.107583
209,1,105.781,0.107614
208.5,1,104.915,0.107644
208,1,104.049,0.107674
207.5,1,103.183,0.107704
207,1,102.317,0.107734
206.5,1,101.451,0.107763
206,1,100.585,0.107791
205.5,1,99.7187,0.107819
205,1,98.8526,0.107847
204.5,1,97.9866,0.107875
204,1,97.1206,0.107902
203.5,1,96.2546,0.107929
203,1,95.3885,0.107954
202.5,1,94.5225,0.107977
202,1,93.6565,0.107999
201.5,1,92.7905,0.108022
201,1,91.9244,0.108044
200.5,1,91.0584,0.108066
200,1,90.1924,0.108087
