x,y,z,b
500,1,609.808,0.106578
499.5,1,608.942,0.106617
499,1,608.076,0.106657
498.5,1,607.21,0.106698
498,1,606.344,0.10674
497.5,1,605.477,0.106783
497,1,604.611,0.106826
496.5,1,603.745,0.106884
496,1,602.879,0.106952
495.5,1,602.013,0.107021
495,1,601.147,0.107091
494.5,1,600.281,0.107165
494,1,599.415,0.107241
493.5,1,598.549,0.107326
493,1,597.683,0.107429
492.5,1,596.817,0.107534
492,1,595.951,0.107641
491.5,1,595.085,0.10775
491,1,594.219,0.10786
490.5,1,593.353,0.107973
490,1,592.487,0.108113
489.5,1,591.621,0.108255
489,1,590.755,0.108402
488.5,1,589.889,0.108551
488,1,589.023,0.108704
487.5,1,588.157,0.108858
487,1,587.291,0.109035
486.5,1,586.425,0.109222
486,1,585.559,0.109413
485.5,1,584.693,0.109607
485,1,583.827,0.109804
484.5,1,582.961,0.110004
484,1,582.095,0.110219
483.5,1,581.229,0.11046
483,1,580.363,0.110706
482.5,1,579.497,0.110956
482,1,578.631,0.11121
481.5,1,577.765,0.111468
481,1,576.899,0.111733
480.5,1,576.033,0.112028
480,1,575.167,0.112327
479.5,1,574.301,0.112632
479,1,573.435,0.112943
478.5,1,572.569,0.113258
478,1,571.703,0.113586
477.5,1,570.836,0.113939
477,1,569.97,0.114306
476.5,1,569.104,0.11468
476,1,568.238,0.115061
475.5,1,567.372,0.115448
475,1,566.506,0.115843
474.5,1,565.64,0.116252
474,1,564.774,0.116679
473.5,1,563.908,0.117113
473,1,563.042,0.117557
472.5,1,562.176,0.118019
472,1,561.31,0.118492
471.5,1,560.444,0.118976
471,1,559.578,0.119495
470.5,1,558.712,0.120026
470,1,557.846,0.120568
469.5,1,556.98,0.121122
469,1,556.114,0.121688
468.5,1,555.248,0.122265
468,1,554.382,0.122881
467.5,1,553.516,0.12352
467,1,552.65,0.124194
466.5,1,551.784,0.124885
466,1,550.918,0.125594
465.5,1,550.052,0.126322
465,1,549.186,0.127097
464.5,1,548.32,0.127928
464,1,547.454,0.128783
463.5,1,546.588,0.129663
463,1,545.722,0.130568
462.5,1,544.856,0.131498
462,1,543.99,0.13248
461.5,1,543.124,0.133613
461,1,542.258,0.134782
460.5,1,541.392,0.135986
460,1,540.526,0.137227
459.5,1,539.66,0.138503
459,1,538.794,0.139815
458.5,1,537.928,0.141003
458,1,537.061,0.142165
457.5,1,536.195,0.143325
457,1,535.329,0.144483
456.5,1,534.463,0.145619
456,1,533.597,0.146696
455.5,1,532.731,0.147475
455,1,531.865,0.147966
454.5,1,530.999,0.14839
454,1,530.133,0.148748
453.5,1,529.267,0.14904
453,1,528.401,0.149265
452.5,1,527.535,0.149426
452,1,526.669,0.149562
451.5,1,525.803,0.149687
451,1,524.937,0.149803
450.5,1,524.071,0.149933
450,1,523.205,0.150083
449.5,1,522.339,0.150252
449,1,521.473,0.150951
448.5,1,520.607,0.151733
448,1,519.741,0.152553
447.5,1,518.875,0.153411
447,1,518.009,0.154307
446.5,1,517.143,0.15524
446,1,516.277,0.156406
445.5,1,515.411,0.157639
445,1,514.545,0.158762
444.5,1,513.679,0.159887
444,1,512.813,0.161015
443.5,1,511.947,0.162145
443,1,511.081,0.163205
442.5,1,510.215,0.164071
442,1,509.349,0.164918
441.5,1,508.483,0.165746
441,1,507.617,0.166555
440.5,1,506.751,0.167344
440,1,505.885,0.167974
439.5,1,505.019,0.168285
439,1,504.153,0.168563
438.5,1,503.286,0.168812
438,1,502.42,0.169032
437.5,1,501.554,0.169223
437,1,500.688,0.169384
436.5,1,499.822,0.169709
436,1,498.956,0.170145
435.5,1,498.09,0.170601
435,1,497.224,0.171078
434.5,1,496.358,0.171399
434,1,495.492,0.171551
433.5,1,494.626,0.171803
433,1,493.76,0.172277
432.5,1,492.894,0.172744
432,1,492.028,0.173205
431.5,1,491.162,0.17366
431,1,490.296,0.174108
430.5,1,489.43,0.174555
430,1,488.564,0.175232
429.5,1,487.698,0.175921
429,1,486.832,0.176412
428.5,1,485.966,0.176671
428,1,485.1,0.176812
427.5,1,484.234,0.176837
427,1,483.368,0.176969
426.5,1,482.502,0.177066
426,1,481.636,0.177036
425.5,1,480.77,0.176881
425,1,479.904,0.1766
424.5,1,479.038,0.176193
424,1,478.172,0.175775
423.5,1,477.306,0.175268
423,1,476.44,0.174511
422.5,1,475.574,0.173584
422,1,474.708,0.172487
421.5,1,473.842,0.171219
421,1,472.976,0.169818
420.5,1,472.11,0.168679
420,1,471.244,0.16741
419.5,1,470.378,0.166013
419,1,469.512,0.164486
418.5,1,468.645,0.16283
418,1,467.779,0.161907
417.5,1,466.913,0.161377
417,1,466.047,0.16083
416.5,1,465.181,0.160226
416,1,464.315,0.159567
415.5,1,463.449,0.158852
415,1,462.583,0.15808
414.5,1,461.717,0.157471
414,1,460.851,0.157062
413.5,1,459.985,0.15659
413,1,459.119,0.156054
412.5,1,458.253,0.156138
412,1,457.387,0.156373
411.5,1,456.521,0.156553
411,1,455.655,0.156603
410.5,1,454.789,0.156656
410,1,453.923,0.156712
409.5,1,453.057,0.156769
409,1,452.191,0.156829
408.5,1,451.325,0.156891
408,1,450.459,0.156751
407.5,1,449.593,0.156664
407,1,448.727,0.157002
406.5,1,447.861,0.157478
406,1,446.995,0.158029
405.5,1,446.129,0.158657
405,1,445.263,0.159364
404.5,1,444.397,0.160141
404,1,443.531,0.160982
403.5,1,442.665,0.161887
403,1,441.799,0.162857
402.5,1,440.933,0.163891
402,1,440.067,0.164953
401.5,1,439.201,0.166058
401,1,438.335,0.167229
400.5,1,437.469,0.16845
400,1,436.603,0.169721
399.5,1,435.737,0.171043
399,1,434.87,0.172415
398.5,1,434.004,0.17362
398,1,433.138,0.174778
397.5,1,432.272,0.175915
397,1,431.406,0.177031
396.5,1,430.54,0.178125
396,1,429.674,0.179372
395.5,1,428.808,0.180887
395,1,427.942,0.182519
394.5,1,427.076,0.184053
394,1,426.21,0.18549
393.5,1,425.344,0.186829
393,1,424.478,0.18807
392.5,1,423.612,0.188754
392,1,422.746,0.187987
391.5,1,421.88,0.187166
391,1,421.014,0.186292
390.5,1,420.148,0.185346
390,1,419.282,0.18438
389.5,1,418.416,0.183393
389,1,417.55,0.181643
388.5,1,416.684,0.179884
388,1,415.818,0.17817
387.5,1,414.952,0.176501
387,1,414.086,0.174877
386.5,1,413.22,0.173299
386,1,412.354,0.171091
385.5,1,411.488,0.168529
385,1,410.622,0.165905
384.5,1,409.756,0.163342
384,1,408.89,0.160842
383.5,1,408.024,0.158404
383,1,407.158,0.156359
382.5,1,406.292,0.155141
382,1,405.426,0.153996
381.5,1,404.56,0.152923
381,1,403.694,0.151923
380.5,1,402.828,0.150996
380,1,401.962,0.150065
379.5,1,401.095,0.149294
379,1,400.229,0.14865
378.5,1,399.363,0.14813
378,1,398.497,0.147733
377.5,1,397.631,0.14746
377,1,396.765,0.147309
376.5,1,395.899,0.147586
376,1,395.033,0.148181
375.5,1,394.167,0.148957
375,1,393.301,0.149915
374.5,1,392.435,0.150982
374,1,391.569,0.151948
373.5,1,390.703,0.153134
373,1,389.837,0.154701
372.5,1,388.971,0.156553
372,1,388.105,0.158689
371.5,1,387.239,0.16111
371,1,386.373,0.163816
370.5,1,385.507,0.166772
370,1,384.641,0.169199
369.5,1,383.775,0.171745
369,1,382.909,0.173931
368.5,1,382.043,0.175035
368,1,381.177,0.176305
367.5,1,380.311,0.177741
367,1,379.445,0.178477
366.5,1,378.579,0.179137
366,1,377.713,0.180053
365.5,1,376.847,0.181224
365,1,375.981,0.182651
364.5,1,375.115,0.184332
364,1,374.249,0.185613
363.5,1,373.383,0.185946
363,1,372.517,0.186291
362.5,1,371.651,0.187258
362,1,370.785,0.188847
361.5,1,369.919,0.191057
361,1,369.053,0.193574
360.5,1,368.187,0.193697
360,1,367.321,0.194019
359.5,1,366.454,0.194542
359,1,365.588,0.195265
358.5,1,364.722,0.196188
358,1,363.856,0.197537
357.5,1,362.99,0.193618
357,1,362.124,0.188016
356.5,1,361.258,0.182352
356,1,360.392,0.176625
355.5,1,359.526,0.170836
355,1,358.66,0.164983
354.5,1,357.794,0.172425
354,1,356.928,0.198346
353.5,1,356.062,0.22911
353,1,355.196,0.264717
352.5,1,354.33,0.296219
352,1,353.464,0.315623
351.5,1,352.598,0.325912
351,1,351.732,0.310091
350.5,1,350.866,0.295822
350,1,350,0.283105
349.5,1,349.134,0.271938
349,1,348.268,0.262323
348.5,1,347.402,0.25426
348,1,346.536,0.251017
347.5,1,345.67,0.24894
347,1,344.804,0.249867
346.5,1,343.938,0.252654
346,1,343.072,0.254805
345.5,1,342.206,0.25632
345,1,341.34,0.255258
344.5,1,340.474,0.252051
344,1,339.608,0.248502
343.5,1,338.742,0.244612
343,1,337.876,0.240381
342.5,1,337.01,0.235809
342,1,336.144,0.231937
341.5,1,335.278,0.233472
341,1,334.412,0.236721
340.5,1,333.546,0.240688
340,1,332.679,0.245375
339.5,1,331.813,0.25078
339,1,330.947,0.256905
338.5,1,330.081,0.270052
338,1,329.215,0.283632
337.5,1,328.349,0.29688
337,1,327.483,0.309793
336.5,1,326.617,0.322374
336,1,325.751,0.332779
335.5,1,324.885,0.338051
335,1,324.019,0.340784
334.5,1,323.153,0.343683
334,1,322.287,0.346746
333.5,1,321.421,0.349975
333,1,320.555,0.35337
332.5,1,319.689,0.356163
332,1,318.823,0.356979
331.5,1,317.957,0.357869
331,1,317.091,0.358832
330.5,1,316.225,0.358431
330,1,315.359,0.358314
329.5,1,314.493,0.359169
329,1,313.627,0.358578
328.5,1,312.761,0.358051
328,1,311.895,0.357684
327.5,1,311.029,0.357478
327,1,310.163,0.357433
326.5,1,309.297,0.357548
326,1,308.431,0.357425
325.5,1,307.565,0.357142
325,1,306.699,0.356634
324.5,1,305.833,0.356223
324,1,304.967,0.356001
323.5,1,304.101,0.355968
323,1,303.235,0.356023
322.5,1,302.369,0.355962
322,1,301.503,0.355944
321.5,1,300.637,0.355972
321,1,299.771,0.356044
320.5,1,298.905,0.35616
320,1,298.038,0.356309
319.5,1,297.172,0.354031
319,1,296.306,0.34996
318.5,1,295.44,0.344183
318,1,294.574,0.3367
317.5,1,293.708,0.327511
317,1,292.842,0.316617
316.5,1,291.976,0.302617
316,1,291.11,0.28648
315.5,1,290.244,0.268851
315,1,289.378,0.249732
314.5,1,288.512,0.229121
314,1,287.646,0.211717
313.5,1,286.78,0.198286
313,1,285.914,0.189485
312.5,1,285.048,0.18223
312,1,284.182,0.176521
311.5,1,283.316,0.172358
311,1,282.45,0.169742
310.5,1,281.584,0.168689
310,1,280.718,0.1693
309.5,1,279.852,0.171215
309,1,278.986,0.174432
308.5,1,278.12,0.178079
308,1,277.254,0.18145
307.5,1,276.388,0.184548
307,1,275.522,0.187142
306.5,1,274.656,0.189315
306,1,273.79,0.191135
305.5,1,272.924,0.1926
305,1,272.058,0.193711
304.5,1,271.192,0.194469
304,1,270.326,0.194893
303.5,1,269.46,0.194876
303,1,268.594,0.192129
302.5,1,267.728,0.189157
302,1,266.862,0.185959
301.5,1,265.996,0.182536
301,1,265.13,0.17871
300.5,1,264.263,0.173432
300,1,263.397,0.168034
299.5,1,262.531,0.162516
299,1,261.665,0.156877
298.5,1,260.799,0.151119
298,1,259.933,0.145351
297.5,1,259.067,0.140393
297,1,258.201,0.135608
296.5,1,257.335,0.131076
296,1,256.469,0.126797
295.5,1,255.603,0.122772
295,1,254.737,0.119
294.5,1,253.871,0.11582
294,1,253.005,0.113204
293.5,1,252.139,0.110788
293,1,251.273,0.108571
292.5,1,250.407,0.106612
292,1,249.541,0.105099
291.5,1,248.675,0.10377
291,1,247.809,0.102978
290.5,1,246.943,0.10223
290,1,246.077,0.101529
289.5,1,245.211,0.100872
289,1,244.345,0.100261
288.5,1,243.479,0.0996955
288,1,242.613,0.0994511
287.5,1,241.747,0.0992724
287,1,240.881,0.099122
286.5,1,240.015,0.0990157
286,1,239.149,0.0989183
285.5,1,238.283,0.0988298
285,1,237.417,0.0988384
284.5,1,236.551,0.0989278
284,1,235.685,0.0990248
283.5,1,234.819,0.0991292
283,1,233.953,0.0992412
282.5,1,233.087,0.0993608
282,1,232.221,0.0995085
281.5,1,231.355,0.0997296
281,1,230.488,0.0999556
280.5,1,229.622,0.100181
280,1,228.756,0.100406
279.5,1,227.89,0.100631
279,1,227.024,0.100855
278.5,1,226.158,0.101069
278,1,225.292,0.101281
277.5,1,224.426,0.101492
277,1,223.56,0.101703
276.5,1,222.694,0.101912
276,1,221.828,0.102121
275.5,1,220.962,0.102321
275,1,220.096,0.102515
274.5,1,219.23,0.102707
274,1,218.364,0.102899
273.5,1,217.498,0.103089
273,1,216.632,0.103278
272.5,1,215.766,0.103461
272,1,214.9,0.10363
271.5,1,214.034,0.103798
271,1,213.168,0.103965
270.5,1,212.302,0.104131
270,1,211.436,0.104298
269.5,1,210.57,0.104463
269,1,209.704,0.104608
268.5,1,208.838,0.104752
268,1,207.972,0.104894
267.5,1,207.106,0.105036
267,1,206.24,0.105176
266.5,1,205.374,0.105315
266,1,204.508,0.105442
265.5,1,203.642,0.105561
265,1,202.776,0.105681
264.5,1,201.91,0.1058
264,1,201.044,0.105919
263.5,1,200.178,0.106036
263,1,199.312,0.106147
262.5,1,198.446,0.106248
262,1,197.58,0.106348
261.5,1,196.714,0.106447
261,1,195.847,0.106545
260.5,1,194.981,0.106642
260,1,194.115,0.106738
259.5,1,193.249,0.106822
259,1,192.383,0.106904
258.5,1,191.517,0.106987
258,1,190.651,0.107068
257.5,1,189.785,0.107148
257,1,188.919,0.107228
256.5,1,188.053,0.107299
256,1,187.187,0.107366
255.5,1,186.321,0.107433
255,1,185.455,0.107499
254.5,1,184.589,0.107564
254,1,183.723,0.107629
253.5,1,182.857,0.107691
253,1,181.991,0.107747
252.5,1,181.125,0.107802
252,1,180.259,0.107857
251.5,1,179.393,0.107911
251,1,178.527,0.107965
250.5,1,177.661,0.108018
250,1,176.795,0.108062
249.5,1,175.929,0.108107
249,1,175.063,0.108151
248.5,1,174.197,0.108194
248,1,173.331,0.108238
247.5,1,172.465,0.108281
247,1,171.599,0.108319
246.5,1,170.733,0.108356
246,1,169.867,0.108393
245.5,1,169.001,0.108429
245,1,168.135,0.108465
244.5,1,167.269,0.108501
244,1,166.403,0.108534
243.5,1,165.537,0.108563
243,1,164.671,0.108593
242.5,1,163.805,0.108622
242,1,162.939,0.108651
241.5,1,162.072,0.108679
241,1,161.206,0.108707
240.5,1,160.34,0.108731
240,1,159.474,0.108756
239.5,1,158.608,0.108779
239,1,157.742,0.108803
238.5,1,156.876,0.108827
238,1,156.01,0.10885
237.5,1,155.144,0.10887
237,1,154.278,0.108889
236.5,1,153.412,0.108908
236,1,152.546,0.108927
235.5,1,151.68,0.108946
235,1,150.814,0.108964
234.5,1,149.948,0.108981
234,1,149.082,0.108997
233.5,1,148.216,0.109012
233,1,147.35,0.109027
232.5,1,146.484,0.109043
232,1,145.618,0.109058
231.5,1,144.752,0.109072
231,1,143.886,0.109084
230.5,1,143.02,0.109096
230,1,142.154,0.109107
229.5,1,141.288,0.109119
229,1,140.422,0.10913
228.5,1,139.556,0.109141
228,1,138.69,0.109151
227.5,1,137.824,0.109161
227,1,136.958,0.10917
226.5,1,136.092,0.10918
226,1,135.226,0.109189
225.5,1,134.36,0.109199
225,1,133.494,0.109207
224.5,1,132.628,0.109214
224,1,131.762,0.109221
223.5,1,130.896,0.109227
223,1,130.03,0.109234
222.5,1,129.164,0.109241
222,1,128.297,0.109247
221.5,1,127.431,0.109253
221,1,126.565,0.109259
220.5,1,125.699,0.109264
220,1,124.833,0.10927
219.5,1,123.967,0.109275
219,1,123.101,0.109281
218.5,1,122.235,0.109285
218,1,121.369,0.109288
217.5,1,120.503,0.109292
217,1,119.637,0.109295
216.5,1,118.771,0.109299
216,1,117.905,0.109302
215.5,1,117.039,0.109306
215,1,116.173,0.109308
214.5,1,115.307,0.109311
214,1,114.441,0.109314
213.5,1,113.575,0.109317
213,1,112.709,0.10932
212.5,1,111.843,0.109322
212,1,110.977,0.109324
211.5,1,110.111,0.109325
211,1,109.245,0.109327
210.5,1,108.379,0.109328
210,1,107.513,0.109329
209.5,1,106.647,0.109331
209,1,105.781,0.109332
208.5,1,104.915,0.109333
208,1,104.049,0.109333
207.5,1,103.183,0.109334
207,1,102.317,0.109335
206.5,1,101.451,0.109336
206,1,100.585,0.109337
205.5,1,99.7187,0.109337
205,1,98.8526,0.109337
204.5,1,97.9866,0.109338
204,1,97.1206,0.109338
203.5,1,96.2546,0.109339
203,1,95.3885,0.109338
202.5,1,94.5225,0.109338
202,1,93.6565,0.109337
201.5,1,92.7905,0.109336
201,1,91.9244,0.109335
200.5,1,91.0584,0.109334
200,1,90.1924,0.109333
