x,y,z,b
500,1,609.808,0.109117
499.5,1,608.942,0.109116
499,1,608.076,0.109116
498.5,1,607.21,0.109115
498,1,606.344,0.109114
497.5,1,605.477,0.109114
497,1,604.611,0.109113
496.5,1,603.745,0.109113
496,1,602.879,0.109112
495.5,1,602.013,0.109112
495,1,601.147,0.109111
494.5,1,600.281,0.10911
494,1,599.415,0.10911
493.5,1,598.549,0.109109
493,1,597.683,0.109108
492.5,1,596.817,0.109108
492,1,595.951,0.109107
491.5,1,595.085,0.109106
491,1,594.219,0.109105
490.5,1,593.353,0.109105
490,1,592.487,0.109104
489.5,1,591.621,0.109103
489,1,590.755,0.109102
488.5,1,589.889,0.109101
488,1,589.023,0.1091
487.5,1,588.157,0.1091
487,1,587.291,0.109099
486.5,1,586.425,0.109098
486,1,585.559,0.109097
485.5,1,584.693,0.109096
485,1,583.827,0.109095
484.5,1,582.961,0.109094
484,1,582.095,0.109093
483.5,1,581.229,0.109092
483,1,580.363,0.10909
482.5,1,579.497,0.109089
482,1,578.631,0.109088
481.5,1,577.765,0.109087
481,1,576.899,0.109086
480.5,1,576.033,0.109085
480,1,575.167,0.109083
479.5,1,574.301,0.109082
479,1,573.435,0.109081
478.5,1,572.569,0.109079
478,1,571.703,0.109078
477.5,1,570.836,0.109076
477,1,569.97,0.109075
476.5,1,569.104,0.109073
476,1,568.238,0.109072
475.5,1,567.372,0.10907
475,1,566.506,0.109069
474.5,1,565.64,0.109067
474,1,564.774,0.109065
473.5,1,563.908,0.109064
473,1,563.042,0.109062
472.5,1,562.176,0.10906
472,1,561.31,0.109058
471.5,1,560.444,0.109056
471,1,559.578,0.109054
470.5,1,558.712,0.109052
470,1,557.846,0.10905
469.5,1,556.98,0.109048
469,1,556.114,0.109046
468.5,1,555.248,0.109043
468,1,554.382,0.109041
467.5,1,553.516,0.109038
467,1,552.65,0.109036
466.5,1,551.784,0.109033
466,1,550.918,0.109031
465.5,1,550.052,0.109028
465,1,549.186,0.109025
464.5,1,548.32,0.109022
464,1,547.454,0.109019
463.5,1,546.588,0.109016
463,1,545.722,0.109013
462.5,1,544.856,0.10901
462,1,543.99,0.109007
461.5,1,543.124,0.109004
461,1,542.258,0.109
460.5,1,541.392,0.108996
460,1,540.526,0.108992
459.5,1,539.66,0.108989
459,1,538.794,0.108985
458.5,1,537.928,0.108981
458,1,537.061,0.108977
457.5,1,536.195,0.108972
457,1,535.329,0.108968
456.5,1,534.463,0.108964
456,1,533.597,0.108959
455.5,1,532.731,0.108955
455,1,531.865,0.108949
454.5,1,530.999,0.108944
454,1,530.133,0.108938
453.5,1,529.267,0.108933
453,1,528.401,0.108927
452.5,1,527.535,0.108922
452,1,526.669,0.108915
451.5,1,525.803,0.108909
451,1,524.937,0.108903
450.5,1,524.071,0.108896
450,1,523.205,0.10889
449.5,1,522.339,0.108884
449,1,521.473,0.108876
448.5,1,520.607,0.108868
448,1,519.741,0.10886
447.5,1,518.875,0.108852
447,1,518.009,0.108843
446.5,1,517.143,0.108835
446,1,516.277,0.108826
445.5,1,515.411,0.108816
445,1,514.545,0.108807
444.5,1,513.679,0.108797
444,1,512.813,0.108788
443.5,1,511.947,0.108778
443,1,511.081,0.108767
442.5,1,510.215,0.108755
442,1,509.349,0.108743
441.5,1,508.483,0.10873
441,1,507.617,0.108718
440.5,1,506.751,0.108705
440,1,505.885,0.108693
439.5,1,505.019,0.108678
439,1,504.153,0.108663
438.5,1,503.286,0.108648
438,1,502.42,0.108633
437.5,1,501.554,0.108618
437,1,500.688,0.108603
436.5,1,499.822,0.108585
436,1,498.956,0.108566
435.5,1,498.09,0.108546
435,1,497.224,0.108526
434.5,1,496.358,0.108507
434,1,495.492,0.108487
433.5,1,494.626,0.108466
433,1,493.76,0.108442
432.5,1,492.894,0.108418
432,1,492.028,0.108394
431.5,1,491.162,0.108369
431,1,490.296,0.108345
430.5,1,489.43,0.10832
430,1,488.564,0.108289
429.5,1,487.698,0.108257
429,1,486.832,0.108226
428.5,1,485.966,0.108194
428,1,485.1,0.108162
427.5,1,484.234,0.10813
427,1,483.368,0.108092
426.5,1,482.502,0.108053
426,1,481.636,0.108013
425.5,1,480.77,0.107973
425,1,479.904,0.107932
424.5,1,479.038,0.107891
424,1,478.172,0.107845
423.5,1,477.306,0.107793
423,1,476.44,0.10774
422.5,1,475.574,0.107687
422,1,474.708,0.107633
421.5,1,473.842,0.107579
421,1,472.976,0.107523
420.5,1,472.11,0.107456
420,1,471.244,0.107387
419.5,1,470.378,0.107318
419,1,469.512,0.107248
418.5,1,468.645,0.107178
418,1,467.779,0.107108
417.5,1,466.913,0.107023
417,1,466.047,0.106932
416.5,1,465.181,0.10684
416,1,464.315,0.106747
415.5,1,463.449,0.106653
415,1,462.583,0.106557
414.5,1,461.717,0.10645
414,1,460.851,0.106328
413.5,1,459.985,0.106204
413,1,459.119,0.106079
412.5,1,458.253,0.105956
412,1,457.387,0.105832
411.5,1,456.521,0.105704
411,1,455.655,0.105546
410.5,1,454.789,0.105387
410,1,453.923,0.105226
409.5,1,453.057,0.105063
409,1,452.191,0.104898
408.5,1,451.325,0.104731
408,1,450.459,0.104524
407.5,1,449.593,0.104307
407,1,448.727,0.104096
406.5,1,447.861,0.103885
406,1,446.995,0.103671
405.5,1,446.129,0.103456
405,1,445.263,0.103173
404.5,1,444.397,0.102823
404,1,443.531,0.10247
403.5,1,442.665,0.102112
403,1,441.799,0.10175
402.5,1,440.933,0.101383
402,1,440.067,0.101005
401.5,1,439.201,0.100593
401,1,438.335,0.100166
400.5,1,437.469,0.0997239
400,1,436.603,0.099267
399.5,1,435.737,0.0987951
399,1,434.87,0.0983083
398.5,1,434.004,0.0985613
398,1,433.138,0.0988926
397.5,1,432.272,0.0991975
397,1,431.406,0.0994761
396.5,1,430.54,0.0997282
396,1,429.674,0.0998965
395.5,1,428.808,0.100911
395,1,427.942,0.1026
394.5,1,427.076,0.104278
394,1,426.21,0.105945
393.5,1,425.344,0.107601
393,1,424.478,0.109246
392.5,1,423.612,0.113141
392,1,422.746,0.123974
391.5,1,421.88,0.135027
391,1,421.014,0.146259
390.5,1,420.148,0.156148
390,1,419.282,0.165645
389.5,1,418.416,0.174748
389,1,417.55,0.188175
388.5,1,416.684,0.202118
388,1,415.818,0.216266
387.5,1,414.952,0.230619
387,1,414.086,0.245177
386.5,1,413.22,0.259941
386,1,412.354,0.267899
385.5,1,411.488,0.271709
385,1,410.622,0.275485
384.5,1,409.756,0.279752
384,1,408.89,0.284508
383.5,1,408.024,0.289754
383,1,407.158,0.294186
382.5,1,406.292,0.295717
382,1,405.426,0.297093
381.5,1,404.56,0.298315
381,1,403.694,0.299383
380.5,1,402.828,0.300297
380,1,401.962,0.301057
379.5,1,401.095,0.302038
379,1,400.229,0.30283
378.5,1,399.363,0.303429
378,1,398.497,0.303835
377.5,1,397.631,0.304048
377,1,396.765,0.304069
376.5,1,395.899,0.303652
376,1,395.033,0.302976
375.5,1,394.167,0.302171
375,1,393.301,0.301236
374.5,1,392.435,0.300084
374,1,391.569,0.298442
373.5,1,390.703,0.296145
373,1,389.837,0.292611
372.5,1,388.971,0.288511
372,1,388.105,0.283845
371.5,1,387.239,0.278612
371,1,386.373,0.272814
370.5,1,385.507,0.266415
370,1,384.641,0.258864
369.5,1,383.775,0.250961
369,1,382.909,0.243723
368.5,1,382.043,0.238812
368,1,381.177,0.233672
367.5,1,380.311,0.228303
367,1,379.445,0.222774
366.5,1,378.579,0.217016
366,1,377.713,0.210998
365.5,1,376.847,0.20472
365,1,375.981,0.198183
364.5,1,375.115,0.191387
364,1,374.249,0.184775
363.5,1,373.383,0.180831
363,1,372.517,0.181171
362.5,1,371.651,0.181612
362,1,370.785,0.182154
361.5,1,369.919,0.182796
361,1,369.053,0.183608
360.5,1,368.187,0.184808
360,1,367.321,0.18554
359.5,1,366.454,0.185803
359,1,365.588,0.185599
358.5,1,364.722,0.184926
358,1,363.856,0.184413
357.5,1,362.99,0.18431
357,1,362.124,0.184908
356.5,1,361.258,0.186463
356,1,360.392,0.188975
355.5,1,359.526,0.192443
355,1,358.66,0.196868
354.5,1,357.794,0.203087
354,1,356.928,0.211719
353.5,1,356.062,0.222011
353,1,355.196,0.233964
352.5,1,354.33,0.23672
352,1,353.464,0.226472
351.5,1,352.598,0.210007
351,1,351.732,0.169612
350.5,1,350.866,0.132116
350,1,350,0.0975184
349.5,1,349.134,0.0658196
349,1,348.268,0.0370196
348.5,1,347.402,0.0111184
348,1,346.536,0.0041244
347.5,1,345.67,0.000897299
347,1,344.804,0.00394781
346.5,1,343.938,0.0127185
346,1,343.072,0.0222299
345.5,1,342.206,0.0324819
345,1,341.34,0.0467257
344.5,1,340.474,0.0621538
344,1,339.608,0.0750963
343.5,1,338.742,0.0855532
343,1,337.876,0.0935245
342.5,1,337.01,0.0990103
342,1,336.144,0.101918
341.5,1,335.278,0.102652
341,1,334.412,0.102929
340.5,1,333.546,0.103315
340,1,332.679,0.10381
339.5,1,331.813,0.104415
339,1,330.947,0.105129
338.5,1,330.081,0.105602
338,1,329.215,0.106051
337.5,1,328.349,0.106512
337,1,327.483,0.106984
336.5,1,326.617,0.107469
336,1,325.751,0.10808
335.5,1,324.885,0.10863
335,1,324.019,0.109094
334.5,1,323.153,0.109536
334,1,322.287,0.109955
333.5,1,321.421,0.110352
333,1,320.555,0.110727
332.5,1,319.689,0.111029
332,1,318.823,0.11118
331.5,1,317.957,0.111322
331,1,317.091,0.111454
330.5,1,316.225,0.111573
330,1,315.359,0.111686
329.5,1,314.493,0.111795
329,1,313.627,0.111898
328.5,1,312.761,0.111998
328,1,311.895,0.112093
327.5,1,311.029,0.112185
327,1,310.163,0.112274
326.5,1,309.297,0.112358
326,1,308.431,0.112387
325.5,1,307.565,0.112384
325,1,306.699,0.112384
324.5,1,305.833,0.112382
324,1,304.967,0.112379
323.5,1,304.101,0.112375
323,1,303.235,0.112369
322.5,1,302.369,0.112363
322,1,301.503,0.112355
321.5,1,300.637,0.112346
321,1,299.771,0.112337
320.5,1,298.905,0.112327
320,1,298.038,0.112315
319.5,1,297.172,0.112267
319,1,296.306,0.112219
318.5,1,295.44,0.112171
318,1,294.574,0.112125
317.5,1,293.708,0.112079
317,1,292.842,0.112033
316.5,1,291.976,0.111986
316,1,291.11,0.111939
315.5,1,290.244,0.111891
315,1,289.378,0.111844
314.5,1,288.512,0.111797
314,1,287.646,0.11175
313.5,1,286.78,0.1117
313,1,285.914,0.111647
312.5,1,285.048,0.111593
312,1,284.182,0.111541
311.5,1,283.316,0.111489
311,1,282.45,0.111437
310.5,1,281.584,0.111386
310,1,280.718,0.111336
309.5,1,279.852,0.111287
309,1,278.986,0.111238
308.5,1,278.12,0.111191
308,1,277.254,0.111144
307.5,1,276.388,0.111098
307,1,275.522,0.111052
306.5,1,274.656,0.111006
306,1,273.79,0.110962
305.5,1,272.924,0.110918
305,1,272.058,0.110874
304.5,1,271.192,0.110832
304,1,270.326,0.11079
303.5,1,269.46,0.110751
303,1,268.594,0.110711
302.5,1,267.728,0.110673
302,1,266.862,0.110635
301.5,1,265.996,0.110598
301,1,265.13,0.110561
300.5,1,264.263,0.110527
300,1,263.397,0.110493
299.5,1,262.531,0.110459
299,1,261.665,0.110426
298.5,1,260.799,0.110394
298,1,259.933,0.110362
297.5,1,259.067,0.110333
297,1,258.201,0.110304
296.5,1,257.335,0.110276
296,1,256.469,0.110248
295.5,1,255.603,0.11022
295,1,254.737,0.110193
294.5,1,253.871,0.110168
294,1,253.005,0.110143
293.5,1,252.139,0.110119
293,1,251.273,0.110095
292.5,1,250.407,0.110072
292,1,249.541,0.110049
291.5,1,248.675,0.110027
291,1,247.809,0.110006
290.5,1,246.943,0.109986
290,1,246.077,0.109966
289.5,1,245.211,0.109946
289,1,244.345,0.109927
288.5,1,243.479,0.109907
288,1,242.613,0.10989
287.5,1,241.747,0.109873
287,1,240.881,0.109856
286.5,1,240.015,0.109839
286,1,239.149,0.109823
285.5,1,238.283,0.109807
285,1,237.417,0.109792
284.5,1,236.551,0.109778
284,1,235.685,0.109763
283.5,1,234.819,0.109749
283,1,233.953,0.109735
282.5,1,233.087,0.109722
282,1,232.221,0.109709
281.5,1,231.355,0.109696
281,1,230.488,0.109684
280.5,1,229.622,0.109672
280,1,228.756,0.109661
279.5,1,227.89,0.109649
279,1,227.024,0.109638
278.5,1,226.158,0.109627
278,1,225.292,0.109617
277.5,1,224.426,0.109607
277,1,223.56,0.109597
276.5,1,222.694,0.109587
276,1,221.828,0.109577
275.5,1,220.962,0.109568
275,1,220.096,0.109559
274.5,1,219.23,0.109551
274,1,218.364,0.109542
273.5,1,217.498,0.109534
273,1,216.632,0.109526
272.5,1,215.766,0.109518
272,1,214.9,0.10951
271.5,1,214.034,0.109503
271,1,213.168,0.109495
270.5,1,212.302,0.109488
270,1,211.436,0.109481
269.5,1,210.57,0.109474
269,1,209.704,0.109467
268.5,1,208.838,0.109461
268,1,207.972,0.109454
267.5,1,207.106,0.109448
267,1,206.24,0.109442
266.5,1,205.374,0.109436
266,1,204.508,0.10943
265.5,1,203.642,0.109425
265,1,202.776,0.109419
264.5,1,201.91,0.109414
264,1,201.044,0.109408
263.5,1,200.178,0.109403
263,1,199.312,0.109398
262.5,1,198.446,0.109393
262,1,197.58,0.109389
261.5,1,196.714,0.109384
261,1,195.847,0.10938
260.5,1,194.981,0.109375
260,1,194.115,0.109371
259.5,1,193.249,0.109367
259,1,192.383,0.109362
258.5,1,191.517,0.109358
258,1,190.651,0.109354
257.5,1,189.785,0.10935
257,1,188.919,0.109346
256.5,1,188.053,0.109343
256,1,187.187,0.109339
255.5,1,186.321,0.109336
255,1,185.455,0.109332
254.5,1,184.589,0.109329
254,1,183.723,0.109325
253.5,1,182.857,0.109322
253,1,181.991,0.109319
252.5,1,181.125,0.109316
252,1,180.259,0.109313
251.5,1,179.393,0.10931
251,1,178.527,0.109307
250.5,1,177.661,0.109304
250,1,176.795,0.109301
249.5,1,175.929,0.109298
249,1,175.063,0.109295
248.5,1,174.197,0.109293
248,1,173.331,0.10929
247.5,1,172.465,0.109287
247,1,171.599,0.109285
246.5,1,170.733,0.109282
246,1,169.867,0.10928
245.5,1,169.001,0.109278
245,1,168.135,0.109275
244.5,1,167.269,0.109273
244,1,166.403,0.109271
243.5,1,165.537,0.109269
243,1,164.671,0.109267
242.5,1,163.805,0.109264
242,1,162.939,0.109262
241.5,1,162.072,0.109261
241,1,161.206,0.109259
240.5,1,160.34,0.109257
240,1,159.474,0.109255
239.5,1,158.608,0.109253
239,1,157.742,0.109251
238.5,1,156.876,0.109249
238,1,156.01,0.109248
237.5,1,155.144,0.109246
237,1,154.278,0.109244
236.5,1,153.412,0.109243
236,1,152.546,0.109241
235.5,1,151.68,0.10924
235,1,150.814,0.109238
234.5,1,149.948,0.109237
234,1,149.082,0.109235
233.5,1,148.216,0.109234
233,1,147.35,0.109232
232.5,1,146.484,0.109231
232,1,145.618,0.109229
231.5,1,144.752,0.109228
231,1,143.886,0.109227
230.5,1,143.02,0.109225
230,1,142.154,0.109224
229.5,1,141.288,0.109223
229,1,140.422,0.109222
228.5,1,139.556,0.10922
228,1,138.69,0.109219
227.5,1,137.824,0.109218
227,1,136.958,0.109217
226.5,1,136.092,0.109216
226,1,135.226,0.109214
225.5,1,134.36,0.109213
225,1,133.494,0.109212
224.5,1,132.628,0.109211
224,1,131.762,0.10921
223.5,1,130.896,0.109209
223,1,130.03,0.109208
222.5,1,129.164,0.109207
222,1,128.297,0.109206
221.5,1,127.431,0.109205
221,1,126.565,0.109204
220.5,1,125.699,0.109203
220,1,124.833,0.109202
219.5,1,123.967,0.109201
219,1,123.101,0.1092
218.5,1,122.235,0.109199
218,1,121.369,0.109199
217.5,1,120.503,0.109198
217,1,119.637,0.109197
216.5,1,118.771,0.109196
216,1,117.905,0.109195
215.5,1,117.039,0.109194
215,1,116.173,0.109194
214.5,1,115.307,0.109193
214,1,114.441,0.109192
213.5,1,113.575,0.109191
213,1,112.709,0.10919
212.5,1,111.843,0.10919
212,1,110.977,0.109189
211.5,1,110.111,0.109188
211,1,109.245,0.109188
210.5,1,108.379,0.109187
210,1,107.513,0.109186
209.5,1,106.647,0.109185
209,1,105.781,0.109185
208.5,1,104.915,0.109184
208,1,104.049,0.109183
207.5,1,103.183,0.109183
207,1,102.317,0.109182
206.5,1,101.451,0.109181
206,1,100.585,0.109181
205.5,1,99.7187,0.10918
205,1,98.8526,0.109179
204.5,1,97.9866,0.109179
204,1,97.1206,0.109178
203.5,1,96.2546,0.109178
203,1,95.3885,0.109177
202.5,1,94.5225,0.109177
202,1,93.6565,0.109176
201.5,1,92.7905,0.109175
201,1,91.9244,0.109175
200.5,1,91.0584,0.109174
200,1,90.1924,0.109174
