x,y,z,b
500,1,609.808,0.109035
499.5,1,608.942,0.109032
499,1,608.076,0.10903
498.5,1,607.21,0.109027
498,1,606.344,0.109024
497.5,1,605.477,0.109021
497,1,604.611,0.109019
496.5,1,603.745,0.109016
496,1,602.879,0.109013
495.5,1,602.013,0.10901
495,1,601.147,0.109007
494.5,1,600.281,0.109003
494,1,599.415,0.109
493.5,1,598.549,0.108997
493,1,597.683,0.108993
492.5,1,596.817,0.10899
492,1,595.951,0.108986
491.5,1,595.085,0.108982
491,1,594.219,0.108979
490.5,1,593.353,0.108975
490,1,592.487,0.108971
489.5,1,591.621,0.108967
489,1,590.755,0.108963
488.5,1,589.889,0.108958
488,1,589.023,0.108954
487.5,1,588.157,0.10895
487,1,587.291,0.108945
486.5,1,586.425,0.10894
486,1,585.559,0.108935
485.5,1,584.693,0.10893
485,1,583.827,0.108925
484.5,1,582.961,0.10892
484,1,582.095,0.108915
483.5,1,581.229,0.108909
483,1,580.363,0.108904
482.5,1,579.497,0.108898
482,1,578.631,0.108893
481.5,1,577.765,0.108887
481,1,576.899,0.108881
480.5,1,576.033,0.108874
480,1,575.167,0.108868
479.5,1,574.301,0.108861
479,1,573.435,0.108854
478.5,1,572.569,0.108847
478,1,571.703,0.10884
477.5,1,570.836,0.108833
477,1,569.97,0.108825
476.5,1,569.104,0.108817
476,1,568.238,0.108809
475.5,1,567.372,0.108801
475,1,566.506,0.108793
474.5,1,565.64,0.108785
474,1,564.774,0.108775
473.5,1,563.908,0.108766
473,1,563.042,0.108756
472.5,1,562.176,0.108747
472,1,561.31,0.108737
471.5,1,560.444,0.108727
471,1,559.578,0.108716
470.5,1,558.712,0.108705
470,1,557.846,0.108694
469.5,1,556.98,0.108683
469,1,556.114,0.108671
468.5,1,555.248,0.10866
468,1,554.382,0.108647
467.5,1,553.516,0.108634
467,1,552.65,0.10862
466.5,1,551.784,0.108606
466,1,550.918,0.108592
465.5,1,550.052,0.108579
465,1,549.186,0.108564
464.5,1,548.32,0.108548
464,1,547.454,0.108532
463.5,1,546.588,0.108516
463,1,545.722,0.1085
462.5,1,544.856,0.108484
462,1,543.99,0.108467
461.5,1,543.124,0.108447
461,1,542.258,0.108428
460.5,1,541.392,0.108408
460,1,540.526,0.108387
459.5,1,539.66,0.108367
459,1,538.794,0.108347
458.5,1,537.928,0.108324
458,1,537.061,0.108301
457.5,1,536.195,0.108277
457,1,535.329,0.108253
456.5,1,534.463,0.108229
456,1,533.597,0.108205
455.5,1,532.731,0.108178
455,1,531.865,0.108149
454.5,1,530.999,0.10812
454,1,530.133,0.108091
453.5,1,529.267,0.108061
453,1,528.401,0.108031
452.5,1,527.535,0.107999
452,1,526.669,0.107964
451.5,1,525.803,0.107928
451,1,524.937,0.107891
450.5,1,524.071,0.107855
450,1,523.205,0.107818
449.5,1,522.339,0.107781
449,1,521.473,0.107738
448.5,1,520.607,0.107694
448,1,519.741,0.107649
447.5,1,518.875,0.107604
447,1,518.009,0.107559
446.5,1,517.143,0.107513
446,1,516.277,0.107462
445.5,1,515.411,0.107408
445,1,514.545,0.107353
444.5,1,513.679,0.107298
444,1,512.813,0.107242
443.5,1,511.947,0.107186
443,1,511.081,0.107126
442.5,1,510.215,0.107058
442,1,509.349,0.10699
441.5,1,508.483,0.10692
441,1,507.617,0.10685
440.5,1,506.751,0.106779
440,1,505.885,0.106708
439.5,1,505.019,0.106625
439,1,504.153,0.10654
438.5,1,503.286,0.106455
438,1,502.42,0.106369
437.5,1,501.554,0.106282
437,1,500.688,0.106194
436.5,1,499.822,0.106093
436,1,498.956,0.105986
435.5,1,498.09,0.105878
435,1,497.224,0.105768
434.5,1,496.358,0.105657
434,1,495.492,0.105545
433.5,1,494.626,0.105426
433,1,493.76,0.105292
432.5,1,492.894,0.105156
432,1,492.028,0.105019
431.5,1,491.162,0.104881
431,1,490.296,0.104741
430.5,1,489.43,0.104599
430,1,488.564,0.104433
429.5,1,487.698,0.104264
429,1,486.832,0.104094
428.5,1,485.966,0.103923
428,1,485.1,0.10375
427.5,1,484.234,0.103575
427,1,483.368,0.10338
426.5,1,482.502,0.103176
426,1,481.636,0.102969
425.5,1,480.77,0.102761
425,1,479.904,0.10255
424.5,1,479.038,0.102337
424,1,478.172,0.102105
423.5,1,477.306,0.101846
423,1,476.44,0.101586
422.5,1,475.574,0.101322
422,1,474.708,0.101056
421.5,1,473.842,0.100787
421,1,472.976,0.100511
420.5,1,472.11,0.100189
420,1,471.244,0.0998634
419.5,1,470.378,0.0995339
419,1,469.512,0.0992005
418.5,1,468.645,0.0988632
418,1,467.779,0.0985291
417.5,1,466.913,0.0983927
417,1,466.047,0.0983143
416.5,1,465.181,0.0982339
416,1,464.315,0.0981515
415.5,1,463.449,0.0980672
415,1,462.583,0.0979809
414.5,1,461.717,0.098051
414,1,460.851,0.0983162
413.5,1,459.985,0.0985873
413,1,459.119,0.0988644
412.5,1,458.253,0.0992644
412,1,457.387,0.0997212
411.5,1,456.521,0.100331
411,1,455.655,0.101756
410.5,1,454.789,0.103203
410,1,453.923,0.104674
409.5,1,453.057,0.106167
409,1,452.191,0.107684
408.5,1,451.325,0.109223
408,1,450.459,0.111289
407.5,1,449.593,0.113445
407,1,448.727,0.115681
406.5,1,447.861,0.117832
406,1,446.995,0.119873
405.5,1,446.129,0.121803
405,1,445.263,0.123619
404.5,1,444.397,0.125365
404,1,443.531,0.127059
403.5,1,442.665,0.1287
403,1,441.799,0.130289
402.5,1,440.933,0.131825
402,1,440.067,0.133126
401.5,1,439.201,0.13596
401,1,438.335,0.139753
400.5,1,437.469,0.144301
400,1,436.603,0.149603
399.5,1,435.737,0.155661
399,1,434.87,0.162474
398.5,1,434.004,0.181525
398,1,433.138,0.20205
397.5,1,432.272,0.222412
397,1,431.406,0.242611
396.5,1,430.54,0.262647
396,1,429.674,0.281969
395.5,1,428.808,0.295232
395,1,427.942,0.304058
394.5,1,427.076,0.311955
394,1,426.21,0.318921
393.5,1,425.344,0.324958
393,1,424.478,0.330065
392.5,1,423.612,0.333336
392,1,422.746,0.333514
391.5,1,421.88,0.333665
391,1,421.014,0.333789
390.5,1,420.148,0.333858
390,1,419.282,0.333961
389.5,1,418.416,0.334098
389,1,417.55,0.334498
388.5,1,416.684,0.334962
388,1,415.818,0.335477
387.5,1,414.952,0.336041
387,1,414.086,0.336655
386.5,1,413.22,0.33732
386,1,412.354,0.338252
385.5,1,411.488,0.339251
385,1,410.622,0.33959
384.5,1,409.756,0.340248
384,1,408.89,0.341226
383.5,1,408.024,0.342523
383,1,407.158,0.343963
382.5,1,406.292,0.345193
382,1,405.426,0.346543
381.5,1,404.56,0.348016
381,1,403.694,0.34961
380.5,1,402.828,0.351326
380,1,401.962,0.352842
379.5,1,401.095,0.351613
379,1,400.229,0.350631
378.5,1,399.363,0.349908
378,1,398.497,0.349444
377.5,1,397.631,0.349239
377,1,396.765,0.349293
376.5,1,395.899,0.347608
376,1,395.033,0.344876
375.5,1,394.167,0.341986
375,1,393.301,0.33894
374.5,1,392.435,0.335348
374,1,391.569,0.330409
373.5,1,390.703,0.32177
373,1,389.837,0.306442
372.5,1,388.971,0.291297
372,1,388.105,0.276335
371.5,1,387.239,0.261556
371,1,386.373,0.246961
370.5,1,385.507,0.232732
370,1,384.641,0.222902
369.5,1,383.775,0.213995
369,1,382.909,0.206658
368.5,1,382.043,0.201901
368,1,381.177,0.198071
367.5,1,380.311,0.19517
367,1,379.445,0.19587
366.5,1,378.579,0.197837
366,1,377.713,0.199989
365.5,1,376.847,0.202325
365,1,375.981,0.204847
364.5,1,375.115,0.207552
364,1,374.249,0.20979
363.5,1,373.383,0.209558
363,1,372.517,0.206243
362.5,1,371.651,0.202287
362,1,370.785,0.19769
361.5,1,369.919,0.192452
361,1,369.053,0.186544
360.5,1,368.187,0.179929
360,1,367.321,0.173
359.5,1,366.454,0.165756
359,1,365.588,0.158196
358.5,1,364.722,0.150322
358,1,363.856,0.145667
357.5,1,362.99,0.150151
357,1,362.124,0.15646
356.5,1,361.258,0.163707
356,1,360.392,0.171892
355.5,1,359.526,0.181016
355,1,358.66,0.191078
354.5,1,357.794,0.210946
354,1,356.928,0.245231
353.5,1,356.062,0.285302
353,1,355.196,0.331157
352.5,1,354.33,0.363568
352,1,353.464,0.369851
351.5,1,352.598,0.355313
351,1,351.732,0.275124
350.5,1,350.866,0.205995
350,1,350,0.147926
349.5,1,349.134,0.100919
349,1,348.268,0.0649727
348.5,1,347.402,0.0400871
348,1,346.536,0.0421341
347.5,1,345.67,0.0440141
347,1,344.804,0.0426411
346.5,1,343.938,0.0409508
346,1,343.072,0.0389186
345.5,1,342.206,0.0365447
345,1,341.34,0.0431295
344.5,1,340.474,0.0570286
344,1,339.608,0.0697178
343.5,1,338.742,0.0811971
343,1,337.876,0.0914667
342.5,1,337.01,0.100526
342,1,336.144,0.106448
341.5,1,335.278,0.104579
341,1,334.412,0.102761
340.5,1,333.546,0.101208
340,1,332.679,0.09992
339.5,1,331.813,0.0988979
339,1,330.947,0.0981414
338.5,1,330.081,0.0994125
338,1,329.215,0.100865
337.5,1,328.349,0.102284
337,1,327.483,0.103669
336.5,1,326.617,0.105021
336,1,325.751,0.106442
335.5,1,324.885,0.107024
335,1,324.019,0.107038
334.5,1,323.153,0.107069
334,1,322.287,0.107119
333.5,1,321.421,0.107186
333,1,320.555,0.107272
332.5,1,319.689,0.107447
332,1,318.823,0.107816
331.5,1,317.957,0.108174
331,1,317.091,0.108521
330.5,1,316.225,0.10887
330,1,315.359,0.109214
329.5,1,314.493,0.109547
329,1,313.627,0.109679
328.5,1,312.761,0.109806
328,1,311.895,0.109935
327.5,1,311.029,0.110068
327,1,310.163,0.110204
326.5,1,309.297,0.110343
326,1,308.431,0.110474
325.5,1,307.565,0.110597
325,1,306.699,0.110722
324.5,1,305.833,0.110846
324,1,304.967,0.110968
323.5,1,304.101,0.111089
323,1,303.235,0.111195
322.5,1,302.369,0.111271
322,1,301.503,0.111345
321.5,1,300.637,0.111419
321,1,299.771,0.111491
320.5,1,298.905,0.111561
320,1,298.038,0.11163
319.5,1,297.172,0.111673
319,1,296.306,0.111714
318.5,1,295.44,0.111755
318,1,294.574,0.111794
317.5,1,293.708,0.111832
317,1,292.842,0.111869
316.5,1,291.976,0.111893
316,1,291.11,0.111911
315.5,1,290.244,0.111929
315,1,289.378,0.111946
314.5,1,288.512,0.111963
314,1,287.646,0.111978
313.5,1,286.78,0.111985
313,1,285.914,0.111979
312.5,1,285.048,0.111972
312,1,284.182,0.111966
311.5,1,283.316,0.111958
311,1,282.45,0.111951
310.5,1,281.584,0.111942
310,1,280.718,0.111928
309.5,1,279.852,0.111913
309,1,278.986,0.111897
308.5,1,278.12,0.111882
308,1,277.254,0.111867
307.5,1,276.388,0.111852
307,1,275.522,0.111828
306.5,1,274.656,0.1118
306,1,273.79,0.111773
305.5,1,272.924,0.111746
305,1,272.058,0.111719
304.5,1,271.192,0.111692
304,1,270.326,0.111663
303.5,1,269.46,0.111631
303,1,268.594,0.1116
302.5,1,267.728,0.111568
302,1,266.862,0.111537
301.5,1,265.996,0.111506
301,1,265.13,0.111474
300.5,1,264.263,0.111439
300,1,263.397,0.111404
299.5,1,262.531,0.11137
299,1,261.665,0.111335
298.5,1,260.799,0.111301
298,1,259.933,0.111268
297.5,1,259.067,0.111234
297,1,258.201,0.1112
296.5,1,257.335,0.111166
296,1,256.469,0.111133
295.5,1,255.603,0.1111
295,1,254.737,0.111068
294.5,1,253.871,0.111035
294,1,253.005,0.111002
293.5,1,252.139,0.11097
293,1,251.273,0.110938
292.5,1,250.407,0.110906
292,1,249.541,0.110875
291.5,1,248.675,0.110845
291,1,247.809,0.110815
290.5,1,246.943,0.110785
290,1,246.077,0.110756
289.5,1,245.211,0.110727
289,1,244.345,0.110698
288.5,1,243.479,0.11067
288,1,242.613,0.110642
287.5,1,241.747,0.110615
287,1,240.881,0.110588
286.5,1,240.015,0.110562
286,1,239.149,0.110536
285.5,1,238.283,0.110511
285,1,237.417,0.110486
284.5,1,236.551,0.110461
284,1,235.685,0.110437
283.5,1,234.819,0.110414
283,1,233.953,0.11039
282.5,1,233.087,0.110367
282,1,232.221,0.110345
281.5,1,231.355,0.110323
281,1,230.488,0.110301
280.5,1,229.622,0.11028
280,1,228.756,0.110259
279.5,1,227.89,0.110239
279,1,227.024,0.110219
278.5,1,226.158,0.110199
278,1,225.292,0.11018
277.5,1,224.426,0.110161
277,1,223.56,0.110143
276.5,1,222.694,0.110124
276,1,221.828,0.110106
275.5,1,220.962,0.110089
275,1,220.096,0.110072
274.5,1,219.23,0.110056
274,1,218.364,0.11004
273.5,1,217.498,0.110023
273,1,216.632,0.110008
272.5,1,215.766,0.109992
272,1,214.9,0.109977
271.5,1,214.034,0.109962
271,1,213.168,0.109948
270.5,1,212.302,0.109933
270,1,211.436,0.109919
269.5,1,210.57,0.109905
269,1,209.704,0.109892
268.5,1,208.838,0.109879
268,1,207.972,0.109866
267.5,1,207.106,0.109853
267,1,206.24,0.10984
266.5,1,205.374,0.109828
266,1,204.508,0.109816
265.5,1,203.642,0.109804
265,1,202.776,0.109793
264.5,1,201.91,0.109782
264,1,201.044,0.10977
263.5,1,200.178,0.109759
263,1,199.312,0.109749
262.5,1,198.446,0.109739
262,1,197.58,0.109729
261.5,1,196.714,0.109719
261,1,195.847,0.109709
260.5,1,194.981,0.109699
260,1,194.115,0.109689
259.5,1,193.249,0.10968
259,1,192.383,0.109671
258.5,1,191.517,0.109662
258,1,190.651,0.109653
257.5,1,189.785,0.109645
257,1,188.919,0.109636
256.5,1,188.053,0.109628
256,1,187.187,0.10962
255.5,1,186.321,0.109612
255,1,185.455,0.109604
254.5,1,184.589,0.109596
254,1,183.723,0.109588
253.5,1,182.857,0.109581
253,1,181.991,0.109574
252.5,1,181.125,0.109567
252,1,180.259,0.10956
251.5,1,179.393,0.109553
251,1,178.527,0.109546
250.5,1,177.661,0.109539
250,1,176.795,0.109533
249.5,1,175.929,0.109527
249,1,175.063,0.109521
248.5,1,174.197,0.109515
248,1,173.331,0.109509
247.5,1,172.465,0.109504
247,1,171.599,0.109498
246.5,1,170.733,0.109492
246,1,169.867,0.109487
245.5,1,169.001,0.109481
245,1,168.135,0.109476
244.5,1,167.269,0.10947
244,1,166.403,0.109465
243.5,1,165.537,0.10946
243,1,164.671,0.109455
242.5,1,163.805,0.10945
242,1,162.939,0.109445
241.5,1,162.072,0.10944
241,1,161.206,0.109436
240.5,1,160.34,0.109431
240,1,159.474,0.109427
239.5,1,158.608,0.109422
239,1,157.742,0.109418
238.5,1,156.876,0.109414
238,1,156.01,0.109409
237.5,1,155.144,0.109405
237,1,154.278,0.109401
236.5,1,153.412,0.109397
236,1,152.546,0.109394
235.5,1,151.68,0.10939
235,1,150.814,0.109386
234.5,1,149.948,0.109382
234,1,149.082,0.109379
233.5,1,148.216,0.109375
233,1,147.35,0.109372
232.5,1,146.484,0.109368
232,1,145.618,0.109365
231.5,1,144.752,0.109361
231,1,143.886,0.109358
230.5,1,143.02,0.109355
230,1,142.154,0.109352
229.5,1,141.288,0.109349
229,1,140.422,0.109346
228.5,1,139.556,0.109343
228,1,138.69,0.10934
227.5,1,137.824,0.109337
227,1,136.958,0.109334
226.5,1,136.092,0.109332
226,1,135.226,0.109329
225.5,1,134.36,0.109326
225,1,133.494,0.109323
224.5,1,132.628,0.109321
224,1,131.762,0.109318
223.5,1,130.896,0.109316
223,1,130.03,0.109313
222.5,1,129.164,0.109311
222,1,128.297,0.109309
221.5,1,127.431,0.109306
221,1,126.565,0.109304
220.5,1,125.699,0.109302
220,1,124.833,0.109299
219.5,1,123.967,0.109297
219,1,123.101,0.109295
218.5,1,122.235,0.109293
218,1,121.369,0.109291
217.5,1,120.503,0.109289
217,1,119.637,0.109287
216.5,1,118.771,0.109285
216,1,117.905,0.109283
215.5,1,117.039,0.109281
215,1,116.173,0.109279
214.5,1,115.307,0.109277
214,1,114.441,0.109275
213.5,1,113.575,0.109273
213,1,112.709,0.109271
212.5,1,111.843,0.10927
212,1,110.977,0.109268
211.5,1,110.111,0.109266
211,1,109.245,0.109265
210.5,1,108.379,0.109263
210,1,107.513,0.109262
209.5,1,106.647,0.10926
209,1,105.781,0.109258
208.5,1,104.915,0.109257
208,1,104.049,0.109255
207.5,1,103.183,0.109254
207,1,102.317,0.109252
206.5,1,101.451,0.109251
206,1,100.585,0.109249
205.5,1,99.7187,0.109248
205,1,98.8526,0.109247
204.5,1,97.9866,0.109245
204,1,97.1206,0.109244
203.5,1,96.2546,0.109243
203,1,95.3885,0.109242
202.5,1,94.5225,0.10924
202,1,93.6565,0.109239
201.5,1,92.7905,0.109238
201,1,91.9244,0.109236
200.5,1,91.0584,0.109235
200,1,90.1924,0.109234
