x,y,z,b
500,1,609.808,0.107975
499.5,1,608.942,0.107949
499,1,608.076,0.107924
498.5,1,607.21,0.107898
498,1,606.344,0.107872
497.5,1,605.477,0.107846
497,1,604.611,0.107819
496.5,1,603.745,0.107791
496,1,602.879,0.107761
495.5,1,602.013,0.107731
495,1,601.147,0.107701
494.5,1,600.281,0.10767
494,1,599.415,0.107639
493.5,1,598.549,0.107607
493,1,597.683,0.107573
492.5,1,596.817,0.107538
492,1,595.951,0.107503
491.5,1,595.085,0.107468
491,1,594.219,0.107432
490.5,1,593.353,0.107396
490,1,592.487,0.107357
489.5,1,591.621,0.107316
489,1,590.755,0.107276
488.5,1,589.889,0.107234
488,1,589.023,0.107193
487.5,1,588.157,0.107151
487,1,587.291,0.107106
486.5,1,586.425,0.10706
486,1,585.559,0.107013
485.5,1,584.693,0.106966
485,1,583.827,0.106918
484.5,1,582.961,0.10687
484,1,582.095,0.10682
483.5,1,581.229,0.106766
483,1,580.363,0.106711
482.5,1,579.497,0.106656
482,1,578.631,0.106601
481.5,1,577.765,0.106545
481,1,576.899,0.106488
480.5,1,576.033,0.106426
480,1,575.167,0.106362
479.5,1,574.301,0.106298
479,1,573.435,0.106234
478.5,1,572.569,0.106169
478,1,571.703,0.106103
477.5,1,570.836,0.106032
477,1,569.97,0.105959
476.5,1,569.104,0.105886
476,1,568.238,0.105811
475.5,1,567.372,0.105736
475,1,566.506,0.10566
474.5,1,565.64,0.105581
474,1,564.774,0.105498
473.5,1,563.908,0.105414
473,1,563.042,0.105329
472.5,1,562.176,0.105243
472,1,561.31,0.105156
471.5,1,560.444,0.105067
471,1,559.578,0.104971
470.5,1,558.712,0.104874
470,1,557.846,0.104776
469.5,1,556.98,0.104677
469,1,556.114,0.104577
468.5,1,555.248,0.104476
468,1,554.382,0.104369
467.5,1,553.516,0.10426
467,1,552.65,0.104148
466.5,1,551.784,0.104036
466,1,550.918,0.103923
465.5,1,550.052,0.103808
465,1,549.186,0.10369
464.5,1,548.32,0.103568
464,1,547.454,0.103445
463.5,1,546.588,0.103321
463,1,545.722,0.103195
462.5,1,544.856,0.103069
462,1,543.99,0.10294
461.5,1,543.124,0.102809
461,1,542.258,0.102677
460.5,1,541.392,0.102544
460,1,540.526,0.10241
459.5,1,539.66,0.102275
459,1,538.794,0.102139
458.5,1,537.928,0.102005
458,1,537.061,0.101871
457.5,1,536.195,0.101737
457,1,535.329,0.101602
456.5,1,534.463,0.101465
456,1,533.597,0.101327
455.5,1,532.731,0.101197
455,1,531.865,0.101078
454.5,1,530.999,0.100963
454,1,530.133,0.100853
453.5,1,529.267,0.100746
453,1,528.401,0.100643
452.5,1,527.535,0.100569
452,1,526.669,0.100585
451.5,1,525.803,0.100617
451,1,524.937,0.100681
450.5,1,524.071,0.100795
450,1,523.205,0.100925
449.5,1,522.339,0.101072
449,1,521.473,0.101346
448.5,1,520.607,0.101659
448,1,519.741,0.102
447.5,1,518.875,0.10237
447,1,518.009,0.102769
446.5,1,517.143,0.103197
446,1,516.277,0.103773
445.5,1,515.411,0.104557
445,1,514.545,0.105522
444.5,1,513.679,0.106548
444,1,512.813,0.107635
443.5,1,511.947,0.108783
443,1,511.081,0.110019
442.5,1,510.215,0.11137
442,1,509.349,0.112763
441.5,1,508.483,0.114196
441,1,507.617,0.115671
440.5,1,506.751,0.117186
440,1,505.885,0.118771
439.5,1,505.019,0.120398
439,1,504.153,0.122038
438.5,1,503.286,0.123694
438,1,502.42,0.125364
437.5,1,501.554,0.127049
437,1,500.688,0.128749
436.5,1,499.822,0.130481
436,1,498.956,0.132245
435.5,1,498.09,0.134035
435,1,497.224,0.135849
434.5,1,496.358,0.137671
434,1,495.492,0.139507
433.5,1,494.626,0.14137
433,1,493.76,0.143254
432.5,1,492.894,0.145165
432,1,492.028,0.147104
431.5,1,491.162,0.149071
431,1,490.296,0.151065
430.5,1,489.43,0.153082
430,1,488.564,0.154922
429.5,1,487.698,0.156764
429,1,486.832,0.15863
428.5,1,485.966,0.160542
428,1,485.1,0.162491
427.5,1,484.234,0.164475
427,1,483.368,0.16637
426.5,1,482.502,0.168191
426,1,481.636,0.169982
425.5,1,480.77,0.171741
425,1,479.904,0.173469
424.5,1,479.038,0.175166
424,1,478.172,0.176881
423.5,1,477.306,0.17865
423,1,476.44,0.180427
422.5,1,475.574,0.182219
422,1,474.708,0.184027
421.5,1,473.842,0.18585
421,1,472.976,0.187687
420.5,1,472.11,0.18951
420,1,471.244,0.19132
419.5,1,470.378,0.193116
419,1,469.512,0.194899
418.5,1,468.645,0.196668
418,1,467.779,0.19812
417.5,1,466.913,0.199774
417,1,466.047,0.201553
416.5,1,465.181,0.203375
416,1,464.315,0.205241
415.5,1,463.449,0.20715
415,1,462.583,0.209103
414.5,1,461.717,0.211281
414,1,460.851,0.213637
413.5,1,459.985,0.21592
413,1,459.119,0.21813
412.5,1,458.253,0.21965
412,1,457.387,0.221049
411.5,1,456.521,0.22238
411,1,455.655,0.22286
410.5,1,454.789,0.2233
410,1,453.923,0.2237
409.5,1,453.057,0.224059
409,1,452.191,0.224378
408.5,1,451.325,0.224657
408,1,450.459,0.22275
407.5,1,449.593,0.220139
407,1,448.727,0.217427
406.5,1,447.861,0.214626
406,1,446.995,0.211717
405.5,1,446.129,0.208702
405,1,445.263,0.206174
404.5,1,444.397,0.204194
404,1,443.531,0.202212
403.5,1,442.665,0.200228
403,1,441.799,0.198243
402.5,1,440.933,0.196257
402,1,440.067,0.194542
401.5,1,439.201,0.194
401,1,438.335,0.193411
400.5,1,437.469,0.192764
400,1,436.603,0.19206
399.5,1,435.737,0.191298
399,1,434.87,0.19048
398.5,1,434.004,0.191284
398,1,433.138,0.192149
397.5,1,432.272,0.192835
397,1,431.406,0.193343
396.5,1,430.54,0.193673
396,1,429.674,0.194177
395.5,1,428.808,0.194836
395,1,427.942,0.195613
394.5,1,427.076,0.19636
394,1,426.21,0.197079
393.5,1,425.344,0.197769
393,1,424.478,0.19843
392.5,1,423.612,0.199394
392,1,422.746,0.20113
391.5,1,421.88,0.202518
391,1,421.014,0.203585
390.5,1,420.148,0.205344
390,1,419.282,0.207156
389.5,1,418.416,0.209023
389,1,417.55,0.217663
388.5,1,416.684,0.226045
388,1,415.818,0.233675
387.5,1,414.952,0.240552
387,1,414.086,0.246675
386.5,1,413.22,0.252045
386,1,412.354,0.249285
385.5,1,411.488,0.242181
385,1,410.622,0.235624
384.5,1,409.756,0.229628
384,1,408.89,0.224195
383.5,1,408.024,0.219325
383,1,407.158,0.215313
382.5,1,406.292,0.212219
382,1,405.426,0.209197
381.5,1,404.56,0.206248
381,1,403.694,0.203371
380.5,1,402.828,0.200566
380,1,401.962,0.197806
379.5,1,401.095,0.195801
379,1,400.229,0.193836
378.5,1,399.363,0.191904
378,1,398.497,0.190005
377.5,1,397.631,0.188137
377,1,396.765,0.186302
376.5,1,395.899,0.184205
376,1,395.033,0.182139
375.5,1,394.167,0.180271
375,1,393.301,0.178601
374.5,1,392.435,0.17713
374,1,391.569,0.17579
373.5,1,390.703,0.174473
373,1,389.837,0.17312
372.5,1,388.971,0.171831
372,1,388.105,0.170608
371.5,1,387.239,0.16945
371,1,386.373,0.168358
370.5,1,385.507,0.167309
370,1,384.641,0.165926
369.5,1,383.775,0.164695
369,1,382.909,0.16357
368.5,1,382.043,0.162434
368,1,381.177,0.16138
367.5,1,380.311,0.160407
367,1,379.445,0.159137
366.5,1,378.579,0.158009
366,1,377.713,0.157193
365.5,1,376.847,0.156688
365,1,375.981,0.156495
364.5,1,375.115,0.156613
364,1,374.249,0.157916
363.5,1,373.383,0.161375
363,1,372.517,0.166258
362.5,1,371.651,0.171855
362,1,370.785,0.178169
361.5,1,369.919,0.185198
361,1,369.053,0.192848
360.5,1,368.187,0.200085
360,1,367.321,0.207501
359.5,1,366.454,0.215097
359,1,365.588,0.222872
358.5,1,364.722,0.230828
358,1,363.856,0.23728
357.5,1,362.99,0.239975
357,1,362.124,0.243606
356.5,1,361.258,0.248692
356,1,360.392,0.255232
355.5,1,359.526,0.263227
355,1,358.66,0.272676
354.5,1,357.794,0.285625
354,1,356.928,0.30483
353.5,1,356.062,0.328905
353,1,355.196,0.35785
352.5,1,354.33,0.377621
352,1,353.464,0.379743
351.5,1,352.598,0.369473
351,1,351.732,0.317862
350.5,1,350.866,0.274344
350,1,350,0.238918
349.5,1,349.134,0.211585
349,1,348.268,0.192343
348.5,1,347.402,0.181194
348,1,346.536,0.187894
347.5,1,345.67,0.196345
347,1,344.804,0.203201
346.5,1,343.938,0.208957
346,1,343.072,0.214463
345.5,1,342.206,0.219718
345,1,341.34,0.223818
344.5,1,340.474,0.22736
344,1,339.608,0.231308
343.5,1,338.742,0.235662
343,1,337.876,0.240423
342.5,1,337.01,0.24559
342,1,336.144,0.249035
341.5,1,335.278,0.24315
341,1,334.412,0.236677
340.5,1,333.546,0.230743
340,1,332.679,0.225348
339.5,1,331.813,0.220492
339,1,330.947,0.216176
338.5,1,330.081,0.207789
338,1,329.215,0.198039
337.5,1,328.349,0.187373
337,1,327.483,0.175791
336.5,1,326.617,0.163293
336,1,325.751,0.149502
335.5,1,324.885,0.141001
335,1,324.019,0.136254
334.5,1,323.153,0.131083
334,1,322.287,0.125486
333.5,1,321.421,0.119464
333,1,320.555,0.113018
332.5,1,319.689,0.10777
332,1,318.823,0.106745
331.5,1,317.957,0.105657
331,1,317.091,0.104506
330.5,1,316.225,0.103259
330,1,315.359,0.101969
329.5,1,314.493,0.100653
329,1,313.627,0.100372
328.5,1,312.761,0.100141
328,1,311.895,0.0999097
327.5,1,311.029,0.0996787
327,1,310.163,0.0994477
326.5,1,309.297,0.0992167
326,1,308.431,0.0993043
325.5,1,307.565,0.0995806
325,1,306.699,0.0998975
324.5,1,305.833,0.100236
324,1,304.967,0.100587
323.5,1,304.101,0.100952
323,1,303.235,0.101299
322.5,1,302.369,0.10159
322,1,301.503,0.101887
321.5,1,300.637,0.102188
321,1,299.771,0.102494
320.5,1,298.905,0.102806
320,1,298.038,0.103122
319.5,1,297.172,0.103357
319,1,296.306,0.103598
318.5,1,295.44,0.10384
318,1,294.574,0.104083
317.5,1,293.708,0.104328
317,1,292.842,0.104574
316.5,1,291.976,0.104776
316,1,291.11,0.104961
315.5,1,290.244,0.105147
315,1,289.378,0.105336
314.5,1,288.512,0.105526
314,1,287.646,0.105723
313.5,1,286.78,0.105908
313,1,285.914,0.106072
312.5,1,285.048,0.106238
312,1,284.182,0.106404
311.5,1,283.316,0.106571
311,1,282.45,0.106739
310.5,1,281.584,0.106905
310,1,280.718,0.107035
309.5,1,279.852,0.107165
309,1,278.986,0.107297
308.5,1,278.12,0.107442
308,1,277.254,0.107586
307.5,1,276.388,0.10773
307,1,275.522,0.107856
306.5,1,274.656,0.107974
306,1,273.79,0.108092
305.5,1,272.924,0.108209
305,1,272.058,0.108325
304.5,1,271.192,0.10844
304,1,270.326,0.108544
303.5,1,269.46,0.108635
303,1,268.594,0.10873
302.5,1,267.728,0.108824
302,1,266.862,0.108918
301.5,1,265.996,0.109011
301,1,265.13,0.109101
300.5,1,264.263,0.109175
300,1,263.397,0.109248
299.5,1,262.531,0.10932
299,1,261.665,0.109391
298.5,1,260.799,0.109462
298,1,259.933,0.109533
297.5,1,259.067,0.109592
297,1,258.201,0.109648
296.5,1,257.335,0.109703
296,1,256.469,0.109758
295.5,1,255.603,0.109812
295,1,254.737,0.109866
294.5,1,253.871,0.109913
294,1,253.005,0.109952
293.5,1,252.139,0.109991
293,1,251.273,0.110029
292.5,1,250.407,0.110067
292,1,249.541,0.110105
291.5,1,248.675,0.110141
291,1,247.809,0.110169
290.5,1,246.943,0.110196
290,1,246.077,0.110223
289.5,1,245.211,0.11025
289,1,244.345,0.110276
288.5,1,243.479,0.110302
288,1,242.613,0.110319
287.5,1,241.747,0.110335
287,1,240.881,0.110351
286.5,1,240.015,0.110367
286,1,239.149,0.110382
285.5,1,238.283,0.110397
285,1,237.417,0.110409
284.5,1,236.551,0.110419
284,1,235.685,0.110428
283.5,1,234.819,0.110437
283,1,233.953,0.110445
282.5,1,233.087,0.110454
282,1,232.221,0.110461
281.5,1,231.355,0.110463
281,1,230.488,0.110466
280.5,1,229.622,0.110468
280,1,228.756,0.11047
279.5,1,227.89,0.110472
279,1,227.024,0.110474
278.5,1,226.158,0.110473
278,1,225.292,0.110472
277.5,1,224.426,0.11047
277,1,223.56,0.110469
276.5,1,222.694,0.110467
276,1,221.828,0.110465
275.5,1,220.962,0.110461
275,1,220.096,0.110456
274.5,1,219.23,0.110451
274,1,218.364,0.110446
273.5,1,217.498,0.11044
273,1,216.632,0.110435
272.5,1,215.766,0.110429
272,1,214.9,0.110422
271.5,1,214.034,0.110416
271,1,213.168,0.110409
270.5,1,212.302,0.110402
270,1,211.436,0.110396
269.5,1,210.57,0.110389
269,1,209.704,0.110381
268.5,1,208.838,0.110372
268,1,207.972,0.110364
267.5,1,207.106,0.110356
267,1,206.24,0.110347
266.5,1,205.374,0.110339
266,1,204.508,0.11033
265.5,1,203.642,0.110321
265,1,202.776,0.110312
264.5,1,201.91,0.110304
264,1,201.044,0.110295
263.5,1,200.178,0.110286
263,1,199.312,0.110277
262.5,1,198.446,0.110267
262,1,197.58,0.110258
261.5,1,196.714,0.110248
261,1,195.847,0.110238
260.5,1,194.981,0.110229
260,1,194.115,0.110219
259.5,1,193.249,0.11021
259,1,192.383,0.1102
258.5,1,191.517,0.110191
258,1,190.651,0.110182
257.5,1,189.785,0.110173
257,1,188.919,0.110163
256.5,1,188.053,0.110154
256,1,187.187,0.110144
255.5,1,186.321,0.110135
255,1,185.455,0.110125
254.5,1,184.589,0.110116
254,1,183.723,0.110107
253.5,1,182.857,0.110098
253,1,181.991,0.110089
252.5,1,181.125,0.110079
252,1,180.259,0.11007
251.5,1,179.393,0.110061
251,1,178.527,0.110052
250.5,1,177.661,0.110043
250,1,176.795,0.110034
249.5,1,175.929,0.110025
249,1,175.063,0.110015
248.5,1,174.197,0.110006
248,1,173.331,0.109997
247.5,1,172.465,0.109988
247,1,171.599,0.10998
246.5,1,170.733,0.109971
246,1,169.867,0.109962
245.5,1,169.001,0.109954
245,1,168.135,0.109945
244.5,1,167.269,0.109937
244,1,166.403,0.109929
243.5,1,165.537,0.10992
243,1,164.671,0.109912
242.5,1,163.805,0.109904
242,1,162.939,0.109896
241.5,1,162.072,0.109888
241,1,161.206,0.10988
240.5,1,160.34,0.109872
240,1,159.474,0.109864
239.5,1,158.608,0.109856
239,1,157.742,0.109848
238.5,1,156.876,0.10984
238,1,156.01,0.109833
237.5,1,155.144,0.109825
237,1,154.278,0.109817
236.5,1,153.412,0.10981
236,1,152.546,0.109803
235.5,1,151.68,0.109795
235,1,150.814,0.109788
234.5,1,149.948,0.109781
234,1,149.082,0.109774
233.5,1,148.216,0.109767
233,1,147.35,0.10976
232.5,1,146.484,0.109753
232,1,145.618,0.109746
231.5,1,144.752,0.109739
231,1,143.886,0.109732
230.5,1,143.02,0.109726
230,1,142.154,0.109719
229.5,1,141.288,0.109713
229,1,140.422,0.109707
228.5,1,139.556,0.1097
228,1,138.69,0.109694
227.5,1,137.824,0.109688
227,1,136.958,0.109682
226.5,1,136.092,0.109676
226,1,135.226,0.109669
225.5,1,134.36,0.109663
225,1,133.494,0.109658
224.5,1,132.628,0.109652
224,1,131.762,0.109646
223.5,1,130.896,0.10964
223,1,130.03,0.109635
222.5,1,129.164,0.109629
222,1,128.297,0.109624
221.5,1,127.431,0.109618
221,1,126.565,0.109613
220.5,1,125.699,0.109607
220,1,124.833,0.109602
219.5,1,123.967,0.109597
219,1,123.101,0.109592
218.5,1,122.235,0.109587
218,1,121.369,0.109582
217.5,1,120.503,0.109577
217,1,119.637,0.109572
216.5,1,118.771,0.109568
216,1,117.905,0.109563
215.5,1,117.039,0.109558
215,1,116.173,0.109554
214.5,1,115.307,0.109549
214,1,114.441,0.109544
213.5,1,113.575,0.109539
213,1,112.709,0.109535
212.5,1,111.843,0.10953
212,1,110.977,0.109526
211.5,1,110.111,0.109522
211,1,109.245,0.109517
210.5,1,108.379,0.109513
210,1,107.513,0.109509
209.5,1,106.647,0.109505
209,1,105.781,0.109501
208.5,1,104.915,0.109497
208,1,104.049,0.109492
207.5,1,103.183,0.109488
207,1,102.317,0.109484
206.5,1,101.451,0.10948
206,1,100.585,0.109476
205.5,1,99.7187,0.109473
205,1,98.8526,0.109469
204.5,1,97.9866,0.109466
204,1,97.1206,0.109463
203.5,1,96.2546,0.109459
203,1,95.3885,0.109456
202.5,1,94.5225,0.109451
202,1,93.6565,0.109447
201.5,1,92.7905,0.109443
201,1,91.9244,0.109439
200.5,1,91.0584,0.109435
200,1,90.1924,0.109431
