x,y,z,b
500,1,609.808,0.109118
499.5,1,608.942,0.109118
499,1,608.076,0.109118
498.5,1,607.21,0.109118
498,1,606.344,0.109118
497.5,1,605.477,0.109118
497,1,604.611,0.109118
496.5,1,603.745,0.109118
496,1,602.879,0.109118
495.5,1,602.013,0.109118
495,1,601.147,0.109118
494.5,1,600.281,0.109118
494,1,599.415,0.109118
493.5,1,598.549,0.109118
493,1,597.683,0.109117
492.5,1,596.817,0.109117
492,1,595.951,0.109117
491.5,1,595.085,0.109117
491,1,594.219,0.109117
490.5,1,593.353,0.109117
490,1,592.487,0.109117
489.5,1,591.621,0.109117
489,1,590.755,0.109117
488.5,1,589.889,0.109117
488,1,589.023,0.109117
487.5,1,588.157,0.109117
487,1,587.291,0.109117
486.5,1,586.425,0.109116
486,1,585.559,0.109116
485.5,1,584.693,0.109116
485,1,583.827,0.109116
484.5,1,582.961,0.109116
484,1,582.095,0.109116
483.5,1,581.229,0.109116
483,1,580.363,0.109116
482.5,1,579.497,0.109116
482,1,578.631,0.109116
481.5,1,577.765,0.109115
481,1,576.899,0.109115
480.5,1,576.033,0.109115
480,1,575.167,0.109115
479.5,1,574.301,0.109115
479,1,573.435,0.109115
478.5,1,572.569,0.109115
478,1,571.703,0.109115
477.5,1,570.836,0.109114
477,1,569.97,0.109114
476.5,1,569.104,0.109114
476,1,568.238,0.109114
475.5,1,567.372,0.109114
475,1,566.506,0.109114
474.5,1,565.64,0.109113
474,1,564.774,0.109113
473.5,1,563.908,0.109113
473,1,563.042,0.109113
472.5,1,562.176,0.109113
472,1,561.31,0.109113
471.5,1,560.444,0.109112
471,1,559.578,0.109112
470.5,1,558.712,0.109112
470,1,557.846,0.109112
469.5,1,556.98,0.109112
469,1,556.114,0.109111
468.5,1,555.248,0.109111
468,1,554.382,0.109111
467.5,1,553.516,0.109111
467,1,552.65,0.10911
466.5,1,551.784,0.10911
466,1,550.918,0.10911
465.5,1,550.052,0.10911
465,1,549.186,0.109109
464.5,1,548.32,0.109109
464,1,547.454,0.109109
463.5,1,546.588,0.109108
463,1,545.722,0.109108
462.5,1,544.856,0.109108
462,1,543.99,0.109108
461.5,1,543.124,0.109107
461,1,542.258,0.109107
460.5,1,541.392,0.109107
460,1,540.526,0.109106
459.5,1,539.66,0.109106
459,1,538.794,0.109106
458.5,1,537.928,0.109105
458,1,537.061,0.109105
457.5,1,536.195,0.109104
457,1,535.329,0.109104
456.5,1,534.463,0.109104
456,1,533.597,0.109103
455.5,1,532.731,0.109103
455,1,531.865,0.109102
454.5,1,530.999,0.109102
454,1,530.133,0.109101
453.5,1,529.267,0.109101
453,1,528.401,0.1091
452.5,1,527.535,0.1091
452,1,526.669,0.109099
451.5,1,525.803,0.109099
451,1,524.937,0.109098
450.5,1,524.071,0.109097
450,1,523.205,0.109097
449.5,1,522.339,0.109096
449,1,521.473,0.109096
448.5,1,520.607,0.109095
448,1,519.741,0.109094
447.5,1,518.875,0.109093
447,1,518.009,0.109093
446.5,1,517.143,0.109092
446,1,516.277,0.109091
445.5,1,515.411,0.10909
445,1,514.545,0.10909
444.5,1,513.679,0.109089
444,1,512.813,0.109088
443.5,1,511.947,0.109087
443,1,511.081,0.109086
442.5,1,510.215,0.109085
442,1,509.349,0.109084
441.5,1,508.483,0.109083
441,1,507.617,0.109082
440.5,1,506.751,0.109081
440,1,505.885,0.10908
439.5,1,505.019,0.109079
439,1,504.153,0.109077
438.5,1,503.286,0.109076
438,1,502.42,0.109075
437.5,1,501.554,0.109074
437,1,500.688,0.109072
436.5,1,499.822,0.109071
436,1,498.956,0.109069
435.5,1,498.09,0.109068
435,1,497.224,0.109066
434.5,1,496.358,0.109064
434,1,495.492,0.109063
433.5,1,494.626,0.109061
433,1,493.76,0.109059
432.5,1,492.894,0.109057
432,1,492.028,0.109056
431.5,1,491.162,0.109054
431,1,490.296,0.109052
430.5,1,489.43,0.10905
430,1,488.564,0.109047
429.5,1,487.698,0.109045
429,1,486.832,0.109042
428.5,1,485.966,0.10904
428,1,485.1,0.109037
427.5,1,484.234,0.109035
427,1,483.368,0.109032
426.5,1,482.502,0.109029
426,1,481.636,0.109026
425.5,1,480.77,0.109023
425,1,479.904,0.10902
424.5,1,479.038,0.109017
424,1,478.172,0.109013
423.5,1,477.306,0.109009
423,1,476.44,0.109005
422.5,1,475.574,0.109001
422,1,474.708,0.108997
421.5,1,473.842,0.108993
421,1,472.976,0.108989
420.5,1,472.11,0.108984
420,1,471.244,0.108979
419.5,1,470.378,0.108974
419,1,469.512,0.108969
418.5,1,468.645,0.108964
418,1,467.779,0.108959
417.5,1,466.913,0.108952
417,1,466.047,0.108945
416.5,1,465.181,0.108939
416,1,464.315,0.108932
415.5,1,463.449,0.108925
415,1,462.583,0.108918
414.5,1,461.717,0.10891
414,1,460.851,0.108901
413.5,1,459.985,0.108893
413,1,459.119,0.108884
412.5,1,458.253,0.108875
412,1,457.387,0.108866
411.5,1,456.521,0.108857
411,1,455.655,0.108845
410.5,1,454.789,0.108833
410,1,453.923,0.108821
409.5,1,453.057,0.108809
409,1,452.191,0.108796
408.5,1,451.325,0.108784
408,1,450.459,0.108768
407.5,1,449.593,0.108753
407,1,448.727,0.108737
406.5,1,447.861,0.108721
406,1,446.995,0.108705
405.5,1,446.129,0.108689
405,1,445.263,0.10867
404.5,1,444.397,0.108648
404,1,443.531,0.108626
403.5,1,442.665,0.108603
403,1,441.799,0.10858
402.5,1,440.933,0.108556
402,1,440.067,0.108532
401.5,1,439.201,0.108502
401,1,438.335,0.108473
400.5,1,437.469,0.108443
400,1,436.603,0.108413
399.5,1,435.737,0.108382
399,1,434.87,0.108351
398.5,1,434.004,0.10831
398,1,433.138,0.108267
397.5,1,432.272,0.108223
397,1,431.406,0.108178
396.5,1,430.54,0.108133
396,1,429.674,0.10809
395.5,1,428.808,0.108039
395,1,427.942,0.107981
394.5,1,427.076,0.107922
394,1,426.21,0.107862
393.5,1,425.344,0.107802
393,1,424.478,0.107741
392.5,1,423.612,0.107673
392,1,422.746,0.107584
391.5,1,421.88,0.107494
391,1,421.014,0.107402
390.5,1,420.148,0.107315
390,1,419.282,0.107227
389.5,1,418.416,0.107139
389,1,417.55,0.107013
388.5,1,416.684,0.106885
388,1,415.818,0.106756
387.5,1,414.952,0.106626
387,1,414.086,0.106495
386.5,1,413.22,0.106364
386,1,412.354,0.106179
385.5,1,411.488,0.105963
385,1,410.622,0.105764
384.5,1,409.756,0.105568
384,1,408.89,0.105376
383.5,1,408.024,0.105188
383,1,407.158,0.104964
382.5,1,406.292,0.104651
382,1,405.426,0.104335
381.5,1,404.56,0.104015
381,1,403.694,0.103693
380.5,1,402.828,0.103367
380,1,401.962,0.10305
379.5,1,401.095,0.103084
379,1,400.229,0.103074
378.5,1,399.363,0.103019
378,1,398.497,0.102917
377.5,1,397.631,0.102769
377,1,396.765,0.102574
376.5,1,395.899,0.103136
376,1,395.033,0.103917
375.5,1,394.167,0.104508
375,1,393.301,0.104909
374.5,1,392.435,0.105205
374,1,391.569,0.105671
373.5,1,390.703,0.107316
373,1,389.837,0.110763
372.5,1,388.971,0.113582
372,1,388.105,0.115771
371.5,1,387.239,0.117331
371,1,386.373,0.118262
370.5,1,385.507,0.118794
370,1,384.641,0.123574
369.5,1,383.775,0.127927
369,1,382.909,0.132163
368.5,1,382.043,0.13651
368,1,381.177,0.140037
367.5,1,380.311,0.142744
367,1,379.445,0.147862
366.5,1,378.579,0.154044
366,1,377.713,0.160211
365.5,1,376.847,0.166363
365,1,375.981,0.1725
364.5,1,375.115,0.178622
364,1,374.249,0.184048
363.5,1,373.383,0.188537
363,1,372.517,0.192648
362.5,1,371.651,0.197025
362,1,370.785,0.201669
361.5,1,369.919,0.206579
361,1,369.053,0.211286
360.5,1,368.187,0.212305
360,1,367.321,0.21393
359.5,1,366.454,0.216161
359,1,365.588,0.218998
358.5,1,364.722,0.222441
358,1,363.856,0.225203
357.5,1,362.99,0.224434
357,1,362.124,0.224312
356.5,1,361.258,0.22549
356,1,360.392,0.227967
355.5,1,359.526,0.231744
355,1,358.66,0.236821
354.5,1,357.794,0.242031
354,1,356.928,0.247481
353.5,1,356.062,0.254558
353,1,355.196,0.263265
352.5,1,354.33,0.264648
352,1,353.464,0.254286
351.5,1,352.598,0.235819
351,1,351.732,0.189154
350.5,1,350.866,0.145142
350,1,350,0.103784
349.5,1,349.134,0.0650787
349,1,348.268,0.0290273
348.5,1,347.402,-0.00437074
348,1,346.536,-0.00313716
347.5,1,345.67,0.00821443
347,1,344.804,0.0291799
346.5,1,343.938,0.0533489
346,1,343.072,0.0742382
345.5,1,342.206,0.0918478
345,1,341.34,0.0988741
344.5,1,340.474,0.0988355
344,1,339.608,0.0991144
343.5,1,338.742,0.0997108
343,1,337.876,0.100625
342.5,1,337.01,0.101856
342,1,336.144,0.10355
341.5,1,335.278,0.10487
341,1,334.412,0.105622
340.5,1,333.546,0.106433
340,1,332.679,0.107301
339.5,1,331.813,0.108227
339,1,330.947,0.109211
338.5,1,330.081,0.10941
338,1,329.215,0.109505
337.5,1,328.349,0.109586
337,1,327.483,0.109653
336.5,1,326.617,0.109708
336,1,325.751,0.109826
335.5,1,324.885,0.110103
335,1,324.019,0.110451
334.5,1,323.153,0.110778
334,1,322.287,0.111084
333.5,1,321.421,0.111369
333,1,320.555,0.111634
332.5,1,319.689,0.111812
332,1,318.823,0.111799
331.5,1,317.957,0.111777
331,1,317.091,0.111745
330.5,1,316.225,0.111691
330,1,315.359,0.111633
329.5,1,314.493,0.11158
329,1,313.627,0.111564
328.5,1,312.761,0.111546
328,1,311.895,0.111522
327.5,1,311.029,0.111494
327,1,310.163,0.111461
326.5,1,309.297,0.111423
326,1,308.431,0.111363
325.5,1,307.565,0.111295
325,1,306.699,0.111236
324.5,1,305.833,0.111177
324,1,304.967,0.111117
323.5,1,304.101,0.111055
323,1,303.235,0.110994
322.5,1,302.369,0.110937
322,1,301.503,0.110883
321.5,1,300.637,0.11083
321,1,299.771,0.110781
320.5,1,298.905,0.110733
320,1,298.038,0.110688
319.5,1,297.172,0.110632
319,1,296.306,0.110578
318.5,1,295.44,0.110526
318,1,294.574,0.110476
317.5,1,293.708,0.110427
317,1,292.842,0.11038
316.5,1,291.976,0.110338
316,1,291.11,0.110299
315.5,1,290.244,0.110259
315,1,289.378,0.11022
314.5,1,288.512,0.110181
314,1,287.646,0.110144
313.5,1,286.78,0.110108
313,1,285.914,0.110075
312.5,1,285.048,0.110043
312,1,284.182,0.110011
311.5,1,283.316,0.109979
311,1,282.45,0.109948
310.5,1,281.584,0.109918
310,1,280.718,0.109891
309.5,1,279.852,0.109866
309,1,278.986,0.109841
308.5,1,278.12,0.109817
308,1,277.254,0.109794
307.5,1,276.388,0.10977
307,1,275.522,0.109749
306.5,1,274.656,0.109729
306,1,273.79,0.109709
305.5,1,272.924,0.109689
305,1,272.058,0.10967
304.5,1,271.192,0.109652
304,1,270.326,0.109635
303.5,1,269.46,0.109619
303,1,268.594,0.109603
302.5,1,267.728,0.109588
302,1,266.862,0.109573
301.5,1,265.996,0.109558
301,1,265.13,0.109544
300.5,1,264.263,0.109532
300,1,263.397,0.10952
299.5,1,262.531,0.109508
299,1,261.665,0.109496
298.5,1,260.799,0.109484
298,1,259.933,0.109473
297.5,1,259.067,0.109463
297,1,258.201,0.109453
296.5,1,257.335,0.109444
296,1,256.469,0.109434
295.5,1,255.603,0.109425
295,1,254.737,0.109416
294.5,1,253.871,0.109407
294,1,253.005,0.1094
293.5,1,252.139,0.109392
293,1,251.273,0.109385
292.5,1,250.407,0.109377
292,1,249.541,0.10937
291.5,1,248.675,0.109363
291,1,247.809,0.109357
290.5,1,246.943,0.109351
290,1,246.077,0.109345
289.5,1,245.211,0.109338
289,1,244.345,0.109332
288.5,1,243.479,0.109327
288,1,242.613,0.109321
287.5,1,241.747,0.109316
287,1,240.881,0.109311
286.5,1,240.015,0.109307
286,1,239.149,0.109302
285.5,1,238.283,0.109297
285,1,237.417,0.109293
284.5,1,236.551,0.109289
284,1,235.685,0.109284
283.5,1,234.819,0.10928
283,1,233.953,0.109276
282.5,1,233.087,0.109272
282,1,232.221,0.109268
281.5,1,231.355,0.109265
281,1,230.488,0.109262
280.5,1,229.622,0.109258
280,1,228.756,0.109255
279.5,1,227.89,0.109252
279,1,227.024,0.109249
278.5,1,226.158,0.109246
278,1,225.292,0.109243
277.5,1,224.426,0.10924
277,1,223.56,0.109237
276.5,1,222.694,0.109234
276,1,221.828,0.109231
275.5,1,220.962,0.109229
275,1,220.096,0.109227
274.5,1,219.23,0.109224
274,1,218.364,0.109222
273.5,1,217.498,0.10922
273,1,216.632,0.109217
272.5,1,215.766,0.109215
272,1,214.9,0.109213
271.5,1,214.034,0.109211
271,1,213.168,0.109209
270.5,1,212.302,0.109207
270,1,211.436,0.109205
269.5,1,210.57,0.109203
269,1,209.704,0.109202
268.5,1,208.838,0.1092
268,1,207.972,0.109198
267.5,1,207.106,0.109197
267,1,206.24,0.109195
266.5,1,205.374,0.109193
266,1,204.508,0.109192
265.5,1,203.642,0.10919
265,1,202.776,0.109189
264.5,1,201.91,0.109188
264,1,201.044,0.109186
263.5,1,200.178,0.109185
263,1,199.312,0.109183
262.5,1,198.446,0.109182
262,1,197.58,0.109181
261.5,1,196.714,0.10918
261,1,195.847,0.109179
260.5,1,194.981,0.109178
260,1,194.115,0.109177
259.5,1,193.249,0.109175
259,1,192.383,0.109174
258.5,1,191.517,0.109173
258,1,190.651,0.109172
257.5,1,189.785,0.109171
257,1,188.919,0.10917
256.5,1,188.053,0.109169
256,1,187.187,0.109169
255.5,1,186.321,0.109168
255,1,185.455,0.109167
254.5,1,184.589,0.109166
254,1,183.723,0.109165
253.5,1,182.857,0.109164
253,1,181.991,0.109164
252.5,1,181.125,0.109163
252,1,180.259,0.109162
251.5,1,179.393,0.109161
251,1,178.527,0.109161
250.5,1,177.661,0.10916
250,1,176.795,0.109159
249.5,1,175.929,0.109159
249,1,175.063,0.109158
248.5,1,174.197,0.109157
248,1,173.331,0.109157
247.5,1,172.465,0.109156
247,1,171.599,0.109156
246.5,1,170.733,0.109155
246,1,169.867,0.109154
245.5,1,169.001,0.109154
245,1,168.135,0.109153
244.5,1,167.269,0.109153
244,1,166.403,0.109152
243.5,1,165.537,0.109152
243,1,164.671,0.109151
242.5,1,163.805,0.109151
242,1,162.939,0.10915
241.5,1,162.072,0.10915
241,1,161.206,0.109149
240.5,1,160.34,0.109149
240,1,159.474,0.109149
239.5,1,158.608,0.109148
239,1,157.742,0.109148
238.5,1,156.876,0.109147
238,1,156.01,0.109147
237.5,1,155.144,0.109146
237,1,154.278,0.109146
236.5,1,153.412,0.109146
236,1,152.546,0.109145
235.5,1,151.68,0.109145
235,1,150.814,0.109144
234.5,1,149.948,0.109144
234,1,149.082,0.109144
233.5,1,148.216,0.109143
233,1,147.35,0.109143
232.5,1,146.484,0.109143
232,1,145.618,0.109142
231.5,1,144.752,0.109142
231,1,143.886,0.109142
230.5,1,143.02,0.109141
230,1,142.154,0.109141
229.5,1,141.288,0.109141
229,1,140.422,0.109141
228.5,1,139.556,0.10914
228,1,138.69,0.10914
227.5,1,137.824,0.10914
227,1,136.958,0.109139
226.5,1,136.092,0.109139
226,1,135.226,0.109139
225.5,1,134.36,0.109139
225,1,133.494,0.109138
224.5,1,132.628,0.109138
224,1,131.762,0.109138
223.5,1,130.896,0.109137
223,1,130.03,0.109137
222.5,1,129.164,0.109137
222,1,128.297,0.109137
221.5,1,127.431,0.109137
221,1,126.565,0.109136
220.5,1,125.699,0.109136
220,1,124.833,0.109136
219.5,1,123.967,0.109136
219,1,123.101,0.109135
218.5,1,122.235,0.109135
218,1,121.369,0.109135
217.5,1,120.503,0.109135
217,1,119.637,0.109135
216.5,1,118.771,0.109134
216,1,117.905,0.109134
215.5,1,117.039,0.109134
215,1,116.173,0.109134
214.5,1,115.307,0.109133
214,1,114.441,0.109133
213.5,1,113.575,0.109133
213,1,112.709,0.109133
212.5,1,111.843,0.109133
212,1,110.977,0.109132
211.5,1,110.111,0.109132
211,1,109.245,0.109132
210.5,1,108.379,0.109132
210,1,107.513,0.109132
209.5,1,106.647,0.109132
209,1,105.781,0.109131
208.5,1,104.915,0.109131
208,1,104.049,0.109131
207.5,1,103.183,0.109131
207,1,102.317,0.109131
206.5,1,101.451,0.109131
206,1,100.585,0.109131
205.5,1,99.7187,0.10913
205,1,98.8526,0.10913
204.5,1,97.9866,0.10913
204,1,97.1206,0.10913
203.5,1,96.2546,0.10913
203,1,95.3885,0.10913
202.5,1,94.5225,0.10913
202,1,93.6565,0.10913
201.5,1,92.7905,0.109129
201,1,91.9244,0.109129
200.5,1,91.0584,0.109129
200,1,90.1924,0.109129
