x,y,z,b
500,1,609.808,0.10583
499.5,1,608.942,0.105786
499,1,608.076,0.105743
498.5,1,607.21,0.105699
498,1,606.344,0.105655
497.5,1,605.477,0.10561
497,1,604.611,0.105566
496.5,1,603.745,0.105523
496,1,602.879,0.10548
495.5,1,602.013,0.105437
495,1,601.147,0.105394
494.5,1,600.281,0.105351
494,1,599.415,0.105307
493.5,1,598.549,0.105267
493,1,597.683,0.105233
492.5,1,596.817,0.1052
492,1,595.951,0.105167
491.5,1,595.085,0.105135
491,1,594.219,0.105102
490.5,1,593.353,0.10507
490,1,592.487,0.105052
489.5,1,591.621,0.105036
489,1,590.755,0.10502
488.5,1,589.889,0.105005
488,1,589.023,0.10499
487.5,1,588.157,0.104977
487,1,587.291,0.104978
486.5,1,586.425,0.104987
486,1,585.559,0.104996
485.5,1,584.693,0.105006
485,1,583.827,0.105018
484.5,1,582.961,0.10503
484,1,582.095,0.105052
483.5,1,581.229,0.105093
483,1,580.363,0.105136
482.5,1,579.497,0.10518
482,1,578.631,0.105227
481.5,1,577.765,0.105275
481,1,576.899,0.105327
480.5,1,576.033,0.105413
480,1,575.167,0.105502
479.5,1,574.301,0.105593
479,1,573.435,0.105687
478.5,1,572.569,0.105784
478,1,571.703,0.105888
477.5,1,570.836,0.106025
477,1,569.97,0.106178
476.5,1,569.104,0.106335
476,1,568.238,0.106498
475.5,1,567.372,0.106664
475,1,566.506,0.106836
474.5,1,565.64,0.107035
474,1,564.774,0.107271
473.5,1,563.908,0.107512
473,1,563.042,0.107762
472.5,1,562.176,0.108031
472,1,561.31,0.108308
471.5,1,560.444,0.108602
471,1,559.578,0.108964
470.5,1,558.712,0.109337
470,1,557.846,0.109722
469.5,1,556.98,0.110119
469,1,556.114,0.110528
468.5,1,555.248,0.110948
468,1,554.382,0.111444
467.5,1,553.516,0.111975
467,1,552.65,0.112554
466.5,1,551.784,0.113153
466,1,550.918,0.113773
465.5,1,550.052,0.114412
465,1,549.186,0.11512
464.5,1,548.32,0.115902
464,1,547.454,0.116711
463.5,1,546.588,0.117545
463,1,545.722,0.118406
462.5,1,544.856,0.119292
462,1,543.99,0.120242
461.5,1,543.124,0.12138
461,1,542.258,0.122559
460.5,1,541.392,0.123778
460,1,540.526,0.125039
459.5,1,539.66,0.12634
459,1,538.794,0.127682
458.5,1,537.928,0.129111
458,1,537.061,0.130582
457.5,1,536.195,0.132086
457,1,535.329,0.133623
456.5,1,534.463,0.135207
456,1,533.597,0.136846
455.5,1,532.731,0.138408
455,1,531.865,0.139885
454.5,1,530.999,0.141352
454,1,530.133,0.142808
453.5,1,529.267,0.144252
453,1,528.401,0.145686
452.5,1,527.535,0.147069
452,1,526.669,0.148307
451.5,1,525.803,0.149535
451,1,524.937,0.150727
450.5,1,524.071,0.151866
450,1,523.205,0.153008
449.5,1,522.339,0.154152
449,1,521.473,0.155238
448.5,1,520.607,0.156337
448,1,519.741,0.157454
447.5,1,518.875,0.15859
447,1,518.009,0.159743
446.5,1,517.143,0.160916
446,1,516.277,0.16203
445.5,1,515.411,0.163018
445,1,514.545,0.163882
444.5,1,513.679,0.164754
444,1,512.813,0.165637
443.5,1,511.947,0.166529
443,1,511.081,0.167347
442.5,1,510.215,0.167967
442,1,509.349,0.168596
441.5,1,508.483,0.169235
441,1,507.617,0.169883
440.5,1,506.751,0.170541
440,1,505.885,0.171112
439.5,1,505.019,0.171501
439,1,504.153,0.171882
438.5,1,503.286,0.172257
438,1,502.42,0.172626
437.5,1,501.554,0.172989
437,1,500.688,0.173346
436.5,1,499.822,0.173687
436,1,498.956,0.173997
435.5,1,498.09,0.17428
435,1,497.224,0.174534
434.5,1,496.358,0.174502
434,1,495.492,0.174224
433.5,1,494.626,0.174014
433,1,493.76,0.173969
432.5,1,492.894,0.173946
432,1,492.028,0.173946
431.5,1,491.162,0.173968
431,1,490.296,0.174012
430.5,1,489.43,0.174086
430,1,488.564,0.174463
429.5,1,487.698,0.174858
429,1,486.832,0.175088
428.5,1,485.966,0.175201
428,1,485.1,0.17532
427.5,1,484.234,0.175445
427,1,483.368,0.176102
426.5,1,482.502,0.177042
426,1,481.636,0.178062
425.5,1,480.77,0.179163
425,1,479.904,0.180344
424.5,1,479.038,0.181605
424,1,478.172,0.183194
423.5,1,477.306,0.184532
423,1,476.44,0.185413
422.5,1,475.574,0.186168
422,1,474.708,0.186797
421.5,1,473.842,0.187301
421,1,472.976,0.187686
420.5,1,472.11,0.188106
420,1,471.244,0.188547
419.5,1,470.378,0.189011
419,1,469.512,0.189496
418.5,1,468.645,0.190003
418,1,467.779,0.189785
417.5,1,466.913,0.189151
417,1,466.047,0.188488
416.5,1,465.181,0.187809
416,1,464.315,0.187113
415.5,1,463.449,0.1864
415,1,462.583,0.185671
414.5,1,461.717,0.185042
414,1,460.851,0.184672
413.5,1,459.985,0.184471
413,1,459.119,0.18444
412.5,1,458.253,0.18453
412,1,457.387,0.184564
411.5,1,456.521,0.18436
411,1,455.655,0.183061
410.5,1,454.789,0.181737
410,1,453.923,0.180388
409.5,1,453.057,0.179015
409,1,452.191,0.177616
408.5,1,451.325,0.176194
408,1,450.459,0.173166
407.5,1,449.593,0.170057
407,1,448.727,0.167664
406.5,1,447.861,0.165611
406,1,446.995,0.163815
405.5,1,446.129,0.162277
405,1,445.263,0.161129
404.5,1,444.397,0.16034
404,1,443.531,0.159771
403.5,1,442.665,0.159423
403,1,441.799,0.159296
402.5,1,440.933,0.15939
402,1,440.067,0.159845
401.5,1,439.201,0.161252
401,1,438.335,0.162726
400.5,1,437.469,0.164242
400,1,436.603,0.1658
399.5,1,435.737,0.1674
399,1,434.87,0.169041
398.5,1,434.004,0.171135
398,1,433.138,0.173289
397.5,1,432.272,0.175443
397,1,431.406,0.177597
396.5,1,430.54,0.179752
396,1,429.674,0.181884
395.5,1,428.808,0.18369
395,1,427.942,0.18527
394.5,1,427.076,0.186858
394,1,426.21,0.188452
393.5,1,425.344,0.190052
393,1,424.478,0.19166
392.5,1,423.612,0.192769
392,1,422.746,0.192334
391.5,1,421.88,0.191858
391,1,421.014,0.191331
390.5,1,420.148,0.190466
390,1,419.282,0.189462
389.5,1,418.416,0.188321
389,1,417.55,0.187721
388.5,1,416.684,0.18681
388,1,415.818,0.185533
387.5,1,414.952,0.183891
387,1,414.086,0.181883
386.5,1,413.22,0.179508
386,1,412.354,0.176011
385.5,1,411.488,0.172463
385,1,410.622,0.169936
384.5,1,409.756,0.167658
384,1,408.89,0.16563
383.5,1,408.024,0.16385
383,1,407.158,0.162813
382.5,1,406.292,0.163163
382,1,405.426,0.163781
381.5,1,404.56,0.164668
381,1,403.694,0.165824
380.5,1,402.828,0.167248
380,1,401.962,0.168841
379.5,1,401.095,0.169856
379,1,400.229,0.170736
378.5,1,399.363,0.171482
378,1,398.497,0.172094
377.5,1,397.631,0.172571
377,1,396.765,0.172914
376.5,1,395.899,0.172556
376,1,395.033,0.171798
375.5,1,394.167,0.170916
375,1,393.301,0.16991
374.5,1,392.435,0.168902
374,1,391.569,0.168214
373.5,1,390.703,0.167297
373,1,389.837,0.165974
372.5,1,388.971,0.164407
372,1,388.105,0.162596
371.5,1,387.239,0.160543
371,1,386.373,0.158246
370.5,1,385.507,0.155776
370,1,384.641,0.154643
369.5,1,383.775,0.153498
369,1,382.909,0.152668
368.5,1,382.043,0.152495
368,1,381.177,0.152042
367.5,1,380.311,0.151308
367,1,379.445,0.151198
366.5,1,378.579,0.151318
366,1,377.713,0.151366
365.5,1,376.847,0.151341
365,1,375.981,0.151243
364.5,1,375.115,0.151072
364,1,374.249,0.152277
363.5,1,373.383,0.156197
363,1,372.517,0.161126
362.5,1,371.651,0.166226
362,1,370.785,0.171497
361.5,1,369.919,0.176938
361,1,369.053,0.182452
360.5,1,368.187,0.187531
360,1,367.321,0.193258
359.5,1,366.454,0.199635
359,1,365.588,0.206659
358.5,1,364.722,0.214333
358,1,363.856,0.221921
357.5,1,362.99,0.221422
357,1,362.124,0.220052
356.5,1,361.258,0.219904
356,1,360.392,0.220977
355.5,1,359.526,0.223271
355,1,358.66,0.226788
354.5,1,357.794,0.236168
354,1,356.928,0.25442
353.5,1,356.062,0.277237
353,1,355.196,0.304618
352.5,1,354.33,0.327251
352,1,353.464,0.339364
351.5,1,352.598,0.342801
351,1,351.732,0.310827
350.5,1,350.866,0.284269
350,1,350,0.263127
349.5,1,349.134,0.2474
349,1,348.268,0.237089
348.5,1,347.402,0.232195
348,1,346.536,0.24337
347.5,1,345.67,0.255645
347,1,344.804,0.26047
346.5,1,343.938,0.259678
346,1,343.072,0.258925
345.5,1,342.206,0.258212
345,1,341.34,0.258824
344.5,1,340.474,0.261213
344,1,339.608,0.264412
343.5,1,338.742,0.26842
343,1,337.876,0.273238
342.5,1,337.01,0.278865
342,1,336.144,0.284808
341.5,1,335.278,0.290965
341,1,334.412,0.298137
340.5,1,333.546,0.305203
340,1,332.679,0.312165
339.5,1,331.813,0.319023
339,1,330.947,0.325776
338.5,1,330.081,0.329712
338,1,329.215,0.333276
337.5,1,328.349,0.336777
337,1,327.483,0.340214
336.5,1,326.617,0.343589
336,1,325.751,0.345648
335.5,1,324.885,0.346701
335,1,324.019,0.347551
334.5,1,323.153,0.348489
334,1,322.287,0.349517
333.5,1,321.421,0.350633
333,1,320.555,0.351839
332.5,1,319.689,0.353042
332,1,318.823,0.354139
331.5,1,317.957,0.355408
331,1,317.091,0.356846
330.5,1,316.225,0.357381
330,1,315.359,0.357559
329.5,1,314.493,0.357783
329,1,313.627,0.357791
328.5,1,312.761,0.357884
328,1,311.895,0.358078
327.5,1,311.029,0.358372
327,1,310.163,0.358766
326.5,1,309.297,0.359261
326,1,308.431,0.359495
325.5,1,307.565,0.359671
325,1,306.699,0.359472
324.5,1,305.833,0.359171
324,1,304.967,0.358905
323.5,1,304.101,0.358675
323,1,303.235,0.358103
322.5,1,302.369,0.3568
322,1,301.503,0.355559
321.5,1,300.637,0.354379
321,1,299.771,0.353261
320.5,1,298.905,0.352203
320,1,298.038,0.351187
319.5,1,297.172,0.347596
319,1,296.306,0.34372
318.5,1,295.44,0.339645
318,1,294.574,0.335369
317.5,1,293.708,0.330893
317,1,292.842,0.326217
316.5,1,291.976,0.317763
316,1,291.11,0.307252
315.5,1,290.244,0.296201
315,1,289.378,0.284611
314.5,1,288.512,0.272481
314,1,287.646,0.257817
313.5,1,286.78,0.240684
313,1,285.914,0.221741
312.5,1,285.048,0.203856
312,1,284.182,0.18703
311.5,1,283.316,0.171262
311,1,282.45,0.156553
310.5,1,281.584,0.143438
310,1,280.718,0.13869
309.5,1,279.852,0.134346
309,1,278.986,0.130406
308.5,1,278.12,0.127075
308,1,277.254,0.123803
307.5,1,276.388,0.120577
307,1,275.522,0.117813
306.5,1,274.656,0.115238
306,1,273.79,0.112716
305.5,1,272.924,0.110246
305,1,272.058,0.107829
304.5,1,271.192,0.105464
304,1,270.326,0.103725
303.5,1,269.46,0.102773
303,1,268.594,0.101976
302.5,1,267.728,0.101172
302,1,266.862,0.100359
301.5,1,265.996,0.0995381
301,1,265.13,0.0987962
300.5,1,264.263,0.0986795
300,1,263.397,0.0985617
299.5,1,262.531,0.0984426
299,1,261.665,0.0983224
298.5,1,260.799,0.0982011
298,1,259.933,0.0980797
297.5,1,259.067,0.0981998
297,1,258.201,0.098371
296.5,1,257.335,0.0985372
296,1,256.469,0.0986985
295.5,1,255.603,0.0988547
295,1,254.737,0.0990059
294.5,1,253.871,0.0992365
294,1,253.005,0.0995525
293.5,1,252.139,0.0998676
293,1,251.273,0.100182
292.5,1,250.407,0.100497
292,1,249.541,0.100819
291.5,1,248.675,0.101129
291,1,247.809,0.101387
290.5,1,246.943,0.101645
290,1,246.077,0.101901
289.5,1,245.211,0.102156
289,1,244.345,0.102409
288.5,1,243.479,0.102661
288,1,242.613,0.102875
287.5,1,241.747,0.103081
287,1,240.881,0.103289
286.5,1,240.015,0.103499
286,1,239.149,0.103709
285.5,1,238.283,0.103918
285,1,237.417,0.10411
284.5,1,236.551,0.104289
284,1,235.685,0.104466
283.5,1,234.819,0.104644
283,1,233.953,0.10482
282.5,1,233.087,0.104996
282,1,232.221,0.105164
281.5,1,231.355,0.105311
281,1,230.488,0.10546
280.5,1,229.622,0.105608
280,1,228.756,0.105755
279.5,1,227.89,0.105901
279,1,227.024,0.106046
278.5,1,226.158,0.106169
278,1,225.292,0.10629
277.5,1,224.426,0.106409
277,1,223.56,0.106528
276.5,1,222.694,0.106647
276,1,221.828,0.106765
275.5,1,220.962,0.106872
275,1,220.096,0.10697
274.5,1,219.23,0.107067
274,1,218.364,0.107164
273.5,1,217.498,0.10726
273,1,216.632,0.107355
272.5,1,215.766,0.107446
272,1,214.9,0.107524
271.5,1,214.034,0.107602
271,1,213.168,0.10768
270.5,1,212.302,0.107757
270,1,211.436,0.107834
269.5,1,210.57,0.107911
269,1,209.704,0.107974
268.5,1,208.838,0.108036
268,1,207.972,0.108098
267.5,1,207.106,0.108159
267,1,206.24,0.10822
266.5,1,205.374,0.10828
266,1,204.508,0.108334
265.5,1,203.642,0.108384
265,1,202.776,0.108434
264.5,1,201.91,0.108483
264,1,201.044,0.108533
263.5,1,200.178,0.108581
263,1,199.312,0.108627
262.5,1,198.446,0.108666
262,1,197.58,0.108706
261.5,1,196.714,0.108745
261,1,195.847,0.108783
260.5,1,194.981,0.108821
260,1,194.115,0.108859
259.5,1,193.249,0.10889
259,1,192.383,0.108922
258.5,1,191.517,0.108953
258,1,190.651,0.108983
257.5,1,189.785,0.109014
257,1,188.919,0.109044
256.5,1,188.053,0.10907
256,1,187.187,0.109093
255.5,1,186.321,0.109117
255,1,185.455,0.10914
254.5,1,184.589,0.109163
254,1,183.723,0.109186
253.5,1,182.857,0.109208
253,1,181.991,0.109227
252.5,1,181.125,0.109246
252,1,180.259,0.109264
251.5,1,179.393,0.109283
251,1,178.527,0.109301
250.5,1,177.661,0.109319
250,1,176.795,0.109333
249.5,1,175.929,0.109347
249,1,175.063,0.10936
248.5,1,174.197,0.109374
248,1,173.331,0.109387
247.5,1,172.465,0.1094
247,1,171.599,0.109412
246.5,1,170.733,0.109423
246,1,169.867,0.109433
245.5,1,169.001,0.109444
245,1,168.135,0.109454
244.5,1,167.269,0.109465
244,1,166.403,0.109474
243.5,1,165.537,0.109481
243,1,164.671,0.109488
242.5,1,163.805,0.109496
242,1,162.939,0.109503
241.5,1,162.072,0.10951
241,1,161.206,0.109516
240.5,1,160.34,0.109522
240,1,159.474,0.109528
239.5,1,158.608,0.109533
239,1,157.742,0.109538
238.5,1,156.876,0.109544
238,1,156.01,0.109549
237.5,1,155.144,0.109553
237,1,154.278,0.109556
236.5,1,153.412,0.109559
236,1,152.546,0.109562
235.5,1,151.68,0.109565
235,1,150.814,0.109568
234.5,1,149.948,0.109571
234,1,149.082,0.109573
233.5,1,148.216,0.109575
233,1,147.35,0.109577
232.5,1,146.484,0.109579
232,1,145.618,0.109581
231.5,1,144.752,0.109583
231,1,143.886,0.109584
230.5,1,143.02,0.109584
230,1,142.154,0.109584
229.5,1,141.288,0.109585
229,1,140.422,0.109585
228.5,1,139.556,0.109586
228,1,138.69,0.109586
227.5,1,137.824,0.109586
227,1,136.958,0.109586
226.5,1,136.092,0.109585
226,1,135.226,0.109585
225.5,1,134.36,0.109585
225,1,133.494,0.109585
224.5,1,132.628,0.109583
224,1,131.762,0.109582
223.5,1,130.896,0.109581
223,1,130.03,0.10958
222.5,1,129.164,0.109578
222,1,128.297,0.109577
221.5,1,127.431,0.109576
221,1,126.565,0.109574
220.5,1,125.699,0.109573
220,1,124.833,0.109571
219.5,1,123.967,0.10957
219,1,123.101,0.109568
218.5,1,122.235,0.109566
218,1,121.369,0.109564
217.5,1,120.503,0.109561
217,1,119.637,0.109559
216.5,1,118.771,0.109557
216,1,117.905,0.109555
215.5,1,117.039,0.109552
215,1,116.173,0.10955
214.5,1,115.307,0.109547
214,1,114.441,0.109545
213.5,1,113.575,0.109543
213,1,112.709,0.10954
212.5,1,111.843,0.109538
212,1,110.977,0.109535
211.5,1,110.111,0.109532
211,1,109.245,0.109529
210.5,1,108.379,0.109526
210,1,107.513,0.109523
209.5,1,106.647,0.10952
209,1,105.781,0.109517
208.5,1,104.915,0.109514
208,1,104.049,0.109511
207.5,1,103.183,0.109508
207,1,102.317,0.109505
206.5,1,101.451,0.109502
206,1,100.585,0.109499
205.5,1,99.7187,0.109496
205,1,98.8526,0.109493
204.5,1,97.9866,0.10949
204,1,97.1206,0.109487
203.5,1,96.2546,0.109484
203,1,95.3885,0.109481
202.5,1,94.5225,0.109477
202,1,93.6565,0.109473
201.5,1,92.7905,0.109469
201,1,91.9244,0.109466
200.5,1,91.0584,0.109462
200,1,90.1924,0.109458
