x,y,z,b
500,1,609.808,0.106355
499.5,1,608.942,0.106307
499,1,608.076,0.106257
498.5,1,607.21,0.106208
498,1,606.344,0.106158
497.5,1,605.477,0.106108
497,1,604.611,0.106057
496.5,1,603.745,0.106004
496,1,602.879,0.105949
495.5,1,602.013,0.105894
495,1,601.147,0.105839
494.5,1,600.281,0.105783
494,1,599.415,0.105726
493.5,1,598.549,0.105669
493,1,597.683,0.105611
492.5,1,596.817,0.105553
492,1,595.951,0.105493
491.5,1,595.085,0.105434
491,1,594.219,0.105374
490.5,1,593.353,0.105313
490,1,592.487,0.105251
489.5,1,591.621,0.105188
489,1,590.755,0.105124
488.5,1,589.889,0.10506
488,1,589.023,0.104995
487.5,1,588.157,0.10493
487,1,587.291,0.104867
486.5,1,586.425,0.104804
486,1,585.559,0.104741
485.5,1,584.693,0.104678
485,1,583.827,0.104614
484.5,1,582.961,0.104549
484,1,582.095,0.104486
483.5,1,581.229,0.104426
483,1,580.363,0.104365
482.5,1,579.497,0.104305
482,1,578.631,0.104244
481.5,1,577.765,0.104183
481,1,576.899,0.104122
480.5,1,576.033,0.104076
480,1,575.167,0.104029
479.5,1,574.301,0.103983
479,1,573.435,0.103937
478.5,1,572.569,0.103892
478,1,571.703,0.103847
477.5,1,570.836,0.103823
477,1,569.97,0.103805
476.5,1,569.104,0.103789
476,1,568.238,0.103775
475.5,1,567.372,0.103761
475,1,566.506,0.103749
474.5,1,565.64,0.103751
474,1,564.774,0.103774
473.5,1,563.908,0.103798
473,1,563.042,0.103825
472.5,1,562.176,0.103858
472,1,561.31,0.103895
471.5,1,560.444,0.10394
471,1,559.578,0.104031
470.5,1,558.712,0.104127
470,1,557.846,0.104228
469.5,1,556.98,0.104333
469,1,556.114,0.104444
468.5,1,555.248,0.104559
468,1,554.382,0.104734
467.5,1,553.516,0.104934
467,1,552.65,0.105161
466.5,1,551.784,0.105399
466,1,550.918,0.10565
465.5,1,550.052,0.105914
465,1,549.186,0.106237
464.5,1,548.32,0.106629
464,1,547.454,0.107038
463.5,1,546.588,0.107466
463,1,545.722,0.107912
462.5,1,544.856,0.108376
462,1,543.99,0.108899
461.5,1,543.124,0.109621
461,1,542.258,0.110383
460.5,1,541.392,0.111185
460,1,540.526,0.112026
459.5,1,539.66,0.112907
459,1,538.794,0.113828
458.5,1,537.928,0.114939
458,1,537.061,0.116123
457.5,1,536.195,0.117355
457,1,535.329,0.118636
456.5,1,534.463,0.120008
456,1,533.597,0.121543
455.5,1,532.731,0.123159
455,1,531.865,0.124832
454.5,1,530.999,0.126531
454,1,530.133,0.128255
453.5,1,529.267,0.130004
453,1,528.401,0.13178
452.5,1,527.535,0.133547
452,1,526.669,0.135216
451.5,1,525.803,0.136891
451,1,524.937,0.138565
450.5,1,524.071,0.140226
450,1,523.205,0.141884
449.5,1,522.339,0.143538
449,1,521.473,0.145109
448.5,1,520.607,0.146687
448,1,519.741,0.148282
447.5,1,518.875,0.149892
447,1,518.009,0.151519
446.5,1,517.143,0.153162
446,1,516.277,0.15479
445.5,1,515.411,0.156421
445,1,514.545,0.158081
444.5,1,513.679,0.159764
444,1,512.813,0.161471
443.5,1,511.947,0.163201
443,1,511.081,0.164887
442.5,1,510.215,0.166403
442,1,509.349,0.167912
441.5,1,508.483,0.169414
441,1,507.617,0.170907
440.5,1,506.751,0.172394
440,1,505.885,0.17367
439.5,1,505.019,0.174301
439,1,504.153,0.174897
438.5,1,503.286,0.17547
438,1,502.42,0.176019
437.5,1,501.554,0.176545
437,1,500.688,0.177048
436.5,1,499.822,0.17734
436,1,498.956,0.177526
435.5,1,498.09,0.177708
435,1,497.224,0.177885
434.5,1,496.358,0.177905
434,1,495.492,0.177801
433.5,1,494.626,0.177754
433,1,493.76,0.177805
432.5,1,492.894,0.177885
432,1,492.028,0.177992
431.5,1,491.162,0.178126
431,1,490.296,0.178289
430.5,1,489.43,0.17848
430,1,488.564,0.178728
429.5,1,487.698,0.178953
429,1,486.832,0.178846
428.5,1,485.966,0.178559
428,1,485.1,0.178319
427.5,1,484.234,0.178126
427,1,483.368,0.17821
426.5,1,482.502,0.178458
426,1,481.636,0.178783
425.5,1,480.77,0.179184
425,1,479.904,0.179661
424.5,1,479.038,0.180215
424,1,478.172,0.181223
423.5,1,477.306,0.182582
423,1,476.44,0.183849
422.5,1,475.574,0.185197
422,1,474.708,0.186625
421.5,1,473.842,0.188133
421,1,472.976,0.18976
420.5,1,472.11,0.191863
420,1,471.244,0.193951
419.5,1,470.378,0.196025
419,1,469.512,0.198084
418.5,1,468.645,0.200129
418,1,467.779,0.20105
417.5,1,466.913,0.201129
417,1,466.047,0.201186
416.5,1,465.181,0.201339
416,1,464.315,0.201588
415.5,1,463.449,0.201932
415,1,462.583,0.202371
414.5,1,461.717,0.202714
414,1,460.851,0.203055
413.5,1,459.985,0.203681
413,1,459.119,0.204591
412.5,1,458.253,0.205212
412,1,457.387,0.205785
411.5,1,456.521,0.206256
411,1,455.655,0.205567
410.5,1,454.789,0.204898
410,1,453.923,0.204248
409.5,1,453.057,0.203618
409,1,452.191,0.203008
408.5,1,451.325,0.202418
408,1,450.459,0.199014
407.5,1,449.593,0.194946
407,1,448.727,0.190313
406.5,1,447.861,0.185821
406,1,446.995,0.18159
405.5,1,446.129,0.177618
405,1,445.263,0.174284
404.5,1,444.397,0.171596
404,1,443.531,0.169199
403.5,1,442.665,0.167091
403,1,441.799,0.165274
402.5,1,440.933,0.163747
402,1,440.067,0.162738
401.5,1,439.201,0.163182
401,1,438.335,0.163788
400.5,1,437.469,0.164524
400,1,436.603,0.165389
399.5,1,435.737,0.166383
399,1,434.87,0.167508
398.5,1,434.004,0.169583
398,1,433.138,0.171821
397.5,1,432.272,0.174102
397,1,431.406,0.176427
396.5,1,430.54,0.178795
396,1,429.674,0.181235
395.5,1,428.808,0.183159
395,1,427.942,0.184697
394.5,1,427.076,0.186261
394,1,426.21,0.18785
393.5,1,425.344,0.189464
393,1,424.478,0.191104
392.5,1,423.612,0.192548
392,1,422.746,0.193261
391.5,1,421.88,0.193849
391,1,421.014,0.194309
390.5,1,420.148,0.194454
390,1,419.282,0.194388
389.5,1,418.416,0.194113
389,1,417.55,0.195265
388.5,1,416.684,0.196055
388,1,415.818,0.196358
387.5,1,414.952,0.196176
387,1,414.086,0.195507
386.5,1,413.22,0.194352
386,1,412.354,0.190833
385.5,1,411.488,0.186338
385,1,410.622,0.182699
384.5,1,409.756,0.179394
384,1,408.89,0.176422
383.5,1,408.024,0.173784
383,1,407.158,0.171849
382.5,1,406.292,0.171115
382,1,405.426,0.17075
381.5,1,404.56,0.170754
381,1,403.694,0.171127
380.5,1,402.828,0.171869
380,1,401.962,0.173029
379.5,1,401.095,0.175583
379,1,400.229,0.178054
378.5,1,399.363,0.18043
378,1,398.497,0.182712
377.5,1,397.631,0.1849
377,1,396.765,0.186994
376.5,1,395.899,0.188083
376,1,395.033,0.188624
375.5,1,394.167,0.189051
375,1,393.301,0.189365
374.5,1,392.435,0.189602
374,1,391.569,0.189954
373.5,1,390.703,0.189383
373,1,389.837,0.18701
372.5,1,388.971,0.18449
372,1,388.105,0.181826
371.5,1,387.239,0.179016
371,1,386.373,0.17606
370.5,1,385.507,0.172941
370,1,384.641,0.169264
369.5,1,383.775,0.165388
369,1,382.909,0.161592
368.5,1,382.043,0.158348
368,1,381.177,0.154964
367.5,1,380.311,0.15144
367,1,379.445,0.149866
366.5,1,378.579,0.14902
366,1,377.713,0.148152
365.5,1,376.847,0.14726
365,1,375.981,0.146345
364.5,1,375.115,0.145407
364,1,374.249,0.146338
363.5,1,373.383,0.151098
363,1,372.517,0.157792
362.5,1,371.651,0.164575
362,1,370.785,0.171448
361.5,1,369.919,0.178409
361,1,369.053,0.185349
360.5,1,368.187,0.19128
360,1,367.321,0.19709
359.5,1,366.454,0.20278
359,1,365.588,0.208349
358.5,1,364.722,0.213797
358,1,363.856,0.218988
357.5,1,362.99,0.22123
357,1,362.124,0.223556
356.5,1,361.258,0.226825
356,1,360.392,0.231039
355.5,1,359.526,0.236196
355,1,358.66,0.242297
354.5,1,357.794,0.251322
354,1,356.928,0.265379
353.5,1,356.062,0.282928
353,1,355.196,0.303969
352.5,1,354.33,0.320331
352,1,353.464,0.326816
351.5,1,352.598,0.325527
351,1,351.732,0.296422
350.5,1,350.866,0.273226
350,1,350,0.25594
349.5,1,349.134,0.244562
349,1,348.268,0.239094
348.5,1,347.402,0.239535
348,1,346.536,0.254106
347.5,1,345.67,0.267644
347,1,344.804,0.273415
346.5,1,343.938,0.274811
346,1,343.072,0.276656
345.5,1,342.206,0.278952
345,1,341.34,0.281548
344.5,1,340.474,0.283954
344,1,339.608,0.286146
343.5,1,338.742,0.288124
343,1,337.876,0.289889
342.5,1,337.01,0.291439
342,1,336.144,0.292838
341.5,1,335.278,0.295137
341,1,334.412,0.297756
340.5,1,333.546,0.300052
340,1,332.679,0.302023
339.5,1,331.813,0.303671
339,1,330.947,0.304994
338.5,1,330.081,0.306472
338,1,329.215,0.30778
337.5,1,328.349,0.30887
337,1,327.483,0.309742
336.5,1,326.617,0.310396
336,1,325.751,0.311727
335.5,1,324.885,0.31377
335,1,324.019,0.315962
334.5,1,323.153,0.317964
334,1,322.287,0.319777
333.5,1,321.421,0.321402
333,1,320.555,0.322837
332.5,1,319.689,0.323917
332,1,318.823,0.32446
331.5,1,317.957,0.324978
331,1,317.091,0.325471
330.5,1,316.225,0.326269
330,1,315.359,0.327062
329.5,1,314.493,0.327702
329,1,313.627,0.327541
328.5,1,312.761,0.327285
328,1,311.895,0.326968
327.5,1,311.029,0.326589
327,1,310.163,0.326148
326.5,1,309.297,0.325645
326,1,308.431,0.323856
325.5,1,307.565,0.321709
325,1,306.699,0.319676
324.5,1,305.833,0.317691
324,1,304.967,0.315806
323.5,1,304.101,0.31402
323,1,303.235,0.309761
322.5,1,302.369,0.300488
322,1,301.503,0.291676
321.5,1,300.637,0.283323
321,1,299.771,0.275432
320.5,1,298.905,0.268001
320,1,298.038,0.26093
319.5,1,297.172,0.242061
319,1,296.306,0.222685
318.5,1,295.44,0.203111
318,1,294.574,0.183338
317.5,1,293.708,0.163366
317,1,292.842,0.143195
316.5,1,291.976,0.133399
316,1,291.11,0.128276
315.5,1,290.244,0.123225
315,1,289.378,0.118245
314.5,1,288.512,0.113336
314,1,287.646,0.108596
313.5,1,286.78,0.105421
313,1,285.914,0.104534
312.5,1,285.048,0.103592
312,1,284.182,0.102594
311.5,1,283.316,0.10154
311,1,282.45,0.10043
310.5,1,281.584,0.0993308
310,1,280.718,0.0991461
309.5,1,279.852,0.0989312
309,1,278.986,0.098686
308.5,1,278.12,0.098442
308,1,277.254,0.098158
307.5,1,276.388,0.0978328
307,1,275.522,0.0978495
306.5,1,274.656,0.0979711
306,1,273.79,0.0980729
305.5,1,272.924,0.0981551
305,1,272.058,0.0982175
304.5,1,271.192,0.0982603
304,1,270.326,0.0984415
303.5,1,269.46,0.0988188
303,1,268.594,0.0992029
302.5,1,267.728,0.0995816
302,1,266.862,0.099955
301.5,1,265.996,0.100323
301,1,265.13,0.100679
300.5,1,264.263,0.10098
300,1,263.397,0.101281
299.5,1,262.531,0.101583
299,1,261.665,0.101886
298.5,1,260.799,0.10219
298,1,259.933,0.102495
297.5,1,259.067,0.102741
297,1,258.201,0.102971
296.5,1,257.335,0.103201
296,1,256.469,0.103431
295.5,1,255.603,0.103661
295,1,254.737,0.103891
294.5,1,253.871,0.104102
294,1,253.005,0.104292
293.5,1,252.139,0.104482
293,1,251.273,0.104672
292.5,1,250.407,0.104864
292,1,249.541,0.105059
291.5,1,248.675,0.105248
291,1,247.809,0.105409
290.5,1,246.943,0.105569
290,1,246.077,0.105729
289.5,1,245.211,0.105888
289,1,244.345,0.106047
288.5,1,243.479,0.106205
288,1,242.613,0.106338
287.5,1,241.747,0.106466
287,1,240.881,0.106596
286.5,1,240.015,0.106727
286,1,239.149,0.106857
285.5,1,238.283,0.106986
285,1,237.417,0.107102
284.5,1,236.551,0.107206
284,1,235.685,0.107309
283.5,1,234.819,0.107412
283,1,233.953,0.107515
282.5,1,233.087,0.107617
282,1,232.221,0.107713
281.5,1,231.355,0.107795
281,1,230.488,0.107878
280.5,1,229.622,0.10796
280,1,228.756,0.108041
279.5,1,227.89,0.108122
279,1,227.024,0.108202
278.5,1,226.158,0.108269
278,1,225.292,0.108334
277.5,1,224.426,0.108399
277,1,223.56,0.108463
276.5,1,222.694,0.108527
276,1,221.828,0.108591
275.5,1,220.962,0.108647
275,1,220.096,0.108698
274.5,1,219.23,0.108749
274,1,218.364,0.108799
273.5,1,217.498,0.108849
273,1,216.632,0.108898
272.5,1,215.766,0.108944
272,1,214.9,0.108984
271.5,1,214.034,0.109023
271,1,213.168,0.109062
270.5,1,212.302,0.109101
270,1,211.436,0.109139
269.5,1,210.57,0.109177
269,1,209.704,0.109207
268.5,1,208.838,0.109237
268,1,207.972,0.109266
267.5,1,207.106,0.109295
267,1,206.24,0.109323
266.5,1,205.374,0.109351
266,1,204.508,0.109376
265.5,1,203.642,0.109398
265,1,202.776,0.109421
264.5,1,201.91,0.109443
264,1,201.044,0.109465
263.5,1,200.178,0.109487
263,1,199.312,0.109506
262.5,1,198.446,0.109523
262,1,197.58,0.109538
261.5,1,196.714,0.109554
261,1,195.847,0.10957
260.5,1,194.981,0.109585
260,1,194.115,0.1096
259.5,1,193.249,0.109612
259,1,192.383,0.109624
258.5,1,191.517,0.109635
258,1,190.651,0.109647
257.5,1,189.785,0.109658
257,1,188.919,0.10967
256.5,1,188.053,0.109678
256,1,187.187,0.109686
255.5,1,186.321,0.109693
255,1,185.455,0.1097
254.5,1,184.589,0.109707
254,1,183.723,0.109714
253.5,1,182.857,0.109721
253,1,181.991,0.109726
252.5,1,181.125,0.109731
252,1,180.259,0.109736
251.5,1,179.393,0.109741
251,1,178.527,0.109746
250.5,1,177.661,0.109751
250,1,176.795,0.109753
249.5,1,175.929,0.109756
249,1,175.063,0.109758
248.5,1,174.197,0.109761
248,1,173.331,0.109763
247.5,1,172.465,0.109765
247,1,171.599,0.109767
246.5,1,170.733,0.109768
246,1,169.867,0.109769
245.5,1,169.001,0.10977
245,1,168.135,0.109771
244.5,1,167.269,0.109772
244,1,166.403,0.109772
243.5,1,165.537,0.109772
243,1,164.671,0.109771
242.5,1,163.805,0.10977
242,1,162.939,0.10977
241.5,1,162.072,0.109769
241,1,161.206,0.109768
240.5,1,160.34,0.109767
240,1,159.474,0.109766
239.5,1,158.608,0.109764
239,1,157.742,0.109763
238.5,1,156.876,0.109762
238,1,156.01,0.109761
237.5,1,155.144,0.109758
237,1,154.278,0.109756
236.5,1,153.412,0.109754
236,1,152.546,0.109752
235.5,1,151.68,0.109749
235,1,150.814,0.109747
234.5,1,149.948,0.109745
234,1,149.082,0.109742
233.5,1,148.216,0.109739
233,1,147.35,0.109737
232.5,1,146.484,0.109734
232,1,145.618,0.109732
231.5,1,144.752,0.109729
231,1,143.886,0.109726
230.5,1,143.02,0.109722
230,1,142.154,0.109719
229.5,1,141.288,0.109716
229,1,140.422,0.109713
228.5,1,139.556,0.10971
228,1,138.69,0.109706
227.5,1,137.824,0.109703
227,1,136.958,0.109699
226.5,1,136.092,0.109696
226,1,135.226,0.109693
225.5,1,134.36,0.109689
225,1,133.494,0.109686
224.5,1,132.628,0.109682
224,1,131.762,0.109678
223.5,1,130.896,0.109674
223,1,130.03,0.109671
222.5,1,129.164,0.109667
222,1,128.297,0.109663
221.5,1,127.431,0.109659
221,1,126.565,0.109655
220.5,1,125.699,0.109652
220,1,124.833,0.109648
219.5,1,123.967,0.109644
219,1,123.101,0.10964
218.5,1,122.235,0.109636
218,1,121.369,0.109632
217.5,1,120.503,0.109628
217,1,119.637,0.109624
216.5,1,118.771,0.109621
216,1,117.905,0.109617
215.5,1,117.039,0.109613
215,1,116.173,0.109609
214.5,1,115.307,0.109604
214,1,114.441,0.1096
213.5,1,113.575,0.109596
213,1,112.709,0.109592
212.5,1,111.843,0.109588
212,1,110.977,0.109584
211.5,1,110.111,0.10958
211,1,109.245,0.109576
210.5,1,108.379,0.109572
210,1,107.513,0.109568
209.5,1,106.647,0.109564
209,1,105.781,0.10956
208.5,1,104.915,0.109555
208,1,104.049,0.109551
207.5,1,103.183,0.109547
207,1,102.317,0.109543
206.5,1,101.451,0.109538
206,1,100.585,0.109534
205.5,1,99.7187,0.109531
205,1,98.8526,0.109527
204.5,1,97.9866,0.109523
204,1,97.1206,0.109519
203.5,1,96.2546,0.109516
203,1,95.3885,0.109512
202.5,1,94.5225,0.109507
202,1,93.6565,0.109502
201.5,1,92.7905,0.109498
201,1,91.9244,0.109493
200.5,1,91.0584,0.109489
200,1,90.1924,0.109484
