x,y,z,b
500,1,609.808,0.107874
499.5,1,608.942,0.107959
499,1,608.076,0.108047
498.5,1,607.21,0.108137
498,1,606.344,0.108229
497.5,1,605.477,0.108322
497,1,604.611,0.108417
496.5,1,603.745,0.108528
496,1,602.879,0.10865
495.5,1,602.013,0.108774
495,1,601.147,0.1089
494.5,1,600.281,0.10903
494,1,599.415,0.109162
493.5,1,598.549,0.109303
493,1,597.683,0.10946
492.5,1,596.817,0.10962
492,1,595.951,0.109782
491.5,1,595.085,0.109945
491,1,594.219,0.110112
490.5,1,593.353,0.11028
490,1,592.487,0.110473
489.5,1,591.621,0.110667
489,1,590.755,0.110867
488.5,1,589.889,0.111069
488,1,589.023,0.111275
487.5,1,588.157,0.111483
487,1,587.291,0.111704
486.5,1,586.425,0.111933
486,1,585.559,0.112165
485.5,1,584.693,0.1124
485,1,583.827,0.112639
484.5,1,582.961,0.112881
484,1,582.095,0.113132
483.5,1,581.229,0.1134
483,1,580.363,0.113673
482.5,1,579.497,0.113949
482,1,578.631,0.114229
481.5,1,577.765,0.114513
481,1,576.899,0.114802
480.5,1,576.033,0.115104
480,1,575.167,0.11541
479.5,1,574.301,0.115721
479,1,573.435,0.116036
478.5,1,572.569,0.116355
478,1,571.703,0.116684
477.5,1,570.836,0.117026
477,1,569.97,0.117376
476.5,1,569.104,0.117733
476,1,568.238,0.118095
475.5,1,567.372,0.118463
475,1,566.506,0.118838
474.5,1,565.64,0.119218
474,1,564.774,0.119605
473.5,1,563.908,0.119999
473,1,563.042,0.120401
472.5,1,562.176,0.120818
472,1,561.31,0.121244
471.5,1,560.444,0.12168
471,1,559.578,0.122142
470.5,1,558.712,0.122615
470,1,557.846,0.1231
469.5,1,556.98,0.123596
469,1,556.114,0.124103
468.5,1,555.248,0.124622
468,1,554.382,0.125183
467.5,1,553.516,0.125769
467,1,552.65,0.126385
466.5,1,551.784,0.12702
466,1,550.918,0.127674
465.5,1,550.052,0.128348
465,1,549.186,0.12909
464.5,1,548.32,0.129911
464,1,547.454,0.130761
463.5,1,546.588,0.13164
463,1,545.722,0.132548
462.5,1,544.856,0.133485
462,1,543.99,0.134477
461.5,1,543.124,0.135615
461,1,542.258,0.136781
460.5,1,541.392,0.137973
460,1,540.526,0.139193
459.5,1,539.66,0.14044
459,1,538.794,0.141715
458.5,1,537.928,0.142702
458,1,537.061,0.143616
457.5,1,536.195,0.144505
457,1,535.329,0.145369
456.5,1,534.463,0.146165
456,1,533.597,0.146816
455.5,1,532.731,0.147082
455,1,531.865,0.147043
454.5,1,530.999,0.147
454,1,530.133,0.146953
453.5,1,529.267,0.146902
453,1,528.401,0.146846
452.5,1,527.535,0.146883
452,1,526.669,0.147258
451.5,1,525.803,0.147664
451,1,524.937,0.148089
450.5,1,524.071,0.148502
450,1,523.205,0.148911
449.5,1,522.339,0.149318
449,1,521.473,0.150336
448.5,1,520.607,0.151408
448,1,519.741,0.152477
447.5,1,518.875,0.153542
447,1,518.009,0.154604
446.5,1,517.143,0.155663
446,1,516.277,0.156843
445.5,1,515.411,0.15805
445,1,514.545,0.159161
444.5,1,513.679,0.16027
444,1,512.813,0.161379
443.5,1,511.947,0.162485
443,1,511.081,0.163525
442.5,1,510.215,0.16439
442,1,509.349,0.16524
441.5,1,508.483,0.166075
441,1,507.617,0.166894
440.5,1,506.751,0.167699
440,1,505.885,0.16831
439.5,1,505.019,0.168592
439,1,504.153,0.168851
438.5,1,503.286,0.169091
438,1,502.42,0.169312
437.5,1,501.554,0.169514
437,1,500.688,0.169696
436.5,1,499.822,0.170043
436,1,498.956,0.170504
435.5,1,498.09,0.170991
435,1,497.224,0.171505
434.5,1,496.358,0.171926
434,1,495.492,0.172232
433.5,1,494.626,0.172569
433,1,493.76,0.172978
432.5,1,492.894,0.173348
432,1,492.028,0.17368
431.5,1,491.162,0.173974
431,1,490.296,0.174229
430.5,1,489.43,0.174449
430,1,488.564,0.174688
429.5,1,487.698,0.174874
429,1,486.832,0.174869
428.5,1,485.966,0.174658
428,1,485.1,0.17432
427.5,1,484.234,0.173857
427,1,483.368,0.173402
426.5,1,482.502,0.172852
426,1,481.636,0.172151
425.5,1,480.77,0.171297
425,1,479.904,0.17029
424.5,1,479.038,0.169132
424,1,478.172,0.167933
423.5,1,477.306,0.167063
423,1,476.44,0.166252
422.5,1,475.574,0.165356
422,1,474.708,0.164373
421.5,1,473.842,0.163305
421,1,472.976,0.162181
420.5,1,472.11,0.161298
420,1,471.244,0.160302
419.5,1,470.378,0.159191
419,1,469.512,0.157968
418.5,1,468.645,0.15663
418,1,467.779,0.155922
417.5,1,466.913,0.155589
417,1,466.047,0.155292
416.5,1,465.181,0.155001
416,1,464.315,0.154715
415.5,1,463.449,0.154436
415,1,462.583,0.154161
414.5,1,461.717,0.15406
414,1,460.851,0.154155
413.5,1,459.985,0.154237
413,1,459.119,0.154308
412.5,1,458.253,0.154633
412,1,457.387,0.155029
411.5,1,456.521,0.155419
411,1,455.655,0.155788
410.5,1,454.789,0.156168
410,1,453.923,0.156557
409.5,1,453.057,0.156957
409,1,452.191,0.157366
408.5,1,451.325,0.157786
408,1,450.459,0.158189
407.5,1,449.593,0.158652
407,1,448.727,0.159367
406.5,1,447.861,0.160176
406,1,446.995,0.161046
405.5,1,446.129,0.161976
405,1,445.263,0.162898
404.5,1,444.397,0.163809
404,1,443.531,0.164774
403.5,1,442.665,0.165794
403,1,441.799,0.166867
402.5,1,440.933,0.167994
402,1,440.067,0.169096
401.5,1,439.201,0.170036
401,1,438.335,0.17108
400.5,1,437.469,0.172218
400,1,436.603,0.173452
399.5,1,435.737,0.17478
399,1,434.87,0.176203
398.5,1,434.004,0.177022
398,1,433.138,0.17773
397.5,1,432.272,0.178417
397,1,431.406,0.179083
396.5,1,430.54,0.179729
396,1,429.674,0.180493
395.5,1,428.808,0.181657
395,1,427.942,0.183005
394.5,1,427.076,0.184222
394,1,426.21,0.185308
393.5,1,425.344,0.186262
393,1,424.478,0.187085
392.5,1,423.612,0.187447
392,1,422.746,0.186739
391.5,1,421.88,0.185989
391,1,421.014,0.185198
390.5,1,420.148,0.184401
390,1,419.282,0.183607
389.5,1,418.416,0.182815
389,1,417.55,0.180848
388.5,1,416.684,0.178868
388,1,415.818,0.176957
387.5,1,414.952,0.175116
387,1,414.086,0.173345
386.5,1,413.22,0.171645
386,1,412.354,0.169313
385.5,1,411.488,0.166506
385,1,410.622,0.163415
384.5,1,409.756,0.160361
384,1,408.89,0.157345
383.5,1,408.024,0.154365
383,1,407.158,0.151826
382.5,1,406.292,0.150214
382,1,405.426,0.148589
381.5,1,404.56,0.146951
381,1,403.694,0.1453
380.5,1,402.828,0.143636
380,1,401.962,0.141958
379.5,1,401.095,0.141295
379,1,400.229,0.140626
378.5,1,399.363,0.13994
378,1,398.497,0.139239
377.5,1,397.631,0.138521
377,1,396.765,0.137787
376.5,1,395.899,0.137717
376,1,395.033,0.138071
375.5,1,394.167,0.138547
375,1,393.301,0.139143
374.5,1,392.435,0.140042
374,1,391.569,0.141809
373.5,1,390.703,0.14409
373,1,389.837,0.146963
372.5,1,388.971,0.149983
372,1,388.105,0.153151
371.5,1,387.239,0.156466
371,1,386.373,0.159928
370.5,1,385.507,0.163498
370,1,384.641,0.166321
369.5,1,383.775,0.169169
369,1,382.909,0.171777
368.5,1,382.043,0.173868
368,1,381.177,0.176205
367.5,1,380.311,0.178785
367,1,379.445,0.180766
366.5,1,378.579,0.182598
366,1,377.713,0.184576
365.5,1,376.847,0.186703
365,1,375.981,0.188976
364.5,1,375.115,0.191397
364,1,374.249,0.192973
363.5,1,373.383,0.19288
363,1,372.517,0.192442
362.5,1,371.651,0.192502
362,1,370.785,0.193058
361.5,1,369.919,0.194112
361,1,369.053,0.195435
360.5,1,368.187,0.195083
360,1,367.321,0.194925
359.5,1,366.454,0.19496
359,1,365.588,0.19519
358.5,1,364.722,0.195612
358,1,363.856,0.196251
357.5,1,362.99,0.191065
357,1,362.124,0.184623
356.5,1,361.258,0.178642
356,1,360.392,0.173122
355.5,1,359.526,0.168063
355,1,358.66,0.163465
354.5,1,357.794,0.173236
354,1,356.928,0.201431
353.5,1,356.062,0.233365
353,1,355.196,0.269039
352.5,1,354.33,0.300144
352,1,353.464,0.319538
351.5,1,352.598,0.330453
351,1,351.732,0.318443
350.5,1,350.866,0.307118
350,1,350,0.296478
349.5,1,349.134,0.286524
349,1,348.268,0.277255
348.5,1,347.402,0.268671
348,1,346.536,0.263288
347.5,1,345.67,0.259439
347,1,344.804,0.259974
346.5,1,343.938,0.263319
346,1,343.072,0.266209
345.5,1,342.206,0.268644
345,1,341.34,0.268471
344.5,1,340.474,0.266174
344,1,339.608,0.263755
343.5,1,338.742,0.261214
343,1,337.876,0.258553
342.5,1,337.01,0.25577
342,1,336.144,0.252942
341.5,1,335.278,0.25051
341,1,334.412,0.248446
340.5,1,333.546,0.246744
340,1,332.679,0.245403
339.5,1,331.813,0.244422
339,1,330.947,0.243803
338.5,1,330.081,0.248538
338,1,329.215,0.253907
337.5,1,328.349,0.259331
337,1,327.483,0.26481
336.5,1,326.617,0.270343
336,1,325.751,0.274158
335.5,1,324.885,0.279005
335,1,324.019,0.28476
334.5,1,323.153,0.289636
334,1,322.287,0.293632
333.5,1,321.421,0.296748
333,1,320.555,0.298984
332.5,1,319.689,0.30054
332,1,318.823,0.302929
331.5,1,317.957,0.306287
331,1,317.091,0.310615
330.5,1,316.225,0.314183
330,1,315.359,0.316794
329.5,1,314.493,0.31892
329,1,313.627,0.318333
328.5,1,312.761,0.318639
328,1,311.895,0.319982
327.5,1,311.029,0.322362
327,1,310.163,0.325778
326.5,1,309.297,0.33023
326,1,308.431,0.332711
325.5,1,307.565,0.334216
325,1,306.699,0.335582
324.5,1,305.833,0.337654
324,1,304.967,0.340686
323.5,1,304.101,0.34468
323,1,303.235,0.347717
322.5,1,302.369,0.347
322,1,301.503,0.346147
321.5,1,300.637,0.34516
321,1,299.771,0.344038
320.5,1,298.905,0.342781
320,1,298.038,0.341305
319.5,1,297.172,0.325901
319,1,296.306,0.308987
318.5,1,295.44,0.291479
318,1,294.574,0.273377
317.5,1,293.708,0.254681
317,1,292.842,0.235391
316.5,1,291.976,0.220404
316,1,291.11,0.208214
315.5,1,290.244,0.196895
315,1,289.378,0.186447
314.5,1,288.512,0.17687
314,1,287.646,0.175749
313.5,1,286.78,0.175695
313,1,285.914,0.175421
312.5,1,285.048,0.175685
312,1,284.182,0.176489
311.5,1,283.316,0.177833
311,1,282.45,0.179716
310.5,1,281.584,0.182103
310,1,280.718,0.184493
309.5,1,279.852,0.187357
309,1,278.986,0.190695
308.5,1,278.12,0.191191
308,1,277.254,0.191588
307.5,1,276.388,0.191986
307,1,275.522,0.192724
306.5,1,274.656,0.193491
306,1,273.79,0.194163
305.5,1,272.924,0.194739
305,1,272.058,0.195219
304.5,1,271.192,0.195604
304,1,270.326,0.196315
303.5,1,269.46,0.197292
303,1,268.594,0.196336
302.5,1,267.728,0.195272
302,1,266.862,0.1941
301.5,1,265.996,0.19282
301,1,265.13,0.191414
300.5,1,264.263,0.189705
300,1,263.397,0.187774
299.5,1,262.531,0.18562
299,1,261.665,0.183243
298.5,1,260.799,0.180644
298,1,259.933,0.17777
297.5,1,259.067,0.17351
297,1,258.201,0.169065
296.5,1,257.335,0.164618
296,1,256.469,0.16017
295.5,1,255.603,0.15572
295,1,254.737,0.151269
294.5,1,253.871,0.146504
294,1,253.005,0.141561
293.5,1,252.139,0.136811
293,1,251.273,0.132254
292.5,1,250.407,0.128047
292,1,249.541,0.124853
291.5,1,248.675,0.121851
291,1,247.809,0.119214
290.5,1,246.943,0.116715
290,1,246.077,0.114352
289.5,1,245.211,0.112126
289,1,244.345,0.110037
288.5,1,243.479,0.108085
288,1,242.613,0.106639
287.5,1,241.747,0.105351
287,1,240.881,0.104209
286.5,1,240.015,0.103312
286,1,239.149,0.102459
285.5,1,238.283,0.10165
285,1,237.417,0.101073
284.5,1,236.551,0.100682
284,1,235.685,0.100318
283.5,1,234.819,0.0999782
283,1,233.953,0.0996644
282.5,1,233.087,0.099376
282,1,232.221,0.0991571
281.5,1,231.355,0.0991087
281,1,230.488,0.0990905
280.5,1,229.622,0.0990791
280,1,228.756,0.0990745
279.5,1,227.89,0.0990767
279,1,227.024,0.0990857
278.5,1,226.158,0.0992131
278,1,225.292,0.0993553
277.5,1,224.426,0.0995022
277,1,223.56,0.0996539
276.5,1,222.694,0.0998103
276,1,221.828,0.0999728
275.5,1,220.962,0.10016
275,1,220.096,0.100359
274.5,1,219.23,0.100557
274,1,218.364,0.100755
273.5,1,217.498,0.100953
273,1,216.632,0.10115
272.5,1,215.766,0.101345
272,1,214.9,0.101535
271.5,1,214.034,0.101725
271,1,213.168,0.101914
270.5,1,212.302,0.102104
270,1,211.436,0.102294
269.5,1,210.57,0.102484
269,1,209.704,0.10266
268.5,1,208.838,0.102836
268,1,207.972,0.10301
267.5,1,207.106,0.103183
267,1,206.24,0.103355
266.5,1,205.374,0.103526
266,1,204.508,0.103685
265.5,1,203.642,0.103839
265,1,202.776,0.103992
264.5,1,201.91,0.104144
264,1,201.044,0.104295
263.5,1,200.178,0.104445
263,1,199.312,0.104589
262.5,1,198.446,0.104722
262,1,197.58,0.104854
261.5,1,196.714,0.104984
261,1,195.847,0.105114
260.5,1,194.981,0.105242
260,1,194.115,0.105369
259.5,1,193.249,0.105482
259,1,192.383,0.105595
258.5,1,191.517,0.105706
258,1,190.651,0.105817
257.5,1,189.785,0.105926
257,1,188.919,0.106035
256.5,1,188.053,0.106133
256,1,187.187,0.106227
255.5,1,186.321,0.10632
255,1,185.455,0.106412
254.5,1,184.589,0.106503
254,1,183.723,0.106593
253.5,1,182.857,0.106679
253,1,181.991,0.106758
252.5,1,181.125,0.106836
252,1,180.259,0.106913
251.5,1,179.393,0.10699
251,1,178.527,0.107066
250.5,1,177.661,0.10714
250,1,176.795,0.107204
249.5,1,175.929,0.107268
249,1,175.063,0.107331
248.5,1,174.197,0.107393
248,1,173.331,0.107455
247.5,1,172.465,0.107517
247,1,171.599,0.107573
246.5,1,170.733,0.107626
246,1,169.867,0.10768
245.5,1,169.001,0.107733
245,1,168.135,0.107785
244.5,1,167.269,0.107837
244,1,166.403,0.107885
243.5,1,165.537,0.107929
243,1,164.671,0.107972
242.5,1,163.805,0.108016
242,1,162.939,0.108059
241.5,1,162.072,0.108101
241,1,161.206,0.108142
240.5,1,160.34,0.108179
240,1,159.474,0.108215
239.5,1,158.608,0.108251
239,1,157.742,0.108287
238.5,1,156.876,0.108322
238,1,156.01,0.108357
237.5,1,155.144,0.108388
237,1,154.278,0.108418
236.5,1,153.412,0.108447
236,1,152.546,0.108477
235.5,1,151.68,0.108506
235,1,150.814,0.108534
234.5,1,149.948,0.108561
234,1,149.082,0.108585
233.5,1,148.216,0.10861
233,1,147.35,0.108634
232.5,1,146.484,0.108658
232,1,145.618,0.108682
231.5,1,144.752,0.108705
231,1,143.886,0.108724
230.5,1,143.02,0.108744
230,1,142.154,0.108763
229.5,1,141.288,0.108782
229,1,140.422,0.108801
228.5,1,139.556,0.108819
228,1,138.69,0.108836
227.5,1,137.824,0.108852
227,1,136.958,0.108868
226.5,1,136.092,0.108885
226,1,135.226,0.1089
225.5,1,134.36,0.108916
225,1,133.494,0.10893
224.5,1,132.628,0.108943
224,1,131.762,0.108955
223.5,1,130.896,0.108968
223,1,130.03,0.10898
222.5,1,129.164,0.108992
222,1,128.297,0.109004
221.5,1,127.431,0.109015
221,1,126.565,0.109026
220.5,1,125.699,0.109036
220,1,124.833,0.109047
219.5,1,123.967,0.109057
219,1,123.101,0.109067
218.5,1,122.235,0.109075
218,1,121.369,0.109083
217.5,1,120.503,0.109091
217,1,119.637,0.109099
216.5,1,118.771,0.109107
216,1,117.905,0.109114
215.5,1,117.039,0.109121
215,1,116.173,0.109128
214.5,1,115.307,0.109135
214,1,114.441,0.109141
213.5,1,113.575,0.109148
213,1,112.709,0.109154
212.5,1,111.843,0.10916
212,1,110.977,0.109165
211.5,1,110.111,0.109169
211,1,109.245,0.109174
210.5,1,108.379,0.109178
210,1,107.513,0.109182
209.5,1,106.647,0.109187
209,1,105.781,0.10919
208.5,1,104.915,0.109194
208,1,104.049,0.109198
207.5,1,103.183,0.109202
207,1,102.317,0.109205
206.5,1,101.451,0.109209
206,1,100.585,0.109212
205.5,1,99.7187,0.109215
205,1,98.8526,0.109218
204.5,1,97.9866,0.109221
204,1,97.1206,0.109223
203.5,1,96.2546,0.109226
203,1,95.3885,0.109228
202.5,1,94.5225,0.109229
202,1,93.6565,0.109231
201.5,1,92.7905,0.109232
201,1,91.9244,0.109233
200.5,1,91.0584,0.109234
200,1,90.1924,0.109235
