x,y,z,b
500,1,609.808,0.105854
499.5,1,608.942,0.105809
499,1,608.076,0.105765
498.5,1,607.21,0.10572
498,1,606.344,0.105674
497.5,1,605.477,0.105629
497,1,604.611,0.105583
496.5,1,603.745,0.105538
496,1,602.879,0.105493
495.5,1,602.013,0.105448
495,1,601.147,0.105402
494.5,1,600.281,0.105356
494,1,599.415,0.10531
493.5,1,598.549,0.105267
493,1,597.683,0.105229
492.5,1,596.817,0.105192
492,1,595.951,0.105155
491.5,1,595.085,0.105119
491,1,594.219,0.105082
490.5,1,593.353,0.105045
490,1,592.487,0.105022
489.5,1,591.621,0.104999
489,1,590.755,0.104978
488.5,1,589.889,0.104956
488,1,589.023,0.104936
487.5,1,588.157,0.104916
487,1,587.291,0.104911
486.5,1,586.425,0.104913
486,1,585.559,0.104916
485.5,1,584.693,0.104919
485,1,583.827,0.104924
484.5,1,582.961,0.104929
484,1,582.095,0.104944
483.5,1,581.229,0.104976
483,1,580.363,0.10501
482.5,1,579.497,0.105045
482,1,578.631,0.105082
481.5,1,577.765,0.10512
481,1,576.899,0.105163
480.5,1,576.033,0.105238
480,1,575.167,0.105316
479.5,1,574.301,0.105396
479,1,573.435,0.105479
478.5,1,572.569,0.105564
478,1,571.703,0.105657
477.5,1,570.836,0.105782
477,1,569.97,0.105921
476.5,1,569.104,0.106065
476,1,568.238,0.106213
475.5,1,567.372,0.106366
475,1,566.506,0.106524
474.5,1,565.64,0.106709
474,1,564.774,0.106929
473.5,1,563.908,0.107155
473,1,563.042,0.107389
472.5,1,562.176,0.107642
472,1,561.31,0.107902
471.5,1,560.444,0.108179
471,1,559.578,0.108523
470.5,1,558.712,0.108879
470,1,557.846,0.109246
469.5,1,556.98,0.109624
469,1,556.114,0.110014
468.5,1,555.248,0.110415
468,1,554.382,0.110892
467.5,1,553.516,0.111404
467,1,552.65,0.111964
466.5,1,551.784,0.112544
466,1,550.918,0.113144
465.5,1,550.052,0.113764
465,1,549.186,0.114453
464.5,1,548.32,0.115218
464,1,547.454,0.116008
463.5,1,546.588,0.116825
463,1,545.722,0.117667
462.5,1,544.856,0.118536
462,1,543.99,0.119468
461.5,1,543.124,0.120593
461,1,542.258,0.12176
460.5,1,541.392,0.122969
460,1,540.526,0.124218
459.5,1,539.66,0.125509
459,1,538.794,0.126842
458.5,1,537.928,0.12827
458,1,537.061,0.129741
457.5,1,536.195,0.131248
457,1,535.329,0.132789
456.5,1,534.463,0.134379
456,1,533.597,0.136031
455.5,1,532.731,0.137612
455,1,531.865,0.139117
454.5,1,530.999,0.140612
454,1,530.133,0.142099
453.5,1,529.267,0.143577
453,1,528.401,0.145046
452.5,1,527.535,0.146467
452,1,526.669,0.147746
451.5,1,525.803,0.149015
451,1,524.937,0.15025
450.5,1,524.071,0.151435
450,1,523.205,0.152622
449.5,1,522.339,0.153812
449,1,521.473,0.154945
448.5,1,520.607,0.156091
448,1,519.741,0.157256
447.5,1,518.875,0.158441
447,1,518.009,0.159646
446.5,1,517.143,0.16087
446,1,516.277,0.162031
445.5,1,515.411,0.163063
445,1,514.545,0.163973
444.5,1,513.679,0.164889
444,1,512.813,0.165811
443.5,1,511.947,0.166739
443,1,511.081,0.167589
442.5,1,510.215,0.16823
442,1,509.349,0.168874
441.5,1,508.483,0.169521
441,1,507.617,0.170171
440.5,1,506.751,0.170823
440,1,505.885,0.171387
439.5,1,505.019,0.171754
439,1,504.153,0.172118
438.5,1,503.286,0.172482
438,1,502.42,0.172845
437.5,1,501.554,0.173208
437,1,500.688,0.173571
436.5,1,499.822,0.173916
436,1,498.956,0.174232
435.5,1,498.09,0.174522
435,1,497.224,0.174786
434.5,1,496.358,0.17476
434,1,495.492,0.174484
433.5,1,494.626,0.174274
433,1,493.76,0.17423
432.5,1,492.894,0.174206
432,1,492.028,0.174203
431.5,1,491.162,0.174221
431,1,490.296,0.174259
430.5,1,489.43,0.174326
430,1,488.564,0.174668
429.5,1,487.698,0.175027
429,1,486.832,0.175214
428.5,1,485.966,0.175284
428,1,485.1,0.175365
427.5,1,484.234,0.175456
427,1,483.368,0.176073
426.5,1,482.502,0.176974
426,1,481.636,0.177961
425.5,1,480.77,0.179034
425,1,479.904,0.180194
424.5,1,479.038,0.181441
424,1,478.172,0.183037
423.5,1,477.306,0.184435
423,1,476.44,0.185393
422.5,1,475.574,0.186235
422,1,474.708,0.186962
421.5,1,473.842,0.187574
421,1,472.976,0.188077
420.5,1,472.11,0.188619
420,1,471.244,0.189184
419.5,1,470.378,0.189772
419,1,469.512,0.190382
418.5,1,468.645,0.191016
418,1,467.779,0.190874
417.5,1,466.913,0.19027
417,1,466.047,0.189638
416.5,1,465.181,0.189
416,1,464.315,0.188357
415.5,1,463.449,0.187707
415,1,462.583,0.187051
414.5,1,461.717,0.186487
414,1,460.851,0.186174
413.5,1,459.985,0.186042
413,1,459.119,0.186092
412.5,1,458.253,0.186207
412,1,457.387,0.186259
411.5,1,456.521,0.186082
411,1,455.655,0.184791
410.5,1,454.789,0.183471
410,1,453.923,0.182121
409.5,1,453.057,0.180742
409,1,452.191,0.179334
408.5,1,451.325,0.177897
408,1,450.459,0.17475
407.5,1,449.593,0.171494
407,1,448.727,0.168905
406.5,1,447.861,0.166659
406,1,446.995,0.164685
405.5,1,446.129,0.162982
405,1,445.263,0.16169
404.5,1,444.397,0.160771
404,1,443.531,0.160079
403.5,1,442.665,0.159613
403,1,441.799,0.159373
402.5,1,440.933,0.159359
402,1,440.067,0.159729
401.5,1,439.201,0.161141
401,1,438.335,0.162624
400.5,1,437.469,0.164151
400,1,436.603,0.165723
399.5,1,435.737,0.167339
399,1,434.87,0.169
398.5,1,434.004,0.171108
398,1,433.138,0.173275
397.5,1,432.272,0.175445
397,1,431.406,0.177617
396.5,1,430.54,0.179791
396,1,429.674,0.181942
395.5,1,428.808,0.183753
395,1,427.942,0.185328
394.5,1,427.076,0.186912
394,1,426.21,0.188505
393.5,1,425.344,0.190107
393,1,424.478,0.191719
392.5,1,423.612,0.192846
392,1,422.746,0.192467
391.5,1,421.88,0.192044
391,1,421.014,0.191569
390.5,1,420.148,0.190749
390,1,419.282,0.189786
389.5,1,418.416,0.188679
389,1,417.55,0.188189
388.5,1,416.684,0.187378
388,1,415.818,0.186185
387.5,1,414.952,0.184609
387,1,414.086,0.18265
386.5,1,413.22,0.180308
386,1,412.354,0.176749
385.5,1,411.488,0.173089
385,1,410.622,0.17047
384.5,1,409.756,0.168121
384,1,408.89,0.16604
383.5,1,408.024,0.164228
383,1,407.158,0.163186
382.5,1,406.292,0.163554
382,1,405.426,0.164196
381.5,1,404.56,0.165111
381,1,403.694,0.166298
380.5,1,402.828,0.167758
380,1,401.962,0.1694
379.5,1,401.095,0.170527
379,1,400.229,0.17151
378.5,1,399.363,0.172351
378,1,398.497,0.173048
377.5,1,397.631,0.173603
377,1,396.765,0.174015
376.5,1,395.899,0.173689
376,1,395.033,0.172943
375.5,1,394.167,0.172064
375,1,393.301,0.171054
374.5,1,392.435,0.170045
374,1,391.569,0.169403
373.5,1,390.703,0.168472
373,1,389.837,0.166998
372.5,1,388.971,0.165265
372,1,388.105,0.163274
371.5,1,387.239,0.161025
371,1,386.373,0.158517
370.5,1,385.507,0.155826
370,1,384.641,0.154547
369.5,1,383.775,0.153228
369,1,382.909,0.152229
368.5,1,382.043,0.15195
368,1,381.177,0.151378
367.5,1,380.311,0.150513
367,1,379.445,0.150337
366.5,1,378.579,0.15041
366,1,377.713,0.150398
365.5,1,376.847,0.150301
365,1,375.981,0.150119
364.5,1,375.115,0.149853
364,1,374.249,0.151031
363.5,1,373.383,0.155063
363,1,372.517,0.160148
362.5,1,371.651,0.165364
362,1,370.785,0.170712
361.5,1,369.919,0.176191
361,1,369.053,0.181723
360.5,1,368.187,0.186968
360,1,367.321,0.192836
359.5,1,366.454,0.19933
359,1,365.588,0.206447
358.5,1,364.722,0.214189
358,1,363.856,0.221823
357.5,1,362.99,0.221561
357,1,362.124,0.220484
356.5,1,361.258,0.220625
356,1,360.392,0.221987
355.5,1,359.526,0.224567
355,1,358.66,0.228367
354.5,1,357.794,0.237621
354,1,356.928,0.2552
353.5,1,356.062,0.27722
353,1,355.196,0.303681
352.5,1,354.33,0.325502
352,1,353.464,0.33708
351.5,1,352.598,0.340084
351,1,351.732,0.308016
350.5,1,350.866,0.281522
350,1,350,0.2606
349.5,1,349.134,0.245253
349,1,348.268,0.235479
348.5,1,347.402,0.231278
348,1,346.536,0.243464
347.5,1,345.67,0.256559
347,1,344.804,0.261788
346.5,1,343.938,0.261249
346,1,343.072,0.260818
345.5,1,342.206,0.260495
345,1,341.34,0.261429
344.5,1,340.474,0.26403
344,1,339.608,0.267436
343.5,1,338.742,0.271646
343,1,337.876,0.276661
342.5,1,337.01,0.28248
342,1,336.144,0.288449
341.5,1,335.278,0.293827
341,1,334.412,0.300134
340.5,1,333.546,0.306375
340,1,332.679,0.312551
339.5,1,331.813,0.318662
339,1,330.947,0.324707
338.5,1,330.081,0.328402
338,1,329.215,0.331763
337.5,1,328.349,0.335048
337,1,327.483,0.338257
336.5,1,326.617,0.34139
336,1,325.751,0.343348
335.5,1,324.885,0.344359
335,1,324.019,0.345179
334.5,1,323.153,0.346124
334,1,322.287,0.347195
333.5,1,321.421,0.348391
333,1,320.555,0.349712
332.5,1,319.689,0.351076
332,1,318.823,0.352368
331.5,1,317.957,0.353826
331,1,317.091,0.355451
330.5,1,316.225,0.35605
330,1,315.359,0.356265
329.5,1,314.493,0.356549
329,1,313.627,0.356488
328.5,1,312.761,0.356551
328,1,311.895,0.356759
327.5,1,311.029,0.357112
327,1,310.163,0.35761
326.5,1,309.297,0.358253
326,1,308.431,0.358572
325.5,1,307.565,0.358763
325,1,306.699,0.358414
324.5,1,305.833,0.357944
324,1,304.967,0.357534
323.5,1,304.101,0.357184
323,1,303.235,0.356489
322.5,1,302.369,0.355018
322,1,301.503,0.353615
321.5,1,300.637,0.35228
321,1,299.771,0.351013
320.5,1,298.905,0.349814
320,1,298.038,0.348662
319.5,1,297.172,0.344849
319,1,296.306,0.340752
318.5,1,295.44,0.336469
318,1,294.574,0.332002
317.5,1,293.708,0.327348
317,1,292.842,0.32251
316.5,1,291.976,0.313576
316,1,291.11,0.30247
315.5,1,290.244,0.29086
315,1,289.378,0.278744
314.5,1,288.512,0.266124
314,1,287.646,0.250985
313.5,1,286.78,0.233769
313,1,285.914,0.215392
312.5,1,285.048,0.198057
312,1,284.182,0.181766
311.5,1,283.316,0.166518
311,1,282.45,0.152313
310.5,1,281.584,0.139662
310,1,280.718,0.134987
309.5,1,279.852,0.130649
309,1,278.986,0.126651
308.5,1,278.12,0.123248
308,1,277.254,0.11993
307.5,1,276.388,0.116685
307,1,275.522,0.114177
306.5,1,274.656,0.111942
306,1,273.79,0.109757
305.5,1,272.924,0.107623
305,1,272.058,0.105539
304.5,1,271.192,0.103504
304,1,270.326,0.102069
303.5,1,269.46,0.101374
303,1,268.594,0.100796
302.5,1,267.728,0.100203
302,1,266.862,0.0995938
301.5,1,265.996,0.0989693
301,1,265.13,0.0984021
300.5,1,264.263,0.0983551
300,1,263.397,0.0983041
299.5,1,262.531,0.0982493
299,1,261.665,0.0981905
298.5,1,260.799,0.0981279
298,1,259.933,0.0980624
297.5,1,259.067,0.0982395
297,1,258.201,0.098468
296.5,1,257.335,0.0986907
296,1,256.469,0.0989077
295.5,1,255.603,0.0991189
295,1,254.737,0.0993244
294.5,1,253.871,0.0995808
294,1,253.005,0.099894
293.5,1,252.139,0.100207
293,1,251.273,0.100519
292.5,1,250.407,0.100832
292,1,249.541,0.101152
291.5,1,248.675,0.101459
291,1,247.809,0.101708
290.5,1,246.943,0.101956
290,1,246.077,0.102203
289.5,1,245.211,0.102448
289,1,244.345,0.102693
288.5,1,243.479,0.102936
288,1,242.613,0.103144
287.5,1,241.747,0.103345
287,1,240.881,0.103547
286.5,1,240.015,0.103753
286,1,239.149,0.103957
285.5,1,238.283,0.104161
285,1,237.417,0.104348
284.5,1,236.551,0.104522
284,1,235.685,0.104694
283.5,1,234.819,0.104866
283,1,233.953,0.105038
282.5,1,233.087,0.105208
282,1,232.221,0.105371
281.5,1,231.355,0.105514
281,1,230.488,0.105657
280.5,1,229.622,0.1058
280,1,228.756,0.105942
279.5,1,227.89,0.106083
279,1,227.024,0.106224
278.5,1,226.158,0.106342
278,1,225.292,0.106459
277.5,1,224.426,0.106574
277,1,223.56,0.106689
276.5,1,222.694,0.106803
276,1,221.828,0.106917
275.5,1,220.962,0.107019
275,1,220.096,0.107114
274.5,1,219.23,0.107207
274,1,218.364,0.1073
273.5,1,217.498,0.107392
273,1,216.632,0.107483
272.5,1,215.766,0.10757
272,1,214.9,0.107645
271.5,1,214.034,0.10772
271,1,213.168,0.107794
270.5,1,212.302,0.107869
270,1,211.436,0.107943
269.5,1,210.57,0.108016
269,1,209.704,0.108077
268.5,1,208.838,0.108136
268,1,207.972,0.108195
267.5,1,207.106,0.108254
267,1,206.24,0.108312
266.5,1,205.374,0.10837
266,1,204.508,0.108421
265.5,1,203.642,0.108469
265,1,202.776,0.108516
264.5,1,201.91,0.108564
264,1,201.044,0.108611
263.5,1,200.178,0.108657
263,1,199.312,0.108701
262.5,1,198.446,0.108738
262,1,197.58,0.108776
261.5,1,196.714,0.108813
261,1,195.847,0.108849
260.5,1,194.981,0.108886
260,1,194.115,0.108921
259.5,1,193.249,0.108951
259,1,192.383,0.108981
258.5,1,191.517,0.10901
258,1,190.651,0.10904
257.5,1,189.785,0.109068
257,1,188.919,0.109097
256.5,1,188.053,0.109121
256,1,187.187,0.109144
255.5,1,186.321,0.109166
255,1,185.455,0.109188
254.5,1,184.589,0.10921
254,1,183.723,0.109231
253.5,1,182.857,0.109251
253,1,181.991,0.109269
252.5,1,181.125,0.109287
252,1,180.259,0.109305
251.5,1,179.393,0.109322
251,1,178.527,0.109339
250.5,1,177.661,0.109356
250,1,176.795,0.109369
249.5,1,175.929,0.109382
249,1,175.063,0.109394
248.5,1,174.197,0.109407
248,1,173.331,0.10942
247.5,1,172.465,0.109432
247,1,171.599,0.109443
246.5,1,170.733,0.109453
246,1,169.867,0.109463
245.5,1,169.001,0.109472
245,1,168.135,0.109482
244.5,1,167.269,0.109492
244,1,166.403,0.1095
243.5,1,165.537,0.109507
243,1,164.671,0.109513
242.5,1,163.805,0.10952
242,1,162.939,0.109526
241.5,1,162.072,0.109533
241,1,161.206,0.109539
240.5,1,160.34,0.109544
240,1,159.474,0.109549
239.5,1,158.608,0.109554
239,1,157.742,0.109558
238.5,1,156.876,0.109563
238,1,156.01,0.109568
237.5,1,155.144,0.109571
237,1,154.278,0.109574
236.5,1,153.412,0.109577
236,1,152.546,0.109579
235.5,1,151.68,0.109582
235,1,150.814,0.109585
234.5,1,149.948,0.109587
234,1,149.082,0.109589
233.5,1,148.216,0.10959
233,1,147.35,0.109592
232.5,1,146.484,0.109594
232,1,145.618,0.109595
231.5,1,144.752,0.109597
231,1,143.886,0.109597
230.5,1,143.02,0.109597
230,1,142.154,0.109597
229.5,1,141.288,0.109597
229,1,140.422,0.109597
228.5,1,139.556,0.109597
228,1,138.69,0.109597
227.5,1,137.824,0.109597
227,1,136.958,0.109596
226.5,1,136.092,0.109596
226,1,135.226,0.109596
225.5,1,134.36,0.109595
225,1,133.494,0.109594
224.5,1,132.628,0.109593
224,1,131.762,0.109591
223.5,1,130.896,0.10959
223,1,130.03,0.109588
222.5,1,129.164,0.109587
222,1,128.297,0.109585
221.5,1,127.431,0.109584
221,1,126.565,0.109582
220.5,1,125.699,0.10958
220,1,124.833,0.109579
219.5,1,123.967,0.109577
219,1,123.101,0.109575
218.5,1,122.235,0.109573
218,1,121.369,0.10957
217.5,1,120.503,0.109568
217,1,119.637,0.109566
216.5,1,118.771,0.109563
216,1,117.905,0.109561
215.5,1,117.039,0.109558
215,1,116.173,0.109556
214.5,1,115.307,0.109553
214,1,114.441,0.109551
213.5,1,113.575,0.109548
213,1,112.709,0.109545
212.5,1,111.843,0.109543
212,1,110.977,0.10954
211.5,1,110.111,0.109537
211,1,109.245,0.109534
210.5,1,108.379,0.109531
210,1,107.513,0.109528
209.5,1,106.647,0.109525
209,1,105.781,0.109522
208.5,1,104.915,0.109518
208,1,104.049,0.109515
207.5,1,103.183,0.109512
207,1,102.317,0.109509
206.5,1,101.451,0.109506
206,1,100.585,0.109502
205.5,1,99.7187,0.109499
205,1,98.8526,0.109496
204.5,1,97.9866,0.109493
204,1,97.1206,0.10949
203.5,1,96.2546,0.109488
203,1,95.3885,0.109484
202.5,1,94.5225,0.10948
202,1,93.6565,0.109476
201.5,1,92.7905,0.109473
201,1,91.9244,0.109469
200.5,1,91.0584,0.109465
200,1,90.1924,0.109461
