x,y,z,b
500,1,609.808,0.109072
499.5,1,608.942,0.109071
499,1,608.076,0.109069
498.5,1,607.21,0.109067
498,1,606.344,0.109065
497.5,1,605.477,0.109064
497,1,604.611,0.109062
496.5,1,603.745,0.10906
496,1,602.879,0.109058
495.5,1,602.013,0.109056
495,1,601.147,0.109054
494.5,1,600.281,0.109052
494,1,599.415,0.10905
493.5,1,598.549,0.109048
493,1,597.683,0.109045
492.5,1,596.817,0.109043
492,1,595.951,0.10904
491.5,1,595.085,0.109038
491,1,594.219,0.109036
490.5,1,593.353,0.109033
490,1,592.487,0.10903
489.5,1,591.621,0.109028
489,1,590.755,0.109025
488.5,1,589.889,0.109022
488,1,589.023,0.10902
487.5,1,588.157,0.109017
487,1,587.291,0.109014
486.5,1,586.425,0.109011
486,1,585.559,0.109007
485.5,1,584.693,0.109004
485,1,583.827,0.109001
484.5,1,582.961,0.108997
484,1,582.095,0.108994
483.5,1,581.229,0.10899
483,1,580.363,0.108987
482.5,1,579.497,0.108983
482,1,578.631,0.108979
481.5,1,577.765,0.108976
481,1,576.899,0.108972
480.5,1,576.033,0.108967
480,1,575.167,0.108963
479.5,1,574.301,0.108959
479,1,573.435,0.108954
478.5,1,572.569,0.10895
478,1,571.703,0.108945
477.5,1,570.836,0.10894
477,1,569.97,0.108935
476.5,1,569.104,0.10893
476,1,568.238,0.108925
475.5,1,567.372,0.10892
475,1,566.506,0.108915
474.5,1,565.64,0.10891
474,1,564.774,0.108903
473.5,1,563.908,0.108897
473,1,563.042,0.108891
472.5,1,562.176,0.108885
472,1,561.31,0.108879
471.5,1,560.444,0.108872
471,1,559.578,0.108865
470.5,1,558.712,0.108858
470,1,557.846,0.108851
469.5,1,556.98,0.108844
469,1,556.114,0.108836
468.5,1,555.248,0.108829
468,1,554.382,0.108821
467.5,1,553.516,0.108812
467,1,552.65,0.108803
466.5,1,551.784,0.108794
466,1,550.918,0.108786
465.5,1,550.052,0.108777
465,1,549.186,0.108767
464.5,1,548.32,0.108757
464,1,547.454,0.108747
463.5,1,546.588,0.108737
463,1,545.722,0.108727
462.5,1,544.856,0.108716
462,1,543.99,0.108705
461.5,1,543.124,0.108693
461,1,542.258,0.10868
460.5,1,541.392,0.108667
460,1,540.526,0.108654
459.5,1,539.66,0.108641
459,1,538.794,0.108628
458.5,1,537.928,0.108614
458,1,537.061,0.108599
457.5,1,536.195,0.108584
457,1,535.329,0.108569
456.5,1,534.463,0.108553
456,1,533.597,0.108538
455.5,1,532.731,0.108521
455,1,531.865,0.108502
454.5,1,530.999,0.108484
454,1,530.133,0.108465
453.5,1,529.267,0.108446
453,1,528.401,0.108427
452.5,1,527.535,0.108406
452,1,526.669,0.108384
451.5,1,525.803,0.108361
451,1,524.937,0.108338
450.5,1,524.071,0.108315
450,1,523.205,0.108292
449.5,1,522.339,0.108268
449,1,521.473,0.108241
448.5,1,520.607,0.108212
448,1,519.741,0.108184
447.5,1,518.875,0.108155
447,1,518.009,0.108126
446.5,1,517.143,0.108097
446,1,516.277,0.108064
445.5,1,515.411,0.10803
445,1,514.545,0.107995
444.5,1,513.679,0.10796
444,1,512.813,0.107925
443.5,1,511.947,0.107889
443,1,511.081,0.107851
442.5,1,510.215,0.107807
442,1,509.349,0.107763
441.5,1,508.483,0.107718
441,1,507.617,0.107673
440.5,1,506.751,0.107628
440,1,505.885,0.107582
439.5,1,505.019,0.107529
439,1,504.153,0.107475
438.5,1,503.286,0.10742
438,1,502.42,0.107365
437.5,1,501.554,0.107309
437,1,500.688,0.107253
436.5,1,499.822,0.107188
436,1,498.956,0.107118
435.5,1,498.09,0.107048
435,1,497.224,0.106977
434.5,1,496.358,0.106906
434,1,495.492,0.106835
433.5,1,494.626,0.106758
433,1,493.76,0.106671
432.5,1,492.894,0.106584
432,1,492.028,0.106496
431.5,1,491.162,0.106406
431,1,490.296,0.106316
430.5,1,489.43,0.106225
430,1,488.564,0.106113
429.5,1,487.698,0.106
429,1,486.832,0.105886
428.5,1,485.966,0.105771
428,1,485.1,0.105654
427.5,1,484.234,0.105537
427,1,483.368,0.105402
426.5,1,482.502,0.105259
426,1,481.636,0.105115
425.5,1,480.77,0.104969
425,1,479.904,0.104821
424.5,1,479.038,0.104672
424,1,478.172,0.104511
423.5,1,477.306,0.104333
423,1,476.44,0.104153
422.5,1,475.574,0.103971
422,1,474.708,0.103787
421.5,1,473.842,0.103601
421,1,472.976,0.10341
420.5,1,472.11,0.103187
420,1,471.244,0.10296
419.5,1,470.378,0.10273
419,1,469.512,0.102497
418.5,1,468.645,0.10226
418,1,467.779,0.102023
417.5,1,466.913,0.101723
417,1,466.047,0.101397
416.5,1,465.181,0.101064
416,1,464.315,0.100725
415.5,1,463.449,0.100378
415,1,462.583,0.100024
414.5,1,461.717,0.0997049
414,1,460.851,0.0994284
413.5,1,459.985,0.0991423
413,1,459.119,0.0988467
412.5,1,458.253,0.0985481
412,1,457.387,0.0982392
411.5,1,456.521,0.097989
411,1,455.655,0.0981732
410.5,1,454.789,0.0983497
410,1,453.923,0.0985186
409.5,1,453.057,0.0986799
409,1,452.191,0.0988335
408.5,1,451.325,0.0989795
408,1,450.459,0.0999101
407.5,1,449.593,0.100995
407,1,448.727,0.102115
406.5,1,447.861,0.103241
406,1,446.995,0.104367
405.5,1,446.129,0.105491
405,1,445.263,0.107035
404.5,1,444.397,0.108966
404,1,443.531,0.110872
403.5,1,442.665,0.112754
403,1,441.799,0.11461
402.5,1,440.933,0.116442
402,1,440.067,0.118251
401.5,1,439.201,0.120268
401,1,438.335,0.122533
400.5,1,437.469,0.125035
400,1,436.603,0.127775
399.5,1,435.737,0.130751
399,1,434.87,0.133966
398.5,1,434.004,0.149419
398,1,433.138,0.166983
397.5,1,432.272,0.185016
397,1,431.406,0.20352
396.5,1,430.54,0.222494
396,1,429.674,0.243473
395.5,1,428.808,0.260753
395,1,427.942,0.274833
394.5,1,427.076,0.287878
394,1,426.21,0.299888
393.5,1,425.344,0.310862
393,1,424.478,0.320801
392.5,1,423.612,0.328063
392,1,422.746,0.329953
391.5,1,421.88,0.331777
391,1,421.014,0.333534
390.5,1,420.148,0.33518
390,1,419.282,0.336796
389.5,1,418.416,0.338382
389,1,417.55,0.338395
388.5,1,416.684,0.338341
388,1,415.818,0.338329
387.5,1,414.952,0.33836
387,1,414.086,0.338434
386.5,1,413.22,0.33855
386,1,412.354,0.338972
385.5,1,411.488,0.339565
385,1,410.622,0.340191
384.5,1,409.756,0.340867
384,1,408.89,0.341595
383.5,1,408.024,0.342374
383,1,407.158,0.34329
382.5,1,406.292,0.344424
382,1,405.426,0.34556
381.5,1,404.56,0.346698
381,1,403.694,0.347838
380.5,1,402.828,0.34898
380,1,401.962,0.349803
379.5,1,401.095,0.348512
379,1,400.229,0.34742
378.5,1,399.363,0.346531
378,1,398.497,0.345846
377.5,1,397.631,0.345364
377,1,396.765,0.345086
376.5,1,395.899,0.344
376,1,395.033,0.342451
375.5,1,394.167,0.340892
375,1,393.301,0.339322
374.5,1,392.435,0.336722
374,1,391.569,0.330833
373.5,1,390.703,0.323584
373,1,389.837,0.313151
372.5,1,388.971,0.302852
372,1,388.105,0.292688
371.5,1,387.239,0.28266
371,1,386.373,0.272766
370.5,1,385.507,0.262846
370,1,384.641,0.250126
369.5,1,383.775,0.238365
369,1,382.909,0.227657
368.5,1,382.043,0.218364
368,1,381.177,0.210367
367.5,1,380.311,0.203666
367,1,379.445,0.200512
366.5,1,378.579,0.199019
366,1,377.713,0.198288
365.5,1,376.847,0.19832
365,1,375.981,0.199113
364.5,1,375.115,0.20067
364,1,374.249,0.202339
363.5,1,373.383,0.202394
363,1,372.517,0.200144
362.5,1,371.651,0.19745
362,1,370.785,0.19431
361.5,1,369.919,0.190724
361,1,369.053,0.186395
360.5,1,368.187,0.179089
360,1,367.321,0.171529
359.5,1,366.454,0.163715
359,1,365.588,0.155646
358.5,1,364.722,0.147324
358,1,363.856,0.1428
357.5,1,362.99,0.147095
357,1,362.124,0.152448
356.5,1,361.258,0.158181
356,1,360.392,0.164295
355.5,1,359.526,0.17079
355,1,358.66,0.177665
354.5,1,357.794,0.194395
354,1,356.928,0.225464
353.5,1,356.062,0.261489
353,1,355.196,0.302468
352.5,1,354.33,0.331017
352,1,353.464,0.335924
351.5,1,352.598,0.321907
351,1,351.732,0.247494
350.5,1,350.866,0.182819
350,1,350,0.127882
349.5,1,349.134,0.0826844
349,1,348.268,0.047225
348.5,1,347.402,0.0215041
348,1,346.536,0.0222767
347.5,1,345.67,0.023671
347,1,344.804,0.0239485
346.5,1,343.938,0.0256583
346,1,343.072,0.0275185
345.5,1,342.206,0.0295291
345,1,341.34,0.0397436
344.5,1,340.474,0.0558606
344,1,339.608,0.0702277
343.5,1,338.742,0.0828449
343,1,337.876,0.0937122
342.5,1,337.01,0.10283
342,1,336.144,0.10851
341.5,1,335.278,0.106496
341,1,334.412,0.10426
340.5,1,333.546,0.102417
340,1,332.679,0.100965
339.5,1,331.813,0.0999052
339,1,330.947,0.0992369
338.5,1,330.081,0.10031
338,1,329.215,0.101544
337.5,1,328.349,0.102766
337,1,327.483,0.103977
336.5,1,326.617,0.105176
336,1,325.751,0.106486
335.5,1,324.885,0.107154
335,1,324.019,0.107368
334.5,1,323.153,0.107585
334,1,322.287,0.107803
333.5,1,321.421,0.108023
333,1,320.555,0.108244
332.5,1,319.689,0.108495
332,1,318.823,0.108816
331.5,1,317.957,0.109123
331,1,317.091,0.109416
330.5,1,316.225,0.109701
330,1,315.359,0.109978
329.5,1,314.493,0.110245
329,1,313.627,0.110386
328.5,1,312.761,0.110523
328,1,311.895,0.110661
327.5,1,311.029,0.1108
327,1,310.163,0.11094
326.5,1,309.297,0.111082
326,1,308.431,0.111194
325.5,1,307.565,0.111287
325,1,306.699,0.111381
324.5,1,305.833,0.111473
324,1,304.967,0.111562
323.5,1,304.101,0.111649
323,1,303.235,0.111725
322.5,1,302.369,0.11178
322,1,301.503,0.111834
321.5,1,300.637,0.111887
321,1,299.771,0.111939
320.5,1,298.905,0.111989
320,1,298.038,0.112038
319.5,1,297.172,0.112053
319,1,296.306,0.112067
318.5,1,295.44,0.11208
318,1,294.574,0.112093
317.5,1,293.708,0.112105
317,1,292.842,0.112115
316.5,1,291.976,0.112118
316,1,291.11,0.112118
315.5,1,290.244,0.112117
315,1,289.378,0.112115
314.5,1,288.512,0.112113
314,1,287.646,0.11211
313.5,1,286.78,0.112099
313,1,285.914,0.112076
312.5,1,285.048,0.112052
312,1,284.182,0.112028
311.5,1,283.316,0.112005
311,1,282.45,0.111981
310.5,1,281.584,0.111956
310,1,280.718,0.111925
309.5,1,279.852,0.111894
309,1,278.986,0.111864
308.5,1,278.12,0.111833
308,1,277.254,0.111802
307.5,1,276.388,0.111772
307,1,275.522,0.111735
306.5,1,274.656,0.111696
306,1,273.79,0.111657
305.5,1,272.924,0.111619
305,1,272.058,0.111581
304.5,1,271.192,0.111544
304,1,270.326,0.111505
303.5,1,269.46,0.111466
303,1,268.594,0.111427
302.5,1,267.728,0.111388
302,1,266.862,0.11135
301.5,1,265.996,0.111312
301,1,265.13,0.111275
300.5,1,264.263,0.111236
300,1,263.397,0.111197
299.5,1,262.531,0.111159
299,1,261.665,0.111122
298.5,1,260.799,0.111085
298,1,259.933,0.111048
297.5,1,259.067,0.111012
297,1,258.201,0.110977
296.5,1,257.335,0.110942
296,1,256.469,0.110907
295.5,1,255.603,0.110873
295,1,254.737,0.110839
294.5,1,253.871,0.110806
294,1,253.005,0.110773
293.5,1,252.139,0.110741
293,1,251.273,0.110709
292.5,1,250.407,0.110678
292,1,249.541,0.110648
291.5,1,248.675,0.110618
291,1,247.809,0.110589
290.5,1,246.943,0.11056
290,1,246.077,0.110532
289.5,1,245.211,0.110504
289,1,244.345,0.110477
288.5,1,243.479,0.11045
288,1,242.613,0.110424
287.5,1,241.747,0.110399
287,1,240.881,0.110374
286.5,1,240.015,0.11035
286,1,239.149,0.110326
285.5,1,238.283,0.110302
285,1,237.417,0.110279
284.5,1,236.551,0.110257
284,1,235.685,0.110235
283.5,1,234.819,0.110213
283,1,233.953,0.110192
282.5,1,233.087,0.110171
282,1,232.221,0.110151
281.5,1,231.355,0.110131
281,1,230.488,0.110112
280.5,1,229.622,0.110093
280,1,228.756,0.110075
279.5,1,227.89,0.110056
279,1,227.024,0.110038
278.5,1,226.158,0.110021
278,1,225.292,0.110004
277.5,1,224.426,0.109988
277,1,223.56,0.109971
276.5,1,222.694,0.109955
276,1,221.828,0.109939
275.5,1,220.962,0.109924
275,1,220.096,0.10991
274.5,1,219.23,0.109896
274,1,218.364,0.109882
273.5,1,217.498,0.109868
273,1,216.632,0.109854
272.5,1,215.766,0.109841
272,1,214.9,0.109828
271.5,1,214.034,0.109815
271,1,213.168,0.109802
270.5,1,212.302,0.10979
270,1,211.436,0.109778
269.5,1,210.57,0.109766
269,1,209.704,0.109755
268.5,1,208.838,0.109744
268,1,207.972,0.109733
267.5,1,207.106,0.109722
267,1,206.24,0.109711
266.5,1,205.374,0.109701
266,1,204.508,0.10969
265.5,1,203.642,0.109681
265,1,202.776,0.109671
264.5,1,201.91,0.109661
264,1,201.044,0.109652
263.5,1,200.178,0.109643
263,1,199.312,0.109634
262.5,1,198.446,0.109625
262,1,197.58,0.109617
261.5,1,196.714,0.109609
261,1,195.847,0.1096
260.5,1,194.981,0.109592
260,1,194.115,0.109584
259.5,1,193.249,0.109577
259,1,192.383,0.109569
258.5,1,191.517,0.109562
258,1,190.651,0.109555
257.5,1,189.785,0.109547
257,1,188.919,0.10954
256.5,1,188.053,0.109533
256,1,187.187,0.109527
255.5,1,186.321,0.10952
255,1,185.455,0.109513
254.5,1,184.589,0.109507
254,1,183.723,0.109501
253.5,1,182.857,0.109495
253,1,181.991,0.109489
252.5,1,181.125,0.109483
252,1,180.259,0.109477
251.5,1,179.393,0.109471
251,1,178.527,0.109466
250.5,1,177.661,0.10946
250,1,176.795,0.109455
249.5,1,175.929,0.10945
249,1,175.063,0.109445
248.5,1,174.197,0.109441
248,1,173.331,0.109436
247.5,1,172.465,0.109431
247,1,171.599,0.109427
246.5,1,170.733,0.109422
246,1,169.867,0.109417
245.5,1,169.001,0.109413
245,1,168.135,0.109408
244.5,1,167.269,0.109404
244,1,166.403,0.1094
243.5,1,165.537,0.109396
243,1,164.671,0.109392
242.5,1,163.805,0.109388
242,1,162.939,0.109384
241.5,1,162.072,0.10938
241,1,161.206,0.109376
240.5,1,160.34,0.109372
240,1,159.474,0.109369
239.5,1,158.608,0.109365
239,1,157.742,0.109362
238.5,1,156.876,0.109358
238,1,156.01,0.109355
237.5,1,155.144,0.109352
237,1,154.278,0.109349
236.5,1,153.412,0.109345
236,1,152.546,0.109342
235.5,1,151.68,0.109339
235,1,150.814,0.109336
234.5,1,149.948,0.109333
234,1,149.082,0.10933
233.5,1,148.216,0.109328
233,1,147.35,0.109325
232.5,1,146.484,0.109322
232,1,145.618,0.109319
231.5,1,144.752,0.109317
231,1,143.886,0.109314
230.5,1,143.02,0.109312
230,1,142.154,0.109309
229.5,1,141.288,0.109307
229,1,140.422,0.109304
228.5,1,139.556,0.109302
228,1,138.69,0.109299
227.5,1,137.824,0.109297
227,1,136.958,0.109295
226.5,1,136.092,0.109293
226,1,135.226,0.10929
225.5,1,134.36,0.109288
225,1,133.494,0.109286
224.5,1,132.628,0.109284
224,1,131.762,0.109282
223.5,1,130.896,0.10928
223,1,130.03,0.109278
222.5,1,129.164,0.109276
222,1,128.297,0.109274
221.5,1,127.431,0.109272
221,1,126.565,0.109271
220.5,1,125.699,0.109269
220,1,124.833,0.109267
219.5,1,123.967,0.109265
219,1,123.101,0.109263
218.5,1,122.235,0.109262
218,1,121.369,0.10926
217.5,1,120.503,0.109258
217,1,119.637,0.109257
216.5,1,118.771,0.109255
216,1,117.905,0.109254
215.5,1,117.039,0.109252
215,1,116.173,0.10925
214.5,1,115.307,0.109249
214,1,114.441,0.109247
213.5,1,113.575,0.109246
213,1,112.709,0.109244
212.5,1,111.843,0.109243
212,1,110.977,0.109242
211.5,1,110.111,0.10924
211,1,109.245,0.109239
210.5,1,108.379,0.109238
210,1,107.513,0.109236
209.5,1,106.647,0.109235
209,1,105.781,0.109234
208.5,1,104.915,0.109233
208,1,104.049,0.109231
207.5,1,103.183,0.10923
207,1,102.317,0.109229
206.5,1,101.451,0.109228
206,1,100.585,0.109226
205.5,1,99.7187,0.109225
205,1,98.8526,0.109224
204.5,1,97.9866,0.109223
204,1,97.1206,0.109222
203.5,1,96.2546,0.109221
203,1,95.3885,0.10922
202.5,1,94.5225,0.109219
202,1,93.6565,0.109218
201.5,1,92.7905,0.109217
201,1,91.9244,0.109216
200.5,1,91.0584,0.109215
200,1,90.1924,0.109214
