x,y,z,b
500,1,609.808,0.108545
499.5,1,608.942,0.108532
499,1,608.076,0.108519
498.5,1,607.21,0.108505
498,1,606.344,0.108491
497.5,1,605.477,0.108477
497,1,604.611,0.108463
496.5,1,603.745,0.108448
496,1,602.879,0.108432
495.5,1,602.013,0.108416
495,1,601.147,0.1084
494.5,1,600.281,0.108384
494,1,599.415,0.108368
493.5,1,598.549,0.108351
493,1,597.683,0.108332
492.5,1,596.817,0.108314
492,1,595.951,0.108295
491.5,1,595.085,0.108276
491,1,594.219,0.108257
490.5,1,593.353,0.108238
490,1,592.487,0.108216
489.5,1,591.621,0.108194
489,1,590.755,0.108172
488.5,1,589.889,0.10815
488,1,589.023,0.108128
487.5,1,588.157,0.108106
487,1,587.291,0.108081
486.5,1,586.425,0.108056
486,1,585.559,0.10803
485.5,1,584.693,0.108004
485,1,583.827,0.107978
484.5,1,582.961,0.107951
484,1,582.095,0.107924
483.5,1,581.229,0.107894
483,1,580.363,0.107864
482.5,1,579.497,0.107834
482,1,578.631,0.107803
481.5,1,577.765,0.107773
481,1,576.899,0.107741
480.5,1,576.033,0.107706
480,1,575.167,0.10767
479.5,1,574.301,0.107635
479,1,573.435,0.107598
478.5,1,572.569,0.107562
478,1,571.703,0.107525
477.5,1,570.836,0.107484
477,1,569.97,0.107443
476.5,1,569.104,0.1074
476,1,568.238,0.107358
475.5,1,567.372,0.107315
475,1,566.506,0.107272
474.5,1,565.64,0.107226
474,1,564.774,0.107176
473.5,1,563.908,0.107127
473,1,563.042,0.107076
472.5,1,562.176,0.107026
472,1,561.31,0.106974
471.5,1,560.444,0.106922
471,1,559.578,0.106864
470.5,1,558.712,0.106805
470,1,557.846,0.106746
469.5,1,556.98,0.106686
469,1,556.114,0.106626
468.5,1,555.248,0.106565
468,1,554.382,0.106497
467.5,1,553.516,0.106428
467,1,552.65,0.106357
466.5,1,551.784,0.106286
466,1,550.918,0.106214
465.5,1,550.052,0.106141
465,1,549.186,0.106064
464.5,1,548.32,0.105982
464,1,547.454,0.105899
463.5,1,546.588,0.105815
463,1,545.722,0.10573
462.5,1,544.856,0.105644
462,1,543.99,0.105556
461.5,1,543.124,0.105459
461,1,542.258,0.105361
460.5,1,541.392,0.105262
460,1,540.526,0.105161
459.5,1,539.66,0.105059
459,1,538.794,0.104957
458.5,1,537.928,0.104844
458,1,537.061,0.104728
457.5,1,536.195,0.104611
457,1,535.329,0.104493
456.5,1,534.463,0.104374
456,1,533.597,0.104253
455.5,1,532.731,0.104125
455,1,531.865,0.10399
454.5,1,530.999,0.103854
454,1,530.133,0.103717
453.5,1,529.267,0.103579
453,1,528.401,0.103439
452.5,1,527.535,0.103295
452,1,526.669,0.103141
451.5,1,525.803,0.102986
451,1,524.937,0.10283
450.5,1,524.071,0.102672
450,1,523.205,0.102512
449.5,1,522.339,0.102351
449,1,521.473,0.102186
448.5,1,520.607,0.102019
448,1,519.741,0.101852
447.5,1,518.875,0.101684
447,1,518.009,0.101515
446.5,1,517.143,0.101345
446,1,516.277,0.101175
445.5,1,515.411,0.101006
445,1,514.545,0.100837
444.5,1,513.679,0.100667
444,1,512.813,0.100496
443.5,1,511.947,0.100325
443,1,511.081,0.100163
442.5,1,510.215,0.100032
442,1,509.349,0.0999115
441.5,1,508.483,0.099801
441,1,507.617,0.0997006
440.5,1,506.751,0.0996103
440,1,505.885,0.0995703
439.5,1,505.019,0.0997346
439,1,504.153,0.0999183
438.5,1,503.286,0.100117
438,1,502.42,0.100332
437.5,1,501.554,0.100561
437,1,500.688,0.100806
436.5,1,499.822,0.101158
436,1,498.956,0.10159
435.5,1,498.09,0.102056
435,1,497.224,0.102556
434.5,1,496.358,0.103208
434,1,495.492,0.104012
433.5,1,494.626,0.104916
433,1,493.76,0.105953
432.5,1,492.894,0.10703
432,1,492.028,0.108146
431.5,1,491.162,0.109302
431,1,490.296,0.110498
430.5,1,489.43,0.111737
430,1,488.564,0.113147
429.5,1,487.698,0.1146
429,1,486.832,0.116216
428.5,1,485.966,0.117917
428,1,485.1,0.119609
427.5,1,484.234,0.121293
427,1,483.368,0.12303
426.5,1,482.502,0.124792
426,1,481.636,0.126554
425.5,1,480.77,0.128317
425,1,479.904,0.13008
424.5,1,479.038,0.131843
424,1,478.172,0.133649
423.5,1,477.306,0.135398
423,1,476.44,0.137101
422.5,1,475.574,0.138828
422,1,474.708,0.140578
421.5,1,473.842,0.142351
421,1,472.976,0.144181
420.5,1,472.11,0.146447
420,1,471.244,0.148792
419.5,1,470.378,0.151215
419,1,469.512,0.153717
418.5,1,468.645,0.156298
418,1,467.779,0.159156
417.5,1,466.913,0.162252
417,1,466.047,0.165425
416.5,1,465.181,0.168643
416,1,464.315,0.171909
415.5,1,463.449,0.17522
415,1,462.583,0.178578
414.5,1,461.717,0.182022
414,1,460.851,0.185548
413.5,1,459.985,0.189108
413,1,459.119,0.1927
412.5,1,458.253,0.195932
412,1,457.387,0.19906
411.5,1,456.521,0.202162
411,1,455.655,0.205119
410.5,1,454.789,0.208128
410,1,453.923,0.211187
409.5,1,453.057,0.214297
409,1,452.191,0.217458
408.5,1,451.325,0.22067
408,1,450.459,0.223477
407.5,1,449.593,0.226141
407,1,448.727,0.228827
406.5,1,447.861,0.231324
406,1,446.995,0.233605
405.5,1,446.129,0.235669
405,1,445.263,0.237438
404.5,1,444.397,0.239079
404,1,443.531,0.240726
403.5,1,442.665,0.242378
403,1,441.799,0.244036
402.5,1,440.933,0.245699
402,1,440.067,0.247473
401.5,1,439.201,0.248395
401,1,438.335,0.249373
400.5,1,437.469,0.250556
400,1,436.603,0.251943
399.5,1,435.737,0.253534
399,1,434.87,0.255329
398.5,1,434.004,0.258287
398,1,433.138,0.261704
397.5,1,432.272,0.265455
397,1,431.406,0.26954
396.5,1,430.54,0.273958
396,1,429.674,0.274673
395.5,1,428.808,0.275384
395,1,427.942,0.276368
394.5,1,427.076,0.277611
394,1,426.21,0.279113
393.5,1,425.344,0.280874
393,1,424.478,0.282892
392.5,1,423.612,0.284676
392,1,422.746,0.285272
391.5,1,421.88,0.286193
391,1,421.014,0.287424
390.5,1,420.148,0.288721
390,1,419.282,0.290612
389.5,1,418.416,0.293096
389,1,417.55,0.294629
388.5,1,416.684,0.296503
388,1,415.818,0.298824
387.5,1,414.952,0.301592
387,1,414.086,0.304805
386.5,1,413.22,0.308464
386,1,412.354,0.310132
385.5,1,411.488,0.310113
385,1,410.622,0.309788
384.5,1,409.756,0.30916
384,1,408.89,0.308231
383.5,1,408.024,0.307
383,1,407.158,0.301893
382.5,1,406.292,0.288235
382,1,405.426,0.274103
381.5,1,404.56,0.259498
381,1,403.694,0.244421
380.5,1,402.828,0.22887
380,1,401.962,0.21302
379.5,1,401.095,0.207562
379,1,400.229,0.202108
378.5,1,399.363,0.196563
378,1,398.497,0.190927
377.5,1,397.631,0.1852
377,1,396.765,0.179381
376.5,1,395.899,0.176128
376,1,395.033,0.174192
375.5,1,394.167,0.172323
375,1,393.301,0.170519
374.5,1,392.435,0.168867
374,1,391.569,0.167556
373.5,1,390.703,0.166308
373,1,389.837,0.16527
372.5,1,388.971,0.164421
372,1,388.105,0.163762
371.5,1,387.239,0.163292
371,1,386.373,0.163011
370.5,1,385.507,0.16288
370,1,384.641,0.16203
369.5,1,383.775,0.16123
369,1,382.909,0.160647
368.5,1,382.043,0.160588
368,1,381.177,0.160654
367.5,1,380.311,0.160844
367,1,379.445,0.160962
366.5,1,378.579,0.161149
366,1,377.713,0.161481
365.5,1,376.847,0.161957
365,1,375.981,0.162577
364.5,1,375.115,0.163341
364,1,374.249,0.164465
363.5,1,373.383,0.166583
363,1,372.517,0.169472
362.5,1,371.651,0.172478
362,1,370.785,0.175601
361.5,1,369.919,0.17884
361,1,369.053,0.182243
360.5,1,368.187,0.185956
360,1,367.321,0.189382
359.5,1,366.454,0.192521
359,1,365.588,0.195372
358.5,1,364.722,0.197937
358,1,363.856,0.200355
357.5,1,362.99,0.201969
357,1,362.124,0.203818
356.5,1,361.258,0.206227
356,1,360.392,0.209194
355.5,1,359.526,0.21272
355,1,358.66,0.216806
354.5,1,357.794,0.225624
354,1,356.928,0.243126
353.5,1,356.062,0.26589
353,1,355.196,0.293915
352.5,1,354.33,0.317343
352,1,353.464,0.32933
351.5,1,352.598,0.329756
351,1,351.732,0.281674
350.5,1,350.866,0.237362
350,1,350,0.196821
349.5,1,349.134,0.160049
349,1,348.268,0.127048
348.5,1,347.402,0.097817
348,1,346.536,0.0956108
347.5,1,345.67,0.0966202
347,1,344.804,0.0985725
346.5,1,343.938,0.102356
346,1,343.072,0.106135
345.5,1,342.206,0.109911
345,1,341.34,0.115379
344.5,1,340.474,0.120961
344,1,339.608,0.124706
343.5,1,338.742,0.126615
343,1,337.876,0.126687
342.5,1,337.01,0.124923
342,1,336.144,0.121886
341.5,1,335.278,0.120475
341,1,334.412,0.118799
340.5,1,333.546,0.11647
340,1,332.679,0.113486
339.5,1,331.813,0.109848
339,1,330.947,0.105556
338.5,1,330.081,0.104442
338,1,329.215,0.103703
337.5,1,328.349,0.102938
337,1,327.483,0.102148
336.5,1,326.617,0.10133
336,1,325.751,0.100623
335.5,1,324.885,0.100393
335,1,324.019,0.100475
334.5,1,323.153,0.100564
334,1,322.287,0.100661
333.5,1,321.421,0.100767
333,1,320.555,0.10088
332.5,1,319.689,0.101069
332,1,318.823,0.101457
331.5,1,317.957,0.101863
331,1,317.091,0.102289
330.5,1,316.225,0.102776
330,1,315.359,0.103287
329.5,1,314.493,0.103803
329,1,313.627,0.103948
328.5,1,312.761,0.104089
328,1,311.895,0.104245
327.5,1,311.029,0.104416
327,1,310.163,0.104602
326.5,1,309.297,0.104803
326,1,308.431,0.105026
325.5,1,307.565,0.105256
325,1,306.699,0.105503
324.5,1,305.833,0.105754
324,1,304.967,0.106004
323.5,1,304.101,0.106254
323,1,303.235,0.106463
322.5,1,302.369,0.106595
322,1,301.503,0.106731
321.5,1,300.637,0.106872
321,1,299.771,0.107019
320.5,1,298.905,0.10717
320,1,298.038,0.107326
319.5,1,297.172,0.107483
319,1,296.306,0.107642
318.5,1,295.44,0.107802
318,1,294.574,0.107963
317.5,1,293.708,0.108125
317,1,292.842,0.108287
316.5,1,291.976,0.108413
316,1,291.11,0.108523
315.5,1,290.244,0.108634
315,1,289.378,0.108746
314.5,1,288.512,0.10886
314,1,287.646,0.10898
313.5,1,286.78,0.109094
313,1,285.914,0.109197
312.5,1,285.048,0.109299
312,1,284.182,0.109401
311.5,1,283.316,0.109502
311,1,282.45,0.109603
310.5,1,281.584,0.109701
310,1,280.718,0.109775
309.5,1,279.852,0.109849
309,1,278.986,0.109924
308.5,1,278.12,0.110003
308,1,277.254,0.11008
307.5,1,276.388,0.110157
307,1,275.522,0.110219
306.5,1,274.656,0.110276
306,1,273.79,0.110332
305.5,1,272.924,0.110387
305,1,272.058,0.110442
304.5,1,271.192,0.110497
304,1,270.326,0.110544
303.5,1,269.46,0.110583
303,1,268.594,0.110622
302.5,1,267.728,0.11066
302,1,266.862,0.110698
301.5,1,265.996,0.110735
301,1,265.13,0.11077
300.5,1,264.263,0.110793
300,1,263.397,0.110815
299.5,1,262.531,0.110837
299,1,261.665,0.110858
298.5,1,260.799,0.110879
298,1,259.933,0.110899
297.5,1,259.067,0.110913
297,1,258.201,0.110925
296.5,1,257.335,0.110936
296,1,256.469,0.110947
295.5,1,255.603,0.110958
295,1,254.737,0.110969
294.5,1,253.871,0.110975
294,1,253.005,0.110976
293.5,1,252.139,0.110978
293,1,251.273,0.110979
292.5,1,250.407,0.11098
292,1,249.541,0.11098
291.5,1,248.675,0.11098
291,1,247.809,0.110975
290.5,1,246.943,0.110971
290,1,246.077,0.110966
289.5,1,245.211,0.110961
289,1,244.345,0.110956
288.5,1,243.479,0.11095
288,1,242.613,0.110941
287.5,1,241.747,0.110931
287,1,240.881,0.11092
286.5,1,240.015,0.11091
286,1,239.149,0.1109
285.5,1,238.283,0.11089
285,1,237.417,0.110879
284.5,1,236.551,0.110866
284,1,235.685,0.110854
283.5,1,234.819,0.110842
283,1,233.953,0.11083
282.5,1,233.087,0.110817
282,1,232.221,0.110805
281.5,1,231.355,0.11079
281,1,230.488,0.110776
280.5,1,229.622,0.110762
280,1,228.756,0.110748
279.5,1,227.89,0.110734
279,1,227.024,0.11072
278.5,1,226.158,0.110705
278,1,225.292,0.11069
277.5,1,224.426,0.110675
277,1,223.56,0.11066
276.5,1,222.694,0.110646
276,1,221.828,0.110631
275.5,1,220.962,0.110616
275,1,220.096,0.1106
274.5,1,219.23,0.110585
274,1,218.364,0.11057
273.5,1,217.498,0.110554
273,1,216.632,0.110539
272.5,1,215.766,0.110524
272,1,214.9,0.110509
271.5,1,214.034,0.110494
271,1,213.168,0.110479
270.5,1,212.302,0.110464
270,1,211.436,0.110449
269.5,1,210.57,0.110435
269,1,209.704,0.110419
268.5,1,208.838,0.110404
268,1,207.972,0.110389
267.5,1,207.106,0.110375
267,1,206.24,0.11036
266.5,1,205.374,0.110345
266,1,204.508,0.110331
265.5,1,203.642,0.110316
265,1,202.776,0.110302
264.5,1,201.91,0.110288
264,1,201.044,0.110274
263.5,1,200.178,0.11026
263,1,199.312,0.110246
262.5,1,198.446,0.110232
262,1,197.58,0.110218
261.5,1,196.714,0.110204
261,1,195.847,0.110191
260.5,1,194.981,0.110177
260,1,194.115,0.110164
259.5,1,193.249,0.110151
259,1,192.383,0.110138
258.5,1,191.517,0.110125
258,1,190.651,0.110112
257.5,1,189.785,0.1101
257,1,188.919,0.110088
256.5,1,188.053,0.110075
256,1,187.187,0.110063
255.5,1,186.321,0.110051
255,1,185.455,0.11004
254.5,1,184.589,0.110028
254,1,183.723,0.110016
253.5,1,182.857,0.110005
253,1,181.991,0.109994
252.5,1,181.125,0.109983
252,1,180.259,0.109971
251.5,1,179.393,0.10996
251,1,178.527,0.109949
250.5,1,177.661,0.109939
250,1,176.795,0.109928
249.5,1,175.929,0.109917
249,1,175.063,0.109907
248.5,1,174.197,0.109896
248,1,173.331,0.109886
247.5,1,172.465,0.109876
247,1,171.599,0.109866
246.5,1,170.733,0.109857
246,1,169.867,0.109847
245.5,1,169.001,0.109838
245,1,168.135,0.109828
244.5,1,167.269,0.109819
244,1,166.403,0.10981
243.5,1,165.537,0.109801
243,1,164.671,0.109793
242.5,1,163.805,0.109784
242,1,162.939,0.109776
241.5,1,162.072,0.109767
241,1,161.206,0.109759
240.5,1,160.34,0.109751
240,1,159.474,0.109743
239.5,1,158.608,0.109735
239,1,157.742,0.109727
238.5,1,156.876,0.109719
238,1,156.01,0.109711
237.5,1,155.144,0.109703
237,1,154.278,0.109696
236.5,1,153.412,0.109689
236,1,152.546,0.109682
235.5,1,151.68,0.109674
235,1,150.814,0.109667
234.5,1,149.948,0.10966
234,1,149.082,0.109653
233.5,1,148.216,0.109647
233,1,147.35,0.10964
232.5,1,146.484,0.109633
232,1,145.618,0.109627
231.5,1,144.752,0.10962
231,1,143.886,0.109614
230.5,1,143.02,0.109608
230,1,142.154,0.109602
229.5,1,141.288,0.109596
229,1,140.422,0.10959
228.5,1,139.556,0.109584
228,1,138.69,0.109578
227.5,1,137.824,0.109573
227,1,136.958,0.109567
226.5,1,136.092,0.109561
226,1,135.226,0.109556
225.5,1,134.36,0.10955
225,1,133.494,0.109545
224.5,1,132.628,0.10954
224,1,131.762,0.109535
223.5,1,130.896,0.10953
223,1,130.03,0.109525
222.5,1,129.164,0.10952
222,1,128.297,0.109515
221.5,1,127.431,0.10951
221,1,126.565,0.109506
220.5,1,125.699,0.109501
220,1,124.833,0.109496
219.5,1,123.967,0.109492
219,1,123.101,0.109487
218.5,1,122.235,0.109483
218,1,121.369,0.109479
217.5,1,120.503,0.109475
217,1,119.637,0.109471
216.5,1,118.771,0.109467
216,1,117.905,0.109463
215.5,1,117.039,0.109459
215,1,116.173,0.109455
214.5,1,115.307,0.109451
214,1,114.441,0.109447
213.5,1,113.575,0.109444
213,1,112.709,0.10944
212.5,1,111.843,0.109436
212,1,110.977,0.109433
211.5,1,110.111,0.109429
211,1,109.245,0.109426
210.5,1,108.379,0.109422
210,1,107.513,0.109419
209.5,1,106.647,0.109416
209,1,105.781,0.109413
208.5,1,104.915,0.109409
208,1,104.049,0.109406
207.5,1,103.183,0.109403
207,1,102.317,0.109399
206.5,1,101.451,0.109396
206,1,100.585,0.109393
205.5,1,99.7187,0.109391
205,1,98.8526,0.109388
204.5,1,97.9866,0.109385
204,1,97.1206,0.109383
203.5,1,96.2546,0.10938
203,1,95.3885,0.109378
202.5,1,94.5225,0.109374
202,1,93.6565,0.109371
201.5,1,92.7905,0.109368
201,1,91.9244,0.109365
200.5,1,91.0584,0.109362
200,1,90.1924,0.109359
