x,y,z,b
500,1,609.808,0.107176
499.5,1,608.942,0.107136
499,1,608.076,0.107096
498.5,1,607.21,0.107055
498,1,606.344,0.107015
497.5,1,605.477,0.106973
497,1,604.611,0.106932
496.5,1,603.745,0.106888
496,1,602.879,0.106841
495.5,1,602.013,0.106795
495,1,601.147,0.106748
494.5,1,600.281,0.106701
494,1,599.415,0.106653
493.5,1,598.549,0.106604
493,1,597.683,0.106552
492.5,1,596.817,0.106499
492,1,595.951,0.106447
491.5,1,595.085,0.106393
491,1,594.219,0.106339
490.5,1,593.353,0.106285
490,1,592.487,0.106226
489.5,1,591.621,0.106167
489,1,590.755,0.106106
488.5,1,589.889,0.106046
488,1,589.023,0.105984
487.5,1,588.157,0.105923
487,1,587.291,0.105858
486.5,1,586.425,0.105793
486,1,585.559,0.105726
485.5,1,584.693,0.105659
485,1,583.827,0.105592
484.5,1,582.961,0.105524
484,1,582.095,0.105454
483.5,1,581.229,0.105379
483,1,580.363,0.105304
482.5,1,579.497,0.105229
482,1,578.631,0.105152
481.5,1,577.765,0.105075
481,1,576.899,0.104997
480.5,1,576.033,0.104915
480,1,575.167,0.104833
479.5,1,574.301,0.10475
479,1,573.435,0.104666
478.5,1,572.569,0.104581
478,1,571.703,0.104495
477.5,1,570.836,0.104407
477,1,569.97,0.104317
476.5,1,569.104,0.104226
476,1,568.238,0.104135
475.5,1,567.372,0.104042
475,1,566.506,0.103949
474.5,1,565.64,0.103855
474,1,564.774,0.103762
473.5,1,563.908,0.103668
473,1,563.042,0.103573
472.5,1,562.176,0.103476
472,1,561.31,0.103379
471.5,1,560.444,0.103281
471,1,559.578,0.103186
470.5,1,558.712,0.10309
470,1,557.846,0.102994
469.5,1,556.98,0.102898
469,1,556.114,0.1028
468.5,1,555.248,0.102702
468,1,554.382,0.102617
467.5,1,553.516,0.102535
467,1,552.65,0.102454
466.5,1,551.784,0.102373
466,1,550.918,0.102294
465.5,1,550.052,0.102216
465,1,549.186,0.102161
464.5,1,548.32,0.10213
464,1,547.454,0.102103
463.5,1,546.588,0.102078
463,1,545.722,0.102057
462.5,1,544.856,0.102039
462,1,543.99,0.10204
461.5,1,543.124,0.102118
461,1,542.258,0.102207
460.5,1,541.392,0.102308
460,1,540.526,0.102419
459.5,1,539.66,0.102542
459,1,538.794,0.102677
458.5,1,537.928,0.102918
458,1,537.061,0.103194
457.5,1,536.195,0.103488
457,1,535.329,0.103802
456.5,1,534.463,0.104161
456,1,533.597,0.104612
455.5,1,532.731,0.105197
455,1,531.865,0.105913
454.5,1,530.999,0.10668
454,1,530.133,0.107498
453.5,1,529.267,0.108368
453,1,528.401,0.109288
452.5,1,527.535,0.110303
452,1,526.669,0.11152
451.5,1,525.803,0.112795
451,1,524.937,0.114198
450.5,1,524.071,0.115788
450,1,523.205,0.117426
449.5,1,522.339,0.119112
449,1,521.473,0.12084
448.5,1,520.607,0.122587
448,1,519.741,0.124353
447.5,1,518.875,0.126138
447,1,518.009,0.127942
446.5,1,517.143,0.129765
446,1,516.277,0.13155
445.5,1,515.411,0.133309
445,1,514.545,0.13508
444.5,1,513.679,0.136862
444,1,512.813,0.138656
443.5,1,511.947,0.14046
443,1,511.081,0.142286
442.5,1,510.215,0.144162
442,1,509.349,0.146067
441.5,1,508.483,0.148003
441,1,507.617,0.149968
440.5,1,506.751,0.151963
440,1,505.885,0.153998
439.5,1,505.019,0.155964
439,1,504.153,0.157932
438.5,1,503.286,0.159906
438,1,502.42,0.161885
437.5,1,501.554,0.16387
437,1,500.688,0.16586
436.5,1,499.822,0.167641
436,1,498.956,0.169298
435.5,1,498.09,0.170939
435,1,497.224,0.172565
434.5,1,496.358,0.173966
434,1,495.492,0.175157
433.5,1,494.626,0.17625
433,1,493.76,0.177197
432.5,1,492.894,0.17813
432,1,492.028,0.179049
431.5,1,491.162,0.179953
431,1,490.296,0.180844
430.5,1,489.43,0.181707
430,1,488.564,0.182088
429.5,1,487.698,0.182421
429,1,486.832,0.182507
428.5,1,485.966,0.182487
428,1,485.1,0.182514
427.5,1,484.234,0.182589
427,1,483.368,0.182559
426.5,1,482.502,0.182491
426,1,481.636,0.182444
425.5,1,480.77,0.182417
425,1,479.904,0.182412
424.5,1,479.038,0.182427
424,1,478.172,0.182765
423.5,1,477.306,0.183547
423,1,476.44,0.184418
422.5,1,475.574,0.185431
422,1,474.708,0.186584
421.5,1,473.842,0.187877
421,1,472.976,0.189369
420.5,1,472.11,0.191583
420,1,471.244,0.193833
419.5,1,470.378,0.19612
419,1,469.512,0.198442
418.5,1,468.645,0.200801
418,1,467.779,0.202311
417.5,1,466.913,0.203721
417,1,466.047,0.20521
416.5,1,465.181,0.206712
416,1,464.315,0.208228
415.5,1,463.449,0.209756
415,1,462.583,0.211298
414.5,1,461.717,0.212394
414,1,460.851,0.213014
413.5,1,459.985,0.213734
413,1,459.119,0.214556
412.5,1,458.253,0.215181
412,1,457.387,0.21591
411.5,1,456.521,0.216603
411,1,455.655,0.216005
410.5,1,454.789,0.215553
410,1,453.923,0.215248
409.5,1,453.057,0.215089
409,1,452.191,0.215076
408.5,1,451.325,0.21521
408,1,450.459,0.21366
407.5,1,449.593,0.211763
407,1,448.727,0.209122
406.5,1,447.861,0.20623
406,1,446.995,0.203219
405.5,1,446.129,0.20009
405,1,445.263,0.196735
404.5,1,444.397,0.193272
404,1,443.531,0.189839
403.5,1,442.665,0.186436
403,1,441.799,0.183065
402.5,1,440.933,0.179724
402,1,440.067,0.17684
401.5,1,439.201,0.175862
401,1,438.335,0.175012
400.5,1,437.469,0.174286
400,1,436.603,0.173683
399.5,1,435.737,0.173205
399,1,434.87,0.17285
398.5,1,434.004,0.173089
398,1,433.138,0.173518
397.5,1,432.272,0.174074
397,1,431.406,0.174758
396.5,1,430.54,0.175568
396,1,429.674,0.176653
395.5,1,428.808,0.177891
395,1,427.942,0.179223
394.5,1,427.076,0.180611
394,1,426.21,0.182055
393.5,1,425.344,0.183555
393,1,424.478,0.185112
392.5,1,423.612,0.187056
392,1,422.746,0.189929
391.5,1,421.88,0.192656
391,1,421.014,0.195236
390.5,1,420.148,0.197598
390,1,419.282,0.199713
389.5,1,418.416,0.20158
389,1,417.55,0.204745
388.5,1,416.684,0.207488
388,1,415.818,0.209693
387.5,1,414.952,0.211358
387,1,414.086,0.212485
386.5,1,413.22,0.213072
386,1,412.354,0.211062
385.5,1,411.488,0.207979
385,1,410.622,0.205418
384.5,1,409.756,0.202972
384,1,408.89,0.200643
383.5,1,408.024,0.198429
383,1,407.158,0.196003
382.5,1,406.292,0.192995
382,1,405.426,0.190178
381.5,1,404.56,0.187553
381,1,403.694,0.18512
380.5,1,402.828,0.182878
380,1,401.962,0.180846
379.5,1,401.095,0.180073
379,1,400.229,0.179637
378.5,1,399.363,0.179528
378,1,398.497,0.179748
377.5,1,397.631,0.180295
377,1,396.765,0.18117
376.5,1,395.899,0.182282
376,1,395.033,0.183451
375.5,1,394.167,0.184676
375,1,393.301,0.185956
374.5,1,392.435,0.187143
374,1,391.569,0.187821
373.5,1,390.703,0.187972
373,1,389.837,0.187224
372.5,1,388.971,0.186535
372,1,388.105,0.185906
371.5,1,387.239,0.185338
371,1,386.373,0.18483
370.5,1,385.507,0.184224
370,1,384.641,0.180299
369.5,1,383.775,0.176234
369,1,382.909,0.172076
368.5,1,382.043,0.168124
368,1,381.177,0.164378
367.5,1,380.311,0.160838
367,1,379.445,0.158472
366.5,1,378.579,0.156689
366,1,377.713,0.155135
365.5,1,376.847,0.153812
365,1,375.981,0.15272
364.5,1,375.115,0.151857
364,1,374.249,0.153695
363.5,1,373.383,0.16031
363,1,372.517,0.168887
362.5,1,371.651,0.177914
362,1,370.785,0.187391
361.5,1,369.919,0.197319
361,1,369.053,0.207346
360.5,1,368.187,0.214478
360,1,367.321,0.22162
359.5,1,366.454,0.228773
359,1,365.588,0.235936
358.5,1,364.722,0.24311
358,1,363.856,0.248963
357.5,1,362.99,0.251196
357,1,362.124,0.254131
356.5,1,361.258,0.258397
356,1,360.392,0.263995
355.5,1,359.526,0.270923
355,1,358.66,0.279183
354.5,1,357.794,0.288973
354,1,356.928,0.302005
353.5,1,356.062,0.318661
353,1,355.196,0.33894
352.5,1,354.33,0.351644
352,1,353.464,0.350259
351.5,1,352.598,0.339907
351,1,351.732,0.301423
350.5,1,350.866,0.269888
350,1,350,0.245302
349.5,1,349.134,0.227666
349,1,348.268,0.216978
348.5,1,347.402,0.21324
348,1,346.536,0.226416
347.5,1,345.67,0.241321
347,1,344.804,0.252665
346.5,1,343.938,0.260827
346,1,343.072,0.268309
345.5,1,342.206,0.275112
345,1,341.34,0.279341
344.5,1,340.474,0.282067
344,1,339.608,0.285254
343.5,1,338.742,0.288899
343,1,337.876,0.293005
342.5,1,337.01,0.297571
342,1,336.144,0.302066
341.5,1,335.278,0.303655
341,1,334.412,0.30455
340.5,1,333.546,0.305782
340,1,332.679,0.307349
339.5,1,331.813,0.309253
339,1,330.947,0.311492
338.5,1,330.081,0.310103
338,1,329.215,0.309205
337.5,1,328.349,0.309281
337,1,327.483,0.310331
336.5,1,326.617,0.312353
336,1,325.751,0.313404
335.5,1,324.885,0.309354
335,1,324.019,0.303051
334.5,1,323.153,0.297851
334,1,322.287,0.293752
333.5,1,321.421,0.290756
333,1,320.555,0.288861
332.5,1,319.689,0.285509
332,1,318.823,0.275776
331.5,1,317.957,0.266329
331,1,317.091,0.257166
330.5,1,316.225,0.247563
330,1,315.359,0.238649
329.5,1,314.493,0.230821
329,1,313.627,0.220185
328.5,1,312.761,0.208523
328,1,311.895,0.195978
327.5,1,311.029,0.182551
327,1,310.163,0.16824
326.5,1,309.297,0.153046
326,1,308.431,0.14481
325.5,1,307.565,0.140159
325,1,306.699,0.135669
324.5,1,305.833,0.130224
324,1,304.967,0.123497
323.5,1,304.101,0.115488
323,1,303.235,0.109042
322.5,1,302.369,0.107952
322,1,301.503,0.106659
321.5,1,300.637,0.105163
321,1,299.771,0.103462
320.5,1,298.905,0.101558
320,1,298.038,0.0994683
319.5,1,297.172,0.0991558
319,1,296.306,0.0988165
318.5,1,295.44,0.0984473
318,1,294.574,0.0980482
317.5,1,293.708,0.0976192
317,1,292.842,0.0971603
316.5,1,291.976,0.0972018
316,1,291.11,0.0974605
315.5,1,290.244,0.0977062
315,1,289.378,0.0979387
314.5,1,288.512,0.0981582
314,1,287.646,0.0983979
313.5,1,286.78,0.0987209
313,1,285.914,0.0991784
312.5,1,285.048,0.0996401
312,1,284.182,0.100106
311.5,1,283.316,0.100576
311,1,282.45,0.10105
310.5,1,281.584,0.101515
310,1,280.718,0.1018
309.5,1,279.852,0.102087
309,1,278.986,0.102376
308.5,1,278.12,0.102674
308,1,277.254,0.102972
307.5,1,276.388,0.103269
307,1,275.522,0.103507
306.5,1,274.656,0.103726
306,1,273.79,0.103947
305.5,1,272.924,0.104169
305,1,272.058,0.104392
304.5,1,271.192,0.104616
304,1,270.326,0.10482
303.5,1,269.46,0.105
303,1,268.594,0.105196
302.5,1,267.728,0.105391
302,1,266.862,0.105586
301.5,1,265.996,0.105781
301,1,265.13,0.10597
300.5,1,264.263,0.106128
300,1,263.397,0.106284
299.5,1,262.531,0.106441
299,1,261.665,0.106596
298.5,1,260.799,0.106752
298,1,259.933,0.106907
297.5,1,259.067,0.107039
297,1,258.201,0.107165
296.5,1,257.335,0.10729
296,1,256.469,0.107414
295.5,1,255.603,0.107538
295,1,254.737,0.107661
294.5,1,253.871,0.107772
294,1,253.005,0.10787
293.5,1,252.139,0.107968
293,1,251.273,0.108065
292.5,1,250.407,0.108162
292,1,249.541,0.10826
291.5,1,248.675,0.108355
291,1,247.809,0.108434
290.5,1,246.943,0.108512
290,1,246.077,0.10859
289.5,1,245.211,0.108667
289,1,244.345,0.108744
288.5,1,243.479,0.10882
288,1,242.613,0.108882
287.5,1,241.747,0.108941
287,1,240.881,0.109001
286.5,1,240.015,0.10906
286,1,239.149,0.109119
285.5,1,238.283,0.109178
285,1,237.417,0.10923
284.5,1,236.551,0.109276
284,1,235.685,0.109321
283.5,1,234.819,0.109367
283,1,233.953,0.109411
282.5,1,233.087,0.109456
282,1,232.221,0.109497
281.5,1,231.355,0.10953
281,1,230.488,0.109564
280.5,1,229.622,0.109596
280,1,228.756,0.109629
279.5,1,227.89,0.109661
279,1,227.024,0.109693
278.5,1,226.158,0.109718
278,1,225.292,0.109742
277.5,1,224.426,0.109766
277,1,223.56,0.10979
276.5,1,222.694,0.109813
276,1,221.828,0.109836
275.5,1,220.962,0.109855
275,1,220.096,0.109871
274.5,1,219.23,0.109887
274,1,218.364,0.109903
273.5,1,217.498,0.109918
273,1,216.632,0.109933
272.5,1,215.766,0.109947
272,1,214.9,0.109958
271.5,1,214.034,0.109968
271,1,213.168,0.109979
270.5,1,212.302,0.109989
270,1,211.436,0.109999
269.5,1,210.57,0.110009
269,1,209.704,0.110015
268.5,1,208.838,0.11002
268,1,207.972,0.110026
267.5,1,207.106,0.110031
267,1,206.24,0.110036
266.5,1,205.374,0.110041
266,1,204.508,0.110045
265.5,1,203.642,0.110047
265,1,202.776,0.11005
264.5,1,201.91,0.110052
264,1,201.044,0.110055
263.5,1,200.178,0.110057
263,1,199.312,0.110058
262.5,1,198.446,0.110058
262,1,197.58,0.110057
261.5,1,196.714,0.110057
261,1,195.847,0.110056
260.5,1,194.981,0.110055
260,1,194.115,0.110054
259.5,1,193.249,0.110052
259,1,192.383,0.11005
258.5,1,191.517,0.110048
258,1,190.651,0.110047
257.5,1,189.785,0.110045
257,1,188.919,0.110042
256.5,1,188.053,0.110039
256,1,187.187,0.110035
255.5,1,186.321,0.110032
255,1,185.455,0.110028
254.5,1,184.589,0.110024
254,1,183.723,0.11002
253.5,1,182.857,0.110016
253,1,181.991,0.110012
252.5,1,181.125,0.110008
252,1,180.259,0.110004
251.5,1,179.393,0.109999
251,1,178.527,0.109995
250.5,1,177.661,0.109991
250,1,176.795,0.109985
249.5,1,175.929,0.10998
249,1,175.063,0.109975
248.5,1,174.197,0.10997
248,1,173.331,0.109964
247.5,1,172.465,0.109959
247,1,171.599,0.109954
246.5,1,170.733,0.109949
246,1,169.867,0.109943
245.5,1,169.001,0.109938
245,1,168.135,0.109933
244.5,1,167.269,0.109928
244,1,166.403,0.109922
243.5,1,165.537,0.109916
243,1,164.671,0.10991
242.5,1,163.805,0.109905
242,1,162.939,0.109899
241.5,1,162.072,0.109893
241,1,161.206,0.109888
240.5,1,160.34,0.109882
240,1,159.474,0.109876
239.5,1,158.608,0.10987
239,1,157.742,0.109865
238.5,1,156.876,0.109859
238,1,156.01,0.109854
237.5,1,155.144,0.109848
237,1,154.278,0.109842
236.5,1,153.412,0.109836
236,1,152.546,0.109831
235.5,1,151.68,0.109825
235,1,150.814,0.109819
234.5,1,149.948,0.109814
234,1,149.082,0.109808
233.5,1,148.216,0.109803
233,1,147.35,0.109797
232.5,1,146.484,0.109792
232,1,145.618,0.109786
231.5,1,144.752,0.109781
231,1,143.886,0.109775
230.5,1,143.02,0.10977
230,1,142.154,0.109764
229.5,1,141.288,0.109759
229,1,140.422,0.109754
228.5,1,139.556,0.109748
228,1,138.69,0.109743
227.5,1,137.824,0.109738
227,1,136.958,0.109732
226.5,1,136.092,0.109727
226,1,135.226,0.109722
225.5,1,134.36,0.109717
225,1,133.494,0.109711
224.5,1,132.628,0.109706
224,1,131.762,0.109701
223.5,1,130.896,0.109696
223,1,130.03,0.109691
222.5,1,129.164,0.109686
222,1,128.297,0.10968
221.5,1,127.431,0.109675
221,1,126.565,0.10967
220.5,1,125.699,0.109665
220,1,124.833,0.10966
219.5,1,123.967,0.109655
219,1,123.101,0.109651
218.5,1,122.235,0.109646
218,1,121.369,0.109641
217.5,1,120.503,0.109636
217,1,119.637,0.109632
216.5,1,118.771,0.109627
216,1,117.905,0.109622
215.5,1,117.039,0.109618
215,1,116.173,0.109613
214.5,1,115.307,0.109608
214,1,114.441,0.109603
213.5,1,113.575,0.109598
213,1,112.709,0.109594
212.5,1,111.843,0.109589
212,1,110.977,0.109584
211.5,1,110.111,0.10958
211,1,109.245,0.109575
210.5,1,108.379,0.109571
210,1,107.513,0.109567
209.5,1,106.647,0.109562
209,1,105.781,0.109557
208.5,1,104.915,0.109553
208,1,104.049,0.109548
207.5,1,103.183,0.109543
207,1,102.317,0.109539
206.5,1,101.451,0.109534
206,1,100.585,0.10953
205.5,1,99.7187,0.109526
205,1,98.8526,0.109522
204.5,1,97.9866,0.109518
204,1,97.1206,0.109514
203.5,1,96.2546,0.109511
203,1,95.3885,0.109506
202.5,1,94.5225,0.109502
202,1,93.6565,0.109497
201.5,1,92.7905,0.109492
201,1,91.9244,0.109487
200.5,1,91.0584,0.109483
200,1,90.1924,0.109478
