x,y,z,b
500,1,609.808,0.106312
499.5,1,608.942,0.106264
499,1,608.076,0.106214
498.5,1,607.21,0.106165
498,1,606.344,0.106114
497.5,1,605.477,0.106064
497,1,604.611,0.106013
496.5,1,603.745,0.10596
496,1,602.879,0.105905
495.5,1,602.013,0.105851
495,1,601.147,0.105795
494.5,1,600.281,0.105739
494,1,599.415,0.105683
493.5,1,598.549,0.105626
493,1,597.683,0.105568
492.5,1,596.817,0.10551
492,1,595.951,0.105451
491.5,1,595.085,0.105391
491,1,594.219,0.105332
490.5,1,593.353,0.105271
490,1,592.487,0.105209
489.5,1,591.621,0.105147
489,1,590.755,0.105084
488.5,1,589.889,0.105021
488,1,589.023,0.104957
487.5,1,588.157,0.104893
487,1,587.291,0.104831
486.5,1,586.425,0.10477
486,1,585.559,0.104709
485.5,1,584.693,0.104647
485,1,583.827,0.104585
484.5,1,582.961,0.104522
484,1,582.095,0.104462
483.5,1,581.229,0.104405
483,1,580.363,0.104349
482.5,1,579.497,0.104292
482,1,578.631,0.104235
481.5,1,577.765,0.104179
481,1,576.899,0.104123
480.5,1,576.033,0.104083
480,1,575.167,0.104044
479.5,1,574.301,0.104005
479,1,573.435,0.103966
478.5,1,572.569,0.103928
478,1,571.703,0.103892
477.5,1,570.836,0.103875
477,1,569.97,0.103867
476.5,1,569.104,0.10386
476,1,568.238,0.103854
475.5,1,567.372,0.10385
475,1,566.506,0.103847
474.5,1,565.64,0.10386
474,1,564.774,0.103894
473.5,1,563.908,0.10393
473,1,563.042,0.10397
472.5,1,562.176,0.104016
472,1,561.31,0.104067
471.5,1,560.444,0.104126
471,1,559.578,0.104234
470.5,1,558.712,0.104346
470,1,557.846,0.104464
469.5,1,556.98,0.104587
469,1,556.114,0.104716
468.5,1,555.248,0.104849
468,1,554.382,0.105046
467.5,1,553.516,0.105268
467,1,552.65,0.105519
466.5,1,551.784,0.105783
466,1,550.918,0.10606
465.5,1,550.052,0.10635
465,1,549.186,0.106702
464.5,1,548.32,0.107124
464,1,547.454,0.107565
463.5,1,546.588,0.108025
463,1,545.722,0.108504
462.5,1,544.856,0.109002
462,1,543.99,0.109561
461.5,1,543.124,0.110323
461,1,542.258,0.111126
460.5,1,541.392,0.111969
460,1,540.526,0.112853
459.5,1,539.66,0.113778
459,1,538.794,0.114744
458.5,1,537.928,0.115898
458,1,537.061,0.117123
457.5,1,536.195,0.118398
457,1,535.329,0.119721
456.5,1,534.463,0.121134
456,1,533.597,0.122704
455.5,1,532.731,0.124342
455,1,531.865,0.126024
454.5,1,530.999,0.127727
454,1,530.133,0.129454
453.5,1,529.267,0.131202
453,1,528.401,0.132972
452.5,1,527.535,0.134729
452,1,526.669,0.13638
451.5,1,525.803,0.138036
451,1,524.937,0.139686
450.5,1,524.071,0.141319
450,1,523.205,0.142949
449.5,1,522.339,0.144576
449,1,521.473,0.146125
448.5,1,520.607,0.147683
448,1,519.741,0.149258
447.5,1,518.875,0.150851
447,1,518.009,0.152462
446.5,1,517.143,0.154089
446,1,516.277,0.155698
445.5,1,515.411,0.157306
445,1,514.545,0.158938
444.5,1,513.679,0.160589
444,1,512.813,0.162261
443.5,1,511.947,0.163953
443,1,511.081,0.16559
442.5,1,510.215,0.167039
442,1,509.349,0.168475
441.5,1,508.483,0.169898
441,1,507.617,0.171309
440.5,1,506.751,0.172706
440,1,505.885,0.173889
439.5,1,505.019,0.174441
439,1,504.153,0.174962
438.5,1,503.286,0.175465
438,1,502.42,0.175949
437.5,1,501.554,0.176414
437,1,500.688,0.176859
436.5,1,499.822,0.177119
436,1,498.956,0.17729
435.5,1,498.09,0.177463
435,1,497.224,0.177639
434.5,1,496.358,0.177659
434,1,495.492,0.177553
433.5,1,494.626,0.177504
433,1,493.76,0.177557
432.5,1,492.894,0.177633
432,1,492.028,0.177734
431.5,1,491.162,0.177859
431,1,490.296,0.178007
430.5,1,489.43,0.178182
430,1,488.564,0.178436
429.5,1,487.698,0.178666
429,1,486.832,0.178565
428.5,1,485.966,0.178283
428,1,485.1,0.178045
427.5,1,484.234,0.177853
427,1,483.368,0.17795
426.5,1,482.502,0.178223
426,1,481.636,0.178578
425.5,1,480.77,0.179016
425,1,479.904,0.179536
424.5,1,479.038,0.180138
424,1,478.172,0.181207
423.5,1,477.306,0.182619
423,1,476.44,0.183919
422.5,1,475.574,0.185285
422,1,474.708,0.186715
421.5,1,473.842,0.188211
421,1,472.976,0.189807
420.5,1,472.11,0.191829
420,1,471.244,0.193838
419.5,1,470.378,0.195833
419,1,469.512,0.197815
418.5,1,468.645,0.199784
418,1,467.779,0.200634
417.5,1,466.913,0.200653
417,1,466.047,0.20065
416.5,1,465.181,0.200739
416,1,464.315,0.200921
415.5,1,463.449,0.201194
415,1,462.583,0.201561
414.5,1,461.717,0.20185
414,1,460.851,0.202169
413.5,1,459.985,0.202771
413,1,459.119,0.203658
412.5,1,458.253,0.204254
412,1,457.387,0.204793
411.5,1,456.521,0.205221
411,1,455.655,0.204479
410.5,1,454.789,0.203746
410,1,453.923,0.203021
409.5,1,453.057,0.202305
409,1,452.191,0.201597
408.5,1,451.325,0.200898
408,1,450.459,0.197408
407.5,1,449.593,0.193285
407,1,448.727,0.188692
406.5,1,447.861,0.184273
406,1,446.995,0.180133
405.5,1,446.129,0.176272
405,1,445.263,0.173065
404.5,1,444.397,0.170504
404,1,443.531,0.168229
403.5,1,442.665,0.16624
403,1,441.799,0.164537
402.5,1,440.933,0.163119
402,1,440.067,0.162215
401.5,1,439.201,0.162773
401,1,438.335,0.16349
400.5,1,437.469,0.164332
400,1,436.603,0.165301
399.5,1,435.737,0.166395
399,1,434.87,0.167614
398.5,1,434.004,0.169724
398,1,433.138,0.171979
397.5,1,432.272,0.174271
397,1,431.406,0.176598
396.5,1,430.54,0.17896
396,1,429.674,0.181381
395.5,1,428.808,0.183299
395,1,427.942,0.184842
394.5,1,427.076,0.186405
394,1,426.21,0.18799
393.5,1,425.344,0.189595
393,1,424.478,0.19122
392.5,1,423.612,0.192621
392,1,422.746,0.193225
391.5,1,421.88,0.193718
391,1,421.014,0.194095
390.5,1,420.148,0.194163
390,1,419.282,0.194022
389.5,1,418.416,0.193672
389,1,417.55,0.194726
388.5,1,416.684,0.195417
388,1,415.818,0.195624
387.5,1,414.952,0.195346
387,1,414.086,0.194584
386.5,1,413.22,0.193337
386,1,412.354,0.189756
385.5,1,411.488,0.185232
385,1,410.622,0.181586
384.5,1,409.756,0.178283
384,1,408.89,0.175322
383.5,1,408.024,0.172704
383,1,407.158,0.170843
382.5,1,406.292,0.170286
382,1,405.426,0.170098
381.5,1,404.56,0.170279
381,1,403.694,0.17083
380.5,1,402.828,0.17175
380,1,401.962,0.173081
379.5,1,401.095,0.175583
379,1,400.229,0.177978
378.5,1,399.363,0.180259
378,1,398.497,0.182425
377.5,1,397.631,0.184477
377,1,396.765,0.186415
376.5,1,395.899,0.187375
376,1,395.033,0.187802
375.5,1,394.167,0.188108
375,1,393.301,0.188295
374.5,1,392.435,0.188419
374,1,391.569,0.18872
373.5,1,390.703,0.188098
373,1,389.837,0.185683
372.5,1,388.971,0.183109
372,1,388.105,0.180379
371.5,1,387.239,0.177491
371,1,386.373,0.174447
370.5,1,385.507,0.171238
370,1,384.641,0.16771
369.5,1,383.775,0.163975
369,1,382.909,0.160336
368.5,1,382.043,0.157296
368,1,381.177,0.154102
367.5,1,380.311,0.150753
367,1,379.445,0.149317
366.5,1,378.579,0.14858
366,1,377.713,0.147795
365.5,1,376.847,0.146964
365,1,375.981,0.146086
364.5,1,375.115,0.145162
364,1,374.249,0.146057
363.5,1,373.383,0.150708
363,1,372.517,0.157242
362.5,1,371.651,0.163855
362,1,370.785,0.170547
361.5,1,369.919,0.177318
361,1,369.053,0.184077
360.5,1,368.187,0.190029
360,1,367.321,0.195886
359.5,1,366.454,0.201647
359,1,365.588,0.207313
358.5,1,364.722,0.212884
358,1,363.856,0.218215
357.5,1,362.99,0.220418
357,1,362.124,0.222658
356.5,1,361.258,0.225836
356,1,360.392,0.229952
355.5,1,359.526,0.235005
355,1,358.66,0.240996
354.5,1,357.794,0.24999
354,1,356.928,0.264157
353.5,1,356.062,0.281877
353,1,355.196,0.303149
352.5,1,354.33,0.319815
352,1,353.464,0.326666
351.5,1,352.598,0.325681
351,1,351.732,0.296365
350.5,1,350.866,0.27302
350,1,350,0.255647
349.5,1,349.134,0.244244
349,1,348.268,0.238812
348.5,1,347.402,0.239352
348,1,346.536,0.254224
347.5,1,345.67,0.268075
347,1,344.804,0.273906
346.5,1,343.938,0.275197
346,1,343.072,0.276996
345.5,1,342.206,0.279303
345,1,341.34,0.281877
344.5,1,340.474,0.284197
344,1,339.608,0.286312
343.5,1,338.742,0.288222
343,1,337.876,0.289926
342.5,1,337.01,0.291424
342,1,336.144,0.292766
341.5,1,335.278,0.29512
341,1,334.412,0.297863
340.5,1,333.546,0.300244
340,1,332.679,0.302262
339.5,1,331.813,0.303919
339,1,330.947,0.305213
338.5,1,330.081,0.30668
338,1,329.215,0.30799
337.5,1,328.349,0.30909
337,1,327.483,0.30998
336.5,1,326.617,0.31066
336,1,325.751,0.312051
335.5,1,324.885,0.314126
335,1,324.019,0.316311
334.5,1,323.153,0.318287
334,1,322.287,0.320054
333.5,1,321.421,0.321611
333,1,320.555,0.322959
332.5,1,319.689,0.324004
332,1,318.823,0.324691
331.5,1,317.957,0.325332
331,1,317.091,0.325927
330.5,1,316.225,0.326883
330,1,315.359,0.327845
329.5,1,314.493,0.328636
329,1,313.627,0.328711
328.5,1,312.761,0.328642
328,1,311.895,0.328459
327.5,1,311.029,0.328162
327,1,310.163,0.32775
326.5,1,309.297,0.327223
326,1,308.431,0.325777
325.5,1,307.565,0.324081
325,1,306.699,0.322482
324.5,1,305.833,0.320885
324,1,304.967,0.319313
323.5,1,304.101,0.317765
323,1,303.235,0.314424
322.5,1,302.369,0.307615
322,1,301.503,0.301272
321.5,1,300.637,0.295395
321,1,299.771,0.289984
320.5,1,298.905,0.285039
320,1,298.038,0.280431
319.5,1,297.172,0.261437
319,1,296.306,0.241871
318.5,1,295.44,0.22199
318,1,294.574,0.201794
317.5,1,293.708,0.181284
317,1,292.842,0.160459
316.5,1,291.976,0.148706
316,1,291.11,0.141138
315.5,1,290.244,0.133703
315,1,289.378,0.126402
314.5,1,288.512,0.119233
314,1,287.646,0.112241
313.5,1,286.78,0.107628
313,1,285.914,0.106412
312.5,1,285.048,0.105162
312,1,284.182,0.103879
311.5,1,283.316,0.102561
311,1,282.45,0.10121
310.5,1,281.584,0.0999022
310,1,280.718,0.0996519
309.5,1,279.852,0.0993652
309,1,278.986,0.0990421
308.5,1,278.12,0.0987218
308,1,277.254,0.0983549
307.5,1,276.388,0.09794
307,1,275.522,0.0978926
306.5,1,274.656,0.0979604
306,1,273.79,0.0980089
305.5,1,272.924,0.0980382
305,1,272.058,0.0980482
304.5,1,271.192,0.098039
304,1,270.326,0.0981833
303.5,1,269.46,0.0985391
303,1,268.594,0.0988952
302.5,1,267.728,0.0992433
302,1,266.862,0.0995834
301.5,1,265.996,0.0999154
301,1,265.13,0.100239
300.5,1,264.263,0.10056
300,1,263.397,0.100882
299.5,1,262.531,0.101204
299,1,261.665,0.101526
298.5,1,260.799,0.101849
298,1,259.933,0.102174
297.5,1,259.067,0.102431
297,1,258.201,0.102669
296.5,1,257.335,0.102907
296,1,256.469,0.103145
295.5,1,255.603,0.103384
295,1,254.737,0.103622
294.5,1,253.871,0.103839
294,1,253.005,0.104035
293.5,1,252.139,0.10423
293,1,251.273,0.104426
292.5,1,250.407,0.104622
292,1,249.541,0.104824
291.5,1,248.675,0.105018
291,1,247.809,0.105185
290.5,1,246.943,0.10535
290,1,246.077,0.105516
289.5,1,245.211,0.10568
289,1,244.345,0.105844
288.5,1,243.479,0.106008
288,1,242.613,0.106146
287.5,1,241.747,0.10628
287,1,240.881,0.106414
286.5,1,240.015,0.10655
286,1,239.149,0.106685
285.5,1,238.283,0.106819
285,1,237.417,0.10694
284.5,1,236.551,0.107048
284,1,235.685,0.107156
283.5,1,234.819,0.107264
283,1,233.953,0.107371
282.5,1,233.087,0.107477
282,1,232.221,0.107578
281.5,1,231.355,0.107664
281,1,230.488,0.10775
280.5,1,229.622,0.107836
280,1,228.756,0.10792
279.5,1,227.89,0.108005
279,1,227.024,0.108088
278.5,1,226.158,0.108158
278,1,225.292,0.108227
277.5,1,224.426,0.108294
277,1,223.56,0.108361
276.5,1,222.694,0.108428
276,1,221.828,0.108495
275.5,1,220.962,0.108554
275,1,220.096,0.108607
274.5,1,219.23,0.108661
274,1,218.364,0.108713
273.5,1,217.498,0.108766
273,1,216.632,0.108817
272.5,1,215.766,0.108866
272,1,214.9,0.108908
271.5,1,214.034,0.108949
271,1,213.168,0.10899
270.5,1,212.302,0.109031
270,1,211.436,0.109072
269.5,1,210.57,0.109112
269,1,209.704,0.109144
268.5,1,208.838,0.109175
268,1,207.972,0.109206
267.5,1,207.106,0.109236
267,1,206.24,0.109266
266.5,1,205.374,0.109296
266,1,204.508,0.109322
265.5,1,203.642,0.109346
265,1,202.776,0.10937
264.5,1,201.91,0.109394
264,1,201.044,0.109417
263.5,1,200.178,0.109441
263,1,199.312,0.109462
262.5,1,198.446,0.109479
262,1,197.58,0.109496
261.5,1,196.714,0.109513
261,1,195.847,0.10953
260.5,1,194.981,0.109546
260,1,194.115,0.109563
259.5,1,193.249,0.109576
259,1,192.383,0.109588
258.5,1,191.517,0.109601
258,1,190.651,0.109614
257.5,1,189.785,0.109626
257,1,188.919,0.109638
256.5,1,188.053,0.109648
256,1,187.187,0.109656
255.5,1,186.321,0.109664
255,1,185.455,0.109672
254.5,1,184.589,0.10968
254,1,183.723,0.109688
253.5,1,182.857,0.109695
253,1,181.991,0.109701
252.5,1,181.125,0.109707
252,1,180.259,0.109713
251.5,1,179.393,0.109719
251,1,178.527,0.109724
250.5,1,177.661,0.10973
250,1,176.795,0.109733
249.5,1,175.929,0.109736
249,1,175.063,0.109739
248.5,1,174.197,0.109742
248,1,173.331,0.109745
247.5,1,172.465,0.109748
247,1,171.599,0.10975
246.5,1,170.733,0.109751
246,1,169.867,0.109753
245.5,1,169.001,0.109755
245,1,168.135,0.109756
244.5,1,167.269,0.109758
244,1,166.403,0.109758
243.5,1,165.537,0.109758
243,1,164.671,0.109758
242.5,1,163.805,0.109757
242,1,162.939,0.109757
241.5,1,162.072,0.109757
241,1,161.206,0.109756
240.5,1,160.34,0.109756
240,1,159.474,0.109755
239.5,1,158.608,0.109754
239,1,157.742,0.109753
238.5,1,156.876,0.109752
238,1,156.01,0.109751
237.5,1,155.144,0.109749
237,1,154.278,0.109747
236.5,1,153.412,0.109745
236,1,152.546,0.109743
235.5,1,151.68,0.109741
235,1,150.814,0.109739
234.5,1,149.948,0.109737
234,1,149.082,0.109734
233.5,1,148.216,0.109732
233,1,147.35,0.10973
232.5,1,146.484,0.109727
232,1,145.618,0.109725
231.5,1,144.752,0.109723
231,1,143.886,0.109719
230.5,1,143.02,0.109716
230,1,142.154,0.109713
229.5,1,141.288,0.10971
229,1,140.422,0.109707
228.5,1,139.556,0.109704
228,1,138.69,0.109701
227.5,1,137.824,0.109698
227,1,136.958,0.109695
226.5,1,136.092,0.109691
226,1,135.226,0.109688
225.5,1,134.36,0.109685
225,1,133.494,0.109682
224.5,1,132.628,0.109678
224,1,131.762,0.109674
223.5,1,130.896,0.109671
223,1,130.03,0.109667
222.5,1,129.164,0.109663
222,1,128.297,0.10966
221.5,1,127.431,0.109656
221,1,126.565,0.109652
220.5,1,125.699,0.109649
220,1,124.833,0.109645
219.5,1,123.967,0.109641
219,1,123.101,0.109638
218.5,1,122.235,0.109634
218,1,121.369,0.10963
217.5,1,120.503,0.109626
217,1,119.637,0.109622
216.5,1,118.771,0.109618
216,1,117.905,0.109614
215.5,1,117.039,0.10961
215,1,116.173,0.109606
214.5,1,115.307,0.109602
214,1,114.441,0.109598
213.5,1,113.575,0.109594
213,1,112.709,0.109591
212.5,1,111.843,0.109587
212,1,110.977,0.109583
211.5,1,110.111,0.109578
211,1,109.245,0.109574
210.5,1,108.379,0.10957
210,1,107.513,0.109567
209.5,1,106.647,0.109563
209,1,105.781,0.109558
208.5,1,104.915,0.109554
208,1,104.049,0.10955
207.5,1,103.183,0.109546
207,1,102.317,0.109541
206.5,1,101.451,0.109537
206,1,100.585,0.109533
205.5,1,99.7187,0.10953
205,1,98.8526,0.109526
204.5,1,97.9866,0.109522
204,1,97.1206,0.109519
203.5,1,96.2546,0.109515
203,1,95.3885,0.109511
202.5,1,94.5225,0.109506
202,1,93.6565,0.109502
201.5,1,92.7905,0.109497
201,1,91.9244,0.109493
200.5,1,91.0584,0.109488
200,1,90.1924,0.109484
