x,y,z,b
500,1,609.808,0.111149
499.5,1,608.942,0.111167
499,1,608.076,0.111186
498.5,1,607.21,0.111207
498,1,606.344,0.11123
497.5,1,605.477,0.111254
497,1,604.611,0.111279
496.5,1,603.745,0.111336
496,1,602.879,0.111411
495.5,1,602.013,0.111489
495,1,601.147,0.11157
494.5,1,600.281,0.111653
494,1,599.415,0.111738
493.5,1,598.549,0.11184
493,1,597.683,0.111975
492.5,1,596.817,0.112113
492,1,595.951,0.112255
491.5,1,595.085,0.112399
491,1,594.219,0.112547
490.5,1,593.353,0.112699
490,1,592.487,0.112928
489.5,1,591.621,0.113162
489,1,590.755,0.113397
488.5,1,589.889,0.113636
488,1,589.023,0.113879
487.5,1,588.157,0.114126
487,1,587.291,0.114446
486.5,1,586.425,0.114801
486,1,585.559,0.115162
485.5,1,584.693,0.11553
485,1,583.827,0.115903
484.5,1,582.961,0.116283
484,1,582.095,0.116725
483.5,1,581.229,0.117256
483,1,580.363,0.117792
482.5,1,579.497,0.118332
482,1,578.631,0.118877
481.5,1,577.765,0.119427
481,1,576.899,0.119988
480.5,1,576.033,0.12065
480,1,575.167,0.121315
479.5,1,574.301,0.121984
479,1,573.435,0.122658
478.5,1,572.569,0.123334
478,1,571.703,0.123981
477.5,1,570.836,0.124687
477,1,569.97,0.125414
476.5,1,569.104,0.126142
476,1,568.238,0.126872
475.5,1,567.372,0.127604
475,1,566.506,0.128337
474.5,1,565.64,0.129112
474,1,564.774,0.129941
473.5,1,563.908,0.130773
473,1,563.042,0.131604
472.5,1,562.176,0.132391
472,1,561.31,0.133178
471.5,1,560.444,0.133976
471,1,559.578,0.134862
470.5,1,558.712,0.135744
470,1,557.846,0.136624
469.5,1,556.98,0.137502
469,1,556.114,0.138378
468.5,1,555.248,0.13925
468,1,554.382,0.140119
467.5,1,553.516,0.140972
467,1,552.65,0.141742
466.5,1,551.784,0.142505
466,1,550.918,0.143261
465.5,1,550.052,0.14401
465,1,549.186,0.144713
464.5,1,548.32,0.145373
464,1,547.454,0.146034
463.5,1,546.588,0.146695
463,1,545.722,0.147357
462.5,1,544.856,0.148019
462,1,543.99,0.148646
461.5,1,543.124,0.149122
461,1,542.258,0.149603
460.5,1,541.392,0.150088
460,1,540.526,0.150577
459.5,1,539.66,0.15107
459,1,538.794,0.151567
458.5,1,537.928,0.152066
458,1,537.061,0.152574
457.5,1,536.195,0.153092
457,1,535.329,0.153621
456.5,1,534.463,0.154134
456,1,533.597,0.15458
455.5,1,532.731,0.155039
455,1,531.865,0.155503
454.5,1,530.999,0.155961
454,1,530.133,0.156414
453.5,1,529.267,0.156861
453,1,528.401,0.157301
452.5,1,527.535,0.157715
452,1,526.669,0.158057
451.5,1,525.803,0.158399
451,1,524.937,0.158714
450.5,1,524.071,0.158972
450,1,523.205,0.159222
449.5,1,522.339,0.159464
449,1,521.473,0.159623
448.5,1,520.607,0.159764
448,1,519.741,0.159895
447.5,1,518.875,0.160014
447,1,518.009,0.160123
446.5,1,517.143,0.16022
446,1,516.277,0.160138
445.5,1,515.411,0.159952
445,1,514.545,0.159773
444.5,1,513.679,0.159621
444,1,512.813,0.159497
443.5,1,511.947,0.1594
443,1,511.081,0.159294
442.5,1,510.215,0.159125
442,1,509.349,0.158987
441.5,1,508.483,0.158879
441,1,507.617,0.158801
440.5,1,506.751,0.158753
440,1,505.885,0.158674
439.5,1,505.019,0.158499
439,1,504.153,0.158344
438.5,1,503.286,0.158209
438,1,502.42,0.158096
437.5,1,501.554,0.158004
437,1,500.688,0.157933
436.5,1,499.822,0.157803
436,1,498.956,0.157653
435.5,1,498.09,0.157524
435,1,497.224,0.157418
434.5,1,496.358,0.157273
434,1,495.492,0.157098
433.5,1,494.626,0.156915
433,1,493.76,0.15671
432.5,1,492.894,0.156551
432,1,492.028,0.156439
431.5,1,491.162,0.156372
431,1,490.296,0.156351
430.5,1,489.43,0.156376
430,1,488.564,0.156428
429.5,1,487.698,0.156521
429,1,486.832,0.15663
428.5,1,485.966,0.156757
428,1,485.1,0.156916
427.5,1,484.234,0.157108
427,1,483.368,0.157406
426.5,1,482.502,0.157778
426,1,481.636,0.158198
425.5,1,480.77,0.158664
425,1,479.904,0.159178
424.5,1,479.038,0.159739
424,1,478.172,0.160348
423.5,1,477.306,0.161082
423,1,476.44,0.161891
422.5,1,475.574,0.162734
422,1,474.708,0.163611
421.5,1,473.842,0.164521
421,1,472.976,0.165452
420.5,1,472.11,0.166267
420,1,471.244,0.167116
419.5,1,470.378,0.167998
419,1,469.512,0.168914
418.5,1,468.645,0.169864
418,1,467.779,0.170904
417.5,1,466.913,0.171815
417,1,466.047,0.17269
416.5,1,465.181,0.173579
416,1,464.315,0.174483
415.5,1,463.449,0.175402
415,1,462.583,0.176335
414.5,1,461.717,0.177024
414,1,460.851,0.177412
413.5,1,459.985,0.177815
413,1,459.119,0.178231
412.5,1,458.253,0.178447
412,1,457.387,0.178619
411.5,1,456.521,0.178799
411,1,455.655,0.178944
410.5,1,454.789,0.179097
410,1,453.923,0.179257
409.5,1,453.057,0.179424
409,1,452.191,0.179599
408.5,1,451.325,0.179781
408,1,450.459,0.180118
407.5,1,449.593,0.180512
407,1,448.727,0.180751
406.5,1,447.861,0.180978
406,1,446.995,0.181227
405.5,1,446.129,0.181497
405,1,445.263,0.181593
404.5,1,444.397,0.181533
404,1,443.531,0.181513
403.5,1,442.665,0.18153
403,1,441.799,0.181586
402.5,1,440.933,0.18168
402,1,440.067,0.181698
401.5,1,439.201,0.18115
401,1,438.335,0.180625
400.5,1,437.469,0.180135
400,1,436.603,0.179679
399.5,1,435.737,0.179257
399,1,434.87,0.17887
398.5,1,434.004,0.176912
398,1,433.138,0.174726
397.5,1,432.272,0.172531
397,1,431.406,0.170328
396.5,1,430.54,0.168116
396,1,429.674,0.165921
395.5,1,428.808,0.163588
395,1,427.942,0.161085
394.5,1,427.076,0.158515
394,1,426.21,0.155878
393.5,1,425.344,0.153175
393,1,424.478,0.150405
392.5,1,423.612,0.148029
392,1,422.746,0.146993
391.5,1,421.88,0.145918
391,1,421.014,0.144809
390.5,1,420.148,0.143721
390,1,419.282,0.142599
389.5,1,418.416,0.141444
389,1,417.55,0.141934
388.5,1,416.684,0.14246
388,1,415.818,0.142902
387.5,1,414.952,0.143262
387,1,414.086,0.143539
386.5,1,413.22,0.143733
386,1,412.354,0.144396
385.5,1,411.488,0.145408
385,1,410.622,0.146402
384.5,1,409.756,0.147424
384,1,408.89,0.148473
383.5,1,408.024,0.14955
383,1,407.158,0.150275
382.5,1,406.292,0.150165
382,1,405.426,0.150079
381.5,1,404.56,0.150017
381,1,403.694,0.149979
380.5,1,402.828,0.149965
380,1,401.962,0.149959
379.5,1,401.095,0.149427
379,1,400.229,0.148924
378.5,1,399.363,0.148456
378,1,398.497,0.148023
377.5,1,397.631,0.147624
377,1,396.765,0.14726
376.5,1,395.899,0.147516
376,1,395.033,0.148111
375.5,1,394.167,0.148768
375,1,393.301,0.149486
374.5,1,392.435,0.150255
374,1,391.569,0.151034
373.5,1,390.703,0.151967
373,1,389.837,0.15306
372.5,1,388.971,0.154098
372,1,388.105,0.155082
371.5,1,387.239,0.156012
371,1,386.373,0.156888
370.5,1,385.507,0.157755
370,1,384.641,0.159488
369.5,1,383.775,0.161146
369,1,382.909,0.162754
368.5,1,382.043,0.164248
368,1,381.177,0.165501
367.5,1,380.311,0.166511
367,1,379.445,0.174574
366.5,1,378.579,0.184183
366,1,377.713,0.192517
365.5,1,376.847,0.199577
365,1,375.981,0.205363
364.5,1,375.115,0.209874
364,1,374.249,0.21492
363.5,1,373.383,0.222827
363,1,372.517,0.230791
362.5,1,371.651,0.237675
362,1,370.785,0.243478
361.5,1,369.919,0.2482
361,1,369.053,0.251574
360.5,1,368.187,0.252624
360,1,367.321,0.25462
359.5,1,366.454,0.257564
359,1,365.588,0.261455
358.5,1,364.722,0.266292
358,1,363.856,0.271497
357.5,1,362.99,0.271591
357,1,362.124,0.270282
356.5,1,361.258,0.268714
356,1,360.392,0.266887
355.5,1,359.526,0.2648
355,1,358.66,0.262453
354.5,1,357.794,0.267166
354,1,356.928,0.2819
353.5,1,356.062,0.299225
353,1,355.196,0.319142
352.5,1,354.33,0.335323
352,1,353.464,0.341874
351.5,1,352.598,0.339031
351,1,351.732,0.308563
350.5,1,350.866,0.280735
350,1,350,0.255547
349.5,1,349.134,0.232998
349,1,348.268,0.21309
348.5,1,347.402,0.195822
348,1,346.536,0.192282
347.5,1,345.67,0.193644
347,1,344.804,0.201989
346.5,1,343.938,0.213392
346,1,343.072,0.223148
345.5,1,342.206,0.231258
345,1,341.34,0.233412
344.5,1,340.474,0.231118
344,1,339.608,0.22856
343.5,1,338.742,0.225737
343,1,337.876,0.222648
342.5,1,337.01,0.219295
342,1,336.144,0.21569
341.5,1,335.278,0.211818
341,1,334.412,0.207892
340.5,1,333.546,0.20407
340,1,332.679,0.200352
339.5,1,331.813,0.196739
339,1,330.947,0.193229
338.5,1,330.081,0.191417
338,1,329.215,0.189884
337.5,1,328.349,0.18845
337,1,327.483,0.187113
336.5,1,326.617,0.185876
336,1,325.751,0.184747
335.5,1,324.885,0.184733
335,1,324.019,0.185521
334.5,1,323.153,0.18638
334,1,322.287,0.187311
333.5,1,321.421,0.188313
333,1,320.555,0.189386
332.5,1,319.689,0.19069
332,1,318.823,0.192451
331.5,1,317.957,0.194206
331,1,317.091,0.195954
330.5,1,316.225,0.197653
330,1,315.359,0.199304
329.5,1,314.493,0.200922
329,1,313.627,0.200647
328.5,1,312.761,0.200204
328,1,311.895,0.199679
327.5,1,311.029,0.199073
327,1,310.163,0.198386
326.5,1,309.297,0.197618
326,1,308.431,0.195508
325.5,1,307.565,0.192556
325,1,306.699,0.189626
324.5,1,305.833,0.186682
324,1,304.967,0.183688
323.5,1,304.101,0.180644
323,1,303.235,0.178141
322.5,1,302.369,0.17694
322,1,301.503,0.175872
321.5,1,300.637,0.174937
321,1,299.771,0.174136
320.5,1,298.905,0.173467
320,1,298.038,0.172939
319.5,1,297.172,0.173063
319,1,296.306,0.173317
318.5,1,295.44,0.173725
318,1,294.574,0.174287
317.5,1,293.708,0.175004
317,1,292.842,0.175874
316.5,1,291.976,0.176657
316,1,291.11,0.177427
315.5,1,290.244,0.178276
315,1,289.378,0.179205
314.5,1,288.512,0.180215
314,1,287.646,0.181131
313.5,1,286.78,0.181985
313,1,285.914,0.182653
312.5,1,285.048,0.183405
312,1,284.182,0.184241
311.5,1,283.316,0.185162
311,1,282.45,0.186166
310.5,1,281.584,0.187229
310,1,280.718,0.188002
309.5,1,279.852,0.188841
309,1,278.986,0.189749
308.5,1,278.12,0.190249
308,1,277.254,0.190809
307.5,1,276.388,0.191444
307,1,275.522,0.191732
306.5,1,274.656,0.191983
306,1,273.79,0.192342
305.5,1,272.924,0.19281
305,1,272.058,0.193386
304.5,1,271.192,0.19407
304,1,270.326,0.194677
303.5,1,269.46,0.195109
303,1,268.594,0.19498
302.5,1,267.728,0.194946
302,1,266.862,0.195007
301.5,1,265.996,0.195161
301,1,265.13,0.195363
300.5,1,264.263,0.195277
300,1,263.397,0.195213
299.5,1,262.531,0.195173
299,1,261.665,0.195155
298.5,1,260.799,0.19516
298,1,259.933,0.195073
297.5,1,259.067,0.19377
297,1,258.201,0.19244
296.5,1,257.335,0.19112
296,1,256.469,0.189807
295.5,1,255.603,0.188502
295,1,254.737,0.187206
294.5,1,253.871,0.185907
294,1,253.005,0.184592
293.5,1,252.139,0.183267
293,1,251.273,0.181932
292.5,1,250.407,0.180559
292,1,249.541,0.179033
291.5,1,248.675,0.1775
291,1,247.809,0.175934
290.5,1,246.943,0.174368
290,1,246.077,0.172802
289.5,1,245.211,0.171237
289,1,244.345,0.169673
288.5,1,243.479,0.16811
288,1,242.613,0.166512
287.5,1,241.747,0.16491
287,1,240.881,0.163364
286.5,1,240.015,0.162016
286,1,239.149,0.160665
285.5,1,238.283,0.15931
285,1,237.417,0.157934
284.5,1,236.551,0.156543
284,1,235.685,0.155152
283.5,1,234.819,0.153762
283,1,233.953,0.152373
282.5,1,233.087,0.150986
282,1,232.221,0.149591
281.5,1,231.355,0.148222
281,1,230.488,0.146985
280.5,1,229.622,0.145754
280,1,228.756,0.144528
279.5,1,227.89,0.143308
279,1,227.024,0.142094
278.5,1,226.158,0.140867
278,1,225.292,0.139648
277.5,1,224.426,0.13844
277,1,223.56,0.137244
276.5,1,222.694,0.136058
276,1,221.828,0.13494
275.5,1,220.962,0.133931
275,1,220.096,0.132924
274.5,1,219.23,0.131924
274,1,218.364,0.130933
273.5,1,217.498,0.12995
273,1,216.632,0.128974
272.5,1,215.766,0.128005
272,1,214.9,0.12704
271.5,1,214.034,0.126086
271,1,213.168,0.125144
270.5,1,212.302,0.124251
270,1,211.436,0.123424
269.5,1,210.57,0.122603
269,1,209.704,0.121803
268.5,1,208.838,0.121011
268,1,207.972,0.120229
267.5,1,207.106,0.119456
267,1,206.24,0.118692
266.5,1,205.374,0.117936
266,1,204.508,0.117206
265.5,1,203.642,0.116495
265,1,202.776,0.115819
264.5,1,201.91,0.115179
264,1,201.044,0.114546
263.5,1,200.178,0.11392
263,1,199.312,0.113315
262.5,1,198.446,0.112744
262,1,197.58,0.112181
261.5,1,196.714,0.111626
261,1,195.847,0.111079
260.5,1,194.981,0.11054
260,1,194.115,0.11001
259.5,1,193.249,0.109551
259,1,192.383,0.109111
258.5,1,191.517,0.108678
258,1,190.651,0.108252
257.5,1,189.785,0.107832
257,1,188.919,0.10742
256.5,1,188.053,0.107054
256,1,187.187,0.10671
255.5,1,186.321,0.106374
255,1,185.455,0.106044
254.5,1,184.589,0.105721
254,1,183.723,0.105412
253.5,1,182.857,0.105136
253,1,181.991,0.104901
252.5,1,181.125,0.104671
252,1,180.259,0.104446
251.5,1,179.393,0.104228
251,1,178.527,0.104015
250.5,1,177.661,0.103812
250,1,176.795,0.103665
249.5,1,175.929,0.103522
249,1,175.063,0.103385
248.5,1,174.197,0.103258
248,1,173.331,0.103138
247.5,1,172.465,0.103022
247,1,171.599,0.102944
246.5,1,170.733,0.102879
246,1,169.867,0.102817
245.5,1,169.001,0.102759
245,1,168.135,0.102705
244.5,1,167.269,0.102654
244,1,166.403,0.102621
243.5,1,165.537,0.10261
243,1,164.671,0.102604
242.5,1,163.805,0.102601
242,1,162.939,0.102601
241.5,1,162.072,0.102604
241,1,161.206,0.102612
240.5,1,160.34,0.102644
240,1,159.474,0.102679
239.5,1,158.608,0.102716
239,1,157.742,0.102754
238.5,1,156.876,0.102794
238,1,156.01,0.102837
237.5,1,155.144,0.102896
237,1,154.278,0.102958
236.5,1,153.412,0.103022
236,1,152.546,0.103085
235.5,1,151.68,0.10315
235,1,150.814,0.103215
234.5,1,149.948,0.103284
234,1,149.082,0.103356
233.5,1,148.216,0.103428
233,1,147.35,0.1035
232.5,1,146.484,0.103572
232,1,145.618,0.103646
231.5,1,144.752,0.10372
231,1,143.886,0.103797
230.5,1,143.02,0.103873
230,1,142.154,0.103949
229.5,1,141.288,0.104025
229,1,140.422,0.104101
228.5,1,139.556,0.104177
228,1,138.69,0.104253
227.5,1,137.824,0.104328
227,1,136.958,0.104403
226.5,1,136.092,0.104479
226,1,135.226,0.104554
225.5,1,134.36,0.104629
225,1,133.494,0.104702
224.5,1,132.628,0.104773
224,1,131.762,0.104845
223.5,1,130.896,0.104916
223,1,130.03,0.104986
222.5,1,129.164,0.105057
222,1,128.297,0.105126
221.5,1,127.431,0.105192
221,1,126.565,0.105258
220.5,1,125.699,0.105324
220,1,124.833,0.10539
219.5,1,123.967,0.105455
219,1,123.101,0.105519
218.5,1,122.235,0.105582
218,1,121.369,0.105643
217.5,1,120.503,0.105705
217,1,119.637,0.105766
216.5,1,118.771,0.105827
216,1,117.905,0.105887
215.5,1,117.039,0.105945
215,1,116.173,0.106
214.5,1,115.307,0.106056
214,1,114.441,0.106111
213.5,1,113.575,0.106166
213,1,112.709,0.106221
212.5,1,111.843,0.106273
212,1,110.977,0.106321
211.5,1,110.111,0.106369
211,1,109.245,0.106417
210.5,1,108.379,0.106464
210,1,107.513,0.106511
209.5,1,106.647,0.106558
209,1,105.781,0.106601
208.5,1,104.915,0.106644
208,1,104.049,0.106686
207.5,1,103.183,0.106729
207,1,102.317,0.106771
206.5,1,101.451,0.106812
206,1,100.585,0.106854
205.5,1,99.7187,0.106895
205,1,98.8526,0.106936
204.5,1,97.9866,0.106976
204,1,97.1206,0.107017
203.5,1,96.2546,0.107057
203,1,95.3885,0.107095
202.5,1,94.5225,0.10713
202,1,93.6565,0.107165
201.5,1,92.7905,0.1072
201,1,91.9244,0.107234
200.5,1,91.0584,0.107268
200,1,90.1924,0.107302
