x,y,z,b
500,1,609.808,0.108812
499.5,1,608.942,0.108805
499,1,608.076,0.108797
498.5,1,607.21,0.108789
498,1,606.344,0.108781
497.5,1,605.477,0.108773
497,1,604.611,0.108766
496.5,1,603.745,0.108757
496,1,602.879,0.108748
495.5,1,602.013,0.108739
495,1,601.147,0.10873
494.5,1,600.281,0.108721
494,1,599.415,0.108711
493.5,1,598.549,0.108702
493,1,597.683,0.108691
492.5,1,596.817,0.108681
492,1,595.951,0.10867
491.5,1,595.085,0.108659
491,1,594.219,0.108649
490.5,1,593.353,0.108638
490,1,592.487,0.108625
489.5,1,591.621,0.108613
489,1,590.755,0.108601
488.5,1,589.889,0.108588
488,1,589.023,0.108576
487.5,1,588.157,0.108563
487,1,587.291,0.108549
486.5,1,586.425,0.108535
486,1,585.559,0.10852
485.5,1,584.693,0.108505
485,1,583.827,0.10849
484.5,1,582.961,0.108475
484,1,582.095,0.10846
483.5,1,581.229,0.108443
483,1,580.363,0.108426
482.5,1,579.497,0.108409
482,1,578.631,0.108392
481.5,1,577.765,0.108375
481,1,576.899,0.108357
480.5,1,576.033,0.108337
480,1,575.167,0.108317
479.5,1,574.301,0.108296
479,1,573.435,0.108276
478.5,1,572.569,0.108255
478,1,571.703,0.108234
477.5,1,570.836,0.108211
477,1,569.97,0.108187
476.5,1,569.104,0.108164
476,1,568.238,0.10814
475.5,1,567.372,0.108115
475,1,566.506,0.108091
474.5,1,565.64,0.108065
474,1,564.774,0.108036
473.5,1,563.908,0.108007
473,1,563.042,0.107979
472.5,1,562.176,0.107949
472,1,561.31,0.10792
471.5,1,560.444,0.10789
471,1,559.578,0.107856
470.5,1,558.712,0.107823
470,1,557.846,0.107789
469.5,1,556.98,0.107755
469,1,556.114,0.10772
468.5,1,555.248,0.107685
468,1,554.382,0.107646
467.5,1,553.516,0.107605
467,1,552.65,0.107564
466.5,1,551.784,0.107522
466,1,550.918,0.10748
465.5,1,550.052,0.107438
465,1,549.186,0.107392
464.5,1,548.32,0.107344
464,1,547.454,0.107295
463.5,1,546.588,0.107246
463,1,545.722,0.107196
462.5,1,544.856,0.107146
462,1,543.99,0.107094
461.5,1,543.124,0.107035
461,1,542.258,0.106976
460.5,1,541.392,0.106916
460,1,540.526,0.106856
459.5,1,539.66,0.106795
459,1,538.794,0.106733
458.5,1,537.928,0.106664
458,1,537.061,0.106593
457.5,1,536.195,0.106521
457,1,535.329,0.106449
456.5,1,534.463,0.106376
456,1,533.597,0.106302
455.5,1,532.731,0.106222
455,1,531.865,0.106136
454.5,1,530.999,0.10605
454,1,530.133,0.105962
453.5,1,529.267,0.105874
453,1,528.401,0.105785
452.5,1,527.535,0.105691
452,1,526.669,0.105587
451.5,1,525.803,0.105482
451,1,524.937,0.105375
450.5,1,524.071,0.105267
450,1,523.205,0.105159
449.5,1,522.339,0.105049
449,1,521.473,0.104925
448.5,1,520.607,0.1048
448,1,519.741,0.104673
447.5,1,518.875,0.104544
447,1,518.009,0.104414
446.5,1,517.143,0.104283
446,1,516.277,0.104141
445.5,1,515.411,0.103991
445,1,514.545,0.10384
444.5,1,513.679,0.103687
444,1,512.813,0.103533
443.5,1,511.947,0.103377
443,1,511.081,0.103215
442.5,1,510.215,0.103041
442,1,509.349,0.102865
441.5,1,508.483,0.102688
441,1,507.617,0.102509
440.5,1,506.751,0.102328
440,1,505.885,0.102146
439.5,1,505.019,0.101953
439,1,504.153,0.101758
438.5,1,503.286,0.101562
438,1,502.42,0.101365
437.5,1,501.554,0.101168
437,1,500.688,0.100969
436.5,1,499.822,0.100764
436,1,498.956,0.100555
435.5,1,498.09,0.100346
435,1,497.224,0.100136
434.5,1,496.358,0.0999276
434,1,495.492,0.09972
433.5,1,494.626,0.0995232
433,1,493.76,0.0993605
432.5,1,492.894,0.0992179
432,1,492.028,0.0990952
431.5,1,491.162,0.0989926
431,1,490.296,0.09891
430.5,1,489.43,0.0988517
430,1,488.564,0.0989729
429.5,1,487.698,0.099113
429,1,486.832,0.0993234
428.5,1,485.966,0.0995901
428,1,485.1,0.0998784
427.5,1,484.234,0.100188
427,1,483.368,0.100626
426.5,1,482.502,0.10115
426,1,481.636,0.101719
425.5,1,480.77,0.102334
425,1,479.904,0.102995
424.5,1,479.038,0.103701
424,1,478.172,0.104524
423.5,1,477.306,0.105786
423,1,476.44,0.107246
422.5,1,475.574,0.10875
422,1,474.708,0.1103
421.5,1,473.842,0.111895
421,1,472.976,0.113535
420.5,1,472.11,0.115198
420,1,471.244,0.116858
419.5,1,470.378,0.118514
419,1,469.512,0.120168
418.5,1,468.645,0.121818
418,1,467.779,0.123281
417.5,1,466.913,0.124836
417,1,466.047,0.126424
416.5,1,465.181,0.127968
416,1,464.315,0.129468
415.5,1,463.449,0.130922
415,1,462.583,0.132332
414.5,1,461.717,0.134074
414,1,460.851,0.136327
413.5,1,459.985,0.138677
413,1,459.119,0.141124
412.5,1,458.253,0.14365
412,1,457.387,0.146333
411.5,1,456.521,0.149281
411,1,455.655,0.152996
410.5,1,454.789,0.156857
410,1,453.923,0.160864
409.5,1,453.057,0.165018
409,1,452.191,0.169319
408.5,1,451.325,0.173767
408,1,450.459,0.17819
407.5,1,449.593,0.18262
407,1,448.727,0.18831
406.5,1,447.861,0.193845
406,1,446.995,0.198964
405.5,1,446.129,0.203667
405,1,445.263,0.207378
404.5,1,444.397,0.210119
404,1,443.531,0.212449
403.5,1,442.665,0.214367
403,1,441.799,0.215873
402.5,1,440.933,0.216966
402,1,440.067,0.217476
401.5,1,439.201,0.220562
401,1,438.335,0.224464
400.5,1,437.469,0.228842
400,1,436.603,0.233695
399.5,1,435.737,0.239024
399,1,434.87,0.244829
398.5,1,434.004,0.256089
398,1,433.138,0.267392
397.5,1,432.272,0.277978
397,1,431.406,0.287848
396.5,1,430.54,0.297002
396,1,429.674,0.301191
395.5,1,428.808,0.303931
395,1,427.942,0.305826
394.5,1,427.076,0.307541
394,1,426.21,0.309077
393.5,1,425.344,0.310434
393,1,424.478,0.311611
392.5,1,423.612,0.312429
392,1,422.746,0.31275
391.5,1,421.88,0.313252
391,1,421.014,0.313936
390.5,1,420.148,0.314746
390,1,419.282,0.315401
389.5,1,418.416,0.3159
389,1,417.55,0.316213
388.5,1,416.684,0.316525
388,1,415.818,0.31684
387.5,1,414.952,0.317161
387,1,414.086,0.317487
386.5,1,413.22,0.317817
386,1,412.354,0.318771
385.5,1,411.488,0.320318
385,1,410.622,0.322515
384.5,1,409.756,0.324525
384,1,408.89,0.326348
383.5,1,408.024,0.327985
383,1,407.158,0.329307
382.5,1,406.292,0.330159
382,1,405.426,0.330834
381.5,1,404.56,0.331332
381,1,403.694,0.331652
380.5,1,402.828,0.331795
380,1,401.962,0.331783
379.5,1,401.095,0.315242
379,1,400.229,0.298556
378.5,1,399.363,0.281888
378,1,398.497,0.265237
377.5,1,397.631,0.248604
377,1,396.765,0.231988
376.5,1,395.899,0.219882
376,1,395.033,0.209939
375.5,1,394.167,0.2
375,1,393.301,0.190065
374.5,1,392.435,0.180354
374,1,391.569,0.171359
373.5,1,390.703,0.16516
373,1,389.837,0.164088
372.5,1,388.971,0.163022
372,1,388.105,0.161961
371.5,1,387.239,0.160906
371,1,386.373,0.159855
370.5,1,385.507,0.158879
370,1,384.641,0.159346
369.5,1,383.775,0.159882
369,1,382.909,0.160774
368.5,1,382.043,0.162565
368,1,381.177,0.164574
367.5,1,380.311,0.1668
367,1,379.445,0.168889
366.5,1,378.579,0.171053
366,1,377.713,0.173419
365.5,1,376.847,0.175988
365,1,375.981,0.178758
364.5,1,375.115,0.181731
364,1,374.249,0.184588
363.5,1,373.383,0.187181
363,1,372.517,0.18938
362.5,1,371.651,0.190925
362,1,370.785,0.191816
361.5,1,369.919,0.192052
361,1,369.053,0.191622
360.5,1,368.187,0.19066
360,1,367.321,0.189453
359.5,1,366.454,0.188002
359,1,365.588,0.186306
358.5,1,364.722,0.184365
358,1,363.856,0.182603
357.5,1,362.99,0.18265
357,1,362.124,0.183521
356.5,1,361.258,0.18491
356,1,360.392,0.186816
355.5,1,359.526,0.18924
355,1,358.66,0.192182
354.5,1,357.794,0.201394
354,1,356.928,0.220295
353.5,1,356.062,0.243435
353,1,355.196,0.270815
352.5,1,354.33,0.295581
352,1,353.464,0.311772
351.5,1,352.598,0.315434
351,1,351.732,0.266704
350.5,1,350.866,0.220879
350,1,350,0.177959
349.5,1,349.134,0.137942
349,1,348.268,0.100831
348.5,1,347.402,0.0666243
348,1,346.536,0.0648231
347.5,1,345.67,0.066679
347,1,344.804,0.0696276
346.5,1,343.938,0.0735964
346,1,343.072,0.0757259
345.5,1,342.206,0.0760161
345,1,341.34,0.0797098
344.5,1,340.474,0.086608
344,1,339.608,0.0921307
343.5,1,338.742,0.0962778
343,1,337.876,0.0990493
342.5,1,337.01,0.100445
342,1,336.144,0.10043
341.5,1,335.278,0.0999715
341,1,334.412,0.0996228
340.5,1,333.546,0.0992393
340,1,332.679,0.0988212
339.5,1,331.813,0.0983684
339,1,330.947,0.097881
338.5,1,330.081,0.0987052
338,1,329.215,0.0996128
337.5,1,328.349,0.10045
337,1,327.483,0.101216
336.5,1,326.617,0.101911
336,1,325.751,0.1027
335.5,1,324.885,0.10307
335,1,324.019,0.103126
334.5,1,323.153,0.103215
334,1,322.287,0.103336
333.5,1,321.421,0.103489
333,1,320.555,0.103674
332.5,1,319.689,0.103966
332,1,318.823,0.104458
331.5,1,317.957,0.104933
331,1,317.091,0.105391
330.5,1,316.225,0.105859
330,1,315.359,0.106326
329.5,1,314.493,0.10678
329,1,313.627,0.106858
328.5,1,312.761,0.106929
328,1,311.895,0.107011
327.5,1,311.029,0.107103
327,1,310.163,0.107205
326.5,1,309.297,0.107318
326,1,308.431,0.107497
325.5,1,307.565,0.107707
325,1,306.699,0.107929
324.5,1,305.833,0.108154
324,1,304.967,0.108376
323.5,1,304.101,0.108597
323,1,303.235,0.108779
322.5,1,302.369,0.108885
322,1,301.503,0.108993
321.5,1,300.637,0.109103
321,1,299.771,0.109216
320.5,1,298.905,0.109332
320,1,298.038,0.109449
319.5,1,297.172,0.109562
319,1,296.306,0.109675
318.5,1,295.44,0.109788
318,1,294.574,0.109901
317.5,1,293.708,0.110015
317,1,292.842,0.110129
316.5,1,291.976,0.110216
316,1,291.11,0.110292
315.5,1,290.244,0.110369
315,1,289.378,0.110446
314.5,1,288.512,0.110523
314,1,287.646,0.110603
313.5,1,286.78,0.110675
313,1,285.914,0.110734
312.5,1,285.048,0.110792
312,1,284.182,0.110849
311.5,1,283.316,0.110905
311,1,282.45,0.110961
310.5,1,281.584,0.111015
310,1,280.718,0.111052
309.5,1,279.852,0.11109
309,1,278.986,0.111126
308.5,1,278.12,0.111164
308,1,277.254,0.111201
307.5,1,276.388,0.111237
307,1,275.522,0.11126
306.5,1,274.656,0.111279
306,1,273.79,0.111297
305.5,1,272.924,0.111314
305,1,272.058,0.111332
304.5,1,271.192,0.111348
304,1,270.326,0.11136
303.5,1,269.46,0.111366
303,1,268.594,0.111372
302.5,1,267.728,0.111377
302,1,266.862,0.111382
301.5,1,265.996,0.111387
301,1,265.13,0.11139
300.5,1,264.263,0.111384
300,1,263.397,0.111378
299.5,1,262.531,0.111372
299,1,261.665,0.111365
298.5,1,260.799,0.111358
298,1,259.933,0.111352
297.5,1,259.067,0.111341
297,1,258.201,0.111329
296.5,1,257.335,0.111318
296,1,256.469,0.111306
295.5,1,255.603,0.111294
295,1,254.737,0.111283
294.5,1,253.871,0.111268
294,1,253.005,0.111251
293.5,1,252.139,0.111234
293,1,251.273,0.111217
292.5,1,250.407,0.1112
292,1,249.541,0.111184
291.5,1,248.675,0.111167
291,1,247.809,0.111147
290.5,1,246.943,0.111128
290,1,246.077,0.111109
289.5,1,245.211,0.11109
289,1,244.345,0.111072
288.5,1,243.479,0.111053
288,1,242.613,0.111032
287.5,1,241.747,0.111011
287,1,240.881,0.110989
286.5,1,240.015,0.110968
286,1,239.149,0.110948
285.5,1,238.283,0.110927
285,1,237.417,0.110906
284.5,1,236.551,0.110884
284,1,235.685,0.110863
283.5,1,234.819,0.110842
283,1,233.953,0.110821
282.5,1,233.087,0.1108
282,1,232.221,0.110779
281.5,1,231.355,0.110758
281,1,230.488,0.110736
280.5,1,229.622,0.110715
280,1,228.756,0.110695
279.5,1,227.89,0.110674
279,1,227.024,0.110654
278.5,1,226.158,0.110633
278,1,225.292,0.110612
277.5,1,224.426,0.110592
277,1,223.56,0.110572
276.5,1,222.694,0.110552
276,1,221.828,0.110532
275.5,1,220.962,0.110513
275,1,220.096,0.110493
274.5,1,219.23,0.110474
274,1,218.364,0.110455
273.5,1,217.498,0.110436
273,1,216.632,0.110417
272.5,1,215.766,0.110399
272,1,214.9,0.110381
271.5,1,214.034,0.110363
271,1,213.168,0.110345
270.5,1,212.302,0.110328
270,1,211.436,0.11031
269.5,1,210.57,0.110293
269,1,209.704,0.110277
268.5,1,208.838,0.11026
268,1,207.972,0.110244
267.5,1,207.106,0.110227
267,1,206.24,0.110211
266.5,1,205.374,0.110195
266,1,204.508,0.11018
265.5,1,203.642,0.110164
265,1,202.776,0.110149
264.5,1,201.91,0.110134
264,1,201.044,0.11012
263.5,1,200.178,0.110105
263,1,199.312,0.110091
262.5,1,198.446,0.110077
262,1,197.58,0.110063
261.5,1,196.714,0.110049
261,1,195.847,0.110035
260.5,1,194.981,0.110022
260,1,194.115,0.110009
259.5,1,193.249,0.109996
259,1,192.383,0.109983
258.5,1,191.517,0.109971
258,1,190.651,0.109958
257.5,1,189.785,0.109946
257,1,188.919,0.109934
256.5,1,188.053,0.109922
256,1,187.187,0.109911
255.5,1,186.321,0.109899
255,1,185.455,0.109888
254.5,1,184.589,0.109877
254,1,183.723,0.109866
253.5,1,182.857,0.109855
253,1,181.991,0.109845
252.5,1,181.125,0.109834
252,1,180.259,0.109824
251.5,1,179.393,0.109814
251,1,178.527,0.109804
250.5,1,177.661,0.109794
250,1,176.795,0.109784
249.5,1,175.929,0.109775
249,1,175.063,0.109766
248.5,1,174.197,0.109757
248,1,173.331,0.109748
247.5,1,172.465,0.109739
247,1,171.599,0.10973
246.5,1,170.733,0.109721
246,1,169.867,0.109713
245.5,1,169.001,0.109704
245,1,168.135,0.109696
244.5,1,167.269,0.109688
244,1,166.403,0.10968
243.5,1,165.537,0.109672
243,1,164.671,0.109664
242.5,1,163.805,0.109657
242,1,162.939,0.109649
241.5,1,162.072,0.109642
241,1,161.206,0.109635
240.5,1,160.34,0.109628
240,1,159.474,0.109621
239.5,1,158.608,0.109614
239,1,157.742,0.109607
238.5,1,156.876,0.1096
238,1,156.01,0.109593
237.5,1,155.144,0.109587
237,1,154.278,0.10958
236.5,1,153.412,0.109574
236,1,152.546,0.109568
235.5,1,151.68,0.109562
235,1,150.814,0.109556
234.5,1,149.948,0.10955
234,1,149.082,0.109544
233.5,1,148.216,0.109538
233,1,147.35,0.109533
232.5,1,146.484,0.109527
232,1,145.618,0.109521
231.5,1,144.752,0.109516
231,1,143.886,0.109511
230.5,1,143.02,0.109506
230,1,142.154,0.109501
229.5,1,141.288,0.109496
229,1,140.422,0.109491
228.5,1,139.556,0.109486
228,1,138.69,0.109481
227.5,1,137.824,0.109476
227,1,136.958,0.109472
226.5,1,136.092,0.109467
226,1,135.226,0.109463
225.5,1,134.36,0.109458
225,1,133.494,0.109454
224.5,1,132.628,0.10945
224,1,131.762,0.109445
223.5,1,130.896,0.109441
223,1,130.03,0.109437
222.5,1,129.164,0.109433
222,1,128.297,0.109429
221.5,1,127.431,0.109425
221,1,126.565,0.109422
220.5,1,125.699,0.109418
220,1,124.833,0.109414
219.5,1,123.967,0.10941
219,1,123.101,0.109407
218.5,1,122.235,0.109403
218,1,121.369,0.1094
217.5,1,120.503,0.109397
217,1,119.637,0.109393
216.5,1,118.771,0.10939
216,1,117.905,0.109387
215.5,1,117.039,0.109384
215,1,116.173,0.109381
214.5,1,115.307,0.109377
214,1,114.441,0.109374
213.5,1,113.575,0.109371
213,1,112.709,0.109368
212.5,1,111.843,0.109365
212,1,110.977,0.109362
211.5,1,110.111,0.10936
211,1,109.245,0.109357
210.5,1,108.379,0.109354
210,1,107.513,0.109352
209.5,1,106.647,0.109349
209,1,105.781,0.109347
208.5,1,104.915,0.109344
208,1,104.049,0.109341
207.5,1,103.183,0.109339
207,1,102.317,0.109336
206.5,1,101.451,0.109334
206,1,100.585,0.109332
205.5,1,99.7187,0.109329
205,1,98.8526,0.109327
204.5,1,97.9866,0.109325
204,1,97.1206,0.109323
203.5,1,96.2546,0.109321
203,1,95.3885,0.109319
202.5,1,94.5225,0.109317
202,1,93.6565,0.109315
201.5,1,92.7905,0.109312
201,1,91.9244,0.10931
200.5,1,91.0584,0.109308
200,1,90.1924,0.109306
