x,y,z,b
500,1,609.808,0.110753
499.5,1,608.942,0.110997
499,1,608.076,0.111247
498.5,1,607.21,0.1115
498,1,606.344,0.111756
497.5,1,605.477,0.112016
497,1,604.611,0.112278
496.5,1,603.745,0.112628
496,1,602.879,0.113029
495.5,1,602.013,0.113434
495,1,601.147,0.113842
494.5,1,600.281,0.114248
494,1,599.415,0.114655
493.5,1,598.549,0.115095
493,1,597.683,0.1156
492.5,1,596.817,0.116109
492,1,595.951,0.116621
491.5,1,595.085,0.117136
491,1,594.219,0.117655
490.5,1,593.353,0.118177
490,1,592.487,0.118781
489.5,1,591.621,0.119389
489,1,590.755,0.119982
488.5,1,589.889,0.120573
488,1,589.023,0.121165
487.5,1,588.157,0.121759
487,1,587.291,0.12239
486.5,1,586.425,0.123038
486,1,585.559,0.123687
485.5,1,584.693,0.124336
485,1,583.827,0.124985
484.5,1,582.961,0.125634
484,1,582.095,0.126298
483.5,1,581.229,0.126967
483,1,580.363,0.127635
482.5,1,579.497,0.128304
482,1,578.631,0.128973
481.5,1,577.765,0.129642
481,1,576.899,0.130312
480.5,1,576.033,0.130987
480,1,575.167,0.131663
479.5,1,574.301,0.132339
479,1,573.435,0.133015
478.5,1,572.569,0.133692
478,1,571.703,0.134333
477.5,1,570.836,0.134971
477,1,569.97,0.135605
476.5,1,569.104,0.136238
476,1,568.238,0.136867
475.5,1,567.372,0.137495
475,1,566.506,0.13812
474.5,1,565.64,0.138733
474,1,564.774,0.139331
473.5,1,563.908,0.139926
473,1,563.042,0.140513
472.5,1,562.176,0.141048
472,1,561.31,0.141577
471.5,1,560.444,0.142094
471,1,559.578,0.142562
470.5,1,558.712,0.143025
470,1,557.846,0.143483
469.5,1,556.98,0.143936
469,1,556.114,0.144385
468.5,1,555.248,0.144828
468,1,554.382,0.145191
467.5,1,553.516,0.145528
467,1,552.65,0.145835
466.5,1,551.784,0.146138
466,1,550.918,0.146438
465.5,1,550.052,0.146735
465,1,549.186,0.146992
464.5,1,548.32,0.147208
464,1,547.454,0.147424
463.5,1,546.588,0.147638
463,1,545.722,0.147853
462.5,1,544.856,0.148066
462,1,543.99,0.148265
461.5,1,543.124,0.148405
461,1,542.258,0.148546
460.5,1,541.392,0.148686
460,1,540.526,0.148826
459.5,1,539.66,0.148965
459,1,538.794,0.149104
458.5,1,537.928,0.14926
458,1,537.061,0.149414
457.5,1,536.195,0.149564
457,1,535.329,0.149709
456.5,1,534.463,0.149843
456,1,533.597,0.149954
455.5,1,532.731,0.150085
455,1,531.865,0.150233
454.5,1,530.999,0.150376
454,1,530.133,0.150515
453.5,1,529.267,0.150649
453,1,528.401,0.150778
452.5,1,527.535,0.150905
452,1,526.669,0.151023
451.5,1,525.803,0.151118
451,1,524.937,0.1512
450.5,1,524.071,0.151286
450,1,523.205,0.151364
449.5,1,522.339,0.151434
449,1,521.473,0.151541
448.5,1,520.607,0.151633
448,1,519.741,0.151707
447.5,1,518.875,0.151761
447,1,518.009,0.151797
446.5,1,517.143,0.151814
446,1,516.277,0.151801
445.5,1,515.411,0.151804
445,1,514.545,0.151829
444.5,1,513.679,0.151849
444,1,512.813,0.151863
443.5,1,511.947,0.151871
443,1,511.081,0.151865
442.5,1,510.215,0.15184
442,1,509.349,0.15182
441.5,1,508.483,0.151807
441,1,507.617,0.1518
440.5,1,506.751,0.151799
440,1,505.885,0.151835
439.5,1,505.019,0.151924
439,1,504.153,0.152013
438.5,1,503.286,0.152102
438,1,502.42,0.15219
437.5,1,501.554,0.152277
437,1,500.688,0.152364
436.5,1,499.822,0.152439
436,1,498.956,0.152516
435.5,1,498.09,0.1526
435,1,497.224,0.152693
434.5,1,496.358,0.152871
434,1,495.492,0.153121
433.5,1,494.626,0.153368
433,1,493.76,0.153612
432.5,1,492.894,0.153867
432,1,492.028,0.154133
431.5,1,491.162,0.15441
431,1,490.296,0.154698
430.5,1,489.43,0.154997
430,1,488.564,0.155309
429.5,1,487.698,0.155642
429,1,486.832,0.156159
428.5,1,485.966,0.156794
428,1,485.1,0.157433
427.5,1,484.234,0.158075
427,1,483.368,0.158666
426.5,1,482.502,0.159239
426,1,481.636,0.159818
425.5,1,480.77,0.160401
425,1,479.904,0.16099
424.5,1,479.038,0.161583
424,1,478.172,0.162124
423.5,1,477.306,0.162655
423,1,476.44,0.163209
422.5,1,475.574,0.163751
422,1,474.708,0.16428
421.5,1,473.842,0.164796
421,1,472.976,0.165288
420.5,1,472.11,0.165654
420,1,471.244,0.166014
419.5,1,470.378,0.16637
419,1,469.512,0.166722
418.5,1,468.645,0.167069
418,1,467.779,0.167253
417.5,1,466.913,0.167406
417,1,466.047,0.167571
416.5,1,465.181,0.167739
416,1,464.315,0.167909
415.5,1,463.449,0.168082
415,1,462.583,0.168257
414.5,1,461.717,0.168631
414,1,460.851,0.169248
413.5,1,459.985,0.169871
413,1,459.119,0.1705
412.5,1,458.253,0.171001
412,1,457.387,0.171456
411.5,1,456.521,0.17192
411,1,455.655,0.172497
410.5,1,454.789,0.173091
410,1,453.923,0.173701
409.5,1,453.057,0.174328
409,1,452.191,0.174972
408.5,1,451.325,0.175631
408,1,450.459,0.175986
407.5,1,449.593,0.17631
407,1,448.727,0.176575
406.5,1,447.861,0.176874
406,1,446.995,0.177226
405.5,1,446.129,0.17763
405,1,445.263,0.177574
404.5,1,444.397,0.177063
404,1,443.531,0.17659
403.5,1,442.665,0.176156
403,1,441.799,0.175759
402.5,1,440.933,0.175401
402,1,440.067,0.174769
401.5,1,439.201,0.172821
401,1,438.335,0.170894
400.5,1,437.469,0.168992
400,1,436.603,0.167117
399.5,1,435.737,0.165267
399,1,434.87,0.163443
398.5,1,434.004,0.161808
398,1,433.138,0.160108
397.5,1,432.272,0.158314
397,1,431.406,0.156425
396.5,1,430.54,0.154441
396,1,429.674,0.152418
395.5,1,428.808,0.151258
395,1,427.942,0.150769
394.5,1,427.076,0.150214
394,1,426.21,0.149595
393.5,1,425.344,0.148912
393,1,424.478,0.148163
392.5,1,423.612,0.147649
392,1,422.746,0.147986
391.5,1,421.88,0.148283
391,1,421.014,0.148541
390.5,1,420.148,0.148733
390,1,419.282,0.148858
389.5,1,418.416,0.148916
389,1,417.55,0.149249
388.5,1,416.684,0.14964
388,1,415.818,0.15007
387.5,1,414.952,0.150539
387,1,414.086,0.151047
386.5,1,413.22,0.151593
386,1,412.354,0.151912
385.5,1,411.488,0.152094
385,1,410.622,0.152214
384.5,1,409.756,0.152369
384,1,408.89,0.15256
383.5,1,408.024,0.152787
383,1,407.158,0.153284
382.5,1,406.292,0.154297
382,1,405.426,0.155264
381.5,1,404.56,0.156185
381,1,403.694,0.15706
380.5,1,402.828,0.15789
380,1,401.962,0.15868
379.5,1,401.095,0.166221
379,1,400.229,0.173268
378.5,1,399.363,0.179754
378,1,398.497,0.185679
377.5,1,397.631,0.191042
377,1,396.765,0.195843
376.5,1,395.899,0.205012
376,1,395.033,0.216359
375.5,1,394.167,0.227592
375,1,393.301,0.23871
374.5,1,392.435,0.249633
374,1,391.569,0.25993
373.5,1,390.703,0.267554
373,1,389.837,0.271435
372.5,1,388.971,0.275725
372,1,388.105,0.280424
371.5,1,387.239,0.285531
371,1,386.373,0.291047
370.5,1,385.507,0.29674
370,1,384.641,0.29792
369.5,1,383.775,0.299303
369,1,382.909,0.300646
368.5,1,382.043,0.301637
368,1,381.177,0.302935
367.5,1,380.311,0.304541
367,1,379.445,0.305531
366.5,1,378.579,0.306375
366,1,377.713,0.307394
365.5,1,376.847,0.308587
365,1,375.981,0.309955
364.5,1,375.115,0.311498
364,1,374.249,0.312531
363.5,1,373.383,0.312458
363,1,372.517,0.311946
362.5,1,371.651,0.31163
362,1,370.785,0.31151
361.5,1,369.919,0.311586
361,1,369.053,0.311759
360.5,1,368.187,0.311316
360,1,367.321,0.31119
359.5,1,366.454,0.311381
359,1,365.588,0.311889
358.5,1,364.722,0.312714
358,1,363.856,0.312978
357.5,1,362.99,0.312097
357,1,362.124,0.312237
356.5,1,361.258,0.313505
356,1,360.392,0.315902
355.5,1,359.526,0.319428
355,1,358.66,0.324082
354.5,1,357.794,0.329215
354,1,356.928,0.335217
353.5,1,356.062,0.34298
353,1,355.196,0.352506
352.5,1,354.33,0.354613
352,1,353.464,0.344925
351.5,1,352.598,0.328583
351,1,351.732,0.291838
350.5,1,350.866,0.259788
350,1,350,0.232433
349.5,1,349.134,0.209772
349,1,348.268,0.191807
348.5,1,347.402,0.178537
348,1,346.536,0.180624
347.5,1,345.67,0.186162
347,1,344.804,0.194709
346.5,1,343.938,0.204171
346,1,343.072,0.212362
345.5,1,342.206,0.219281
345,1,341.34,0.221531
344.5,1,340.474,0.220289
344,1,339.608,0.218848
343.5,1,338.742,0.217209
343,1,337.876,0.21537
342.5,1,337.01,0.213332
342,1,336.144,0.21103
341.5,1,335.278,0.208101
341,1,334.412,0.205024
340.5,1,333.546,0.202002
340,1,332.679,0.199033
339.5,1,331.813,0.196119
339,1,330.947,0.19326
338.5,1,330.081,0.191911
338,1,329.215,0.190774
337.5,1,328.349,0.189684
337,1,327.483,0.188641
336.5,1,326.617,0.187645
336,1,325.751,0.186704
335.5,1,324.885,0.186738
335,1,324.019,0.187471
334.5,1,323.153,0.188255
334,1,322.287,0.189088
333.5,1,321.421,0.189972
333,1,320.555,0.190905
332.5,1,319.689,0.191939
332,1,318.823,0.193156
331.5,1,317.957,0.194417
331,1,317.091,0.19572
330.5,1,316.225,0.197025
330,1,315.359,0.198365
329.5,1,314.493,0.199758
329,1,313.627,0.199903
328.5,1,312.761,0.199992
328,1,311.895,0.200085
327.5,1,311.029,0.200183
327,1,310.163,0.200285
326.5,1,309.297,0.200393
326,1,308.431,0.199278
325.5,1,307.565,0.197537
325,1,306.699,0.195825
324.5,1,305.833,0.194209
324,1,304.967,0.192706
323.5,1,304.101,0.191317
323,1,303.235,0.189328
322.5,1,302.369,0.185901
322,1,301.503,0.182484
321.5,1,300.637,0.179076
321,1,299.771,0.175679
320.5,1,298.905,0.172292
320,1,298.038,0.168942
319.5,1,297.172,0.168398
319,1,296.306,0.167683
318.5,1,295.44,0.166776
318,1,294.574,0.165678
317.5,1,293.708,0.164388
317,1,292.842,0.162907
316.5,1,291.976,0.162655
316,1,291.11,0.163169
315.5,1,290.244,0.163885
315,1,289.378,0.164804
314.5,1,288.512,0.165926
314,1,287.646,0.166453
313.5,1,286.78,0.166756
313,1,285.914,0.167034
312.5,1,285.048,0.167525
312,1,284.182,0.16823
311.5,1,283.316,0.169149
311,1,282.45,0.170282
310.5,1,281.584,0.171582
310,1,280.718,0.172372
309.5,1,279.852,0.173251
309,1,278.986,0.174219
308.5,1,278.12,0.174585
308,1,277.254,0.175168
307.5,1,276.388,0.175992
307,1,275.522,0.176558
306.5,1,274.656,0.177082
306,1,273.79,0.177714
305.5,1,272.924,0.178454
305,1,272.058,0.179301
304.5,1,271.192,0.180257
304,1,270.326,0.181031
303.5,1,269.46,0.181474
303,1,268.594,0.181277
302.5,1,267.728,0.181239
302,1,266.862,0.181359
301.5,1,265.996,0.181637
301,1,265.13,0.182011
300.5,1,264.263,0.182028
300,1,263.397,0.182108
299.5,1,262.531,0.182248
299,1,261.665,0.182451
298.5,1,260.799,0.182715
298,1,259.933,0.182951
297.5,1,259.067,0.182047
297,1,258.201,0.181113
296.5,1,257.335,0.180229
296,1,256.469,0.179394
295.5,1,255.603,0.178608
295,1,254.737,0.177872
294.5,1,253.871,0.176985
294,1,253.005,0.175897
293.5,1,252.139,0.174801
293,1,251.273,0.173698
292.5,1,250.407,0.172619
292,1,249.541,0.171718
291.5,1,248.675,0.170818
291,1,247.809,0.169891
290.5,1,246.943,0.168957
290,1,246.077,0.168019
289.5,1,245.211,0.167074
289,1,244.345,0.166123
288.5,1,243.479,0.165167
288,1,242.613,0.164151
287.5,1,241.747,0.163122
287,1,240.881,0.162098
286.5,1,240.015,0.161111
286,1,239.149,0.160121
285.5,1,238.283,0.159129
285,1,237.417,0.158112
284.5,1,236.551,0.157073
284,1,235.685,0.156033
283.5,1,234.819,0.154992
283,1,233.953,0.153949
282.5,1,233.087,0.152906
282,1,232.221,0.151853
281.5,1,231.355,0.150814
281,1,230.488,0.149874
280.5,1,229.622,0.148936
280,1,228.756,0.148
279.5,1,227.89,0.147065
279,1,227.024,0.146131
278.5,1,226.158,0.145187
278,1,225.292,0.144247
277.5,1,224.426,0.143312
277,1,223.56,0.142381
276.5,1,222.694,0.141455
276,1,221.828,0.140573
275.5,1,220.962,0.139764
275,1,220.096,0.138957
274.5,1,219.23,0.138155
274,1,218.364,0.137357
273.5,1,217.498,0.136565
273,1,216.632,0.135778
272.5,1,215.766,0.134996
272,1,214.9,0.13422
271.5,1,214.034,0.133451
271,1,213.168,0.132689
270.5,1,212.302,0.131967
270,1,211.436,0.131298
269.5,1,210.57,0.130633
269,1,209.704,0.129971
268.5,1,208.838,0.129314
268,1,207.972,0.128663
267.5,1,207.106,0.128016
267,1,206.24,0.127375
266.5,1,205.374,0.126738
266,1,204.508,0.126105
265.5,1,203.642,0.125477
265,1,202.776,0.124879
264.5,1,201.91,0.124313
264,1,201.044,0.123751
263.5,1,200.178,0.123192
263,1,199.312,0.122638
262.5,1,198.446,0.122088
262,1,197.58,0.121542
261.5,1,196.714,0.121001
261,1,195.847,0.120463
260.5,1,194.981,0.11993
260,1,194.115,0.119402
259.5,1,193.249,0.118897
259,1,192.383,0.11841
258.5,1,191.517,0.117926
258,1,190.651,0.117446
257.5,1,189.785,0.116969
257,1,188.919,0.116496
256.5,1,188.053,0.116036
256,1,187.187,0.115585
255.5,1,186.321,0.115137
255,1,185.455,0.114693
254.5,1,184.589,0.114253
254,1,183.723,0.113827
253.5,1,182.857,0.113418
253,1,181.991,0.113027
252.5,1,181.125,0.112639
252,1,180.259,0.112256
251.5,1,179.393,0.111875
251,1,178.527,0.111499
250.5,1,177.661,0.111129
250,1,176.795,0.110787
249.5,1,175.929,0.11045
249,1,175.063,0.110116
248.5,1,174.197,0.109793
248,1,173.331,0.109476
247.5,1,172.465,0.109164
247,1,171.599,0.108877
246.5,1,170.733,0.108601
246,1,169.867,0.108329
245.5,1,169.001,0.10806
245,1,168.135,0.107795
244.5,1,167.269,0.107535
244,1,166.403,0.107292
243.5,1,165.537,0.107071
243,1,164.671,0.106858
242.5,1,163.805,0.106651
242,1,162.939,0.106447
241.5,1,162.072,0.106247
241,1,161.206,0.106054
240.5,1,160.34,0.105894
240,1,159.474,0.105738
239.5,1,158.608,0.105584
239,1,157.742,0.105434
238.5,1,156.876,0.105288
238,1,156.01,0.105144
237.5,1,155.144,0.105032
237,1,154.278,0.104929
236.5,1,153.412,0.104829
236,1,152.546,0.104732
235.5,1,151.68,0.104637
235,1,150.814,0.104545
234.5,1,149.948,0.104469
234,1,149.082,0.104407
233.5,1,148.216,0.104348
233,1,147.35,0.104291
232.5,1,146.484,0.104236
232,1,145.618,0.104187
231.5,1,144.752,0.104144
231,1,143.886,0.104121
230.5,1,143.02,0.104099
230,1,142.154,0.104079
229.5,1,141.288,0.104061
229,1,140.422,0.104045
228.5,1,139.556,0.10403
228,1,138.69,0.104032
227.5,1,137.824,0.104038
227,1,136.958,0.104045
226.5,1,136.092,0.104056
226,1,135.226,0.104068
225.5,1,134.36,0.104081
225,1,133.494,0.104103
224.5,1,132.628,0.10413
224,1,131.762,0.104159
223.5,1,130.896,0.104189
223,1,130.03,0.104219
222.5,1,129.164,0.10425
222,1,128.297,0.104284
221.5,1,127.431,0.104324
221,1,126.565,0.104366
220.5,1,125.699,0.104408
220,1,124.833,0.104451
219.5,1,123.967,0.104494
219,1,123.101,0.104537
218.5,1,122.235,0.104585
218,1,121.369,0.104634
217.5,1,120.503,0.104682
217,1,119.637,0.104731
216.5,1,118.771,0.10478
216,1,117.905,0.104829
215.5,1,117.039,0.10488
215,1,116.173,0.104932
214.5,1,115.307,0.104983
214,1,114.441,0.105034
213.5,1,113.575,0.105086
213,1,112.709,0.105137
212.5,1,111.843,0.105187
212,1,110.977,0.105236
211.5,1,110.111,0.105285
211,1,109.245,0.105334
210.5,1,108.379,0.105382
210,1,107.513,0.105431
209.5,1,106.647,0.10548
209,1,105.781,0.105526
208.5,1,104.915,0.105572
208,1,104.049,0.105618
207.5,1,103.183,0.105664
207,1,102.317,0.105709
206.5,1,101.451,0.105755
206,1,100.585,0.105802
205.5,1,99.7187,0.10585
205,1,98.8526,0.105898
204.5,1,97.9866,0.105946
204,1,97.1206,0.105993
203.5,1,96.2546,0.10604
203,1,95.3885,0.106087
202.5,1,94.5225,0.106131
202,1,93.6565,0.106175
201.5,1,92.7905,0.106219
201,1,91.9244,0.106263
200.5,1,91.0584,0.106307
200,1,90.1924,0.10635
