x,y,z,b
500,1,609.808,0.108785
499.5,1,608.942,0.108777
499,1,608.076,0.108769
498.5,1,607.21,0.108761
498,1,606.344,0.108752
497.5,1,605.477,0.108744
497,1,604.611,0.108735
496.5,1,603.745,0.108726
496,1,602.879,0.108716
495.5,1,602.013,0.108706
495,1,601.147,0.108697
494.5,1,600.281,0.108687
494,1,599.415,0.108677
493.5,1,598.549,0.108666
493,1,597.683,0.108655
492.5,1,596.817,0.108644
492,1,595.951,0.108632
491.5,1,595.085,0.108621
491,1,594.219,0.108609
490.5,1,593.353,0.108597
490,1,592.487,0.108584
489.5,1,591.621,0.108571
489,1,590.755,0.108558
488.5,1,589.889,0.108544
488,1,589.023,0.108531
487.5,1,588.157,0.108517
487,1,587.291,0.108502
486.5,1,586.425,0.108486
486,1,585.559,0.108471
485.5,1,584.693,0.108455
485,1,583.827,0.108439
484.5,1,582.961,0.108422
484,1,582.095,0.108406
483.5,1,581.229,0.108387
483,1,580.363,0.108369
482.5,1,579.497,0.108351
482,1,578.631,0.108332
481.5,1,577.765,0.108314
481,1,576.899,0.108295
480.5,1,576.033,0.108273
480,1,575.167,0.108251
479.5,1,574.301,0.108229
479,1,573.435,0.108207
478.5,1,572.569,0.108184
478,1,571.703,0.108162
477.5,1,570.836,0.108137
477,1,569.97,0.108112
476.5,1,569.104,0.108086
476,1,568.238,0.10806
475.5,1,567.372,0.108034
475,1,566.506,0.108007
474.5,1,565.64,0.107979
474,1,564.774,0.107948
473.5,1,563.908,0.107918
473,1,563.042,0.107886
472.5,1,562.176,0.107855
472,1,561.31,0.107823
471.5,1,560.444,0.107791
471,1,559.578,0.107755
470.5,1,558.712,0.107718
470,1,557.846,0.107682
469.5,1,556.98,0.107645
469,1,556.114,0.107607
468.5,1,555.248,0.10757
468,1,554.382,0.107527
467.5,1,553.516,0.107483
467,1,552.65,0.107439
466.5,1,551.784,0.107394
466,1,550.918,0.107349
465.5,1,550.052,0.107303
465,1,549.186,0.107255
464.5,1,548.32,0.107202
464,1,547.454,0.10715
463.5,1,546.588,0.107097
463,1,545.722,0.107043
462.5,1,544.856,0.106989
462,1,543.99,0.106933
461.5,1,543.124,0.10687
461,1,542.258,0.106806
460.5,1,541.392,0.106742
460,1,540.526,0.106677
459.5,1,539.66,0.106612
459,1,538.794,0.106545
458.5,1,537.928,0.106471
458,1,537.061,0.106395
457.5,1,536.195,0.106318
457,1,535.329,0.106241
456.5,1,534.463,0.106162
456,1,533.597,0.106083
455.5,1,532.731,0.105997
455,1,531.865,0.105906
454.5,1,530.999,0.105813
454,1,530.133,0.105719
453.5,1,529.267,0.105625
453,1,528.401,0.105529
452.5,1,527.535,0.105429
452,1,526.669,0.105317
451.5,1,525.803,0.105205
451,1,524.937,0.105091
450.5,1,524.071,0.104976
450,1,523.205,0.10486
449.5,1,522.339,0.104742
449,1,521.473,0.104612
448.5,1,520.607,0.104479
448,1,519.741,0.104344
447.5,1,518.875,0.104208
447,1,518.009,0.104071
446.5,1,517.143,0.103932
446,1,516.277,0.103782
445.5,1,515.411,0.103625
445,1,514.545,0.103466
444.5,1,513.679,0.103306
444,1,512.813,0.103143
443.5,1,511.947,0.10298
443,1,511.081,0.102811
442.5,1,510.215,0.102631
442,1,509.349,0.10245
441.5,1,508.483,0.102267
441,1,507.617,0.102083
440.5,1,506.751,0.101898
440,1,505.885,0.101711
439.5,1,505.019,0.101516
439,1,504.153,0.101321
438.5,1,503.286,0.101124
438,1,502.42,0.100927
437.5,1,501.554,0.10073
437,1,500.688,0.100531
436.5,1,499.822,0.100327
436,1,498.956,0.10012
435.5,1,498.09,0.099912
435,1,497.224,0.0997038
434.5,1,496.358,0.0995058
434,1,495.492,0.0993232
433.5,1,494.626,0.0991816
433,1,493.76,0.0991259
432.5,1,492.894,0.0990988
432,1,492.028,0.0991002
431.5,1,491.162,0.0991302
431,1,490.296,0.0991887
430.5,1,489.43,0.0992785
430,1,488.564,0.0994881
429.5,1,487.698,0.0997075
429,1,486.832,0.100008
428.5,1,485.966,0.100397
428,1,485.1,0.100832
427.5,1,484.234,0.101314
427,1,483.368,0.101963
426.5,1,482.502,0.102707
426,1,481.636,0.1035
425.5,1,480.77,0.10434
425,1,479.904,0.105227
424.5,1,479.038,0.106162
424,1,478.172,0.107213
423.5,1,477.306,0.108728
423,1,476.44,0.110419
422.5,1,475.574,0.112117
422,1,474.708,0.113821
421.5,1,473.842,0.11553
421,1,472.976,0.117247
420.5,1,472.11,0.118973
420,1,471.244,0.120674
419.5,1,470.378,0.12235
419,1,469.512,0.124002
418.5,1,468.645,0.125629
418,1,467.779,0.126936
417.5,1,466.913,0.128405
417,1,466.047,0.129985
416.5,1,465.181,0.131572
416,1,464.315,0.133168
415.5,1,463.449,0.134772
415,1,462.583,0.136384
414.5,1,461.717,0.138371
414,1,460.851,0.140902
413.5,1,459.985,0.143567
413,1,459.119,0.146366
412.5,1,458.253,0.149428
412,1,457.387,0.152696
411.5,1,456.521,0.156206
411,1,455.655,0.160274
410.5,1,454.789,0.16446
410,1,453.923,0.168766
409.5,1,453.057,0.17319
409,1,452.191,0.177733
408.5,1,451.325,0.182396
408,1,450.459,0.186817
407.5,1,449.593,0.191161
407,1,448.727,0.196513
406.5,1,447.861,0.201699
406,1,446.995,0.2065
405.5,1,446.129,0.210916
405,1,445.263,0.214412
404.5,1,444.397,0.217014
404,1,443.531,0.219244
403.5,1,442.665,0.2211
403,1,441.799,0.222583
402.5,1,440.933,0.223692
402,1,440.067,0.224247
401.5,1,439.201,0.226815
401,1,438.335,0.230144
400.5,1,437.469,0.233952
400,1,436.603,0.238239
399.5,1,435.737,0.243005
399,1,434.87,0.248251
398.5,1,434.004,0.25812
398,1,433.138,0.268069
397.5,1,432.272,0.277464
397,1,431.406,0.286305
396.5,1,430.54,0.294593
396,1,429.674,0.298229
395.5,1,428.808,0.300954
395,1,427.942,0.303131
394.5,1,427.076,0.305076
394,1,426.21,0.306789
393.5,1,425.344,0.308269
393,1,424.478,0.309516
392.5,1,423.612,0.310331
392,1,422.746,0.310534
391.5,1,421.88,0.310859
391,1,421.014,0.31132
390.5,1,420.148,0.312221
390,1,419.282,0.312983
389.5,1,418.416,0.313606
389,1,417.55,0.314134
388.5,1,416.684,0.314629
388,1,415.818,0.315091
387.5,1,414.952,0.315519
387,1,414.086,0.315914
386.5,1,413.22,0.316276
386,1,412.354,0.317229
385.5,1,411.488,0.318723
385,1,410.622,0.320933
384.5,1,409.756,0.322947
384,1,408.89,0.324766
383.5,1,408.024,0.326388
383,1,407.158,0.327451
382.5,1,406.292,0.327344
382,1,405.426,0.326824
381.5,1,404.56,0.32589
381,1,403.694,0.324542
380.5,1,402.828,0.322781
380,1,401.962,0.320737
379.5,1,401.095,0.303341
379,1,400.229,0.285776
378.5,1,399.363,0.268198
378,1,398.497,0.250607
377.5,1,397.631,0.233002
377,1,396.765,0.215383
376.5,1,395.899,0.20462
376,1,395.033,0.197133
375.5,1,394.167,0.189621
375,1,393.301,0.182085
374.5,1,392.435,0.174737
374,1,391.569,0.168035
373.5,1,390.703,0.163352
373,1,389.837,0.162528
372.5,1,388.971,0.161731
372,1,388.105,0.160962
371.5,1,387.239,0.160219
371,1,386.373,0.159503
370.5,1,385.507,0.158861
370,1,384.641,0.159246
369.5,1,383.775,0.159699
369,1,382.909,0.160486
368.5,1,382.043,0.16213
368,1,381.177,0.164022
367.5,1,380.311,0.166159
367,1,379.445,0.168078
366.5,1,378.579,0.170015
366,1,377.713,0.172133
365.5,1,376.847,0.174431
365,1,375.981,0.176911
364.5,1,375.115,0.179572
364,1,374.249,0.182176
363.5,1,373.383,0.184706
363,1,372.517,0.187016
362.5,1,371.651,0.188779
362,1,370.785,0.189996
361.5,1,369.919,0.190666
361,1,369.053,0.190794
360.5,1,368.187,0.190595
360,1,367.321,0.190174
359.5,1,366.454,0.189532
359,1,365.588,0.188668
358.5,1,364.722,0.187582
358,1,363.856,0.186626
357.5,1,362.99,0.186989
357,1,362.124,0.188006
356.5,1,361.258,0.189476
356,1,360.392,0.191398
355.5,1,359.526,0.193772
355,1,358.66,0.196598
354.5,1,357.794,0.205089
354,1,356.928,0.222624
353.5,1,356.062,0.244369
353,1,355.196,0.270323
352.5,1,354.33,0.293625
352,1,353.464,0.308531
351.5,1,352.598,0.311471
351,1,351.732,0.263573
350.5,1,350.866,0.218324
350,1,350,0.175724
349.5,1,349.134,0.135774
349,1,348.268,0.0984736
348.5,1,347.402,0.0638227
348,1,346.536,0.0622529
347.5,1,345.67,0.0647911
347,1,344.804,0.0690877
346.5,1,343.938,0.0747942
346,1,343.072,0.0786767
345.5,1,342.206,0.0807354
345,1,341.34,0.0850193
344.5,1,340.474,0.0913611
344,1,339.608,0.0962188
343.5,1,338.742,0.0995924
343,1,337.876,0.101482
342.5,1,337.01,0.101888
342,1,336.144,0.101045
341.5,1,335.278,0.100678
341,1,334.412,0.100373
340.5,1,333.546,0.099994
340,1,332.679,0.0995397
339.5,1,331.813,0.0990107
339,1,330.947,0.0984068
338.5,1,330.081,0.0990355
338,1,329.215,0.0997516
337.5,1,328.349,0.100408
337,1,327.483,0.101004
336.5,1,326.617,0.10154
336,1,325.751,0.102184
335.5,1,324.885,0.10252
335,1,324.019,0.10262
334.5,1,323.153,0.102754
334,1,322.287,0.10292
333.5,1,321.421,0.10312
333,1,320.555,0.103353
332.5,1,319.689,0.103677
332,1,318.823,0.104158
331.5,1,317.957,0.104625
331,1,317.091,0.105077
330.5,1,316.225,0.105546
330,1,315.359,0.106015
329.5,1,314.493,0.106472
329,1,313.627,0.106554
328.5,1,312.761,0.106629
328,1,311.895,0.106715
327.5,1,311.029,0.106811
327,1,310.163,0.106917
326.5,1,309.297,0.107034
326,1,308.431,0.107218
325.5,1,307.565,0.107433
325,1,306.699,0.107662
324.5,1,305.833,0.107892
324,1,304.967,0.108121
323.5,1,304.101,0.108347
323,1,303.235,0.108533
322.5,1,302.369,0.108641
322,1,301.503,0.108751
321.5,1,300.637,0.108864
321,1,299.771,0.10898
320.5,1,298.905,0.109099
320,1,298.038,0.10922
319.5,1,297.172,0.109338
319,1,296.306,0.109456
318.5,1,295.44,0.109575
318,1,294.574,0.109694
317.5,1,293.708,0.109813
317,1,292.842,0.109933
316.5,1,291.976,0.110025
316,1,291.11,0.110105
315.5,1,290.244,0.110186
315,1,289.378,0.110267
314.5,1,288.512,0.110349
314,1,287.646,0.110434
313.5,1,286.78,0.110511
313,1,285.914,0.110575
312.5,1,285.048,0.110638
312,1,284.182,0.110701
311.5,1,283.316,0.110763
311,1,282.45,0.110824
310.5,1,281.584,0.110883
310,1,280.718,0.110926
309.5,1,279.852,0.110967
309,1,278.986,0.111009
308.5,1,278.12,0.111051
308,1,277.254,0.111092
307.5,1,276.388,0.111133
307,1,275.522,0.111161
306.5,1,274.656,0.111184
306,1,273.79,0.111207
305.5,1,272.924,0.111229
305,1,272.058,0.11125
304.5,1,271.192,0.111271
304,1,270.326,0.111287
303.5,1,269.46,0.111297
303,1,268.594,0.111306
302.5,1,267.728,0.111316
302,1,266.862,0.111324
301.5,1,265.996,0.111333
301,1,265.13,0.111339
300.5,1,264.263,0.111336
300,1,263.397,0.111333
299.5,1,262.531,0.11133
299,1,261.665,0.111326
298.5,1,260.799,0.111322
298,1,259.933,0.111318
297.5,1,259.067,0.11131
297,1,258.201,0.111301
296.5,1,257.335,0.111292
296,1,256.469,0.111283
295.5,1,255.603,0.111273
295,1,254.737,0.111264
294.5,1,253.871,0.111251
294,1,253.005,0.111236
293.5,1,252.139,0.111221
293,1,251.273,0.111206
292.5,1,250.407,0.111191
292,1,249.541,0.111176
291.5,1,248.675,0.11116
291,1,247.809,0.111142
290.5,1,246.943,0.111124
290,1,246.077,0.111107
289.5,1,245.211,0.111089
289,1,244.345,0.111072
288.5,1,243.479,0.111054
288,1,242.613,0.111035
287.5,1,241.747,0.111015
287,1,240.881,0.110995
286.5,1,240.015,0.110975
286,1,239.149,0.110956
285.5,1,238.283,0.110936
285,1,237.417,0.110916
284.5,1,236.551,0.110896
284,1,235.685,0.110876
283.5,1,234.819,0.110855
283,1,233.953,0.110835
282.5,1,233.087,0.110815
282,1,232.221,0.110795
281.5,1,231.355,0.110775
281,1,230.488,0.110754
280.5,1,229.622,0.110734
280,1,228.756,0.110713
279.5,1,227.89,0.110693
279,1,227.024,0.110673
278.5,1,226.158,0.110653
278,1,225.292,0.110633
277.5,1,224.426,0.110613
277,1,223.56,0.110593
276.5,1,222.694,0.110574
276,1,221.828,0.110555
275.5,1,220.962,0.110535
275,1,220.096,0.110516
274.5,1,219.23,0.110497
274,1,218.364,0.110478
273.5,1,217.498,0.110459
273,1,216.632,0.110441
272.5,1,215.766,0.110423
272,1,214.9,0.110405
271.5,1,214.034,0.110387
271,1,213.168,0.110369
270.5,1,212.302,0.110352
270,1,211.436,0.110334
269.5,1,210.57,0.110317
269,1,209.704,0.110301
268.5,1,208.838,0.110284
268,1,207.972,0.110268
267.5,1,207.106,0.110251
267,1,206.24,0.110235
266.5,1,205.374,0.110219
266,1,204.508,0.110204
265.5,1,203.642,0.110188
265,1,202.776,0.110173
264.5,1,201.91,0.110158
264,1,201.044,0.110143
263.5,1,200.178,0.110129
263,1,199.312,0.110114
262.5,1,198.446,0.1101
262,1,197.58,0.110086
261.5,1,196.714,0.110072
261,1,195.847,0.110058
260.5,1,194.981,0.110045
260,1,194.115,0.110031
259.5,1,193.249,0.110018
259,1,192.383,0.110005
258.5,1,191.517,0.109993
258,1,190.651,0.10998
257.5,1,189.785,0.109968
257,1,188.919,0.109956
256.5,1,188.053,0.109944
256,1,187.187,0.109932
255.5,1,186.321,0.109921
255,1,185.455,0.109909
254.5,1,184.589,0.109898
254,1,183.723,0.109887
253.5,1,182.857,0.109876
253,1,181.991,0.109865
252.5,1,181.125,0.109855
252,1,180.259,0.109844
251.5,1,179.393,0.109834
251,1,178.527,0.109824
250.5,1,177.661,0.109813
250,1,176.795,0.109804
249.5,1,175.929,0.109794
249,1,175.063,0.109785
248.5,1,174.197,0.109775
248,1,173.331,0.109766
247.5,1,172.465,0.109757
247,1,171.599,0.109748
246.5,1,170.733,0.109739
246,1,169.867,0.10973
245.5,1,169.001,0.109722
245,1,168.135,0.109713
244.5,1,167.269,0.109705
244,1,166.403,0.109697
243.5,1,165.537,0.109689
243,1,164.671,0.109681
242.5,1,163.805,0.109673
242,1,162.939,0.109666
241.5,1,162.072,0.109658
241,1,161.206,0.109651
240.5,1,160.34,0.109644
240,1,159.474,0.109636
239.5,1,158.608,0.109629
239,1,157.742,0.109622
238.5,1,156.876,0.109615
238,1,156.01,0.109608
237.5,1,155.144,0.109602
237,1,154.278,0.109595
236.5,1,153.412,0.109589
236,1,152.546,0.109582
235.5,1,151.68,0.109576
235,1,150.814,0.10957
234.5,1,149.948,0.109564
234,1,149.082,0.109558
233.5,1,148.216,0.109552
233,1,147.35,0.109546
232.5,1,146.484,0.10954
232,1,145.618,0.109535
231.5,1,144.752,0.109529
231,1,143.886,0.109524
230.5,1,143.02,0.109518
230,1,142.154,0.109513
229.5,1,141.288,0.109508
229,1,140.422,0.109503
228.5,1,139.556,0.109498
228,1,138.69,0.109493
227.5,1,137.824,0.109488
227,1,136.958,0.109483
226.5,1,136.092,0.109479
226,1,135.226,0.109474
225.5,1,134.36,0.109469
225,1,133.494,0.109465
224.5,1,132.628,0.109461
224,1,131.762,0.109456
223.5,1,130.896,0.109452
223,1,130.03,0.109448
222.5,1,129.164,0.109444
222,1,128.297,0.10944
221.5,1,127.431,0.109436
221,1,126.565,0.109432
220.5,1,125.699,0.109428
220,1,124.833,0.109424
219.5,1,123.967,0.10942
219,1,123.101,0.109416
218.5,1,122.235,0.109413
218,1,121.369,0.109409
217.5,1,120.503,0.109406
217,1,119.637,0.109403
216.5,1,118.771,0.109399
216,1,117.905,0.109396
215.5,1,117.039,0.109393
215,1,116.173,0.10939
214.5,1,115.307,0.109386
214,1,114.441,0.109383
213.5,1,113.575,0.10938
213,1,112.709,0.109377
212.5,1,111.843,0.109374
212,1,110.977,0.109371
211.5,1,110.111,0.109368
211,1,109.245,0.109365
210.5,1,108.379,0.109363
210,1,107.513,0.10936
209.5,1,106.647,0.109357
209,1,105.781,0.109355
208.5,1,104.915,0.109352
208,1,104.049,0.109349
207.5,1,103.183,0.109346
207,1,102.317,0.109344
206.5,1,101.451,0.109341
206,1,100.585,0.109339
205.5,1,99.7187,0.109337
205,1,98.8526,0.109335
204.5,1,97.9866,0.109333
204,1,97.1206,0.10933
203.5,1,96.2546,0.109328
203,1,95.3885,0.109326
202.5,1,94.5225,0.109324
202,1,93.6565,0.109321
201.5,1,92.7905,0.109319
201,1,91.9244,0.109317
200.5,1,91.0584,0.109314
200,1,90.1924,0.109312
