x,y,z,b
500,1,609.808,0.106763
499.5,1,608.942,0.106717
499,1,608.076,0.106671
498.5,1,607.21,0.106625
498,1,606.344,0.106579
497.5,1,605.477,0.106532
497,1,604.611,0.106484
496.5,1,603.745,0.106434
496,1,602.879,0.106382
495.5,1,602.013,0.10633
495,1,601.147,0.106277
494.5,1,600.281,0.106223
494,1,599.415,0.10617
493.5,1,598.549,0.106114
493,1,597.683,0.106057
492.5,1,596.817,0.105999
492,1,595.951,0.105941
491.5,1,595.085,0.105882
491,1,594.219,0.105823
490.5,1,593.353,0.105763
490,1,592.487,0.105699
489.5,1,591.621,0.105635
489,1,590.755,0.105571
488.5,1,589.889,0.105505
488,1,589.023,0.105439
487.5,1,588.157,0.105372
487,1,587.291,0.105305
486.5,1,586.425,0.105236
486,1,585.559,0.105167
485.5,1,584.693,0.105097
485,1,583.827,0.105026
484.5,1,582.961,0.104955
484,1,582.095,0.104883
483.5,1,581.229,0.104808
483,1,580.363,0.104732
482.5,1,579.497,0.104656
482,1,578.631,0.104579
481.5,1,577.765,0.104502
481,1,576.899,0.104424
480.5,1,576.033,0.104346
480,1,575.167,0.104268
479.5,1,574.301,0.104189
479,1,573.435,0.10411
478.5,1,572.569,0.10403
478,1,571.703,0.103948
477.5,1,570.836,0.10387
477,1,569.97,0.103792
476.5,1,569.104,0.103714
476,1,568.238,0.103635
475.5,1,567.372,0.103556
475,1,566.506,0.103477
474.5,1,565.64,0.103405
474,1,564.774,0.103341
473.5,1,563.908,0.103278
473,1,563.042,0.103214
472.5,1,562.176,0.103152
472,1,561.31,0.103091
471.5,1,560.444,0.103033
471,1,559.578,0.103005
470.5,1,558.712,0.102979
470,1,557.846,0.102955
469.5,1,556.98,0.102933
469,1,556.114,0.102912
468.5,1,555.248,0.102893
468,1,554.382,0.102909
467.5,1,553.516,0.102936
467,1,552.65,0.102974
466.5,1,551.784,0.103018
466,1,550.918,0.103069
465.5,1,550.052,0.103125
465,1,549.186,0.103223
464.5,1,548.32,0.103364
464,1,547.454,0.103514
463.5,1,546.588,0.103673
463,1,545.722,0.103841
462.5,1,544.856,0.104018
462,1,543.99,0.104232
461.5,1,543.124,0.104589
461,1,542.258,0.104972
460.5,1,541.392,0.10538
460,1,540.526,0.105814
459.5,1,539.66,0.106274
459,1,538.794,0.106759
458.5,1,537.928,0.107416
458,1,537.061,0.108134
457.5,1,536.195,0.10889
457,1,535.329,0.109684
456.5,1,534.463,0.110562
456,1,533.597,0.111607
455.5,1,532.731,0.112811
455,1,531.865,0.114154
454.5,1,530.999,0.115553
454,1,530.133,0.117007
453.5,1,529.267,0.118517
453,1,528.401,0.120082
452.5,1,527.535,0.121706
452,1,526.669,0.123384
451.5,1,525.803,0.125096
451,1,524.937,0.126867
450.5,1,524.071,0.128707
450,1,523.205,0.130553
449.5,1,522.339,0.132406
449,1,521.473,0.134142
448.5,1,520.607,0.135871
448,1,519.741,0.137606
447.5,1,518.875,0.139345
447,1,518.009,0.141089
446.5,1,517.143,0.142838
446,1,516.277,0.144573
445.5,1,515.411,0.146312
445,1,514.545,0.148078
444.5,1,513.679,0.149876
444,1,512.813,0.151705
443.5,1,511.947,0.153565
443,1,511.081,0.155442
442.5,1,510.215,0.157307
442,1,509.349,0.159197
441.5,1,508.483,0.161111
441,1,507.617,0.163048
440.5,1,506.751,0.16501
440,1,505.885,0.166928
439.5,1,505.019,0.168462
439,1,504.153,0.169952
438.5,1,503.286,0.171407
438,1,502.42,0.172826
437.5,1,501.554,0.174211
437,1,500.688,0.17556
436.5,1,499.822,0.176602
436,1,498.956,0.177456
435.5,1,498.09,0.178262
435,1,497.224,0.179019
434.5,1,496.358,0.179474
434,1,495.492,0.179684
433.5,1,494.626,0.179844
433,1,493.76,0.17994
432.5,1,492.894,0.180062
432,1,492.028,0.180208
431.5,1,491.162,0.18038
431,1,490.296,0.180576
430.5,1,489.43,0.180795
430,1,488.564,0.180905
429.5,1,487.698,0.181018
429,1,486.832,0.180938
428.5,1,485.966,0.180767
428,1,485.1,0.18065
427.5,1,484.234,0.180585
427,1,483.368,0.180614
426.5,1,482.502,0.180705
426,1,481.636,0.18084
425.5,1,480.77,0.181019
425,1,479.904,0.181242
424.5,1,479.038,0.18151
424,1,478.172,0.182138
423.5,1,477.306,0.183053
423,1,476.44,0.183975
422.5,1,475.574,0.185055
422,1,474.708,0.186293
421.5,1,473.842,0.187689
421,1,472.976,0.189308
420.5,1,472.11,0.191727
420,1,471.244,0.194153
419.5,1,470.378,0.196587
419,1,469.512,0.199027
418.5,1,468.645,0.201475
418,1,467.779,0.202858
417.5,1,466.913,0.203568
417,1,466.047,0.20428
416.5,1,465.181,0.205073
416,1,464.315,0.205948
415.5,1,463.449,0.206904
415,1,462.583,0.207941
414.5,1,461.717,0.208671
414,1,460.851,0.209121
413.5,1,459.985,0.209803
413,1,459.119,0.210715
412.5,1,458.253,0.211411
412,1,457.387,0.212142
411.5,1,456.521,0.212825
411,1,455.655,0.212398
410.5,1,454.789,0.212089
410,1,453.923,0.211897
409.5,1,453.057,0.211824
409,1,452.191,0.211869
408.5,1,451.325,0.212032
408,1,450.459,0.209814
407.5,1,449.593,0.206989
407,1,448.727,0.203118
406.5,1,447.861,0.199047
406,1,446.995,0.194959
405.5,1,446.129,0.190854
405,1,445.263,0.186818
404.5,1,444.397,0.183064
404,1,443.531,0.179577
403.5,1,442.665,0.176358
403,1,441.799,0.173407
402.5,1,440.933,0.170724
402,1,440.067,0.168637
401.5,1,439.201,0.168275
401,1,438.335,0.16807
400.5,1,437.469,0.168004
400,1,436.603,0.168077
399.5,1,435.737,0.168288
399,1,434.87,0.16864
398.5,1,434.004,0.169973
398,1,433.138,0.171551
397.5,1,432.272,0.173257
397,1,431.406,0.175091
396.5,1,430.54,0.177052
396,1,429.674,0.179205
395.5,1,428.808,0.180897
395,1,427.942,0.182255
394.5,1,427.076,0.183686
394,1,426.21,0.185192
393.5,1,425.344,0.186772
393,1,424.478,0.188426
392.5,1,423.612,0.190235
392,1,422.746,0.192189
391.5,1,421.88,0.193941
391,1,421.014,0.195487
390.5,1,420.148,0.196692
390,1,419.282,0.197651
389.5,1,418.416,0.198364
389,1,417.55,0.200389
388.5,1,416.684,0.202029
388,1,415.818,0.203169
387.5,1,414.952,0.203807
387,1,414.086,0.203944
386.5,1,413.22,0.203579
386,1,412.354,0.200898
385.5,1,411.488,0.197232
385,1,410.622,0.19417
384.5,1,409.756,0.191285
384,1,408.89,0.188576
383.5,1,408.024,0.186044
383,1,407.158,0.183539
382.5,1,406.292,0.180971
382,1,405.426,0.178734
381.5,1,404.56,0.176828
381,1,403.694,0.175254
380.5,1,402.828,0.174012
380,1,401.962,0.173172
379.5,1,401.095,0.175057
379,1,400.229,0.177104
378.5,1,399.363,0.179291
378,1,398.497,0.181618
377.5,1,397.631,0.184087
377,1,396.765,0.186696
376.5,1,395.899,0.188474
376,1,395.033,0.189723
375.5,1,394.167,0.190872
375,1,393.301,0.191921
374.5,1,392.435,0.192759
374,1,391.569,0.193188
373.5,1,390.703,0.192977
373,1,389.837,0.191588
372.5,1,388.971,0.190208
372,1,388.105,0.188839
371.5,1,387.239,0.187478
371,1,386.373,0.186128
370.5,1,385.507,0.184644
370,1,384.641,0.180057
369.5,1,383.775,0.175245
369,1,382.909,0.170344
368.5,1,382.043,0.165765
368,1,381.177,0.161263
367.5,1,380.311,0.156837
367,1,379.445,0.154551
366.5,1,378.579,0.153184
366,1,377.713,0.151988
365.5,1,376.847,0.150965
365,1,375.981,0.150114
364.5,1,375.115,0.149435
364,1,374.249,0.151017
363.5,1,373.383,0.156866
363,1,372.517,0.164853
362.5,1,371.651,0.173131
362,1,370.785,0.181699
361.5,1,369.919,0.190558
361,1,369.053,0.199418
360.5,1,368.187,0.205776
360,1,367.321,0.212006
359.5,1,366.454,0.218105
359,1,365.588,0.224076
358.5,1,364.722,0.229917
358,1,363.856,0.23496
357.5,1,362.99,0.236952
357,1,362.124,0.239398
356.5,1,361.258,0.243021
356,1,360.392,0.247821
355.5,1,359.526,0.253798
355,1,358.66,0.260952
354.5,1,357.794,0.270262
354,1,356.928,0.283499
353.5,1,356.062,0.300162
353,1,355.196,0.320252
352.5,1,354.33,0.334434
352,1,353.464,0.336997
351.5,1,352.598,0.33151
351,1,351.732,0.299511
350.5,1,350.866,0.27353
350,1,350,0.253567
349.5,1,349.134,0.239621
349,1,348.268,0.231694
348.5,1,347.402,0.229785
348,1,346.536,0.242298
347.5,1,345.67,0.254568
347,1,344.804,0.261345
346.5,1,343.938,0.264847
346,1,343.072,0.2683
345.5,1,342.206,0.271703
345,1,341.34,0.276086
344.5,1,340.474,0.280945
344,1,339.608,0.285237
343.5,1,338.742,0.288961
343,1,337.876,0.292118
342.5,1,337.01,0.294708
342,1,336.144,0.296803
341.5,1,335.278,0.299577
341,1,334.412,0.302439
340.5,1,333.546,0.30503
340,1,332.679,0.30735
339.5,1,331.813,0.309399
339,1,330.947,0.311177
338.5,1,330.081,0.312215
338,1,329.215,0.313517
337.5,1,328.349,0.315168
337,1,327.483,0.31717
336.5,1,326.617,0.31952
336,1,325.751,0.321966
335.5,1,324.885,0.322817
335,1,324.019,0.32274
334.5,1,323.153,0.32282
334,1,322.287,0.323059
333.5,1,321.421,0.323456
333,1,320.555,0.324011
332.5,1,319.689,0.323685
332,1,318.823,0.321102
331.5,1,317.957,0.319326
331,1,317.091,0.318358
330.5,1,316.225,0.317119
330,1,315.359,0.315799
329.5,1,314.493,0.314745
329,1,313.627,0.305963
328.5,1,312.761,0.297732
328,1,311.895,0.290453
327.5,1,311.029,0.284126
327,1,310.163,0.278752
326.5,1,309.297,0.27433
326,1,308.431,0.263316
325.5,1,307.565,0.247658
325,1,306.699,0.230841
324.5,1,305.833,0.213864
324,1,304.967,0.196939
323.5,1,304.101,0.180068
323,1,303.235,0.166677
322.5,1,302.369,0.159907
322,1,301.503,0.15233
321.5,1,300.637,0.143947
321,1,299.771,0.134757
320.5,1,298.905,0.124762
320,1,298.038,0.114053
319.5,1,297.172,0.112883
319,1,296.306,0.111514
318.5,1,295.44,0.109842
318,1,294.574,0.107868
317.5,1,293.708,0.105591
317,1,292.842,0.10301
316.5,1,291.976,0.101817
316,1,291.11,0.101273
315.5,1,290.244,0.100672
315,1,289.378,0.100017
314.5,1,288.512,0.0993054
314,1,287.646,0.0985739
313.5,1,286.78,0.0980565
313,1,285.914,0.0979992
312.5,1,285.048,0.0979178
312,1,284.182,0.0978123
311.5,1,283.316,0.0976826
311,1,282.45,0.0975288
310.5,1,281.584,0.097388
310,1,280.718,0.0977639
309.5,1,279.852,0.0981313
309,1,278.986,0.0984905
308.5,1,278.12,0.0988623
308,1,277.254,0.0992289
307.5,1,276.388,0.0995896
307,1,275.522,0.0999565
306.5,1,274.656,0.100329
306,1,273.79,0.100704
305.5,1,272.924,0.101083
305,1,272.058,0.101464
304.5,1,271.192,0.101848
304,1,270.326,0.102172
303.5,1,269.46,0.102419
303,1,268.594,0.102679
302.5,1,267.728,0.102939
302,1,266.862,0.1032
301.5,1,265.996,0.103461
301,1,265.13,0.103716
300.5,1,264.263,0.103923
300,1,263.397,0.104131
299.5,1,262.531,0.10434
299,1,261.665,0.104549
298.5,1,260.799,0.104759
298,1,259.933,0.10497
297.5,1,259.067,0.105156
297,1,258.201,0.105333
296.5,1,257.335,0.10551
296,1,256.469,0.105687
295.5,1,255.603,0.105863
295,1,254.737,0.106038
294.5,1,253.871,0.106196
294,1,253.005,0.106337
293.5,1,252.139,0.106477
293,1,251.273,0.106617
292.5,1,250.407,0.106757
292,1,249.541,0.1069
291.5,1,248.675,0.107037
291,1,247.809,0.107152
290.5,1,246.943,0.107265
290,1,246.077,0.107378
289.5,1,245.211,0.10749
289,1,244.345,0.107602
288.5,1,243.479,0.107713
288,1,242.613,0.107806
287.5,1,241.747,0.107894
287,1,240.881,0.107983
286.5,1,240.015,0.108073
286,1,239.149,0.108162
285.5,1,238.283,0.108251
285,1,237.417,0.10833
284.5,1,236.551,0.108401
284,1,235.685,0.108471
283.5,1,234.819,0.108542
283,1,233.953,0.108611
282.5,1,233.087,0.10868
282,1,232.221,0.108745
281.5,1,231.355,0.1088
281,1,230.488,0.108854
280.5,1,229.622,0.108908
280,1,228.756,0.108962
279.5,1,227.89,0.109015
279,1,227.024,0.109067
278.5,1,226.158,0.109111
278,1,225.292,0.109153
277.5,1,224.426,0.109194
277,1,223.56,0.109235
276.5,1,222.694,0.109276
276,1,221.828,0.109317
275.5,1,220.962,0.109352
275,1,220.096,0.109383
274.5,1,219.23,0.109414
274,1,218.364,0.109444
273.5,1,217.498,0.109474
273,1,216.632,0.109504
272.5,1,215.766,0.109532
272,1,214.9,0.109555
271.5,1,214.034,0.109578
271,1,213.168,0.109601
270.5,1,212.302,0.109623
270,1,211.436,0.109645
269.5,1,210.57,0.109668
269,1,209.704,0.109684
268.5,1,208.838,0.109699
268,1,207.972,0.109715
267.5,1,207.106,0.10973
267,1,206.24,0.109745
266.5,1,205.374,0.10976
266,1,204.508,0.109773
265.5,1,203.642,0.109784
265,1,202.776,0.109795
264.5,1,201.91,0.109806
264,1,201.044,0.109816
263.5,1,200.178,0.109827
263,1,199.312,0.109836
262.5,1,198.446,0.109843
262,1,197.58,0.109849
261.5,1,196.714,0.109855
261,1,195.847,0.109862
260.5,1,194.981,0.109868
260,1,194.115,0.109874
259.5,1,193.249,0.109878
259,1,192.383,0.109881
258.5,1,191.517,0.109885
258,1,190.651,0.109889
257.5,1,189.785,0.109893
257,1,188.919,0.109896
256.5,1,188.053,0.109898
256,1,187.187,0.109899
255.5,1,186.321,0.1099
255,1,185.455,0.1099
254.5,1,184.589,0.109901
254,1,183.723,0.109902
253.5,1,182.857,0.109902
253,1,181.991,0.109902
252.5,1,181.125,0.109902
252,1,180.259,0.109902
251.5,1,179.393,0.109901
251,1,178.527,0.109901
250.5,1,177.661,0.1099
250,1,176.795,0.109898
249.5,1,175.929,0.109896
249,1,175.063,0.109894
248.5,1,174.197,0.109892
248,1,173.331,0.10989
247.5,1,172.465,0.109888
247,1,171.599,0.109886
246.5,1,170.733,0.109883
246,1,169.867,0.10988
245.5,1,169.001,0.109878
245,1,168.135,0.109875
244.5,1,167.269,0.109873
244,1,166.403,0.109869
243.5,1,165.537,0.109866
243,1,164.671,0.109862
242.5,1,163.805,0.109858
242,1,162.939,0.109854
241.5,1,162.072,0.109851
241,1,161.206,0.109847
240.5,1,160.34,0.109843
240,1,159.474,0.109839
239.5,1,158.608,0.109836
239,1,157.742,0.109832
238.5,1,156.876,0.109828
238,1,156.01,0.109824
237.5,1,155.144,0.10982
237,1,154.278,0.109815
236.5,1,153.412,0.109811
236,1,152.546,0.109807
235.5,1,151.68,0.109803
235,1,150.814,0.109798
234.5,1,149.948,0.109794
234,1,149.082,0.109789
233.5,1,148.216,0.109785
233,1,147.35,0.109781
232.5,1,146.484,0.109776
232,1,145.618,0.109772
231.5,1,144.752,0.109768
231,1,143.886,0.109763
230.5,1,143.02,0.109759
230,1,142.154,0.109754
229.5,1,141.288,0.10975
229,1,140.422,0.109745
228.5,1,139.556,0.109741
228,1,138.69,0.109736
227.5,1,137.824,0.109731
227,1,136.958,0.109727
226.5,1,136.092,0.109722
226,1,135.226,0.109718
225.5,1,134.36,0.109713
225,1,133.494,0.109709
224.5,1,132.628,0.109704
224,1,131.762,0.109699
223.5,1,130.896,0.109695
223,1,130.03,0.10969
222.5,1,129.164,0.109685
222,1,128.297,0.109681
221.5,1,127.431,0.109676
221,1,126.565,0.109672
220.5,1,125.699,0.109667
220,1,124.833,0.109663
219.5,1,123.967,0.109658
219,1,123.101,0.109654
218.5,1,122.235,0.109649
218,1,121.369,0.109645
217.5,1,120.503,0.10964
217,1,119.637,0.109636
216.5,1,118.771,0.109631
216,1,117.905,0.109627
215.5,1,117.039,0.109622
215,1,116.173,0.109618
214.5,1,115.307,0.109613
214,1,114.441,0.109609
213.5,1,113.575,0.109604
213,1,112.709,0.1096
212.5,1,111.843,0.109595
212,1,110.977,0.109591
211.5,1,110.111,0.109586
211,1,109.245,0.109582
210.5,1,108.379,0.109578
210,1,107.513,0.109573
209.5,1,106.647,0.109569
209,1,105.781,0.109564
208.5,1,104.915,0.10956
208,1,104.049,0.109555
207.5,1,103.183,0.109551
207,1,102.317,0.109546
206.5,1,101.451,0.109541
206,1,100.585,0.109537
205.5,1,99.7187,0.109533
205,1,98.8526,0.10953
204.5,1,97.9866,0.109526
204,1,97.1206,0.109522
203.5,1,96.2546,0.109518
203,1,95.3885,0.109514
202.5,1,94.5225,0.109509
202,1,93.6565,0.109504
201.5,1,92.7905,0.109499
201,1,91.9244,0.109495
200.5,1,91.0584,0.10949
200,1,90.1924,0.109485
