x,y,z,b
500,1,609.808,0.112945
499.5,1,608.942,0.113044
499,1,608.076,0.113143
498.5,1,607.21,0.113243
498,1,606.344,0.113344
497.5,1,605.477,0.113447
497,1,604.611,0.11355
496.5,1,603.745,0.113655
496,1,602.879,0.113761
495.5,1,602.013,0.113868
495,1,601.147,0.113976
494.5,1,600.281,0.114085
494,1,599.415,0.114195
493.5,1,598.549,0.114301
493,1,597.683,0.114394
492.5,1,596.817,0.114489
492,1,595.951,0.114585
491.5,1,595.085,0.114682
491,1,594.219,0.11478
490.5,1,593.353,0.11488
490,1,592.487,0.114992
489.5,1,591.621,0.115105
489,1,590.755,0.115219
488.5,1,589.889,0.115336
488,1,589.023,0.115454
487.5,1,588.157,0.115573
487,1,587.291,0.115689
486.5,1,586.425,0.115805
486,1,585.559,0.115924
485.5,1,584.693,0.116044
485,1,583.827,0.116167
484.5,1,582.961,0.116292
484,1,582.095,0.116421
483.5,1,581.229,0.116557
483,1,580.363,0.116697
482.5,1,579.497,0.11684
482,1,578.631,0.116987
481.5,1,577.765,0.117138
481,1,576.899,0.117294
480.5,1,576.033,0.117469
480,1,575.167,0.11765
479.5,1,574.301,0.117836
479,1,573.435,0.118028
478.5,1,572.569,0.118225
478,1,571.703,0.11843
477.5,1,570.836,0.118689
477,1,569.97,0.118973
476.5,1,569.104,0.119267
476,1,568.238,0.119569
475.5,1,567.372,0.119881
475,1,566.506,0.120201
474.5,1,565.64,0.120571
474,1,564.774,0.121006
473.5,1,563.908,0.121454
473,1,563.042,0.121913
472.5,1,562.176,0.12238
472,1,561.31,0.122859
471.5,1,560.444,0.123364
471,1,559.578,0.123993
470.5,1,558.712,0.124638
470,1,557.846,0.125298
469.5,1,556.98,0.125974
469,1,556.114,0.126666
468.5,1,555.248,0.127373
468,1,554.382,0.128193
467.5,1,553.516,0.129047
467,1,552.65,0.129866
466.5,1,551.784,0.130696
466,1,550.918,0.131536
465.5,1,550.052,0.132386
465,1,549.186,0.133333
464.5,1,548.32,0.134381
464,1,547.454,0.135441
463.5,1,546.588,0.136514
463,1,545.722,0.137598
462.5,1,544.856,0.138695
462,1,543.99,0.139733
461.5,1,543.124,0.140481
461,1,542.258,0.141232
460.5,1,541.392,0.141986
460,1,540.526,0.142742
459.5,1,539.66,0.143501
459,1,538.794,0.144263
458.5,1,537.928,0.144795
458,1,537.061,0.145294
457.5,1,536.195,0.145799
457,1,535.329,0.14631
456.5,1,534.463,0.146803
456,1,533.597,0.147248
455.5,1,532.731,0.147756
455,1,531.865,0.148324
454.5,1,530.999,0.148908
454,1,530.133,0.149506
453.5,1,529.267,0.15012
453,1,528.401,0.15075
452.5,1,527.535,0.15148
452,1,526.669,0.152521
451.5,1,525.803,0.15359
451,1,524.937,0.154612
450.5,1,524.071,0.155501
450,1,523.205,0.156395
449.5,1,522.339,0.157294
449,1,521.473,0.158301
448.5,1,520.607,0.159335
448,1,519.741,0.160385
447.5,1,518.875,0.161452
447,1,518.009,0.162537
446.5,1,517.143,0.163639
446,1,516.277,0.164529
445.5,1,515.411,0.165133
445,1,514.545,0.165533
444.5,1,513.679,0.165929
444,1,512.813,0.166319
443.5,1,511.947,0.166706
443,1,511.081,0.167005
442.5,1,510.215,0.167096
442,1,509.349,0.167186
441.5,1,508.483,0.167274
441,1,507.617,0.167361
440.5,1,506.751,0.167447
440,1,505.885,0.167505
439.5,1,505.019,0.16751
439,1,504.153,0.167533
438.5,1,503.286,0.167574
438,1,502.42,0.167634
437.5,1,501.554,0.167711
437,1,500.688,0.167808
436.5,1,499.822,0.167845
436,1,498.956,0.167836
435.5,1,498.09,0.167815
435,1,497.224,0.167783
434.5,1,496.358,0.167721
434,1,495.492,0.167644
433.5,1,494.626,0.167465
433,1,493.76,0.167071
432.5,1,492.894,0.166666
432,1,492.028,0.166248
431.5,1,491.162,0.165819
431,1,490.296,0.165377
430.5,1,489.43,0.164917
430,1,488.564,0.164215
429.5,1,487.698,0.163474
429,1,486.832,0.16274
428.5,1,485.966,0.162049
428,1,485.1,0.161384
427.5,1,484.234,0.160744
427,1,483.368,0.160164
426.5,1,482.502,0.159616
426,1,481.636,0.159086
425.5,1,480.77,0.158573
425,1,479.904,0.158077
424.5,1,479.038,0.1576
424,1,478.172,0.15722
423.5,1,477.306,0.156947
423,1,476.44,0.156699
422.5,1,475.574,0.156498
422,1,474.708,0.156345
421.5,1,473.842,0.15624
421,1,472.976,0.156204
420.5,1,472.11,0.156458
420,1,471.244,0.156748
419.5,1,470.378,0.157073
419,1,469.512,0.157433
418.5,1,468.645,0.157828
418,1,467.779,0.158143
417.5,1,466.913,0.158514
417,1,466.047,0.158929
416.5,1,465.181,0.159364
416,1,464.315,0.159819
415.5,1,463.449,0.160293
415,1,462.583,0.160788
414.5,1,461.717,0.161304
414,1,460.851,0.161856
413.5,1,459.985,0.162449
413,1,459.119,0.163081
412.5,1,458.253,0.163863
412,1,457.387,0.164733
411.5,1,456.521,0.165642
411,1,455.655,0.166485
410.5,1,454.789,0.167398
410,1,453.923,0.168383
409.5,1,453.057,0.169439
409,1,452.191,0.170566
408.5,1,451.325,0.171764
408,1,450.459,0.17285
407.5,1,449.593,0.173975
407,1,448.727,0.175175
406.5,1,447.861,0.176437
406,1,446.995,0.177761
405.5,1,446.129,0.179145
405,1,445.263,0.180183
404.5,1,444.397,0.18085
404,1,443.531,0.181529
403.5,1,442.665,0.182221
403,1,441.799,0.182925
402.5,1,440.933,0.183643
402,1,440.067,0.184409
401.5,1,439.201,0.185315
401,1,438.335,0.186201
400.5,1,437.469,0.187068
400,1,436.603,0.187915
399.5,1,435.737,0.188744
399,1,434.87,0.189553
398.5,1,434.004,0.189099
398,1,433.138,0.188524
397.5,1,432.272,0.188005
397,1,431.406,0.187541
396.5,1,430.54,0.187132
396,1,429.674,0.186739
395.5,1,428.808,0.186087
395,1,427.942,0.185084
394.5,1,427.076,0.183937
394,1,426.21,0.182646
393.5,1,425.344,0.181212
393,1,424.478,0.179634
392.5,1,423.612,0.177713
392,1,422.746,0.175119
391.5,1,421.88,0.172494
391,1,421.014,0.169837
390.5,1,420.148,0.167175
390,1,419.282,0.16449
389.5,1,418.416,0.16178
389,1,417.55,0.158562
388.5,1,416.684,0.155271
388,1,415.818,0.151941
387.5,1,414.952,0.148572
387,1,414.086,0.145163
386.5,1,413.22,0.141714
386,1,412.354,0.140004
385.5,1,411.488,0.139373
385,1,410.622,0.138803
384.5,1,409.756,0.138197
384,1,408.89,0.137555
383.5,1,408.024,0.136878
383,1,407.158,0.136621
382.5,1,406.292,0.137364
382,1,405.426,0.138064
381.5,1,404.56,0.138723
381,1,403.694,0.13934
380.5,1,402.828,0.139914
380,1,401.962,0.140454
379.5,1,401.095,0.141082
379,1,400.229,0.141654
378.5,1,399.363,0.142169
378,1,398.497,0.142628
377.5,1,397.631,0.14303
377,1,396.765,0.143376
376.5,1,395.899,0.143275
376,1,395.033,0.143008
375.5,1,394.167,0.142778
375,1,393.301,0.142583
374.5,1,392.435,0.142464
374,1,391.569,0.142606
373.5,1,390.703,0.143221
373,1,389.837,0.14454
372.5,1,388.971,0.146038
372,1,388.105,0.147713
371.5,1,387.239,0.149565
371,1,386.373,0.151596
370.5,1,385.507,0.153809
370,1,384.641,0.156295
369.5,1,383.775,0.158961
369,1,382.909,0.161846
368.5,1,382.043,0.164976
368,1,381.177,0.16823
367.5,1,380.311,0.171608
367,1,379.445,0.174242
366.5,1,378.579,0.176685
366,1,377.713,0.179257
365.5,1,376.847,0.181957
365,1,375.981,0.184787
364.5,1,375.115,0.187745
364,1,374.249,0.189588
363.5,1,373.383,0.189729
363,1,372.517,0.189796
362.5,1,371.651,0.190025
362,1,370.785,0.190416
361.5,1,369.919,0.190968
361,1,369.053,0.191481
360.5,1,368.187,0.190628
360,1,367.321,0.190385
359.5,1,366.454,0.190754
359,1,365.588,0.191734
358.5,1,364.722,0.193325
358,1,363.856,0.195146
357.5,1,362.99,0.19414
357,1,362.124,0.192793
356.5,1,361.258,0.191871
356,1,360.392,0.191373
355.5,1,359.526,0.191301
355,1,358.66,0.191653
354.5,1,357.794,0.204063
354,1,356.928,0.231597
353.5,1,356.062,0.261856
353,1,355.196,0.29484
352.5,1,354.33,0.321972
352,1,353.464,0.336886
351.5,1,352.598,0.34298
351,1,351.732,0.32453
350.5,1,350.866,0.307861
350,1,350,0.292971
349.5,1,349.134,0.279862
349,1,348.268,0.268533
348.5,1,347.402,0.258984
348,1,346.536,0.253607
347.5,1,345.67,0.250608
347,1,344.804,0.251649
346.5,1,343.938,0.254934
346,1,343.072,0.258139
345.5,1,342.206,0.261264
345,1,341.34,0.262325
344.5,1,340.474,0.261452
344,1,339.608,0.260399
343.5,1,338.742,0.259165
343,1,337.876,0.25775
342.5,1,337.01,0.256154
342,1,336.144,0.25389
341.5,1,335.278,0.248834
341,1,334.412,0.243308
340.5,1,333.546,0.237926
340,1,332.679,0.232688
339.5,1,331.813,0.227595
339,1,330.947,0.222646
338.5,1,330.081,0.220469
338,1,329.215,0.218812
337.5,1,328.349,0.217382
337,1,327.483,0.216181
336.5,1,326.617,0.215206
336,1,325.751,0.214508
335.5,1,324.885,0.214458
335,1,324.019,0.214879
334.5,1,323.153,0.215404
334,1,322.287,0.216034
333.5,1,321.421,0.21677
333,1,320.555,0.21761
332.5,1,319.689,0.218095
332,1,318.823,0.217339
331.5,1,317.957,0.216537
331,1,317.091,0.215688
330.5,1,316.225,0.214668
330,1,315.359,0.213623
329.5,1,314.493,0.212615
329,1,313.627,0.213618
328.5,1,312.761,0.214549
328,1,311.895,0.21531
327.5,1,311.029,0.215899
327,1,310.163,0.216316
326.5,1,309.297,0.216563
326,1,308.431,0.216106
325.5,1,307.565,0.215392
325,1,306.699,0.215365
324.5,1,305.833,0.21561
324,1,304.967,0.21596
323.5,1,304.101,0.216416
323,1,303.235,0.21668
322.5,1,302.369,0.216279
322,1,301.503,0.215755
321.5,1,300.637,0.215109
321,1,299.771,0.214341
320.5,1,298.905,0.213451
320,1,298.038,0.212435
319.5,1,297.172,0.211077
319,1,296.306,0.20976
318.5,1,295.44,0.208477
318,1,294.574,0.207228
317.5,1,293.708,0.206012
317,1,292.842,0.20483
316.5,1,291.976,0.203199
316,1,291.11,0.201282
315.5,1,290.244,0.199271
315,1,289.378,0.197167
314.5,1,288.512,0.19497
314,1,287.646,0.193852
313.5,1,286.78,0.193162
313,1,285.914,0.192757
312.5,1,285.048,0.192374
312,1,284.182,0.192014
311.5,1,283.316,0.191675
311,1,282.45,0.191359
310.5,1,281.584,0.191057
310,1,280.718,0.190605
309.5,1,279.852,0.190053
309,1,278.986,0.189399
308.5,1,278.12,0.189173
308,1,277.254,0.189103
307.5,1,276.388,0.189177
307,1,275.522,0.189698
306.5,1,274.656,0.190342
306,1,273.79,0.190988
305.5,1,272.924,0.191636
305,1,272.058,0.192288
304.5,1,271.192,0.192943
304,1,270.326,0.193696
303.5,1,269.46,0.194477
303,1,268.594,0.194635
302.5,1,267.728,0.194736
302,1,266.862,0.194782
301.5,1,265.996,0.194772
301,1,265.13,0.194719
300.5,1,264.263,0.194672
300,1,263.397,0.194491
299.5,1,262.531,0.194178
299,1,261.665,0.193732
298.5,1,260.799,0.193152
298,1,259.933,0.192363
297.5,1,259.067,0.19086
297,1,258.201,0.189408
296.5,1,257.335,0.187994
296,1,256.469,0.186617
295.5,1,255.603,0.185277
295,1,254.737,0.183974
294.5,1,253.871,0.182678
294,1,253.005,0.181317
293.5,1,252.139,0.179896
293,1,251.273,0.178417
292.5,1,250.407,0.176737
292,1,249.541,0.174266
291.5,1,248.675,0.171766
291,1,247.809,0.169153
290.5,1,246.943,0.166536
290,1,246.077,0.163915
289.5,1,245.211,0.16129
289,1,244.345,0.15866
288.5,1,243.479,0.156027
288,1,242.613,0.153246
287.5,1,241.747,0.150456
287,1,240.881,0.147808
286.5,1,240.015,0.145621
286,1,239.149,0.143457
285.5,1,238.283,0.141316
285,1,237.417,0.139148
284.5,1,236.551,0.136975
284,1,235.685,0.13484
283.5,1,234.819,0.132745
283,1,233.953,0.130689
282.5,1,233.087,0.128672
282,1,232.221,0.126694
281.5,1,231.355,0.124851
281,1,230.488,0.123284
280.5,1,229.622,0.121749
280,1,228.756,0.120247
279.5,1,227.89,0.118778
279,1,227.024,0.117341
278.5,1,226.158,0.11601
278,1,225.292,0.114724
277.5,1,224.426,0.113475
277,1,223.56,0.112264
276.5,1,222.694,0.11109
276,1,221.828,0.110005
275.5,1,220.962,0.109125
275,1,220.096,0.108322
274.5,1,219.23,0.10754
274,1,218.364,0.10678
273.5,1,217.498,0.106041
273,1,216.632,0.105324
272.5,1,215.766,0.104672
272,1,214.9,0.104146
271.5,1,214.034,0.10364
271,1,213.168,0.103153
270.5,1,212.302,0.102705
270,1,211.436,0.102302
269.5,1,210.57,0.101912
269,1,209.704,0.101669
268.5,1,208.838,0.10144
268,1,207.972,0.101222
267.5,1,207.106,0.101014
267,1,206.24,0.100817
266.5,1,205.374,0.10063
266,1,204.508,0.100519
265.5,1,203.642,0.10045
265,1,202.776,0.100393
264.5,1,201.91,0.100349
264,1,201.044,0.100309
263.5,1,200.178,0.100276
263,1,199.312,0.100271
262.5,1,198.446,0.100315
262,1,197.58,0.100364
261.5,1,196.714,0.100417
261,1,195.847,0.100475
260.5,1,194.981,0.100538
260,1,194.115,0.100607
259.5,1,193.249,0.100719
259,1,192.383,0.100834
258.5,1,191.517,0.100951
258,1,190.651,0.101068
257.5,1,189.785,0.101186
257,1,188.919,0.101304
256.5,1,188.053,0.101431
256,1,187.187,0.10156
255.5,1,186.321,0.10169
255,1,185.455,0.10182
254.5,1,184.589,0.10195
254,1,183.723,0.102081
253.5,1,182.857,0.102213
253,1,181.991,0.102346
252.5,1,181.125,0.102479
252,1,180.259,0.102611
251.5,1,179.393,0.102743
251,1,178.527,0.102874
250.5,1,177.661,0.103005
250,1,176.795,0.103131
249.5,1,175.929,0.103256
249,1,175.063,0.103381
248.5,1,174.197,0.103505
248,1,173.331,0.103629
247.5,1,172.465,0.103752
247,1,171.599,0.10387
246.5,1,170.733,0.103986
246,1,169.867,0.104101
245.5,1,169.001,0.104215
245,1,168.135,0.104328
244.5,1,167.269,0.104441
244,1,166.403,0.104549
243.5,1,165.537,0.104653
243,1,164.671,0.104756
242.5,1,163.805,0.104858
242,1,162.939,0.104959
241.5,1,162.072,0.10506
241,1,161.206,0.105159
240.5,1,160.34,0.10525
240,1,159.474,0.105341
239.5,1,158.608,0.105431
239,1,157.742,0.10552
238.5,1,156.876,0.105608
238,1,156.01,0.105696
237.5,1,155.144,0.105777
237,1,154.278,0.105857
236.5,1,153.412,0.105935
236,1,152.546,0.106013
235.5,1,151.68,0.106091
235,1,150.814,0.106168
234.5,1,149.948,0.10624
234,1,149.082,0.106309
233.5,1,148.216,0.106378
233,1,147.35,0.106446
232.5,1,146.484,0.106513
232,1,145.618,0.10658
231.5,1,144.752,0.106645
231,1,143.886,0.106704
230.5,1,143.02,0.106763
230,1,142.154,0.106821
229.5,1,141.288,0.106879
229,1,140.422,0.106937
228.5,1,139.556,0.106993
228,1,138.69,0.107045
227.5,1,137.824,0.107096
227,1,136.958,0.107146
226.5,1,136.092,0.107196
226,1,135.226,0.107245
225.5,1,134.36,0.107294
225,1,133.494,0.10734
224.5,1,132.628,0.107383
224,1,131.762,0.107426
223.5,1,130.896,0.107468
223,1,130.03,0.10751
222.5,1,129.164,0.107552
222,1,128.297,0.107592
221.5,1,127.431,0.10763
221,1,126.565,0.107667
220.5,1,125.699,0.107704
220,1,124.833,0.10774
219.5,1,123.967,0.107777
219,1,123.101,0.107812
218.5,1,122.235,0.107845
218,1,121.369,0.107876
217.5,1,120.503,0.107908
217,1,119.637,0.107939
216.5,1,118.771,0.10797
216,1,117.905,0.108
215.5,1,117.039,0.108029
215,1,116.173,0.108056
214.5,1,115.307,0.108083
214,1,114.441,0.108109
213.5,1,113.575,0.108136
213,1,112.709,0.108162
212.5,1,111.843,0.108187
212,1,110.977,0.108208
211.5,1,110.111,0.10823
211,1,109.245,0.108251
210.5,1,108.379,0.108273
210,1,107.513,0.108294
209.5,1,106.647,0.108314
209,1,105.781,0.108334
208.5,1,104.915,0.108353
208,1,104.049,0.108372
207.5,1,103.183,0.108391
207,1,102.317,0.10841
206.5,1,101.451,0.108428
206,1,100.585,0.108446
205.5,1,99.7187,0.108463
205,1,98.8526,0.108479
204.5,1,97.9866,0.108496
204,1,97.1206,0.108513
203.5,1,96.2546,0.108529
203,1,95.3885,0.108544
202.5,1,94.5225,0.108557
202,1,93.6565,0.10857
201.5,1,92.7905,0.108583
201,1,91.9244,0.108596
200.5,1,91.0584,0.108608
200,1,90.1924,0.108621
