x,y,z,b
500,1,609.808,0.108678
499.5,1,608.942,0.108667
499,1,608.076,0.108656
498.5,1,607.21,0.108646
498,1,606.344,0.108635
497.5,1,605.477,0.108624
497,1,604.611,0.108613
496.5,1,603.745,0.108601
496,1,602.879,0.108589
495.5,1,602.013,0.108576
495,1,601.147,0.108563
494.5,1,600.281,0.108551
494,1,599.415,0.108538
493.5,1,598.549,0.108524
493,1,597.683,0.10851
492.5,1,596.817,0.108495
492,1,595.951,0.10848
491.5,1,595.085,0.108466
491,1,594.219,0.108451
490.5,1,593.353,0.108435
490,1,592.487,0.108418
489.5,1,591.621,0.108401
489,1,590.755,0.108384
488.5,1,589.889,0.108367
488,1,589.023,0.108349
487.5,1,588.157,0.108332
487,1,587.291,0.108312
486.5,1,586.425,0.108292
486,1,585.559,0.108272
485.5,1,584.693,0.108251
485,1,583.827,0.108231
484.5,1,582.961,0.10821
484,1,582.095,0.108188
483.5,1,581.229,0.108165
483,1,580.363,0.108141
482.5,1,579.497,0.108118
482,1,578.631,0.108094
481.5,1,577.765,0.108069
481,1,576.899,0.108045
480.5,1,576.033,0.108017
480,1,575.167,0.107989
479.5,1,574.301,0.10796
479,1,573.435,0.107932
478.5,1,572.569,0.107903
478,1,571.703,0.107874
477.5,1,570.836,0.107842
477,1,569.97,0.107809
476.5,1,569.104,0.107776
476,1,568.238,0.107742
475.5,1,567.372,0.107708
475,1,566.506,0.107674
474.5,1,565.64,0.107638
474,1,564.774,0.107598
473.5,1,563.908,0.107559
473,1,563.042,0.107519
472.5,1,562.176,0.107478
472,1,561.31,0.107437
471.5,1,560.444,0.107396
471,1,559.578,0.10735
470.5,1,558.712,0.107303
470,1,557.846,0.107256
469.5,1,556.98,0.107208
469,1,556.114,0.10716
468.5,1,555.248,0.107112
468,1,554.382,0.107058
467.5,1,553.516,0.107001
467,1,552.65,0.106945
466.5,1,551.784,0.106888
466,1,550.918,0.10683
465.5,1,550.052,0.106771
465,1,549.186,0.106709
464.5,1,548.32,0.106643
464,1,547.454,0.106576
463.5,1,546.588,0.106508
463,1,545.722,0.106439
462.5,1,544.856,0.10637
462,1,543.99,0.106299
461.5,1,543.124,0.10622
461,1,542.258,0.10614
460.5,1,541.392,0.106059
460,1,540.526,0.105977
459.5,1,539.66,0.105894
459,1,538.794,0.105811
458.5,1,537.928,0.105718
458,1,537.061,0.105622
457.5,1,536.195,0.105526
457,1,535.329,0.105428
456.5,1,534.463,0.10533
456,1,533.597,0.10523
455.5,1,532.731,0.105122
455,1,531.865,0.105008
454.5,1,530.999,0.104893
454,1,530.133,0.104776
453.5,1,529.267,0.104658
453,1,528.401,0.104539
452.5,1,527.535,0.104416
452,1,526.669,0.104281
451.5,1,525.803,0.104145
451,1,524.937,0.104007
450.5,1,524.071,0.103867
450,1,523.205,0.103726
449.5,1,522.339,0.103584
449,1,521.473,0.10343
448.5,1,520.607,0.103274
448,1,519.741,0.103116
447.5,1,518.875,0.102957
447,1,518.009,0.102797
446.5,1,517.143,0.102634
446,1,516.277,0.102464
445.5,1,515.411,0.102289
445,1,514.545,0.102113
444.5,1,513.679,0.101936
444,1,512.813,0.101757
443.5,1,511.947,0.101578
443,1,511.081,0.101397
442.5,1,510.215,0.101215
442,1,509.349,0.101033
441.5,1,508.483,0.10085
441,1,507.617,0.100667
440.5,1,506.751,0.100483
440,1,505.885,0.100299
439.5,1,505.019,0.100121
439,1,504.153,0.0999522
438.5,1,503.286,0.0997932
438,1,502.42,0.0996437
437.5,1,501.554,0.0995039
437,1,500.688,0.0993736
436.5,1,499.822,0.0993457
436,1,498.956,0.0993895
435.5,1,498.09,0.0994596
435,1,497.224,0.0995558
434.5,1,496.358,0.0997145
434,1,495.492,0.099924
433.5,1,494.626,0.10018
433,1,493.76,0.100527
432.5,1,492.894,0.100913
432,1,492.028,0.101338
431.5,1,491.162,0.101802
431,1,490.296,0.102305
430.5,1,489.43,0.102851
430,1,488.564,0.103605
429.5,1,487.698,0.104401
429,1,486.832,0.105421
428.5,1,485.966,0.106619
428,1,485.1,0.107872
427.5,1,484.234,0.109181
427,1,483.368,0.110607
426.5,1,482.502,0.112098
426,1,481.636,0.113625
425.5,1,480.77,0.115188
425,1,479.904,0.116788
424.5,1,479.038,0.118426
424,1,478.172,0.120115
423.5,1,477.306,0.121865
423,1,476.44,0.123571
422.5,1,475.574,0.125211
422,1,474.708,0.126786
421.5,1,473.842,0.128294
421,1,472.976,0.129766
420.5,1,472.11,0.131536
420,1,471.244,0.133324
419.5,1,470.378,0.135129
419,1,469.512,0.136951
418.5,1,468.645,0.138791
418,1,467.779,0.140551
417.5,1,466.913,0.142701
417,1,466.047,0.145086
416.5,1,465.181,0.147597
416,1,464.315,0.150233
415.5,1,463.449,0.152996
415,1,462.583,0.155884
414.5,1,461.717,0.159055
414,1,460.851,0.162544
413.5,1,459.985,0.166164
413,1,459.119,0.169915
412.5,1,458.253,0.173901
412,1,457.387,0.177995
411.5,1,456.521,0.182152
411,1,455.655,0.186272
410.5,1,454.789,0.190388
410,1,453.923,0.1945
409.5,1,453.057,0.198608
409,1,452.191,0.202711
408.5,1,451.325,0.206811
408,1,450.459,0.210345
407.5,1,449.593,0.213635
407,1,448.727,0.217439
406.5,1,447.861,0.221185
406,1,446.995,0.224748
405.5,1,446.129,0.228129
405,1,445.263,0.231047
404.5,1,444.397,0.233577
404,1,443.531,0.236009
403.5,1,442.665,0.238345
403,1,441.799,0.240583
402.5,1,440.933,0.242723
402,1,440.067,0.244584
401.5,1,439.201,0.245861
401,1,438.335,0.24757
400.5,1,437.469,0.249706
400,1,436.603,0.25227
399.5,1,435.737,0.255262
399,1,434.87,0.258681
398.5,1,434.004,0.26413
398,1,433.138,0.269902
397.5,1,432.272,0.275755
397,1,431.406,0.28169
396.5,1,430.54,0.287707
396,1,429.674,0.289929
395.5,1,428.808,0.292105
395,1,427.942,0.294267
394.5,1,427.076,0.296362
394,1,426.21,0.29839
393.5,1,425.344,0.30035
393,1,424.478,0.302243
392.5,1,423.612,0.303674
392,1,422.746,0.303854
391.5,1,421.88,0.303978
391,1,421.014,0.304056
390.5,1,420.148,0.304565
390,1,419.282,0.305326
389.5,1,418.416,0.30634
389,1,417.55,0.307273
388.5,1,416.684,0.308218
388,1,415.818,0.309192
387.5,1,414.952,0.310193
387,1,414.086,0.311223
386.5,1,413.22,0.31228
386,1,412.354,0.313573
385.5,1,411.488,0.314992
385,1,410.622,0.316918
384.5,1,409.756,0.318647
384,1,408.89,0.320179
383.5,1,408.024,0.321516
383,1,407.158,0.320269
382.5,1,406.292,0.312917
382,1,405.426,0.304641
381.5,1,404.56,0.295443
381,1,403.694,0.285323
380.5,1,402.828,0.27428
380,1,401.962,0.262653
379.5,1,401.095,0.249949
379,1,400.229,0.237083
378.5,1,399.363,0.224081
378,1,398.497,0.210941
377.5,1,397.631,0.197663
377,1,396.765,0.184249
376.5,1,395.899,0.177862
376,1,395.033,0.174874
375.5,1,394.167,0.171862
375,1,393.301,0.168826
374.5,1,392.435,0.165957
374,1,391.569,0.163693
373.5,1,390.703,0.162013
373,1,389.837,0.161591
372.5,1,388.971,0.161261
372,1,388.105,0.161025
371.5,1,387.239,0.160882
371,1,386.373,0.160832
370.5,1,385.507,0.160859
370,1,384.641,0.160642
369.5,1,383.775,0.160494
369,1,382.909,0.160606
368.5,1,382.043,0.161385
368,1,381.177,0.162411
367.5,1,380.311,0.163682
367,1,379.445,0.164756
366.5,1,378.579,0.165817
366,1,377.713,0.167011
365.5,1,376.847,0.16834
365,1,375.981,0.169803
364.5,1,375.115,0.171401
364,1,374.249,0.173132
363.5,1,373.383,0.175351
363,1,372.517,0.177921
362.5,1,371.651,0.180358
362,1,370.785,0.182662
361.5,1,369.919,0.184833
361,1,369.053,0.186896
360.5,1,368.187,0.188997
360,1,367.321,0.190876
359.5,1,366.454,0.192531
359,1,365.588,0.193964
358.5,1,364.722,0.195175
358,1,363.856,0.196315
357.5,1,362.99,0.197318
357,1,362.124,0.198559
356.5,1,361.258,0.200153
356,1,360.392,0.202099
355.5,1,359.526,0.204399
355,1,358.66,0.207051
354.5,1,357.794,0.213702
354,1,356.928,0.227497
353.5,1,356.062,0.245333
353,1,355.196,0.267209
352.5,1,354.33,0.286568
352,1,353.464,0.298427
351.5,1,352.598,0.300105
351,1,351.732,0.256038
350.5,1,350.866,0.21386
350,1,350,0.173572
349.5,1,349.134,0.135172
349,1,348.268,0.0986613
348.5,1,347.402,0.0640395
348,1,346.536,0.0628408
347.5,1,345.67,0.0665931
347,1,344.804,0.0732394
346.5,1,343.938,0.0820003
346,1,343.072,0.0891891
345.5,1,342.206,0.0948056
345,1,341.34,0.100319
344.5,1,340.474,0.105497
344,1,339.608,0.109004
343.5,1,338.742,0.110838
343,1,337.876,0.110999
342.5,1,337.01,0.109488
342,1,336.144,0.106987
341.5,1,335.278,0.106512
341,1,334.412,0.105963
340.5,1,333.546,0.105146
340,1,332.679,0.104061
339.5,1,331.813,0.102708
339,1,330.947,0.101087
338.5,1,330.081,0.10092
338,1,329.215,0.100898
337.5,1,328.349,0.100838
337,1,327.483,0.100741
336.5,1,326.617,0.100605
336,1,325.751,0.100595
335.5,1,324.885,0.100733
335,1,324.019,0.100955
334.5,1,323.153,0.101209
334,1,322.287,0.101495
333.5,1,321.421,0.101814
333,1,320.555,0.102165
332.5,1,319.689,0.102559
332,1,318.823,0.102993
331.5,1,317.957,0.103426
331,1,317.091,0.103858
330.5,1,316.225,0.104328
330,1,315.359,0.104807
329.5,1,314.493,0.10528
329,1,313.627,0.105384
328.5,1,312.761,0.105483
328,1,311.895,0.105592
327.5,1,311.029,0.105713
327,1,310.163,0.105846
326.5,1,309.297,0.10599
326,1,308.431,0.10619
325.5,1,307.565,0.106416
325,1,306.699,0.106658
324.5,1,305.833,0.106903
324,1,304.967,0.107145
323.5,1,304.101,0.107384
323,1,303.235,0.10758
322.5,1,302.369,0.107697
322,1,301.503,0.107817
321.5,1,300.637,0.107942
321,1,299.771,0.108071
320.5,1,298.905,0.108204
320,1,298.038,0.108341
319.5,1,297.172,0.108477
319,1,296.306,0.108615
318.5,1,295.44,0.108753
318,1,294.574,0.108892
317.5,1,293.708,0.109032
317,1,292.842,0.109173
316.5,1,291.976,0.109281
316,1,291.11,0.109375
315.5,1,290.244,0.10947
315,1,289.378,0.109566
314.5,1,288.512,0.109663
314,1,287.646,0.109766
313.5,1,286.78,0.109862
313,1,285.914,0.109945
312.5,1,285.048,0.110028
312,1,284.182,0.11011
311.5,1,283.316,0.110192
311,1,282.45,0.110273
310.5,1,281.584,0.110352
310,1,280.718,0.11041
309.5,1,279.852,0.110468
309,1,278.986,0.110526
308.5,1,278.12,0.110585
308,1,277.254,0.110644
307.5,1,276.388,0.110702
307,1,275.522,0.110747
306.5,1,274.656,0.110786
306,1,273.79,0.110825
305.5,1,272.924,0.110863
305,1,272.058,0.1109
304.5,1,271.192,0.110937
304,1,270.326,0.110968
303.5,1,269.46,0.110992
303,1,268.594,0.111015
302.5,1,267.728,0.111038
302,1,266.862,0.111061
301.5,1,265.996,0.111083
301,1,265.13,0.111103
300.5,1,264.263,0.111112
300,1,263.397,0.111121
299.5,1,262.531,0.111129
299,1,261.665,0.111137
298.5,1,260.799,0.111145
298,1,259.933,0.111152
297.5,1,259.067,0.111154
297,1,258.201,0.111154
296.5,1,257.335,0.111155
296,1,256.469,0.111155
295.5,1,255.603,0.111154
295,1,254.737,0.111154
294.5,1,253.871,0.11115
294,1,253.005,0.111142
293.5,1,252.139,0.111134
293,1,251.273,0.111126
292.5,1,250.407,0.111118
292,1,249.541,0.11111
291.5,1,248.675,0.111101
291,1,247.809,0.111089
290.5,1,246.943,0.111077
290,1,246.077,0.111065
289.5,1,245.211,0.111053
289,1,244.345,0.111041
288.5,1,243.479,0.111029
288,1,242.613,0.111014
287.5,1,241.747,0.110998
287,1,240.881,0.110982
286.5,1,240.015,0.110967
286,1,239.149,0.110951
285.5,1,238.283,0.110936
285,1,237.417,0.11092
284.5,1,236.551,0.110903
284,1,235.685,0.110887
283.5,1,234.819,0.11087
283,1,233.953,0.110854
282.5,1,233.087,0.110838
282,1,232.221,0.110821
281.5,1,231.355,0.110804
281,1,230.488,0.110786
280.5,1,229.622,0.110769
280,1,228.756,0.110752
279.5,1,227.89,0.110735
279,1,227.024,0.110718
278.5,1,226.158,0.1107
278,1,225.292,0.110682
277.5,1,224.426,0.110665
277,1,223.56,0.110647
276.5,1,222.694,0.110629
276,1,221.828,0.110612
275.5,1,220.962,0.110595
275,1,220.096,0.110577
274.5,1,219.23,0.110559
274,1,218.364,0.110541
273.5,1,217.498,0.110524
273,1,216.632,0.110506
272.5,1,215.766,0.110489
272,1,214.9,0.110472
271.5,1,214.034,0.110455
271,1,213.168,0.110438
270.5,1,212.302,0.110421
270,1,211.436,0.110405
269.5,1,210.57,0.110389
269,1,209.704,0.110372
268.5,1,208.838,0.110356
268,1,207.972,0.11034
267.5,1,207.106,0.110324
267,1,206.24,0.110308
266.5,1,205.374,0.110293
266,1,204.508,0.110277
265.5,1,203.642,0.110262
265,1,202.776,0.110247
264.5,1,201.91,0.110232
264,1,201.044,0.110217
263.5,1,200.178,0.110203
263,1,199.312,0.110188
262.5,1,198.446,0.110174
262,1,197.58,0.11016
261.5,1,196.714,0.110146
261,1,195.847,0.110132
260.5,1,194.981,0.110118
260,1,194.115,0.110104
259.5,1,193.249,0.110091
259,1,192.383,0.110078
258.5,1,191.517,0.110065
258,1,190.651,0.110052
257.5,1,189.785,0.110039
257,1,188.919,0.110027
256.5,1,188.053,0.110015
256,1,187.187,0.110003
255.5,1,186.321,0.109991
255,1,185.455,0.109979
254.5,1,184.589,0.109967
254,1,183.723,0.109956
253.5,1,182.857,0.109945
253,1,181.991,0.109933
252.5,1,181.125,0.109922
252,1,180.259,0.109911
251.5,1,179.393,0.109901
251,1,178.527,0.10989
250.5,1,177.661,0.109879
250,1,176.795,0.109869
249.5,1,175.929,0.109859
249,1,175.063,0.109849
248.5,1,174.197,0.109839
248,1,173.331,0.109829
247.5,1,172.465,0.109819
247,1,171.599,0.109809
246.5,1,170.733,0.1098
246,1,169.867,0.109791
245.5,1,169.001,0.109782
245,1,168.135,0.109773
244.5,1,167.269,0.109764
244,1,166.403,0.109755
243.5,1,165.537,0.109747
243,1,164.671,0.109738
242.5,1,163.805,0.10973
242,1,162.939,0.109722
241.5,1,162.072,0.109714
241,1,161.206,0.109706
240.5,1,160.34,0.109698
240,1,159.474,0.109691
239.5,1,158.608,0.109683
239,1,157.742,0.109675
238.5,1,156.876,0.109668
238,1,156.01,0.10966
237.5,1,155.144,0.109653
237,1,154.278,0.109646
236.5,1,153.412,0.109639
236,1,152.546,0.109633
235.5,1,151.68,0.109626
235,1,150.814,0.109619
234.5,1,149.948,0.109612
234,1,149.082,0.109606
233.5,1,148.216,0.1096
233,1,147.35,0.109593
232.5,1,146.484,0.109587
232,1,145.618,0.109581
231.5,1,144.752,0.109575
231,1,143.886,0.109569
230.5,1,143.02,0.109563
230,1,142.154,0.109558
229.5,1,141.288,0.109552
229,1,140.422,0.109546
228.5,1,139.556,0.109541
228,1,138.69,0.109536
227.5,1,137.824,0.10953
227,1,136.958,0.109525
226.5,1,136.092,0.10952
226,1,135.226,0.109515
225.5,1,134.36,0.10951
225,1,133.494,0.109505
224.5,1,132.628,0.1095
224,1,131.762,0.109495
223.5,1,130.896,0.109491
223,1,130.03,0.109486
222.5,1,129.164,0.109482
222,1,128.297,0.109477
221.5,1,127.431,0.109473
221,1,126.565,0.109468
220.5,1,125.699,0.109464
220,1,124.833,0.10946
219.5,1,123.967,0.109456
219,1,123.101,0.109451
218.5,1,122.235,0.109448
218,1,121.369,0.109444
217.5,1,120.503,0.10944
217,1,119.637,0.109436
216.5,1,118.771,0.109433
216,1,117.905,0.109429
215.5,1,117.039,0.109425
215,1,116.173,0.109422
214.5,1,115.307,0.109418
214,1,114.441,0.109415
213.5,1,113.575,0.109411
213,1,112.709,0.109408
212.5,1,111.843,0.109404
212,1,110.977,0.109401
211.5,1,110.111,0.109398
211,1,109.245,0.109395
210.5,1,108.379,0.109392
210,1,107.513,0.109389
209.5,1,106.647,0.109386
209,1,105.781,0.109383
208.5,1,104.915,0.10938
208,1,104.049,0.109377
207.5,1,103.183,0.109374
207,1,102.317,0.109371
206.5,1,101.451,0.109368
206,1,100.585,0.109365
205.5,1,99.7187,0.109363
205,1,98.8526,0.109361
204.5,1,97.9866,0.109358
204,1,97.1206,0.109356
203.5,1,96.2546,0.109354
203,1,95.3885,0.109351
202.5,1,94.5225,0.109349
202,1,93.6565,0.109346
201.5,1,92.7905,0.109343
201,1,91.9244,0.109341
200.5,1,91.0584,0.109338
200,1,90.1924,0.109335
