x,y,z,b
500,1,609.808,0.105913
499.5,1,608.942,0.105912
499,1,608.076,0.105911
498.5,1,607.21,0.105911
498,1,606.344,0.105911
497.5,1,605.477,0.105911
497,1,604.611,0.105911
496.5,1,603.745,0.105921
496,1,602.879,0.105936
495.5,1,602.013,0.105953
495,1,601.147,0.10597
494.5,1,600.281,0.10599
494,1,599.415,0.10601
493.5,1,598.549,0.106039
493,1,597.683,0.106083
492.5,1,596.817,0.106128
492,1,595.951,0.106175
491.5,1,595.085,0.106223
491,1,594.219,0.106273
490.5,1,593.353,0.106323
490,1,592.487,0.106399
489.5,1,591.621,0.106475
489,1,590.755,0.106556
488.5,1,589.889,0.106638
488,1,589.023,0.106722
487.5,1,588.157,0.106808
487,1,587.291,0.106917
486.5,1,586.425,0.107038
486,1,585.559,0.107162
485.5,1,584.693,0.107288
485,1,583.827,0.107416
484.5,1,582.961,0.107547
484,1,582.095,0.107694
483.5,1,581.229,0.107867
483,1,580.363,0.108045
482.5,1,579.497,0.108226
482,1,578.631,0.108411
481.5,1,577.765,0.1086
481,1,576.899,0.108795
480.5,1,576.033,0.109029
480,1,575.167,0.109267
479.5,1,574.301,0.109511
479,1,573.435,0.109759
478.5,1,572.569,0.110012
478,1,571.703,0.110277
477.5,1,570.836,0.110578
477,1,569.97,0.110896
476.5,1,569.104,0.11122
476,1,568.238,0.111552
475.5,1,567.372,0.111892
475,1,566.506,0.112238
474.5,1,565.64,0.112608
474,1,564.774,0.113009
473.5,1,563.908,0.113418
473,1,563.042,0.113837
472.5,1,562.176,0.114279
472,1,561.31,0.114732
471.5,1,560.444,0.115201
471,1,559.578,0.115722
470.5,1,558.712,0.116257
470,1,557.846,0.116804
469.5,1,556.98,0.117364
469,1,556.114,0.117936
468.5,1,555.248,0.118521
468,1,554.382,0.119156
467.5,1,553.516,0.11982
467,1,552.65,0.120525
466.5,1,551.784,0.12125
466,1,550.918,0.121994
465.5,1,550.052,0.122758
465,1,549.186,0.123572
464.5,1,548.32,0.124443
464,1,547.454,0.125338
463.5,1,546.588,0.126259
463,1,545.722,0.127203
462.5,1,544.856,0.128173
462,1,543.99,0.129191
461.5,1,543.124,0.13034
461,1,542.258,0.131526
460.5,1,541.392,0.132749
460,1,540.526,0.134009
459.5,1,539.66,0.135306
459,1,538.794,0.13664
458.5,1,537.928,0.137969
458,1,537.061,0.139309
457.5,1,536.195,0.140666
457,1,535.329,0.14204
456.5,1,534.463,0.14342
456,1,533.597,0.144773
455.5,1,532.731,0.145902
455,1,531.865,0.146822
454.5,1,530.999,0.147703
454,1,530.133,0.148546
453.5,1,529.267,0.14935
453,1,528.401,0.150116
452.5,1,527.535,0.150815
452,1,526.669,0.151401
451.5,1,525.803,0.151973
451,1,524.937,0.152481
450.5,1,524.071,0.152874
450,1,523.205,0.15325
449.5,1,522.339,0.153608
449,1,521.473,0.154092
448.5,1,520.607,0.154619
448,1,519.741,0.155177
447.5,1,518.875,0.155767
447,1,518.009,0.156389
446.5,1,517.143,0.157042
446,1,516.277,0.15785
445.5,1,515.411,0.158758
445,1,514.545,0.159659
444.5,1,513.679,0.160588
444,1,512.813,0.161547
443.5,1,511.947,0.162534
443,1,511.081,0.163536
442.5,1,510.215,0.164501
442,1,509.349,0.165447
441.5,1,508.483,0.166374
441,1,507.617,0.167283
440.5,1,506.751,0.168172
440,1,505.885,0.168893
439.5,1,505.019,0.169225
439,1,504.153,0.169526
438.5,1,503.286,0.169801
438,1,502.42,0.170049
437.5,1,501.554,0.170272
437,1,500.688,0.170468
436.5,1,499.822,0.170688
436,1,498.956,0.170935
435.5,1,498.09,0.171189
435,1,497.224,0.171448
434.5,1,496.358,0.171509
434,1,495.492,0.171383
433.5,1,494.626,0.171407
433,1,493.76,0.171747
432.5,1,492.894,0.172092
432,1,492.028,0.172444
431.5,1,491.162,0.172802
431,1,490.296,0.173167
430.5,1,489.43,0.173548
430,1,488.564,0.174306
429.5,1,487.698,0.175099
429,1,486.832,0.175743
428.5,1,485.966,0.176211
428,1,485.1,0.176608
427.5,1,484.234,0.176934
427,1,483.368,0.177565
426.5,1,482.502,0.178303
426,1,481.636,0.179002
425.5,1,480.77,0.17966
425,1,479.904,0.180279
424.5,1,479.038,0.180858
424,1,478.172,0.181501
423.5,1,477.306,0.18167
423,1,476.44,0.181348
422.5,1,475.574,0.180825
422,1,474.708,0.1801
421.5,1,473.842,0.179174
421,1,472.976,0.178074
420.5,1,472.11,0.177152
420,1,471.244,0.176167
419.5,1,470.378,0.17512
419,1,469.512,0.17401
418.5,1,468.645,0.172837
418,1,467.779,0.171942
417.5,1,466.913,0.171241
417,1,466.047,0.170488
416.5,1,465.181,0.169629
416,1,464.315,0.168666
415.5,1,463.449,0.167597
415,1,462.583,0.166423
414.5,1,461.717,0.165406
414,1,460.851,0.164658
413.5,1,459.985,0.163889
413,1,459.119,0.163096
412.5,1,458.253,0.163091
412,1,457.387,0.163219
411.5,1,456.521,0.16317
411,1,455.655,0.162616
410.5,1,454.789,0.162054
410,1,453.923,0.161485
409.5,1,453.057,0.160909
409,1,452.191,0.160324
408.5,1,451.325,0.159733
408,1,450.459,0.158666
407.5,1,449.593,0.157673
407,1,448.727,0.157421
406.5,1,447.861,0.157381
406,1,446.995,0.157442
405.5,1,446.129,0.157604
405,1,445.263,0.157912
404.5,1,444.397,0.158369
404,1,443.531,0.158933
403.5,1,442.665,0.159604
403,1,441.799,0.160382
402.5,1,440.933,0.161268
402,1,440.067,0.162263
401.5,1,439.201,0.16349
401,1,438.335,0.164765
400.5,1,437.469,0.166072
400,1,436.603,0.167412
399.5,1,435.737,0.168784
399,1,434.87,0.170188
398.5,1,434.004,0.171839
398,1,433.138,0.173507
397.5,1,432.272,0.175156
397,1,431.406,0.176789
396.5,1,430.54,0.178404
396,1,429.674,0.180103
395.5,1,428.808,0.181823
395,1,427.942,0.183507
394.5,1,427.076,0.185119
394,1,426.21,0.186659
393.5,1,425.344,0.188127
393,1,424.478,0.189523
392.5,1,423.612,0.190315
392,1,422.746,0.189457
391.5,1,421.88,0.18856
391,1,421.014,0.187622
390.5,1,420.148,0.186554
390,1,419.282,0.185421
389.5,1,418.416,0.184225
389,1,417.55,0.182657
388.5,1,416.684,0.180982
388,1,415.818,0.179223
387.5,1,414.952,0.17738
387,1,414.086,0.175451
386.5,1,413.22,0.173438
386,1,412.354,0.170933
385.5,1,411.488,0.168419
385,1,410.622,0.166323
384.5,1,409.756,0.164294
384,1,408.89,0.162332
383.5,1,408.024,0.160437
383,1,407.158,0.158959
382.5,1,406.292,0.158416
382,1,405.426,0.158051
381.5,1,404.56,0.157864
381,1,403.694,0.157856
380.5,1,402.828,0.158025
380,1,401.962,0.158233
379.5,1,401.095,0.157989
379,1,400.229,0.157776
378.5,1,399.363,0.157593
378,1,398.497,0.157439
377.5,1,397.631,0.157314
377,1,396.765,0.15722
376.5,1,395.899,0.157225
376,1,395.033,0.157408
375.5,1,394.167,0.157756
375,1,393.301,0.158269
374.5,1,392.435,0.158832
374,1,391.569,0.158999
373.5,1,390.703,0.159152
373,1,389.837,0.15949
372.5,1,388.971,0.159948
372,1,388.105,0.160526
371.5,1,387.239,0.161223
371,1,386.373,0.162039
370.5,1,385.507,0.162981
370,1,384.641,0.164215
369.5,1,383.775,0.16567
369,1,382.909,0.167082
368.5,1,382.043,0.167848
368,1,381.177,0.168539
367.5,1,380.311,0.169153
367,1,379.445,0.169394
366.5,1,378.579,0.169738
366,1,377.713,0.170341
365.5,1,376.847,0.171203
365,1,375.981,0.172323
364.5,1,375.115,0.173701
364,1,374.249,0.175124
363.5,1,373.383,0.176502
363,1,372.517,0.178324
362.5,1,371.651,0.180829
362,1,370.785,0.184017
361.5,1,369.919,0.187889
361,1,369.053,0.192133
360.5,1,368.187,0.194151
360,1,367.321,0.196584
359.5,1,366.454,0.199432
359,1,365.588,0.202693
358.5,1,364.722,0.206369
358,1,363.856,0.210319
357.5,1,362.99,0.206879
357,1,362.124,0.201386
356.5,1,361.258,0.195916
356,1,360.392,0.190469
355.5,1,359.526,0.185045
355,1,358.66,0.179644
354.5,1,357.794,0.185655
354,1,356.928,0.20862
353.5,1,356.062,0.237316
353,1,355.196,0.271741
352.5,1,354.33,0.302456
352,1,353.464,0.321537
351.5,1,352.598,0.331805
351,1,351.732,0.312641
350.5,1,350.866,0.295618
350,1,350,0.280735
349.5,1,349.134,0.267992
349,1,348.268,0.25739
348.5,1,347.402,0.248928
348,1,346.536,0.247701
347.5,1,345.67,0.247221
347,1,344.804,0.246893
346.5,1,343.938,0.246449
346,1,343.072,0.245334
345.5,1,342.206,0.243549
345,1,341.34,0.241847
344.5,1,340.474,0.240314
344,1,339.608,0.238324
343.5,1,338.742,0.235878
343,1,337.876,0.232974
342.5,1,337.01,0.229615
342,1,336.144,0.227384
341.5,1,335.278,0.234599
341,1,334.412,0.244807
340.5,1,333.546,0.25575
340,1,332.679,0.267428
339.5,1,331.813,0.27984
339,1,330.947,0.292987
338.5,1,330.081,0.304045
338,1,329.215,0.314457
337.5,1,328.349,0.324487
337,1,327.483,0.334135
336.5,1,326.617,0.3434
336,1,325.751,0.350022
335.5,1,324.885,0.352983
335,1,324.019,0.354367
334.5,1,323.153,0.355733
334,1,322.287,0.357082
333.5,1,321.421,0.358413
333,1,320.555,0.359727
332.5,1,319.689,0.360818
332,1,318.823,0.361324
331.5,1,317.957,0.361799
331,1,317.091,0.36224
330.5,1,316.225,0.362373
330,1,315.359,0.362425
329.5,1,314.493,0.362514
329,1,313.627,0.362275
328.5,1,312.761,0.361995
328,1,311.895,0.36169
327.5,1,311.029,0.361361
327,1,310.163,0.361007
326.5,1,309.297,0.360628
326,1,308.431,0.360245
325.5,1,307.565,0.359855
325,1,306.699,0.359457
324.5,1,305.833,0.359102
324,1,304.967,0.358795
323.5,1,304.101,0.358536
323,1,303.235,0.358364
322.5,1,302.369,0.358304
322,1,301.503,0.358267
321.5,1,300.637,0.358254
321,1,299.771,0.358264
320.5,1,298.905,0.358297
320,1,298.038,0.358344
319.5,1,297.172,0.357094
319,1,296.306,0.355327
318.5,1,295.44,0.353074
318,1,294.574,0.350334
317.5,1,293.708,0.347109
317,1,292.842,0.343398
316.5,1,291.976,0.336058
316,1,291.11,0.326147
315.5,1,290.244,0.314919
315,1,289.378,0.302373
314.5,1,288.512,0.28851
314,1,287.646,0.269264
313.5,1,286.78,0.24916
313,1,285.914,0.230665
312.5,1,285.048,0.214232
312,1,284.182,0.199861
311.5,1,283.316,0.187552
311,1,282.45,0.177304
310.5,1,281.584,0.16926
310,1,280.718,0.165391
309.5,1,279.852,0.163766
309,1,278.986,0.164386
308.5,1,278.12,0.168287
308,1,277.254,0.171929
307.5,1,276.388,0.175239
307,1,275.522,0.177872
306.5,1,274.656,0.179588
306,1,273.79,0.180436
305.5,1,272.924,0.180416
305,1,272.058,0.179527
304.5,1,271.192,0.17777
304,1,270.326,0.174113
303.5,1,269.46,0.168571
303,1,268.594,0.161927
302.5,1,267.728,0.155479
302,1,266.862,0.149227
301.5,1,265.996,0.143169
301,1,265.13,0.137344
300.5,1,264.263,0.132069
300,1,263.397,0.127127
299.5,1,262.531,0.122518
299,1,261.665,0.118242
298.5,1,260.799,0.114298
298,1,259.933,0.110743
297.5,1,259.067,0.108879
297,1,258.201,0.107323
296.5,1,257.335,0.105847
296,1,256.469,0.10445
295.5,1,255.603,0.103132
295,1,254.737,0.101894
294.5,1,253.871,0.101044
294,1,253.005,0.100559
293.5,1,252.139,0.10011
293,1,251.273,0.0996969
292.5,1,250.407,0.0993285
292,1,249.541,0.0990348
291.5,1,248.675,0.0988019
291,1,247.809,0.0987879
290.5,1,246.943,0.0987803
290,1,246.077,0.0987791
289.5,1,245.211,0.0987841
289,1,244.345,0.0987955
288.5,1,243.479,0.0988132
288,1,242.613,0.0989964
287.5,1,241.747,0.0992087
287,1,240.881,0.0994261
286.5,1,240.015,0.0996523
286,1,239.149,0.0998805
285.5,1,238.283,0.100111
285,1,237.417,0.100348
284.5,1,236.551,0.100591
284,1,235.685,0.100832
283.5,1,234.819,0.101072
283,1,233.953,0.101311
282.5,1,233.087,0.101549
282,1,232.221,0.10178
281.5,1,231.355,0.101991
281,1,230.488,0.102205
280.5,1,229.622,0.102418
280,1,228.756,0.102629
279.5,1,227.89,0.102839
279,1,227.024,0.103049
278.5,1,226.158,0.103237
278,1,225.292,0.103422
277.5,1,224.426,0.103607
277,1,223.56,0.10379
276.5,1,222.694,0.103972
276,1,221.828,0.104155
275.5,1,220.962,0.104324
275,1,220.096,0.104484
274.5,1,219.23,0.104642
274,1,218.364,0.104799
273.5,1,217.498,0.104955
273,1,216.632,0.105111
272.5,1,215.766,0.105259
272,1,214.9,0.105391
271.5,1,214.034,0.105523
271,1,213.168,0.105654
270.5,1,212.302,0.105784
270,1,211.436,0.105915
269.5,1,210.57,0.106044
269,1,209.704,0.106155
268.5,1,208.838,0.106264
268,1,207.972,0.106372
267.5,1,207.106,0.106479
267,1,206.24,0.106585
266.5,1,205.374,0.106691
266,1,204.508,0.106786
265.5,1,203.642,0.106875
265,1,202.776,0.106963
264.5,1,201.91,0.107052
264,1,201.044,0.107139
263.5,1,200.178,0.107226
263,1,199.312,0.107308
262.5,1,198.446,0.107381
262,1,197.58,0.107453
261.5,1,196.714,0.107524
261,1,195.847,0.107595
260.5,1,194.981,0.107666
260,1,194.115,0.107735
259.5,1,193.249,0.107795
259,1,192.383,0.107854
258.5,1,191.517,0.107912
258,1,190.651,0.107971
257.5,1,189.785,0.108028
257,1,188.919,0.108085
256.5,1,188.053,0.108135
256,1,187.187,0.108183
255.5,1,186.321,0.10823
255,1,185.455,0.108276
254.5,1,184.589,0.108322
254,1,183.723,0.108368
253.5,1,182.857,0.108411
253,1,181.991,0.108449
252.5,1,181.125,0.108488
252,1,180.259,0.108526
251.5,1,179.393,0.108564
251,1,178.527,0.108601
250.5,1,177.661,0.108638
250,1,176.795,0.108668
249.5,1,175.929,0.108698
249,1,175.063,0.108728
248.5,1,174.197,0.108758
248,1,173.331,0.108787
247.5,1,172.465,0.108816
247,1,171.599,0.108842
246.5,1,170.733,0.108867
246,1,169.867,0.108891
245.5,1,169.001,0.108916
245,1,168.135,0.10894
244.5,1,167.269,0.108964
244,1,166.403,0.108986
243.5,1,165.537,0.109005
243,1,164.671,0.109024
242.5,1,163.805,0.109043
242,1,162.939,0.109061
241.5,1,162.072,0.10908
241,1,161.206,0.109098
240.5,1,160.34,0.109113
240,1,159.474,0.109129
239.5,1,158.608,0.109144
239,1,157.742,0.109159
238.5,1,156.876,0.109174
238,1,156.01,0.109189
237.5,1,155.144,0.109201
237,1,154.278,0.109213
236.5,1,153.412,0.109224
236,1,152.546,0.109236
235.5,1,151.68,0.109247
235,1,150.814,0.109258
234.5,1,149.948,0.109268
234,1,149.082,0.109278
233.5,1,148.216,0.109287
233,1,147.35,0.109296
232.5,1,146.484,0.109305
232,1,145.618,0.109314
231.5,1,144.752,0.109322
231,1,143.886,0.109328
230.5,1,143.02,0.109335
230,1,142.154,0.109341
229.5,1,141.288,0.109347
229,1,140.422,0.109353
228.5,1,139.556,0.109359
228,1,138.69,0.109365
227.5,1,137.824,0.10937
227,1,136.958,0.109375
226.5,1,136.092,0.10938
226,1,135.226,0.109384
225.5,1,134.36,0.109389
225,1,133.494,0.109393
224.5,1,132.628,0.109396
224,1,131.762,0.109399
223.5,1,130.896,0.109402
223,1,130.03,0.109405
222.5,1,129.164,0.109408
222,1,128.297,0.109411
221.5,1,127.431,0.109413
221,1,126.565,0.109415
220.5,1,125.699,0.109417
220,1,124.833,0.109419
219.5,1,123.967,0.109422
219,1,123.101,0.109424
218.5,1,122.235,0.109424
218,1,121.369,0.109425
217.5,1,120.503,0.109426
217,1,119.637,0.109427
216.5,1,118.771,0.109427
216,1,117.905,0.109428
215.5,1,117.039,0.109429
215,1,116.173,0.109429
214.5,1,115.307,0.109429
214,1,114.441,0.10943
213.5,1,113.575,0.10943
213,1,112.709,0.10943
212.5,1,111.843,0.10943
212,1,110.977,0.109429
211.5,1,110.111,0.109429
211,1,109.245,0.109428
210.5,1,108.379,0.109427
210,1,107.513,0.109427
209.5,1,106.647,0.109426
209,1,105.781,0.109425
208.5,1,104.915,0.109424
208,1,104.049,0.109423
207.5,1,103.183,0.109422
207,1,102.317,0.109421
206.5,1,101.451,0.10942
206,1,100.585,0.109419
205.5,1,99.7187,0.109417
205,1,98.8526,0.109416
204.5,1,97.9866,0.109415
204,1,97.1206,0.109413
203.5,1,96.2546,0.109412
203,1,95.3885,0.109411
202.5,1,94.5225,0.109408
202,1,93.6565,0.109406
201.5,1,92.7905,0.109404
201,1,91.9244,0.109402
200.5,1,91.0584,0.109399
200,1,90.1924,0.109397
