x,y,z,b
500,1,609.808,0.113194
499.5,1,608.942,0.113256
499,1,608.076,0.113319
498.5,1,607.21,0.113382
498,1,606.344,0.113446
497.5,1,605.477,0.113512
497,1,604.611,0.113578
496.5,1,603.745,0.113648
496,1,602.879,0.113721
495.5,1,602.013,0.113794
495,1,601.147,0.113869
494.5,1,600.281,0.113944
494,1,599.415,0.114021
493.5,1,598.549,0.114092
493,1,597.683,0.114148
492.5,1,596.817,0.114206
492,1,595.951,0.114265
491.5,1,595.085,0.114326
491,1,594.219,0.114387
490.5,1,593.353,0.11445
490,1,592.487,0.114532
489.5,1,591.621,0.114615
489,1,590.755,0.1147
488.5,1,589.889,0.114787
488,1,589.023,0.114876
487.5,1,588.157,0.114967
487,1,587.291,0.115063
486.5,1,586.425,0.115164
486,1,585.559,0.115268
485.5,1,584.693,0.115375
485,1,583.827,0.115485
484.5,1,582.961,0.115598
484,1,582.095,0.115725
483.5,1,581.229,0.115875
483,1,580.363,0.116029
482.5,1,579.497,0.116188
482,1,578.631,0.116352
481.5,1,577.765,0.116521
481,1,576.899,0.116697
480.5,1,576.033,0.116927
480,1,575.167,0.117164
479.5,1,574.301,0.117409
479,1,573.435,0.117661
478.5,1,572.569,0.117921
478,1,571.703,0.118186
477.5,1,570.836,0.11854
477,1,569.97,0.118931
476.5,1,569.104,0.119332
476,1,568.238,0.119742
475.5,1,567.372,0.120163
475,1,566.506,0.120593
474.5,1,565.64,0.121087
474,1,564.774,0.121662
473.5,1,563.908,0.12225
473,1,563.042,0.122849
472.5,1,562.176,0.12344
472,1,561.31,0.124041
471.5,1,560.444,0.124667
471,1,559.578,0.125417
470.5,1,558.712,0.12618
470,1,557.846,0.126954
469.5,1,556.98,0.127739
469,1,556.114,0.128537
468.5,1,555.248,0.129345
468,1,554.382,0.130298
467.5,1,553.516,0.131283
467,1,552.65,0.132196
466.5,1,551.784,0.133111
466,1,550.918,0.134029
465.5,1,550.052,0.134949
465,1,549.186,0.135878
464.5,1,548.32,0.136818
464,1,547.454,0.137761
463.5,1,546.588,0.138707
463,1,545.722,0.139656
462.5,1,544.856,0.140608
462,1,543.99,0.141522
461.5,1,543.124,0.142271
461,1,542.258,0.143024
460.5,1,541.392,0.143782
460,1,540.526,0.144544
459.5,1,539.66,0.14531
459,1,538.794,0.146081
458.5,1,537.928,0.146687
458,1,537.061,0.14728
457.5,1,536.195,0.14789
457,1,535.329,0.148516
456.5,1,534.463,0.149121
456,1,533.597,0.149647
455.5,1,532.731,0.150259
455,1,531.865,0.150951
454.5,1,530.999,0.151661
454,1,530.133,0.152392
453.5,1,529.267,0.153143
453,1,528.401,0.153913
452.5,1,527.535,0.154746
452,1,526.669,0.155743
451.5,1,525.803,0.156765
451,1,524.937,0.157721
450.5,1,524.071,0.158516
450,1,523.205,0.159313
449.5,1,522.339,0.16011
449,1,521.473,0.160837
448.5,1,520.607,0.16157
448,1,519.741,0.162315
447.5,1,518.875,0.163074
447,1,518.009,0.163844
446.5,1,517.143,0.164628
446,1,516.277,0.165173
445.5,1,515.411,0.165455
445,1,514.545,0.16559
444.5,1,513.679,0.165737
444,1,512.813,0.165894
443.5,1,511.947,0.166062
443,1,511.081,0.16617
442.5,1,510.215,0.166108
442,1,509.349,0.16606
441.5,1,508.483,0.166024
441,1,507.617,0.166001
440.5,1,506.751,0.16599
440,1,505.885,0.165976
439.5,1,505.019,0.16592
439,1,504.153,0.165882
438.5,1,503.286,0.165864
438,1,502.42,0.165867
437.5,1,501.554,0.16589
437,1,500.688,0.165933
436.5,1,499.822,0.165869
436,1,498.956,0.165738
435.5,1,498.09,0.165603
435,1,497.224,0.165463
434.5,1,496.358,0.165285
434,1,495.492,0.165092
433.5,1,494.626,0.164805
433,1,493.76,0.164318
432.5,1,492.894,0.163846
432,1,492.028,0.163391
431.5,1,491.162,0.162952
431,1,490.296,0.16253
430.5,1,489.43,0.162119
430,1,488.564,0.161546
429.5,1,487.698,0.160975
429,1,486.832,0.160382
428.5,1,485.966,0.159808
428,1,485.1,0.15928
427.5,1,484.234,0.158798
427,1,483.368,0.158443
426.5,1,482.502,0.158167
426,1,481.636,0.157936
425.5,1,480.77,0.15775
425,1,479.904,0.157609
424.5,1,479.038,0.157512
424,1,478.172,0.15754
423.5,1,477.306,0.157579
423,1,476.44,0.157577
422.5,1,475.574,0.157608
422,1,474.708,0.157673
421.5,1,473.842,0.157772
421,1,472.976,0.157922
420.5,1,472.11,0.158296
420,1,471.244,0.158706
419.5,1,470.378,0.159152
419,1,469.512,0.159635
418.5,1,468.645,0.160154
418,1,467.779,0.160641
417.5,1,466.913,0.161134
417,1,466.047,0.161668
416.5,1,465.181,0.162244
416,1,464.315,0.162861
415.5,1,463.449,0.163519
415,1,462.583,0.164218
414.5,1,461.717,0.164935
414,1,460.851,0.165685
413.5,1,459.985,0.166505
413,1,459.119,0.167393
412.5,1,458.253,0.168482
412,1,457.387,0.169672
411.5,1,456.521,0.170884
411,1,455.655,0.171883
410.5,1,454.789,0.172955
410,1,453.923,0.174099
409.5,1,453.057,0.175316
409,1,452.191,0.176605
408.5,1,451.325,0.177967
408,1,450.459,0.178886
407.5,1,449.593,0.179722
407,1,448.727,0.180476
406.5,1,447.861,0.181247
406,1,446.995,0.182054
405.5,1,446.129,0.182899
405,1,445.263,0.183559
404.5,1,444.397,0.184009
404,1,443.531,0.184451
403.5,1,442.665,0.184885
403,1,441.799,0.185312
402.5,1,440.933,0.185731
402,1,440.067,0.186158
401.5,1,439.201,0.186563
401,1,438.335,0.186961
400.5,1,437.469,0.187363
400,1,436.603,0.187767
399.5,1,435.737,0.188175
399,1,434.87,0.188585
398.5,1,434.004,0.187864
398,1,433.138,0.187027
397.5,1,432.272,0.186234
397,1,431.406,0.185485
396.5,1,430.54,0.184779
396,1,429.674,0.184066
395.5,1,428.808,0.182892
395,1,427.942,0.181232
394.5,1,427.076,0.179451
394,1,426.21,0.17755
393.5,1,425.344,0.175527
393,1,424.478,0.173383
392.5,1,423.612,0.170864
392,1,422.746,0.16752
391.5,1,421.88,0.164152
391,1,421.014,0.160761
390.5,1,420.148,0.157364
390,1,419.282,0.153945
389.5,1,418.416,0.150507
389,1,417.55,0.148362
388.5,1,416.684,0.146278
388,1,415.818,0.144162
387.5,1,414.952,0.142015
387,1,414.086,0.139837
386.5,1,413.22,0.137627
386,1,412.354,0.136947
385.5,1,411.488,0.13721
385,1,410.622,0.137462
384.5,1,409.756,0.137676
384,1,408.89,0.137851
383.5,1,408.024,0.137988
383,1,407.158,0.138458
382.5,1,406.292,0.139765
382,1,405.426,0.141071
381.5,1,404.56,0.142377
381,1,403.694,0.143683
380.5,1,402.828,0.144989
380,1,401.962,0.146285
379.5,1,401.095,0.146511
379,1,400.229,0.146706
378.5,1,399.363,0.146879
378,1,398.497,0.14703
377.5,1,397.631,0.147159
377,1,396.765,0.147267
376.5,1,395.899,0.147004
376,1,395.033,0.14659
375.5,1,394.167,0.146199
375,1,393.301,0.145832
374.5,1,392.435,0.14552
374,1,391.569,0.145393
373.5,1,390.703,0.145719
373,1,389.837,0.146803
372.5,1,388.971,0.148037
372,1,388.105,0.14942
371.5,1,387.239,0.150952
371,1,386.373,0.152634
370.5,1,385.507,0.154475
370,1,384.641,0.156682
369.5,1,383.775,0.159076
369,1,382.909,0.161682
368.5,1,382.043,0.164514
368,1,381.177,0.167496
367.5,1,380.311,0.170628
367,1,379.445,0.173137
366.5,1,378.579,0.175543
366,1,377.713,0.178136
365.5,1,376.847,0.180916
365,1,375.981,0.183883
364.5,1,375.115,0.187036
364,1,374.249,0.189019
363.5,1,373.383,0.189092
363,1,372.517,0.189069
362.5,1,371.651,0.189407
362,1,370.785,0.190106
361.5,1,369.919,0.191166
361,1,369.053,0.192455
360.5,1,368.187,0.193047
360,1,367.321,0.19418
359.5,1,366.454,0.195854
359,1,365.588,0.19807
358.5,1,364.722,0.200828
358,1,363.856,0.203319
357.5,1,362.99,0.20254
357,1,362.124,0.201459
356.5,1,361.258,0.200777
356,1,360.392,0.200493
355.5,1,359.526,0.200608
355,1,358.66,0.201122
354.5,1,357.794,0.213814
354,1,356.928,0.242271
353.5,1,356.062,0.274117
353,1,355.196,0.309349
352.5,1,354.33,0.338821
352,1,353.464,0.355953
351.5,1,352.598,0.364067
351,1,351.732,0.344104
350.5,1,350.866,0.325702
350,1,350,0.308862
349.5,1,349.134,0.293583
349,1,348.268,0.279865
348.5,1,347.402,0.267708
348,1,346.536,0.258809
347.5,1,345.67,0.252446
347,1,344.804,0.250032
346.5,1,343.938,0.250148
346,1,343.072,0.250938
345.5,1,342.206,0.252403
345,1,341.34,0.252409
344.5,1,340.474,0.250512
344,1,339.608,0.248417
343.5,1,338.742,0.246123
343,1,337.876,0.243631
342.5,1,337.01,0.24094
342,1,336.144,0.237736
341.5,1,335.278,0.232715
341,1,334.412,0.22744
340.5,1,333.546,0.222306
340,1,332.679,0.217315
339.5,1,331.813,0.212464
339,1,330.947,0.207756
338.5,1,330.081,0.205908
338,1,329.215,0.20445
337.5,1,328.349,0.203071
337,1,327.483,0.201771
336.5,1,326.617,0.20055
336,1,325.751,0.199566
335.5,1,324.885,0.199541
335,1,324.019,0.200144
334.5,1,323.153,0.200773
334,1,322.287,0.201427
333.5,1,321.421,0.202108
333,1,320.555,0.202815
332.5,1,319.689,0.203431
332,1,318.823,0.203758
331.5,1,317.957,0.204116
331,1,317.091,0.204505
330.5,1,316.225,0.204976
330,1,315.359,0.205478
329.5,1,314.493,0.205987
329,1,313.627,0.207029
328.5,1,312.761,0.208109
328,1,311.895,0.209203
327.5,1,311.029,0.21031
327,1,310.163,0.21143
326.5,1,309.297,0.212563
326,1,308.431,0.212943
325.5,1,307.565,0.212863
325,1,306.699,0.212718
324.5,1,305.833,0.212457
324,1,304.967,0.21208
323.5,1,304.101,0.211586
323,1,303.235,0.210688
322.5,1,302.369,0.209112
322,1,301.503,0.207477
321.5,1,300.637,0.205784
321,1,299.771,0.204032
320.5,1,298.905,0.202222
320,1,298.038,0.200355
319.5,1,297.172,0.199137
319,1,296.306,0.198085
318.5,1,295.44,0.197124
318,1,294.574,0.196254
317.5,1,293.708,0.195474
317,1,292.842,0.194785
316.5,1,291.976,0.193931
316,1,291.11,0.192923
315.5,1,290.244,0.191849
315,1,289.378,0.190709
314.5,1,288.512,0.189501
314,1,287.646,0.189187
313.5,1,286.78,0.189144
313,1,285.914,0.189153
312.5,1,285.048,0.189164
312,1,284.182,0.189175
311.5,1,283.316,0.189188
311,1,282.45,0.189203
310.5,1,281.584,0.189211
310,1,280.718,0.189065
309.5,1,279.852,0.188811
309,1,278.986,0.188448
308.5,1,278.12,0.188603
308,1,277.254,0.188927
307.5,1,276.388,0.189403
307,1,275.522,0.190233
306.5,1,274.656,0.191122
306,1,273.79,0.191981
305.5,1,272.924,0.192809
305,1,272.058,0.193607
304.5,1,271.192,0.194373
304,1,270.326,0.195106
303.5,1,269.46,0.195708
303,1,268.594,0.195614
302.5,1,267.728,0.195516
302,1,266.862,0.195413
301.5,1,265.996,0.195307
301,1,265.13,0.195194
300.5,1,264.263,0.195006
300,1,263.397,0.194737
299.5,1,262.531,0.194387
299,1,261.665,0.193956
298.5,1,260.799,0.193444
298,1,259.933,0.192783
297.5,1,259.067,0.191574
297,1,258.201,0.190448
296.5,1,257.335,0.189382
296,1,256.469,0.188374
295.5,1,255.603,0.187425
295,1,254.737,0.186535
294.5,1,253.871,0.18567
294,1,253.005,0.184758
293.5,1,252.139,0.183809
293,1,251.273,0.182824
292.5,1,250.407,0.181603
292,1,249.541,0.179287
291.5,1,248.675,0.176954
291,1,247.809,0.17453
290.5,1,246.943,0.172117
290,1,246.077,0.169715
289.5,1,245.211,0.167324
289,1,244.345,0.164945
288.5,1,243.479,0.162576
288,1,242.613,0.160108
287.5,1,241.747,0.15763
287,1,240.881,0.155268
286.5,1,240.015,0.153297
286,1,239.149,0.151338
285.5,1,238.283,0.149388
285,1,237.417,0.1474
284.5,1,236.551,0.145391
284,1,235.685,0.143405
283.5,1,234.819,0.141443
283,1,233.953,0.139504
282.5,1,233.087,0.137588
282,1,232.221,0.135685
281.5,1,231.355,0.133858
281,1,230.488,0.132267
280.5,1,229.622,0.130698
280,1,228.756,0.12915
279.5,1,227.89,0.127624
279,1,227.024,0.126119
278.5,1,226.158,0.12464
278,1,225.292,0.123191
277.5,1,224.426,0.121773
277,1,223.56,0.120384
276.5,1,222.694,0.119027
276,1,221.828,0.117764
275.5,1,220.962,0.116685
275,1,220.096,0.115652
274.5,1,219.23,0.114639
274,1,218.364,0.113646
273.5,1,217.498,0.112673
273,1,216.632,0.11172
272.5,1,215.766,0.110815
272,1,214.9,0.109997
271.5,1,214.034,0.109201
271,1,213.168,0.108427
270.5,1,212.302,0.107705
270,1,211.436,0.107045
269.5,1,210.57,0.106399
269,1,209.704,0.105879
268.5,1,208.838,0.105375
268,1,207.972,0.104885
267.5,1,207.106,0.104408
267,1,206.24,0.103945
266.5,1,205.374,0.103496
266,1,204.508,0.103134
265.5,1,203.642,0.102821
265,1,202.776,0.102531
264.5,1,201.91,0.102264
264,1,201.044,0.102006
263.5,1,200.178,0.101757
263,1,199.312,0.101552
262.5,1,198.446,0.101419
262,1,197.58,0.101293
261.5,1,196.714,0.101175
261,1,195.847,0.101063
260.5,1,194.981,0.100959
260,1,194.115,0.100865
259.5,1,193.249,0.100847
259,1,192.383,0.100839
258.5,1,191.517,0.100835
258,1,190.651,0.100835
257.5,1,189.785,0.100838
257,1,188.919,0.100846
256.5,1,188.053,0.100894
256,1,187.187,0.100959
255.5,1,186.321,0.101028
255,1,185.455,0.101099
254.5,1,184.589,0.101174
254,1,183.723,0.101253
253.5,1,182.857,0.101344
253,1,181.991,0.101448
252.5,1,181.125,0.101553
252,1,180.259,0.101658
251.5,1,179.393,0.101763
251,1,178.527,0.101869
250.5,1,177.661,0.101977
250,1,176.795,0.10209
249.5,1,175.929,0.102204
249,1,175.063,0.102318
248.5,1,174.197,0.102433
248,1,173.331,0.102548
247.5,1,172.465,0.102664
247,1,171.599,0.10278
246.5,1,170.733,0.102896
246,1,169.867,0.103011
245.5,1,169.001,0.103127
245,1,168.135,0.103241
244.5,1,167.269,0.103356
244,1,166.403,0.103468
243.5,1,165.537,0.103579
243,1,164.671,0.103689
242.5,1,163.805,0.103799
242,1,162.939,0.103908
241.5,1,162.072,0.104016
241,1,161.206,0.104124
240.5,1,160.34,0.104225
240,1,159.474,0.104327
239.5,1,158.608,0.104427
239,1,157.742,0.104527
238.5,1,156.876,0.104626
238,1,156.01,0.104725
237.5,1,155.144,0.104818
237,1,154.278,0.10491
236.5,1,153.412,0.105
236,1,152.546,0.105091
235.5,1,151.68,0.10518
235,1,150.814,0.105269
234.5,1,149.948,0.105354
234,1,149.082,0.105436
233.5,1,148.216,0.105517
233,1,147.35,0.105597
232.5,1,146.484,0.105677
232,1,145.618,0.105756
231.5,1,144.752,0.105833
231,1,143.886,0.105905
230.5,1,143.02,0.105976
230,1,142.154,0.106047
229.5,1,141.288,0.106118
229,1,140.422,0.106187
228.5,1,139.556,0.106257
228,1,138.69,0.10632
227.5,1,137.824,0.106383
227,1,136.958,0.106445
226.5,1,136.092,0.106507
226,1,135.226,0.106568
225.5,1,134.36,0.106629
225,1,133.494,0.106686
224.5,1,132.628,0.10674
224,1,131.762,0.106793
223.5,1,130.896,0.106846
223,1,130.03,0.106899
222.5,1,129.164,0.106951
222,1,128.297,0.107002
221.5,1,127.431,0.107049
221,1,126.565,0.107096
220.5,1,125.699,0.107142
220,1,124.833,0.107188
219.5,1,123.967,0.107234
219,1,123.101,0.107279
218.5,1,122.235,0.107321
218,1,121.369,0.107361
217.5,1,120.503,0.107402
217,1,119.637,0.107442
216.5,1,118.771,0.107481
216,1,117.905,0.107521
215.5,1,117.039,0.107558
215,1,116.173,0.107593
214.5,1,115.307,0.107627
214,1,114.441,0.107662
213.5,1,113.575,0.107696
213,1,112.709,0.10773
212.5,1,111.843,0.107762
212,1,110.977,0.107791
211.5,1,110.111,0.107819
211,1,109.245,0.107847
210.5,1,108.379,0.107875
210,1,107.513,0.107903
209.5,1,106.647,0.10793
209,1,105.781,0.107956
208.5,1,104.915,0.107981
208,1,104.049,0.108006
207.5,1,103.183,0.108031
207,1,102.317,0.108055
206.5,1,101.451,0.10808
206,1,100.585,0.108103
205.5,1,99.7187,0.108126
205,1,98.8526,0.108149
204.5,1,97.9866,0.108171
204,1,97.1206,0.108194
203.5,1,96.2546,0.108216
203,1,95.3885,0.108236
202.5,1,94.5225,0.108254
202,1,93.6565,0.108272
201.5,1,92.7905,0.10829
201,1,91.9244,0.108308
200.5,1,91.0584,0.108325
200,1,90.1924,0.108343
