x,y,z,b
500,1,609.808,0.10627
499.5,1,608.942,0.106221
499,1,608.076,0.106172
498.5,1,607.21,0.106122
498,1,606.344,0.106072
497.5,1,605.477,0.106021
497,1,604.611,0.10597
496.5,1,603.745,0.105917
496,1,602.879,0.105863
495.5,1,602.013,0.105808
495,1,601.147,0.105753
494.5,1,600.281,0.105697
494,1,599.415,0.105641
493.5,1,598.549,0.105584
493,1,597.683,0.105526
492.5,1,596.817,0.105468
492,1,595.951,0.10541
491.5,1,595.085,0.105351
491,1,594.219,0.105291
490.5,1,593.353,0.105231
490,1,592.487,0.10517
489.5,1,591.621,0.105109
489,1,590.755,0.105047
488.5,1,589.889,0.104985
488,1,589.023,0.104922
487.5,1,588.157,0.104859
487,1,587.291,0.104798
486.5,1,586.425,0.104739
486,1,585.559,0.10468
485.5,1,584.693,0.10462
485,1,583.827,0.104561
484.5,1,582.961,0.1045
484,1,582.095,0.104443
483.5,1,581.229,0.104391
483,1,580.363,0.104339
482.5,1,579.497,0.104287
482,1,578.631,0.104236
481.5,1,577.765,0.104184
481,1,576.899,0.104133
480.5,1,576.033,0.104101
480,1,575.167,0.104069
479.5,1,574.301,0.104038
479,1,573.435,0.104007
478.5,1,572.569,0.103977
478,1,571.703,0.103949
477.5,1,570.836,0.103942
477,1,569.97,0.103942
476.5,1,569.104,0.103944
476,1,568.238,0.103948
475.5,1,567.372,0.103952
475,1,566.506,0.103959
474.5,1,565.64,0.103982
474,1,564.774,0.104029
473.5,1,563.908,0.104079
473,1,563.042,0.104132
472.5,1,562.176,0.104193
472,1,561.31,0.104257
471.5,1,560.444,0.104332
471,1,559.578,0.104456
470.5,1,558.712,0.104585
470,1,557.846,0.10472
469.5,1,556.98,0.104862
469,1,556.114,0.105009
468.5,1,555.248,0.105162
468,1,554.382,0.10538
467.5,1,553.516,0.105625
467,1,552.65,0.105901
466.5,1,551.784,0.10619
466,1,550.918,0.106493
465.5,1,550.052,0.10681
465,1,549.186,0.107191
464.5,1,548.32,0.107643
464,1,547.454,0.108115
463.5,1,546.588,0.108608
463,1,545.722,0.10912
462.5,1,544.856,0.109652
462,1,543.99,0.110246
461.5,1,543.124,0.111047
461,1,542.258,0.111889
460.5,1,541.392,0.112774
460,1,540.526,0.113699
459.5,1,539.66,0.114666
459,1,538.794,0.115675
458.5,1,537.928,0.116868
458,1,537.061,0.118133
457.5,1,536.195,0.119447
457,1,535.329,0.120809
456.5,1,534.463,0.122259
456,1,533.597,0.123859
455.5,1,532.731,0.125513
455,1,531.865,0.127199
454.5,1,530.999,0.128904
454,1,530.133,0.130628
453.5,1,529.267,0.13237
453,1,528.401,0.134131
452.5,1,527.535,0.135875
452,1,526.669,0.137506
451.5,1,525.803,0.139141
451,1,524.937,0.140767
450.5,1,524.071,0.142371
450,1,523.205,0.143972
449.5,1,522.339,0.14557
449,1,521.473,0.147096
448.5,1,520.607,0.148633
448,1,519.741,0.150189
447.5,1,518.875,0.151763
447,1,518.009,0.153355
446.5,1,517.143,0.154966
446,1,516.277,0.156555
445.5,1,515.411,0.158137
445,1,514.545,0.159735
444.5,1,513.679,0.16135
444,1,512.813,0.16298
443.5,1,511.947,0.164627
443,1,511.081,0.16621
442.5,1,510.215,0.167586
442,1,509.349,0.168944
441.5,1,508.483,0.170283
441,1,507.617,0.171605
440.5,1,506.751,0.172908
440,1,505.885,0.173997
439.5,1,505.019,0.174482
439,1,504.153,0.174942
438.5,1,503.286,0.175387
438,1,502.42,0.175817
437.5,1,501.554,0.176232
437,1,500.688,0.176633
436.5,1,499.822,0.176873
436,1,498.956,0.177041
435.5,1,498.09,0.177215
435,1,497.224,0.177397
434.5,1,496.358,0.177422
434,1,495.492,0.177313
433.5,1,494.626,0.177261
433,1,493.76,0.177313
432.5,1,492.894,0.177384
432,1,492.028,0.177475
431.5,1,491.162,0.177586
431,1,490.296,0.177717
430.5,1,489.43,0.177871
430,1,488.564,0.178128
429.5,1,487.698,0.178364
429,1,486.832,0.178272
428.5,1,485.966,0.178001
428,1,485.1,0.177773
427.5,1,484.234,0.177586
427,1,483.368,0.1777
426.5,1,482.502,0.178001
426,1,481.636,0.17839
425.5,1,480.77,0.178869
425,1,479.904,0.179436
424.5,1,479.038,0.180091
424,1,478.172,0.181222
423.5,1,477.306,0.182683
423,1,476.44,0.184008
422.5,1,475.574,0.185383
422,1,474.708,0.186808
421.5,1,473.842,0.188283
421,1,472.976,0.189839
420.5,1,472.11,0.191773
420,1,471.244,0.193696
419.5,1,470.378,0.195606
419,1,469.512,0.197505
418.5,1,468.645,0.199392
418,1,467.779,0.20017
417.5,1,466.913,0.20013
417,1,466.047,0.200068
416.5,1,465.181,0.200095
416,1,464.315,0.20021
415.5,1,463.449,0.200413
415,1,462.583,0.200704
414.5,1,461.717,0.200939
414,1,460.851,0.201229
413.5,1,459.985,0.201803
413,1,459.119,0.20266
412.5,1,458.253,0.203228
412,1,457.387,0.20373
411.5,1,456.521,0.204112
411,1,455.655,0.203316
410.5,1,454.789,0.202519
410,1,453.923,0.20172
409.5,1,453.057,0.200919
409,1,452.191,0.200117
408.5,1,451.325,0.199314
408,1,450.459,0.195753
407.5,1,449.593,0.191595
407,1,448.727,0.187063
406.5,1,447.861,0.182735
406,1,446.995,0.178702
405.5,1,446.129,0.174964
405,1,445.263,0.171889
404.5,1,444.397,0.169455
404,1,443.531,0.1673
403.5,1,442.665,0.165427
403,1,441.799,0.163834
402.5,1,440.933,0.162522
402,1,440.067,0.16172
401.5,1,439.201,0.162394
401,1,438.335,0.163223
400.5,1,437.469,0.164172
400,1,436.603,0.165242
399.5,1,435.737,0.166433
399,1,434.87,0.167743
398.5,1,434.004,0.169879
398,1,433.138,0.172146
397.5,1,432.272,0.174442
397,1,431.406,0.176766
396.5,1,430.54,0.17912
396,1,429.674,0.181519
395.5,1,428.808,0.183431
395,1,427.942,0.184981
394.5,1,427.076,0.186547
394,1,426.21,0.18813
393.5,1,425.344,0.189729
393,1,424.478,0.191346
392.5,1,423.612,0.19271
392,1,422.746,0.193209
391.5,1,421.88,0.193611
391,1,421.014,0.193908
390.5,1,420.148,0.193896
390,1,419.282,0.193678
389.5,1,418.416,0.193254
389,1,417.55,0.194197
388.5,1,416.684,0.194778
388,1,415.818,0.194877
387.5,1,414.952,0.194495
387,1,414.086,0.193632
386.5,1,413.22,0.192287
386,1,412.354,0.188652
385.5,1,411.488,0.184121
385,1,410.622,0.18049
384.5,1,409.756,0.177208
384,1,408.89,0.174274
383.5,1,408.024,0.17169
383,1,407.158,0.169905
382.5,1,406.292,0.169511
382,1,405.426,0.169487
381.5,1,404.56,0.169831
381,1,403.694,0.170546
380.5,1,402.828,0.17163
380,1,401.962,0.173116
379.5,1,401.095,0.175544
379,1,400.229,0.177846
378.5,1,399.363,0.180016
378,1,398.497,0.182052
377.5,1,397.631,0.183956
377,1,396.765,0.185727
376.5,1,395.899,0.186551
376,1,395.033,0.186857
375.5,1,394.167,0.187039
375,1,393.301,0.187096
374.5,1,392.435,0.187105
374,1,391.569,0.18735
373.5,1,390.703,0.186679
373,1,389.837,0.184239
372.5,1,388.971,0.181633
372,1,388.105,0.17886
371.5,1,387.239,0.175921
371,1,386.373,0.172815
370.5,1,385.507,0.169548
370,1,384.641,0.166179
369.5,1,383.775,0.162595
369,1,382.909,0.159118
368.5,1,382.043,0.156284
368,1,381.177,0.153283
367.5,1,380.311,0.150115
367,1,379.445,0.148816
366.5,1,378.579,0.148183
366,1,377.713,0.147482
365.5,1,376.847,0.146712
365,1,375.981,0.145873
364.5,1,375.115,0.144966
364,1,374.249,0.145834
363.5,1,373.383,0.150386
363,1,372.517,0.156769
362.5,1,371.651,0.163221
362,1,370.785,0.169742
361.5,1,369.919,0.176332
361,1,369.053,0.182922
360.5,1,368.187,0.188899
360,1,367.321,0.194814
359.5,1,366.454,0.200667
359,1,365.588,0.206458
358.5,1,364.722,0.212186
358,1,363.856,0.217687
357.5,1,362.99,0.219836
357,1,362.124,0.221967
356.5,1,361.258,0.225034
356,1,360.392,0.229037
355.5,1,359.526,0.233975
355,1,358.66,0.239848
354.5,1,357.794,0.248812
354,1,356.928,0.263099
353.5,1,356.062,0.28101
353,1,355.196,0.302543
352.5,1,354.33,0.319536
352,1,353.464,0.326761
351.5,1,352.598,0.326074
351,1,351.732,0.296457
350.5,1,350.866,0.272876
350,1,350,0.25533
349.5,1,349.134,0.24382
349,1,348.268,0.238346
348.5,1,347.402,0.238907
348,1,346.536,0.254048
347.5,1,345.67,0.268204
347,1,344.804,0.27411
346.5,1,343.938,0.27531
346,1,343.072,0.277063
345.5,1,342.206,0.279369
345,1,341.34,0.281919
344.5,1,340.474,0.284176
344,1,339.608,0.28624
343.5,1,338.742,0.288109
343,1,337.876,0.289785
342.5,1,337.01,0.291268
342,1,336.144,0.292588
341.5,1,335.278,0.295025
341,1,334.412,0.297927
340.5,1,333.546,0.300432
340,1,332.679,0.30254
339.5,1,331.813,0.30425
339,1,330.947,0.305563
338.5,1,330.081,0.307053
338,1,329.215,0.308382
337.5,1,328.349,0.309494
337,1,327.483,0.31039
336.5,1,326.617,0.311069
336,1,325.751,0.312521
335.5,1,324.885,0.314669
335,1,324.019,0.31689
334.5,1,323.153,0.318874
334,1,322.287,0.320621
333.5,1,321.421,0.322132
333,1,320.555,0.323406
332.5,1,319.689,0.324425
332,1,318.823,0.325255
331.5,1,317.957,0.326
331,1,317.091,0.326659
330.5,1,316.225,0.327714
330,1,315.359,0.328793
329.5,1,314.493,0.329695
329,1,313.627,0.329961
328.5,1,312.761,0.330062
328,1,311.895,0.33002
327.5,1,311.029,0.329837
327,1,310.163,0.329511
326.5,1,309.297,0.329043
326,1,308.431,0.327888
325.5,1,307.565,0.326516
325,1,306.699,0.325192
324.5,1,305.833,0.32383
324,1,304.967,0.322436
323.5,1,304.101,0.321011
323,1,303.235,0.318287
322.5,1,302.369,0.313165
322,1,301.503,0.30842
321.5,1,300.637,0.304052
321,1,299.771,0.300062
320.5,1,298.905,0.296449
320,1,298.038,0.293087
319.5,1,297.172,0.275908
319,1,296.306,0.258147
318.5,1,295.44,0.239987
318,1,294.574,0.221426
317.5,1,293.708,0.202466
317,1,292.842,0.183106
316.5,1,291.976,0.169542
316,1,291.11,0.158782
315.5,1,290.244,0.148192
315,1,289.378,0.137773
314.5,1,288.512,0.127524
314,1,287.646,0.11739
313.5,1,286.78,0.110733
313,1,285.914,0.109017
312.5,1,285.048,0.107308
312,1,284.182,0.105604
311.5,1,283.316,0.103906
311,1,282.45,0.102215
310.5,1,281.584,0.100618
310,1,280.718,0.100277
309.5,1,279.852,0.0998947
309,1,278.986,0.0994725
308.5,1,278.12,0.0990603
308,1,277.254,0.0985972
307.5,1,276.388,0.0980815
307,1,275.522,0.0979754
306.5,1,274.656,0.0979991
306,1,273.79,0.0980028
305.5,1,272.924,0.0979868
305,1,272.058,0.097951
304.5,1,271.192,0.0978953
304,1,270.326,0.0979986
303.5,1,269.46,0.0983179
303,1,268.594,0.0986323
302.5,1,267.728,0.0989357
302,1,266.862,0.0992281
301.5,1,265.996,0.0995095
301,1,265.13,0.099789
300.5,1,264.263,0.10013
300,1,263.397,0.100471
299.5,1,262.531,0.100812
299,1,261.665,0.101153
298.5,1,260.799,0.101495
298,1,259.933,0.101838
297.5,1,259.067,0.102106
297,1,258.201,0.102355
296.5,1,257.335,0.102603
296,1,256.469,0.102851
295.5,1,255.603,0.1031
295,1,254.737,0.103348
294.5,1,253.871,0.103573
294,1,253.005,0.103773
293.5,1,252.139,0.103974
293,1,251.273,0.104175
292.5,1,250.407,0.104377
292,1,249.541,0.104583
291.5,1,248.675,0.104784
291,1,247.809,0.104955
290.5,1,246.943,0.105127
290,1,246.077,0.105297
289.5,1,245.211,0.105468
289,1,244.345,0.105637
288.5,1,243.479,0.105807
288,1,242.613,0.10595
287.5,1,241.747,0.106088
287,1,240.881,0.106227
286.5,1,240.015,0.106368
286,1,239.149,0.106508
285.5,1,238.283,0.106648
285,1,237.417,0.106773
284.5,1,236.551,0.106886
284,1,235.685,0.106999
283.5,1,234.819,0.107111
283,1,233.953,0.107223
282.5,1,233.087,0.107334
282,1,232.221,0.107439
281.5,1,231.355,0.107528
281,1,230.488,0.107618
280.5,1,229.622,0.107707
280,1,228.756,0.107796
279.5,1,227.89,0.107884
279,1,227.024,0.107971
278.5,1,226.158,0.108044
278,1,225.292,0.108115
277.5,1,224.426,0.108186
277,1,223.56,0.108256
276.5,1,222.694,0.108326
276,1,221.828,0.108395
275.5,1,220.962,0.108457
275,1,220.096,0.108514
274.5,1,219.23,0.10857
274,1,218.364,0.108625
273.5,1,217.498,0.10868
273,1,216.632,0.108734
272.5,1,215.766,0.108785
272,1,214.9,0.108829
271.5,1,214.034,0.108873
271,1,213.168,0.108916
270.5,1,212.302,0.108959
270,1,211.436,0.109002
269.5,1,210.57,0.109044
269,1,209.704,0.109077
268.5,1,208.838,0.10911
268,1,207.972,0.109143
267.5,1,207.106,0.109175
267,1,206.24,0.109207
266.5,1,205.374,0.109239
266,1,204.508,0.109267
265.5,1,203.642,0.109292
265,1,202.776,0.109318
264.5,1,201.91,0.109343
264,1,201.044,0.109368
263.5,1,200.178,0.109393
263,1,199.312,0.109415
262.5,1,198.446,0.109434
262,1,197.58,0.109452
261.5,1,196.714,0.10947
261,1,195.847,0.109488
260.5,1,194.981,0.109506
260,1,194.115,0.109524
259.5,1,193.249,0.109538
259,1,192.383,0.109552
258.5,1,191.517,0.109565
258,1,190.651,0.109579
257.5,1,189.785,0.109592
257,1,188.919,0.109606
256.5,1,188.053,0.109616
256,1,187.187,0.109625
255.5,1,186.321,0.109634
255,1,185.455,0.109643
254.5,1,184.589,0.109652
254,1,183.723,0.109661
253.5,1,182.857,0.109669
253,1,181.991,0.109675
252.5,1,181.125,0.109682
252,1,180.259,0.109689
251.5,1,179.393,0.109695
251,1,178.527,0.109702
250.5,1,177.661,0.109708
250,1,176.795,0.109711
249.5,1,175.929,0.109715
249,1,175.063,0.109719
248.5,1,174.197,0.109722
248,1,173.331,0.109726
247.5,1,172.465,0.109729
247,1,171.599,0.109732
246.5,1,170.733,0.109734
246,1,169.867,0.109736
245.5,1,169.001,0.109738
245,1,168.135,0.10974
244.5,1,167.269,0.109742
244,1,166.403,0.109743
243.5,1,165.537,0.109744
243,1,164.671,0.109744
242.5,1,163.805,0.109744
242,1,162.939,0.109744
241.5,1,162.072,0.109744
241,1,161.206,0.109744
240.5,1,160.34,0.109743
240,1,159.474,0.109743
239.5,1,158.608,0.109742
239,1,157.742,0.109742
238.5,1,156.876,0.109741
238,1,156.01,0.109741
237.5,1,155.144,0.109739
237,1,154.278,0.109737
236.5,1,153.412,0.109736
236,1,152.546,0.109734
235.5,1,151.68,0.109732
235,1,150.814,0.109731
234.5,1,149.948,0.109729
234,1,149.082,0.109726
233.5,1,148.216,0.109724
233,1,147.35,0.109722
232.5,1,146.484,0.10972
232,1,145.618,0.109718
231.5,1,144.752,0.109716
231,1,143.886,0.109713
230.5,1,143.02,0.10971
230,1,142.154,0.109707
229.5,1,141.288,0.109704
229,1,140.422,0.109702
228.5,1,139.556,0.109699
228,1,138.69,0.109696
227.5,1,137.824,0.109693
227,1,136.958,0.10969
226.5,1,136.092,0.109686
226,1,135.226,0.109684
225.5,1,134.36,0.109681
225,1,133.494,0.109677
224.5,1,132.628,0.109674
224,1,131.762,0.10967
223.5,1,130.896,0.109667
223,1,130.03,0.109663
222.5,1,129.164,0.10966
222,1,128.297,0.109656
221.5,1,127.431,0.109652
221,1,126.565,0.109649
220.5,1,125.699,0.109645
220,1,124.833,0.109642
219.5,1,123.967,0.109638
219,1,123.101,0.109635
218.5,1,122.235,0.109631
218,1,121.369,0.109627
217.5,1,120.503,0.109623
217,1,119.637,0.109619
216.5,1,118.771,0.109616
216,1,117.905,0.109612
215.5,1,117.039,0.109608
215,1,116.173,0.109604
214.5,1,115.307,0.1096
214,1,114.441,0.109596
213.5,1,113.575,0.109592
213,1,112.709,0.109589
212.5,1,111.843,0.109585
212,1,110.977,0.109581
211.5,1,110.111,0.109577
211,1,109.245,0.109573
210.5,1,108.379,0.109569
210,1,107.513,0.109565
209.5,1,106.647,0.109561
209,1,105.781,0.109557
208.5,1,104.915,0.109553
208,1,104.049,0.109548
207.5,1,103.183,0.109544
207,1,102.317,0.10954
206.5,1,101.451,0.109536
206,1,100.585,0.109532
205.5,1,99.7187,0.109528
205,1,98.8526,0.109525
204.5,1,97.9866,0.109521
204,1,97.1206,0.109517
203.5,1,96.2546,0.109514
203,1,95.3885,0.10951
202.5,1,94.5225,0.109505
202,1,93.6565,0.109501
201.5,1,92.7905,0.109496
201,1,91.9244,0.109492
200.5,1,91.0584,0.109487
200,1,90.1924,0.109483
