x,y,z,b
500,1,609.808,0.110266
499.5,1,608.942,0.110396
499,1,608.076,0.110528
498.5,1,607.21,0.110662
498,1,606.344,0.110799
497.5,1,605.477,0.110937
497,1,604.611,0.111078
496.5,1,603.745,0.111231
496,1,602.879,0.111392
495.5,1,602.013,0.111554
495,1,601.147,0.111719
494.5,1,600.281,0.111886
494,1,599.415,0.112056
493.5,1,598.549,0.112229
493,1,597.683,0.112407
492.5,1,596.817,0.112587
492,1,595.951,0.112769
491.5,1,595.085,0.112953
491,1,594.219,0.113139
490.5,1,593.353,0.113327
490,1,592.487,0.113527
489.5,1,591.621,0.113729
489,1,590.755,0.113934
488.5,1,589.889,0.114141
488,1,589.023,0.11435
487.5,1,588.157,0.114561
487,1,587.291,0.114768
486.5,1,586.425,0.114974
486,1,585.559,0.115182
485.5,1,584.693,0.115392
485,1,583.827,0.115605
484.5,1,582.961,0.11582
484,1,582.095,0.116035
483.5,1,581.229,0.11625
483,1,580.363,0.116468
482.5,1,579.497,0.116689
482,1,578.631,0.116912
481.5,1,577.765,0.117138
481,1,576.899,0.117367
480.5,1,576.033,0.117589
480,1,575.167,0.117815
479.5,1,574.301,0.118044
479,1,573.435,0.118277
478.5,1,572.569,0.118513
478,1,571.703,0.118756
477.5,1,570.836,0.119016
477,1,569.97,0.119286
476.5,1,569.104,0.119561
476,1,568.238,0.119843
475.5,1,567.372,0.120131
475,1,566.506,0.120425
474.5,1,565.64,0.120734
474,1,564.774,0.121064
473.5,1,563.908,0.121402
473,1,563.042,0.121748
472.5,1,562.176,0.122109
472,1,561.31,0.122478
471.5,1,560.444,0.122863
471,1,559.578,0.123304
470.5,1,558.712,0.123758
470,1,557.846,0.124227
469.5,1,556.98,0.124709
469,1,556.114,0.125205
468.5,1,555.248,0.125716
468,1,554.382,0.126311
467.5,1,553.516,0.126942
467,1,552.65,0.127595
466.5,1,551.784,0.128269
466,1,550.918,0.128962
465.5,1,550.052,0.129676
465,1,549.186,0.130482
464.5,1,548.32,0.131393
464,1,547.454,0.132334
463.5,1,546.588,0.133304
463,1,545.722,0.134304
462.5,1,544.856,0.135334
462,1,543.99,0.136382
461.5,1,543.124,0.137402
461,1,542.258,0.138422
460.5,1,541.392,0.139441
460,1,540.526,0.140459
459.5,1,539.66,0.141477
459,1,538.794,0.142494
458.5,1,537.928,0.143071
458,1,537.061,0.143567
457.5,1,536.195,0.144054
457,1,535.329,0.144531
456.5,1,534.463,0.144976
456,1,533.597,0.145364
455.5,1,532.731,0.145697
455,1,531.865,0.14598
454.5,1,530.999,0.146261
454,1,530.133,0.146541
453.5,1,529.267,0.146819
453,1,528.401,0.147097
452.5,1,527.535,0.147456
452,1,526.669,0.148098
451.5,1,525.803,0.148745
451,1,524.937,0.149358
450.5,1,524.071,0.149898
450,1,523.205,0.150436
449.5,1,522.339,0.150974
449,1,521.473,0.152135
448.5,1,520.607,0.15337
448,1,519.741,0.154621
447.5,1,518.875,0.155889
447,1,518.009,0.157173
446.5,1,517.143,0.158474
446,1,516.277,0.159762
445.5,1,515.411,0.160946
445,1,514.545,0.16197
444.5,1,513.679,0.162979
444,1,512.813,0.163971
443.5,1,511.947,0.164948
443,1,511.081,0.165815
442.5,1,510.215,0.166429
442,1,509.349,0.167019
441.5,1,508.483,0.167587
441,1,507.617,0.168133
440.5,1,506.751,0.168656
440,1,505.885,0.169018
439.5,1,505.019,0.169164
439,1,504.153,0.169313
438.5,1,503.286,0.169467
438,1,502.42,0.169625
437.5,1,501.554,0.169788
437,1,500.688,0.169956
436.5,1,499.822,0.170207
436,1,498.956,0.170507
435.5,1,498.09,0.170815
435,1,497.224,0.17113
434.5,1,496.358,0.171398
434,1,495.492,0.171603
433.5,1,494.626,0.171754
433,1,493.76,0.171796
432.5,1,492.894,0.171774
432,1,492.028,0.171689
431.5,1,491.162,0.17154
431,1,490.296,0.171328
430.5,1,489.43,0.17105
430,1,488.564,0.17058
429.5,1,487.698,0.17
429,1,486.832,0.16938
428.5,1,485.966,0.168743
428,1,485.1,0.168048
427.5,1,484.234,0.167296
427,1,483.368,0.166551
426.5,1,482.502,0.165752
426,1,481.636,0.16487
425.5,1,480.77,0.163904
425,1,479.904,0.162855
424.5,1,479.038,0.161722
424,1,478.172,0.160569
423.5,1,477.306,0.15975
423,1,476.44,0.159094
422.5,1,475.574,0.158444
422,1,474.708,0.157797
421.5,1,473.842,0.157154
421,1,472.976,0.156536
420.5,1,472.11,0.156144
420,1,471.244,0.155737
419.5,1,470.378,0.155316
419,1,469.512,0.15488
418.5,1,468.645,0.154431
418,1,467.779,0.154175
417.5,1,466.913,0.154195
417,1,466.047,0.154298
416.5,1,465.181,0.154433
416,1,464.315,0.1546
415.5,1,463.449,0.154798
415,1,462.583,0.155028
414.5,1,461.717,0.155398
414,1,460.851,0.155915
413.5,1,459.985,0.156441
413,1,459.119,0.156977
412.5,1,458.253,0.157527
412,1,457.387,0.158088
411.5,1,456.521,0.158646
411,1,455.655,0.159138
410.5,1,454.789,0.159665
410,1,453.923,0.160227
409.5,1,453.057,0.160825
409,1,452.191,0.161458
408.5,1,451.325,0.162127
408,1,450.459,0.162887
407.5,1,449.593,0.163724
407,1,448.727,0.164743
406.5,1,447.861,0.165842
406,1,446.995,0.166997
405.5,1,446.129,0.168209
405,1,445.263,0.169284
404.5,1,444.397,0.170225
404,1,443.531,0.171219
403.5,1,442.665,0.172267
403,1,441.799,0.173367
402.5,1,440.933,0.17452
402,1,440.067,0.175685
401.5,1,439.201,0.17683
401,1,438.335,0.178053
400.5,1,437.469,0.179343
400,1,436.603,0.180701
399.5,1,435.737,0.182127
399,1,434.87,0.183621
398.5,1,434.004,0.1839
398,1,433.138,0.184027
397.5,1,432.272,0.184176
397,1,431.406,0.184348
396.5,1,430.54,0.184542
396,1,429.674,0.184777
395.5,1,428.808,0.185195
395,1,427.942,0.185602
394.5,1,427.076,0.185846
394,1,426.21,0.185928
393.5,1,425.344,0.185849
393,1,424.478,0.185608
392.5,1,423.612,0.185077
392,1,422.746,0.184089
391.5,1,421.88,0.183081
391,1,421.014,0.182054
390.5,1,420.148,0.181025
390,1,419.282,0.18
389.5,1,418.416,0.178979
389,1,417.55,0.176239
388.5,1,416.684,0.173399
388,1,415.818,0.170579
387.5,1,414.952,0.167779
387,1,414.086,0.165
386.5,1,413.22,0.162242
386,1,412.354,0.159515
385.5,1,411.488,0.156723
385,1,410.622,0.153773
384.5,1,409.756,0.150843
384,1,408.89,0.147932
383.5,1,408.024,0.14504
383,1,407.158,0.142791
382.5,1,406.292,0.141922
382,1,405.426,0.140979
381.5,1,404.56,0.139962
381,1,403.694,0.138871
380.5,1,402.828,0.137707
380,1,401.962,0.13649
379.5,1,401.095,0.136289
379,1,400.229,0.136014
378.5,1,399.363,0.135657
378,1,398.497,0.135216
377.5,1,397.631,0.134693
377,1,396.765,0.134087
376.5,1,395.899,0.134055
376,1,395.033,0.134396
375.5,1,394.167,0.134821
375,1,393.301,0.135331
374.5,1,392.435,0.136024
374,1,391.569,0.137213
373.5,1,390.703,0.138837
373,1,389.837,0.141093
372.5,1,388.971,0.143548
372,1,388.105,0.146202
371.5,1,387.239,0.149056
371,1,386.373,0.152108
370.5,1,385.507,0.155338
370,1,384.641,0.158285
369.5,1,383.775,0.16136
369,1,382.909,0.164627
368.5,1,382.043,0.168155
368,1,381.177,0.17177
367.5,1,380.311,0.17547
367,1,379.445,0.178292
366.5,1,378.579,0.180807
366,1,377.713,0.183365
365.5,1,376.847,0.185964
365,1,375.981,0.188605
364.5,1,375.115,0.191289
364,1,374.249,0.192898
363.5,1,373.383,0.192856
363,1,372.517,0.192736
362.5,1,371.651,0.192801
362,1,370.785,0.19305
361.5,1,369.919,0.193483
361,1,369.053,0.194009
360.5,1,368.187,0.194055
360,1,367.321,0.194539
359.5,1,366.454,0.195462
359,1,365.588,0.196823
358.5,1,364.722,0.198623
358,1,363.856,0.200588
357.5,1,362.99,0.195478
357,1,362.124,0.189277
356.5,1,361.258,0.183975
356,1,360.392,0.179572
355.5,1,359.526,0.176068
355,1,358.66,0.173463
354.5,1,357.794,0.184857
354,1,356.928,0.213066
353.5,1,356.062,0.243901
353,1,355.196,0.27736
352.5,1,354.33,0.305258
352,1,353.464,0.32131
351.5,1,352.598,0.32947
351,1,351.732,0.317601
350.5,1,350.866,0.306225
350,1,350,0.295342
349.5,1,349.134,0.284952
349,1,348.268,0.275056
348.5,1,347.402,0.265652
348,1,346.536,0.259357
347.5,1,345.67,0.255329
347,1,344.804,0.256842
346.5,1,343.938,0.261642
346,1,343.072,0.265944
345.5,1,342.206,0.269749
345,1,341.34,0.271096
344.5,1,340.474,0.270474
344,1,339.608,0.269722
343.5,1,338.742,0.26884
343,1,337.876,0.267829
342.5,1,337.01,0.266688
342,1,336.144,0.265005
341.5,1,335.278,0.261177
341,1,334.412,0.257044
340.5,1,333.546,0.253006
340,1,332.679,0.249065
339.5,1,331.813,0.24522
339,1,330.947,0.241471
338.5,1,330.081,0.239861
338,1,329.215,0.238585
337.5,1,328.349,0.237413
337,1,327.483,0.236345
336.5,1,326.617,0.235381
336,1,325.751,0.234645
335.5,1,324.885,0.234633
335,1,324.019,0.234958
334.5,1,323.153,0.23519
334,1,322.287,0.235329
333.5,1,321.421,0.235375
333,1,320.555,0.235328
332.5,1,319.689,0.2354
332,1,318.823,0.23567
331.5,1,317.957,0.235397
331,1,317.091,0.234581
330.5,1,316.225,0.234187
330,1,315.359,0.233812
329.5,1,314.493,0.233107
329,1,313.627,0.236309
328.5,1,312.761,0.239476
328,1,311.895,0.242407
327.5,1,311.029,0.245101
327,1,310.163,0.247558
326.5,1,309.297,0.249778
326,1,308.431,0.25586
325.5,1,307.565,0.264022
325,1,306.699,0.271367
324.5,1,305.833,0.277259
324,1,304.967,0.281731
323.5,1,304.101,0.284783
323,1,303.235,0.282015
322.5,1,302.369,0.269611
322,1,301.503,0.257214
321.5,1,300.637,0.244824
321,1,299.771,0.232442
320.5,1,298.905,0.220066
320,1,298.038,0.207755
319.5,1,297.172,0.205708
319,1,296.306,0.204683
318.5,1,295.44,0.203901
318,1,294.574,0.203363
317.5,1,293.708,0.203069
317,1,292.842,0.203017
316.5,1,291.976,0.202726
316,1,291.11,0.202147
315.5,1,290.244,0.201434
315,1,289.378,0.200587
314.5,1,288.512,0.199606
314,1,287.646,0.1997
313.5,1,286.78,0.199132
313,1,285.914,0.197397
312.5,1,285.048,0.196007
312,1,284.182,0.194963
311.5,1,283.316,0.194266
311,1,282.45,0.193914
310.5,1,281.584,0.193932
310,1,280.718,0.194586
309.5,1,279.852,0.195465
309,1,278.986,0.196567
308.5,1,278.12,0.19582
308,1,277.254,0.195139
307.5,1,276.388,0.194591
307,1,275.522,0.194561
306.5,1,274.656,0.194687
306,1,273.79,0.194827
305.5,1,272.924,0.194979
305,1,272.058,0.195145
304.5,1,271.192,0.195323
304,1,270.326,0.195784
303.5,1,269.46,0.196511
303,1,268.594,0.196246
302.5,1,267.728,0.195973
302,1,266.862,0.195692
301.5,1,265.996,0.195403
301,1,265.13,0.195119
300.5,1,264.263,0.19481
300,1,263.397,0.194282
299.5,1,262.531,0.193535
299,1,261.665,0.192569
298.5,1,260.799,0.191385
298,1,259.933,0.189891
297.5,1,259.067,0.187635
297,1,258.201,0.185349
296.5,1,257.335,0.182974
296,1,256.469,0.180509
295.5,1,255.603,0.177956
295,1,254.737,0.175313
294.5,1,253.871,0.172351
294,1,253.005,0.169051
293.5,1,252.139,0.16565
293,1,251.273,0.162146
292.5,1,250.407,0.158592
292,1,249.541,0.155292
291.5,1,248.675,0.151942
291,1,247.809,0.148303
290.5,1,246.943,0.144757
290,1,246.077,0.141305
289.5,1,245.211,0.137947
289,1,244.345,0.134681
288.5,1,243.479,0.131509
288,1,242.613,0.128405
287.5,1,241.747,0.125426
287,1,240.881,0.122723
286.5,1,240.015,0.120628
286,1,239.149,0.118599
285.5,1,238.283,0.116636
285,1,237.417,0.114832
284.5,1,236.551,0.113175
284,1,235.685,0.111588
283.5,1,234.819,0.110071
283,1,233.953,0.108625
282.5,1,233.087,0.107249
282,1,232.221,0.106007
281.5,1,231.355,0.105085
281,1,230.488,0.104331
280.5,1,229.622,0.103608
280,1,228.756,0.102915
279.5,1,227.89,0.102253
279,1,227.024,0.101622
278.5,1,226.158,0.101241
278,1,225.292,0.100901
277.5,1,224.426,0.100581
277,1,223.56,0.100282
276.5,1,222.694,0.100003
276,1,221.828,0.0997538
275.5,1,220.962,0.099631
275,1,220.096,0.0995768
274.5,1,219.23,0.0995296
274,1,218.364,0.0994895
273.5,1,217.498,0.0994564
273,1,216.632,0.0994303
272.5,1,215.766,0.0994386
272,1,214.9,0.0995206
271.5,1,214.034,0.0996086
271,1,213.168,0.0997026
270.5,1,212.302,0.099806
270,1,211.436,0.0999191
269.5,1,210.57,0.100036
269,1,209.704,0.100196
268.5,1,208.838,0.100358
268,1,207.972,0.10052
267.5,1,207.106,0.100682
267,1,206.24,0.100844
266.5,1,205.374,0.101007
266,1,204.508,0.101172
265.5,1,203.642,0.101339
265,1,202.776,0.101507
264.5,1,201.91,0.101675
264,1,201.044,0.101842
263.5,1,200.178,0.10201
263,1,199.312,0.102175
262.5,1,198.446,0.102337
262,1,197.58,0.102498
261.5,1,196.714,0.102659
261,1,195.847,0.102818
260.5,1,194.981,0.102977
260,1,194.115,0.103135
259.5,1,193.249,0.103284
259,1,192.383,0.103431
258.5,1,191.517,0.103578
258,1,190.651,0.103724
257.5,1,189.785,0.103869
257,1,188.919,0.104013
256.5,1,188.053,0.104147
256,1,187.187,0.104277
255.5,1,186.321,0.104406
255,1,185.455,0.104534
254.5,1,184.589,0.10466
254,1,183.723,0.104786
253.5,1,182.857,0.104907
253,1,181.991,0.10502
252.5,1,181.125,0.105132
252,1,180.259,0.105243
251.5,1,179.393,0.105354
251,1,178.527,0.105463
250.5,1,177.661,0.10557
250,1,176.795,0.105666
249.5,1,175.929,0.105761
249,1,175.063,0.105856
248.5,1,174.197,0.105949
248,1,173.331,0.106042
247.5,1,172.465,0.106135
247,1,171.599,0.106219
246.5,1,170.733,0.106301
246,1,169.867,0.106383
245.5,1,169.001,0.106463
245,1,168.135,0.106543
244.5,1,167.269,0.106622
244,1,166.403,0.106696
243.5,1,165.537,0.106765
243,1,164.671,0.106833
242.5,1,163.805,0.106901
242,1,162.939,0.106968
241.5,1,162.072,0.107034
241,1,161.206,0.107099
240.5,1,160.34,0.107157
240,1,159.474,0.107215
239.5,1,158.608,0.107272
239,1,157.742,0.107328
238.5,1,156.876,0.107384
238,1,156.01,0.107439
237.5,1,155.144,0.107489
237,1,154.278,0.107538
236.5,1,153.412,0.107586
236,1,152.546,0.107633
235.5,1,151.68,0.107681
235,1,150.814,0.107727
234.5,1,149.948,0.107771
234,1,149.082,0.107812
233.5,1,148.216,0.107852
233,1,147.35,0.107892
232.5,1,146.484,0.107932
232,1,145.618,0.107972
231.5,1,144.752,0.10801
231,1,143.886,0.108043
230.5,1,143.02,0.108077
230,1,142.154,0.10811
229.5,1,141.288,0.108143
229,1,140.422,0.108176
228.5,1,139.556,0.108208
228,1,138.69,0.108237
227.5,1,137.824,0.108265
227,1,136.958,0.108294
226.5,1,136.092,0.108321
226,1,135.226,0.108349
225.5,1,134.36,0.108377
225,1,133.494,0.108402
224.5,1,132.628,0.108425
224,1,131.762,0.108448
223.5,1,130.896,0.108471
223,1,130.03,0.108494
222.5,1,129.164,0.108516
222,1,128.297,0.108538
221.5,1,127.431,0.108558
221,1,126.565,0.108578
220.5,1,125.699,0.108598
220,1,124.833,0.108617
219.5,1,123.967,0.108636
219,1,123.101,0.108655
218.5,1,122.235,0.108672
218,1,121.369,0.108688
217.5,1,120.503,0.108704
217,1,119.637,0.108719
216.5,1,118.771,0.108735
216,1,117.905,0.10875
215.5,1,117.039,0.108765
215,1,116.173,0.108778
214.5,1,115.307,0.108792
214,1,114.441,0.108805
213.5,1,113.575,0.108819
213,1,112.709,0.108832
212.5,1,111.843,0.108844
212,1,110.977,0.108855
211.5,1,110.111,0.108865
211,1,109.245,0.108875
210.5,1,108.379,0.108885
210,1,107.513,0.108895
209.5,1,106.647,0.108905
209,1,105.781,0.108914
208.5,1,104.915,0.108923
208,1,104.049,0.108932
207.5,1,103.183,0.108941
207,1,102.317,0.10895
206.5,1,101.451,0.108959
206,1,100.585,0.108967
205.5,1,99.7187,0.108974
205,1,98.8526,0.108982
204.5,1,97.9866,0.108989
204,1,97.1206,0.108996
203.5,1,96.2546,0.109003
203,1,95.3885,0.10901
202.5,1,94.5225,0.109015
202,1,93.6565,0.10902
201.5,1,92.7905,0.109025
201,1,91.9244,0.10903
200.5,1,91.0584,0.109035
200,1,90.1924,0.10904
