x,y,z,b
500,1,609.808,0.109123
499.5,1,608.942,0.109123
499,1,608.076,0.109123
498.5,1,607.21,0.109122
498,1,606.344,0.109122
497.5,1,605.477,0.109122
497,1,604.611,0.109122
496.5,1,603.745,0.109122
496,1,602.879,0.109121
495.5,1,602.013,0.109121
495,1,601.147,0.109121
494.5,1,600.281,0.109121
494,1,599.415,0.10912
493.5,1,598.549,0.10912
493,1,597.683,0.10912
492.5,1,596.817,0.109119
492,1,595.951,0.109119
491.5,1,595.085,0.109119
491,1,594.219,0.109118
490.5,1,593.353,0.109118
490,1,592.487,0.109118
489.5,1,591.621,0.109118
489,1,590.755,0.109117
488.5,1,589.889,0.109117
488,1,589.023,0.109116
487.5,1,588.157,0.109116
487,1,587.291,0.109116
486.5,1,586.425,0.109115
486,1,585.559,0.109115
485.5,1,584.693,0.109115
485,1,583.827,0.109114
484.5,1,582.961,0.109114
484,1,582.095,0.109113
483.5,1,581.229,0.109113
483,1,580.363,0.109112
482.5,1,579.497,0.109112
482,1,578.631,0.109111
481.5,1,577.765,0.109111
481,1,576.899,0.109111
480.5,1,576.033,0.10911
480,1,575.167,0.109109
479.5,1,574.301,0.109109
479,1,573.435,0.109108
478.5,1,572.569,0.109108
478,1,571.703,0.109107
477.5,1,570.836,0.109107
477,1,569.97,0.109106
476.5,1,569.104,0.109105
476,1,568.238,0.109105
475.5,1,567.372,0.109104
475,1,566.506,0.109104
474.5,1,565.64,0.109103
474,1,564.774,0.109102
473.5,1,563.908,0.109101
473,1,563.042,0.109101
472.5,1,562.176,0.1091
472,1,561.31,0.109099
471.5,1,560.444,0.109098
471,1,559.578,0.109097
470.5,1,558.712,0.109097
470,1,557.846,0.109096
469.5,1,556.98,0.109095
469,1,556.114,0.109094
468.5,1,555.248,0.109093
468,1,554.382,0.109092
467.5,1,553.516,0.109091
467,1,552.65,0.10909
466.5,1,551.784,0.109089
466,1,550.918,0.109088
465.5,1,550.052,0.109087
465,1,549.186,0.109086
464.5,1,548.32,0.109085
464,1,547.454,0.109083
463.5,1,546.588,0.109082
463,1,545.722,0.109081
462.5,1,544.856,0.10908
462,1,543.99,0.109078
461.5,1,543.124,0.109077
461,1,542.258,0.109075
460.5,1,541.392,0.109074
460,1,540.526,0.109073
459.5,1,539.66,0.109071
459,1,538.794,0.10907
458.5,1,537.928,0.109068
458,1,537.061,0.109066
457.5,1,536.195,0.109064
457,1,535.329,0.109063
456.5,1,534.463,0.109061
456,1,533.597,0.109059
455.5,1,532.731,0.109057
455,1,531.865,0.109055
454.5,1,530.999,0.109053
454,1,530.133,0.109051
453.5,1,529.267,0.109049
453,1,528.401,0.109046
452.5,1,527.535,0.109044
452,1,526.669,0.109042
451.5,1,525.803,0.109039
451,1,524.937,0.109037
450.5,1,524.071,0.109034
450,1,523.205,0.109032
449.5,1,522.339,0.10903
449,1,521.473,0.109026
448.5,1,520.607,0.109023
448,1,519.741,0.10902
447.5,1,518.875,0.109017
447,1,518.009,0.109013
446.5,1,517.143,0.10901
446,1,516.277,0.109007
445.5,1,515.411,0.109003
445,1,514.545,0.108999
444.5,1,513.679,0.108996
444,1,512.813,0.108992
443.5,1,511.947,0.108988
443,1,511.081,0.108984
442.5,1,510.215,0.108979
442,1,509.349,0.108974
441.5,1,508.483,0.10897
441,1,507.617,0.108965
440.5,1,506.751,0.10896
440,1,505.885,0.108955
439.5,1,505.019,0.10895
439,1,504.153,0.108944
438.5,1,503.286,0.108938
438,1,502.42,0.108933
437.5,1,501.554,0.108927
437,1,500.688,0.108921
436.5,1,499.822,0.108914
436,1,498.956,0.108907
435.5,1,498.09,0.108899
435,1,497.224,0.108892
434.5,1,496.358,0.108884
434,1,495.492,0.108877
433.5,1,494.626,0.108869
433,1,493.76,0.10886
432.5,1,492.894,0.108851
432,1,492.028,0.108842
431.5,1,491.162,0.108833
431,1,490.296,0.108823
430.5,1,489.43,0.108814
430,1,488.564,0.108802
429.5,1,487.698,0.10879
429,1,486.832,0.108778
428.5,1,485.966,0.108766
428,1,485.1,0.108754
427.5,1,484.234,0.108742
427,1,483.368,0.108728
426.5,1,482.502,0.108714
426,1,481.636,0.108699
425.5,1,480.77,0.108684
425,1,479.904,0.108669
424.5,1,479.038,0.108654
424,1,478.172,0.108637
423.5,1,477.306,0.108617
423,1,476.44,0.108598
422.5,1,475.574,0.108578
422,1,474.708,0.108558
421.5,1,473.842,0.108537
421,1,472.976,0.108517
420.5,1,472.11,0.108492
420,1,471.244,0.108467
419.5,1,470.378,0.108442
419,1,469.512,0.108416
418.5,1,468.645,0.10839
418,1,467.779,0.108364
417.5,1,466.913,0.108333
417,1,466.047,0.108299
416.5,1,465.181,0.108265
416,1,464.315,0.10823
415.5,1,463.449,0.108195
415,1,462.583,0.10816
414.5,1,461.717,0.108121
414,1,460.851,0.108077
413.5,1,459.985,0.108032
413,1,459.119,0.107986
412.5,1,458.253,0.107941
412,1,457.387,0.107896
411.5,1,456.521,0.107849
411,1,455.655,0.107789
410.5,1,454.789,0.107729
410,1,453.923,0.107668
409.5,1,453.057,0.107606
409,1,452.191,0.107543
408.5,1,451.325,0.10748
408,1,450.459,0.107401
407.5,1,449.593,0.107318
407,1,448.727,0.107238
406.5,1,447.861,0.107157
406,1,446.995,0.107076
405.5,1,446.129,0.106994
405,1,445.263,0.106897
404.5,1,444.397,0.106785
404,1,443.531,0.106672
403.5,1,442.665,0.106558
403,1,441.799,0.106443
402.5,1,440.933,0.106326
402,1,440.067,0.106202
401.5,1,439.201,0.106052
401,1,438.335,0.105902
400.5,1,437.469,0.10575
400,1,436.603,0.105598
399.5,1,435.737,0.105445
399,1,434.87,0.105291
398.5,1,434.004,0.105075
398,1,433.138,0.104851
397.5,1,432.272,0.104626
397,1,431.406,0.1044
396.5,1,430.54,0.104174
396,1,429.674,0.103956
395.5,1,428.808,0.103651
395,1,427.942,0.103278
394.5,1,427.076,0.102909
394,1,426.21,0.102542
393.5,1,425.344,0.102179
393,1,424.478,0.101818
392.5,1,423.612,0.101454
392,1,422.746,0.101055
391.5,1,421.88,0.100626
391,1,421.014,0.100169
390.5,1,420.148,0.099746
390,1,419.282,0.0993129
389.5,1,418.416,0.0988696
389,1,417.55,0.0992072
388.5,1,416.684,0.0995437
388,1,415.818,0.0998223
387.5,1,414.952,0.100043
387,1,414.086,0.100205
386.5,1,413.22,0.10031
386,1,412.354,0.10133
385.5,1,411.488,0.102839
385,1,410.622,0.104265
384.5,1,409.756,0.105574
384,1,408.89,0.106767
383.5,1,408.024,0.107843
383,1,407.158,0.111081
382.5,1,406.292,0.119184
382,1,405.426,0.12685
381.5,1,404.56,0.134078
381,1,403.694,0.14087
380.5,1,402.828,0.147225
380,1,401.962,0.153057
379.5,1,401.095,0.164218
379,1,400.229,0.175584
378.5,1,399.363,0.187096
378,1,398.497,0.198755
377.5,1,397.631,0.21056
377,1,396.765,0.222512
376.5,1,395.899,0.22907
376,1,395.033,0.233412
375.5,1,394.167,0.238256
375,1,393.301,0.243601
374.5,1,392.435,0.249215
374,1,391.569,0.254752
373.5,1,390.703,0.258887
373,1,389.837,0.259384
372.5,1,388.971,0.260139
372,1,388.105,0.261153
371.5,1,387.239,0.262427
371,1,386.373,0.26396
370.5,1,385.507,0.265642
370,1,384.641,0.265204
369.5,1,383.775,0.264811
369,1,382.909,0.264408
368.5,1,382.043,0.264009
368,1,381.177,0.263814
367.5,1,380.311,0.263824
367,1,379.445,0.262459
366.5,1,378.579,0.260797
366,1,377.713,0.259431
365.5,1,376.847,0.258363
365,1,375.981,0.257591
364.5,1,375.115,0.257117
364,1,374.249,0.255463
363.5,1,373.383,0.251695
363,1,372.517,0.247963
362.5,1,371.651,0.244839
362,1,370.785,0.242324
361.5,1,369.919,0.240417
361,1,369.053,0.238853
360.5,1,368.187,0.235462
360,1,367.321,0.232495
359.5,1,366.454,0.229952
359,1,365.588,0.227832
358.5,1,364.722,0.226136
358,1,363.856,0.224529
357.5,1,362.99,0.221957
357,1,362.124,0.220076
356.5,1,361.258,0.219224
356,1,360.392,0.219401
355.5,1,359.526,0.220608
355,1,358.66,0.222843
354.5,1,357.794,0.226046
354,1,356.928,0.230396
353.5,1,356.062,0.236031
353,1,355.196,0.24295
352.5,1,354.33,0.240338
352,1,353.464,0.224045
351.5,1,352.598,0.201349
351,1,351.732,0.157972
350.5,1,350.866,0.117657
350,1,350,0.0804015
349.5,1,349.134,0.0462068
349,1,348.268,0.0150727
348.5,1,347.402,-0.013001
348,1,346.536,-0.0102696
347.5,1,345.67,0.00105637
347,1,344.804,0.0203932
346.5,1,343.938,0.0426036
346,1,343.072,0.0622485
345.5,1,342.206,0.0793281
345,1,341.34,0.0880699
344.5,1,340.474,0.0908038
344,1,339.608,0.0932249
343.5,1,338.742,0.0953334
343,1,337.876,0.0971291
342.5,1,337.01,0.0986122
342,1,336.144,0.100007
341.5,1,335.278,0.101464
341,1,334.412,0.102561
340.5,1,333.546,0.103693
340,1,332.679,0.104858
339.5,1,331.813,0.106058
339,1,330.947,0.107291
338.5,1,330.081,0.107704
338,1,329.215,0.108011
337.5,1,328.349,0.108309
337,1,327.483,0.108597
336.5,1,326.617,0.108874
336,1,325.751,0.109228
335.5,1,324.885,0.109659
335,1,324.019,0.110103
334.5,1,323.153,0.110524
334,1,322.287,0.110921
333.5,1,321.421,0.111293
333,1,320.555,0.111643
332.5,1,319.689,0.111902
332,1,318.823,0.111968
331.5,1,317.957,0.112024
331,1,317.091,0.112071
330.5,1,316.225,0.112099
330,1,315.359,0.112122
329.5,1,314.493,0.112146
329,1,313.627,0.1122
328.5,1,312.761,0.112251
328,1,311.895,0.112297
327.5,1,311.029,0.112338
327,1,310.163,0.112374
326.5,1,309.297,0.112405
326,1,308.431,0.112382
325.5,1,307.565,0.112332
325,1,306.699,0.112286
324.5,1,305.833,0.112241
324,1,304.967,0.112193
323.5,1,304.101,0.112145
323,1,303.235,0.112095
322.5,1,302.369,0.112046
322,1,301.503,0.111999
321.5,1,300.637,0.111952
321,1,299.771,0.111906
320.5,1,298.905,0.111861
320,1,298.038,0.111817
319.5,1,297.172,0.111751
319,1,296.306,0.111686
318.5,1,295.44,0.111622
318,1,294.574,0.111561
317.5,1,293.708,0.1115
317,1,292.842,0.111441
316.5,1,291.976,0.111385
316,1,291.11,0.111329
315.5,1,290.244,0.111273
315,1,289.378,0.111218
314.5,1,288.512,0.111164
314,1,287.646,0.11111
313.5,1,286.78,0.111058
313,1,285.914,0.111006
312.5,1,285.048,0.110954
312,1,284.182,0.110903
311.5,1,283.316,0.110853
311,1,282.45,0.110804
310.5,1,281.584,0.110755
310,1,280.718,0.110711
309.5,1,279.852,0.110667
309,1,278.986,0.110624
308.5,1,278.12,0.110582
308,1,277.254,0.110542
307.5,1,276.388,0.110501
307,1,275.522,0.110463
306.5,1,274.656,0.110426
306,1,273.79,0.110389
305.5,1,272.924,0.110353
305,1,272.058,0.110318
304.5,1,271.192,0.110284
304,1,270.326,0.110251
303.5,1,269.46,0.11022
303,1,268.594,0.11019
302.5,1,267.728,0.11016
302,1,266.862,0.110131
301.5,1,265.996,0.110103
301,1,265.13,0.110075
300.5,1,264.263,0.110049
300,1,263.397,0.110024
299.5,1,262.531,0.11
299,1,261.665,0.109975
298.5,1,260.799,0.109952
298,1,259.933,0.109928
297.5,1,259.067,0.109907
297,1,258.201,0.109887
296.5,1,257.335,0.109867
296,1,256.469,0.109847
295.5,1,255.603,0.109828
295,1,254.737,0.109809
294.5,1,253.871,0.109791
294,1,253.005,0.109774
293.5,1,252.139,0.109758
293,1,251.273,0.109741
292.5,1,250.407,0.109725
292,1,249.541,0.10971
291.5,1,248.675,0.109695
291,1,247.809,0.109681
290.5,1,246.943,0.109667
290,1,246.077,0.109654
289.5,1,245.211,0.10964
289,1,244.345,0.109627
288.5,1,243.479,0.109614
288,1,242.613,0.109603
287.5,1,241.747,0.109591
287,1,240.881,0.10958
286.5,1,240.015,0.109569
286,1,239.149,0.109559
285.5,1,238.283,0.109548
285,1,237.417,0.109538
284.5,1,236.551,0.109529
284,1,235.685,0.109519
283.5,1,234.819,0.10951
283,1,233.953,0.109501
282.5,1,233.087,0.109492
282,1,232.221,0.109484
281.5,1,231.355,0.109476
281,1,230.488,0.109468
280.5,1,229.622,0.10946
280,1,228.756,0.109453
279.5,1,227.89,0.109446
279,1,227.024,0.109438
278.5,1,226.158,0.109432
278,1,225.292,0.109425
277.5,1,224.426,0.109418
277,1,223.56,0.109412
276.5,1,222.694,0.109405
276,1,221.828,0.109399
275.5,1,220.962,0.109393
275,1,220.096,0.109388
274.5,1,219.23,0.109382
274,1,218.364,0.109377
273.5,1,217.498,0.109372
273,1,216.632,0.109367
272.5,1,215.766,0.109362
272,1,214.9,0.109357
271.5,1,214.034,0.109352
271,1,213.168,0.109347
270.5,1,212.302,0.109343
270,1,211.436,0.109338
269.5,1,210.57,0.109334
269,1,209.704,0.10933
268.5,1,208.838,0.109326
268,1,207.972,0.109322
267.5,1,207.106,0.109318
267,1,206.24,0.109314
266.5,1,205.374,0.109311
266,1,204.508,0.109307
265.5,1,203.642,0.109303
265,1,202.776,0.1093
264.5,1,201.91,0.109297
264,1,201.044,0.109293
263.5,1,200.178,0.10929
263,1,199.312,0.109287
262.5,1,198.446,0.109284
262,1,197.58,0.109281
261.5,1,196.714,0.109278
261,1,195.847,0.109276
260.5,1,194.981,0.109273
260,1,194.115,0.10927
259.5,1,193.249,0.109268
259,1,192.383,0.109265
258.5,1,191.517,0.109263
258,1,190.651,0.10926
257.5,1,189.785,0.109258
257,1,188.919,0.109255
256.5,1,188.053,0.109253
256,1,187.187,0.109251
255.5,1,186.321,0.109249
255,1,185.455,0.109247
254.5,1,184.589,0.109245
254,1,183.723,0.109243
253.5,1,182.857,0.109241
253,1,181.991,0.109239
252.5,1,181.125,0.109237
252,1,180.259,0.109235
251.5,1,179.393,0.109233
251,1,178.527,0.109232
250.5,1,177.661,0.10923
250,1,176.795,0.109228
249.5,1,175.929,0.109227
249,1,175.063,0.109225
248.5,1,174.197,0.109223
248,1,173.331,0.109222
247.5,1,172.465,0.10922
247,1,171.599,0.109219
246.5,1,170.733,0.109217
246,1,169.867,0.109216
245.5,1,169.001,0.109214
245,1,168.135,0.109213
244.5,1,167.269,0.109212
244,1,166.403,0.10921
243.5,1,165.537,0.109209
243,1,164.671,0.109208
242.5,1,163.805,0.109207
242,1,162.939,0.109206
241.5,1,162.072,0.109204
241,1,161.206,0.109203
240.5,1,160.34,0.109202
240,1,159.474,0.109201
239.5,1,158.608,0.1092
239,1,157.742,0.109199
238.5,1,156.876,0.109198
238,1,156.01,0.109197
237.5,1,155.144,0.109196
237,1,154.278,0.109195
236.5,1,153.412,0.109194
236,1,152.546,0.109193
235.5,1,151.68,0.109192
235,1,150.814,0.109191
234.5,1,149.948,0.10919
234,1,149.082,0.10919
233.5,1,148.216,0.109189
233,1,147.35,0.109188
232.5,1,146.484,0.109187
232,1,145.618,0.109186
231.5,1,144.752,0.109185
231,1,143.886,0.109184
230.5,1,143.02,0.109184
230,1,142.154,0.109183
229.5,1,141.288,0.109182
229,1,140.422,0.109182
228.5,1,139.556,0.109181
228,1,138.69,0.10918
227.5,1,137.824,0.109179
227,1,136.958,0.109179
226.5,1,136.092,0.109178
226,1,135.226,0.109177
225.5,1,134.36,0.109177
225,1,133.494,0.109176
224.5,1,132.628,0.109175
224,1,131.762,0.109175
223.5,1,130.896,0.109174
223,1,130.03,0.109174
222.5,1,129.164,0.109173
222,1,128.297,0.109172
221.5,1,127.431,0.109172
221,1,126.565,0.109171
220.5,1,125.699,0.109171
220,1,124.833,0.10917
219.5,1,123.967,0.10917
219,1,123.101,0.109169
218.5,1,122.235,0.109168
218,1,121.369,0.109168
217.5,1,120.503,0.109167
217,1,119.637,0.109167
216.5,1,118.771,0.109166
216,1,117.905,0.109166
215.5,1,117.039,0.109165
215,1,116.173,0.109165
214.5,1,115.307,0.109164
214,1,114.441,0.109164
213.5,1,113.575,0.109163
213,1,112.709,0.109163
212.5,1,111.843,0.109163
212,1,110.977,0.109162
211.5,1,110.111,0.109162
211,1,109.245,0.109161
210.5,1,108.379,0.109161
210,1,107.513,0.10916
209.5,1,106.647,0.10916
209,1,105.781,0.10916
208.5,1,104.915,0.109159
208,1,104.049,0.109159
207.5,1,103.183,0.109158
207,1,102.317,0.109158
206.5,1,101.451,0.109157
206,1,100.585,0.109157
205.5,1,99.7187,0.109157
205,1,98.8526,0.109156
204.5,1,97.9866,0.109156
204,1,97.1206,0.109156
203.5,1,96.2546,0.109155
203,1,95.3885,0.109155
202.5,1,94.5225,0.109154
202,1,93.6565,0.109154
201.5,1,92.7905,0.109154
201,1,91.9244,0.109153
200.5,1,91.0584,0.109153
200,1,90.1924,0.109153
