x,y,z,b
500,1,609.808,0.107352
499.5,1,608.942,0.107315
499,1,608.076,0.107278
498.5,1,607.21,0.107241
498,1,606.344,0.107203
497.5,1,605.477,0.107165
497,1,604.611,0.107126
496.5,1,603.745,0.107085
496,1,602.879,0.107042
495.5,1,602.013,0.106999
495,1,601.147,0.106955
494.5,1,600.281,0.106911
494,1,599.415,0.106866
493.5,1,598.549,0.10682
493,1,597.683,0.106772
492.5,1,596.817,0.106722
492,1,595.951,0.106673
491.5,1,595.085,0.106623
491,1,594.219,0.106572
490.5,1,593.353,0.106521
490,1,592.487,0.106466
489.5,1,591.621,0.106409
489,1,590.755,0.106353
488.5,1,589.889,0.106295
488,1,589.023,0.106237
487.5,1,588.157,0.106179
487,1,587.291,0.106118
486.5,1,586.425,0.106055
486,1,585.559,0.105992
485.5,1,584.693,0.105928
485,1,583.827,0.105863
484.5,1,582.961,0.105798
484,1,582.095,0.105731
483.5,1,581.229,0.105659
483,1,580.363,0.105587
482.5,1,579.497,0.105514
482,1,578.631,0.105441
481.5,1,577.765,0.105366
481,1,576.899,0.105291
480.5,1,576.033,0.105211
480,1,575.167,0.10513
479.5,1,574.301,0.105049
479,1,573.435,0.104967
478.5,1,572.569,0.104884
478,1,571.703,0.104799
477.5,1,570.836,0.104711
477,1,569.97,0.104622
476.5,1,569.104,0.104531
476,1,568.238,0.10444
475.5,1,567.372,0.104347
475,1,566.506,0.104254
474.5,1,565.64,0.10416
474,1,564.774,0.104063
473.5,1,563.908,0.103967
473,1,563.042,0.103869
472.5,1,562.176,0.103769
472,1,561.31,0.103669
471.5,1,560.444,0.103567
471,1,559.578,0.103465
470.5,1,558.712,0.103361
470,1,557.846,0.103257
469.5,1,556.98,0.103151
469,1,556.114,0.103045
468.5,1,555.248,0.102938
468,1,554.382,0.102835
467.5,1,553.516,0.102733
467,1,552.65,0.10263
466.5,1,551.784,0.102526
466,1,550.918,0.102421
465.5,1,550.052,0.102316
465,1,549.186,0.102221
464.5,1,548.32,0.102136
464,1,547.454,0.102053
463.5,1,546.588,0.10197
463,1,545.722,0.101889
462.5,1,544.856,0.101809
462,1,543.99,0.101741
461.5,1,543.124,0.101729
461,1,542.258,0.101725
460.5,1,541.392,0.10173
460,1,540.526,0.101743
459.5,1,539.66,0.101764
459,1,538.794,0.101794
458.5,1,537.928,0.101906
458,1,537.061,0.102043
457.5,1,536.195,0.102193
457,1,535.329,0.102355
456.5,1,534.463,0.102546
456,1,533.597,0.102795
455.5,1,532.731,0.103146
455,1,531.865,0.103599
454.5,1,530.999,0.104091
454,1,530.133,0.104622
453.5,1,529.267,0.105191
453,1,528.401,0.1058
452.5,1,527.535,0.106494
452,1,526.669,0.107393
451.5,1,525.803,0.108343
451,1,524.937,0.109419
450.5,1,524.071,0.110698
450,1,523.205,0.11204
449.5,1,522.339,0.113446
449,1,521.473,0.115001
448.5,1,520.607,0.116604
448,1,519.741,0.118243
447.5,1,518.875,0.119921
447,1,518.009,0.121636
446.5,1,517.143,0.123388
446,1,516.277,0.125131
445.5,1,515.411,0.126882
445,1,514.545,0.128665
444.5,1,513.679,0.130451
444,1,512.813,0.132239
443.5,1,511.947,0.13403
443,1,511.081,0.135829
442.5,1,510.215,0.137659
442,1,509.349,0.139511
441.5,1,508.483,0.141386
441,1,507.617,0.143285
440.5,1,506.751,0.145206
440,1,505.885,0.147161
439.5,1,505.019,0.149134
439,1,504.153,0.151128
438.5,1,503.286,0.153141
438,1,502.42,0.155175
437.5,1,501.554,0.157229
437,1,500.688,0.159303
436.5,1,499.822,0.161236
436,1,498.956,0.163087
435.5,1,498.09,0.164938
435,1,497.224,0.166789
434.5,1,496.358,0.16851
434,1,495.492,0.1701
433.5,1,494.626,0.171604
433,1,493.76,0.172975
432.5,1,492.894,0.174343
432,1,492.028,0.175706
431.5,1,491.162,0.177066
431,1,490.296,0.178422
430.5,1,489.43,0.17976
430,1,488.564,0.180581
429.5,1,487.698,0.181352
429,1,486.832,0.181816
428.5,1,485.966,0.182107
428,1,485.1,0.182417
427.5,1,484.234,0.182747
427,1,483.368,0.182843
426.5,1,482.502,0.182843
426,1,481.636,0.182846
425.5,1,480.77,0.182853
425,1,479.904,0.182863
424.5,1,479.038,0.182876
424,1,478.172,0.183156
423.5,1,477.306,0.183882
423,1,476.44,0.184726
422.5,1,475.574,0.185698
422,1,474.708,0.186798
421.5,1,473.842,0.188026
421,1,472.976,0.189431
420.5,1,472.11,0.191473
420,1,471.244,0.193559
419.5,1,470.378,0.195689
419,1,469.512,0.197862
418.5,1,468.645,0.200079
418,1,467.779,0.201611
417.5,1,466.913,0.203324
417,1,466.047,0.205144
416.5,1,465.181,0.206942
416,1,464.315,0.208715
415.5,1,463.449,0.210465
415,1,462.583,0.212192
414.5,1,461.717,0.213486
414,1,460.851,0.214297
413.5,1,459.985,0.215137
413,1,459.119,0.216004
412.5,1,458.253,0.216633
412,1,457.387,0.217371
411.5,1,456.521,0.218063
411,1,455.655,0.217367
410.5,1,454.789,0.216799
410,1,453.923,0.216359
409.5,1,453.057,0.216048
409,1,452.191,0.215864
408.5,1,451.325,0.21581
408,1,450.459,0.214103
407.5,1,449.593,0.212059
407,1,448.727,0.209553
406.5,1,447.861,0.206905
406,1,446.995,0.2042
405.5,1,446.129,0.201438
405,1,445.263,0.198652
404.5,1,444.397,0.195814
404,1,443.531,0.192881
403.5,1,442.665,0.189853
403,1,441.799,0.18673
402.5,1,440.933,0.183513
402,1,440.067,0.180621
401.5,1,439.201,0.179464
401,1,438.335,0.178412
400.5,1,437.469,0.17747
400,1,436.603,0.176638
399.5,1,435.737,0.175915
399,1,434.87,0.175302
398.5,1,434.004,0.175221
398,1,433.138,0.175276
397.5,1,432.272,0.175406
397,1,431.406,0.175612
396.5,1,430.54,0.175893
396,1,429.674,0.176464
395.5,1,428.808,0.177433
395,1,427.942,0.178687
394.5,1,427.076,0.180004
394,1,426.21,0.181381
393.5,1,425.344,0.18282
393,1,424.478,0.184321
392.5,1,423.612,0.186278
392,1,422.746,0.189366
391.5,1,421.88,0.192326
391,1,421.014,0.195158
390.5,1,420.148,0.197823
390,1,419.282,0.200288
389.5,1,418.416,0.202553
389,1,417.55,0.206439
388.5,1,416.684,0.209879
388,1,415.818,0.212732
387.5,1,414.952,0.214998
387,1,414.086,0.216677
386.5,1,413.22,0.21777
386,1,412.354,0.215809
385.5,1,411.488,0.212552
385,1,410.622,0.209888
384.5,1,409.756,0.207384
384,1,408.89,0.20504
383.5,1,408.024,0.202856
383,1,407.158,0.200552
382.5,1,406.292,0.197737
382,1,405.426,0.195031
381.5,1,404.56,0.192435
381,1,403.694,0.189948
380.5,1,402.828,0.18757
380,1,401.962,0.18531
379.5,1,401.095,0.183766
379,1,400.229,0.182512
378.5,1,399.363,0.181542
378,1,398.497,0.180856
377.5,1,397.631,0.180454
377,1,396.765,0.180337
376.5,1,395.899,0.180618
376,1,395.033,0.181137
375.5,1,394.167,0.181816
375,1,393.301,0.182657
374.5,1,392.435,0.183524
374,1,391.569,0.184
373.5,1,390.703,0.184126
373,1,389.837,0.183604
372.5,1,388.971,0.18313
372,1,388.105,0.182705
371.5,1,387.239,0.182328
371,1,386.373,0.182
370.5,1,385.507,0.18158
370,1,384.641,0.17826
369.5,1,383.775,0.1749
369,1,382.909,0.171505
368.5,1,382.043,0.16826
368,1,381.177,0.165257
367.5,1,380.311,0.162494
367,1,379.445,0.160202
366.5,1,378.579,0.15821
366,1,377.713,0.15643
365.5,1,376.847,0.154861
365,1,375.981,0.153504
364.5,1,375.115,0.15236
364,1,374.249,0.153919
363.5,1,373.383,0.160277
363,1,372.517,0.16854
362.5,1,371.651,0.177288
362,1,370.785,0.186521
361.5,1,369.919,0.196239
361,1,369.053,0.20615
360.5,1,368.187,0.213729
360,1,367.321,0.221351
359.5,1,366.454,0.229015
359,1,365.588,0.236722
358.5,1,364.722,0.244472
358,1,363.856,0.250802
357.5,1,362.99,0.253293
357,1,362.124,0.25647
356.5,1,361.258,0.26096
356,1,360.392,0.266763
355.5,1,359.526,0.273878
355,1,358.66,0.282307
354.5,1,357.794,0.292142
354,1,356.928,0.305005
353.5,1,356.062,0.321371
353,1,355.196,0.341238
352.5,1,354.33,0.353245
352,1,353.464,0.350946
351.5,1,352.598,0.339704
351,1,351.732,0.300521
350.5,1,350.866,0.268403
350,1,350,0.24335
349.5,1,349.134,0.225362
349,1,348.268,0.214438
348.5,1,347.402,0.210579
348,1,346.536,0.222811
347.5,1,345.67,0.236858
347,1,344.804,0.248043
346.5,1,343.938,0.25656
346,1,343.072,0.264501
345.5,1,342.206,0.271866
345,1,341.34,0.275843
344.5,1,340.474,0.277538
344,1,339.608,0.279716
343.5,1,338.742,0.282377
343,1,337.876,0.285521
342.5,1,337.01,0.289149
342,1,336.144,0.292902
341.5,1,335.278,0.29444
341,1,334.412,0.29528
340.5,1,333.546,0.296411
340,1,332.679,0.297834
339.5,1,331.813,0.299547
339,1,330.947,0.301551
338.5,1,330.081,0.298425
338,1,329.215,0.296032
337.5,1,328.349,0.29504
337,1,327.483,0.295451
336.5,1,326.617,0.297263
336,1,325.751,0.297908
335.5,1,324.885,0.292074
335,1,324.019,0.283255
334.5,1,323.153,0.275713
334,1,322.287,0.269449
333.5,1,321.421,0.264461
333,1,320.555,0.260751
332.5,1,319.689,0.256173
332,1,318.823,0.245678
331.5,1,317.957,0.234316
331,1,317.091,0.222087
330.5,1,316.225,0.209107
330,1,315.359,0.196691
329.5,1,314.493,0.185018
329,1,313.627,0.178331
328.5,1,312.761,0.170447
328,1,311.895,0.161111
327.5,1,311.029,0.150323
327,1,310.163,0.138083
326.5,1,309.297,0.124392
326,1,308.431,0.117873
325.5,1,307.565,0.115699
325,1,306.699,0.113573
324.5,1,305.833,0.111031
324,1,304.967,0.107944
323.5,1,304.101,0.104313
323,1,303.235,0.101391
322.5,1,302.369,0.100861
322,1,301.503,0.100285
321.5,1,300.637,0.0996617
321,1,299.771,0.0989917
320.5,1,298.905,0.0982749
320,1,298.038,0.0975197
319.5,1,297.172,0.0975958
319,1,296.306,0.0976656
318.5,1,295.44,0.0977291
318,1,294.574,0.0977863
317.5,1,293.708,0.0978373
317,1,292.842,0.097882
316.5,1,291.976,0.0982077
316,1,291.11,0.0986633
315.5,1,290.244,0.0991246
315,1,289.378,0.0995915
314.5,1,288.512,0.100064
314,1,287.646,0.10057
313.5,1,286.78,0.101013
313,1,285.914,0.101344
312.5,1,285.048,0.101676
312,1,284.182,0.102009
311.5,1,283.316,0.102343
311,1,282.45,0.102678
310.5,1,281.584,0.103006
310,1,280.718,0.103236
309.5,1,279.852,0.103467
309,1,278.986,0.103699
308.5,1,278.12,0.103941
308,1,277.254,0.104184
307.5,1,276.388,0.104428
307,1,275.522,0.104636
306.5,1,274.656,0.104832
306,1,273.79,0.105028
305.5,1,272.924,0.105225
305,1,272.058,0.105422
304.5,1,271.192,0.105619
304,1,270.326,0.105799
303.5,1,269.46,0.105956
303,1,268.594,0.106125
302.5,1,267.728,0.106293
302,1,266.862,0.10646
301.5,1,265.996,0.106627
301,1,265.13,0.10679
300.5,1,264.263,0.106924
300,1,263.397,0.107058
299.5,1,262.531,0.107191
299,1,261.665,0.107324
298.5,1,260.799,0.107456
298,1,259.933,0.107589
297.5,1,259.067,0.107702
297,1,258.201,0.107809
296.5,1,257.335,0.107916
296,1,256.469,0.108022
295.5,1,255.603,0.108128
295,1,254.737,0.108233
294.5,1,253.871,0.108327
294,1,253.005,0.108411
293.5,1,252.139,0.108494
293,1,251.273,0.108576
292.5,1,250.407,0.108658
292,1,249.541,0.108741
291.5,1,248.675,0.108821
291,1,247.809,0.108887
290.5,1,246.943,0.108953
290,1,246.077,0.109018
289.5,1,245.211,0.109083
289,1,244.345,0.109147
288.5,1,243.479,0.10921
288,1,242.613,0.109261
287.5,1,241.747,0.10931
287,1,240.881,0.109359
286.5,1,240.015,0.109407
286,1,239.149,0.109455
285.5,1,238.283,0.109503
285,1,237.417,0.109545
284.5,1,236.551,0.109582
284,1,235.685,0.109618
283.5,1,234.819,0.109655
283,1,233.953,0.10969
282.5,1,233.087,0.109726
282,1,232.221,0.109759
281.5,1,231.355,0.109784
281,1,230.488,0.10981
280.5,1,229.622,0.109835
280,1,228.756,0.10986
279.5,1,227.89,0.109884
279,1,227.024,0.109908
278.5,1,226.158,0.109927
278,1,225.292,0.109944
277.5,1,224.426,0.109962
277,1,223.56,0.109979
276.5,1,222.694,0.109996
276,1,221.828,0.110013
275.5,1,220.962,0.110026
275,1,220.096,0.110037
274.5,1,219.23,0.110047
274,1,218.364,0.110058
273.5,1,217.498,0.110068
273,1,216.632,0.110078
272.5,1,215.766,0.110086
272,1,214.9,0.110092
271.5,1,214.034,0.110099
271,1,213.168,0.110105
270.5,1,212.302,0.110111
270,1,211.436,0.110116
269.5,1,210.57,0.110122
269,1,209.704,0.110124
268.5,1,208.838,0.110126
268,1,207.972,0.110128
267.5,1,207.106,0.110129
267,1,206.24,0.110131
266.5,1,205.374,0.110133
266,1,204.508,0.110133
265.5,1,203.642,0.110132
265,1,202.776,0.110132
264.5,1,201.91,0.110131
264,1,201.044,0.110131
263.5,1,200.178,0.11013
263,1,199.312,0.110129
262.5,1,198.446,0.110126
262,1,197.58,0.110123
261.5,1,196.714,0.11012
261,1,195.847,0.110117
260.5,1,194.981,0.110113
260,1,194.115,0.11011
259.5,1,193.249,0.110106
259,1,192.383,0.110102
258.5,1,191.517,0.110098
258,1,190.651,0.110094
257.5,1,189.785,0.11009
257,1,188.919,0.110086
256.5,1,188.053,0.110081
256,1,187.187,0.110076
255.5,1,186.321,0.110071
255,1,185.455,0.110065
254.5,1,184.589,0.11006
254,1,183.723,0.110055
253.5,1,182.857,0.110049
253,1,181.991,0.110044
252.5,1,181.125,0.110038
252,1,180.259,0.110032
251.5,1,179.393,0.110027
251,1,178.527,0.110021
250.5,1,177.661,0.110016
250,1,176.795,0.110009
249.5,1,175.929,0.110003
249,1,175.063,0.109996
248.5,1,174.197,0.10999
248,1,173.331,0.109984
247.5,1,172.465,0.109977
247,1,171.599,0.109971
246.5,1,170.733,0.109965
246,1,169.867,0.109959
245.5,1,169.001,0.109953
245,1,168.135,0.109946
244.5,1,167.269,0.10994
244,1,166.403,0.109934
243.5,1,165.537,0.109927
243,1,164.671,0.109921
242.5,1,163.805,0.109914
242,1,162.939,0.109908
241.5,1,162.072,0.109902
241,1,161.206,0.109895
240.5,1,160.34,0.109889
240,1,159.474,0.109883
239.5,1,158.608,0.109877
239,1,157.742,0.10987
238.5,1,156.876,0.109864
238,1,156.01,0.109858
237.5,1,155.144,0.109852
237,1,154.278,0.109846
236.5,1,153.412,0.10984
236,1,152.546,0.109833
235.5,1,151.68,0.109827
235,1,150.814,0.109821
234.5,1,149.948,0.109815
234,1,149.082,0.109809
233.5,1,148.216,0.109803
233,1,147.35,0.109797
232.5,1,146.484,0.109791
232,1,145.618,0.109786
231.5,1,144.752,0.10978
231,1,143.886,0.109774
230.5,1,143.02,0.109769
230,1,142.154,0.109763
229.5,1,141.288,0.109757
229,1,140.422,0.109752
228.5,1,139.556,0.109746
228,1,138.69,0.10974
227.5,1,137.824,0.109735
227,1,136.958,0.109729
226.5,1,136.092,0.109724
226,1,135.226,0.109718
225.5,1,134.36,0.109713
225,1,133.494,0.109708
224.5,1,132.628,0.109702
224,1,131.762,0.109697
223.5,1,130.896,0.109691
223,1,130.03,0.109686
222.5,1,129.164,0.109681
222,1,128.297,0.109676
221.5,1,127.431,0.10967
221,1,126.565,0.109665
220.5,1,125.699,0.10966
220,1,124.833,0.109655
219.5,1,123.967,0.10965
219,1,123.101,0.109645
218.5,1,122.235,0.10964
218,1,121.369,0.109635
217.5,1,120.503,0.10963
217,1,119.637,0.109625
216.5,1,118.771,0.109621
216,1,117.905,0.109616
215.5,1,117.039,0.109611
215,1,116.173,0.109606
214.5,1,115.307,0.109601
214,1,114.441,0.109596
213.5,1,113.575,0.109591
213,1,112.709,0.109587
212.5,1,111.843,0.109582
212,1,110.977,0.109577
211.5,1,110.111,0.109573
211,1,109.245,0.109568
210.5,1,108.379,0.109564
210,1,107.513,0.10956
209.5,1,106.647,0.109555
209,1,105.781,0.10955
208.5,1,104.915,0.109546
208,1,104.049,0.109541
207.5,1,103.183,0.109536
207,1,102.317,0.109532
206.5,1,101.451,0.109527
206,1,100.585,0.109523
205.5,1,99.7187,0.109519
205,1,98.8526,0.109515
204.5,1,97.9866,0.109512
204,1,97.1206,0.109508
203.5,1,96.2546,0.109504
203,1,95.3885,0.1095
202.5,1,94.5225,0.109495
202,1,93.6565,0.10949
201.5,1,92.7905,0.109486
201,1,91.9244,0.109481
200.5,1,91.0584,0.109476
200,1,90.1924,0.109472
