x,y,z,b
500,1,609.808,0.106488
499.5,1,608.942,0.10644
499,1,608.076,0.106391
498.5,1,607.21,0.106343
498,1,606.344,0.106293
497.5,1,605.477,0.106244
497,1,604.611,0.106194
496.5,1,603.745,0.106141
496,1,602.879,0.106087
495.5,1,602.013,0.106032
495,1,601.147,0.105977
494.5,1,600.281,0.105922
494,1,599.415,0.105865
493.5,1,598.549,0.105808
493,1,597.683,0.10575
492.5,1,596.817,0.105691
492,1,595.951,0.105631
491.5,1,595.085,0.105571
491,1,594.219,0.105511
490.5,1,593.353,0.10545
490,1,592.487,0.105386
489.5,1,591.621,0.105322
489,1,590.755,0.105257
488.5,1,589.889,0.105192
488,1,589.023,0.105126
487.5,1,588.157,0.105059
487,1,587.291,0.104993
486.5,1,586.425,0.104927
486,1,585.559,0.10486
485.5,1,584.693,0.104793
485,1,583.827,0.104725
484.5,1,582.961,0.104657
484,1,582.095,0.104589
483.5,1,581.229,0.10452
483,1,580.363,0.104452
482.5,1,579.497,0.104382
482,1,578.631,0.104312
481.5,1,577.765,0.104242
481,1,576.899,0.104172
480.5,1,576.033,0.10411
480,1,575.167,0.104047
479.5,1,574.301,0.103984
479,1,573.435,0.103921
478.5,1,572.569,0.103858
478,1,571.703,0.103795
477.5,1,570.836,0.103746
477,1,569.97,0.103702
476.5,1,569.104,0.103658
476,1,568.238,0.103615
475.5,1,567.372,0.103573
475,1,566.506,0.103532
474.5,1,565.64,0.103506
474,1,564.774,0.103498
473.5,1,563.908,0.103491
473,1,563.042,0.103487
472.5,1,562.176,0.103486
472,1,561.31,0.103487
471.5,1,560.444,0.103494
471,1,559.578,0.103538
470.5,1,558.712,0.103586
470,1,557.846,0.103638
469.5,1,556.98,0.103694
469,1,556.114,0.103754
468.5,1,555.248,0.103818
468,1,554.382,0.103935
467.5,1,553.516,0.104071
467,1,552.65,0.104227
466.5,1,551.784,0.104394
466,1,550.918,0.104569
465.5,1,550.052,0.104755
465,1,549.186,0.104996
464.5,1,548.32,0.105297
464,1,547.454,0.105614
463.5,1,546.588,0.105946
463,1,545.722,0.106294
462.5,1,544.856,0.106657
462,1,543.99,0.107072
461.5,1,543.124,0.10767
461,1,542.258,0.108305
460.5,1,541.392,0.108975
460,1,540.526,0.109682
459.5,1,539.66,0.110424
459,1,538.794,0.111203
458.5,1,537.928,0.112173
458,1,537.061,0.113215
457.5,1,536.195,0.114304
457,1,535.329,0.115441
456.5,1,534.463,0.116671
456,1,533.597,0.118075
455.5,1,532.731,0.119596
455,1,531.865,0.121208
454.5,1,530.999,0.122858
454,1,530.133,0.124544
453.5,1,529.267,0.126268
453,1,528.401,0.128029
452.5,1,527.535,0.129801
452,1,526.669,0.131509
451.5,1,525.803,0.133229
451,1,524.937,0.134963
450.5,1,524.071,0.136703
450,1,523.205,0.13844
449.5,1,522.339,0.140174
449,1,521.473,0.141805
448.5,1,520.607,0.143439
448,1,519.741,0.145085
447.5,1,518.875,0.146744
447,1,518.009,0.148415
446.5,1,517.143,0.150098
446,1,516.277,0.151773
445.5,1,515.411,0.153459
445,1,514.545,0.15518
444.5,1,513.679,0.156931
444,1,512.813,0.158713
443.5,1,511.947,0.160526
443,1,511.081,0.162318
442.5,1,510.215,0.163998
442,1,509.349,0.165685
441.5,1,508.483,0.167378
441,1,507.617,0.169077
440.5,1,506.751,0.170782
440,1,505.885,0.172322
439.5,1,505.019,0.173262
439,1,504.153,0.17415
438.5,1,503.286,0.174999
438,1,502.42,0.175808
437.5,1,501.554,0.176578
437,1,500.688,0.177308
436.5,1,499.822,0.177763
436,1,498.956,0.178068
435.5,1,498.09,0.178349
435,1,497.224,0.178606
434.5,1,496.358,0.178674
434,1,495.492,0.178604
433.5,1,494.626,0.178569
433,1,493.76,0.1786
432.5,1,492.894,0.178666
432,1,492.028,0.178768
431.5,1,491.162,0.178905
431,1,490.296,0.179078
430.5,1,489.43,0.179285
430,1,488.564,0.179505
429.5,1,487.698,0.179712
429,1,486.832,0.179615
428.5,1,485.966,0.179352
428,1,485.1,0.179137
427.5,1,484.234,0.178971
427,1,483.368,0.179028
426.5,1,482.502,0.179215
426,1,481.636,0.179463
425.5,1,480.77,0.179773
425,1,479.904,0.180144
424.5,1,479.038,0.180576
424,1,478.172,0.181423
423.5,1,477.306,0.182609
423,1,476.44,0.183755
422.5,1,475.574,0.18502
422,1,474.708,0.186404
421.5,1,473.842,0.187907
421,1,472.976,0.189581
420.5,1,472.11,0.191872
420,1,471.244,0.194151
419.5,1,470.378,0.196418
419,1,469.512,0.198672
418.5,1,468.645,0.200915
418,1,467.779,0.202028
417.5,1,466.913,0.202301
417,1,466.047,0.202554
416.5,1,465.181,0.202907
416,1,464.315,0.203358
415.5,1,463.449,0.203909
415,1,462.583,0.204558
414.5,1,461.717,0.205042
414,1,460.851,0.205433
413.5,1,459.985,0.206101
413,1,459.119,0.207045
412.5,1,458.253,0.207722
412,1,457.387,0.20838
411.5,1,456.521,0.208961
411,1,455.655,0.208414
410.5,1,454.789,0.207922
410,1,453.923,0.207484
409.5,1,453.057,0.207102
409,1,452.191,0.206774
408.5,1,451.325,0.206502
408,1,450.459,0.203432
407.5,1,449.593,0.199644
407,1,448.727,0.195042
406.5,1,447.861,0.190473
406,1,446.995,0.186087
405.5,1,446.129,0.181886
405,1,445.263,0.178208
404.5,1,444.397,0.175127
404,1,443.531,0.172343
403.5,1,442.665,0.169856
403,1,441.799,0.167667
402.5,1,440.933,0.165775
402,1,440.067,0.164426
401.5,1,439.201,0.164571
401,1,438.335,0.164879
400.5,1,437.469,0.165321
400,1,436.603,0.165898
399.5,1,435.737,0.16661
399,1,434.87,0.167456
398.5,1,434.004,0.169363
398,1,433.138,0.171472
397.5,1,432.272,0.17365
397,1,431.406,0.175899
396.5,1,430.54,0.178218
396,1,429.674,0.180656
395.5,1,428.808,0.182548
395,1,427.942,0.184035
394.5,1,427.076,0.185568
394,1,426.21,0.187146
393.5,1,425.344,0.188769
393,1,424.478,0.190437
392.5,1,423.612,0.19202
392,1,422.746,0.193123
391.5,1,421.88,0.19406
391,1,421.014,0.194828
390.5,1,420.148,0.195266
390,1,419.282,0.195486
389.5,1,418.416,0.19549
389,1,417.55,0.196954
388.5,1,416.684,0.19805
388,1,415.818,0.198652
387.5,1,414.952,0.198761
387,1,414.086,0.198376
386.5,1,413.22,0.197497
386,1,412.354,0.194213
385.5,1,411.488,0.189889
385,1,410.622,0.18634
384.5,1,409.756,0.183082
384,1,408.89,0.180116
383.5,1,408.024,0.17744
383,1,407.158,0.175271
382.5,1,406.292,0.173932
382,1,405.426,0.172959
381.5,1,404.56,0.172352
381,1,403.694,0.172112
380.5,1,402.828,0.172238
380,1,401.962,0.172792
379.5,1,401.095,0.175375
379,1,400.229,0.177947
378.5,1,399.363,0.180494
378,1,398.497,0.183014
377.5,1,397.631,0.185509
377,1,396.765,0.187978
376.5,1,395.899,0.189391
376,1,395.033,0.19023
375.5,1,394.167,0.190978
375,1,393.301,0.191635
374.5,1,392.435,0.192172
374,1,391.569,0.192602
373.5,1,390.703,0.192152
373,1,389.837,0.190002
372.5,1,388.971,0.187769
372,1,388.105,0.185452
371.5,1,387.239,0.183051
371,1,386.373,0.180566
370.5,1,385.507,0.177934
370,1,384.641,0.173855
369.5,1,383.775,0.169576
369,1,382.909,0.165311
368.5,1,382.043,0.161469
368,1,381.177,0.157544
367.5,1,380.311,0.153535
367,1,379.445,0.15159
366.5,1,378.579,0.150464
366,1,377.713,0.149387
365.5,1,376.847,0.148358
365,1,375.981,0.147377
364.5,1,375.115,0.146445
364,1,374.249,0.147529
363.5,1,373.383,0.152645
363,1,372.517,0.159823
362.5,1,371.651,0.167139
362,1,370.785,0.174592
361.5,1,369.919,0.182182
361,1,369.053,0.189731
360.5,1,368.187,0.195681
360,1,367.321,0.201473
359.5,1,366.454,0.207107
359,1,365.588,0.212582
358.5,1,364.722,0.217899
358,1,363.856,0.222848
357.5,1,362.99,0.225074
357,1,362.124,0.227507
356.5,1,361.258,0.230928
356,1,360.392,0.235338
355.5,1,359.526,0.240736
355,1,358.66,0.247122
354.5,1,357.794,0.256186
354,1,356.928,0.269872
353.5,1,356.062,0.286915
353,1,355.196,0.307314
352.5,1,354.33,0.322766
352,1,353.464,0.32805
351.5,1,352.598,0.325674
351,1,351.732,0.296693
350.5,1,350.866,0.273471
350,1,350,0.256007
349.5,1,349.134,0.244302
349,1,348.268,0.238356
348.5,1,347.402,0.238169
348,1,346.536,0.251807
347.5,1,345.67,0.26451
347,1,344.804,0.270308
346.5,1,343.938,0.272205
346,1,343.072,0.274307
345.5,1,342.206,0.276614
345,1,341.34,0.279423
344.5,1,340.474,0.282359
344,1,339.608,0.28505
343.5,1,338.742,0.287497
343,1,337.876,0.2897
342.5,1,337.01,0.291658
342,1,336.144,0.293425
341.5,1,335.278,0.295709
341,1,334.412,0.298126
340.5,1,333.546,0.300275
340,1,332.679,0.302154
339.5,1,331.813,0.303765
339,1,330.947,0.305106
338.5,1,330.081,0.306727
338,1,329.215,0.308243
337.5,1,328.349,0.309597
337,1,327.483,0.310788
336.5,1,326.617,0.311817
336,1,325.751,0.313393
335.5,1,324.885,0.315304
335,1,324.019,0.317189
334.5,1,323.153,0.318958
334,1,322.287,0.320611
333.5,1,321.421,0.322149
333,1,320.555,0.323571
332.5,1,319.689,0.324535
332,1,318.823,0.324594
331.5,1,317.957,0.324764
331,1,317.091,0.325046
330.5,1,316.225,0.325485
330,1,315.359,0.325889
329.5,1,314.493,0.326212
329,1,313.627,0.324808
328.5,1,312.761,0.323507
328,1,311.895,0.322395
327.5,1,311.029,0.321472
327,1,310.163,0.320738
326.5,1,309.297,0.320192
326,1,308.431,0.316239
325.5,1,307.565,0.310962
325,1,306.699,0.305697
324.5,1,305.833,0.300704
324,1,304.967,0.296169
323.5,1,304.101,0.292093
323,1,303.235,0.284123
322.5,1,302.369,0.267183
322,1,301.503,0.250148
321.5,1,300.637,0.23302
321,1,299.771,0.215797
320.5,1,298.905,0.198481
320,1,298.038,0.181151
319.5,1,297.172,0.170943
319,1,296.306,0.160419
318.5,1,295.44,0.14976
318,1,294.574,0.138967
317.5,1,293.708,0.128038
317,1,292.842,0.116975
316.5,1,291.976,0.112352
316,1,291.11,0.110544
315.5,1,290.244,0.108677
315,1,289.378,0.106752
314.5,1,288.512,0.104767
314,1,287.646,0.102853
313.5,1,286.78,0.101483
313,1,285.914,0.101087
312.5,1,285.048,0.10063
312,1,284.182,0.100109
311.5,1,283.316,0.099527
311,1,282.45,0.0988824
310.5,1,281.584,0.0982216
310,1,280.718,0.0981764
309.5,1,279.852,0.0981076
309,1,278.986,0.0980151
308.5,1,278.12,0.0979228
308,1,277.254,0.0978097
307.5,1,276.388,0.097675
307,1,275.522,0.0978895
306.5,1,274.656,0.0982115
306,1,273.79,0.0985189
305.5,1,272.924,0.0988116
305,1,272.058,0.0990896
304.5,1,271.192,0.099353
304,1,270.326,0.0996502
303.5,1,269.46,0.100008
303,1,268.594,0.100382
302.5,1,267.728,0.100756
302,1,266.862,0.101129
301.5,1,265.996,0.101503
301,1,265.13,0.101863
300.5,1,264.263,0.102114
300,1,263.397,0.102366
299.5,1,262.531,0.102619
299,1,261.665,0.102873
298.5,1,260.799,0.103128
298,1,259.933,0.103384
297.5,1,259.067,0.103606
297,1,258.201,0.103817
296.5,1,257.335,0.104029
296,1,256.469,0.10424
295.5,1,255.603,0.104451
295,1,254.737,0.104663
294.5,1,253.871,0.104856
294,1,253.005,0.10503
293.5,1,252.139,0.105203
293,1,251.273,0.105377
292.5,1,250.407,0.105551
292,1,249.541,0.105729
291.5,1,248.675,0.1059
291,1,247.809,0.106045
290.5,1,246.943,0.106189
290,1,246.077,0.106333
289.5,1,245.211,0.106475
289,1,244.345,0.106618
288.5,1,243.479,0.106759
288,1,242.613,0.106878
287.5,1,241.747,0.106992
287,1,240.881,0.107106
286.5,1,240.015,0.107222
286,1,239.149,0.107337
285.5,1,238.283,0.107451
285,1,237.417,0.107553
284.5,1,236.551,0.107645
284,1,235.685,0.107737
283.5,1,234.819,0.107828
283,1,233.953,0.107918
282.5,1,233.087,0.108008
282,1,232.221,0.108093
281.5,1,231.355,0.108165
281,1,230.488,0.108237
280.5,1,229.622,0.108309
280,1,228.756,0.10838
279.5,1,227.89,0.108451
279,1,227.024,0.108521
278.5,1,226.158,0.108579
278,1,225.292,0.108636
277.5,1,224.426,0.108693
277,1,223.56,0.108749
276.5,1,222.694,0.108804
276,1,221.828,0.108859
275.5,1,220.962,0.108908
275,1,220.096,0.108952
274.5,1,219.23,0.108995
274,1,218.364,0.109038
273.5,1,217.498,0.109081
273,1,216.632,0.109123
272.5,1,215.766,0.109162
272,1,214.9,0.109196
271.5,1,214.034,0.109229
271,1,213.168,0.109262
270.5,1,212.302,0.109295
270,1,211.436,0.109328
269.5,1,210.57,0.10936
269,1,209.704,0.109385
268.5,1,208.838,0.109409
268,1,207.972,0.109433
267.5,1,207.106,0.109457
267,1,206.24,0.109481
266.5,1,205.374,0.109504
266,1,204.508,0.109524
265.5,1,203.642,0.109543
265,1,202.776,0.109561
264.5,1,201.91,0.109579
264,1,201.044,0.109597
263.5,1,200.178,0.109615
263,1,199.312,0.10963
262.5,1,198.446,0.109643
262,1,197.58,0.109655
261.5,1,196.714,0.109668
261,1,195.847,0.10968
260.5,1,194.981,0.109692
260,1,194.115,0.109703
259.5,1,193.249,0.109712
259,1,192.383,0.109721
258.5,1,191.517,0.10973
258,1,190.651,0.109739
257.5,1,189.785,0.109747
257,1,188.919,0.109756
256.5,1,188.053,0.109762
256,1,187.187,0.109767
255.5,1,186.321,0.109772
255,1,185.455,0.109776
254.5,1,184.589,0.109781
254,1,183.723,0.109786
253.5,1,182.857,0.10979
253,1,181.991,0.109793
252.5,1,181.125,0.109796
252,1,180.259,0.1098
251.5,1,179.393,0.109803
251,1,178.527,0.109806
250.5,1,177.661,0.109808
250,1,176.795,0.109809
249.5,1,175.929,0.10981
249,1,175.063,0.109811
248.5,1,174.197,0.109811
248,1,173.331,0.109812
247.5,1,172.465,0.109813
247,1,171.599,0.109813
246.5,1,170.733,0.109813
246,1,169.867,0.109812
245.5,1,169.001,0.109812
245,1,168.135,0.109812
244.5,1,167.269,0.109812
244,1,166.403,0.109811
243.5,1,165.537,0.109809
243,1,164.671,0.109807
242.5,1,163.805,0.109805
242,1,162.939,0.109803
241.5,1,162.072,0.109801
241,1,161.206,0.1098
240.5,1,160.34,0.109797
240,1,159.474,0.109795
239.5,1,158.608,0.109793
239,1,157.742,0.109791
238.5,1,156.876,0.109788
238,1,156.01,0.109786
237.5,1,155.144,0.109783
237,1,154.278,0.10978
236.5,1,153.412,0.109777
236,1,152.546,0.109774
235.5,1,151.68,0.109771
235,1,150.814,0.109768
234.5,1,149.948,0.109765
234,1,149.082,0.109762
233.5,1,148.216,0.109758
233,1,147.35,0.109755
232.5,1,146.484,0.109752
232,1,145.618,0.109749
231.5,1,144.752,0.109745
231,1,143.886,0.109741
230.5,1,143.02,0.109738
230,1,142.154,0.109734
229.5,1,141.288,0.10973
229,1,140.422,0.109727
228.5,1,139.556,0.109723
228,1,138.69,0.109719
227.5,1,137.824,0.109715
227,1,136.958,0.109711
226.5,1,136.092,0.109708
226,1,135.226,0.109704
225.5,1,134.36,0.1097
225,1,133.494,0.109696
224.5,1,132.628,0.109692
224,1,131.762,0.109688
223.5,1,130.896,0.109684
223,1,130.03,0.10968
222.5,1,129.164,0.109675
222,1,128.297,0.109671
221.5,1,127.431,0.109667
221,1,126.565,0.109663
220.5,1,125.699,0.109659
220,1,124.833,0.109655
219.5,1,123.967,0.109651
219,1,123.101,0.109647
218.5,1,122.235,0.109643
218,1,121.369,0.109638
217.5,1,120.503,0.109634
217,1,119.637,0.10963
216.5,1,118.771,0.109626
216,1,117.905,0.109622
215.5,1,117.039,0.109618
215,1,116.173,0.109613
214.5,1,115.307,0.109609
214,1,114.441,0.109605
213.5,1,113.575,0.109601
213,1,112.709,0.109596
212.5,1,111.843,0.109592
212,1,110.977,0.109588
211.5,1,110.111,0.109584
211,1,109.245,0.10958
210.5,1,108.379,0.109575
210,1,107.513,0.109571
209.5,1,106.647,0.109567
209,1,105.781,0.109563
208.5,1,104.915,0.109558
208,1,104.049,0.109554
207.5,1,103.183,0.109549
207,1,102.317,0.109545
206.5,1,101.451,0.109541
206,1,100.585,0.109537
205.5,1,99.7187,0.109533
205,1,98.8526,0.109529
204.5,1,97.9866,0.109525
204,1,97.1206,0.109521
203.5,1,96.2546,0.109518
203,1,95.3885,0.109514
202.5,1,94.5225,0.109509
202,1,93.6565,0.109504
201.5,1,92.7905,0.109499
201,1,91.9244,0.109495
200.5,1,91.0584,0.10949
200,1,90.1924,0.109486
