x,y,z,b
500,1,609.808,0.111436
499.5,1,608.942,0.111569
499,1,608.076,0.111704
498.5,1,607.21,0.11184
498,1,606.344,0.111979
497.5,1,605.477,0.112119
497,1,604.611,0.112262
496.5,1,603.745,0.112412
496,1,602.879,0.112567
495.5,1,602.013,0.112724
495,1,601.147,0.112883
494.5,1,600.281,0.113043
494,1,599.415,0.113206
493.5,1,598.549,0.113367
493,1,597.683,0.113525
492.5,1,596.817,0.113685
492,1,595.951,0.113846
491.5,1,595.085,0.114009
491,1,594.219,0.114173
490.5,1,593.353,0.114339
490,1,592.487,0.114511
489.5,1,591.621,0.114685
489,1,590.755,0.11486
488.5,1,589.889,0.115037
488,1,589.023,0.115217
487.5,1,588.157,0.115397
487,1,587.291,0.115568
486.5,1,586.425,0.115734
486,1,585.559,0.115903
485.5,1,584.693,0.116073
485,1,583.827,0.116246
484.5,1,582.961,0.11642
484,1,582.095,0.116594
483.5,1,581.229,0.116768
483,1,580.363,0.116944
482.5,1,579.497,0.117124
482,1,578.631,0.117307
481.5,1,577.765,0.117492
481,1,576.899,0.117681
480.5,1,576.033,0.117872
480,1,575.167,0.118067
479.5,1,574.301,0.118266
479,1,573.435,0.118469
478.5,1,572.569,0.118676
478,1,571.703,0.11889
477.5,1,570.836,0.119129
477,1,569.97,0.119383
476.5,1,569.104,0.119643
476,1,568.238,0.119911
475.5,1,567.372,0.120185
475,1,566.506,0.120466
474.5,1,565.64,0.12077
474,1,564.774,0.121104
473.5,1,563.908,0.121447
473,1,563.042,0.121801
472.5,1,562.176,0.122167
472,1,561.31,0.122543
471.5,1,560.444,0.12294
471,1,559.578,0.12342
470.5,1,558.712,0.123916
470,1,557.846,0.124427
469.5,1,556.98,0.124953
469,1,556.114,0.125495
468.5,1,555.248,0.126052
468,1,554.382,0.12671
467.5,1,553.516,0.127407
467,1,552.65,0.128118
466.5,1,551.784,0.128848
466,1,550.918,0.129597
465.5,1,550.052,0.130365
465,1,549.186,0.131221
464.5,1,548.32,0.132172
464,1,547.454,0.133147
463.5,1,546.588,0.134146
463,1,545.722,0.135168
462.5,1,544.856,0.136214
462,1,543.99,0.137253
461.5,1,543.124,0.138186
461,1,542.258,0.139126
460.5,1,541.392,0.14007
460,1,540.526,0.14102
459.5,1,539.66,0.141975
459,1,538.794,0.142936
458.5,1,537.928,0.143511
458,1,537.061,0.144017
457.5,1,536.195,0.144519
457,1,535.329,0.145017
456.5,1,534.463,0.145478
456,1,533.597,0.145858
455.5,1,532.731,0.146192
455,1,531.865,0.146491
454.5,1,530.999,0.146795
454,1,530.133,0.147103
453.5,1,529.267,0.147417
453,1,528.401,0.147735
452.5,1,527.535,0.14817
452,1,526.669,0.148987
451.5,1,525.803,0.149818
451,1,524.937,0.150624
450.5,1,524.071,0.151363
450,1,523.205,0.152106
449.5,1,522.339,0.152853
449,1,521.473,0.15405
448.5,1,520.607,0.15531
448,1,519.741,0.156592
447.5,1,518.875,0.157894
447,1,518.009,0.159218
446.5,1,517.143,0.160564
446,1,516.277,0.161805
445.5,1,515.411,0.16284
445,1,514.545,0.163665
444.5,1,513.679,0.164471
444,1,512.813,0.165259
443.5,1,511.947,0.166029
443,1,511.081,0.166687
442.5,1,510.215,0.167099
442,1,509.349,0.167492
441.5,1,508.483,0.167868
441,1,507.617,0.168225
440.5,1,506.751,0.168564
440,1,505.885,0.168794
439.5,1,505.019,0.168883
439,1,504.153,0.168981
438.5,1,503.286,0.169092
438,1,502.42,0.169214
437.5,1,501.554,0.169347
437,1,500.688,0.169493
436.5,1,499.822,0.16967
436,1,498.956,0.169856
435.5,1,498.09,0.170038
435,1,497.224,0.170216
434.5,1,496.358,0.170359
434,1,495.492,0.170462
433.5,1,494.626,0.170483
433,1,493.76,0.170336
432.5,1,492.894,0.170135
432,1,492.028,0.169882
431.5,1,491.162,0.169576
431,1,490.296,0.169217
430.5,1,489.43,0.168801
430,1,488.564,0.168142
429.5,1,487.698,0.167383
429,1,486.832,0.166639
428.5,1,485.966,0.165943
428,1,485.1,0.165229
427.5,1,484.234,0.1645
427,1,483.368,0.163782
426.5,1,482.502,0.163039
426,1,481.636,0.162255
425.5,1,480.77,0.161432
425,1,479.904,0.160569
424.5,1,479.038,0.159666
424,1,478.172,0.158776
423.5,1,477.306,0.15809
423,1,476.44,0.157522
422.5,1,475.574,0.156992
422,1,474.708,0.156502
421.5,1,473.842,0.156051
421,1,472.976,0.155659
420.5,1,472.11,0.155527
420,1,471.244,0.15541
419.5,1,470.378,0.155308
419,1,469.512,0.155221
418.5,1,468.645,0.155149
418,1,467.779,0.155111
417.5,1,466.913,0.15528
417,1,466.047,0.155529
416.5,1,465.181,0.155809
416,1,464.315,0.156118
415.5,1,463.449,0.156458
415,1,462.583,0.156828
414.5,1,461.717,0.157288
414,1,460.851,0.157839
413.5,1,459.985,0.158402
413,1,459.119,0.158976
412.5,1,458.253,0.159572
412,1,457.387,0.160192
411.5,1,456.521,0.160819
411,1,455.655,0.161384
410.5,1,454.789,0.162
410,1,453.923,0.162665
409.5,1,453.057,0.16338
409,1,452.191,0.164145
408.5,1,451.325,0.16496
408,1,450.459,0.165859
407.5,1,449.593,0.166834
407,1,448.727,0.167976
406.5,1,447.861,0.169202
406,1,446.995,0.170495
405.5,1,446.129,0.171853
405,1,445.263,0.172983
404.5,1,444.397,0.173885
404,1,443.531,0.174842
403.5,1,442.665,0.175852
403,1,441.799,0.176918
402.5,1,440.933,0.178037
402,1,440.067,0.179203
401.5,1,439.201,0.180418
401,1,438.335,0.181668
400.5,1,437.469,0.182949
400,1,436.603,0.184261
399.5,1,435.737,0.185605
399,1,434.87,0.186979
398.5,1,434.004,0.186967
398,1,433.138,0.186797
397.5,1,432.272,0.186665
397,1,431.406,0.186571
396.5,1,430.54,0.186514
396,1,429.674,0.186495
395.5,1,428.808,0.186503
395,1,427.942,0.186372
394.5,1,427.076,0.186076
394,1,426.21,0.185616
393.5,1,425.344,0.184992
393,1,424.478,0.184203
392.5,1,423.612,0.18316
392,1,422.746,0.18177
391.5,1,421.88,0.180358
391,1,421.014,0.178925
390.5,1,420.148,0.177498
390,1,419.282,0.176063
389.5,1,418.416,0.174622
389,1,417.55,0.171412
388.5,1,416.684,0.16806
388,1,415.818,0.164689
387.5,1,414.952,0.161298
387,1,414.086,0.157888
386.5,1,413.22,0.154459
386,1,412.354,0.151817
385.5,1,411.488,0.149626
385,1,410.622,0.14742
384.5,1,409.756,0.1452
384,1,408.89,0.142965
383.5,1,408.024,0.140716
383,1,407.158,0.139072
382.5,1,406.292,0.138791
382,1,405.426,0.138441
381.5,1,404.56,0.138023
381,1,403.694,0.137536
380.5,1,402.828,0.136981
380,1,401.962,0.136377
379.5,1,401.095,0.136552
379,1,400.229,0.136631
378.5,1,399.363,0.136608
378,1,398.497,0.136482
377.5,1,397.631,0.136254
377,1,396.765,0.135922
376.5,1,395.899,0.135897
376,1,395.033,0.136124
375.5,1,394.167,0.136434
375,1,393.301,0.13683
374.5,1,392.435,0.137375
374,1,391.569,0.138288
373.5,1,390.703,0.139578
373,1,389.837,0.141433
372.5,1,388.971,0.143497
372,1,388.105,0.145773
371.5,1,387.239,0.148259
371,1,386.373,0.150956
370.5,1,385.507,0.153854
370,1,384.641,0.15673
369.5,1,383.775,0.159768
369,1,382.909,0.163029
368.5,1,382.043,0.16655
368,1,381.177,0.170138
367.5,1,380.311,0.173792
367,1,379.445,0.176564
366.5,1,378.579,0.179053
366,1,377.713,0.18161
365.5,1,376.847,0.184233
365,1,375.981,0.186923
364.5,1,375.115,0.189681
364,1,374.249,0.191327
363.5,1,373.383,0.19133
363,1,372.517,0.191336
362.5,1,371.651,0.191443
362,1,370.785,0.191648
361.5,1,369.919,0.191954
361,1,369.053,0.19225
360.5,1,368.187,0.19192
360,1,367.321,0.192127
359.5,1,366.454,0.192871
359,1,365.588,0.194152
358.5,1,364.722,0.19597
358,1,363.856,0.19809
357.5,1,362.99,0.193915
357,1,362.124,0.188799
356.5,1,361.258,0.184541
356,1,360.392,0.181142
355.5,1,359.526,0.178601
355,1,358.66,0.176919
354.5,1,357.794,0.189252
354,1,356.928,0.218019
353.5,1,356.062,0.248821
353,1,355.196,0.281658
352.5,1,354.33,0.308735
352,1,353.464,0.324263
351.5,1,352.598,0.331659
351,1,351.732,0.317884
350.5,1,350.866,0.304977
350,1,350,0.292937
349.5,1,349.134,0.281765
349,1,348.268,0.27146
348.5,1,347.402,0.262022
348,1,346.536,0.256258
347.5,1,345.67,0.253021
347,1,344.804,0.254967
346.5,1,343.938,0.259795
346,1,343.072,0.264189
345.5,1,342.206,0.26815
345,1,341.34,0.269733
344.5,1,340.474,0.269368
344,1,339.608,0.268861
343.5,1,338.742,0.268212
343,1,337.876,0.267421
342.5,1,337.01,0.266489
342,1,336.144,0.264953
341.5,1,335.278,0.260819
341,1,334.412,0.256181
340.5,1,333.546,0.251584
340,1,332.679,0.24703
339.5,1,331.813,0.242519
339,1,330.947,0.238049
338.5,1,330.081,0.235725
338,1,329.215,0.233887
337.5,1,328.349,0.23231
337,1,327.483,0.230993
336.5,1,326.617,0.229937
336,1,325.751,0.229272
335.5,1,324.885,0.229073
335,1,324.019,0.229107
334.5,1,323.153,0.229206
334,1,322.287,0.229369
333.5,1,321.421,0.229597
333,1,320.555,0.22989
332.5,1,319.689,0.230055
332,1,318.823,0.229586
331.5,1,317.957,0.228907
331,1,317.091,0.228018
330.5,1,316.225,0.227052
330,1,315.359,0.225957
329.5,1,314.493,0.224684
329,1,313.627,0.226738
328.5,1,312.761,0.229009
328,1,311.895,0.231334
327.5,1,311.029,0.233712
327,1,310.163,0.236145
326.5,1,309.297,0.238631
326,1,308.431,0.240774
325.5,1,307.565,0.241524
325,1,306.699,0.240909
324.5,1,305.833,0.239747
324,1,304.967,0.238124
323.5,1,304.101,0.23604
323,1,303.235,0.23238
322.5,1,302.369,0.22674
322,1,301.503,0.221848
321.5,1,300.637,0.217704
321,1,299.771,0.214309
320.5,1,298.905,0.211662
320,1,298.038,0.20977
319.5,1,297.172,0.209979
319,1,296.306,0.210305
318.5,1,295.44,0.210561
318,1,294.574,0.210748
317.5,1,293.708,0.210864
317,1,292.842,0.21091
316.5,1,291.976,0.209937
316,1,291.11,0.20837
315.5,1,290.244,0.206607
315,1,289.378,0.204648
314.5,1,288.512,0.202493
314,1,287.646,0.201106
313.5,1,286.78,0.19976
313,1,285.914,0.198249
312.5,1,285.048,0.196962
312,1,284.182,0.195898
311.5,1,283.316,0.195058
311,1,282.45,0.194441
310.5,1,281.584,0.19407
310,1,280.718,0.194154
309.5,1,279.852,0.194311
309,1,278.986,0.19454
308.5,1,278.12,0.194009
308,1,277.254,0.193527
307.5,1,276.388,0.193122
307,1,275.522,0.193075
306.5,1,274.656,0.193144
306,1,273.79,0.19323
305.5,1,272.924,0.19333
305,1,272.058,0.193447
304.5,1,271.192,0.193579
304,1,270.326,0.193983
303.5,1,269.46,0.194671
303,1,268.594,0.194823
302.5,1,267.728,0.194925
302,1,266.862,0.194979
301.5,1,265.996,0.194984
301,1,265.13,0.194957
300.5,1,264.263,0.194912
300,1,263.397,0.194654
299.5,1,262.531,0.194183
299,1,261.665,0.1935
298.5,1,260.799,0.192603
298,1,259.933,0.191407
297.5,1,259.067,0.18955
297,1,258.201,0.187716
296.5,1,257.335,0.185834
296,1,256.469,0.183905
295.5,1,255.603,0.181929
295,1,254.737,0.179905
294.5,1,253.871,0.177699
294,1,253.005,0.175264
293.5,1,252.139,0.172722
293,1,251.273,0.170072
292.5,1,250.407,0.167291
292,1,249.541,0.164331
291.5,1,248.675,0.16131
291,1,247.809,0.158031
290.5,1,246.943,0.154788
290,1,246.077,0.15158
289.5,1,245.211,0.148407
289,1,244.345,0.14527
288.5,1,243.479,0.142168
288,1,242.613,0.138974
287.5,1,241.747,0.13584
287,1,240.881,0.132944
286.5,1,240.015,0.130655
286,1,239.149,0.128417
285.5,1,238.283,0.126231
285,1,237.417,0.124106
284.5,1,236.551,0.122053
284,1,235.685,0.120066
283.5,1,234.819,0.118145
283,1,233.953,0.116291
282.5,1,233.087,0.114503
282,1,232.221,0.112821
281.5,1,231.355,0.11141
281,1,230.488,0.110244
280.5,1,229.622,0.109115
280,1,228.756,0.108025
279.5,1,227.89,0.106973
279,1,227.024,0.105959
278.5,1,226.158,0.105182
278,1,225.292,0.104455
277.5,1,224.426,0.103761
277,1,223.56,0.1031
276.5,1,222.694,0.10247
276,1,221.828,0.101895
275.5,1,220.962,0.101505
275,1,220.096,0.101209
274.5,1,219.23,0.100926
274,1,218.364,0.100658
273.5,1,217.498,0.100403
273,1,216.632,0.100163
272.5,1,215.766,0.0999746
272,1,214.9,0.0998936
271.5,1,214.034,0.0998215
271,1,213.168,0.0997585
270.5,1,212.302,0.0997115
270,1,211.436,0.0996817
269.5,1,210.57,0.0996577
269,1,209.704,0.0997212
268.5,1,208.838,0.0997918
268,1,207.972,0.0998673
267.5,1,207.106,0.0999478
267,1,206.24,0.100033
266.5,1,205.374,0.100123
266,1,204.508,0.100247
265.5,1,203.642,0.100387
265,1,202.776,0.100529
264.5,1,201.91,0.100673
264,1,201.044,0.100818
263.5,1,200.178,0.100963
263,1,199.312,0.101112
262.5,1,198.446,0.101266
262,1,197.58,0.10142
261.5,1,196.714,0.101574
261,1,195.847,0.101728
260.5,1,194.981,0.101882
260,1,194.115,0.102035
259.5,1,193.249,0.102189
259,1,192.383,0.102343
258.5,1,191.517,0.102496
258,1,190.651,0.102648
257.5,1,189.785,0.102799
257,1,188.919,0.10295
256.5,1,188.053,0.103095
256,1,187.187,0.103236
255.5,1,186.321,0.103377
255,1,185.455,0.103517
254.5,1,184.589,0.103656
254,1,183.723,0.103794
253.5,1,182.857,0.103928
253,1,181.991,0.104055
252.5,1,181.125,0.104181
252,1,180.259,0.104307
251.5,1,179.393,0.104431
251,1,178.527,0.104554
250.5,1,177.661,0.104676
250,1,176.795,0.104786
249.5,1,175.929,0.104896
249,1,175.063,0.105005
248.5,1,174.197,0.105113
248,1,173.331,0.105221
247.5,1,172.465,0.105328
247,1,171.599,0.105426
246.5,1,170.733,0.105522
246,1,169.867,0.105618
245.5,1,169.001,0.105712
245,1,168.135,0.105806
244.5,1,167.269,0.105899
244,1,166.403,0.105987
243.5,1,165.537,0.106069
243,1,164.671,0.10615
242.5,1,163.805,0.106231
242,1,162.939,0.106312
241.5,1,162.072,0.106391
241,1,161.206,0.106469
240.5,1,160.34,0.106539
240,1,159.474,0.106609
239.5,1,158.608,0.106678
239,1,157.742,0.106746
238.5,1,156.876,0.106814
238,1,156.01,0.106881
237.5,1,155.144,0.106942
237,1,154.278,0.107001
236.5,1,153.412,0.10706
236,1,152.546,0.107118
235.5,1,151.68,0.107175
235,1,150.814,0.107232
234.5,1,149.948,0.107286
234,1,149.082,0.107336
233.5,1,148.216,0.107386
233,1,147.35,0.107435
232.5,1,146.484,0.107484
232,1,145.618,0.107533
231.5,1,144.752,0.10758
231,1,143.886,0.107622
230.5,1,143.02,0.107664
230,1,142.154,0.107705
229.5,1,141.288,0.107746
229,1,140.422,0.107787
228.5,1,139.556,0.107828
228,1,138.69,0.107864
227.5,1,137.824,0.1079
227,1,136.958,0.107935
226.5,1,136.092,0.10797
226,1,135.226,0.108005
225.5,1,134.36,0.10804
225,1,133.494,0.108071
224.5,1,132.628,0.108101
224,1,131.762,0.108131
223.5,1,130.896,0.10816
223,1,130.03,0.108189
222.5,1,129.164,0.108217
222,1,128.297,0.108245
221.5,1,127.431,0.108271
221,1,126.565,0.108296
220.5,1,125.699,0.108321
220,1,124.833,0.108346
219.5,1,123.967,0.108371
219,1,123.101,0.108395
218.5,1,122.235,0.108417
218,1,121.369,0.108438
217.5,1,120.503,0.108459
217,1,119.637,0.108479
216.5,1,118.771,0.1085
216,1,117.905,0.10852
215.5,1,117.039,0.108539
215,1,116.173,0.108557
214.5,1,115.307,0.108575
214,1,114.441,0.108592
213.5,1,113.575,0.10861
213,1,112.709,0.108627
212.5,1,111.843,0.108643
212,1,110.977,0.108657
211.5,1,110.111,0.108671
211,1,109.245,0.108685
210.5,1,108.379,0.108698
210,1,107.513,0.108712
209.5,1,106.647,0.108725
209,1,105.781,0.108737
208.5,1,104.915,0.10875
208,1,104.049,0.108762
207.5,1,103.183,0.108774
207,1,102.317,0.108786
206.5,1,101.451,0.108798
206,1,100.585,0.108808
205.5,1,99.7187,0.108819
205,1,98.8526,0.108829
204.5,1,97.9866,0.10884
204,1,97.1206,0.10885
203.5,1,96.2546,0.10886
203,1,95.3885,0.108869
202.5,1,94.5225,0.108877
202,1,93.6565,0.108884
201.5,1,92.7905,0.108892
201,1,91.9244,0.108899
200.5,1,91.0584,0.108906
200,1,90.1924,0.108913
