x,y,z,b
500,1,609.808,0.109107
499.5,1,608.942,0.109106
499,1,608.076,0.109105
498.5,1,607.21,0.109104
498,1,606.344,0.109103
497.5,1,605.477,0.109102
497,1,604.611,0.109102
496.5,1,603.745,0.109101
496,1,602.879,0.1091
495.5,1,602.013,0.109099
495,1,601.147,0.109098
494.5,1,600.281,0.109097
494,1,599.415,0.109096
493.5,1,598.549,0.109095
493,1,597.683,0.109093
492.5,1,596.817,0.109092
492,1,595.951,0.109091
491.5,1,595.085,0.10909
491,1,594.219,0.109089
490.5,1,593.353,0.109088
490,1,592.487,0.109086
489.5,1,591.621,0.109085
489,1,590.755,0.109084
488.5,1,589.889,0.109082
488,1,589.023,0.109081
487.5,1,588.157,0.10908
487,1,587.291,0.109078
486.5,1,586.425,0.109077
486,1,585.559,0.109075
485.5,1,584.693,0.109074
485,1,583.827,0.109072
484.5,1,582.961,0.10907
484,1,582.095,0.109069
483.5,1,581.229,0.109067
483,1,580.363,0.109065
482.5,1,579.497,0.109064
482,1,578.631,0.109062
481.5,1,577.765,0.10906
481,1,576.899,0.109058
480.5,1,576.033,0.109056
480,1,575.167,0.109054
479.5,1,574.301,0.109052
479,1,573.435,0.10905
478.5,1,572.569,0.109048
478,1,571.703,0.109045
477.5,1,570.836,0.109043
477,1,569.97,0.109041
476.5,1,569.104,0.109038
476,1,568.238,0.109036
475.5,1,567.372,0.109034
475,1,566.506,0.109031
474.5,1,565.64,0.109029
474,1,564.774,0.109026
473.5,1,563.908,0.109023
473,1,563.042,0.10902
472.5,1,562.176,0.109017
472,1,561.31,0.109014
471.5,1,560.444,0.109011
471,1,559.578,0.109007
470.5,1,558.712,0.109004
470,1,557.846,0.109001
469.5,1,556.98,0.108997
469,1,556.114,0.108994
468.5,1,555.248,0.108991
468,1,554.382,0.108987
467.5,1,553.516,0.108982
467,1,552.65,0.108978
466.5,1,551.784,0.108974
466,1,550.918,0.10897
465.5,1,550.052,0.108966
465,1,549.186,0.108961
464.5,1,548.32,0.108957
464,1,547.454,0.108952
463.5,1,546.588,0.108947
463,1,545.722,0.108943
462.5,1,544.856,0.108938
462,1,543.99,0.108933
461.5,1,543.124,0.108927
461,1,542.258,0.108921
460.5,1,541.392,0.108915
460,1,540.526,0.108909
459.5,1,539.66,0.108903
459,1,538.794,0.108897
458.5,1,537.928,0.10889
458,1,537.061,0.108883
457.5,1,536.195,0.108876
457,1,535.329,0.108869
456.5,1,534.463,0.108862
456,1,533.597,0.108855
455.5,1,532.731,0.108848
455,1,531.865,0.108839
454.5,1,530.999,0.10883
454,1,530.133,0.108822
453.5,1,529.267,0.108813
453,1,528.401,0.108804
452.5,1,527.535,0.108795
452,1,526.669,0.108784
451.5,1,525.803,0.108774
451,1,524.937,0.108764
450.5,1,524.071,0.108753
450,1,523.205,0.108743
449.5,1,522.339,0.108732
449,1,521.473,0.108719
448.5,1,520.607,0.108706
448,1,519.741,0.108693
447.5,1,518.875,0.10868
447,1,518.009,0.108667
446.5,1,517.143,0.108653
446,1,516.277,0.108638
445.5,1,515.411,0.108623
445,1,514.545,0.108607
444.5,1,513.679,0.108591
444,1,512.813,0.108575
443.5,1,511.947,0.108559
443,1,511.081,0.108542
442.5,1,510.215,0.108522
442,1,509.349,0.108502
441.5,1,508.483,0.108481
441,1,507.617,0.108461
440.5,1,506.751,0.10844
440,1,505.885,0.108419
439.5,1,505.019,0.108395
439,1,504.153,0.108371
438.5,1,503.286,0.108346
438,1,502.42,0.108321
437.5,1,501.554,0.108296
437,1,500.688,0.108271
436.5,1,499.822,0.108241
436,1,498.956,0.108209
435.5,1,498.09,0.108177
435,1,497.224,0.108145
434.5,1,496.358,0.108112
434,1,495.492,0.108079
433.5,1,494.626,0.108044
433,1,493.76,0.108005
432.5,1,492.894,0.107965
432,1,492.028,0.107925
431.5,1,491.162,0.107884
431,1,490.296,0.107843
430.5,1,489.43,0.107801
430,1,488.564,0.10775
429.5,1,487.698,0.107698
429,1,486.832,0.107646
428.5,1,485.966,0.107593
428,1,485.1,0.10754
427.5,1,484.234,0.107487
427,1,483.368,0.107425
426.5,1,482.502,0.10736
426,1,481.636,0.107293
425.5,1,480.77,0.107226
425,1,479.904,0.107158
424.5,1,479.038,0.10709
424,1,478.172,0.107014
423.5,1,477.306,0.106928
423,1,476.44,0.106841
422.5,1,475.574,0.106753
422,1,474.708,0.106664
421.5,1,473.842,0.106574
421,1,472.976,0.106481
420.5,1,472.11,0.106368
420,1,471.244,0.106253
419.5,1,470.378,0.106137
419,1,469.512,0.10602
418.5,1,468.645,0.105901
418,1,467.779,0.105783
417.5,1,466.913,0.105643
417,1,466.047,0.105496
416.5,1,465.181,0.105346
416,1,464.315,0.105194
415.5,1,463.449,0.105041
415,1,462.583,0.104886
414.5,1,461.717,0.104715
414,1,460.851,0.104525
413.5,1,459.985,0.104333
413,1,459.119,0.104138
412.5,1,458.253,0.103945
412,1,457.387,0.103752
411.5,1,456.521,0.103548
411,1,455.655,0.103282
410.5,1,454.789,0.10301
410,1,453.923,0.102734
409.5,1,453.057,0.102452
409,1,452.191,0.102165
408.5,1,451.325,0.101874
408,1,450.459,0.101477
407.5,1,449.593,0.10105
407,1,448.727,0.100624
406.5,1,447.861,0.10019
406,1,446.995,0.0997462
405.5,1,446.129,0.0992916
405,1,445.263,0.0990702
404.5,1,444.397,0.0990693
404,1,443.531,0.099052
403.5,1,442.665,0.0990181
403,1,441.799,0.0989678
402.5,1,440.933,0.098901
402,1,440.067,0.0990391
401.5,1,439.201,0.100041
401,1,438.335,0.10101
400.5,1,437.469,0.101949
400,1,436.603,0.10286
399.5,1,435.737,0.103741
399,1,434.87,0.104592
398.5,1,434.004,0.107398
398,1,433.138,0.110559
397.5,1,432.272,0.113811
397,1,431.406,0.117151
396.5,1,430.54,0.120582
396,1,429.674,0.12364
395.5,1,428.808,0.13353
395,1,427.942,0.148695
394.5,1,427.076,0.163817
394,1,426.21,0.178897
393.5,1,425.344,0.193935
393,1,424.478,0.208931
392.5,1,423.612,0.223443
392,1,422.746,0.236704
391.5,1,421.88,0.25011
391,1,421.014,0.263665
390.5,1,420.148,0.277435
390,1,419.282,0.291254
389.5,1,418.416,0.305123
389,1,417.55,0.308591
388.5,1,416.684,0.311252
388,1,415.818,0.313831
387.5,1,414.952,0.316329
387,1,414.086,0.318746
386.5,1,413.22,0.321081
386,1,412.354,0.322998
385.5,1,411.488,0.324712
385,1,410.622,0.325859
384.5,1,409.756,0.327049
384,1,408.89,0.328283
383.5,1,408.024,0.32956
383,1,407.158,0.330671
382.5,1,406.292,0.331416
382,1,405.426,0.332308
381.5,1,404.56,0.333348
381,1,403.694,0.334535
380.5,1,402.828,0.335869
380,1,401.962,0.33707
379.5,1,401.095,0.335732
379,1,400.229,0.334482
378.5,1,399.363,0.333331
378,1,398.497,0.332279
377.5,1,397.631,0.331326
377,1,396.765,0.330473
376.5,1,395.899,0.32906
376,1,395.033,0.327433
375.5,1,394.167,0.32591
375,1,393.301,0.324491
374.5,1,392.435,0.322228
374,1,391.569,0.316319
373.5,1,390.703,0.309512
373,1,389.837,0.301746
372.5,1,388.971,0.293838
372,1,388.105,0.28579
371.5,1,387.239,0.2776
371,1,386.373,0.269268
370.5,1,385.507,0.260652
370,1,384.641,0.249123
369.5,1,383.775,0.237832
369,1,382.909,0.227358
368.5,1,382.043,0.218432
368,1,381.177,0.209488
367.5,1,380.311,0.200527
367,1,379.445,0.192316
366.5,1,378.579,0.184621
366,1,377.713,0.177198
365.5,1,376.847,0.170048
365,1,375.981,0.16317
364.5,1,375.115,0.156565
364,1,374.249,0.151134
363.5,1,373.383,0.150229
363,1,372.517,0.154759
362.5,1,371.651,0.158711
362,1,370.785,0.162083
361.5,1,369.919,0.164876
361,1,369.053,0.167073
360.5,1,368.187,0.168318
360,1,367.321,0.168585
359.5,1,366.454,0.167874
359,1,365.588,0.166185
358.5,1,364.722,0.163518
358,1,363.856,0.162382
357.5,1,362.99,0.164014
357,1,362.124,0.166371
356.5,1,361.258,0.169793
356,1,360.392,0.174279
355.5,1,359.526,0.179829
355,1,358.66,0.186443
354.5,1,357.794,0.196643
354,1,356.928,0.210985
353.5,1,356.062,0.226744
353,1,355.196,0.243918
352.5,1,354.33,0.250236
352,1,353.464,0.241238
351.5,1,352.598,0.224353
351,1,351.732,0.179712
350.5,1,350.866,0.139385
350,1,350,0.103371
349.5,1,349.134,0.0716714
349,1,348.268,0.0442855
348.5,1,347.402,0.0212132
348,1,346.536,0.0134948
347.5,1,345.67,0.00719065
347,1,344.804,0.00548213
346.5,1,343.938,0.00935217
346,1,343.072,0.0143054
345.5,1,342.206,0.0203418
345,1,341.34,0.034663
344.5,1,340.474,0.0535475
344,1,339.608,0.0696382
343.5,1,338.742,0.0829351
343,1,337.876,0.0934383
342.5,1,337.01,0.101148
342,1,336.144,0.105421
341.5,1,335.278,0.105109
341,1,334.412,0.104259
340.5,1,333.546,0.103641
340,1,332.679,0.103257
339.5,1,331.813,0.103105
339,1,330.947,0.103186
338.5,1,330.081,0.10379
338,1,329.215,0.104452
337.5,1,328.349,0.105126
337,1,327.483,0.105815
336.5,1,326.617,0.106516
336,1,325.751,0.107364
335.5,1,324.885,0.107981
335,1,324.019,0.108399
334.5,1,323.153,0.108801
334,1,322.287,0.109187
333.5,1,321.421,0.109557
333,1,320.555,0.109911
332.5,1,319.689,0.110219
332,1,318.823,0.110432
331.5,1,317.957,0.110633
331,1,317.091,0.11082
330.5,1,316.225,0.110993
330,1,315.359,0.11116
329.5,1,314.493,0.111322
329,1,313.627,0.111449
328.5,1,312.761,0.111571
328,1,311.895,0.111691
327.5,1,311.029,0.111808
327,1,310.163,0.111922
326.5,1,309.297,0.112033
326,1,308.431,0.112093
325.5,1,307.565,0.112124
325,1,306.699,0.112156
324.5,1,305.833,0.112187
324,1,304.967,0.112217
323.5,1,304.101,0.112244
323,1,303.235,0.112267
322.5,1,302.369,0.112284
322,1,301.503,0.1123
321.5,1,300.637,0.112315
321,1,299.771,0.112329
320.5,1,298.905,0.112341
320,1,298.038,0.112352
319.5,1,297.172,0.112327
319,1,296.306,0.112301
318.5,1,295.44,0.112275
318,1,294.574,0.112249
317.5,1,293.708,0.112223
317,1,292.842,0.112197
316.5,1,291.976,0.112166
316,1,291.11,0.112133
315.5,1,290.244,0.112099
315,1,289.378,0.112066
314.5,1,288.512,0.112032
314,1,287.646,0.111998
313.5,1,286.78,0.111958
313,1,285.914,0.111911
312.5,1,285.048,0.111864
312,1,284.182,0.111817
311.5,1,283.316,0.11177
311,1,282.45,0.111724
310.5,1,281.584,0.111678
310,1,280.718,0.111631
309.5,1,279.852,0.111584
309,1,278.986,0.111538
308.5,1,278.12,0.111492
308,1,277.254,0.111447
307.5,1,276.388,0.111402
307,1,275.522,0.111356
306.5,1,274.656,0.11131
306,1,273.79,0.111264
305.5,1,272.924,0.111219
305,1,272.058,0.111174
304.5,1,271.192,0.111131
304,1,270.326,0.111087
303.5,1,269.46,0.111045
303,1,268.594,0.111003
302.5,1,267.728,0.110962
302,1,266.862,0.110922
301.5,1,265.996,0.110882
301,1,265.13,0.110843
300.5,1,264.263,0.110805
300,1,263.397,0.110767
299.5,1,262.531,0.110731
299,1,261.665,0.110694
298.5,1,260.799,0.110658
298,1,259.933,0.110623
297.5,1,259.067,0.11059
297,1,258.201,0.110557
296.5,1,257.335,0.110525
296,1,256.469,0.110494
295.5,1,255.603,0.110462
295,1,254.737,0.110432
294.5,1,253.871,0.110402
294,1,253.005,0.110374
293.5,1,252.139,0.110346
293,1,251.273,0.110318
292.5,1,250.407,0.110291
292,1,249.541,0.110265
291.5,1,248.675,0.110239
291,1,247.809,0.110215
290.5,1,246.943,0.110191
290,1,246.077,0.110167
289.5,1,245.211,0.110144
289,1,244.345,0.110121
288.5,1,243.479,0.110098
288,1,242.613,0.110078
287.5,1,241.747,0.110057
287,1,240.881,0.110037
286.5,1,240.015,0.110017
286,1,239.149,0.109998
285.5,1,238.283,0.109979
285,1,237.417,0.109961
284.5,1,236.551,0.109943
284,1,235.685,0.109926
283.5,1,234.819,0.109909
283,1,233.953,0.109892
282.5,1,233.087,0.109876
282,1,232.221,0.10986
281.5,1,231.355,0.109845
281,1,230.488,0.10983
280.5,1,229.622,0.109816
280,1,228.756,0.109802
279.5,1,227.89,0.109787
279,1,227.024,0.109774
278.5,1,226.158,0.109761
278,1,225.292,0.109748
277.5,1,224.426,0.109735
277,1,223.56,0.109723
276.5,1,222.694,0.109711
276,1,221.828,0.109699
275.5,1,220.962,0.109688
275,1,220.096,0.109677
274.5,1,219.23,0.109666
274,1,218.364,0.109656
273.5,1,217.498,0.109646
273,1,216.632,0.109635
272.5,1,215.766,0.109625
272,1,214.9,0.109616
271.5,1,214.034,0.109607
271,1,213.168,0.109597
270.5,1,212.302,0.109588
270,1,211.436,0.109579
269.5,1,210.57,0.109571
269,1,209.704,0.109563
268.5,1,208.838,0.109555
268,1,207.972,0.109547
267.5,1,207.106,0.109539
267,1,206.24,0.109531
266.5,1,205.374,0.109524
266,1,204.508,0.109516
265.5,1,203.642,0.109509
265,1,202.776,0.109502
264.5,1,201.91,0.109496
264,1,201.044,0.109489
263.5,1,200.178,0.109482
263,1,199.312,0.109476
262.5,1,198.446,0.10947
262,1,197.58,0.109464
261.5,1,196.714,0.109458
261,1,195.847,0.109452
260.5,1,194.981,0.109447
260,1,194.115,0.109441
259.5,1,193.249,0.109436
259,1,192.383,0.10943
258.5,1,191.517,0.109425
258,1,190.651,0.10942
257.5,1,189.785,0.109415
257,1,188.919,0.10941
256.5,1,188.053,0.109405
256,1,187.187,0.109401
255.5,1,186.321,0.109396
255,1,185.455,0.109391
254.5,1,184.589,0.109387
254,1,183.723,0.109383
253.5,1,182.857,0.109378
253,1,181.991,0.109374
252.5,1,181.125,0.10937
252,1,180.259,0.109366
251.5,1,179.393,0.109363
251,1,178.527,0.109359
250.5,1,177.661,0.109355
250,1,176.795,0.109351
249.5,1,175.929,0.109348
249,1,175.063,0.109344
248.5,1,174.197,0.109341
248,1,173.331,0.109338
247.5,1,172.465,0.109334
247,1,171.599,0.109331
246.5,1,170.733,0.109328
246,1,169.867,0.109325
245.5,1,169.001,0.109322
245,1,168.135,0.109319
244.5,1,167.269,0.109316
244,1,166.403,0.109313
243.5,1,165.537,0.10931
243,1,164.671,0.109307
242.5,1,163.805,0.109305
242,1,162.939,0.109302
241.5,1,162.072,0.109299
241,1,161.206,0.109297
240.5,1,160.34,0.109294
240,1,159.474,0.109292
239.5,1,158.608,0.10929
239,1,157.742,0.109287
238.5,1,156.876,0.109285
238,1,156.01,0.109283
237.5,1,155.144,0.10928
237,1,154.278,0.109278
236.5,1,153.412,0.109276
236,1,152.546,0.109274
235.5,1,151.68,0.109272
235,1,150.814,0.10927
234.5,1,149.948,0.109268
234,1,149.082,0.109266
233.5,1,148.216,0.109264
233,1,147.35,0.109263
232.5,1,146.484,0.109261
232,1,145.618,0.109259
231.5,1,144.752,0.109257
231,1,143.886,0.109255
230.5,1,143.02,0.109254
230,1,142.154,0.109252
229.5,1,141.288,0.10925
229,1,140.422,0.109249
228.5,1,139.556,0.109247
228,1,138.69,0.109246
227.5,1,137.824,0.109244
227,1,136.958,0.109242
226.5,1,136.092,0.109241
226,1,135.226,0.109239
225.5,1,134.36,0.109238
225,1,133.494,0.109237
224.5,1,132.628,0.109235
224,1,131.762,0.109234
223.5,1,130.896,0.109233
223,1,130.03,0.109231
222.5,1,129.164,0.10923
222,1,128.297,0.109229
221.5,1,127.431,0.109227
221,1,126.565,0.109226
220.5,1,125.699,0.109225
220,1,124.833,0.109224
219.5,1,123.967,0.109222
219,1,123.101,0.109221
218.5,1,122.235,0.10922
218,1,121.369,0.109219
217.5,1,120.503,0.109218
217,1,119.637,0.109217
216.5,1,118.771,0.109216
216,1,117.905,0.109215
215.5,1,117.039,0.109214
215,1,116.173,0.109213
214.5,1,115.307,0.109211
214,1,114.441,0.10921
213.5,1,113.575,0.109209
213,1,112.709,0.109208
212.5,1,111.843,0.109207
212,1,110.977,0.109206
211.5,1,110.111,0.109206
211,1,109.245,0.109205
210.5,1,108.379,0.109204
210,1,107.513,0.109203
209.5,1,106.647,0.109202
209,1,105.781,0.109201
208.5,1,104.915,0.1092
208,1,104.049,0.109199
207.5,1,103.183,0.109198
207,1,102.317,0.109198
206.5,1,101.451,0.109197
206,1,100.585,0.109196
205.5,1,99.7187,0.109195
205,1,98.8526,0.109194
204.5,1,97.9866,0.109194
204,1,97.1206,0.109193
203.5,1,96.2546,0.109192
203,1,95.3885,0.109192
202.5,1,94.5225,0.109191
202,1,93.6565,0.10919
201.5,1,92.7905,0.109189
201,1,91.9244,0.109188
200.5,1,91.0584,0.109188
200,1,90.1924,0.109187
