x,y,z,b
500,1,609.808,0.112029
499.5,1,608.942,0.11204
499,1,608.076,0.11205
498.5,1,607.21,0.112062
498,1,606.344,0.112075
497.5,1,605.477,0.112089
497,1,604.611,0.112105
496.5,1,603.745,0.112137
496,1,602.879,0.112179
495.5,1,602.013,0.112222
495,1,601.147,0.112268
494.5,1,600.281,0.112314
494,1,599.415,0.112362
493.5,1,598.549,0.112416
493,1,597.683,0.112478
492.5,1,596.817,0.112543
492,1,595.951,0.112612
491.5,1,595.085,0.112683
491,1,594.219,0.112757
490.5,1,593.353,0.112834
490,1,592.487,0.112971
489.5,1,591.621,0.113112
489,1,590.755,0.113255
488.5,1,589.889,0.113401
488,1,589.023,0.113551
487.5,1,588.157,0.113705
487,1,587.291,0.113903
486.5,1,586.425,0.114124
486,1,585.559,0.114351
485.5,1,584.693,0.114583
485,1,583.827,0.114819
484.5,1,582.961,0.115061
484,1,582.095,0.11535
483.5,1,581.229,0.115708
483,1,580.363,0.116073
482.5,1,579.497,0.116445
482,1,578.631,0.116824
481.5,1,577.765,0.11721
481,1,576.899,0.11761
480.5,1,576.033,0.118139
480,1,575.167,0.118676
479.5,1,574.301,0.119221
479,1,573.435,0.119773
478.5,1,572.569,0.120332
478,1,571.703,0.120876
477.5,1,570.836,0.121511
477,1,569.97,0.122179
476.5,1,569.104,0.122851
476,1,568.238,0.123529
475.5,1,567.372,0.124212
475,1,566.506,0.1249
474.5,1,565.64,0.125638
474,1,564.774,0.126439
473.5,1,563.908,0.127248
473,1,563.042,0.128057
472.5,1,562.176,0.128815
472,1,561.31,0.129574
471.5,1,560.444,0.130351
471,1,559.578,0.131246
470.5,1,558.712,0.132142
470,1,557.846,0.133039
469.5,1,556.98,0.133937
469,1,556.114,0.134835
468.5,1,555.248,0.135735
468,1,554.382,0.136679
467.5,1,553.516,0.137624
467,1,552.65,0.138507
466.5,1,551.784,0.139386
466,1,550.918,0.140262
465.5,1,550.052,0.141135
465,1,549.186,0.141983
464.5,1,548.32,0.142808
464,1,547.454,0.143633
463.5,1,546.588,0.144458
463,1,545.722,0.145283
462.5,1,544.856,0.146108
462,1,543.99,0.146885
461.5,1,543.124,0.147466
461,1,542.258,0.148054
460.5,1,541.392,0.14865
460,1,540.526,0.149254
459.5,1,539.66,0.149865
459,1,538.794,0.150483
458.5,1,537.928,0.151083
458,1,537.061,0.151693
457.5,1,536.195,0.15232
457,1,535.329,0.152962
456.5,1,534.463,0.153587
456,1,533.597,0.154135
455.5,1,532.731,0.154709
455,1,531.865,0.155305
454.5,1,530.999,0.155905
454,1,530.133,0.156509
453.5,1,529.267,0.157116
453,1,528.401,0.157728
452.5,1,527.535,0.15833
452,1,526.669,0.1589
451.5,1,525.803,0.159484
451,1,524.937,0.160025
450.5,1,524.071,0.16045
450,1,523.205,0.160865
449.5,1,522.339,0.161269
449,1,521.473,0.161517
448.5,1,520.607,0.16175
448,1,519.741,0.161982
447.5,1,518.875,0.162213
447,1,518.009,0.162443
446.5,1,517.143,0.162672
446,1,516.277,0.162688
445.5,1,515.411,0.162553
445,1,514.545,0.162399
444.5,1,513.679,0.162276
444,1,512.813,0.162184
443.5,1,511.947,0.162122
443,1,511.081,0.162041
442.5,1,510.215,0.161862
442,1,509.349,0.16171
441.5,1,508.483,0.161587
441,1,507.617,0.161491
440.5,1,506.751,0.161423
440,1,505.885,0.161333
439.5,1,505.019,0.161152
439,1,504.153,0.160995
438.5,1,503.286,0.160862
438,1,502.42,0.160754
437.5,1,501.554,0.16067
437,1,500.688,0.160611
436.5,1,499.822,0.160463
436,1,498.956,0.160272
435.5,1,498.09,0.160098
435,1,497.224,0.159939
434.5,1,496.358,0.159726
434,1,495.492,0.159476
433.5,1,494.626,0.159191
433,1,493.76,0.158829
432.5,1,492.894,0.158519
432,1,492.028,0.158263
431.5,1,491.162,0.158061
431,1,490.296,0.157911
430.5,1,489.43,0.157814
430,1,488.564,0.157735
429.5,1,487.698,0.157698
429,1,486.832,0.157596
428.5,1,485.966,0.157456
428,1,485.1,0.157349
427.5,1,484.234,0.157277
427,1,483.368,0.15732
426.5,1,482.502,0.157451
426,1,481.636,0.157638
425.5,1,480.77,0.157884
425,1,479.904,0.158187
424.5,1,479.038,0.158549
424,1,478.172,0.158985
423.5,1,477.306,0.159461
423,1,476.44,0.159956
422.5,1,475.574,0.160484
422,1,474.708,0.161046
421.5,1,473.842,0.16164
421,1,472.976,0.162271
420.5,1,472.11,0.162972
420,1,471.244,0.163718
419.5,1,470.378,0.164509
419,1,469.512,0.165346
418.5,1,468.645,0.166229
418,1,467.779,0.16728
417.5,1,466.913,0.168326
417,1,466.047,0.169385
416.5,1,465.181,0.170484
416,1,464.315,0.171622
415.5,1,463.449,0.172799
415,1,462.583,0.174016
414.5,1,461.717,0.175032
414,1,460.851,0.1758
413.5,1,459.985,0.176614
413,1,459.119,0.177472
412.5,1,458.253,0.178245
412,1,457.387,0.179003
411.5,1,456.521,0.179711
411,1,455.655,0.180004
410.5,1,454.789,0.180315
410,1,453.923,0.180646
409.5,1,453.057,0.180994
409,1,452.191,0.181362
408.5,1,451.325,0.181748
408,1,450.459,0.182171
407.5,1,449.593,0.182602
407,1,448.727,0.182834
406.5,1,447.861,0.183039
406,1,446.995,0.183253
405.5,1,446.129,0.183477
405,1,445.263,0.183575
404.5,1,444.397,0.183565
404,1,443.531,0.183587
403.5,1,442.665,0.183639
403,1,441.799,0.183723
402.5,1,440.933,0.183837
402,1,440.067,0.183919
401.5,1,439.201,0.183621
401,1,438.335,0.183339
400.5,1,437.469,0.183089
400,1,436.603,0.18287
399.5,1,435.737,0.182682
399,1,434.87,0.182525
398.5,1,434.004,0.181094
398,1,433.138,0.179489
397.5,1,432.272,0.177889
397,1,431.406,0.176293
396.5,1,430.54,0.174703
396,1,429.674,0.173105
395.5,1,428.808,0.170816
395,1,427.942,0.167922
394.5,1,427.076,0.16496
394,1,426.21,0.161932
393.5,1,425.344,0.158836
393,1,424.478,0.155674
392.5,1,423.612,0.152792
392,1,422.746,0.150913
391.5,1,421.88,0.149002
391,1,421.014,0.147059
390.5,1,420.148,0.145117
390,1,419.282,0.143139
389.5,1,418.416,0.141123
389,1,417.55,0.140885
388.5,1,416.684,0.140721
388,1,415.818,0.140504
387.5,1,414.952,0.140235
387,1,414.086,0.139912
386.5,1,413.22,0.139536
386,1,412.354,0.140284
385.5,1,411.488,0.141743
385,1,410.622,0.143138
384.5,1,409.756,0.144525
384,1,408.89,0.145905
383.5,1,408.024,0.147278
383,1,407.158,0.148314
382.5,1,406.292,0.14862
382,1,405.426,0.148958
381.5,1,404.56,0.149328
381,1,403.694,0.149731
380.5,1,402.828,0.150166
380,1,401.962,0.150613
379.5,1,401.095,0.150166
379,1,400.229,0.149738
378.5,1,399.363,0.149337
378,1,398.497,0.148963
377.5,1,397.631,0.148616
377,1,396.765,0.148296
376.5,1,395.899,0.148114
376,1,395.033,0.148048
375.5,1,394.167,0.148052
375,1,393.301,0.148126
374.5,1,392.435,0.148258
374,1,391.569,0.148423
373.5,1,390.703,0.148977
373,1,389.837,0.150172
372.5,1,388.971,0.151473
372,1,388.105,0.15288
371.5,1,387.239,0.154393
371,1,386.373,0.156011
370.5,1,385.507,0.157696
370,1,384.641,0.158596
369.5,1,383.775,0.159492
369,1,382.909,0.160473
368.5,1,382.043,0.161793
368,1,381.177,0.163292
367.5,1,380.311,0.164972
367,1,379.445,0.165887
366.5,1,378.579,0.166473
366,1,377.713,0.167054
365.5,1,376.847,0.167627
365,1,375.981,0.168194
364.5,1,375.115,0.168755
364,1,374.249,0.17021
363.5,1,373.383,0.173009
363,1,372.517,0.175996
362.5,1,371.651,0.178838
362,1,370.785,0.181535
361.5,1,369.919,0.184086
361,1,369.053,0.187508
360.5,1,368.187,0.199079
360,1,367.321,0.209285
359.5,1,366.454,0.218125
359,1,365.588,0.2256
358.5,1,364.722,0.23171
358,1,363.856,0.236992
357.5,1,362.99,0.243196
357,1,362.124,0.248856
356.5,1,361.258,0.253678
356,1,360.392,0.257661
355.5,1,359.526,0.260806
355,1,358.66,0.263113
354.5,1,357.794,0.27052
354,1,356.928,0.286208
353.5,1,356.062,0.304425
353,1,355.196,0.325171
352.5,1,354.33,0.34171
352,1,353.464,0.348098
351.5,1,352.598,0.345191
351,1,351.732,0.315827
350.5,1,350.866,0.289746
350,1,350,0.266947
349.5,1,349.134,0.247432
349,1,348.268,0.2312
348.5,1,347.402,0.218252
348,1,346.536,0.214339
347.5,1,345.67,0.213796
347,1,344.804,0.217971
346.5,1,343.938,0.224481
346,1,343.072,0.230472
345.5,1,342.206,0.235944
345,1,341.34,0.23719
344.5,1,340.474,0.234856
344,1,339.608,0.232335
343.5,1,338.742,0.229626
343,1,337.876,0.22673
342.5,1,337.01,0.223647
342,1,336.144,0.220243
341.5,1,335.278,0.215986
341,1,334.412,0.211627
340.5,1,333.546,0.20737
340,1,332.679,0.203215
339.5,1,331.813,0.199163
339,1,330.947,0.195212
338.5,1,330.081,0.19317
338,1,329.215,0.191422
337.5,1,328.349,0.189763
337,1,327.483,0.188194
336.5,1,326.617,0.186714
336,1,325.751,0.185442
335.5,1,324.885,0.185419
335,1,324.019,0.18625
334.5,1,323.153,0.187144
334,1,322.287,0.1881
333.5,1,321.421,0.189119
333,1,320.555,0.1902
332.5,1,319.689,0.19151
332,1,318.823,0.193277
331.5,1,317.957,0.195016
331,1,317.091,0.196728
330.5,1,316.225,0.198394
330,1,315.359,0.199996
329.5,1,314.493,0.201535
329,1,313.627,0.201791
328.5,1,312.761,0.201879
328,1,311.895,0.201859
327.5,1,311.029,0.20173
327,1,310.163,0.201491
326.5,1,309.297,0.201144
326,1,308.431,0.199599
325.5,1,307.565,0.197316
325,1,306.699,0.194949
324.5,1,305.833,0.192551
324,1,304.967,0.190118
323.5,1,304.101,0.187652
323,1,303.235,0.185473
322.5,1,302.369,0.184057
322,1,301.503,0.182795
321.5,1,300.637,0.181687
321,1,299.771,0.180735
320.5,1,298.905,0.179936
320,1,298.038,0.179296
319.5,1,297.172,0.179241
319,1,296.306,0.179317
318.5,1,295.44,0.179502
318,1,294.574,0.179796
317.5,1,293.708,0.1802
317,1,292.842,0.180713
316.5,1,291.976,0.181137
316,1,291.11,0.181524
315.5,1,290.244,0.181948
315,1,289.378,0.18241
314.5,1,288.512,0.182909
314,1,287.646,0.183658
313.5,1,286.78,0.184405
313,1,285.914,0.185032
312.5,1,285.048,0.185763
312,1,284.182,0.186597
311.5,1,283.316,0.187533
311,1,282.45,0.188573
310.5,1,281.584,0.18969
310,1,280.718,0.190477
309.5,1,279.852,0.191273
309,1,278.986,0.192079
308.5,1,278.12,0.192422
308,1,277.254,0.192825
307.5,1,276.388,0.193303
307,1,275.522,0.19353
306.5,1,274.656,0.193762
306,1,273.79,0.194113
305.5,1,272.924,0.194582
305,1,272.058,0.19517
304.5,1,271.192,0.195877
304,1,270.326,0.196441
303.5,1,269.46,0.196656
303,1,268.594,0.196328
302.5,1,267.728,0.196081
302,1,266.862,0.195917
301.5,1,265.996,0.195833
301,1,265.13,0.195817
300.5,1,264.263,0.19574
300,1,263.397,0.195679
299.5,1,262.531,0.195636
299,1,261.665,0.19561
298.5,1,260.799,0.195602
298,1,259.933,0.195503
297.5,1,259.067,0.194375
297,1,258.201,0.193258
296.5,1,257.335,0.192158
296,1,256.469,0.191076
295.5,1,255.603,0.190011
295,1,254.737,0.188963
294.5,1,253.871,0.187904
294,1,253.005,0.186801
293.5,1,252.139,0.185675
293,1,251.273,0.184525
292.5,1,250.407,0.183238
292,1,249.541,0.181333
291.5,1,248.675,0.179422
291,1,247.809,0.177462
290.5,1,246.943,0.175522
290,1,246.077,0.173601
289.5,1,245.211,0.171698
289,1,244.345,0.169815
288.5,1,243.479,0.167951
288,1,242.613,0.166054
287.5,1,241.747,0.16416
287,1,240.881,0.16236
286.5,1,240.015,0.160855
286,1,239.149,0.159348
285.5,1,238.283,0.157839
285,1,237.417,0.156298
284.5,1,236.551,0.154736
284,1,235.685,0.153178
283.5,1,234.819,0.151624
283,1,233.953,0.150074
282.5,1,233.087,0.148528
282,1,232.221,0.146976
281.5,1,231.355,0.145454
281,1,230.488,0.144085
280.5,1,229.622,0.142726
280,1,228.756,0.141375
279.5,1,227.89,0.140033
279,1,227.024,0.1387
278.5,1,226.158,0.137355
278,1,225.292,0.136022
277.5,1,224.426,0.134703
277,1,223.56,0.1334
276.5,1,222.694,0.132111
276,1,221.828,0.1309
275.5,1,220.962,0.12982
275,1,220.096,0.128747
274.5,1,219.23,0.127685
274,1,218.364,0.126633
273.5,1,217.498,0.125593
273,1,216.632,0.124563
272.5,1,215.766,0.123545
272,1,214.9,0.122544
271.5,1,214.034,0.121557
271,1,213.168,0.120585
270.5,1,212.302,0.119667
270,1,211.436,0.118819
269.5,1,210.57,0.117981
269,1,209.704,0.117184
268.5,1,208.838,0.1164
268,1,207.972,0.115627
267.5,1,207.106,0.114865
267,1,206.24,0.114114
266.5,1,205.374,0.113375
266,1,204.508,0.112679
265.5,1,203.642,0.112014
265,1,202.776,0.111382
264.5,1,201.91,0.110785
264,1,201.044,0.110197
263.5,1,200.178,0.109618
263,1,199.312,0.109071
262.5,1,198.446,0.108576
262,1,197.58,0.10809
261.5,1,196.714,0.107613
261,1,195.847,0.107146
260.5,1,194.981,0.106688
260,1,194.115,0.106241
259.5,1,193.249,0.105884
259,1,192.383,0.105546
258.5,1,191.517,0.105216
258,1,190.651,0.104893
257.5,1,189.785,0.104577
257,1,188.919,0.104268
256.5,1,188.053,0.104016
256,1,187.187,0.103791
255.5,1,186.321,0.103572
255,1,185.455,0.10336
254.5,1,184.589,0.103154
254,1,183.723,0.102961
253.5,1,182.857,0.102802
253,1,181.991,0.102685
252.5,1,181.125,0.102573
252,1,180.259,0.102466
251.5,1,179.393,0.102364
251,1,178.527,0.102267
250.5,1,177.661,0.102179
250,1,176.795,0.102141
249.5,1,175.929,0.102106
249,1,175.063,0.102074
248.5,1,174.197,0.10205
248,1,173.331,0.102031
247.5,1,172.465,0.102016
247,1,171.599,0.102029
246.5,1,170.733,0.102052
246,1,169.867,0.102078
245.5,1,169.001,0.102107
245,1,168.135,0.102138
244.5,1,167.269,0.102172
244,1,166.403,0.10222
243.5,1,165.537,0.102283
243,1,164.671,0.10235
242.5,1,163.805,0.102418
242,1,162.939,0.102486
241.5,1,162.072,0.102556
241,1,161.206,0.102628
240.5,1,160.34,0.102709
240,1,159.474,0.102789
239.5,1,158.608,0.102871
239,1,157.742,0.102952
238.5,1,156.876,0.103034
238,1,156.01,0.103116
237.5,1,155.144,0.103202
237,1,154.278,0.10329
236.5,1,153.412,0.103377
236,1,152.546,0.103464
235.5,1,151.68,0.103551
235,1,150.814,0.103638
234.5,1,149.948,0.103725
234,1,149.082,0.103812
233.5,1,148.216,0.103898
233,1,147.35,0.103984
232.5,1,146.484,0.10407
232,1,145.618,0.104156
231.5,1,144.752,0.104242
231,1,143.886,0.104326
230.5,1,143.02,0.104409
230,1,142.154,0.104492
229.5,1,141.288,0.104574
229,1,140.422,0.104657
228.5,1,139.556,0.104738
228,1,138.69,0.104817
227.5,1,137.824,0.104894
227,1,136.958,0.104971
226.5,1,136.092,0.105048
226,1,135.226,0.105125
225.5,1,134.36,0.105201
225,1,133.494,0.105274
224.5,1,132.628,0.105344
224,1,131.762,0.105414
223.5,1,130.896,0.105484
223,1,130.03,0.105553
222.5,1,129.164,0.105622
222,1,128.297,0.105689
221.5,1,127.431,0.105753
221,1,126.565,0.105816
220.5,1,125.699,0.105879
220,1,124.833,0.105941
219.5,1,123.967,0.106003
219,1,123.101,0.106065
218.5,1,122.235,0.106123
218,1,121.369,0.106181
217.5,1,120.503,0.106238
217,1,119.637,0.106294
216.5,1,118.771,0.106351
216,1,117.905,0.106407
215.5,1,117.039,0.106459
215,1,116.173,0.10651
214.5,1,115.307,0.106561
214,1,114.441,0.106611
213.5,1,113.575,0.106661
213,1,112.709,0.10671
212.5,1,111.843,0.106757
212,1,110.977,0.1068
211.5,1,110.111,0.106843
211,1,109.245,0.106885
210.5,1,108.379,0.106927
210,1,107.513,0.106969
209.5,1,106.647,0.10701
209,1,105.781,0.107048
208.5,1,104.915,0.107086
208,1,104.049,0.107123
207.5,1,103.183,0.107161
207,1,102.317,0.107198
206.5,1,101.451,0.107235
206,1,100.585,0.107271
205.5,1,99.7187,0.107307
205,1,98.8526,0.107342
204.5,1,97.9866,0.107377
204,1,97.1206,0.107412
203.5,1,96.2546,0.107447
203,1,95.3885,0.10748
202.5,1,94.5225,0.10751
202,1,93.6565,0.107539
201.5,1,92.7905,0.107569
201,1,91.9244,0.107598
200.5,1,91.0584,0.107627
200,1,90.1924,0.107655
