x,y,z,b
500,1,609.808,0.110295
499.5,1,608.942,0.110431
499,1,608.076,0.110571
498.5,1,607.21,0.110714
498,1,606.344,0.11086
497.5,1,605.477,0.111009
497,1,604.611,0.11116
496.5,1,603.745,0.111387
496,1,602.879,0.11166
495.5,1,602.013,0.111938
495,1,601.147,0.112219
494.5,1,600.281,0.1125
494,1,599.415,0.112784
493.5,1,598.549,0.113105
493,1,597.683,0.113499
492.5,1,596.817,0.113897
492,1,595.951,0.114298
491.5,1,595.085,0.114704
491,1,594.219,0.115113
490.5,1,593.353,0.115527
490,1,592.487,0.116051
489.5,1,591.621,0.11658
489,1,590.755,0.117102
488.5,1,589.889,0.117626
488,1,589.023,0.118152
487.5,1,588.157,0.118682
487,1,587.291,0.119275
486.5,1,586.425,0.119897
486,1,585.559,0.12052
485.5,1,584.693,0.121146
485,1,583.827,0.121774
484.5,1,582.961,0.122404
484,1,582.095,0.123062
483.5,1,581.229,0.12374
483,1,580.363,0.124417
482.5,1,579.497,0.125095
482,1,578.631,0.125773
481.5,1,577.765,0.126452
481,1,576.899,0.127134
480.5,1,576.033,0.127843
480,1,575.167,0.128554
479.5,1,574.301,0.129266
479,1,573.435,0.129979
478.5,1,572.569,0.130692
478,1,571.703,0.131377
477.5,1,570.836,0.132081
477,1,569.97,0.13279
476.5,1,569.104,0.133499
476,1,568.238,0.134207
475.5,1,567.372,0.134913
475,1,566.506,0.135619
474.5,1,565.64,0.136335
474,1,564.774,0.137061
473.5,1,563.908,0.137787
473,1,563.042,0.138504
472.5,1,562.176,0.139161
472,1,561.31,0.139811
471.5,1,560.444,0.140453
471,1,559.578,0.141082
470.5,1,558.712,0.141704
470,1,557.846,0.14232
469.5,1,556.98,0.142928
469,1,556.114,0.14353
468.5,1,555.248,0.144125
468,1,554.382,0.144642
467.5,1,553.516,0.145131
467,1,552.65,0.145575
466.5,1,551.784,0.146014
466,1,550.918,0.14645
465.5,1,550.052,0.146882
465,1,549.186,0.147266
464.5,1,548.32,0.147603
464,1,547.454,0.147941
463.5,1,546.588,0.148281
463,1,545.722,0.148622
462.5,1,544.856,0.148965
462,1,543.99,0.149285
461.5,1,543.124,0.149503
461,1,542.258,0.149723
460.5,1,541.392,0.149944
460,1,540.526,0.150167
459.5,1,539.66,0.150391
459,1,538.794,0.150617
458.5,1,537.928,0.15085
458,1,537.061,0.151077
457.5,1,536.195,0.151299
457,1,535.329,0.151514
456.5,1,534.463,0.151715
456,1,533.597,0.151889
455.5,1,532.731,0.15209
455,1,531.865,0.152308
454.5,1,530.999,0.152517
454,1,530.133,0.152716
453.5,1,529.267,0.152906
453,1,528.401,0.153087
452.5,1,527.535,0.153256
452,1,526.669,0.153398
451.5,1,525.803,0.153518
451,1,524.937,0.15362
450.5,1,524.071,0.153717
450,1,523.205,0.153806
449.5,1,522.339,0.153888
449,1,521.473,0.153982
448.5,1,520.607,0.154062
448,1,519.741,0.154126
447.5,1,518.875,0.154172
447,1,518.009,0.154202
446.5,1,517.143,0.154215
446,1,516.277,0.154158
445.5,1,515.411,0.154084
445,1,514.545,0.154029
444.5,1,513.679,0.153979
444,1,512.813,0.153936
443.5,1,511.947,0.153898
443,1,511.081,0.153852
442.5,1,510.215,0.153776
442,1,509.349,0.153716
441.5,1,508.483,0.153671
441,1,507.617,0.15364
440.5,1,506.751,0.153624
440,1,505.885,0.153602
439.5,1,505.019,0.153566
439,1,504.153,0.153538
438.5,1,503.286,0.153516
438,1,502.42,0.153501
437.5,1,501.554,0.153492
437,1,500.688,0.153491
436.5,1,499.822,0.153481
436,1,498.956,0.153482
435.5,1,498.09,0.153502
435,1,497.224,0.153542
434.5,1,496.358,0.153655
434,1,495.492,0.153824
433.5,1,494.626,0.153994
433,1,493.76,0.154171
432.5,1,492.894,0.154366
432,1,492.028,0.154577
431.5,1,491.162,0.154805
431,1,490.296,0.15505
430.5,1,489.43,0.155312
430,1,488.564,0.155614
429.5,1,487.698,0.155953
429,1,486.832,0.156456
428.5,1,485.966,0.157069
428,1,485.1,0.157703
427.5,1,484.234,0.158357
427,1,483.368,0.158972
426.5,1,482.502,0.159584
426,1,481.636,0.160218
425.5,1,480.77,0.160874
425,1,479.904,0.161552
424.5,1,479.038,0.162251
424,1,478.172,0.162941
423.5,1,477.306,0.163711
423,1,476.44,0.164532
422.5,1,475.574,0.165343
422,1,474.708,0.166147
421.5,1,473.842,0.166941
421,1,472.976,0.167698
420.5,1,472.11,0.168135
420,1,471.244,0.168575
419.5,1,470.378,0.169017
419,1,469.512,0.169463
418.5,1,468.645,0.169912
418,1,467.779,0.170228
417.5,1,466.913,0.170416
417,1,466.047,0.17058
416.5,1,465.181,0.170741
416,1,464.315,0.170899
415.5,1,463.449,0.171054
415,1,462.583,0.171206
414.5,1,461.717,0.171453
414,1,460.851,0.171821
413.5,1,459.985,0.172192
413,1,459.119,0.172567
412.5,1,458.253,0.172787
412,1,457.387,0.172961
411.5,1,456.521,0.173163
411,1,455.655,0.173569
410.5,1,454.789,0.173993
410,1,453.923,0.174435
409.5,1,453.057,0.174894
409,1,452.191,0.175371
408.5,1,451.325,0.175866
408,1,450.459,0.176314
407.5,1,449.593,0.176776
407,1,448.727,0.177142
406.5,1,447.861,0.177519
406,1,446.995,0.17793
405.5,1,446.129,0.178377
405,1,445.263,0.178471
404.5,1,444.397,0.178234
404,1,443.531,0.178044
403.5,1,442.665,0.1779
403,1,441.799,0.177803
402.5,1,440.933,0.177753
402,1,440.067,0.177451
401.5,1,439.201,0.175876
401,1,438.335,0.174339
400.5,1,437.469,0.172848
400,1,436.603,0.171401
399.5,1,435.737,0.17
399,1,434.87,0.168643
398.5,1,434.004,0.166562
398,1,433.138,0.164309
397.5,1,432.272,0.161982
397,1,431.406,0.15958
396.5,1,430.54,0.157105
396,1,429.674,0.154622
395.5,1,428.808,0.153012
395,1,427.942,0.152051
394.5,1,427.076,0.15102
394,1,426.21,0.149917
393.5,1,425.344,0.148744
393,1,424.478,0.1475
392.5,1,423.612,0.146544
392,1,422.746,0.14661
391.5,1,421.88,0.146616
391,1,421.014,0.146565
390.5,1,420.148,0.146478
390,1,419.282,0.14633
389.5,1,418.416,0.14612
389,1,417.55,0.146759
388.5,1,416.684,0.147459
388,1,415.818,0.148158
387.5,1,414.952,0.148856
387,1,414.086,0.149552
386.5,1,413.22,0.150248
386,1,412.354,0.150532
385.5,1,411.488,0.150587
385,1,410.622,0.150594
384.5,1,409.756,0.150652
384,1,408.89,0.150764
383.5,1,408.024,0.150927
383,1,407.158,0.151092
382.5,1,406.292,0.151177
382,1,405.426,0.151291
381.5,1,404.56,0.151434
381,1,403.694,0.151606
380.5,1,402.828,0.151807
380,1,401.962,0.152017
379.5,1,401.095,0.153821
379,1,400.229,0.155538
378.5,1,399.363,0.157152
378,1,398.497,0.158661
377.5,1,397.631,0.160067
377,1,396.765,0.161368
376.5,1,395.899,0.16792
376,1,395.033,0.176342
375.5,1,394.167,0.183948
375,1,393.301,0.190737
374.5,1,392.435,0.196817
374,1,391.569,0.20259
373.5,1,390.703,0.20929
373,1,389.837,0.21831
372.5,1,388.971,0.22702
372,1,388.105,0.235417
371.5,1,387.239,0.243503
371,1,386.373,0.251278
370.5,1,385.507,0.258508
370,1,384.641,0.261029
369.5,1,383.775,0.264083
369,1,382.909,0.267448
368.5,1,382.043,0.270608
368,1,381.177,0.27403
367.5,1,380.311,0.277715
367,1,379.445,0.278944
366.5,1,378.579,0.279537
366,1,377.713,0.280507
365.5,1,376.847,0.281856
365,1,375.981,0.283582
364.5,1,375.115,0.285686
364,1,374.249,0.287255
363.5,1,373.383,0.287371
363,1,372.517,0.287016
362.5,1,371.651,0.286915
362,1,370.785,0.287068
361.5,1,369.919,0.287476
361,1,369.053,0.288047
360.5,1,368.187,0.28799
360,1,367.321,0.288051
359.5,1,366.454,0.28823
359,1,365.588,0.288526
358.5,1,364.722,0.288939
358,1,363.856,0.28899
357.5,1,362.99,0.290028
357,1,362.124,0.291098
356.5,1,361.258,0.291718
356,1,360.392,0.291888
355.5,1,359.526,0.291608
355,1,358.66,0.290879
354.5,1,357.794,0.295072
354,1,356.928,0.307622
353.5,1,356.062,0.323525
353,1,355.196,0.342781
352.5,1,354.33,0.356799
352,1,353.464,0.35873
351.5,1,352.598,0.350343
351,1,351.732,0.311132
350.5,1,350.866,0.276496
350,1,350,0.246435
349.5,1,349.134,0.22095
349,1,348.268,0.200041
348.5,1,347.402,0.183708
348,1,346.536,0.183569
347.5,1,345.67,0.187681
347,1,344.804,0.196417
346.5,1,343.938,0.206853
346,1,343.072,0.215764
345.5,1,342.206,0.223148
345,1,341.34,0.225248
344.5,1,340.474,0.223495
344,1,339.608,0.22157
343.5,1,338.742,0.219471
343,1,337.876,0.2172
342.5,1,337.01,0.214755
342,1,336.144,0.212099
341.5,1,335.278,0.208926
341,1,334.412,0.205602
340.5,1,333.546,0.202327
340,1,332.679,0.199101
339.5,1,331.813,0.195923
339,1,330.947,0.192794
338.5,1,330.081,0.191258
338,1,329.215,0.189921
337.5,1,328.349,0.188604
337,1,327.483,0.187309
336.5,1,326.617,0.186036
336,1,325.751,0.184828
335.5,1,324.885,0.18479
335,1,324.019,0.185584
334.5,1,323.153,0.186428
334,1,322.287,0.187321
333.5,1,321.421,0.188265
333,1,320.555,0.189259
332.5,1,319.689,0.190423
332,1,318.823,0.191962
331.5,1,317.957,0.193546
331,1,317.091,0.195174
330.5,1,316.225,0.196857
330,1,315.359,0.198568
329.5,1,314.493,0.200298
329,1,313.627,0.200344
328.5,1,312.761,0.200304
328,1,311.895,0.200258
327.5,1,311.029,0.200206
327,1,310.163,0.200149
326.5,1,309.297,0.200086
326,1,308.431,0.198398
325.5,1,307.565,0.195819
325,1,306.699,0.193287
324.5,1,305.833,0.190838
324,1,304.967,0.188474
323.5,1,304.101,0.186195
323,1,303.235,0.18378
322.5,1,302.369,0.180901
322,1,301.503,0.177973
321.5,1,300.637,0.174996
321,1,299.771,0.171969
320.5,1,298.905,0.168892
320,1,298.038,0.165798
319.5,1,297.172,0.165912
319,1,296.306,0.166018
318.5,1,295.44,0.166107
318,1,294.574,0.166179
317.5,1,293.708,0.166234
317,1,292.842,0.166272
316.5,1,291.976,0.166724
316,1,291.11,0.167482
315.5,1,290.244,0.168381
315,1,289.378,0.169422
314.5,1,288.512,0.170605
314,1,287.646,0.171305
313.5,1,286.78,0.171959
313,1,285.914,0.172492
312.5,1,285.048,0.17317
312,1,284.182,0.173993
311.5,1,283.316,0.174962
311,1,282.45,0.176076
310.5,1,281.584,0.177296
310,1,280.718,0.178073
309.5,1,279.852,0.178939
309,1,278.986,0.179894
308.5,1,278.12,0.180402
308,1,277.254,0.181082
307.5,1,276.388,0.181953
307,1,275.522,0.182528
306.5,1,274.656,0.183027
306,1,273.79,0.183597
305.5,1,272.924,0.184237
305,1,272.058,0.184948
304.5,1,271.192,0.18573
304,1,270.326,0.186379
303.5,1,269.46,0.186799
303,1,268.594,0.186645
302.5,1,267.728,0.186613
302,1,266.862,0.186704
301.5,1,265.996,0.186917
301,1,265.13,0.187202
300.5,1,264.263,0.187191
300,1,263.397,0.187224
299.5,1,262.531,0.187299
299,1,261.665,0.187417
298.5,1,260.799,0.187578
298,1,259.933,0.187681
297.5,1,259.067,0.186517
297,1,258.201,0.185331
296.5,1,257.335,0.184206
296,1,256.469,0.183143
295.5,1,255.603,0.182141
295,1,254.737,0.181199
294.5,1,253.871,0.180161
294,1,253.005,0.17896
293.5,1,252.139,0.17774
293,1,251.273,0.176502
292.5,1,250.407,0.175273
292,1,249.541,0.174183
291.5,1,248.675,0.173087
291,1,247.809,0.17199
290.5,1,246.943,0.170887
290,1,246.077,0.16978
289.5,1,245.211,0.168668
289,1,244.345,0.167551
288.5,1,243.479,0.166428
288,1,242.613,0.165267
287.5,1,241.747,0.164097
287,1,240.881,0.162942
286.5,1,240.015,0.161853
286,1,239.149,0.16076
285.5,1,238.283,0.159665
285,1,237.417,0.158549
284.5,1,236.551,0.157418
284,1,235.685,0.156286
283.5,1,234.819,0.155152
283,1,233.953,0.154017
282.5,1,233.087,0.152882
282,1,232.221,0.151739
281.5,1,231.355,0.150616
281,1,230.488,0.149601
280.5,1,229.622,0.148589
280,1,228.756,0.147579
279.5,1,227.89,0.146572
279,1,227.024,0.145567
278.5,1,226.158,0.14455
278,1,225.292,0.143537
277.5,1,224.426,0.142531
277,1,223.56,0.14153
276.5,1,222.694,0.140536
276,1,221.828,0.139591
275.5,1,220.962,0.138728
275,1,220.096,0.137864
274.5,1,219.23,0.137006
274,1,218.364,0.136154
273.5,1,217.498,0.135307
273,1,216.632,0.134467
272.5,1,215.766,0.13363
272,1,214.9,0.132797
271.5,1,214.034,0.131972
271,1,213.168,0.131154
270.5,1,212.302,0.130379
270,1,211.436,0.129658
269.5,1,210.57,0.128943
269,1,209.704,0.128232
268.5,1,208.838,0.127526
268,1,207.972,0.126827
267.5,1,207.106,0.126133
267,1,206.24,0.125445
266.5,1,205.374,0.124762
266,1,204.508,0.124086
265.5,1,203.642,0.123417
265,1,202.776,0.12278
264.5,1,201.91,0.122177
264,1,201.044,0.121578
263.5,1,200.178,0.120984
263,1,199.312,0.120396
262.5,1,198.446,0.119818
262,1,197.58,0.119245
261.5,1,196.714,0.118677
261,1,195.847,0.118114
260.5,1,194.981,0.117556
260,1,194.115,0.117004
259.5,1,193.249,0.116485
259,1,192.383,0.115985
258.5,1,191.517,0.11549
258,1,190.651,0.114998
257.5,1,189.785,0.114512
257,1,188.919,0.114029
256.5,1,188.053,0.113568
256,1,187.187,0.113118
255.5,1,186.321,0.112674
255,1,185.455,0.112234
254.5,1,184.589,0.111799
254,1,183.723,0.111377
253.5,1,182.857,0.110979
253,1,181.991,0.110606
252.5,1,181.125,0.110236
252,1,180.259,0.109872
251.5,1,179.393,0.109512
251,1,178.527,0.109156
250.5,1,177.661,0.108808
250,1,176.795,0.1085
249.5,1,175.929,0.108196
249,1,175.063,0.107898
248.5,1,174.197,0.10761
248,1,173.331,0.107329
247.5,1,172.465,0.107053
247,1,171.599,0.10681
246.5,1,170.733,0.106579
246,1,169.867,0.106352
245.5,1,169.001,0.10613
245,1,168.135,0.105912
244.5,1,167.269,0.105698
244,1,166.403,0.105506
243.5,1,165.537,0.105337
243,1,164.671,0.105177
242.5,1,163.805,0.105022
242,1,162.939,0.104871
241.5,1,162.072,0.104723
241,1,161.206,0.104584
240.5,1,160.34,0.104478
240,1,159.474,0.104375
239.5,1,158.608,0.104276
239,1,157.742,0.104179
238.5,1,156.876,0.104086
238,1,156.01,0.103996
237.5,1,155.144,0.103937
237,1,154.278,0.103887
236.5,1,153.412,0.103839
236,1,152.546,0.103793
235.5,1,151.68,0.10375
235,1,150.814,0.103709
234.5,1,149.948,0.103682
234,1,149.082,0.103667
233.5,1,148.216,0.103655
233,1,147.35,0.103644
232.5,1,146.484,0.103635
232,1,145.618,0.103631
231.5,1,144.752,0.103632
231,1,143.886,0.103649
230.5,1,143.02,0.103668
230,1,142.154,0.103688
229.5,1,141.288,0.10371
229,1,140.422,0.103733
228.5,1,139.556,0.103757
228,1,138.69,0.103795
227.5,1,137.824,0.103835
227,1,136.958,0.103875
226.5,1,136.092,0.103919
226,1,135.226,0.103963
225.5,1,134.36,0.104008
225,1,133.494,0.104057
224.5,1,132.628,0.104109
224,1,131.762,0.104161
223.5,1,130.896,0.104214
223,1,130.03,0.104267
222.5,1,129.164,0.10432
222,1,128.297,0.104373
221.5,1,127.431,0.104428
221,1,126.565,0.104484
220.5,1,125.699,0.10454
220,1,124.833,0.104596
219.5,1,123.967,0.104651
219,1,123.101,0.104707
218.5,1,122.235,0.104764
218,1,121.369,0.104822
217.5,1,120.503,0.104879
217,1,119.637,0.104936
216.5,1,118.771,0.104994
216,1,117.905,0.105051
215.5,1,117.039,0.105108
215,1,116.173,0.105164
214.5,1,115.307,0.105221
214,1,114.441,0.105277
213.5,1,113.575,0.105333
213,1,112.709,0.105389
212.5,1,111.843,0.105443
212,1,110.977,0.105495
211.5,1,110.111,0.105546
211,1,109.245,0.105597
210.5,1,108.379,0.105648
210,1,107.513,0.105699
209.5,1,106.647,0.10575
209,1,105.781,0.105797
208.5,1,104.915,0.105845
208,1,104.049,0.105892
207.5,1,103.183,0.105939
207,1,102.317,0.105985
206.5,1,101.451,0.106032
206,1,100.585,0.106079
205.5,1,99.7187,0.106127
205,1,98.8526,0.106174
204.5,1,97.9866,0.106222
204,1,97.1206,0.106269
203.5,1,96.2546,0.106316
203,1,95.3885,0.106361
202.5,1,94.5225,0.106404
202,1,93.6565,0.106447
201.5,1,92.7905,0.106489
201,1,91.9244,0.106532
200.5,1,91.0584,0.106574
200,1,90.1924,0.106615
