x,y,z,b
500,1,609.808,0.112794
499.5,1,608.942,0.112901
499,1,608.076,0.113009
498.5,1,607.21,0.113117
498,1,606.344,0.113227
497.5,1,605.477,0.113338
497,1,604.611,0.113451
496.5,1,603.745,0.113565
496,1,602.879,0.11368
495.5,1,602.013,0.113797
495,1,601.147,0.113914
494.5,1,600.281,0.114032
494,1,599.415,0.114152
493.5,1,598.549,0.114266
493,1,597.683,0.114367
492.5,1,596.817,0.114469
492,1,595.951,0.114572
491.5,1,595.085,0.114677
491,1,594.219,0.114783
490.5,1,593.353,0.11489
490,1,592.487,0.11501
489.5,1,591.621,0.11513
489,1,590.755,0.115253
488.5,1,589.889,0.115377
488,1,589.023,0.115502
487.5,1,588.157,0.11563
487,1,587.291,0.115753
486.5,1,586.425,0.115875
486,1,585.559,0.116
485.5,1,584.693,0.116126
485,1,583.827,0.116255
484.5,1,582.961,0.116386
484,1,582.095,0.11652
483.5,1,581.229,0.116659
483,1,580.363,0.116802
482.5,1,579.497,0.116948
482,1,578.631,0.117097
481.5,1,577.765,0.11725
481,1,576.899,0.117407
480.5,1,576.033,0.11758
480,1,575.167,0.117758
479.5,1,574.301,0.117942
479,1,573.435,0.118131
478.5,1,572.569,0.118324
478,1,571.703,0.118525
477.5,1,570.836,0.118774
477,1,569.97,0.119045
476.5,1,569.104,0.119326
476,1,568.238,0.119614
475.5,1,567.372,0.119912
475,1,566.506,0.120218
474.5,1,565.64,0.12057
474,1,564.774,0.120981
473.5,1,563.908,0.121405
473,1,563.042,0.121841
472.5,1,562.176,0.122286
472,1,561.31,0.122742
471.5,1,560.444,0.123225
471,1,559.578,0.123828
470.5,1,558.712,0.124446
470,1,557.846,0.125081
469.5,1,556.98,0.125731
469,1,556.114,0.126396
468.5,1,555.248,0.127078
468,1,554.382,0.127872
467.5,1,553.516,0.128701
467,1,552.65,0.129505
466.5,1,551.784,0.13032
466,1,550.918,0.131146
465.5,1,550.052,0.131982
465,1,549.186,0.132916
464.5,1,548.32,0.133954
464,1,547.454,0.135008
463.5,1,546.588,0.136079
463,1,545.722,0.137167
462.5,1,544.856,0.13827
462,1,543.99,0.139324
461.5,1,543.124,0.14011
461,1,542.258,0.140896
460.5,1,541.392,0.141684
460,1,540.526,0.142473
459.5,1,539.66,0.143263
459,1,538.794,0.144054
458.5,1,537.928,0.144568
458,1,537.061,0.145042
457.5,1,536.195,0.14552
457,1,535.329,0.146004
456.5,1,534.463,0.146469
456,1,533.597,0.146884
455.5,1,532.731,0.147359
455,1,531.865,0.147891
454.5,1,530.999,0.148437
454,1,530.133,0.148997
453.5,1,529.267,0.149571
453,1,528.401,0.150158
452.5,1,527.535,0.150851
452,1,526.669,0.151873
451.5,1,525.803,0.152923
451,1,524.937,0.153932
450.5,1,524.071,0.154821
450,1,523.205,0.155715
449.5,1,522.339,0.156614
449,1,521.473,0.157671
448.5,1,520.607,0.158759
448,1,519.741,0.159865
447.5,1,518.875,0.160988
447,1,518.009,0.162128
446.5,1,517.143,0.163285
446,1,516.277,0.164241
445.5,1,515.411,0.164915
445,1,514.545,0.165377
444.5,1,513.679,0.165831
444,1,512.813,0.166278
443.5,1,511.947,0.166717
443,1,511.081,0.167065
442.5,1,510.215,0.167197
442,1,509.349,0.167324
441.5,1,508.483,0.167448
441,1,507.617,0.167566
440.5,1,506.751,0.167681
440,1,505.885,0.167759
439.5,1,505.019,0.167776
439,1,504.153,0.16781
438.5,1,503.286,0.167861
438,1,502.42,0.16793
437.5,1,501.554,0.168017
437,1,500.688,0.168121
436.5,1,499.822,0.168179
436,1,498.956,0.168197
435.5,1,498.09,0.168203
435,1,497.224,0.168198
434.5,1,496.358,0.168163
434,1,495.492,0.168113
433.5,1,494.626,0.167961
433,1,493.76,0.167597
432.5,1,492.894,0.167214
432,1,492.028,0.166812
431.5,1,491.162,0.166391
431,1,490.296,0.16595
430.5,1,489.43,0.165483
430,1,488.564,0.164768
429.5,1,487.698,0.164005
429,1,486.832,0.163256
428.5,1,485.966,0.162557
428,1,485.1,0.16188
427.5,1,484.234,0.161223
427,1,483.368,0.160613
426.5,1,482.502,0.160025
426,1,481.636,0.159448
425.5,1,480.77,0.158881
425,1,479.904,0.158324
424.5,1,479.038,0.157778
424,1,478.172,0.157318
423.5,1,477.306,0.156974
423,1,476.44,0.156669
422.5,1,475.574,0.156413
422,1,474.708,0.156207
421.5,1,473.842,0.15605
421,1,472.976,0.155965
420.5,1,472.11,0.156177
420,1,471.244,0.156422
419.5,1,470.378,0.156699
419,1,469.512,0.157008
418.5,1,468.645,0.15735
418,1,467.779,0.157619
417.5,1,466.913,0.157969
417,1,466.047,0.158369
416.5,1,465.181,0.158788
416,1,464.315,0.159228
415.5,1,463.449,0.159687
415,1,462.583,0.160166
414.5,1,461.717,0.16067
414,1,460.851,0.161208
413.5,1,459.985,0.161779
413,1,459.119,0.162383
412.5,1,458.253,0.163113
412,1,457.387,0.163922
411.5,1,456.521,0.164768
411,1,455.655,0.165566
410.5,1,454.789,0.166433
410,1,453.923,0.167367
409.5,1,453.057,0.16837
409,1,452.191,0.169441
408.5,1,451.325,0.170579
408,1,450.459,0.171653
407.5,1,449.593,0.172781
407,1,448.727,0.17401
406.5,1,447.861,0.175308
406,1,446.995,0.17667
405.5,1,446.129,0.178097
405,1,445.263,0.179179
404.5,1,444.397,0.179896
404,1,443.531,0.180634
403.5,1,442.665,0.181394
403,1,441.799,0.182174
402.5,1,440.933,0.182976
402,1,440.067,0.18383
401.5,1,439.201,0.18481
401,1,438.335,0.185775
400.5,1,437.469,0.186723
400,1,436.603,0.187656
399.5,1,435.737,0.188574
399,1,434.87,0.189475
398.5,1,434.004,0.189083
398,1,433.138,0.188564
397.5,1,432.272,0.188099
397,1,431.406,0.187689
396.5,1,430.54,0.187332
396,1,429.674,0.186994
395.5,1,428.808,0.186436
395,1,427.942,0.185555
394.5,1,427.076,0.184527
394,1,426.21,0.183351
393.5,1,425.344,0.182027
393,1,424.478,0.180555
392.5,1,423.612,0.178762
392,1,422.746,0.176372
391.5,1,421.88,0.173952
391,1,421.014,0.171501
390.5,1,420.148,0.169048
390,1,419.282,0.166573
389.5,1,418.416,0.164076
389,1,417.55,0.16074
388.5,1,416.684,0.157305
388,1,415.818,0.153829
387.5,1,414.952,0.15031
387,1,414.086,0.146749
386.5,1,413.22,0.143146
386,1,412.354,0.141252
385.5,1,411.488,0.14042
385,1,410.622,0.139658
384.5,1,409.756,0.138861
384,1,408.89,0.138029
383.5,1,408.024,0.137161
383,1,407.158,0.136716
382.5,1,406.292,0.13727
382,1,405.426,0.137775
381.5,1,404.56,0.138232
381,1,403.694,0.13864
380.5,1,402.828,0.139001
380,1,401.962,0.139324
379.5,1,401.095,0.139988
379,1,400.229,0.140586
378.5,1,399.363,0.141116
378,1,398.497,0.141576
377.5,1,397.631,0.141968
377,1,396.765,0.14229
376.5,1,395.899,0.142215
376,1,395.033,0.142008
375.5,1,394.167,0.141843
375,1,393.301,0.141723
374.5,1,392.435,0.141685
374,1,391.569,0.141919
373.5,1,390.703,0.14262
373,1,389.837,0.144005
372.5,1,388.971,0.145574
372,1,388.105,0.147328
371.5,1,387.239,0.149267
371,1,386.373,0.151391
370.5,1,385.507,0.153703
370,1,384.641,0.156258
369.5,1,383.775,0.158992
369,1,382.909,0.161944
368.5,1,382.043,0.165136
368,1,381.177,0.168441
367.5,1,380.311,0.171858
367,1,379.445,0.174506
366.5,1,378.579,0.176945
366,1,377.713,0.179503
365.5,1,376.847,0.182178
365,1,375.981,0.184972
364.5,1,375.115,0.187883
364,1,374.249,0.18967
363.5,1,373.383,0.189758
363,1,372.517,0.189795
362.5,1,371.651,0.189968
362,1,370.785,0.190278
361.5,1,369.919,0.190723
361,1,369.053,0.19112
360.5,1,368.187,0.190276
360,1,367.321,0.190036
359.5,1,366.454,0.190399
359,1,365.588,0.191366
358.5,1,364.722,0.192937
358,1,363.856,0.194793
357.5,1,362.99,0.193434
357,1,362.124,0.191641
356.5,1,361.258,0.190314
356,1,360.392,0.189452
355.5,1,359.526,0.189057
355,1,358.66,0.189128
354.5,1,357.794,0.201504
354,1,356.928,0.229104
353.5,1,356.062,0.25924
353,1,355.196,0.291911
352.5,1,354.33,0.318779
352,1,353.464,0.333617
351.5,1,352.598,0.339761
351,1,351.732,0.322159
350.5,1,350.866,0.306192
350,1,350,0.291859
349.5,1,349.134,0.27916
349,1,348.268,0.268095
348.5,1,347.402,0.258665
348,1,346.536,0.253409
347.5,1,345.67,0.250597
347,1,344.804,0.252058
346.5,1,343.938,0.255848
346,1,343.072,0.259449
345.5,1,342.206,0.26286
345,1,341.34,0.26409
344.5,1,340.474,0.26337
344,1,339.608,0.262487
343.5,1,338.742,0.261442
343,1,337.876,0.260234
342.5,1,337.01,0.258864
342,1,336.144,0.256831
341.5,1,335.278,0.251898
341,1,334.412,0.246436
340.5,1,333.546,0.241103
340,1,332.679,0.235899
339.5,1,331.813,0.230825
339,1,330.947,0.225879
338.5,1,330.081,0.223581
338,1,329.215,0.221831
337.5,1,328.349,0.220352
337,1,327.483,0.219143
336.5,1,326.617,0.218205
336,1,325.751,0.217562
335.5,1,324.885,0.21747
335,1,324.019,0.21779
334.5,1,323.153,0.218237
334,1,322.287,0.21881
333.5,1,321.421,0.21951
333,1,320.555,0.220337
332.5,1,319.689,0.220816
332,1,318.823,0.22
331.5,1,317.957,0.2191
331,1,317.091,0.218117
330.5,1,316.225,0.216918
330,1,315.359,0.215675
329.5,1,314.493,0.214457
329,1,313.627,0.215617
328.5,1,312.761,0.216681
328,1,311.895,0.217531
327.5,1,311.029,0.218165
327,1,310.163,0.218585
326.5,1,309.297,0.218791
326,1,308.431,0.218055
325.5,1,307.565,0.216859
325,1,306.699,0.216356
324.5,1,305.833,0.216214
324,1,304.967,0.216255
323.5,1,304.101,0.216479
323,1,303.235,0.216674
322.5,1,302.369,0.216439
322,1,301.503,0.21613
321.5,1,300.637,0.215745
321,1,299.771,0.215286
320.5,1,298.905,0.214752
320,1,298.038,0.214137
319.5,1,297.172,0.212891
319,1,296.306,0.211649
318.5,1,295.44,0.21042
318,1,294.574,0.209205
317.5,1,293.708,0.208005
317,1,292.842,0.206818
316.5,1,291.976,0.205074
316,1,291.11,0.203008
315.5,1,290.244,0.200854
315,1,289.378,0.198612
314.5,1,288.512,0.196282
314,1,287.646,0.195015
313.5,1,286.78,0.194177
313,1,285.914,0.193651
312.5,1,285.048,0.19317
312,1,284.182,0.192734
311.5,1,283.316,0.192343
311,1,282.45,0.191998
310.5,1,281.584,0.19169
310,1,280.718,0.191256
309.5,1,279.852,0.190736
309,1,278.986,0.190131
308.5,1,278.12,0.189826
308,1,277.254,0.189656
307.5,1,276.388,0.189614
307,1,275.522,0.190007
306.5,1,274.656,0.190534
306,1,273.79,0.191078
305.5,1,272.924,0.191639
305,1,272.058,0.192217
304.5,1,271.192,0.192813
304,1,270.326,0.193536
303.5,1,269.46,0.194319
303,1,268.594,0.19452
302.5,1,267.728,0.194654
302,1,266.862,0.194723
301.5,1,265.996,0.194727
301,1,265.13,0.194681
300.5,1,264.263,0.194646
300,1,263.397,0.194469
299.5,1,262.531,0.194149
299,1,261.665,0.193686
298.5,1,260.799,0.19308
298,1,259.933,0.192253
297.5,1,259.067,0.190717
297,1,258.201,0.189227
296.5,1,257.335,0.187761
296,1,256.469,0.186319
295.5,1,255.603,0.184899
295,1,254.737,0.183504
294.5,1,253.871,0.18209
294,1,253.005,0.180592
293.5,1,252.139,0.179031
293,1,251.273,0.177408
292.5,1,250.407,0.175596
292,1,249.541,0.173072
291.5,1,248.675,0.170514
291,1,247.809,0.167825
290.5,1,246.943,0.165133
290,1,246.077,0.162438
289.5,1,245.211,0.159739
289,1,244.345,0.157038
288.5,1,243.479,0.154333
288,1,242.613,0.151478
287.5,1,241.747,0.14862
287,1,240.881,0.145914
286.5,1,240.015,0.143693
286,1,239.149,0.141498
285.5,1,238.283,0.13933
285,1,237.417,0.13714
284.5,1,236.551,0.134951
284,1,235.685,0.132805
283.5,1,234.819,0.130702
283,1,233.953,0.128642
282.5,1,233.087,0.126625
282,1,232.221,0.124654
281.5,1,231.355,0.122837
281,1,230.488,0.121299
280.5,1,229.622,0.119795
280,1,228.756,0.118327
279.5,1,227.89,0.116892
279,1,227.024,0.115493
278.5,1,226.158,0.11422
278,1,225.292,0.112994
277.5,1,224.426,0.111806
277,1,223.56,0.110657
276.5,1,222.694,0.109547
276,1,221.828,0.108521
275.5,1,220.962,0.107702
275,1,220.096,0.106965
274.5,1,219.23,0.10625
274,1,218.364,0.105555
273.5,1,217.498,0.104882
273,1,216.632,0.10423
272.5,1,215.766,0.103644
272,1,214.9,0.103189
271.5,1,214.034,0.102753
271,1,213.168,0.102335
270.5,1,212.302,0.101954
270,1,211.436,0.101612
269.5,1,210.57,0.101283
269,1,209.704,0.101097
268.5,1,208.838,0.100924
268,1,207.972,0.100761
267.5,1,207.106,0.100607
267,1,206.24,0.100462
266.5,1,205.374,0.100327
266,1,204.508,0.10026
265.5,1,203.642,0.100231
265,1,202.776,0.100212
264.5,1,201.91,0.100204
264,1,201.044,0.1002
263.5,1,200.178,0.100202
263,1,199.312,0.100231
262.5,1,198.446,0.100307
262,1,197.58,0.100387
261.5,1,196.714,0.10047
261,1,195.847,0.100557
260.5,1,194.981,0.100648
260,1,194.115,0.100743
259.5,1,193.249,0.100867
259,1,192.383,0.100994
258.5,1,191.517,0.10112
258,1,190.651,0.101248
257.5,1,189.785,0.101375
257,1,188.919,0.101503
256.5,1,188.053,0.101636
256,1,187.187,0.101772
255.5,1,186.321,0.101907
255,1,185.455,0.102043
254.5,1,184.589,0.102178
254,1,183.723,0.102314
253.5,1,182.857,0.102449
253,1,181.991,0.102584
252.5,1,181.125,0.102719
252,1,180.259,0.102852
251.5,1,179.393,0.102986
251,1,178.527,0.103118
250.5,1,177.661,0.10325
250,1,176.795,0.103375
249.5,1,175.929,0.103499
249,1,175.063,0.103623
248.5,1,174.197,0.103747
248,1,173.331,0.10387
247.5,1,172.465,0.103992
247,1,171.599,0.104108
246.5,1,170.733,0.104221
246,1,169.867,0.104334
245.5,1,169.001,0.104446
245,1,168.135,0.104558
244.5,1,167.269,0.104668
244,1,166.403,0.104774
243.5,1,165.537,0.104875
243,1,164.671,0.104975
242.5,1,163.805,0.105075
242,1,162.939,0.105174
241.5,1,162.072,0.105271
241,1,161.206,0.105368
240.5,1,160.34,0.105456
240,1,159.474,0.105544
239.5,1,158.608,0.105631
239,1,157.742,0.105717
238.5,1,156.876,0.105803
238,1,156.01,0.105887
237.5,1,155.144,0.105966
237,1,154.278,0.106042
236.5,1,153.412,0.106118
236,1,152.546,0.106193
235.5,1,151.68,0.106268
235,1,150.814,0.106342
234.5,1,149.948,0.106412
234,1,149.082,0.106478
233.5,1,148.216,0.106544
233,1,147.35,0.106609
232.5,1,146.484,0.106673
232,1,145.618,0.106737
231.5,1,144.752,0.1068
231,1,143.886,0.106856
230.5,1,143.02,0.106912
230,1,142.154,0.106968
229.5,1,141.288,0.107023
229,1,140.422,0.107077
228.5,1,139.556,0.107132
228,1,138.69,0.107181
227.5,1,137.824,0.107229
227,1,136.958,0.107277
226.5,1,136.092,0.107325
226,1,135.226,0.107372
225.5,1,134.36,0.107418
225,1,133.494,0.107462
224.5,1,132.628,0.107503
224,1,131.762,0.107544
223.5,1,130.896,0.107584
223,1,130.03,0.107624
222.5,1,129.164,0.107663
222,1,128.297,0.107702
221.5,1,127.431,0.107737
221,1,126.565,0.107773
220.5,1,125.699,0.107808
220,1,124.833,0.107842
219.5,1,123.967,0.107877
219,1,123.101,0.107911
218.5,1,122.235,0.107941
218,1,121.369,0.107971
217.5,1,120.503,0.108001
217,1,119.637,0.10803
216.5,1,118.771,0.108059
216,1,117.905,0.108088
215.5,1,117.039,0.108115
215,1,116.173,0.108141
214.5,1,115.307,0.108166
214,1,114.441,0.108191
213.5,1,113.575,0.108216
213,1,112.709,0.108241
212.5,1,111.843,0.108264
212,1,110.977,0.108285
211.5,1,110.111,0.108305
211,1,109.245,0.108325
210.5,1,108.379,0.108345
210,1,107.513,0.108365
209.5,1,106.647,0.108384
209,1,105.781,0.108402
208.5,1,104.915,0.10842
208,1,104.049,0.108438
207.5,1,103.183,0.108456
207,1,102.317,0.108474
206.5,1,101.451,0.108491
206,1,100.585,0.108508
205.5,1,99.7187,0.108523
205,1,98.8526,0.108539
204.5,1,97.9866,0.108555
204,1,97.1206,0.10857
203.5,1,96.2546,0.108585
203,1,95.3885,0.1086
202.5,1,94.5225,0.108612
202,1,93.6565,0.108624
201.5,1,92.7905,0.108636
201,1,91.9244,0.108648
200.5,1,91.0584,0.108659
200,1,90.1924,0.108671
