x,y,z,b
500,1,609.808,0.107265
499.5,1,608.942,0.107227
499,1,608.076,0.107188
498.5,1,607.21,0.107149
498,1,606.344,0.107109
497.5,1,605.477,0.10707
497,1,604.611,0.10703
496.5,1,603.745,0.106987
496,1,602.879,0.106942
495.5,1,602.013,0.106897
495,1,601.147,0.106852
494.5,1,600.281,0.106806
494,1,599.415,0.10676
493.5,1,598.549,0.106713
493,1,597.683,0.106662
492.5,1,596.817,0.106611
492,1,595.951,0.10656
491.5,1,595.085,0.106508
491,1,594.219,0.106456
490.5,1,593.353,0.106403
490,1,592.487,0.106346
489.5,1,591.621,0.106288
489,1,590.755,0.10623
488.5,1,589.889,0.10617
488,1,589.023,0.106111
487.5,1,588.157,0.106051
487,1,587.291,0.105988
486.5,1,586.425,0.105923
486,1,585.559,0.105859
485.5,1,584.693,0.105793
485,1,583.827,0.105727
484.5,1,582.961,0.10566
484,1,582.095,0.105591
483.5,1,581.229,0.105518
483,1,580.363,0.105445
482.5,1,579.497,0.10537
482,1,578.631,0.105295
481.5,1,577.765,0.105219
481,1,576.899,0.105142
480.5,1,576.033,0.105061
480,1,575.167,0.10498
479.5,1,574.301,0.104897
479,1,573.435,0.104814
478.5,1,572.569,0.10473
478,1,571.703,0.104644
477.5,1,570.836,0.104556
477,1,569.97,0.104466
476.5,1,569.104,0.104375
476,1,568.238,0.104283
475.5,1,567.372,0.10419
475,1,566.506,0.104097
474.5,1,565.64,0.104002
474,1,564.774,0.103907
473.5,1,563.908,0.103811
473,1,563.042,0.103714
472.5,1,562.176,0.103616
472,1,561.31,0.103516
471.5,1,560.444,0.103416
471,1,559.578,0.103316
470.5,1,558.712,0.103216
470,1,557.846,0.103115
469.5,1,556.98,0.103013
469,1,556.114,0.10291
468.5,1,555.248,0.102807
468,1,554.382,0.102711
467.5,1,553.516,0.102616
467,1,552.65,0.102521
466.5,1,551.784,0.102426
466,1,550.918,0.10233
465.5,1,550.052,0.102235
465,1,549.186,0.102156
464.5,1,548.32,0.102096
464,1,547.454,0.102039
463.5,1,546.588,0.101985
463,1,545.722,0.101933
462.5,1,544.856,0.101883
462,1,543.99,0.101848
461.5,1,543.124,0.101877
461,1,542.258,0.101915
460.5,1,541.392,0.101964
460,1,540.526,0.102023
459.5,1,539.66,0.102092
459,1,538.794,0.102172
458.5,1,537.928,0.102346
458,1,537.061,0.102548
457.5,1,536.195,0.102765
457,1,535.329,0.102996
456.5,1,534.463,0.103262
456,1,533.597,0.103603
455.5,1,532.731,0.104066
455,1,531.865,0.104647
454.5,1,530.999,0.105272
454,1,530.133,0.105943
453.5,1,529.267,0.106658
453,1,528.401,0.107417
452.5,1,527.535,0.108269
452,1,526.669,0.10933
451.5,1,525.803,0.110447
451,1,524.937,0.111695
450.5,1,524.071,0.113143
450,1,523.205,0.114647
449.5,1,522.339,0.116209
449,1,521.473,0.117866
448.5,1,520.607,0.119556
448,1,519.741,0.121274
447.5,1,518.875,0.12302
447,1,518.009,0.124794
446.5,1,517.143,0.126597
446,1,516.277,0.128371
445.5,1,515.411,0.13013
445,1,514.545,0.131908
444.5,1,513.679,0.133692
444,1,512.813,0.135481
443.5,1,511.947,0.137277
443,1,511.081,0.139088
442.5,1,510.215,0.140942
442,1,509.349,0.142822
441.5,1,508.483,0.144729
441,1,507.617,0.146663
440.5,1,506.751,0.148624
440,1,505.885,0.150625
439.5,1,505.019,0.152608
439,1,504.153,0.154602
438.5,1,503.286,0.15661
438,1,502.42,0.158631
437.5,1,501.554,0.160665
437,1,500.688,0.162712
436.5,1,499.822,0.164582
436,1,498.956,0.166349
435.5,1,498.09,0.168109
435,1,497.224,0.16986
434.5,1,496.358,0.171435
434,1,495.492,0.172838
433.5,1,494.626,0.174148
433,1,493.76,0.175318
432.5,1,492.894,0.17648
432,1,492.028,0.177633
431.5,1,491.162,0.178778
431,1,490.296,0.179914
430.5,1,489.43,0.181028
430,1,488.564,0.181614
429.5,1,487.698,0.182145
429,1,486.832,0.182387
428.5,1,485.966,0.182487
428,1,485.1,0.182622
427.5,1,484.234,0.182794
427,1,483.368,0.182801
426.5,1,482.502,0.182743
426,1,481.636,0.182698
425.5,1,480.77,0.182666
425,1,479.904,0.182647
424.5,1,479.038,0.182641
424,1,478.172,0.182934
423.5,1,477.306,0.183687
423,1,476.44,0.184548
422.5,1,475.574,0.185544
422,1,474.708,0.186675
421.5,1,473.842,0.18794
421,1,472.976,0.189393
420.5,1,472.11,0.191527
420,1,471.244,0.193701
419.5,1,470.378,0.195913
419,1,469.512,0.198164
418.5,1,468.645,0.200454
418,1,467.779,0.201973
417.5,1,466.913,0.203542
417,1,466.047,0.205206
416.5,1,465.181,0.206864
416,1,464.315,0.208516
415.5,1,463.449,0.210161
415,1,462.583,0.211799
414.5,1,461.717,0.212989
414,1,460.851,0.213691
413.5,1,459.985,0.214457
413,1,459.119,0.215288
412.5,1,458.253,0.215907
412,1,457.387,0.216636
411.5,1,456.521,0.217325
411,1,455.655,0.216668
410.5,1,454.789,0.216153
410,1,453.923,0.215779
409.5,1,453.057,0.215547
409,1,452.191,0.215456
408.5,1,451.325,0.215506
408,1,450.459,0.213908
407.5,1,449.593,0.211972
407,1,448.727,0.20943
406.5,1,447.861,0.206688
406,1,446.995,0.203856
405.5,1,446.129,0.200935
405,1,445.263,0.197872
404.5,1,444.397,0.194709
404,1,443.531,0.191507
403.5,1,442.665,0.188265
403,1,441.799,0.184983
402.5,1,440.933,0.181662
402,1,440.067,0.178731
401.5,1,439.201,0.177656
401,1,438.335,0.1767
400.5,1,437.469,0.175861
400,1,436.603,0.175139
399.5,1,435.737,0.174534
399,1,434.87,0.174047
398.5,1,434.004,0.174101
398,1,433.138,0.174318
397.5,1,432.272,0.174639
397,1,431.406,0.175065
396.5,1,430.54,0.175596
396,1,429.674,0.176412
395.5,1,428.808,0.177523
395,1,427.942,0.178834
394.5,1,427.076,0.180201
394,1,426.21,0.181625
393.5,1,425.344,0.183104
393,1,424.478,0.184639
392.5,1,423.612,0.186596
392,1,422.746,0.189591
391.5,1,421.88,0.19245
391,1,421.014,0.195173
390.5,1,420.148,0.197703
390,1,419.282,0.200006
389.5,1,418.416,0.202081
389,1,417.55,0.205583
388.5,1,416.684,0.208652
388,1,415.818,0.211163
387.5,1,414.952,0.213116
387,1,414.086,0.214509
386.5,1,413.22,0.215344
386,1,412.354,0.213379
385.5,1,411.488,0.210242
385,1,410.622,0.207656
384.5,1,409.756,0.205206
384,1,408.89,0.202891
383.5,1,408.024,0.200711
383,1,407.158,0.198357
382.5,1,406.292,0.195437
382,1,405.426,0.192659
381.5,1,404.56,0.190022
381,1,403.694,0.187526
380.5,1,402.828,0.185171
380,1,401.962,0.182974
379.5,1,401.095,0.181785
379,1,400.229,0.180914
378.5,1,399.363,0.180353
378,1,398.497,0.180104
377.5,1,397.631,0.180166
377,1,396.765,0.180539
376.5,1,395.899,0.181263
376,1,395.033,0.182152
375.5,1,394.167,0.183154
375,1,393.301,0.184271
374.5,1,392.435,0.185356
374,1,391.569,0.185975
373.5,1,390.703,0.186135
373,1,389.837,0.185498
372.5,1,388.971,0.184918
372,1,388.105,0.184396
371.5,1,387.239,0.183931
371,1,386.373,0.183524
370.5,1,385.507,0.183024
370,1,384.641,0.179395
369.5,1,383.775,0.175673
369,1,382.909,0.171883
368.5,1,382.043,0.168269
368,1,381.177,0.164883
367.5,1,380.311,0.161724
367,1,379.445,0.159388
366.5,1,378.579,0.15749
366,1,377.713,0.155812
365.5,1,376.847,0.154352
365,1,375.981,0.153111
364.5,1,375.115,0.152089
364,1,374.249,0.153805
363.5,1,373.383,0.160365
363,1,372.517,0.168856
362.5,1,371.651,0.177812
362,1,370.785,0.187234
361.5,1,369.919,0.19712
361,1,369.053,0.207141
360.5,1,368.187,0.214474
360,1,367.321,0.221843
359.5,1,366.454,0.229246
359,1,365.588,0.236685
358.5,1,364.722,0.244158
358,1,363.856,0.250253
357.5,1,362.99,0.252605
357,1,362.124,0.255656
356.5,1,361.258,0.260032
356,1,360.392,0.265733
355.5,1,359.526,0.272759
355,1,358.66,0.28111
354.5,1,357.794,0.290943
354,1,356.928,0.303936
353.5,1,356.062,0.320512
353,1,355.196,0.34067
352.5,1,354.33,0.353064
352,1,353.464,0.351166
351.5,1,352.598,0.340262
351,1,351.732,0.301232
350.5,1,350.866,0.269236
350,1,350,0.244275
349.5,1,349.134,0.226349
349,1,348.268,0.215457
348.5,1,347.402,0.2116
348,1,346.536,0.224303
347.5,1,345.67,0.238825
347,1,344.804,0.250199
346.5,1,343.938,0.258677
346,1,343.072,0.26653
345.5,1,342.206,0.273756
345,1,341.34,0.277968
344.5,1,340.474,0.280242
344,1,339.608,0.282969
343.5,1,338.742,0.286149
343,1,337.876,0.289781
342.5,1,337.01,0.293866
342,1,336.144,0.297987
341.5,1,335.278,0.299642
341,1,334.412,0.300575
340.5,1,333.546,0.301797
340,1,332.679,0.303306
339.5,1,331.813,0.305103
339,1,330.947,0.307188
338.5,1,330.081,0.304786
338,1,329.215,0.303058
337.5,1,328.349,0.302594
337,1,327.483,0.303395
336.5,1,326.617,0.305459
336,1,325.751,0.30642
335.5,1,324.885,0.301354
335,1,324.019,0.29359
334.5,1,323.153,0.28708
334,1,322.287,0.281824
333.5,1,321.421,0.277821
333,1,320.555,0.275073
332.5,1,319.689,0.271165
332,1,318.823,0.260953
331.5,1,317.957,0.250428
331,1,317.091,0.239589
330.5,1,316.225,0.228187
330,1,315.359,0.217511
329.5,1,314.493,0.207842
329,1,313.627,0.199234
328.5,1,312.761,0.189397
328,1,311.895,0.178276
327.5,1,311.029,0.16587
327,1,310.163,0.15218
326.5,1,309.297,0.137205
326,1,308.431,0.129703
325.5,1,307.565,0.126458
325,1,306.699,0.123419
324.5,1,305.833,0.119658
324,1,304.967,0.114917
323.5,1,304.101,0.109195
323,1,303.235,0.104543
322.5,1,302.369,0.103761
322,1,301.503,0.102872
321.5,1,300.637,0.101877
321,1,299.771,0.100775
320.5,1,298.905,0.0995673
320,1,298.038,0.0982651
319.5,1,297.172,0.0981242
319,1,296.306,0.0979666
318.5,1,295.44,0.0977922
318,1,294.574,0.0976011
317.5,1,293.708,0.0973932
317,1,292.842,0.0971685
316.5,1,291.976,0.097385
316,1,291.11,0.0978006
315.5,1,290.244,0.0982167
315,1,289.378,0.0986335
314.5,1,288.512,0.0990508
314,1,287.646,0.0995008
313.5,1,286.78,0.0999331
313,1,285.914,0.100327
312.5,1,285.048,0.100722
312,1,284.182,0.10112
311.5,1,283.316,0.10152
311,1,282.45,0.101922
310.5,1,281.584,0.102316
310,1,280.718,0.102568
309.5,1,279.852,0.102821
309,1,278.986,0.103076
308.5,1,278.12,0.103339
308,1,277.254,0.103603
307.5,1,276.388,0.103867
307,1,275.522,0.104088
306.5,1,274.656,0.104296
306,1,273.79,0.104504
305.5,1,272.924,0.104714
305,1,272.058,0.104923
304.5,1,271.192,0.105134
304,1,270.326,0.105326
303.5,1,269.46,0.105494
303,1,268.594,0.105676
302.5,1,267.728,0.105857
302,1,266.862,0.106038
301.5,1,265.996,0.106218
301,1,265.13,0.106394
300.5,1,264.263,0.10654
300,1,263.397,0.106685
299.5,1,262.531,0.106829
299,1,261.665,0.106973
298.5,1,260.799,0.107117
298,1,259.933,0.10726
297.5,1,259.067,0.107383
297,1,258.201,0.107499
296.5,1,257.335,0.107614
296,1,256.469,0.107729
295.5,1,255.603,0.107843
295,1,254.737,0.107957
294.5,1,253.871,0.108059
294,1,253.005,0.108149
293.5,1,252.139,0.10824
293,1,251.273,0.108329
292.5,1,250.407,0.108419
292,1,249.541,0.108509
291.5,1,248.675,0.108596
291,1,247.809,0.108668
290.5,1,246.943,0.10874
290,1,246.077,0.108812
289.5,1,245.211,0.108882
289,1,244.345,0.108952
288.5,1,243.479,0.109022
288,1,242.613,0.109078
287.5,1,241.747,0.109132
287,1,240.881,0.109186
286.5,1,240.015,0.10924
286,1,239.149,0.109294
285.5,1,238.283,0.109346
285,1,237.417,0.109393
284.5,1,236.551,0.109434
284,1,235.685,0.109475
283.5,1,234.819,0.109516
283,1,233.953,0.109556
282.5,1,233.087,0.109596
282,1,232.221,0.109633
281.5,1,231.355,0.109662
281,1,230.488,0.109691
280.5,1,229.622,0.10972
280,1,228.756,0.109749
279.5,1,227.89,0.109777
279,1,227.024,0.109805
278.5,1,226.158,0.109826
278,1,225.292,0.109847
277.5,1,224.426,0.109868
277,1,223.56,0.109888
276.5,1,222.694,0.109909
276,1,221.828,0.109928
275.5,1,220.962,0.109944
275,1,220.096,0.109958
274.5,1,219.23,0.109971
274,1,218.364,0.109984
273.5,1,217.498,0.109996
273,1,216.632,0.110009
272.5,1,215.766,0.11002
272,1,214.9,0.110028
271.5,1,214.034,0.110036
271,1,213.168,0.110045
270.5,1,212.302,0.110053
270,1,211.436,0.110061
269.5,1,210.57,0.110068
269,1,209.704,0.110072
268.5,1,208.838,0.110076
268,1,207.972,0.110079
267.5,1,207.106,0.110083
267,1,206.24,0.110086
266.5,1,205.374,0.110089
266,1,204.508,0.110091
265.5,1,203.642,0.110092
265,1,202.776,0.110093
264.5,1,201.91,0.110094
264,1,201.044,0.110095
263.5,1,200.178,0.110096
263,1,199.312,0.110095
262.5,1,198.446,0.110094
262,1,197.58,0.110092
261.5,1,196.714,0.11009
261,1,195.847,0.110088
260.5,1,194.981,0.110086
260,1,194.115,0.110084
259.5,1,193.249,0.110081
259,1,192.383,0.110078
258.5,1,191.517,0.110075
258,1,190.651,0.110072
257.5,1,189.785,0.110069
257,1,188.919,0.110066
256.5,1,188.053,0.110062
256,1,187.187,0.110057
255.5,1,186.321,0.110052
255,1,185.455,0.110048
254.5,1,184.589,0.110043
254,1,183.723,0.110039
253.5,1,182.857,0.110034
253,1,181.991,0.110029
252.5,1,181.125,0.110024
252,1,180.259,0.110019
251.5,1,179.393,0.110014
251,1,178.527,0.110009
250.5,1,177.661,0.110004
250,1,176.795,0.109998
249.5,1,175.929,0.109992
249,1,175.063,0.109986
248.5,1,174.197,0.109981
248,1,173.331,0.109975
247.5,1,172.465,0.109969
247,1,171.599,0.109964
246.5,1,170.733,0.109958
246,1,169.867,0.109952
245.5,1,169.001,0.109946
245,1,168.135,0.10994
244.5,1,167.269,0.109935
244,1,166.403,0.109929
243.5,1,165.537,0.109923
243,1,164.671,0.109916
242.5,1,163.805,0.10991
242,1,162.939,0.109904
241.5,1,162.072,0.109898
241,1,161.206,0.109892
240.5,1,160.34,0.109886
240,1,159.474,0.10988
239.5,1,158.608,0.109874
239,1,157.742,0.109868
238.5,1,156.876,0.109862
238,1,156.01,0.109857
237.5,1,155.144,0.109851
237,1,154.278,0.109845
236.5,1,153.412,0.109839
236,1,152.546,0.109833
235.5,1,151.68,0.109827
235,1,150.814,0.109821
234.5,1,149.948,0.109815
234,1,149.082,0.109809
233.5,1,148.216,0.109803
233,1,147.35,0.109798
232.5,1,146.484,0.109792
232,1,145.618,0.109786
231.5,1,144.752,0.109781
231,1,143.886,0.109775
230.5,1,143.02,0.10977
230,1,142.154,0.109764
229.5,1,141.288,0.109759
229,1,140.422,0.109753
228.5,1,139.556,0.109748
228,1,138.69,0.109742
227.5,1,137.824,0.109737
227,1,136.958,0.109731
226.5,1,136.092,0.109726
226,1,135.226,0.10972
225.5,1,134.36,0.109715
225,1,133.494,0.10971
224.5,1,132.628,0.109705
224,1,131.762,0.109699
223.5,1,130.896,0.109694
223,1,130.03,0.109689
222.5,1,129.164,0.109684
222,1,128.297,0.109678
221.5,1,127.431,0.109673
221,1,126.565,0.109668
220.5,1,125.699,0.109663
220,1,124.833,0.109658
219.5,1,123.967,0.109653
219,1,123.101,0.109648
218.5,1,122.235,0.109643
218,1,121.369,0.109638
217.5,1,120.503,0.109634
217,1,119.637,0.109629
216.5,1,118.771,0.109624
216,1,117.905,0.10962
215.5,1,117.039,0.109615
215,1,116.173,0.10961
214.5,1,115.307,0.109605
214,1,114.441,0.1096
213.5,1,113.575,0.109595
213,1,112.709,0.109591
212.5,1,111.843,0.109586
212,1,110.977,0.109581
211.5,1,110.111,0.109577
211,1,109.245,0.109572
210.5,1,108.379,0.109568
210,1,107.513,0.109563
209.5,1,106.647,0.109559
209,1,105.781,0.109554
208.5,1,104.915,0.10955
208,1,104.049,0.109545
207.5,1,103.183,0.10954
207,1,102.317,0.109536
206.5,1,101.451,0.109531
206,1,100.585,0.109527
205.5,1,99.7187,0.109523
205,1,98.8526,0.109519
204.5,1,97.9866,0.109515
204,1,97.1206,0.109511
203.5,1,96.2546,0.109508
203,1,95.3885,0.109503
202.5,1,94.5225,0.109499
202,1,93.6565,0.109494
201.5,1,92.7905,0.109489
201,1,91.9244,0.109484
200.5,1,91.0584,0.10948
200,1,90.1924,0.109475
