x,y,z,b
500,1,609.808,0.109088
499.5,1,608.942,0.109086
499,1,608.076,0.109085
498.5,1,607.21,0.109083
498,1,606.344,0.109082
497.5,1,605.477,0.109081
497,1,604.611,0.109079
496.5,1,603.745,0.109078
496,1,602.879,0.109076
495.5,1,602.013,0.109075
495,1,601.147,0.109073
494.5,1,600.281,0.109071
494,1,599.415,0.10907
493.5,1,598.549,0.109068
493,1,597.683,0.109066
492.5,1,596.817,0.109064
492,1,595.951,0.109063
491.5,1,595.085,0.109061
491,1,594.219,0.109059
490.5,1,593.353,0.109057
490,1,592.487,0.109055
489.5,1,591.621,0.109053
489,1,590.755,0.109051
488.5,1,589.889,0.109048
488,1,589.023,0.109046
487.5,1,588.157,0.109044
487,1,587.291,0.109042
486.5,1,586.425,0.109039
486,1,585.559,0.109037
485.5,1,584.693,0.109034
485,1,583.827,0.109032
484.5,1,582.961,0.109029
484,1,582.095,0.109026
483.5,1,581.229,0.109024
483,1,580.363,0.109021
482.5,1,579.497,0.109018
482,1,578.631,0.109015
481.5,1,577.765,0.109012
481,1,576.899,0.109009
480.5,1,576.033,0.109006
480,1,575.167,0.109002
479.5,1,574.301,0.108999
479,1,573.435,0.108995
478.5,1,572.569,0.108992
478,1,571.703,0.108988
477.5,1,570.836,0.108985
477,1,569.97,0.108981
476.5,1,569.104,0.108977
476,1,568.238,0.108973
475.5,1,567.372,0.108969
475,1,566.506,0.108965
474.5,1,565.64,0.108961
474,1,564.774,0.108956
473.5,1,563.908,0.108951
473,1,563.042,0.108947
472.5,1,562.176,0.108942
472,1,561.31,0.108937
471.5,1,560.444,0.108932
471,1,559.578,0.108927
470.5,1,558.712,0.108921
470,1,557.846,0.108916
469.5,1,556.98,0.10891
469,1,556.114,0.108904
468.5,1,555.248,0.108899
468,1,554.382,0.108892
467.5,1,553.516,0.108886
467,1,552.65,0.108879
466.5,1,551.784,0.108872
466,1,550.918,0.108865
465.5,1,550.052,0.108858
465,1,549.186,0.108851
464.5,1,548.32,0.108843
464,1,547.454,0.108836
463.5,1,546.588,0.108828
463,1,545.722,0.10882
462.5,1,544.856,0.108812
462,1,543.99,0.108803
461.5,1,543.124,0.108794
461,1,542.258,0.108784
460.5,1,541.392,0.108774
460,1,540.526,0.108764
459.5,1,539.66,0.108754
459,1,538.794,0.108744
458.5,1,537.928,0.108733
458,1,537.061,0.108722
457.5,1,536.195,0.10871
457,1,535.329,0.108699
456.5,1,534.463,0.108687
456,1,533.597,0.108675
455.5,1,532.731,0.108662
455,1,531.865,0.108648
454.5,1,530.999,0.108633
454,1,530.133,0.108619
453.5,1,529.267,0.108604
453,1,528.401,0.108589
452.5,1,527.535,0.108574
452,1,526.669,0.108557
451.5,1,525.803,0.108539
451,1,524.937,0.108522
450.5,1,524.071,0.108504
450,1,523.205,0.108487
449.5,1,522.339,0.108469
449,1,521.473,0.108448
448.5,1,520.607,0.108426
448,1,519.741,0.108404
447.5,1,518.875,0.108382
447,1,518.009,0.10836
446.5,1,517.143,0.108337
446,1,516.277,0.108312
445.5,1,515.411,0.108286
445,1,514.545,0.10826
444.5,1,513.679,0.108233
444,1,512.813,0.108206
443.5,1,511.947,0.108179
443,1,511.081,0.10815
442.5,1,510.215,0.108116
442,1,509.349,0.108082
441.5,1,508.483,0.108048
441,1,507.617,0.108014
440.5,1,506.751,0.107979
440,1,505.885,0.107944
439.5,1,505.019,0.107903
439,1,504.153,0.107862
438.5,1,503.286,0.10782
438,1,502.42,0.107778
437.5,1,501.554,0.107735
437,1,500.688,0.107692
436.5,1,499.822,0.107643
436,1,498.956,0.10759
435.5,1,498.09,0.107536
435,1,497.224,0.107481
434.5,1,496.358,0.107427
434,1,495.492,0.107372
433.5,1,494.626,0.107313
433,1,493.76,0.107246
432.5,1,492.894,0.107179
432,1,492.028,0.107112
431.5,1,491.162,0.107043
431,1,490.296,0.106974
430.5,1,489.43,0.106904
430,1,488.564,0.106818
429.5,1,487.698,0.106732
429,1,486.832,0.106645
428.5,1,485.966,0.106557
428,1,485.1,0.106469
427.5,1,484.234,0.106379
427,1,483.368,0.106275
426.5,1,482.502,0.106164
426,1,481.636,0.106052
425.5,1,480.77,0.105939
425,1,479.904,0.105824
424.5,1,479.038,0.105708
424,1,478.172,0.105582
423.5,1,477.306,0.105439
423,1,476.44,0.105295
422.5,1,475.574,0.105149
422,1,474.708,0.105002
421.5,1,473.842,0.104854
421,1,472.976,0.104701
420.5,1,472.11,0.104523
420,1,471.244,0.104343
419.5,1,470.378,0.104161
419,1,469.512,0.103976
418.5,1,468.645,0.10379
418,1,467.779,0.103603
417.5,1,466.913,0.103386
417,1,466.047,0.103155
416.5,1,465.181,0.10292
416,1,464.315,0.102681
415.5,1,463.449,0.102437
415,1,462.583,0.102189
414.5,1,461.717,0.101894
414,1,460.851,0.101537
413.5,1,459.985,0.101172
413,1,459.119,0.100797
412.5,1,458.253,0.100423
412,1,457.387,0.100042
411.5,1,456.521,0.0996793
411,1,455.655,0.0994691
410.5,1,454.789,0.0992456
410,1,453.923,0.0990087
409.5,1,453.057,0.0987584
409,1,452.191,0.0984948
408.5,1,451.325,0.0982178
408,1,450.459,0.0984874
407.5,1,449.593,0.0988702
407,1,448.727,0.0992335
406.5,1,447.861,0.0995824
406,1,446.995,0.0999187
405.5,1,446.129,0.100242
405,1,445.263,0.101171
404.5,1,444.397,0.102667
404,1,443.531,0.104129
403.5,1,442.665,0.105557
403,1,441.799,0.106951
402.5,1,440.933,0.108311
402,1,440.067,0.109829
401.5,1,439.201,0.112221
401,1,438.335,0.114701
400.5,1,437.469,0.117264
400,1,436.603,0.119911
399.5,1,435.737,0.12264
399,1,434.87,0.125453
398.5,1,434.004,0.137628
398,1,433.138,0.151406
397.5,1,432.272,0.165524
397,1,431.406,0.179982
396.5,1,430.54,0.19478
396,1,429.674,0.211742
395.5,1,428.808,0.229219
395,1,427.942,0.245993
394.5,1,427.076,0.261811
394,1,426.21,0.276674
393.5,1,425.344,0.29058
393,1,424.478,0.303531
392.5,1,423.612,0.313538
392,1,422.746,0.317191
391.5,1,421.88,0.320826
391,1,421.014,0.324438
390.5,1,420.148,0.327902
390,1,419.282,0.331318
389.5,1,418.416,0.334685
389,1,417.55,0.33572
388.5,1,416.684,0.336641
388,1,415.818,0.337612
387.5,1,414.952,0.338633
387,1,414.086,0.339703
386.5,1,413.22,0.340822
386,1,412.354,0.341305
385.5,1,411.488,0.341383
385,1,410.622,0.34134
384.5,1,409.756,0.341477
384,1,408.89,0.341795
383.5,1,408.024,0.342295
383,1,407.158,0.342993
382.5,1,406.292,0.34378
382,1,405.426,0.344547
381.5,1,404.56,0.345295
381,1,403.694,0.346023
380.5,1,402.828,0.346731
380,1,401.962,0.347159
379.5,1,401.095,0.346101
379,1,400.229,0.345153
378.5,1,399.363,0.344315
378,1,398.497,0.343589
377.5,1,397.631,0.342974
377,1,396.765,0.342471
376.5,1,395.899,0.341304
376,1,395.033,0.339753
375.5,1,394.167,0.338165
375,1,393.301,0.336538
374.5,1,392.435,0.333586
374,1,391.569,0.326105
373.5,1,390.703,0.317666
373,1,389.837,0.307431
372.5,1,388.971,0.297354
372,1,388.105,0.287434
371.5,1,387.239,0.277672
371,1,386.373,0.268068
370.5,1,385.507,0.258448
370,1,384.641,0.245672
369.5,1,383.775,0.233605
369,1,382.909,0.222256
368.5,1,382.043,0.211656
368,1,381.177,0.201791
367.5,1,380.311,0.192661
367,1,379.445,0.186817
366.5,1,378.579,0.182753
366,1,377.713,0.179547
365.5,1,376.847,0.1772
365,1,375.981,0.17571
364.5,1,375.115,0.175079
364,1,374.249,0.175032
363.5,1,373.383,0.175555
363,1,372.517,0.176459
362.5,1,371.651,0.176702
362,1,370.785,0.176284
361.5,1,369.919,0.175206
361,1,369.053,0.173251
360.5,1,368.187,0.168802
360,1,367.321,0.163821
359.5,1,366.454,0.158308
359,1,365.588,0.152261
358.5,1,364.722,0.145683
358,1,363.856,0.142893
357.5,1,362.99,0.147002
357,1,362.124,0.151596
356.5,1,361.258,0.156519
356,1,360.392,0.161771
355.5,1,359.526,0.167353
355,1,358.66,0.173263
354.5,1,357.794,0.187437
354,1,356.928,0.213436
353.5,1,356.062,0.24333
353,1,355.196,0.277119
352.5,1,354.33,0.299402
352,1,353.464,0.301124
351.5,1,352.598,0.28743
351,1,351.732,0.223694
350.5,1,350.866,0.16807
350,1,350,0.120558
349.5,1,349.134,0.0811583
349,1,348.268,0.0498703
348.5,1,347.402,0.0266944
348,1,346.536,0.0245903
347.5,1,345.67,0.0227666
347,1,344.804,0.0210325
346.5,1,343.938,0.0217108
346,1,343.072,0.0228843
345.5,1,342.206,0.0245529
345,1,341.34,0.0354479
344.5,1,340.474,0.0527178
344,1,339.608,0.067956
343.5,1,338.742,0.0811626
343,1,337.876,0.0923375
342.5,1,337.01,0.101481
342,1,336.144,0.107133
341.5,1,335.278,0.105689
341,1,334.412,0.103912
340.5,1,333.546,0.102482
340,1,332.679,0.101399
339.5,1,331.813,0.100664
339,1,330.947,0.100276
338.5,1,330.081,0.101243
338,1,329.215,0.102331
337.5,1,328.349,0.103408
337,1,327.483,0.104475
336.5,1,326.617,0.105531
336,1,325.751,0.106695
335.5,1,324.885,0.107361
335,1,324.019,0.107666
334.5,1,323.153,0.107966
334,1,322.287,0.108261
333.5,1,321.421,0.108551
333,1,320.555,0.108835
332.5,1,319.689,0.109118
332,1,318.823,0.109403
331.5,1,317.957,0.109674
331,1,317.091,0.109932
330.5,1,316.225,0.110176
330,1,315.359,0.110413
329.5,1,314.493,0.110643
329,1,313.627,0.110783
328.5,1,312.761,0.110918
328,1,311.895,0.111053
327.5,1,311.029,0.111188
327,1,310.163,0.111323
326.5,1,309.297,0.111457
326,1,308.431,0.111552
325.5,1,307.565,0.111625
325,1,306.699,0.111698
324.5,1,305.833,0.11177
324,1,304.967,0.111839
323.5,1,304.101,0.111905
323,1,303.235,0.111963
322.5,1,302.369,0.112005
322,1,301.503,0.112046
321.5,1,300.637,0.112085
321,1,299.771,0.112124
320.5,1,298.905,0.112161
320,1,298.038,0.112196
319.5,1,297.172,0.112196
319,1,296.306,0.112195
318.5,1,295.44,0.112194
318,1,294.574,0.112192
317.5,1,293.708,0.11219
317,1,292.842,0.112187
316.5,1,291.976,0.112179
316,1,291.11,0.112168
315.5,1,290.244,0.112157
315,1,289.378,0.112145
314.5,1,288.512,0.112133
314,1,287.646,0.11212
313.5,1,286.78,0.112098
313,1,285.914,0.112065
312.5,1,285.048,0.112031
312,1,284.182,0.111997
311.5,1,283.316,0.111963
311,1,282.45,0.11193
310.5,1,281.584,0.111896
310,1,280.718,0.111857
309.5,1,279.852,0.111819
309,1,278.986,0.111781
308.5,1,278.12,0.111743
308,1,277.254,0.111706
307.5,1,276.388,0.111669
307,1,275.522,0.111627
306.5,1,274.656,0.111584
306,1,273.79,0.111541
305.5,1,272.924,0.111499
305,1,272.058,0.111458
304.5,1,271.192,0.111416
304,1,270.326,0.111375
303.5,1,269.46,0.111334
303,1,268.594,0.111292
302.5,1,267.728,0.111252
302,1,266.862,0.111212
301.5,1,265.996,0.111172
301,1,265.13,0.111133
300.5,1,264.263,0.111093
300,1,263.397,0.111055
299.5,1,262.531,0.111016
299,1,261.665,0.110978
298.5,1,260.799,0.110941
298,1,259.933,0.110904
297.5,1,259.067,0.110868
297,1,258.201,0.110833
296.5,1,257.335,0.110799
296,1,256.469,0.110764
295.5,1,255.603,0.110731
295,1,254.737,0.110697
294.5,1,253.871,0.110665
294,1,253.005,0.110633
293.5,1,252.139,0.110602
293,1,251.273,0.110572
292.5,1,250.407,0.110542
292,1,249.541,0.110512
291.5,1,248.675,0.110483
291,1,247.809,0.110456
290.5,1,246.943,0.110428
290,1,246.077,0.110401
289.5,1,245.211,0.110375
289,1,244.345,0.110349
288.5,1,243.479,0.110323
288,1,242.613,0.110299
287.5,1,241.747,0.110275
287,1,240.881,0.110252
286.5,1,240.015,0.110229
286,1,239.149,0.110207
285.5,1,238.283,0.110185
285,1,237.417,0.110163
284.5,1,236.551,0.110143
284,1,235.685,0.110122
283.5,1,234.819,0.110102
283,1,233.953,0.110082
282.5,1,233.087,0.110063
282,1,232.221,0.110044
281.5,1,231.355,0.110026
281,1,230.488,0.110008
280.5,1,229.622,0.109991
280,1,228.756,0.109974
279.5,1,227.89,0.109957
279,1,227.024,0.10994
278.5,1,226.158,0.109925
278,1,225.292,0.109909
277.5,1,224.426,0.109894
277,1,223.56,0.109879
276.5,1,222.694,0.109864
276,1,221.828,0.10985
275.5,1,220.962,0.109836
275,1,220.096,0.109823
274.5,1,219.23,0.10981
274,1,218.364,0.109797
273.5,1,217.498,0.109785
273,1,216.632,0.109772
272.5,1,215.766,0.10976
272,1,214.9,0.109749
271.5,1,214.034,0.109737
271,1,213.168,0.109726
270.5,1,212.302,0.109714
270,1,211.436,0.109703
269.5,1,210.57,0.109693
269,1,209.704,0.109683
268.5,1,208.838,0.109673
268,1,207.972,0.109663
267.5,1,207.106,0.109653
267,1,206.24,0.109643
266.5,1,205.374,0.109634
266,1,204.508,0.109625
265.5,1,203.642,0.109616
265,1,202.776,0.109607
264.5,1,201.91,0.109599
264,1,201.044,0.10959
263.5,1,200.178,0.109582
263,1,199.312,0.109574
262.5,1,198.446,0.109567
262,1,197.58,0.109559
261.5,1,196.714,0.109552
261,1,195.847,0.109544
260.5,1,194.981,0.109537
260,1,194.115,0.10953
259.5,1,193.249,0.109523
259,1,192.383,0.109517
258.5,1,191.517,0.10951
258,1,190.651,0.109504
257.5,1,189.785,0.109497
257,1,188.919,0.109491
256.5,1,188.053,0.109485
256,1,187.187,0.109479
255.5,1,186.321,0.109473
255,1,185.455,0.109467
254.5,1,184.589,0.109462
254,1,183.723,0.109456
253.5,1,182.857,0.10945
253,1,181.991,0.109445
252.5,1,181.125,0.10944
252,1,180.259,0.109435
251.5,1,179.393,0.10943
251,1,178.527,0.109425
250.5,1,177.661,0.10942
250,1,176.795,0.109416
249.5,1,175.929,0.109411
249,1,175.063,0.109407
248.5,1,174.197,0.109403
248,1,173.331,0.109399
247.5,1,172.465,0.109394
247,1,171.599,0.10939
246.5,1,170.733,0.109386
246,1,169.867,0.109382
245.5,1,169.001,0.109378
245,1,168.135,0.109374
244.5,1,167.269,0.10937
244,1,166.403,0.109367
243.5,1,165.537,0.109363
243,1,164.671,0.10936
242.5,1,163.805,0.109356
242,1,162.939,0.109353
241.5,1,162.072,0.109349
241,1,161.206,0.109346
240.5,1,160.34,0.109343
240,1,159.474,0.10934
239.5,1,158.608,0.109336
239,1,157.742,0.109333
238.5,1,156.876,0.10933
238,1,156.01,0.109327
237.5,1,155.144,0.109325
237,1,154.278,0.109322
236.5,1,153.412,0.109319
236,1,152.546,0.109316
235.5,1,151.68,0.109314
235,1,150.814,0.109311
234.5,1,149.948,0.109309
234,1,149.082,0.109306
233.5,1,148.216,0.109304
233,1,147.35,0.109301
232.5,1,146.484,0.109299
232,1,145.618,0.109296
231.5,1,144.752,0.109294
231,1,143.886,0.109292
230.5,1,143.02,0.10929
230,1,142.154,0.109287
229.5,1,141.288,0.109285
229,1,140.422,0.109283
228.5,1,139.556,0.109281
228,1,138.69,0.109279
227.5,1,137.824,0.109277
227,1,136.958,0.109275
226.5,1,136.092,0.109273
226,1,135.226,0.109271
225.5,1,134.36,0.109269
225,1,133.494,0.109267
224.5,1,132.628,0.109266
224,1,131.762,0.109264
223.5,1,130.896,0.109262
223,1,130.03,0.10926
222.5,1,129.164,0.109259
222,1,128.297,0.109257
221.5,1,127.431,0.109255
221,1,126.565,0.109254
220.5,1,125.699,0.109252
220,1,124.833,0.10925
219.5,1,123.967,0.109249
219,1,123.101,0.109247
218.5,1,122.235,0.109246
218,1,121.369,0.109244
217.5,1,120.503,0.109243
217,1,119.637,0.109242
216.5,1,118.771,0.10924
216,1,117.905,0.109239
215.5,1,117.039,0.109237
215,1,116.173,0.109236
214.5,1,115.307,0.109235
214,1,114.441,0.109233
213.5,1,113.575,0.109232
213,1,112.709,0.109231
212.5,1,111.843,0.10923
212,1,110.977,0.109228
211.5,1,110.111,0.109227
211,1,109.245,0.109226
210.5,1,108.379,0.109225
210,1,107.513,0.109224
209.5,1,106.647,0.109223
209,1,105.781,0.109221
208.5,1,104.915,0.10922
208,1,104.049,0.109219
207.5,1,103.183,0.109218
207,1,102.317,0.109217
206.5,1,101.451,0.109216
206,1,100.585,0.109215
205.5,1,99.7187,0.109214
205,1,98.8526,0.109213
204.5,1,97.9866,0.109212
204,1,97.1206,0.109211
203.5,1,96.2546,0.10921
203,1,95.3885,0.109209
202.5,1,94.5225,0.109208
202,1,93.6565,0.109207
201.5,1,92.7905,0.109206
201,1,91.9244,0.109205
200.5,1,91.0584,0.109204
200,1,90.1924,0.109204
