x,y,z,b
500,1,609.808,0.109093
499.5,1,608.942,0.109091
499,1,608.076,0.10909
498.5,1,607.21,0.109089
498,1,606.344,0.109088
497.5,1,605.477,0.109086
497,1,604.611,0.109085
496.5,1,603.745,0.109084
496,1,602.879,0.109082
495.5,1,602.013,0.109081
495,1,601.147,0.10908
494.5,1,600.281,0.109078
494,1,599.415,0.109077
493.5,1,598.549,0.109075
493,1,597.683,0.109073
492.5,1,596.817,0.109072
492,1,595.951,0.10907
491.5,1,595.085,0.109068
491,1,594.219,0.109067
490.5,1,593.353,0.109065
490,1,592.487,0.109063
489.5,1,591.621,0.109061
489,1,590.755,0.109059
488.5,1,589.889,0.109057
488,1,589.023,0.109056
487.5,1,588.157,0.109054
487,1,587.291,0.109051
486.5,1,586.425,0.109049
486,1,585.559,0.109047
485.5,1,584.693,0.109045
485,1,583.827,0.109042
484.5,1,582.961,0.10904
484,1,582.095,0.109038
483.5,1,581.229,0.109035
483,1,580.363,0.109032
482.5,1,579.497,0.10903
482,1,578.631,0.109027
481.5,1,577.765,0.109025
481,1,576.899,0.109022
480.5,1,576.033,0.109019
480,1,575.167,0.109016
479.5,1,574.301,0.109013
479,1,573.435,0.10901
478.5,1,572.569,0.109007
478,1,571.703,0.109003
477.5,1,570.836,0.109
477,1,569.97,0.108997
476.5,1,569.104,0.108993
476,1,568.238,0.10899
475.5,1,567.372,0.108986
475,1,566.506,0.108983
474.5,1,565.64,0.108979
474,1,564.774,0.108974
473.5,1,563.908,0.10897
473,1,563.042,0.108966
472.5,1,562.176,0.108961
472,1,561.31,0.108957
471.5,1,560.444,0.108953
471,1,559.578,0.108948
470.5,1,558.712,0.108943
470,1,557.846,0.108938
469.5,1,556.98,0.108933
469,1,556.114,0.108928
468.5,1,555.248,0.108923
468,1,554.382,0.108917
467.5,1,553.516,0.108911
467,1,552.65,0.108905
466.5,1,551.784,0.108899
466,1,550.918,0.108893
465.5,1,550.052,0.108886
465,1,549.186,0.10888
464.5,1,548.32,0.108873
464,1,547.454,0.108866
463.5,1,546.588,0.108859
463,1,545.722,0.108852
462.5,1,544.856,0.108845
462,1,543.99,0.108837
461.5,1,543.124,0.108829
461,1,542.258,0.10882
460.5,1,541.392,0.108811
460,1,540.526,0.108802
459.5,1,539.66,0.108793
459,1,538.794,0.108784
458.5,1,537.928,0.108774
458,1,537.061,0.108764
457.5,1,536.195,0.108754
457,1,535.329,0.108743
456.5,1,534.463,0.108733
456,1,533.597,0.108722
455.5,1,532.731,0.108711
455,1,531.865,0.108698
454.5,1,530.999,0.108685
454,1,530.133,0.108672
453.5,1,529.267,0.108659
453,1,528.401,0.108645
452.5,1,527.535,0.108632
452,1,526.669,0.108616
451.5,1,525.803,0.108601
451,1,524.937,0.108585
450.5,1,524.071,0.108569
450,1,523.205,0.108554
449.5,1,522.339,0.108538
449,1,521.473,0.108519
448.5,1,520.607,0.108499
448,1,519.741,0.10848
447.5,1,518.875,0.10846
447,1,518.009,0.10844
446.5,1,517.143,0.10842
446,1,516.277,0.108398
445.5,1,515.411,0.108374
445,1,514.545,0.10835
444.5,1,513.679,0.108327
444,1,512.813,0.108303
443.5,1,511.947,0.108278
443,1,511.081,0.108252
442.5,1,510.215,0.108222
442,1,509.349,0.108192
441.5,1,508.483,0.108161
441,1,507.617,0.108131
440.5,1,506.751,0.108099
440,1,505.885,0.108068
439.5,1,505.019,0.108032
439,1,504.153,0.107995
438.5,1,503.286,0.107957
438,1,502.42,0.10792
437.5,1,501.554,0.107882
437,1,500.688,0.107843
436.5,1,499.822,0.107799
436,1,498.956,0.107751
435.5,1,498.09,0.107703
435,1,497.224,0.107654
434.5,1,496.358,0.107605
434,1,495.492,0.107556
433.5,1,494.626,0.107504
433,1,493.76,0.107444
432.5,1,492.894,0.107384
432,1,492.028,0.107324
431.5,1,491.162,0.107262
431,1,490.296,0.1072
430.5,1,489.43,0.107138
430,1,488.564,0.107061
429.5,1,487.698,0.106983
429,1,486.832,0.106905
428.5,1,485.966,0.106827
428,1,485.1,0.106748
427.5,1,484.234,0.106668
427,1,483.368,0.106575
426.5,1,482.502,0.106476
426,1,481.636,0.106376
425.5,1,480.77,0.106275
425,1,479.904,0.106173
424.5,1,479.038,0.106069
424,1,478.172,0.105955
423.5,1,477.306,0.105826
423,1,476.44,0.105696
422.5,1,475.574,0.105564
422,1,474.708,0.105431
421.5,1,473.842,0.105297
421,1,472.976,0.105159
420.5,1,472.11,0.104996
420,1,471.244,0.104831
419.5,1,470.378,0.104664
419,1,469.512,0.104495
418.5,1,468.645,0.104324
418,1,467.779,0.104154
417.5,1,466.913,0.103959
417,1,466.047,0.103754
416.5,1,465.181,0.103545
416,1,464.315,0.103333
415.5,1,463.449,0.103118
415,1,462.583,0.1029
414.5,1,461.717,0.102642
414,1,460.851,0.102336
413.5,1,459.985,0.102023
413,1,459.119,0.101702
412.5,1,458.253,0.101383
412,1,457.387,0.101059
411.5,1,456.521,0.100728
411,1,455.655,0.100382
410.5,1,454.789,0.100024
410,1,453.923,0.0996536
409.5,1,453.057,0.099271
409,1,452.191,0.098876
408.5,1,451.325,0.0984687
408,1,450.459,0.0985449
407.5,1,449.593,0.0987201
407,1,448.727,0.0988773
406.5,1,447.861,0.0990159
406,1,446.995,0.0991372
405.5,1,446.129,0.0992411
405,1,445.263,0.0998745
404.5,1,444.397,0.101012
404,1,443.531,0.102123
403.5,1,442.665,0.103206
403,1,441.799,0.104263
402.5,1,440.933,0.105293
402,1,440.067,0.106546
401.5,1,439.201,0.108825
401,1,438.335,0.11112
400.5,1,437.469,0.113432
400,1,436.603,0.115763
399.5,1,435.737,0.118111
399,1,434.87,0.120476
398.5,1,434.004,0.130424
398,1,433.138,0.141728
397.5,1,432.272,0.153367
397,1,431.406,0.16534
396.5,1,430.54,0.177648
396,1,429.674,0.19178
395.5,1,428.808,0.209002
395,1,427.942,0.227575
394.5,1,427.076,0.245363
394,1,426.21,0.262366
393.5,1,425.344,0.278582
393,1,424.478,0.294014
392.5,1,423.612,0.306143
392,1,422.746,0.310382
391.5,1,421.88,0.314591
391,1,421.014,0.318764
390.5,1,420.148,0.32275
390,1,419.282,0.326664
389.5,1,418.416,0.330507
389,1,417.55,0.332055
388.5,1,416.684,0.333507
388,1,415.818,0.335022
387.5,1,414.952,0.336601
387,1,414.086,0.338243
386.5,1,413.22,0.339949
386,1,412.354,0.340777
385.5,1,411.488,0.341049
385,1,410.622,0.340993
384.5,1,409.756,0.341163
384,1,408.89,0.34156
383.5,1,408.024,0.342184
383,1,407.158,0.342904
382.5,1,406.292,0.343429
382,1,405.426,0.343992
381.5,1,404.56,0.344591
381,1,403.694,0.345227
380.5,1,402.828,0.3459
380,1,401.962,0.346321
379.5,1,401.095,0.345025
379,1,400.229,0.343894
378.5,1,399.363,0.342931
378,1,398.497,0.342136
377.5,1,397.631,0.341508
377,1,396.765,0.341048
376.5,1,395.899,0.33993
376,1,395.033,0.338422
375.5,1,394.167,0.336889
375,1,393.301,0.335331
374.5,1,392.435,0.332478
374,1,391.569,0.325056
373.5,1,390.703,0.316675
373,1,389.837,0.306681
372.5,1,388.971,0.296748
372,1,388.105,0.286877
371.5,1,387.239,0.277068
371,1,386.373,0.26732
370.5,1,385.507,0.257468
370,1,384.641,0.244483
369.5,1,383.775,0.232048
369,1,382.909,0.220333
368.5,1,382.043,0.209601
368,1,381.177,0.199407
367.5,1,380.311,0.189749
367,1,379.445,0.183061
366.5,1,378.579,0.177828
366,1,377.713,0.173161
365.5,1,376.847,0.169058
365,1,375.981,0.165521
364.5,1,375.115,0.16255
364,1,374.249,0.16077
363.5,1,373.383,0.161791
363,1,372.517,0.164883
362.5,1,371.651,0.167032
362,1,370.785,0.168237
361.5,1,369.919,0.1685
361,1,369.053,0.16766
360.5,1,368.187,0.164605
360,1,367.321,0.160848
359.5,1,366.454,0.156389
359,1,365.588,0.151228
358.5,1,364.722,0.145366
358,1,363.856,0.143303
357.5,1,362.99,0.14794
357,1,362.124,0.15288
356.5,1,361.258,0.158045
356,1,360.392,0.163436
355.5,1,359.526,0.169052
355,1,358.66,0.174894
354.5,1,357.794,0.18745
354,1,356.928,0.209599
353.5,1,356.062,0.234846
353,1,355.196,0.263191
352.5,1,354.33,0.280415
352,1,353.464,0.278935
351.5,1,352.598,0.264353
351,1,351.732,0.206732
350.5,1,350.866,0.156337
350,1,350,0.113168
349.5,1,349.134,0.0772252
349,1,348.268,0.0485081
348.5,1,347.402,0.0270169
348,1,346.536,0.024171
347.5,1,345.67,0.0214386
347,1,344.804,0.0193849
346.5,1,343.938,0.0201823
346,1,343.072,0.0215442
345.5,1,342.206,0.0234705
345,1,341.34,0.0347285
344.5,1,340.474,0.0523202
344,1,339.608,0.0677625
343.5,1,338.742,0.0810555
343,1,337.876,0.0921991
342.5,1,337.01,0.101193
342,1,336.144,0.106703
341.5,1,335.278,0.105484
341,1,334.412,0.103895
340.5,1,333.546,0.102631
340,1,332.679,0.101694
339.5,1,331.813,0.101082
339,1,330.947,0.100796
338.5,1,330.081,0.101701
338,1,329.215,0.102713
337.5,1,328.349,0.103717
337,1,327.483,0.104715
336.5,1,326.617,0.105705
336,1,325.751,0.106808
335.5,1,324.885,0.107469
335,1,324.019,0.107806
334.5,1,323.153,0.108135
334,1,322.287,0.108456
333.5,1,321.421,0.108768
333,1,320.555,0.109073
332.5,1,319.689,0.109365
332,1,318.823,0.109635
331.5,1,317.957,0.109891
331,1,317.091,0.110134
330.5,1,316.225,0.110362
330,1,315.359,0.110583
329.5,1,314.493,0.110797
329,1,313.627,0.110935
328.5,1,312.761,0.111069
328,1,311.895,0.111203
327.5,1,311.029,0.111335
327,1,310.163,0.111466
326.5,1,309.297,0.111597
326,1,308.431,0.111685
325.5,1,307.565,0.111749
325,1,306.699,0.111813
324.5,1,305.833,0.111876
324,1,304.967,0.111936
323.5,1,304.101,0.111994
323,1,303.235,0.112044
322.5,1,302.369,0.112081
322,1,301.503,0.112117
321.5,1,300.637,0.112151
321,1,299.771,0.112184
320.5,1,298.905,0.112215
320,1,298.038,0.112245
319.5,1,297.172,0.112239
319,1,296.306,0.112233
318.5,1,295.44,0.112226
318,1,294.574,0.112219
317.5,1,293.708,0.112212
317,1,292.842,0.112204
316.5,1,291.976,0.112191
316,1,291.11,0.112175
315.5,1,290.244,0.112159
315,1,289.378,0.112143
314.5,1,288.512,0.112126
314,1,287.646,0.112108
313.5,1,286.78,0.112082
313,1,285.914,0.112045
312.5,1,285.048,0.112007
312,1,284.182,0.11197
311.5,1,283.316,0.111933
311,1,282.45,0.111896
310.5,1,281.584,0.111859
310,1,280.718,0.111818
309.5,1,279.852,0.111777
309,1,278.986,0.111736
308.5,1,278.12,0.111697
308,1,277.254,0.111657
307.5,1,276.388,0.111617
307,1,275.522,0.111574
306.5,1,274.656,0.11153
306,1,273.79,0.111486
305.5,1,272.924,0.111443
305,1,272.058,0.111401
304.5,1,271.192,0.111358
304,1,270.326,0.111316
303.5,1,269.46,0.111274
303,1,268.594,0.111233
302.5,1,267.728,0.111192
302,1,266.862,0.111151
301.5,1,265.996,0.111111
301,1,265.13,0.111072
300.5,1,264.263,0.111032
300,1,263.397,0.110993
299.5,1,262.531,0.110955
299,1,261.665,0.110917
298.5,1,260.799,0.11088
298,1,259.933,0.110843
297.5,1,259.067,0.110808
297,1,258.201,0.110773
296.5,1,257.335,0.110739
296,1,256.469,0.110705
295.5,1,255.603,0.110672
295,1,254.737,0.110639
294.5,1,253.871,0.110607
294,1,253.005,0.110576
293.5,1,252.139,0.110546
293,1,251.273,0.110516
292.5,1,250.407,0.110486
292,1,249.541,0.110457
291.5,1,248.675,0.110429
291,1,247.809,0.110402
290.5,1,246.943,0.110375
290,1,246.077,0.110349
289.5,1,245.211,0.110323
289,1,244.345,0.110298
288.5,1,243.479,0.110273
288,1,242.613,0.110249
287.5,1,241.747,0.110226
287,1,240.881,0.110203
286.5,1,240.015,0.110181
286,1,239.149,0.110159
285.5,1,238.283,0.110138
285,1,237.417,0.110117
284.5,1,236.551,0.110097
284,1,235.685,0.110078
283.5,1,234.819,0.110058
283,1,233.953,0.110039
282.5,1,233.087,0.11002
282,1,232.221,0.110002
281.5,1,231.355,0.109985
281,1,230.488,0.109968
280.5,1,229.622,0.109951
280,1,228.756,0.109934
279.5,1,227.89,0.109918
279,1,227.024,0.109902
278.5,1,226.158,0.109887
278,1,225.292,0.109872
277.5,1,224.426,0.109858
277,1,223.56,0.109843
276.5,1,222.694,0.109829
276,1,221.828,0.109815
275.5,1,220.962,0.109802
275,1,220.096,0.109789
274.5,1,219.23,0.109777
274,1,218.364,0.109765
273.5,1,217.498,0.109753
273,1,216.632,0.109741
272.5,1,215.766,0.109729
272,1,214.9,0.109718
271.5,1,214.034,0.109707
271,1,213.168,0.109696
270.5,1,212.302,0.109685
270,1,211.436,0.109675
269.5,1,210.57,0.109664
269,1,209.704,0.109655
268.5,1,208.838,0.109645
268,1,207.972,0.109636
267.5,1,207.106,0.109627
267,1,206.24,0.109617
266.5,1,205.374,0.109608
266,1,204.508,0.1096
265.5,1,203.642,0.109591
265,1,202.776,0.109583
264.5,1,201.91,0.109575
264,1,201.044,0.109567
263.5,1,200.178,0.109559
263,1,199.312,0.109551
262.5,1,198.446,0.109544
262,1,197.58,0.109537
261.5,1,196.714,0.10953
261,1,195.847,0.109523
260.5,1,194.981,0.109516
260,1,194.115,0.109509
259.5,1,193.249,0.109503
259,1,192.383,0.109497
258.5,1,191.517,0.10949
258,1,190.651,0.109484
257.5,1,189.785,0.109478
257,1,188.919,0.109472
256.5,1,188.053,0.109466
256,1,187.187,0.109461
255.5,1,186.321,0.109455
255,1,185.455,0.10945
254.5,1,184.589,0.109444
254,1,183.723,0.109439
253.5,1,182.857,0.109434
253,1,181.991,0.109429
252.5,1,181.125,0.109424
252,1,180.259,0.109419
251.5,1,179.393,0.109414
251,1,178.527,0.109409
250.5,1,177.661,0.109405
250,1,176.795,0.109401
249.5,1,175.929,0.109396
249,1,175.063,0.109392
248.5,1,174.197,0.109388
248,1,173.331,0.109384
247.5,1,172.465,0.10938
247,1,171.599,0.109376
246.5,1,170.733,0.109373
246,1,169.867,0.109369
245.5,1,169.001,0.109365
245,1,168.135,0.109361
244.5,1,167.269,0.109358
244,1,166.403,0.109354
243.5,1,165.537,0.109351
243,1,164.671,0.109347
242.5,1,163.805,0.109344
242,1,162.939,0.109341
241.5,1,162.072,0.109338
241,1,161.206,0.109334
240.5,1,160.34,0.109331
240,1,159.474,0.109328
239.5,1,158.608,0.109326
239,1,157.742,0.109323
238.5,1,156.876,0.10932
238,1,156.01,0.109317
237.5,1,155.144,0.109314
237,1,154.278,0.109312
236.5,1,153.412,0.109309
236,1,152.546,0.109307
235.5,1,151.68,0.109304
235,1,150.814,0.109302
234.5,1,149.948,0.109299
234,1,149.082,0.109297
233.5,1,148.216,0.109294
233,1,147.35,0.109292
232.5,1,146.484,0.10929
232,1,145.618,0.109287
231.5,1,144.752,0.109285
231,1,143.886,0.109283
230.5,1,143.02,0.109281
230,1,142.154,0.109279
229.5,1,141.288,0.109277
229,1,140.422,0.109275
228.5,1,139.556,0.109273
228,1,138.69,0.109271
227.5,1,137.824,0.109269
227,1,136.958,0.109267
226.5,1,136.092,0.109266
226,1,135.226,0.109264
225.5,1,134.36,0.109262
225,1,133.494,0.10926
224.5,1,132.628,0.109258
224,1,131.762,0.109257
223.5,1,130.896,0.109255
223,1,130.03,0.109254
222.5,1,129.164,0.109252
222,1,128.297,0.10925
221.5,1,127.431,0.109249
221,1,126.565,0.109247
220.5,1,125.699,0.109246
220,1,124.833,0.109244
219.5,1,123.967,0.109243
219,1,123.101,0.109241
218.5,1,122.235,0.10924
218,1,121.369,0.109239
217.5,1,120.503,0.109237
217,1,119.637,0.109236
216.5,1,118.771,0.109235
216,1,117.905,0.109233
215.5,1,117.039,0.109232
215,1,116.173,0.109231
214.5,1,115.307,0.109229
214,1,114.441,0.109228
213.5,1,113.575,0.109227
213,1,112.709,0.109226
212.5,1,111.843,0.109224
212,1,110.977,0.109223
211.5,1,110.111,0.109222
211,1,109.245,0.109221
210.5,1,108.379,0.10922
210,1,107.513,0.109219
209.5,1,106.647,0.109218
209,1,105.781,0.109217
208.5,1,104.915,0.109216
208,1,104.049,0.109215
207.5,1,103.183,0.109214
207,1,102.317,0.109212
206.5,1,101.451,0.109211
206,1,100.585,0.10921
205.5,1,99.7187,0.10921
205,1,98.8526,0.109209
204.5,1,97.9866,0.109208
204,1,97.1206,0.109207
203.5,1,96.2546,0.109206
203,1,95.3885,0.109205
202.5,1,94.5225,0.109204
202,1,93.6565,0.109203
201.5,1,92.7905,0.109202
201,1,91.9244,0.109201
200.5,1,91.0584,0.109201
200,1,90.1924,0.1092
