x,y,z,b
500,1,609.808,0.10691
499.5,1,608.942,0.106963
499,1,608.076,0.107018
498.5,1,607.21,0.107074
498,1,606.344,0.107131
497.5,1,605.477,0.10719
497,1,604.611,0.107249
496.5,1,603.745,0.107324
496,1,602.879,0.107409
495.5,1,602.013,0.107496
495,1,601.147,0.107584
494.5,1,600.281,0.107676
494,1,599.415,0.10777
493.5,1,598.549,0.107874
493,1,597.683,0.107995
492.5,1,596.817,0.108119
492,1,595.951,0.108244
491.5,1,595.085,0.108372
491,1,594.219,0.108502
490.5,1,593.353,0.108634
490,1,592.487,0.108792
489.5,1,591.621,0.108953
489,1,590.755,0.109119
488.5,1,589.889,0.109288
488,1,589.023,0.109459
487.5,1,588.157,0.109634
487,1,587.291,0.109828
486.5,1,586.425,0.110032
486,1,585.559,0.11024
485.5,1,584.693,0.110451
485,1,583.827,0.110665
484.5,1,582.961,0.110883
484,1,582.095,0.111114
483.5,1,581.229,0.111369
483,1,580.363,0.111629
482.5,1,579.497,0.111893
482,1,578.631,0.112161
481.5,1,577.765,0.112434
481,1,576.899,0.112712
480.5,1,576.033,0.113016
480,1,575.167,0.113325
479.5,1,574.301,0.113639
479,1,573.435,0.113958
478.5,1,572.569,0.114283
478,1,571.703,0.114618
477.5,1,570.836,0.114976
477,1,569.97,0.115345
476.5,1,569.104,0.115721
476,1,568.238,0.116104
475.5,1,567.372,0.116493
475,1,566.506,0.116889
474.5,1,565.64,0.117296
474,1,564.774,0.117717
473.5,1,563.908,0.118145
473,1,563.042,0.118581
472.5,1,562.176,0.119036
472,1,561.31,0.119499
471.5,1,560.444,0.119974
471,1,559.578,0.120479
470.5,1,558.712,0.120995
470,1,557.846,0.121523
469.5,1,556.98,0.122062
469,1,556.114,0.122613
468.5,1,555.248,0.123175
468,1,554.382,0.123774
467.5,1,553.516,0.124397
467,1,552.65,0.125051
466.5,1,551.784,0.125723
466,1,550.918,0.126413
465.5,1,550.052,0.127121
465,1,549.186,0.127881
464.5,1,548.32,0.128699
464,1,547.454,0.129544
463.5,1,546.588,0.130415
463,1,545.722,0.131312
462.5,1,544.856,0.132236
462,1,543.99,0.133213
461.5,1,543.124,0.134344
461,1,542.258,0.135509
460.5,1,541.392,0.136709
460,1,540.526,0.137943
459.5,1,539.66,0.139212
459,1,538.794,0.140515
458.5,1,537.928,0.141659
458,1,537.061,0.14277
457.5,1,536.195,0.143877
457,1,535.329,0.14498
456.5,1,534.463,0.146049
456,1,533.597,0.147022
455.5,1,532.731,0.147644
455,1,531.865,0.14794
454.5,1,530.999,0.148175
454,1,530.133,0.148347
453.5,1,529.267,0.148458
453,1,528.401,0.148506
452.5,1,527.535,0.148525
452,1,526.669,0.148634
451.5,1,525.803,0.148754
451,1,524.937,0.1489
450.5,1,524.071,0.149088
450,1,523.205,0.149296
449.5,1,522.339,0.149522
449,1,521.473,0.150375
448.5,1,520.607,0.151305
448,1,519.741,0.152258
447.5,1,518.875,0.153234
447,1,518.009,0.154232
446.5,1,517.143,0.155253
446,1,516.277,0.156456
445.5,1,515.411,0.157688
445,1,514.545,0.158801
444.5,1,513.679,0.159917
444,1,512.813,0.161034
443.5,1,511.947,0.162153
443,1,511.081,0.163198
442.5,1,510.215,0.164042
442,1,509.349,0.164871
441.5,1,508.483,0.165684
441,1,507.617,0.166481
440.5,1,506.751,0.167263
440,1,505.885,0.167879
439.5,1,505.019,0.16821
439,1,504.153,0.168508
438.5,1,503.286,0.168775
438,1,502.42,0.169011
437.5,1,501.554,0.169216
437,1,500.688,0.16939
436.5,1,499.822,0.169731
436,1,498.956,0.17019
435.5,1,498.09,0.170675
435,1,497.224,0.171184
434.5,1,496.358,0.171559
434,1,495.492,0.171782
433.5,1,494.626,0.172083
433,1,493.76,0.17256
432.5,1,492.894,0.173023
432,1,492.028,0.173471
431.5,1,491.162,0.173904
431,1,490.296,0.174323
430.5,1,489.43,0.174732
430,1,488.564,0.175311
429.5,1,487.698,0.175886
429,1,486.832,0.176253
428.5,1,485.966,0.17638
428,1,485.1,0.176382
427.5,1,484.234,0.176258
427,1,483.368,0.176195
426.5,1,482.502,0.176068
426,1,481.636,0.175798
425.5,1,480.77,0.175384
425,1,479.904,0.174827
424.5,1,479.038,0.174127
424,1,478.172,0.173403
423.5,1,477.306,0.17274
423,1,476.44,0.171929
422.5,1,475.574,0.170972
422,1,474.708,0.169869
421.5,1,473.842,0.168619
421,1,472.976,0.167259
420.5,1,472.11,0.166162
420,1,471.244,0.164932
419.5,1,470.378,0.163569
419,1,469.512,0.162073
418.5,1,468.645,0.160444
418,1,467.779,0.159567
417.5,1,466.913,0.159086
417,1,466.047,0.158602
416.5,1,465.181,0.158085
416,1,464.315,0.157536
415.5,1,463.449,0.156953
415,1,462.583,0.156338
414.5,1,461.717,0.155889
414,1,460.851,0.155639
413.5,1,459.985,0.155339
413,1,459.119,0.154989
412.5,1,458.253,0.155144
412,1,457.387,0.155428
411.5,1,456.521,0.155681
411,1,455.655,0.155867
410.5,1,454.789,0.156055
410,1,453.923,0.156247
409.5,1,453.057,0.156441
409,1,452.191,0.156638
408.5,1,451.325,0.156838
408,1,450.459,0.156904
407.5,1,449.593,0.157025
407,1,448.727,0.157501
406.5,1,447.861,0.158098
406,1,446.995,0.158766
405.5,1,446.129,0.159504
405,1,445.263,0.16029
404.5,1,444.397,0.161114
404,1,443.531,0.161998
403.5,1,442.665,0.162941
403,1,441.799,0.163942
402.5,1,440.933,0.165003
402,1,440.067,0.166074
401.5,1,439.201,0.167127
401,1,438.335,0.168257
400.5,1,437.469,0.16945
400,1,436.603,0.170707
399.5,1,435.737,0.172027
399,1,434.87,0.173411
398.5,1,434.004,0.174485
398,1,433.138,0.175489
397.5,1,432.272,0.176469
397,1,431.406,0.177424
396.5,1,430.54,0.178354
396,1,429.674,0.17944
395.5,1,428.808,0.18087
395,1,427.942,0.182462
394.5,1,427.076,0.183944
394,1,426.21,0.185317
393.5,1,425.344,0.186579
393,1,424.478,0.187731
392.5,1,423.612,0.188345
392,1,422.746,0.187595
391.5,1,421.88,0.186794
391,1,421.014,0.185942
390.5,1,420.148,0.185051
390,1,419.282,0.184152
389.5,1,418.416,0.183243
389,1,417.55,0.181451
388.5,1,416.684,0.179657
388,1,415.818,0.177924
387.5,1,414.952,0.176253
387,1,414.086,0.174644
386.5,1,413.22,0.173096
386,1,412.354,0.170892
385.5,1,411.488,0.168266
385,1,410.622,0.165481
384.5,1,409.756,0.16275
384,1,408.89,0.16007
383.5,1,408.024,0.157444
383,1,407.158,0.155217
382.5,1,406.292,0.153825
382,1,405.426,0.152472
381.5,1,404.56,0.151159
381,1,403.694,0.149885
380.5,1,402.828,0.148652
380,1,401.962,0.14741
379.5,1,401.095,0.146616
379,1,400.229,0.145922
378.5,1,399.363,0.145324
378,1,398.497,0.144821
377.5,1,397.631,0.144414
377,1,396.765,0.144101
376.5,1,395.899,0.144289
376,1,395.033,0.144813
375.5,1,394.167,0.145485
375,1,393.301,0.146308
374.5,1,392.435,0.147299
374,1,391.569,0.148556
373.5,1,390.703,0.15018
373,1,389.837,0.152301
372.5,1,388.971,0.154668
372,1,388.105,0.15728
371.5,1,387.239,0.160138
371,1,386.373,0.163241
370.5,1,385.507,0.166551
370,1,384.641,0.169191
369.5,1,383.775,0.17191
369,1,382.909,0.174248
368.5,1,382.043,0.175571
368,1,381.177,0.177096
367.5,1,380.311,0.178822
367,1,379.445,0.179866
366.5,1,378.579,0.180818
366,1,377.713,0.182008
365.5,1,376.847,0.183436
365,1,375.981,0.185103
364.5,1,375.115,0.187008
364,1,374.249,0.188376
363.5,1,373.383,0.188531
363,1,372.517,0.188548
362.5,1,371.651,0.189148
362,1,370.785,0.190331
361.5,1,369.919,0.192098
361,1,369.053,0.194153
360.5,1,368.187,0.193958
360,1,367.321,0.193932
359.5,1,366.454,0.194075
359,1,365.588,0.194386
358.5,1,364.722,0.194866
358,1,363.856,0.19574
357.5,1,362.99,0.191542
357,1,362.124,0.185842
356.5,1,361.258,0.18021
356,1,360.392,0.174646
355.5,1,359.526,0.169151
355,1,358.66,0.163723
354.5,1,357.794,0.172064
354,1,356.928,0.199052
353.5,1,356.062,0.230541
353,1,355.196,0.266533
352.5,1,354.33,0.298233
352,1,353.464,0.317832
351.5,1,352.598,0.32836
351,1,351.732,0.313457
350.5,1,350.866,0.299862
350,1,350,0.287576
349.5,1,349.134,0.276598
349,1,348.268,0.26693
348.5,1,347.402,0.25857
348,1,346.536,0.254679
347.5,1,345.67,0.252131
347,1,344.804,0.253146
346.5,1,343.938,0.256384
346,1,343.072,0.259018
345.5,1,342.206,0.261046
345,1,341.34,0.260233
344.5,1,340.474,0.257112
344,1,339.608,0.253773
343.5,1,338.742,0.250217
343,1,337.876,0.246443
342.5,1,337.01,0.242452
342,1,336.144,0.238853
341.5,1,335.278,0.238456
341,1,334.412,0.239267
340.5,1,333.546,0.240703
340,1,332.679,0.242762
339.5,1,331.813,0.245446
339,1,330.947,0.248754
338.5,1,330.081,0.260461
338,1,329.215,0.27288
337.5,1,328.349,0.285088
337,1,327.483,0.297085
336.5,1,326.617,0.308872
336,1,325.751,0.318385
335.5,1,324.885,0.323833
335,1,324.019,0.327616
334.5,1,323.153,0.331599
334,1,322.287,0.335783
333.5,1,321.421,0.340168
333,1,320.555,0.344753
332.5,1,319.689,0.348504
332,1,318.823,0.349699
331.5,1,317.957,0.351188
331,1,317.091,0.352971
330.5,1,316.225,0.352793
330,1,315.359,0.35289
329.5,1,314.493,0.354287
329,1,313.627,0.353307
328.5,1,312.761,0.352611
328,1,311.895,0.352358
327.5,1,311.029,0.352546
327,1,310.163,0.353176
326.5,1,309.297,0.354247
326,1,308.431,0.354599
325.5,1,307.565,0.35447
325,1,306.699,0.353916
324.5,1,305.833,0.353578
324,1,304.967,0.353638
323.5,1,304.101,0.354096
323,1,303.235,0.354595
322.5,1,302.369,0.354512
322,1,301.503,0.354466
321.5,1,300.637,0.354459
321,1,299.771,0.354491
320.5,1,298.905,0.354561
320,1,298.038,0.354649
319.5,1,297.172,0.350807
319,1,296.306,0.344425
318.5,1,295.44,0.335662
318,1,294.574,0.324516
317.5,1,293.708,0.310989
317,1,292.842,0.29508
316.5,1,291.976,0.278232
316,1,291.11,0.261029
315.5,1,290.244,0.243088
315,1,289.378,0.22441
314.5,1,288.512,0.204994
314,1,287.646,0.192448
313.5,1,286.78,0.183863
313,1,285.914,0.17908
312.5,1,285.048,0.175422
312,1,284.182,0.172887
311.5,1,283.316,0.171478
311,1,282.45,0.171192
310.5,1,281.584,0.172001
310,1,280.718,0.173467
309.5,1,279.852,0.17599
309,1,278.986,0.179568
308.5,1,278.12,0.182333
308,1,277.254,0.184854
307.5,1,276.388,0.187172
307,1,275.522,0.189221
306.5,1,274.656,0.190977
306,1,273.79,0.192452
305.5,1,272.924,0.193644
305,1,272.058,0.194555
304.5,1,271.192,0.195184
304,1,270.326,0.195778
303.5,1,269.46,0.19631
303,1,268.594,0.194425
302.5,1,267.728,0.192333
302,1,266.862,0.190033
301.5,1,265.996,0.187526
301,1,265.13,0.184695
300.5,1,264.263,0.180804
300,1,263.397,0.176696
299.5,1,262.531,0.172371
299,1,261.665,0.167829
298.5,1,260.799,0.163069
298,1,259.933,0.158147
297.5,1,259.067,0.152847
297,1,258.201,0.147549
296.5,1,257.335,0.142473
296,1,256.469,0.137618
295.5,1,255.603,0.132983
295,1,254.737,0.12857
294.5,1,253.871,0.124536
294,1,253.005,0.120916
293.5,1,252.139,0.117556
293,1,251.273,0.114455
292.5,1,250.407,0.111705
292,1,249.541,0.109628
291.5,1,248.675,0.107767
291,1,247.809,0.106486
290.5,1,246.943,0.105277
290,1,246.077,0.10414
289.5,1,245.211,0.103076
289,1,244.345,0.102084
288.5,1,243.479,0.101165
288,1,242.613,0.100659
287.5,1,241.747,0.100248
287,1,240.881,0.0998887
286.5,1,240.015,0.0996105
286,1,239.149,0.0993498
285.5,1,238.283,0.0991064
285,1,237.417,0.098989
284.5,1,236.551,0.0989718
284,1,235.685,0.0989627
283.5,1,234.819,0.0989619
283,1,233.953,0.0989692
282.5,1,233.087,0.0989847
282,1,232.221,0.0990408
281.5,1,231.355,0.0992132
281,1,230.488,0.099398
280.5,1,229.622,0.0995853
280,1,228.756,0.0997753
279.5,1,227.89,0.0999678
279,1,227.024,0.100163
278.5,1,226.158,0.100376
278,1,225.292,0.10059
277.5,1,224.426,0.100803
277,1,223.56,0.101016
276.5,1,222.694,0.101227
276,1,221.828,0.101438
275.5,1,220.962,0.101643
275,1,220.096,0.101843
274.5,1,219.23,0.102042
274,1,218.364,0.10224
273.5,1,217.498,0.102437
273,1,216.632,0.102633
272.5,1,215.766,0.102823
272,1,214.9,0.103002
271.5,1,214.034,0.10318
271,1,213.168,0.103356
270.5,1,212.302,0.103533
270,1,211.436,0.103709
269.5,1,210.57,0.103885
269,1,209.704,0.104041
268.5,1,208.838,0.104196
268,1,207.972,0.104349
267.5,1,207.106,0.104501
267,1,206.24,0.104652
266.5,1,205.374,0.104802
266,1,204.508,0.104939
265.5,1,203.642,0.10507
265,1,202.776,0.1052
264.5,1,201.91,0.10533
264,1,201.044,0.105458
263.5,1,200.178,0.105586
263,1,199.312,0.105707
262.5,1,198.446,0.105817
262,1,197.58,0.105927
261.5,1,196.714,0.106035
261,1,195.847,0.106143
260.5,1,194.981,0.10625
260,1,194.115,0.106355
259.5,1,193.249,0.106447
259,1,192.383,0.106539
258.5,1,191.517,0.10663
258,1,190.651,0.10672
257.5,1,189.785,0.106809
257,1,188.919,0.106898
256.5,1,188.053,0.106977
256,1,187.187,0.107051
255.5,1,186.321,0.107125
255,1,185.455,0.107199
254.5,1,184.589,0.107271
254,1,183.723,0.107344
253.5,1,182.857,0.107412
253,1,181.991,0.107474
252.5,1,181.125,0.107536
252,1,180.259,0.107597
251.5,1,179.393,0.107657
251,1,178.527,0.107717
250.5,1,177.661,0.107776
250,1,176.795,0.107826
249.5,1,175.929,0.107876
249,1,175.063,0.107925
248.5,1,174.197,0.107974
248,1,173.331,0.108023
247.5,1,172.465,0.108071
247,1,171.599,0.108114
246.5,1,170.733,0.108156
246,1,169.867,0.108197
245.5,1,169.001,0.108238
245,1,168.135,0.108279
244.5,1,167.269,0.108319
244,1,166.403,0.108356
243.5,1,165.537,0.10839
243,1,164.671,0.108423
242.5,1,163.805,0.108456
242,1,162.939,0.108489
241.5,1,162.072,0.108521
241,1,161.206,0.108553
240.5,1,160.34,0.108581
240,1,159.474,0.108608
239.5,1,158.608,0.108635
239,1,157.742,0.108662
238.5,1,156.876,0.108689
238,1,156.01,0.108716
237.5,1,155.144,0.108739
237,1,154.278,0.108761
236.5,1,153.412,0.108783
236,1,152.546,0.108804
235.5,1,151.68,0.108826
235,1,150.814,0.108847
234.5,1,149.948,0.108867
234,1,149.082,0.108885
233.5,1,148.216,0.108903
233,1,147.35,0.108921
232.5,1,146.484,0.108938
232,1,145.618,0.108956
231.5,1,144.752,0.108972
231,1,143.886,0.108986
230.5,1,143.02,0.109
230,1,142.154,0.109014
229.5,1,141.288,0.109027
229,1,140.422,0.109041
228.5,1,139.556,0.109054
228,1,138.69,0.109066
227.5,1,137.824,0.109077
227,1,136.958,0.109089
226.5,1,136.092,0.1091
226,1,135.226,0.109111
225.5,1,134.36,0.109122
225,1,133.494,0.109132
224.5,1,132.628,0.10914
224,1,131.762,0.109149
223.5,1,130.896,0.109157
223,1,130.03,0.109166
222.5,1,129.164,0.109174
222,1,128.297,0.109182
221.5,1,127.431,0.109189
221,1,126.565,0.109196
220.5,1,125.699,0.109203
220,1,124.833,0.10921
219.5,1,123.967,0.109216
219,1,123.101,0.109223
218.5,1,122.235,0.109228
218,1,121.369,0.109233
217.5,1,120.503,0.109238
217,1,119.637,0.109242
216.5,1,118.771,0.109247
216,1,117.905,0.109252
215.5,1,117.039,0.109256
215,1,116.173,0.10926
214.5,1,115.307,0.109264
214,1,114.441,0.109268
213.5,1,113.575,0.109272
213,1,112.709,0.109275
212.5,1,111.843,0.109279
212,1,110.977,0.109281
211.5,1,110.111,0.109283
211,1,109.245,0.109285
210.5,1,108.379,0.109288
210,1,107.513,0.10929
209.5,1,106.647,0.109292
209,1,105.781,0.109294
208.5,1,104.915,0.109295
208,1,104.049,0.109297
207.5,1,103.183,0.109299
207,1,102.317,0.109301
206.5,1,101.451,0.109302
206,1,100.585,0.109303
205.5,1,99.7187,0.109304
205,1,98.8526,0.109305
204.5,1,97.9866,0.109306
204,1,97.1206,0.109307
203.5,1,96.2546,0.109308
203,1,95.3885,0.109309
202.5,1,94.5225,0.109309
202,1,93.6565,0.109308
201.5,1,92.7905,0.109308
201,1,91.9244,0.109308
200.5,1,91.0584,0.109308
200,1,90.1924,0.109307
