x,y,z,b
500,1,609.808,0.107085
499.5,1,608.942,0.107044
499,1,608.076,0.107003
498.5,1,607.21,0.106961
498,1,606.344,0.106919
497.5,1,605.477,0.106876
497,1,604.611,0.106833
496.5,1,603.745,0.106787
496,1,602.879,0.10674
495.5,1,602.013,0.106692
495,1,601.147,0.106643
494.5,1,600.281,0.106594
494,1,599.415,0.106545
493.5,1,598.549,0.106494
493,1,597.683,0.106441
492.5,1,596.817,0.106387
492,1,595.951,0.106333
491.5,1,595.085,0.106278
491,1,594.219,0.106223
490.5,1,593.353,0.106167
490,1,592.487,0.106106
489.5,1,591.621,0.106045
489,1,590.755,0.105984
488.5,1,589.889,0.105922
488,1,589.023,0.105859
487.5,1,588.157,0.105796
487,1,587.291,0.10573
486.5,1,586.425,0.105663
486,1,585.559,0.105596
485.5,1,584.693,0.105528
485,1,583.827,0.105459
484.5,1,582.961,0.10539
484,1,582.095,0.105319
483.5,1,581.229,0.105243
483,1,580.363,0.105168
482.5,1,579.497,0.105091
482,1,578.631,0.105014
481.5,1,577.765,0.104936
481,1,576.899,0.104857
480.5,1,576.033,0.104775
480,1,575.167,0.104692
479.5,1,574.301,0.104609
479,1,573.435,0.104525
478.5,1,572.569,0.10444
478,1,571.703,0.104354
477.5,1,570.836,0.104266
477,1,569.97,0.104177
476.5,1,569.104,0.104087
476,1,568.238,0.103997
475.5,1,567.372,0.103905
475,1,566.506,0.103813
474.5,1,565.64,0.103722
474,1,564.774,0.103631
473.5,1,563.908,0.10354
473,1,563.042,0.103448
472.5,1,562.176,0.103354
472,1,561.31,0.10326
471.5,1,560.444,0.103166
471,1,559.578,0.103078
470.5,1,558.712,0.102989
470,1,557.846,0.102901
469.5,1,556.98,0.102812
469,1,556.114,0.102722
468.5,1,555.248,0.102633
468,1,554.382,0.102565
467.5,1,553.516,0.102503
467,1,552.65,0.102443
466.5,1,551.784,0.102386
466,1,550.918,0.102331
465.5,1,550.052,0.102279
465,1,549.186,0.102251
464.5,1,548.32,0.102251
464,1,547.454,0.102254
463.5,1,546.588,0.102262
463,1,545.722,0.102273
462.5,1,544.856,0.102289
462,1,543.99,0.102328
461.5,1,543.124,0.10246
461,1,542.258,0.102604
460.5,1,541.392,0.102762
460,1,540.526,0.102932
459.5,1,539.66,0.103115
459,1,538.794,0.103312
458.5,1,537.928,0.103631
458,1,537.061,0.103992
457.5,1,536.195,0.104377
457,1,535.329,0.104786
456.5,1,534.463,0.105249
456,1,533.597,0.105823
455.5,1,532.731,0.106541
455,1,531.865,0.107399
454.5,1,530.999,0.108313
454,1,530.133,0.109283
453.5,1,529.267,0.11031
453,1,528.401,0.111393
452.5,1,527.535,0.112571
452,1,526.669,0.113931
451.5,1,525.803,0.115347
451,1,524.937,0.116882
450.5,1,524.071,0.118583
450,1,523.205,0.120321
449.5,1,522.339,0.122098
449,1,521.473,0.123865
448.5,1,520.607,0.125641
448,1,519.741,0.127427
447.5,1,518.875,0.129226
447,1,518.009,0.131036
446.5,1,517.143,0.132857
446,1,516.277,0.134639
445.5,1,515.411,0.136395
445,1,514.545,0.138162
444.5,1,513.679,0.139946
444,1,512.813,0.141747
443.5,1,511.947,0.143564
443,1,511.081,0.145407
442.5,1,510.215,0.1473
442,1,509.349,0.149223
441.5,1,508.483,0.151178
441,1,507.617,0.153163
440.5,1,506.751,0.15518
440,1,505.885,0.157231
439.5,1,505.019,0.159154
439,1,504.153,0.161069
438.5,1,503.286,0.16298
438,1,502.42,0.164886
437.5,1,501.554,0.166789
437,1,500.688,0.168688
436.5,1,499.822,0.17035
436,1,498.956,0.17187
435.5,1,498.09,0.173367
435,1,497.224,0.174841
434.5,1,496.358,0.176049
434,1,495.492,0.177013
433.5,1,494.626,0.177878
433,1,493.76,0.178595
432.5,1,492.894,0.179297
432,1,492.028,0.179983
431.5,1,491.162,0.180652
431,1,490.296,0.181306
430.5,1,489.43,0.181934
430,1,488.564,0.182153
429.5,1,487.698,0.18234
429,1,486.832,0.182328
428.5,1,485.966,0.182239
428,1,485.1,0.182206
427.5,1,484.234,0.182227
427,1,483.368,0.182196
426.5,1,482.502,0.182152
426,1,481.636,0.182136
425.5,1,480.77,0.182147
425,1,479.904,0.182185
424.5,1,479.038,0.182251
424,1,478.172,0.182652
423.5,1,477.306,0.183454
423,1,476.44,0.184324
422.5,1,475.574,0.185342
422,1,474.708,0.186508
421.5,1,473.842,0.187822
421,1,472.976,0.189343
420.5,1,472.11,0.191626
420,1,471.244,0.193943
419.5,1,470.378,0.196293
419,1,469.512,0.198676
418.5,1,468.645,0.201093
418,1,467.779,0.20259
417.5,1,466.913,0.203835
417,1,466.047,0.205141
416.5,1,465.181,0.206481
416,1,464.315,0.207853
415.5,1,463.449,0.209259
415,1,462.583,0.210698
414.5,1,461.717,0.211708
414,1,460.851,0.212266
413.5,1,459.985,0.21296
413,1,459.119,0.21379
412.5,1,458.253,0.21443
412,1,457.387,0.215164
411.5,1,456.521,0.215863
411,1,455.655,0.215325
410.5,1,454.789,0.214932
410,1,453.923,0.214686
409.5,1,453.057,0.214586
409,1,452.191,0.214632
408.5,1,451.325,0.214824
408,1,450.459,0.213247
407.5,1,449.593,0.211295
407,1,448.727,0.20848
406.5,1,447.861,0.205382
406,1,446.995,0.202151
405.5,1,446.129,0.198788
405,1,445.263,0.195167
404.5,1,444.397,0.191469
404,1,443.531,0.187874
403.5,1,442.665,0.184382
403,1,441.799,0.180992
402.5,1,440.933,0.177706
402,1,440.067,0.174937
401.5,1,439.201,0.174076
401,1,438.335,0.173349
400.5,1,437.469,0.172749
400,1,436.603,0.172277
399.5,1,435.737,0.171932
399,1,434.87,0.171714
398.5,1,434.004,0.172177
398,1,433.138,0.172857
397.5,1,432.272,0.173679
397,1,431.406,0.174641
396.5,1,430.54,0.175745
396,1,429.674,0.177109
395.5,1,428.808,0.178455
395,1,427.942,0.179779
394.5,1,427.076,0.181167
394,1,426.21,0.182619
393.5,1,425.344,0.184135
393,1,424.478,0.185716
392.5,1,423.612,0.187651
392,1,422.746,0.190382
391.5,1,421.88,0.192948
391,1,421.014,0.195349
390.5,1,420.148,0.197498
390,1,419.282,0.199388
389.5,1,418.416,0.201019
389,1,417.55,0.203882
388.5,1,416.684,0.206332
388,1,415.818,0.208257
387.5,1,414.952,0.209658
387,1,414.086,0.210533
386.5,1,413.22,0.210883
386,1,412.354,0.208788
385.5,1,411.488,0.205694
385,1,410.622,0.203105
384.5,1,409.756,0.200623
384,1,408.89,0.198249
383.5,1,408.024,0.195982
383,1,407.158,0.193484
382.5,1,406.292,0.190411
382,1,405.426,0.187582
381.5,1,404.56,0.184998
381,1,403.694,0.182658
380.5,1,402.828,0.180563
380,1,401.962,0.178734
379.5,1,401.095,0.178486
379,1,400.229,0.178578
378.5,1,399.363,0.178998
378,1,398.497,0.179746
377.5,1,397.631,0.180823
377,1,396.765,0.182227
376.5,1,395.899,0.183659
376,1,395.033,0.184993
375.5,1,394.167,0.18632
375,1,393.301,0.187638
374.5,1,392.435,0.1888
374,1,391.569,0.189433
373.5,1,390.703,0.189523
373,1,389.837,0.188683
372.5,1,388.971,0.187901
372,1,388.105,0.187176
371.5,1,387.239,0.186509
371,1,386.373,0.1859
370.5,1,385.507,0.185183
370,1,384.641,0.180981
369.5,1,383.775,0.176598
369,1,382.909,0.172107
368.5,1,382.043,0.167854
368,1,381.177,0.163788
367.5,1,380.311,0.15991
367,1,379.445,0.157531
366.5,1,378.579,0.155865
366,1,377.713,0.154436
365.5,1,376.847,0.153243
365,1,375.981,0.152287
364.5,1,375.115,0.151567
364,1,374.249,0.15347
363.5,1,373.383,0.160025
363,1,372.517,0.168575
362.5,1,371.651,0.177557
362,1,370.785,0.186974
361.5,1,369.919,0.196824
361,1,369.053,0.20675
360.5,1,368.187,0.213703
360,1,367.321,0.220636
359.5,1,366.454,0.227549
359,1,365.588,0.234442
358.5,1,364.722,0.241315
358,1,363.856,0.246948
357.5,1,362.99,0.249084
357,1,362.124,0.251907
356.5,1,361.258,0.256056
356,1,360.392,0.261531
355.5,1,359.526,0.268332
355,1,358.66,0.276459
354.5,1,357.794,0.286162
354,1,356.928,0.299156
353.5,1,356.062,0.315766
353,1,355.196,0.335994
352.5,1,354.33,0.348942
352,1,353.464,0.34822
351.5,1,352.598,0.338686
351,1,351.732,0.301252
350.5,1,350.866,0.270609
350,1,350,0.246757
349.5,1,349.134,0.229696
349,1,348.268,0.219427
348.5,1,347.402,0.215949
348,1,346.536,0.2294
347.5,1,345.67,0.244336
347,1,344.804,0.255239
346.5,1,343.938,0.262761
346,1,343.072,0.269648
345.5,1,342.206,0.275899
345,1,341.34,0.280152
344.5,1,340.474,0.283319
344,1,339.608,0.286859
343.5,1,338.742,0.29077
343,1,337.876,0.295053
342.5,1,337.01,0.299708
342,1,336.144,0.304145
341.5,1,335.278,0.30555
341,1,334.412,0.306397
340.5,1,333.546,0.307603
340,1,332.679,0.30917
339.5,1,331.813,0.311098
339,1,330.947,0.313385
338.5,1,330.081,0.313108
338,1,329.215,0.31315
337.5,1,328.349,0.313859
337,1,327.483,0.315235
336.5,1,326.617,0.317278
336,1,325.751,0.318484
335.5,1,324.885,0.315688
335,1,324.019,0.311133
334.5,1,323.153,0.307439
334,1,322.287,0.304606
333.5,1,321.421,0.302633
333,1,320.555,0.301521
332.5,1,319.689,0.298753
332,1,318.823,0.289988
331.5,1,317.957,0.282065
331,1,317.091,0.274984
330.5,1,316.225,0.267531
330,1,315.359,0.260616
329.5,1,314.493,0.254743
329,1,313.627,0.242123
328.5,1,312.761,0.228796
328,1,311.895,0.215103
327.5,1,311.029,0.201045
327,1,310.163,0.186623
326.5,1,309.297,0.171835
326,1,308.431,0.162853
325.5,1,307.565,0.156406
325,1,306.699,0.149813
324.5,1,305.833,0.142215
324,1,304.967,0.13333
323.5,1,304.101,0.123156
323,1,303.235,0.115149
322.5,1,302.369,0.113673
322,1,301.503,0.111856
321.5,1,300.637,0.109698
321,1,299.771,0.107199
320.5,1,298.905,0.10436
320,1,298.038,0.101207
319.5,1,297.172,0.100784
319,1,296.306,0.100311
318.5,1,295.44,0.0997717
318,1,294.574,0.0991673
317.5,1,293.708,0.0984974
317,1,292.842,0.0977622
316.5,1,291.976,0.0975647
316,1,291.11,0.0976019
315.5,1,290.244,0.0976152
315,1,289.378,0.0976048
314.5,1,288.512,0.0975705
314,1,287.646,0.0975404
313.5,1,286.78,0.0976986
313,1,285.914,0.0981707
312.5,1,285.048,0.0986458
312,1,284.182,0.0991238
311.5,1,283.316,0.0996048
311,1,282.45,0.100089
310.5,1,281.584,0.100565
310,1,280.718,0.100896
309.5,1,279.852,0.10123
309,1,278.986,0.101567
308.5,1,278.12,0.101917
308,1,277.254,0.102266
307.5,1,276.388,0.102614
307,1,275.522,0.102877
306.5,1,274.656,0.103112
306,1,273.79,0.103348
305.5,1,272.924,0.103586
305,1,272.058,0.103824
304.5,1,271.192,0.104064
304,1,270.326,0.104283
303.5,1,269.46,0.104474
303,1,268.594,0.104684
302.5,1,267.728,0.104893
302,1,266.862,0.105102
301.5,1,265.996,0.105311
301,1,265.13,0.105515
300.5,1,264.263,0.105684
300,1,263.397,0.105853
299.5,1,262.531,0.106021
299,1,261.665,0.106189
298.5,1,260.799,0.106357
298,1,259.933,0.106524
297.5,1,259.067,0.106668
297,1,258.201,0.106804
296.5,1,257.335,0.10694
296,1,256.469,0.107075
295.5,1,255.603,0.10721
295,1,254.737,0.107344
294.5,1,253.871,0.107464
294,1,253.005,0.10757
293.5,1,252.139,0.107676
293,1,251.273,0.107781
292.5,1,250.407,0.107887
292,1,249.541,0.107993
291.5,1,248.675,0.108096
291,1,247.809,0.108182
290.5,1,246.943,0.108267
290,1,246.077,0.108352
289.5,1,245.211,0.108436
289,1,244.345,0.10852
288.5,1,243.479,0.108602
288,1,242.613,0.108671
287.5,1,241.747,0.108736
287,1,240.881,0.108801
286.5,1,240.015,0.108867
286,1,239.149,0.108932
285.5,1,238.283,0.108996
285,1,237.417,0.109053
284.5,1,236.551,0.109105
284,1,235.685,0.109155
283.5,1,234.819,0.109206
283,1,233.953,0.109255
282.5,1,233.087,0.109304
282,1,232.221,0.109351
281.5,1,231.355,0.109388
281,1,230.488,0.109426
280.5,1,229.622,0.109463
280,1,228.756,0.109499
279.5,1,227.89,0.109536
279,1,227.024,0.109571
278.5,1,226.158,0.1096
278,1,225.292,0.109628
277.5,1,224.426,0.109655
277,1,223.56,0.109683
276.5,1,222.694,0.109709
276,1,221.828,0.109736
275.5,1,220.962,0.109758
275,1,220.096,0.109777
274.5,1,219.23,0.109796
274,1,218.364,0.109815
273.5,1,217.498,0.109833
273,1,216.632,0.109851
272.5,1,215.766,0.109867
272,1,214.9,0.109881
271.5,1,214.034,0.109894
271,1,213.168,0.109907
270.5,1,212.302,0.109919
270,1,211.436,0.109932
269.5,1,210.57,0.109944
269,1,209.704,0.109952
268.5,1,208.838,0.10996
268,1,207.972,0.109967
267.5,1,207.106,0.109974
267,1,206.24,0.109981
266.5,1,205.374,0.109988
266,1,204.508,0.109993
265.5,1,203.642,0.109998
265,1,202.776,0.110002
264.5,1,201.91,0.110006
264,1,201.044,0.11001
263.5,1,200.178,0.110014
263,1,199.312,0.110017
262.5,1,198.446,0.110018
262,1,197.58,0.110019
261.5,1,196.714,0.110019
261,1,195.847,0.11002
260.5,1,194.981,0.110021
260,1,194.115,0.110021
259.5,1,193.249,0.11002
259,1,192.383,0.110019
258.5,1,191.517,0.110019
258,1,190.651,0.110018
257.5,1,189.785,0.110017
257,1,188.919,0.110016
256.5,1,188.053,0.110014
256,1,187.187,0.110011
255.5,1,186.321,0.110008
255,1,185.455,0.110005
254.5,1,184.589,0.110002
254,1,183.723,0.109999
253.5,1,182.857,0.109996
253,1,181.991,0.109993
252.5,1,181.125,0.109989
252,1,180.259,0.109986
251.5,1,179.393,0.109982
251,1,178.527,0.109979
250.5,1,177.661,0.109975
250,1,176.795,0.10997
249.5,1,175.929,0.109966
249,1,175.063,0.109961
248.5,1,174.197,0.109956
248,1,173.331,0.109952
247.5,1,172.465,0.109947
247,1,171.599,0.109943
246.5,1,170.733,0.109938
246,1,169.867,0.109933
245.5,1,169.001,0.109928
245,1,168.135,0.109923
244.5,1,167.269,0.109919
244,1,166.403,0.109914
243.5,1,165.537,0.109908
243,1,164.671,0.109903
242.5,1,163.805,0.109897
242,1,162.939,0.109892
241.5,1,162.072,0.109887
241,1,161.206,0.109881
240.5,1,160.34,0.109876
240,1,159.474,0.109871
239.5,1,158.608,0.109865
239,1,157.742,0.10986
238.5,1,156.876,0.109855
238,1,156.01,0.10985
237.5,1,155.144,0.109844
237,1,154.278,0.109839
236.5,1,153.412,0.109833
236,1,152.546,0.109828
235.5,1,151.68,0.109822
235,1,150.814,0.109817
234.5,1,149.948,0.109812
234,1,149.082,0.109806
233.5,1,148.216,0.109801
233,1,147.35,0.109795
232.5,1,146.484,0.10979
232,1,145.618,0.109785
231.5,1,144.752,0.10978
231,1,143.886,0.109775
230.5,1,143.02,0.109769
230,1,142.154,0.109764
229.5,1,141.288,0.109759
229,1,140.422,0.109754
228.5,1,139.556,0.109748
228,1,138.69,0.109743
227.5,1,137.824,0.109738
227,1,136.958,0.109733
226.5,1,136.092,0.109728
226,1,135.226,0.109722
225.5,1,134.36,0.109717
225,1,133.494,0.109712
224.5,1,132.628,0.109707
224,1,131.762,0.109702
223.5,1,130.896,0.109697
223,1,130.03,0.109692
222.5,1,129.164,0.109687
222,1,128.297,0.109682
221.5,1,127.431,0.109677
221,1,126.565,0.109672
220.5,1,125.699,0.109667
220,1,124.833,0.109662
219.5,1,123.967,0.109657
219,1,123.101,0.109652
218.5,1,122.235,0.109648
218,1,121.369,0.109643
217.5,1,120.503,0.109638
217,1,119.637,0.109634
216.5,1,118.771,0.109629
216,1,117.905,0.109624
215.5,1,117.039,0.10962
215,1,116.173,0.109615
214.5,1,115.307,0.10961
214,1,114.441,0.109605
213.5,1,113.575,0.109601
213,1,112.709,0.109596
212.5,1,111.843,0.109591
212,1,110.977,0.109587
211.5,1,110.111,0.109582
211,1,109.245,0.109578
210.5,1,108.379,0.109573
210,1,107.513,0.109569
209.5,1,106.647,0.109565
209,1,105.781,0.10956
208.5,1,104.915,0.109555
208,1,104.049,0.10955
207.5,1,103.183,0.109546
207,1,102.317,0.109541
206.5,1,101.451,0.109537
206,1,100.585,0.109532
205.5,1,99.7187,0.109529
205,1,98.8526,0.109525
204.5,1,97.9866,0.109521
204,1,97.1206,0.109517
203.5,1,96.2546,0.109513
203,1,95.3885,0.109509
202.5,1,94.5225,0.109504
202,1,93.6565,0.109499
201.5,1,92.7905,0.109494
201,1,91.9244,0.10949
200.5,1,91.0584,0.109485
200,1,90.1924,0.10948
