x,y,z,b
500,1,609.808,0.107563
499.5,1,608.942,0.10753
499,1,608.076,0.107496
498.5,1,607.21,0.107462
498,1,606.344,0.107428
497.5,1,605.477,0.107394
497,1,604.611,0.107359
496.5,1,603.745,0.107322
496,1,602.879,0.107283
495.5,1,602.013,0.107244
495,1,601.147,0.107205
494.5,1,600.281,0.107165
494,1,599.415,0.107125
493.5,1,598.549,0.107083
493,1,597.683,0.107039
492.5,1,596.817,0.106994
492,1,595.951,0.106949
491.5,1,595.085,0.106903
491,1,594.219,0.106857
490.5,1,593.353,0.106811
490,1,592.487,0.10676
489.5,1,591.621,0.106708
489,1,590.755,0.106656
488.5,1,589.889,0.106604
488,1,589.023,0.106551
487.5,1,588.157,0.106497
487,1,587.291,0.106441
486.5,1,586.425,0.106382
486,1,585.559,0.106324
485.5,1,584.693,0.106264
485,1,583.827,0.106205
484.5,1,582.961,0.106144
484,1,582.095,0.106081
483.5,1,581.229,0.106015
483,1,580.363,0.105947
482.5,1,579.497,0.105879
482,1,578.631,0.10581
481.5,1,577.765,0.105741
481,1,576.899,0.10567
480.5,1,576.033,0.105594
480,1,575.167,0.105518
479.5,1,574.301,0.105441
479,1,573.435,0.105363
478.5,1,572.569,0.105284
478,1,571.703,0.105204
477.5,1,570.836,0.105119
477,1,569.97,0.105033
476.5,1,569.104,0.104945
476,1,568.238,0.104857
475.5,1,567.372,0.104768
475,1,566.506,0.104678
474.5,1,565.64,0.104585
474,1,564.774,0.10449
473.5,1,563.908,0.104394
473,1,563.042,0.104297
472.5,1,562.176,0.104198
472,1,561.31,0.104098
471.5,1,560.444,0.103997
471,1,559.578,0.103892
470.5,1,558.712,0.103786
470,1,557.846,0.103678
469.5,1,556.98,0.10357
469,1,556.114,0.10346
468.5,1,555.248,0.10335
468,1,554.382,0.103239
467.5,1,553.516,0.103127
467,1,552.65,0.103013
466.5,1,551.784,0.102898
466,1,550.918,0.102782
465.5,1,550.052,0.102666
465,1,549.186,0.102551
464.5,1,548.32,0.102439
464,1,547.454,0.102326
463.5,1,546.588,0.102212
463,1,545.722,0.102098
462.5,1,544.856,0.101983
462,1,543.99,0.101871
461.5,1,543.124,0.101775
461,1,542.258,0.101681
460.5,1,541.392,0.101591
460,1,540.526,0.101503
459.5,1,539.66,0.101418
459,1,538.794,0.101336
458.5,1,537.928,0.101318
458,1,537.061,0.101319
457.5,1,536.195,0.101328
457,1,535.329,0.101346
456.5,1,534.463,0.101383
456,1,533.597,0.101456
455.5,1,532.731,0.1016
455,1,531.865,0.10181
454.5,1,530.999,0.10204
454,1,530.133,0.102291
453.5,1,529.267,0.102563
453,1,528.401,0.102855
452.5,1,527.535,0.103208
452,1,526.669,0.103727
451.5,1,525.803,0.104283
451,1,524.937,0.104934
450.5,1,524.071,0.105749
450,1,523.205,0.106626
449.5,1,522.339,0.107565
449,1,521.473,0.108731
448.5,1,520.607,0.109972
448,1,519.741,0.111272
447.5,1,518.875,0.112632
447,1,518.009,0.11405
446.5,1,517.143,0.115527
446,1,516.277,0.117071
445.5,1,515.411,0.118714
445,1,514.545,0.120452
444.5,1,513.679,0.122199
444,1,512.813,0.123953
443.5,1,511.947,0.125717
443,1,511.081,0.127484
442.5,1,510.215,0.129252
442,1,509.349,0.131035
441.5,1,508.483,0.132834
441,1,507.617,0.134647
440.5,1,506.751,0.136476
440,1,505.885,0.138313
439.5,1,505.019,0.14018
439,1,504.153,0.14208
438.5,1,503.286,0.144011
438,1,502.42,0.145974
437.5,1,501.554,0.147969
437,1,500.688,0.149996
436.5,1,499.822,0.151971
436,1,498.956,0.153923
435.5,1,498.09,0.155893
435,1,497.224,0.157882
434.5,1,496.358,0.15984
434,1,495.492,0.161756
433.5,1,494.626,0.163615
433,1,493.76,0.165371
432.5,1,492.894,0.167127
432,1,492.028,0.168885
431.5,1,491.162,0.170644
431,1,490.296,0.172403
430.5,1,489.43,0.174152
430,1,488.564,0.175445
429.5,1,487.698,0.176706
429,1,486.832,0.177744
428.5,1,485.966,0.17865
428,1,485.1,0.179564
427.5,1,484.234,0.180487
427,1,483.368,0.181139
426.5,1,482.502,0.181643
426,1,481.636,0.182104
425.5,1,480.77,0.182522
425,1,479.904,0.182897
424.5,1,479.038,0.183229
424,1,478.172,0.183706
423.5,1,477.306,0.184451
423,1,476.44,0.185274
422.5,1,475.574,0.186198
422,1,474.708,0.187222
421.5,1,473.842,0.188346
421,1,472.976,0.189605
420.5,1,472.11,0.191345
420,1,471.244,0.193155
419.5,1,470.378,0.195037
419,1,469.512,0.196989
418.5,1,468.645,0.199012
418,1,467.779,0.200572
417.5,1,466.913,0.202523
417,1,466.047,0.204603
416.5,1,465.181,0.206642
416,1,464.315,0.20864
415.5,1,463.449,0.210597
415,1,462.583,0.212513
414.5,1,461.717,0.214119
414,1,460.851,0.215349
413.5,1,459.985,0.216522
413,1,459.119,0.21764
412.5,1,458.253,0.218391
412,1,457.387,0.219211
411.5,1,456.521,0.219965
411,1,455.655,0.219298
410.5,1,454.789,0.218699
410,1,453.923,0.218167
409.5,1,453.057,0.217703
409,1,452.191,0.217307
408.5,1,451.325,0.216979
408,1,450.459,0.21486
407.5,1,449.593,0.212367
407,1,448.727,0.20977
406.5,1,447.861,0.207145
406,1,446.995,0.204513
405.5,1,446.129,0.201874
405,1,445.263,0.199563
404.5,1,444.397,0.197476
404,1,443.531,0.195259
403.5,1,442.665,0.192911
403,1,441.799,0.190433
402.5,1,440.933,0.187825
402,1,440.067,0.185413
401.5,1,439.201,0.184095
401,1,438.335,0.182845
400.5,1,437.469,0.18169
400,1,436.603,0.180631
399.5,1,435.737,0.179667
399,1,434.87,0.178798
398.5,1,434.004,0.178679
398,1,433.138,0.178653
397.5,1,432.272,0.178625
397,1,431.406,0.178595
396.5,1,430.54,0.178562
396,1,429.674,0.178735
395.5,1,428.808,0.179294
395,1,427.942,0.180171
394.5,1,427.076,0.181116
394,1,426.21,0.182131
393.5,1,425.344,0.183216
393,1,424.478,0.184369
392.5,1,423.612,0.186077
392,1,422.746,0.189215
391.5,1,421.88,0.192269
391,1,421.014,0.195241
390.5,1,420.148,0.198217
390,1,419.282,0.201057
389.5,1,418.416,0.203761
389,1,417.55,0.208813
388.5,1,416.684,0.21336
388,1,415.818,0.21721
387.5,1,414.952,0.220364
387,1,414.086,0.222821
386.5,1,413.22,0.224581
386,1,412.354,0.222442
385.5,1,411.488,0.218628
385,1,410.622,0.215564
384.5,1,409.756,0.212728
384,1,408.89,0.210121
383.5,1,408.024,0.207742
383,1,407.158,0.205402
382.5,1,406.292,0.202768
382,1,405.426,0.200229
381.5,1,404.56,0.197785
381,1,403.694,0.195436
380.5,1,402.828,0.193181
380,1,401.962,0.190998
379.5,1,401.095,0.188909
379,1,400.229,0.187015
378.5,1,399.363,0.185315
378,1,398.497,0.18381
377.5,1,397.631,0.182499
377,1,396.765,0.181382
376.5,1,395.899,0.18054
376,1,395.033,0.179941
375.5,1,394.167,0.179549
375,1,393.301,0.179363
374.5,1,392.435,0.179321
374,1,391.569,0.179191
373.5,1,390.703,0.179043
373,1,389.837,0.178718
372.5,1,388.971,0.178394
372,1,388.105,0.178071
371.5,1,387.239,0.17775
371,1,386.373,0.17743
370.5,1,385.507,0.177013
370,1,384.641,0.174612
369.5,1,383.775,0.172311
369,1,382.909,0.170074
368.5,1,382.043,0.167914
368,1,381.177,0.165967
367.5,1,380.311,0.164233
367,1,379.445,0.162047
366.5,1,378.579,0.159864
366,1,377.713,0.157932
365.5,1,376.847,0.156253
365,1,375.981,0.154825
364.5,1,375.115,0.153648
364,1,374.249,0.154806
363.5,1,373.383,0.160091
363,1,372.517,0.167207
362.5,1,371.651,0.174931
362,1,370.785,0.183264
361.5,1,369.919,0.192206
361,1,369.053,0.201589
360.5,1,368.187,0.209774
360,1,367.321,0.217961
359.5,1,366.454,0.22615
359,1,365.588,0.23434
358.5,1,364.722,0.242532
358,1,363.856,0.249189
357.5,1,362.99,0.251966
357,1,362.124,0.255462
356.5,1,361.258,0.260273
356,1,360.392,0.266397
355.5,1,359.526,0.273836
355,1,358.66,0.282589
354.5,1,357.794,0.292557
354,1,356.928,0.305243
353.5,1,356.062,0.321304
353,1,355.196,0.340739
352.5,1,354.33,0.352233
352,1,353.464,0.349547
351.5,1,352.598,0.338076
351,1,351.732,0.298728
350.5,1,350.866,0.266325
350,1,350,0.240867
349.5,1,349.134,0.222353
349,1,348.268,0.210785
348.5,1,347.402,0.206161
348,1,346.536,0.216526
347.5,1,345.67,0.228562
347,1,344.804,0.238306
346.5,1,343.938,0.245853
346,1,343.072,0.252825
345.5,1,342.206,0.259223
345,1,341.34,0.262452
344.5,1,340.474,0.263823
344,1,339.608,0.265978
343.5,1,338.742,0.268916
343,1,337.876,0.272638
342.5,1,337.01,0.277144
342,1,336.144,0.281481
341.5,1,335.278,0.281255
341,1,334.412,0.280524
340.5,1,333.546,0.280474
340,1,332.679,0.281104
339.5,1,331.813,0.282414
339,1,330.947,0.284404
338.5,1,330.081,0.280893
338,1,329.215,0.277585
337.5,1,328.349,0.275189
337,1,327.483,0.273707
336.5,1,326.617,0.273138
336,1,325.751,0.271389
335.5,1,324.885,0.263637
335,1,324.019,0.252605
334.5,1,323.153,0.242344
334,1,322.287,0.232854
333.5,1,321.421,0.224135
333,1,320.555,0.216187
332.5,1,319.689,0.208604
332,1,318.823,0.199164
331.5,1,317.957,0.188093
331,1,317.091,0.175391
330.5,1,316.225,0.160923
330,1,315.359,0.145672
329.5,1,314.493,0.129839
329,1,313.627,0.126721
328.5,1,312.761,0.123645
328,1,311.895,0.119969
327.5,1,311.029,0.115695
327,1,310.163,0.110821
326.5,1,309.297,0.105349
326,1,308.431,0.102808
325.5,1,307.565,0.102107
325,1,306.699,0.101355
324.5,1,305.833,0.100555
324,1,304.967,0.0997093
323.5,1,304.101,0.0988166
323,1,303.235,0.0981825
322.5,1,302.369,0.0981622
322,1,301.503,0.0981331
321.5,1,300.637,0.0980952
321,1,299.771,0.0980484
320.5,1,298.905,0.0979929
320,1,298.038,0.0979332
319.5,1,297.172,0.0983856
319,1,296.306,0.0988483
318.5,1,295.44,0.099315
318,1,294.574,0.0997856
317.5,1,293.708,0.10026
317,1,292.842,0.100739
316.5,1,291.976,0.101106
316,1,291.11,0.101424
315.5,1,290.244,0.101745
315,1,289.378,0.102068
314.5,1,288.512,0.102393
314,1,287.646,0.102734
313.5,1,286.78,0.103037
313,1,285.914,0.103276
312.5,1,285.048,0.103515
312,1,284.182,0.103756
311.5,1,283.316,0.103998
311,1,282.45,0.104241
310.5,1,281.584,0.104482
310,1,280.718,0.104672
309.5,1,279.852,0.104863
309,1,278.986,0.105055
308.5,1,278.12,0.105261
308,1,277.254,0.105468
307.5,1,276.388,0.105675
307,1,275.522,0.105854
306.5,1,274.656,0.106022
306,1,273.79,0.106189
305.5,1,272.924,0.106356
305,1,272.058,0.106523
304.5,1,271.192,0.106689
304,1,270.326,0.10684
303.5,1,269.46,0.106971
303,1,268.594,0.10711
302.5,1,267.728,0.107248
302,1,266.862,0.107386
301.5,1,265.996,0.107523
301,1,265.13,0.107657
300.5,1,264.263,0.107768
300,1,263.397,0.107878
299.5,1,262.531,0.107988
299,1,261.665,0.108098
298.5,1,260.799,0.108207
298,1,259.933,0.108316
297.5,1,259.067,0.108409
297,1,258.201,0.108497
296.5,1,257.335,0.108585
296,1,256.469,0.108672
295.5,1,255.603,0.108758
295,1,254.737,0.108844
294.5,1,253.871,0.108921
294,1,253.005,0.108989
293.5,1,252.139,0.109056
293,1,251.273,0.109122
292.5,1,250.407,0.109188
292,1,249.541,0.109255
291.5,1,248.675,0.109318
291,1,247.809,0.109371
290.5,1,246.943,0.109423
290,1,246.077,0.109474
289.5,1,245.211,0.109525
289,1,244.345,0.109575
288.5,1,243.479,0.109625
288,1,242.613,0.109664
287.5,1,241.747,0.109701
287,1,240.881,0.109737
286.5,1,240.015,0.109774
286,1,239.149,0.10981
285.5,1,238.283,0.109846
285,1,237.417,0.109877
284.5,1,236.551,0.109904
284,1,235.685,0.10993
283.5,1,234.819,0.109957
283,1,233.953,0.109983
282.5,1,233.087,0.110008
282,1,232.221,0.110032
281.5,1,231.355,0.110049
281,1,230.488,0.110066
280.5,1,229.622,0.110083
280,1,228.756,0.110099
279.5,1,227.89,0.110115
279,1,227.024,0.110131
278.5,1,226.158,0.110143
278,1,225.292,0.110153
277.5,1,224.426,0.110164
277,1,223.56,0.110174
276.5,1,222.694,0.110184
276,1,221.828,0.110195
275.5,1,220.962,0.110201
275,1,220.096,0.110206
274.5,1,219.23,0.110211
274,1,218.364,0.110215
273.5,1,217.498,0.110219
273,1,216.632,0.110224
272.5,1,215.766,0.110227
272,1,214.9,0.110228
271.5,1,214.034,0.11023
271,1,213.168,0.110231
270.5,1,212.302,0.110232
270,1,211.436,0.110233
269.5,1,210.57,0.110235
269,1,209.704,0.110233
268.5,1,208.838,0.110231
268,1,207.972,0.110229
267.5,1,207.106,0.110226
267,1,206.24,0.110224
266.5,1,205.374,0.110222
266,1,204.508,0.110219
265.5,1,203.642,0.110215
265,1,202.776,0.110211
264.5,1,201.91,0.110208
264,1,201.044,0.110204
263.5,1,200.178,0.1102
263,1,199.312,0.110196
262.5,1,198.446,0.11019
262,1,197.58,0.110185
261.5,1,196.714,0.110179
261,1,195.847,0.110173
260.5,1,194.981,0.110168
260,1,194.115,0.110162
259.5,1,193.249,0.110156
259,1,192.383,0.11015
258.5,1,191.517,0.110144
258,1,190.651,0.110138
257.5,1,189.785,0.110132
257,1,188.919,0.110126
256.5,1,188.053,0.110119
256,1,187.187,0.110112
255.5,1,186.321,0.110105
255,1,185.455,0.110098
254.5,1,184.589,0.110091
254,1,183.723,0.110084
253.5,1,182.857,0.110077
253,1,181.991,0.11007
252.5,1,181.125,0.110063
252,1,180.259,0.110056
251.5,1,179.393,0.110049
251,1,178.527,0.110042
250.5,1,177.661,0.110035
250,1,176.795,0.110028
249.5,1,175.929,0.11002
249,1,175.063,0.110012
248.5,1,174.197,0.110005
248,1,173.331,0.109998
247.5,1,172.465,0.10999
247,1,171.599,0.109983
246.5,1,170.733,0.109976
246,1,169.867,0.109969
245.5,1,169.001,0.109962
245,1,168.135,0.109955
244.5,1,167.269,0.109948
244,1,166.403,0.109941
243.5,1,165.537,0.109934
243,1,164.671,0.109926
242.5,1,163.805,0.109919
242,1,162.939,0.109912
241.5,1,162.072,0.109905
241,1,161.206,0.109898
240.5,1,160.34,0.109891
240,1,159.474,0.109885
239.5,1,158.608,0.109878
239,1,157.742,0.109871
238.5,1,156.876,0.109864
238,1,156.01,0.109858
237.5,1,155.144,0.109851
237,1,154.278,0.109844
236.5,1,153.412,0.109838
236,1,152.546,0.109831
235.5,1,151.68,0.109825
235,1,150.814,0.109818
234.5,1,149.948,0.109812
234,1,149.082,0.109805
233.5,1,148.216,0.109799
233,1,147.35,0.109793
232.5,1,146.484,0.109786
232,1,145.618,0.10978
231.5,1,144.752,0.109774
231,1,143.886,0.109768
230.5,1,143.02,0.109762
230,1,142.154,0.109756
229.5,1,141.288,0.10975
229,1,140.422,0.109744
228.5,1,139.556,0.109738
228,1,138.69,0.109732
227.5,1,137.824,0.109726
227,1,136.958,0.109721
226.5,1,136.092,0.109715
226,1,135.226,0.109709
225.5,1,134.36,0.109703
225,1,133.494,0.109698
224.5,1,132.628,0.109692
224,1,131.762,0.109686
223.5,1,130.896,0.109681
223,1,130.03,0.109675
222.5,1,129.164,0.10967
222,1,128.297,0.109664
221.5,1,127.431,0.109659
221,1,126.565,0.109654
220.5,1,125.699,0.109648
220,1,124.833,0.109643
219.5,1,123.967,0.109638
219,1,123.101,0.109633
218.5,1,122.235,0.109628
218,1,121.369,0.109623
217.5,1,120.503,0.109618
217,1,119.637,0.109613
216.5,1,118.771,0.109608
216,1,117.905,0.109603
215.5,1,117.039,0.109599
215,1,116.173,0.109594
214.5,1,115.307,0.109589
214,1,114.441,0.109584
213.5,1,113.575,0.109579
213,1,112.709,0.109574
212.5,1,111.843,0.109569
212,1,110.977,0.109565
211.5,1,110.111,0.10956
211,1,109.245,0.109556
210.5,1,108.379,0.109551
210,1,107.513,0.109547
209.5,1,106.647,0.109543
209,1,105.781,0.109538
208.5,1,104.915,0.109533
208,1,104.049,0.109529
207.5,1,103.183,0.109524
207,1,102.317,0.10952
206.5,1,101.451,0.109515
206,1,100.585,0.109511
205.5,1,99.7187,0.109507
205,1,98.8526,0.109504
204.5,1,97.9866,0.1095
204,1,97.1206,0.109496
203.5,1,96.2546,0.109493
203,1,95.3885,0.109489
202.5,1,94.5225,0.109484
202,1,93.6565,0.10948
201.5,1,92.7905,0.109475
201,1,91.9244,0.10947
200.5,1,91.0584,0.109466
200,1,90.1924,0.109462
