x,y,z,b
500,1,609.808,0.111278
499.5,1,608.942,0.111412
499,1,608.076,0.111547
498.5,1,607.21,0.111685
498,1,606.344,0.111824
497.5,1,605.477,0.111965
497,1,604.611,0.112108
496.5,1,603.745,0.11226
496,1,602.879,0.112417
495.5,1,602.013,0.112576
495,1,601.147,0.112736
494.5,1,600.281,0.112899
494,1,599.415,0.113063
493.5,1,598.549,0.113227
493,1,597.683,0.11339
492.5,1,596.817,0.113553
492,1,595.951,0.113719
491.5,1,595.085,0.113886
491,1,594.219,0.114054
490.5,1,593.353,0.114224
490,1,592.487,0.114401
489.5,1,591.621,0.11458
489,1,590.755,0.114761
488.5,1,589.889,0.114944
488,1,589.023,0.115128
487.5,1,588.157,0.115314
487,1,587.291,0.11549
486.5,1,586.425,0.115663
486,1,585.559,0.115838
485.5,1,584.693,0.116014
485,1,583.827,0.116193
484.5,1,582.961,0.116373
484,1,582.095,0.116553
483.5,1,581.229,0.116731
483,1,580.363,0.116912
482.5,1,579.497,0.117096
482,1,578.631,0.117282
481.5,1,577.765,0.117472
481,1,576.899,0.117665
480.5,1,576.033,0.117859
480,1,575.167,0.118057
479.5,1,574.301,0.11826
479,1,573.435,0.118466
478.5,1,572.569,0.118677
478,1,571.703,0.118894
477.5,1,570.836,0.119135
477,1,569.97,0.11939
476.5,1,569.104,0.119651
476,1,568.238,0.11992
475.5,1,567.372,0.120195
475,1,566.506,0.120476
474.5,1,565.64,0.12078
474,1,564.774,0.121112
473.5,1,563.908,0.121453
473,1,563.042,0.121804
472.5,1,562.176,0.122167
472,1,561.31,0.122541
471.5,1,560.444,0.122934
471,1,559.578,0.123406
470.5,1,558.712,0.123894
470,1,557.846,0.124397
469.5,1,556.98,0.124915
469,1,556.114,0.125448
468.5,1,555.248,0.125996
468,1,554.382,0.126644
467.5,1,553.516,0.12733
467,1,552.65,0.128032
466.5,1,551.784,0.128753
466,1,550.918,0.129494
465.5,1,550.052,0.130254
465,1,549.186,0.131104
464.5,1,548.32,0.13205
464,1,547.454,0.133022
463.5,1,546.588,0.134018
463,1,545.722,0.135039
462.5,1,544.856,0.136084
462,1,543.99,0.137125
461.5,1,543.124,0.138062
461,1,542.258,0.139005
460.5,1,541.392,0.139953
460,1,540.526,0.140906
459.5,1,539.66,0.141864
459,1,538.794,0.142828
458.5,1,537.928,0.14341
458,1,537.061,0.143925
457.5,1,536.195,0.144436
457,1,535.329,0.144943
456.5,1,534.463,0.145414
456,1,533.597,0.145804
455.5,1,532.731,0.146136
455,1,531.865,0.146421
454.5,1,530.999,0.14671
454,1,530.133,0.147004
453.5,1,529.267,0.147302
453,1,528.401,0.147603
452.5,1,527.535,0.148019
452,1,526.669,0.148812
451.5,1,525.803,0.149616
451,1,524.937,0.150395
450.5,1,524.071,0.151108
450,1,523.205,0.151824
449.5,1,522.339,0.152543
449,1,521.473,0.153742
448.5,1,520.607,0.155005
448,1,519.741,0.15629
447.5,1,518.875,0.157596
447,1,518.009,0.158923
446.5,1,517.143,0.160272
446,1,516.277,0.161528
445.5,1,515.411,0.162589
445,1,514.545,0.163445
444.5,1,513.679,0.164283
444,1,512.813,0.165101
443.5,1,511.947,0.165901
443,1,511.081,0.166591
442.5,1,510.215,0.167031
442,1,509.349,0.167453
441.5,1,508.483,0.167855
441,1,507.617,0.168238
440.5,1,506.751,0.168602
440,1,505.885,0.16885
439.5,1,505.019,0.168946
439,1,504.153,0.169052
438.5,1,503.286,0.169168
438,1,502.42,0.169295
437.5,1,501.554,0.169433
437,1,500.688,0.169582
436.5,1,499.822,0.16977
436,1,498.956,0.169972
435.5,1,498.09,0.170172
435,1,497.224,0.170369
434.5,1,496.358,0.170531
434,1,495.492,0.170648
433.5,1,494.626,0.170687
433,1,493.76,0.170564
432.5,1,492.894,0.170386
432,1,492.028,0.170154
431.5,1,491.162,0.169866
431,1,490.296,0.169523
430.5,1,489.43,0.169121
430,1,488.564,0.168481
429.5,1,487.698,0.167737
429,1,486.832,0.167004
428.5,1,485.966,0.16631
428,1,485.1,0.165596
427.5,1,484.234,0.16486
427,1,483.368,0.164136
426.5,1,482.502,0.163383
426,1,481.636,0.162585
425.5,1,480.77,0.161743
425,1,479.904,0.160855
424.5,1,479.038,0.159923
424,1,478.172,0.158995
423.5,1,477.306,0.158283
423,1,476.44,0.157696
422.5,1,475.574,0.157144
422,1,474.708,0.156628
421.5,1,473.842,0.156148
421,1,472.976,0.155723
420.5,1,472.11,0.155554
420,1,471.244,0.155397
419.5,1,470.378,0.155253
419,1,469.512,0.15512
418.5,1,468.645,0.155
418,1,467.779,0.154932
417.5,1,466.913,0.15508
417,1,466.047,0.155311
416.5,1,465.181,0.155572
416,1,464.315,0.155864
415.5,1,463.449,0.156187
415,1,462.583,0.156541
414.5,1,461.717,0.156994
414,1,460.851,0.157546
413.5,1,459.985,0.158109
413,1,459.119,0.158683
412.5,1,458.253,0.159273
412,1,457.387,0.159884
411.5,1,456.521,0.160499
411,1,455.655,0.161051
410.5,1,454.789,0.16165
410,1,453.923,0.162297
409.5,1,453.057,0.162992
409,1,452.191,0.163735
408.5,1,451.325,0.164525
408,1,450.459,0.165406
407.5,1,449.593,0.166365
407,1,448.727,0.167492
406.5,1,447.861,0.168702
406,1,446.995,0.169976
405.5,1,446.129,0.171313
405,1,445.263,0.172434
404.5,1,444.397,0.17334
404,1,443.531,0.174303
403.5,1,442.665,0.175323
403,1,441.799,0.176399
402.5,1,440.933,0.177532
402,1,440.067,0.178708
401.5,1,439.201,0.179923
401,1,438.335,0.181179
400.5,1,437.469,0.182471
400,1,436.603,0.183799
399.5,1,435.737,0.185165
399,1,434.87,0.186566
398.5,1,434.004,0.186594
398,1,433.138,0.186464
397.5,1,432.272,0.18637
397,1,431.406,0.186311
396.5,1,430.54,0.186289
396,1,429.674,0.186304
395.5,1,428.808,0.18637
395,1,427.942,0.186314
394.5,1,427.076,0.186093
394,1,426.21,0.185707
393.5,1,425.344,0.185156
393,1,424.478,0.184441
392.5,1,423.612,0.18347
392,1,422.746,0.182148
391.5,1,421.88,0.180805
391,1,421.014,0.179441
390.5,1,420.148,0.178083
390,1,419.282,0.176719
389.5,1,418.416,0.17535
389,1,417.55,0.172202
388.5,1,416.684,0.168916
388,1,415.818,0.165615
387.5,1,414.952,0.162301
387,1,414.086,0.158973
386.5,1,413.22,0.15563
386,1,412.354,0.152955
385.5,1,411.488,0.15065
385,1,410.622,0.148312
384.5,1,409.756,0.145964
384,1,408.89,0.143607
383.5,1,408.024,0.14124
383,1,407.158,0.139496
382.5,1,406.292,0.139141
382,1,405.426,0.138715
381.5,1,404.56,0.138219
381,1,403.694,0.137653
380.5,1,402.828,0.137015
380,1,401.962,0.136327
379.5,1,401.095,0.136431
379,1,400.229,0.136444
378.5,1,399.363,0.136357
378,1,398.497,0.136172
377.5,1,397.631,0.135887
377,1,396.765,0.135504
376.5,1,395.899,0.135484
376,1,395.033,0.13574
375.5,1,394.167,0.13608
375,1,393.301,0.136504
374.5,1,392.435,0.137081
374,1,391.569,0.138039
373.5,1,390.703,0.139377
373,1,389.837,0.141285
372.5,1,388.971,0.143405
372,1,388.105,0.145735
371.5,1,387.239,0.148276
371,1,386.373,0.151027
370.5,1,385.507,0.153978
370,1,384.641,0.156872
369.5,1,383.775,0.159924
369,1,382.909,0.163198
368.5,1,382.043,0.166739
368,1,381.177,0.170346
367.5,1,380.311,0.17402
367,1,379.445,0.176806
366.5,1,378.579,0.179303
366,1,377.713,0.181863
365.5,1,376.847,0.184484
365,1,375.981,0.187167
364.5,1,375.115,0.189911
364,1,374.249,0.191552
363.5,1,373.383,0.191555
363,1,372.517,0.191557
362.5,1,371.651,0.191666
362,1,370.785,0.19188
361.5,1,369.919,0.1922
361,1,369.053,0.192522
360.5,1,368.187,0.19226
360,1,367.321,0.192526
359.5,1,366.454,0.193319
359,1,365.588,0.19464
358.5,1,364.722,0.196488
358,1,363.856,0.19862
357.5,1,362.99,0.194239
357,1,362.124,0.188886
356.5,1,361.258,0.184416
356,1,360.392,0.180831
355.5,1,359.526,0.178128
355,1,358.66,0.17631
354.5,1,357.794,0.188533
354,1,356.928,0.217227
353.5,1,356.062,0.247996
353,1,355.196,0.280839
352.5,1,354.33,0.307939
352,1,353.464,0.323485
351.5,1,352.598,0.33097
351,1,351.732,0.317564
350.5,1,350.866,0.304952
350,1,350,0.293134
349.5,1,349.134,0.282111
349,1,348.268,0.271883
348.5,1,347.402,0.262449
348,1,346.536,0.25659
347.5,1,345.67,0.253238
347,1,344.804,0.255148
346.5,1,343.938,0.260004
346,1,343.072,0.264414
345.5,1,342.206,0.268376
345,1,341.34,0.269956
344.5,1,340.474,0.269588
344,1,339.608,0.269076
343.5,1,338.742,0.26842
343,1,337.876,0.26762
342.5,1,337.01,0.266676
342,1,336.144,0.265132
341.5,1,335.278,0.261053
341,1,334.412,0.256495
340.5,1,333.546,0.251982
340,1,332.679,0.247514
339.5,1,331.813,0.243091
339,1,330.947,0.238713
338.5,1,330.081,0.236451
338,1,329.215,0.234653
337.5,1,328.349,0.233093
337,1,327.483,0.231772
336.5,1,326.617,0.230688
336,1,325.751,0.229993
335.5,1,324.885,0.229801
335,1,324.019,0.22985
334.5,1,323.153,0.229946
334,1,322.287,0.230088
333.5,1,321.421,0.230277
333,1,320.555,0.230513
332.5,1,319.689,0.230645
332,1,318.823,0.230233
331.5,1,317.957,0.22959
331,1,317.091,0.228713
330.5,1,316.225,0.227816
330,1,315.359,0.226804
329.5,1,314.493,0.225599
329,1,313.627,0.227769
328.5,1,312.761,0.23014
328,1,311.895,0.232546
327.5,1,311.029,0.234986
327,1,310.163,0.23746
326.5,1,309.297,0.23997
326,1,308.431,0.242775
325.5,1,307.565,0.244633
325,1,306.699,0.245032
324.5,1,305.833,0.244628
324,1,304.967,0.243524
323.5,1,304.101,0.241721
323,1,303.235,0.237672
322.5,1,302.369,0.230728
322,1,301.503,0.224633
321.5,1,300.637,0.219386
321,1,299.771,0.214987
320.5,1,298.905,0.211437
320,1,298.038,0.208746
319.5,1,297.172,0.208921
319,1,296.306,0.209288
318.5,1,295.44,0.209608
318,1,294.574,0.209881
317.5,1,293.708,0.210109
317,1,292.842,0.210289
316.5,1,291.976,0.209493
316,1,291.11,0.208104
315.5,1,290.244,0.206506
315,1,289.378,0.204699
314.5,1,288.512,0.202683
314,1,287.646,0.201413
313.5,1,286.78,0.200096
313,1,285.914,0.198495
312.5,1,285.048,0.197137
312,1,284.182,0.196023
311.5,1,283.316,0.195152
311,1,282.45,0.194525
310.5,1,281.584,0.194166
310,1,280.718,0.194315
309.5,1,279.852,0.194559
309,1,278.986,0.194897
308.5,1,278.12,0.194338
308,1,277.254,0.19383
307.5,1,276.388,0.193407
307,1,275.522,0.193355
306.5,1,274.656,0.193421
306,1,273.79,0.193501
305.5,1,272.924,0.193594
305,1,272.058,0.193701
304.5,1,271.192,0.193822
304,1,270.326,0.194218
303.5,1,269.46,0.194905
303,1,268.594,0.195006
302.5,1,267.728,0.195065
302,1,266.862,0.195082
301.5,1,265.996,0.195058
301,1,265.13,0.195009
300.5,1,264.263,0.194939
300,1,263.397,0.194654
299.5,1,262.531,0.194155
299,1,261.665,0.193441
298.5,1,260.799,0.192514
298,1,259.933,0.191284
297.5,1,259.067,0.18938
297,1,258.201,0.187492
296.5,1,257.335,0.18555
296,1,256.469,0.183556
295.5,1,255.603,0.181508
295,1,254.737,0.179406
294.5,1,253.871,0.177107
294,1,253.005,0.174564
293.5,1,252.139,0.171912
293,1,251.273,0.169151
292.5,1,250.407,0.166267
292,1,249.541,0.16326
291.5,1,248.675,0.16019
291,1,247.809,0.15685
290.5,1,246.943,0.153552
290,1,246.077,0.150297
289.5,1,245.211,0.147084
289,1,244.345,0.143913
288.5,1,243.479,0.140784
288,1,242.613,0.13758
287.5,1,241.747,0.134445
287,1,240.881,0.131555
286.5,1,240.015,0.129278
286,1,239.149,0.127056
285.5,1,238.283,0.124887
285,1,237.417,0.122791
284.5,1,236.551,0.120777
284,1,235.685,0.118831
283.5,1,234.819,0.116953
283,1,233.953,0.115143
282.5,1,233.087,0.113401
282,1,232.221,0.11177
281.5,1,231.355,0.11042
281,1,230.488,0.109306
280.5,1,229.622,0.108229
280,1,228.756,0.10719
279.5,1,227.89,0.106188
279,1,227.024,0.105224
278.5,1,226.158,0.104503
278,1,225.292,0.103832
277.5,1,224.426,0.103193
277,1,223.56,0.102584
276.5,1,222.694,0.102006
276,1,221.828,0.10148
275.5,1,220.962,0.101131
275,1,220.096,0.100874
274.5,1,219.23,0.10063
274,1,218.364,0.1004
273.5,1,217.498,0.100182
273,1,216.632,0.0999774
272.5,1,215.766,0.0998223
272,1,214.9,0.0997672
271.5,1,214.034,0.09972
271,1,213.168,0.0996808
270.5,1,212.302,0.0996561
270,1,211.436,0.0996475
269.5,1,210.57,0.0996446
269,1,209.704,0.099728
268.5,1,208.838,0.0998178
268,1,207.972,0.0999119
267.5,1,207.106,0.10001
267,1,206.24,0.100113
266.5,1,205.374,0.100219
266,1,204.508,0.100353
265.5,1,203.642,0.100499
265,1,202.776,0.100646
264.5,1,201.91,0.100796
264,1,201.044,0.100946
263.5,1,200.178,0.101096
263,1,199.312,0.101248
262.5,1,198.446,0.101405
262,1,197.58,0.101562
261.5,1,196.714,0.101718
261,1,195.847,0.101874
260.5,1,194.981,0.10203
260,1,194.115,0.102185
259.5,1,193.249,0.102339
259,1,192.383,0.102493
258.5,1,191.517,0.102646
258,1,190.651,0.102798
257.5,1,189.785,0.102949
257,1,188.919,0.1031
256.5,1,188.053,0.103244
256,1,187.187,0.103384
255.5,1,186.321,0.103523
255,1,185.455,0.103662
254.5,1,184.589,0.1038
254,1,183.723,0.103937
253.5,1,182.857,0.104069
253,1,181.991,0.104194
252.5,1,181.125,0.104319
252,1,180.259,0.104442
251.5,1,179.393,0.104565
251,1,178.527,0.104687
250.5,1,177.661,0.104806
250,1,176.795,0.104915
249.5,1,175.929,0.105023
249,1,175.063,0.105129
248.5,1,174.197,0.105236
248,1,173.331,0.105342
247.5,1,172.465,0.105446
247,1,171.599,0.105543
246.5,1,170.733,0.105637
246,1,169.867,0.105731
245.5,1,169.001,0.105823
245,1,168.135,0.105915
244.5,1,167.269,0.106006
244,1,166.403,0.106092
243.5,1,165.537,0.106172
243,1,164.671,0.106252
242.5,1,163.805,0.106331
242,1,162.939,0.106409
241.5,1,162.072,0.106487
241,1,161.206,0.106563
240.5,1,160.34,0.106632
240,1,159.474,0.106699
239.5,1,158.608,0.106767
239,1,157.742,0.106833
238.5,1,156.876,0.106899
238,1,156.01,0.106965
237.5,1,155.144,0.107024
237,1,154.278,0.107081
236.5,1,153.412,0.107138
236,1,152.546,0.107195
235.5,1,151.68,0.107251
235,1,150.814,0.107306
234.5,1,149.948,0.107359
234,1,149.082,0.107407
233.5,1,148.216,0.107456
233,1,147.35,0.107504
232.5,1,146.484,0.107552
232,1,145.618,0.107599
231.5,1,144.752,0.107645
231,1,143.886,0.107686
230.5,1,143.02,0.107726
230,1,142.154,0.107766
229.5,1,141.288,0.107806
229,1,140.422,0.107846
228.5,1,139.556,0.107885
228,1,138.69,0.10792
227.5,1,137.824,0.107955
227,1,136.958,0.107989
226.5,1,136.092,0.108023
226,1,135.226,0.108057
225.5,1,134.36,0.10809
225,1,133.494,0.108121
224.5,1,132.628,0.10815
224,1,131.762,0.108179
223.5,1,130.896,0.108207
223,1,130.03,0.108235
222.5,1,129.164,0.108263
222,1,128.297,0.108289
221.5,1,127.431,0.108314
221,1,126.565,0.108339
220.5,1,125.699,0.108363
220,1,124.833,0.108387
219.5,1,123.967,0.108411
219,1,123.101,0.108435
218.5,1,122.235,0.108456
218,1,121.369,0.108476
217.5,1,120.503,0.108496
217,1,119.637,0.108516
216.5,1,118.771,0.108535
216,1,117.905,0.108555
215.5,1,117.039,0.108573
215,1,116.173,0.10859
214.5,1,115.307,0.108608
214,1,114.441,0.108625
213.5,1,113.575,0.108641
213,1,112.709,0.108658
212.5,1,111.843,0.108674
212,1,110.977,0.108687
211.5,1,110.111,0.1087
211,1,109.245,0.108713
210.5,1,108.379,0.108727
210,1,107.513,0.108739
209.5,1,106.647,0.108752
209,1,105.781,0.108764
208.5,1,104.915,0.108776
208,1,104.049,0.108788
207.5,1,103.183,0.108799
207,1,102.317,0.108811
206.5,1,101.451,0.108822
206,1,100.585,0.108833
205.5,1,99.7187,0.108843
205,1,98.8526,0.108853
204.5,1,97.9866,0.108862
204,1,97.1206,0.108872
203.5,1,96.2546,0.108882
203,1,95.3885,0.10889
202.5,1,94.5225,0.108898
202,1,93.6565,0.108905
201.5,1,92.7905,0.108912
201,1,91.9244,0.108919
200.5,1,91.0584,0.108926
200,1,90.1924,0.108933
