x,y,z,b
500,1,609.808,0.111539
499.5,1,608.942,0.111551
499,1,608.076,0.111562
498.5,1,607.21,0.111576
498,1,606.344,0.111591
497.5,1,605.477,0.111607
497,1,604.611,0.111624
496.5,1,603.745,0.111664
496,1,602.879,0.111717
495.5,1,602.013,0.111773
495,1,601.147,0.11183
494.5,1,600.281,0.111889
494,1,599.415,0.11195
493.5,1,598.549,0.112024
493,1,597.683,0.112124
492.5,1,596.817,0.112226
492,1,595.951,0.112332
491.5,1,595.085,0.112441
491,1,594.219,0.112553
490.5,1,593.353,0.112669
490,1,592.487,0.112852
489.5,1,591.621,0.11304
489,1,590.755,0.11323
488.5,1,589.889,0.113424
488,1,589.023,0.113622
487.5,1,588.157,0.113823
487,1,587.291,0.114079
486.5,1,586.425,0.114363
486,1,585.559,0.114652
485.5,1,584.693,0.114947
485,1,583.827,0.115248
484.5,1,582.961,0.115555
484,1,582.095,0.115922
483.5,1,581.229,0.116378
483,1,580.363,0.116839
482.5,1,579.497,0.117307
482,1,578.631,0.11778
481.5,1,577.765,0.11826
481,1,576.899,0.118754
480.5,1,576.033,0.119365
480,1,575.167,0.119983
479.5,1,574.301,0.120606
479,1,573.435,0.121234
478.5,1,572.569,0.121867
478,1,571.703,0.122477
477.5,1,570.836,0.12316
477,1,569.97,0.123868
476.5,1,569.104,0.124579
476,1,568.238,0.125293
475.5,1,567.372,0.12601
475,1,566.506,0.12673
474.5,1,565.64,0.127494
474,1,564.774,0.128316
473.5,1,563.908,0.129143
473,1,563.042,0.129969
472.5,1,562.176,0.130748
472,1,561.31,0.131527
471.5,1,560.444,0.132321
471,1,559.578,0.133219
470.5,1,558.712,0.134117
470,1,557.846,0.135014
469.5,1,556.98,0.135911
469,1,556.114,0.136806
468.5,1,555.248,0.137701
468,1,554.382,0.138613
467.5,1,553.516,0.139515
467,1,552.65,0.140344
466.5,1,551.784,0.141166
466,1,550.918,0.141982
465.5,1,550.052,0.142792
465,1,549.186,0.143566
464.5,1,548.32,0.144306
464,1,547.454,0.145045
463.5,1,546.588,0.145784
463,1,545.722,0.146522
462.5,1,544.856,0.14726
462,1,543.99,0.147956
461.5,1,543.124,0.148484
461,1,542.258,0.149016
460.5,1,541.392,0.149555
460,1,540.526,0.150099
459.5,1,539.66,0.150648
459,1,538.794,0.151203
458.5,1,537.928,0.151752
458,1,537.061,0.152313
457.5,1,536.195,0.152888
457,1,535.329,0.153477
456.5,1,534.463,0.154048
456,1,533.597,0.154548
455.5,1,532.731,0.155064
455,1,531.865,0.155589
454.5,1,530.999,0.156113
454,1,530.133,0.156635
453.5,1,529.267,0.157155
453,1,528.401,0.157673
452.5,1,527.535,0.15817
452,1,526.669,0.158606
451.5,1,525.803,0.159049
451,1,524.937,0.159457
450.5,1,524.071,0.159784
450,1,523.205,0.160101
449.5,1,522.339,0.160409
449,1,521.473,0.160601
448.5,1,520.607,0.160776
448,1,519.741,0.160944
447.5,1,518.875,0.161106
447,1,518.009,0.161261
446.5,1,517.143,0.161409
446,1,516.277,0.16136
445.5,1,515.411,0.161186
445,1,514.545,0.16101
444.5,1,513.679,0.160865
444,1,512.813,0.160749
443.5,1,511.947,0.160662
443,1,511.081,0.160562
442.5,1,510.215,0.160383
442,1,509.349,0.160233
441.5,1,508.483,0.160112
441,1,507.617,0.16002
440.5,1,506.751,0.159958
440,1,505.885,0.159868
439.5,1,505.019,0.159687
439,1,504.153,0.159528
438.5,1,503.286,0.159391
438,1,502.42,0.159278
437.5,1,501.554,0.159188
437,1,500.688,0.159121
436.5,1,499.822,0.158981
436,1,498.956,0.15881
435.5,1,498.09,0.158658
435,1,497.224,0.158526
434.5,1,496.358,0.158345
434,1,495.492,0.158128
433.5,1,494.626,0.157894
433,1,493.76,0.157616
432.5,1,492.894,0.15739
432,1,492.028,0.157216
431.5,1,491.162,0.157094
431,1,490.296,0.157024
430.5,1,489.43,0.157005
430,1,488.564,0.156999
429.5,1,487.698,0.157034
429,1,486.832,0.157032
428.5,1,485.966,0.157016
428,1,485.1,0.157036
427.5,1,484.234,0.157093
427,1,483.368,0.157269
426.5,1,482.502,0.157529
426,1,481.636,0.157842
425.5,1,480.77,0.158208
425,1,479.904,0.158628
424.5,1,479.038,0.1591
424,1,478.172,0.159635
423.5,1,477.306,0.16026
423,1,476.44,0.160937
422.5,1,475.574,0.16165
422,1,474.708,0.162397
421.5,1,473.842,0.16318
421,1,472.976,0.163991
420.5,1,472.11,0.164777
420,1,471.244,0.165607
419.5,1,470.378,0.16648
419,1,469.512,0.167398
418.5,1,468.645,0.168359
418,1,467.779,0.169459
417.5,1,466.913,0.170479
417,1,466.047,0.171485
416.5,1,465.181,0.172519
416,1,464.315,0.173582
415.5,1,463.449,0.174673
415,1,462.583,0.175792
414.5,1,461.717,0.176653
414,1,460.851,0.177192
413.5,1,459.985,0.177755
413,1,459.119,0.178342
412.5,1,458.253,0.178762
412,1,457.387,0.179146
411.5,1,456.521,0.179514
411,1,455.655,0.179705
410.5,1,454.789,0.179906
410,1,453.923,0.180118
409.5,1,453.057,0.180339
409,1,452.191,0.18057
408.5,1,451.325,0.180811
408,1,450.459,0.181171
407.5,1,449.593,0.181571
407,1,448.727,0.181796
406.5,1,447.861,0.182
406,1,446.995,0.18222
405.5,1,446.129,0.182454
405,1,445.263,0.182537
404.5,1,444.397,0.182489
404,1,443.531,0.182478
403.5,1,442.665,0.182506
403,1,441.799,0.182571
402.5,1,440.933,0.182673
402,1,440.067,0.182723
401.5,1,439.201,0.182295
401,1,438.335,0.181886
400.5,1,437.469,0.18151
400,1,436.603,0.181166
399.5,1,435.737,0.180855
399,1,434.87,0.180577
398.5,1,434.004,0.17885
398,1,433.138,0.17692
397.5,1,432.272,0.174987
397,1,431.406,0.173051
396.5,1,430.54,0.171113
396,1,429.674,0.169185
395.5,1,428.808,0.166827
395,1,427.942,0.164069
394.5,1,427.076,0.161246
394,1,426.21,0.158358
393.5,1,425.344,0.155404
393,1,424.478,0.152384
392.5,1,423.612,0.149737
392,1,422.746,0.148366
391.5,1,421.88,0.146962
391,1,421.014,0.145525
390.5,1,420.148,0.1441
390,1,419.282,0.142642
389.5,1,418.416,0.141149
389,1,417.55,0.141325
388.5,1,416.684,0.141549
388,1,415.818,0.1417
387.5,1,414.952,0.14178
387,1,414.086,0.141787
386.5,1,413.22,0.141722
386,1,412.354,0.142464
385.5,1,411.488,0.143745
385,1,410.622,0.144989
384.5,1,409.756,0.146244
384,1,408.89,0.14751
383.5,1,408.024,0.148787
383,1,407.158,0.149688
382.5,1,406.292,0.14973
382,1,405.426,0.1498
381.5,1,404.56,0.149897
381,1,403.694,0.150022
380.5,1,402.828,0.150175
380,1,401.962,0.150338
379.5,1,401.095,0.149809
379,1,400.229,0.149308
378.5,1,399.363,0.148838
378,1,398.497,0.1484
377.5,1,397.631,0.147995
377,1,396.765,0.147622
376.5,1,395.899,0.147622
376,1,395.033,0.147861
375.5,1,394.167,0.148184
375,1,393.301,0.148592
374.5,1,392.435,0.149071
374,1,391.569,0.149594
373.5,1,390.703,0.150372
373,1,389.837,0.15147
372.5,1,388.971,0.152563
372,1,388.105,0.153653
371.5,1,387.239,0.154738
371,1,386.373,0.155819
370.5,1,385.507,0.156863
370,1,384.641,0.157211
369.5,1,383.775,0.157532
369,1,382.909,0.157944
368.5,1,382.043,0.158662
368,1,381.177,0.159395
367.5,1,380.311,0.160141
367,1,379.445,0.162631
366.5,1,378.579,0.16537
366,1,377.713,0.167658
365.5,1,376.847,0.169496
365,1,375.981,0.170884
364.5,1,375.115,0.171821
364,1,374.249,0.177134
363.5,1,373.383,0.188855
363,1,372.517,0.199776
362.5,1,371.651,0.209132
362,1,370.785,0.216923
361.5,1,369.919,0.22315
361,1,369.053,0.227922
360.5,1,368.187,0.233149
360,1,367.321,0.238697
359.5,1,366.454,0.244565
359,1,365.588,0.250754
358.5,1,364.722,0.257264
358,1,363.856,0.263866
357.5,1,362.99,0.26588
357,1,362.124,0.266428
356.5,1,361.258,0.266558
356,1,360.392,0.266267
355.5,1,359.526,0.265558
355,1,358.66,0.264429
354.5,1,357.794,0.269914
354,1,356.928,0.285216
353.5,1,356.062,0.303324
353,1,355.196,0.324238
352.5,1,354.33,0.341217
352,1,353.464,0.348026
351.5,1,352.598,0.345042
351,1,351.732,0.313428
350.5,1,350.866,0.284946
350,1,350,0.259596
349.5,1,349.134,0.237378
349,1,348.268,0.218291
348.5,1,347.402,0.202337
348,1,346.536,0.199057
347.5,1,345.67,0.200166
347,1,344.804,0.207386
346.5,1,343.938,0.217325
346,1,343.072,0.225947
345.5,1,342.206,0.23325
345,1,341.34,0.235094
344.5,1,340.474,0.232749
344,1,339.608,0.230175
343.5,1,338.742,0.227374
343,1,337.876,0.224345
342.5,1,337.01,0.221088
342,1,336.144,0.217551
341.5,1,335.278,0.213499
341,1,334.412,0.209384
340.5,1,333.546,0.205381
340,1,332.679,0.20149
339.5,1,331.813,0.197711
339,1,330.947,0.194043
338.5,1,330.081,0.192099
338,1,329.215,0.190432
337.5,1,328.349,0.188859
337,1,327.483,0.187381
336.5,1,326.617,0.185996
336,1,325.751,0.184771
335.5,1,324.885,0.184758
335,1,324.019,0.185587
334.5,1,323.153,0.186479
334,1,322.287,0.187434
333.5,1,321.421,0.188452
333,1,320.555,0.189533
332.5,1,319.689,0.190846
332,1,318.823,0.192631
331.5,1,317.957,0.194394
331,1,317.091,0.196138
330.5,1,316.225,0.19783
330,1,315.359,0.199464
329.5,1,314.493,0.201048
329,1,313.627,0.200969
328.5,1,312.761,0.200707
328,1,311.895,0.200339
327.5,1,311.029,0.199864
327,1,310.163,0.199284
326.5,1,309.297,0.198597
326,1,308.431,0.196682
325.5,1,307.565,0.194004
325,1,306.699,0.191322
324.5,1,305.833,0.188617
324,1,304.967,0.185863
323.5,1,304.101,0.18306
323,1,303.235,0.1807
322.5,1,302.369,0.179452
322,1,301.503,0.178358
321.5,1,300.637,0.17742
321,1,299.771,0.176636
320.5,1,298.905,0.176008
320,1,298.038,0.175538
319.5,1,297.172,0.175633
319,1,296.306,0.175853
318.5,1,295.44,0.176201
318,1,294.574,0.176677
317.5,1,293.708,0.177281
317,1,292.842,0.178012
316.5,1,291.976,0.178657
316,1,291.11,0.179283
315.5,1,290.244,0.179977
315,1,289.378,0.180738
314.5,1,288.512,0.181566
314,1,287.646,0.18245
313.5,1,286.78,0.18328
313,1,285.914,0.183937
312.5,1,285.048,0.184685
312,1,284.182,0.185524
311.5,1,283.316,0.186453
311,1,282.45,0.187472
310.5,1,281.584,0.188558
310,1,280.718,0.189359
309.5,1,279.852,0.190208
309,1,278.986,0.191103
308.5,1,278.12,0.191536
308,1,277.254,0.192017
307.5,1,276.388,0.192564
307,1,275.522,0.192795
306.5,1,274.656,0.193021
306,1,273.79,0.193377
305.5,1,272.924,0.193864
305,1,272.058,0.19448
304.5,1,271.192,0.195226
304,1,270.326,0.195843
303.5,1,269.46,0.196162
303,1,268.594,0.195896
302.5,1,267.728,0.195732
302,1,266.862,0.195669
301.5,1,265.996,0.195708
301,1,265.13,0.195816
300.5,1,264.263,0.195745
300,1,263.397,0.195695
299.5,1,262.531,0.195664
299,1,261.665,0.195653
298.5,1,260.799,0.195661
298,1,259.933,0.195577
297.5,1,259.067,0.194343
297,1,258.201,0.193096
296.5,1,257.335,0.191858
296,1,256.469,0.190629
295.5,1,255.603,0.189409
295,1,254.737,0.188198
294.5,1,253.871,0.186979
294,1,253.005,0.185732
293.5,1,252.139,0.184466
293,1,251.273,0.183181
292.5,1,250.407,0.181816
292,1,249.541,0.180115
291.5,1,248.675,0.178412
291,1,247.809,0.176679
290.5,1,246.943,0.174955
290,1,246.077,0.17324
289.5,1,245.211,0.171533
289,1,244.345,0.169835
288.5,1,243.479,0.168146
288,1,242.613,0.166423
287.5,1,241.747,0.164698
287,1,240.881,0.163044
286.5,1,240.015,0.161629
286,1,239.149,0.160211
285.5,1,238.283,0.158791
285,1,237.417,0.157344
284.5,1,236.551,0.15588
284,1,235.685,0.154417
283.5,1,234.819,0.152957
283,1,233.953,0.151499
282.5,1,233.087,0.150043
282,1,232.221,0.14858
281.5,1,231.355,0.147145
281,1,230.488,0.145849
280.5,1,229.622,0.144561
280,1,228.756,0.143279
279.5,1,227.89,0.142005
279,1,227.024,0.140737
278.5,1,226.158,0.139457
278,1,225.292,0.138187
277.5,1,224.426,0.136929
277,1,223.56,0.135684
276.5,1,222.694,0.134451
276,1,221.828,0.133291
275.5,1,220.962,0.132248
275,1,220.096,0.131209
274.5,1,219.23,0.130179
274,1,218.364,0.129158
273.5,1,217.498,0.128147
273,1,216.632,0.127145
272.5,1,215.766,0.12615
272,1,214.9,0.125164
271.5,1,214.034,0.12419
271,1,213.168,0.123229
270.5,1,212.302,0.12232
270,1,211.436,0.121479
269.5,1,210.57,0.120645
269,1,209.704,0.11984
268.5,1,208.838,0.119045
268,1,207.972,0.11826
267.5,1,207.106,0.117485
267,1,206.24,0.11672
266.5,1,205.374,0.115965
266,1,204.508,0.115243
265.5,1,203.642,0.114544
265,1,202.776,0.11388
264.5,1,201.91,0.113252
264,1,201.044,0.112632
263.5,1,200.178,0.112019
263,1,199.312,0.111432
262.5,1,198.446,0.110888
262,1,197.58,0.110352
261.5,1,196.714,0.109824
261,1,195.847,0.109305
260.5,1,194.981,0.108795
260,1,194.115,0.108295
259.5,1,193.249,0.107875
259,1,192.383,0.107474
258.5,1,191.517,0.10708
258,1,190.651,0.106694
257.5,1,189.785,0.106315
257,1,188.919,0.105943
256.5,1,188.053,0.105622
256,1,187.187,0.105327
255.5,1,186.321,0.105038
255,1,185.455,0.104757
254.5,1,184.589,0.104482
254,1,183.723,0.104221
253.5,1,182.857,0.103994
253,1,181.991,0.103808
252.5,1,181.125,0.103628
252,1,180.259,0.103454
251.5,1,179.393,0.103285
251,1,178.527,0.103121
250.5,1,177.661,0.102968
250,1,176.795,0.10287
249.5,1,175.929,0.102776
249,1,175.063,0.102687
248.5,1,174.197,0.102607
248,1,173.331,0.102533
247.5,1,172.465,0.102463
247,1,171.599,0.102427
246.5,1,170.733,0.102403
246,1,169.867,0.102382
245.5,1,169.001,0.102364
245,1,168.135,0.102349
244.5,1,167.269,0.102337
244,1,166.403,0.102341
243.5,1,165.537,0.102364
243,1,164.671,0.102392
242.5,1,163.805,0.102423
242,1,162.939,0.102456
241.5,1,162.072,0.102492
241,1,161.206,0.102532
240.5,1,160.34,0.102593
240,1,159.474,0.102654
239.5,1,158.608,0.102716
239,1,157.742,0.102779
238.5,1,156.876,0.102844
238,1,156.01,0.102909
237.5,1,155.144,0.102983
237,1,154.278,0.103059
236.5,1,153.412,0.103135
236,1,152.546,0.103211
235.5,1,151.68,0.103288
235,1,150.814,0.103365
234.5,1,149.948,0.103444
234,1,149.082,0.103524
233.5,1,148.216,0.103604
233,1,147.35,0.103684
232.5,1,146.484,0.103764
232,1,145.618,0.103845
231.5,1,144.752,0.103926
231,1,143.886,0.104007
230.5,1,143.02,0.104087
230,1,142.154,0.104168
229.5,1,141.288,0.104248
229,1,140.422,0.104328
228.5,1,139.556,0.104408
228,1,138.69,0.104486
227.5,1,137.824,0.104563
227,1,136.958,0.10464
226.5,1,136.092,0.104717
226,1,135.226,0.104794
225.5,1,134.36,0.10487
225,1,133.494,0.104944
224.5,1,132.628,0.105016
224,1,131.762,0.105088
223.5,1,130.896,0.105159
223,1,130.03,0.105229
222.5,1,129.164,0.1053
222,1,128.297,0.105368
221.5,1,127.431,0.105434
221,1,126.565,0.1055
220.5,1,125.699,0.105565
220,1,124.833,0.105629
219.5,1,123.967,0.105694
219,1,123.101,0.105757
218.5,1,122.235,0.105818
218,1,121.369,0.105878
217.5,1,120.503,0.105938
217,1,119.637,0.105998
216.5,1,118.771,0.106057
216,1,117.905,0.106116
215.5,1,117.039,0.106171
215,1,116.173,0.106225
214.5,1,115.307,0.106279
214,1,114.441,0.106332
213.5,1,113.575,0.106385
213,1,112.709,0.106437
212.5,1,111.843,0.106488
212,1,110.977,0.106534
211.5,1,110.111,0.10658
211,1,109.245,0.106625
210.5,1,108.379,0.10667
210,1,107.513,0.106715
209.5,1,106.647,0.10676
209,1,105.781,0.106801
208.5,1,104.915,0.106841
208,1,104.049,0.106882
207.5,1,103.183,0.106922
207,1,102.317,0.106962
206.5,1,101.451,0.107001
206,1,100.585,0.107041
205.5,1,99.7187,0.10708
205,1,98.8526,0.107118
204.5,1,97.9866,0.107156
204,1,97.1206,0.107194
203.5,1,96.2546,0.107232
203,1,95.3885,0.107268
202.5,1,94.5225,0.107301
202,1,93.6565,0.107333
201.5,1,92.7905,0.107366
201,1,91.9244,0.107398
200.5,1,91.0584,0.10743
200,1,90.1924,0.107461
