x,y,z,b
500,1,609.808,0.111933
499.5,1,608.942,0.111943
499,1,608.076,0.111954
498.5,1,607.21,0.111965
498,1,606.344,0.111978
497.5,1,605.477,0.111991
497,1,604.611,0.112006
496.5,1,603.745,0.112039
496,1,602.879,0.112083
495.5,1,602.013,0.112128
495,1,601.147,0.112175
494.5,1,600.281,0.112223
494,1,599.415,0.112273
493.5,1,598.549,0.112329
493,1,597.683,0.112397
492.5,1,596.817,0.112469
492,1,595.951,0.112543
491.5,1,595.085,0.112621
491,1,594.219,0.112701
490.5,1,593.353,0.112785
490,1,592.487,0.112931
489.5,1,591.621,0.11308
489,1,590.755,0.113231
488.5,1,589.889,0.113386
488,1,589.023,0.113545
487.5,1,588.157,0.113707
487,1,587.291,0.113915
486.5,1,586.425,0.114148
486,1,585.559,0.114386
485.5,1,584.693,0.114629
485,1,583.827,0.114878
484.5,1,582.961,0.115132
484,1,582.095,0.115434
483.5,1,581.229,0.11581
483,1,580.363,0.116193
482.5,1,579.497,0.116582
482,1,578.631,0.116979
481.5,1,577.765,0.117382
481,1,576.899,0.1178
480.5,1,576.033,0.118347
480,1,575.167,0.118902
479.5,1,574.301,0.119464
479,1,573.435,0.120033
478.5,1,572.569,0.120608
478,1,571.703,0.121168
477.5,1,570.836,0.121813
477,1,569.97,0.122491
476.5,1,569.104,0.123173
476,1,568.238,0.12386
475.5,1,567.372,0.124551
475,1,566.506,0.125247
474.5,1,565.64,0.125991
474,1,564.774,0.126798
473.5,1,563.908,0.127611
473,1,563.042,0.128425
472.5,1,562.176,0.129188
472,1,561.31,0.129952
471.5,1,560.444,0.130733
471,1,559.578,0.13163
470.5,1,558.712,0.132528
470,1,557.846,0.133427
469.5,1,556.98,0.134326
469,1,556.114,0.135225
468.5,1,555.248,0.136125
468,1,554.382,0.137064
467.5,1,553.516,0.138001
467,1,552.65,0.138875
466.5,1,551.784,0.139745
466,1,550.918,0.140611
465.5,1,550.052,0.141473
465,1,549.186,0.142308
464.5,1,548.32,0.143119
464,1,547.454,0.143929
463.5,1,546.588,0.144738
463,1,545.722,0.145548
462.5,1,544.856,0.146357
462,1,543.99,0.147118
461.5,1,543.124,0.147689
461,1,542.258,0.148266
460.5,1,541.392,0.148851
460,1,540.526,0.149443
459.5,1,539.66,0.150043
459,1,538.794,0.150649
458.5,1,537.928,0.15124
458,1,537.061,0.151842
457.5,1,536.195,0.15246
457,1,535.329,0.153094
456.5,1,534.463,0.15371
456,1,533.597,0.154249
455.5,1,532.731,0.154813
455,1,531.865,0.155396
454.5,1,530.999,0.155982
454,1,530.133,0.15657
453.5,1,529.267,0.15716
453,1,528.401,0.157754
452.5,1,527.535,0.158335
452,1,526.669,0.158877
451.5,1,525.803,0.159432
451,1,524.937,0.159946
450.5,1,524.071,0.160351
450,1,523.205,0.160745
449.5,1,522.339,0.161129
449,1,521.473,0.161364
448.5,1,520.607,0.161583
448,1,519.741,0.161801
447.5,1,518.875,0.162017
447,1,518.009,0.16223
446.5,1,517.143,0.162441
446,1,516.277,0.162442
445.5,1,515.411,0.162297
445,1,514.545,0.162137
444.5,1,513.679,0.162008
444,1,512.813,0.16191
443.5,1,511.947,0.161843
443,1,511.081,0.161757
442.5,1,510.215,0.161576
442,1,509.349,0.161424
441.5,1,508.483,0.1613
441,1,507.617,0.161204
440.5,1,506.751,0.161136
440,1,505.885,0.161044
439.5,1,505.019,0.160863
439,1,504.153,0.160704
438.5,1,503.286,0.16057
438,1,502.42,0.16046
437.5,1,501.554,0.160375
437,1,500.688,0.160314
436.5,1,499.822,0.160167
436,1,498.956,0.159979
435.5,1,498.09,0.159808
435,1,497.224,0.159654
434.5,1,496.358,0.159446
434,1,495.492,0.1592
433.5,1,494.626,0.158924
433,1,493.76,0.158578
432.5,1,492.894,0.158285
432,1,492.028,0.158045
431.5,1,491.162,0.15786
431,1,490.296,0.157728
430.5,1,489.43,0.157648
430,1,488.564,0.157586
429.5,1,487.698,0.157567
429,1,486.832,0.157485
428.5,1,485.966,0.157365
428,1,485.1,0.157279
427.5,1,484.234,0.157225
427,1,483.368,0.157288
426.5,1,482.502,0.15744
426,1,481.636,0.15765
425.5,1,480.77,0.157918
425,1,479.904,0.158245
424.5,1,479.038,0.158629
424,1,478.172,0.159087
423.5,1,477.306,0.159594
423,1,476.44,0.160128
422.5,1,475.574,0.160694
422,1,474.708,0.161294
421.5,1,473.842,0.161927
421,1,472.976,0.162594
420.5,1,472.11,0.163314
420,1,471.244,0.164081
419.5,1,470.378,0.164894
419,1,469.512,0.165753
418.5,1,468.645,0.166659
418,1,467.779,0.167729
417.5,1,466.913,0.168781
417,1,466.047,0.16984
416.5,1,465.181,0.170936
416,1,464.315,0.17207
415.5,1,463.449,0.173241
415,1,462.583,0.17445
414.5,1,461.717,0.175442
414,1,460.851,0.176167
413.5,1,459.985,0.176934
413,1,459.119,0.177741
412.5,1,458.253,0.178445
412,1,457.387,0.179129
411.5,1,456.521,0.179768
411,1,455.655,0.180032
410.5,1,454.789,0.180312
410,1,453.923,0.180607
409.5,1,453.057,0.180919
409,1,452.191,0.181246
408.5,1,451.325,0.18159
408,1,450.459,0.181999
407.5,1,449.593,0.182424
407,1,448.727,0.182655
406.5,1,447.861,0.182859
406,1,446.995,0.183074
405.5,1,446.129,0.1833
405,1,445.263,0.183393
404.5,1,444.397,0.183372
404,1,443.531,0.183384
403.5,1,442.665,0.183428
403,1,441.799,0.183505
402.5,1,440.933,0.183614
402,1,440.067,0.183688
401.5,1,439.201,0.183364
401,1,438.335,0.183058
400.5,1,437.469,0.182783
400,1,436.603,0.18254
399.5,1,435.737,0.182328
399,1,434.87,0.182147
398.5,1,434.004,0.180659
398,1,433.138,0.178993
397.5,1,432.272,0.177329
397,1,431.406,0.175669
396.5,1,430.54,0.174013
396,1,429.674,0.172353
395.5,1,428.808,0.17004
395,1,427.942,0.167153
394.5,1,427.076,0.1642
394,1,426.21,0.16118
393.5,1,425.344,0.158093
393,1,424.478,0.15494
392.5,1,423.612,0.152093
392,1,422.746,0.150325
391.5,1,421.88,0.148525
391,1,421.014,0.146693
390.5,1,420.148,0.144863
390,1,419.282,0.142997
389.5,1,418.416,0.141094
389,1,417.55,0.140937
388.5,1,416.684,0.14085
388,1,415.818,0.140706
387.5,1,414.952,0.140506
387,1,414.086,0.14025
386.5,1,413.22,0.139938
386,1,412.354,0.140696
385.5,1,411.488,0.142136
385,1,410.622,0.143516
384.5,1,409.756,0.144891
384,1,408.89,0.146263
383.5,1,408.024,0.147632
383,1,407.158,0.148649
382.5,1,406.292,0.148896
382,1,405.426,0.149174
381.5,1,404.56,0.149484
381,1,403.694,0.149826
380.5,1,402.828,0.1502
380,1,401.962,0.150586
379.5,1,401.095,0.150121
379,1,400.229,0.149676
378.5,1,399.363,0.149259
378,1,398.497,0.148871
377.5,1,397.631,0.14851
377,1,396.765,0.148178
376.5,1,395.899,0.148019
376,1,395.033,0.147997
375.5,1,394.167,0.148047
375,1,393.301,0.148171
374.5,1,392.435,0.148357
374,1,391.569,0.148585
373.5,1,390.703,0.149189
373,1,389.837,0.150388
372.5,1,388.971,0.151673
372,1,388.105,0.153044
371.5,1,387.239,0.154499
371,1,386.373,0.156039
370.5,1,385.507,0.157623
370,1,384.641,0.158366
369.5,1,383.775,0.159092
369,1,382.909,0.159905
368.5,1,382.043,0.161076
368,1,381.177,0.162401
367.5,1,380.311,0.163881
367,1,379.445,0.164666
366.5,1,378.579,0.165121
366,1,377.713,0.16553
365.5,1,376.847,0.165894
365,1,375.981,0.166213
364.5,1,375.115,0.166486
364,1,374.249,0.168575
363.5,1,373.383,0.173267
363,1,372.517,0.177941
362.5,1,371.651,0.182137
362,1,370.785,0.185856
361.5,1,369.919,0.189097
361,1,369.053,0.192828
360.5,1,368.187,0.204232
360,1,367.321,0.214433
359.5,1,366.454,0.223428
359,1,365.588,0.23122
358.5,1,364.722,0.237807
358,1,363.856,0.243681
357.5,1,362.99,0.248919
357,1,362.124,0.253316
356.5,1,361.258,0.256992
356,1,360.392,0.259945
355.5,1,359.526,0.262177
355,1,358.66,0.263687
354.5,1,357.794,0.270729
354,1,356.928,0.286545
353.5,1,356.062,0.305041
353,1,355.196,0.326217
352.5,1,354.33,0.343192
352,1,353.464,0.349832
351.5,1,352.598,0.346907
351,1,351.732,0.316526
350.5,1,350.866,0.289481
350,1,350,0.265772
349.5,1,349.134,0.2454
349,1,348.268,0.228365
348.5,1,347.402,0.214666
348,1,346.536,0.210942
347.5,1,345.67,0.210805
347,1,344.804,0.215646
346.5,1,343.938,0.222885
346,1,343.072,0.229437
345.5,1,342.206,0.235301
345,1,341.34,0.236686
344.5,1,340.474,0.234368
344,1,339.608,0.231852
343.5,1,338.742,0.22914
343,1,337.876,0.226231
342.5,1,337.01,0.223125
342,1,336.144,0.219701
341.5,1,335.278,0.215481
341,1,334.412,0.21117
340.5,1,333.546,0.206963
340,1,332.679,0.202862
339.5,1,331.813,0.198866
339,1,330.947,0.194974
338.5,1,330.081,0.192945
338,1,329.215,0.191203
337.5,1,328.349,0.18955
337,1,327.483,0.187986
336.5,1,326.617,0.18651
336,1,325.751,0.185237
335.5,1,324.885,0.185218
335,1,324.019,0.186057
334.5,1,323.153,0.186958
334,1,322.287,0.18792
333.5,1,321.421,0.188943
333,1,320.555,0.190027
332.5,1,319.689,0.191341
332,1,318.823,0.193114
331.5,1,317.957,0.194859
331,1,317.091,0.196578
330.5,1,316.225,0.198249
330,1,315.359,0.199856
329.5,1,314.493,0.201403
329,1,313.627,0.201588
328.5,1,312.761,0.201601
328,1,311.895,0.201502
327.5,1,311.029,0.201292
327,1,310.163,0.200971
326.5,1,309.297,0.200538
326,1,308.431,0.198908
325.5,1,307.565,0.196541
325,1,306.699,0.194109
324.5,1,305.833,0.191649
324,1,304.967,0.189153
323.5,1,304.101,0.18662
323,1,303.235,0.184407
322.5,1,302.369,0.183032
322,1,301.503,0.181813
321.5,1,300.637,0.18075
321,1,299.771,0.179844
320.5,1,298.905,0.179095
320,1,298.038,0.178505
319.5,1,297.172,0.178489
319,1,296.306,0.178601
318.5,1,295.44,0.178825
318,1,294.574,0.179161
317.5,1,293.708,0.179609
317,1,292.842,0.18017
316.5,1,291.976,0.180641
316,1,291.11,0.181077
315.5,1,290.244,0.181556
315,1,289.378,0.182078
314.5,1,288.512,0.182643
314,1,287.646,0.183424
313.5,1,286.78,0.184195
313,1,285.914,0.184837
312.5,1,285.048,0.185577
312,1,284.182,0.186416
311.5,1,283.316,0.187353
311,1,282.45,0.188388
310.5,1,281.584,0.189497
310,1,280.718,0.190294
309.5,1,279.852,0.191112
309,1,278.986,0.19195
308.5,1,278.12,0.192317
308,1,277.254,0.192735
307.5,1,276.388,0.193222
307,1,275.522,0.193437
306.5,1,274.656,0.19366
306,1,273.79,0.194009
305.5,1,272.924,0.194484
305,1,272.058,0.195086
304.5,1,271.192,0.195815
304,1,270.326,0.196398
303.5,1,269.46,0.196628
303,1,268.594,0.196302
302.5,1,267.728,0.196062
302,1,266.862,0.195909
301.5,1,265.996,0.195841
301,1,265.13,0.195843
300.5,1,264.263,0.195769
300,1,263.397,0.195713
299.5,1,262.531,0.195676
299,1,261.665,0.195657
298.5,1,260.799,0.195656
298,1,259.933,0.195565
297.5,1,259.067,0.194418
297,1,258.201,0.193275
296.5,1,257.335,0.192148
296,1,256.469,0.191037
295.5,1,255.603,0.18994
295,1,254.737,0.188859
294.5,1,253.871,0.187767
294,1,253.005,0.186634
293.5,1,252.139,0.185479
293,1,251.273,0.1843
292.5,1,250.407,0.182996
292,1,249.541,0.181128
291.5,1,248.675,0.179255
291,1,247.809,0.177337
290.5,1,246.943,0.175437
290,1,246.077,0.173554
289.5,1,245.211,0.171689
289,1,244.345,0.169843
288.5,1,243.479,0.168014
288,1,242.613,0.166153
287.5,1,241.747,0.164294
287,1,240.881,0.162524
286.5,1,240.015,0.161039
286,1,239.149,0.15955
285.5,1,238.283,0.158059
285,1,237.417,0.156538
284.5,1,236.551,0.154996
284,1,235.685,0.153457
283.5,1,234.819,0.151923
283,1,233.953,0.150391
282.5,1,233.087,0.148864
282,1,232.221,0.14733
281.5,1,231.355,0.145825
281,1,230.488,0.144471
280.5,1,229.622,0.143126
280,1,228.756,0.141789
279.5,1,227.89,0.14046
279,1,227.024,0.13914
278.5,1,226.158,0.137807
278,1,225.292,0.136487
277.5,1,224.426,0.13518
277,1,223.56,0.133888
276.5,1,222.694,0.132609
276,1,221.828,0.131409
275.5,1,220.962,0.130335
275,1,220.096,0.129268
274.5,1,219.23,0.128212
274,1,218.364,0.127166
273.5,1,217.498,0.12613
273,1,216.632,0.125105
272.5,1,215.766,0.124091
272,1,214.9,0.123091
271.5,1,214.034,0.122106
271,1,213.168,0.121135
270.5,1,212.302,0.120218
270,1,211.436,0.11937
269.5,1,210.57,0.118531
269,1,209.704,0.117731
268.5,1,208.838,0.116943
268,1,207.972,0.116166
267.5,1,207.106,0.1154
267,1,206.24,0.114645
266.5,1,205.374,0.113901
266,1,204.508,0.113199
265.5,1,203.642,0.112524
265,1,202.776,0.111885
264.5,1,201.91,0.11128
264,1,201.044,0.110684
263.5,1,200.178,0.110097
263,1,199.312,0.10954
262.5,1,198.446,0.109033
262,1,197.58,0.108536
261.5,1,196.714,0.108048
261,1,195.847,0.107569
260.5,1,194.981,0.107099
260,1,194.115,0.10664
259.5,1,193.249,0.106269
259,1,192.383,0.105917
258.5,1,191.517,0.105573
258,1,190.651,0.105236
257.5,1,189.785,0.104906
257,1,188.919,0.104584
256.5,1,188.053,0.104318
256,1,187.187,0.104077
255.5,1,186.321,0.103844
255,1,185.455,0.103617
254.5,1,184.589,0.103397
254,1,183.723,0.10319
253.5,1,182.857,0.103017
253,1,181.991,0.102886
252.5,1,181.125,0.10276
252,1,180.259,0.102639
251.5,1,179.393,0.102524
251,1,178.527,0.102413
250.5,1,177.661,0.102313
250,1,176.795,0.102262
249.5,1,175.929,0.102216
249,1,175.063,0.102174
248.5,1,174.197,0.102139
248,1,173.331,0.102109
247.5,1,172.465,0.102083
247,1,171.599,0.102087
246.5,1,170.733,0.102101
246,1,169.867,0.102117
245.5,1,169.001,0.102137
245,1,168.135,0.102158
244.5,1,167.269,0.102183
244,1,166.403,0.102222
243.5,1,165.537,0.102279
243,1,164.671,0.102339
242.5,1,163.805,0.102401
242,1,162.939,0.102464
241.5,1,162.072,0.102529
241,1,161.206,0.102596
240.5,1,160.34,0.102673
240,1,159.474,0.102751
239.5,1,158.608,0.102829
239,1,157.742,0.102907
238.5,1,156.876,0.102986
238,1,156.01,0.103066
237.5,1,155.144,0.10315
237,1,154.278,0.103235
236.5,1,153.412,0.103321
236,1,152.546,0.103406
235.5,1,151.68,0.103491
235,1,150.814,0.103577
234.5,1,149.948,0.103662
234,1,149.082,0.103748
233.5,1,148.216,0.103834
233,1,147.35,0.103919
232.5,1,146.484,0.104004
232,1,145.618,0.104089
231.5,1,144.752,0.104174
231,1,143.886,0.104258
230.5,1,143.02,0.104341
230,1,142.154,0.104423
229.5,1,141.288,0.104506
229,1,140.422,0.104588
228.5,1,139.556,0.104669
228,1,138.69,0.104748
227.5,1,137.824,0.104825
227,1,136.958,0.104903
226.5,1,136.092,0.10498
226,1,135.226,0.105056
225.5,1,134.36,0.105133
225,1,133.494,0.105206
224.5,1,132.628,0.105277
224,1,131.762,0.105347
223.5,1,130.896,0.105418
223,1,130.03,0.105487
222.5,1,129.164,0.105556
222,1,128.297,0.105624
221.5,1,127.431,0.105688
221,1,126.565,0.105752
220.5,1,125.699,0.105815
220,1,124.833,0.105878
219.5,1,123.967,0.105941
219,1,123.101,0.106003
218.5,1,122.235,0.106062
218,1,121.369,0.10612
217.5,1,120.503,0.106177
217,1,119.637,0.106235
216.5,1,118.771,0.106292
216,1,117.905,0.106348
215.5,1,117.039,0.106402
215,1,116.173,0.106453
214.5,1,115.307,0.106504
214,1,114.441,0.106555
213.5,1,113.575,0.106606
213,1,112.709,0.106656
212.5,1,111.843,0.106704
212,1,110.977,0.106747
211.5,1,110.111,0.10679
211,1,109.245,0.106833
210.5,1,108.379,0.106876
210,1,107.513,0.106918
209.5,1,106.647,0.10696
209,1,105.781,0.106999
208.5,1,104.915,0.107037
208,1,104.049,0.107076
207.5,1,103.183,0.107113
207,1,102.317,0.107151
206.5,1,101.451,0.107188
206,1,100.585,0.107225
205.5,1,99.7187,0.107262
205,1,98.8526,0.107298
204.5,1,97.9866,0.107334
204,1,97.1206,0.107369
203.5,1,96.2546,0.107404
203,1,95.3885,0.107438
202.5,1,94.5225,0.107468
202,1,93.6565,0.107499
201.5,1,92.7905,0.107529
201,1,91.9244,0.107558
200.5,1,91.0584,0.107588
200,1,90.1924,0.107617
