x,y,z,b
500,1,609.808,0.105753
499.5,1,608.942,0.105728
499,1,608.076,0.105704
498.5,1,607.21,0.10568
498,1,606.344,0.105656
497.5,1,605.477,0.105632
497,1,604.611,0.105607
496.5,1,603.745,0.10559
496,1,602.879,0.105577
495.5,1,602.013,0.105564
495,1,601.147,0.105552
494.5,1,600.281,0.10554
494,1,599.415,0.10553
493.5,1,598.549,0.105525
493,1,597.683,0.105532
492.5,1,596.817,0.10554
492,1,595.951,0.105549
491.5,1,595.085,0.105559
491,1,594.219,0.105569
490.5,1,593.353,0.105581
490,1,592.487,0.105612
489.5,1,591.621,0.105645
489,1,590.755,0.10568
488.5,1,589.889,0.105716
488,1,589.023,0.105754
487.5,1,588.157,0.105794
487,1,587.291,0.105854
486.5,1,586.425,0.105925
486,1,585.559,0.105998
485.5,1,584.693,0.106072
485,1,583.827,0.106149
484.5,1,582.961,0.106227
484,1,582.095,0.10632
483.5,1,581.229,0.106436
483,1,580.363,0.106557
482.5,1,579.497,0.10668
482,1,578.631,0.106806
481.5,1,577.765,0.106935
481,1,576.899,0.10707
480.5,1,576.033,0.107243
480,1,575.167,0.10742
479.5,1,574.301,0.107602
479,1,573.435,0.107787
478.5,1,572.569,0.107977
478,1,571.703,0.108177
477.5,1,570.836,0.108415
477,1,569.97,0.108669
476.5,1,569.104,0.10893
476,1,568.238,0.109198
475.5,1,567.372,0.109472
475,1,566.506,0.109753
474.5,1,565.64,0.110061
474,1,564.774,0.110406
473.5,1,563.908,0.110759
473,1,563.042,0.111121
472.5,1,562.176,0.111507
472,1,561.31,0.111903
471.5,1,560.444,0.112316
471,1,559.578,0.112794
470.5,1,558.712,0.113284
470,1,557.846,0.113787
469.5,1,556.98,0.114303
469,1,556.114,0.114832
468.5,1,555.248,0.115374
468,1,554.382,0.115979
467.5,1,553.516,0.116616
467,1,552.65,0.1173
466.5,1,551.784,0.118004
466,1,550.918,0.118729
465.5,1,550.052,0.119473
465,1,549.186,0.120275
464.5,1,548.32,0.121141
464,1,547.454,0.122033
463.5,1,546.588,0.122951
463,1,545.722,0.123894
462.5,1,544.856,0.124864
462,1,543.99,0.125887
461.5,1,543.124,0.127057
461,1,542.258,0.128264
460.5,1,541.392,0.129507
460,1,540.526,0.130788
459.5,1,539.66,0.132105
459,1,538.794,0.13346
458.5,1,537.928,0.134849
458,1,537.061,0.136263
457.5,1,536.195,0.137702
457,1,535.329,0.139166
456.5,1,534.463,0.140654
456,1,533.597,0.142152
455.5,1,532.731,0.143506
455,1,531.865,0.144712
454.5,1,530.999,0.145886
454,1,530.133,0.14703
453.5,1,529.267,0.148142
453,1,528.401,0.149224
452.5,1,527.535,0.150234
452,1,526.669,0.151091
451.5,1,525.803,0.151934
451,1,524.937,0.152727
450.5,1,524.071,0.15344
450,1,523.205,0.15414
449.5,1,522.339,0.154829
449,1,521.473,0.155554
448.5,1,520.607,0.15629
448,1,519.741,0.157033
447.5,1,518.875,0.157783
447,1,518.009,0.15854
446.5,1,517.143,0.159304
446,1,516.277,0.160083
445.5,1,515.411,0.160846
445,1,514.545,0.161576
444.5,1,513.679,0.16234
444,1,512.813,0.163138
443.5,1,511.947,0.163971
443,1,511.081,0.164809
442.5,1,510.215,0.165594
442,1,509.349,0.166396
441.5,1,508.483,0.167214
441,1,507.617,0.168049
440.5,1,506.751,0.168899
440,1,505.885,0.169613
439.5,1,505.019,0.170049
439,1,504.153,0.170445
438.5,1,503.286,0.170803
438,1,502.42,0.171124
437.5,1,501.554,0.171409
437,1,500.688,0.171656
436.5,1,499.822,0.171877
436,1,498.956,0.172095
435.5,1,498.09,0.172309
435,1,497.224,0.17252
434.5,1,496.358,0.172507
434,1,495.492,0.172291
433.5,1,494.626,0.172175
433,1,493.76,0.172285
432.5,1,492.894,0.172413
432,1,492.028,0.172559
431.5,1,491.162,0.172724
431,1,490.296,0.172908
430.5,1,489.43,0.173122
430,1,488.564,0.173784
429.5,1,487.698,0.174479
429,1,486.832,0.17504
428.5,1,485.966,0.17546
428,1,485.1,0.17584
427.5,1,484.234,0.17618
427,1,483.368,0.176959
426.5,1,482.502,0.177943
426,1,481.636,0.178948
425.5,1,480.77,0.179972
425,1,479.904,0.181016
424.5,1,479.038,0.18208
424,1,478.172,0.183299
423.5,1,477.306,0.184006
423,1,476.44,0.184177
422.5,1,475.574,0.184163
422,1,474.708,0.183965
421.5,1,473.842,0.183583
421,1,472.976,0.183033
420.5,1,472.11,0.182573
420,1,471.244,0.1821
419.5,1,470.378,0.181614
419,1,469.512,0.181114
418.5,1,468.645,0.180601
418,1,467.779,0.179894
417.5,1,466.913,0.179139
417,1,466.047,0.178334
416.5,1,465.181,0.177437
416,1,464.315,0.176448
415.5,1,463.449,0.175368
415,1,462.583,0.174195
414.5,1,461.717,0.173177
414,1,460.851,0.172477
413.5,1,459.985,0.171842
413,1,459.119,0.171271
412.5,1,458.253,0.171296
412,1,457.387,0.171362
411.5,1,456.521,0.171172
411,1,455.655,0.170138
410.5,1,454.789,0.169094
410,1,453.923,0.16804
409.5,1,453.057,0.166976
409,1,452.191,0.165903
408.5,1,451.325,0.164818
408,1,450.459,0.162903
407.5,1,449.593,0.161047
407,1,448.727,0.160087
406.5,1,447.861,0.159401
406,1,446.995,0.158861
405.5,1,446.129,0.158469
405,1,445.263,0.158301
404.5,1,444.397,0.158361
404,1,443.531,0.158575
403.5,1,442.665,0.158941
403,1,441.799,0.15946
402.5,1,440.933,0.160132
402,1,440.067,0.161002
401.5,1,439.201,0.162326
401,1,438.335,0.163699
400.5,1,437.469,0.165104
400,1,436.603,0.16654
399.5,1,435.737,0.168007
399,1,434.87,0.169505
398.5,1,434.004,0.171404
398,1,433.138,0.173344
397.5,1,432.272,0.17527
397,1,431.406,0.177183
396.5,1,430.54,0.179083
396,1,429.674,0.18101
395.5,1,428.808,0.182792
395,1,427.942,0.184446
394.5,1,427.076,0.186061
394,1,426.21,0.187636
393.5,1,425.344,0.189171
393,1,424.478,0.190666
392.5,1,423.612,0.191573
392,1,422.746,0.190795
391.5,1,421.88,0.189986
391,1,421.014,0.189142
390.5,1,420.148,0.188076
390,1,419.282,0.18691
389.5,1,418.416,0.185645
389,1,417.55,0.184343
388.5,1,416.684,0.182845
388,1,415.818,0.181141
387.5,1,414.952,0.179232
387,1,414.086,0.177118
386.5,1,413.22,0.1748
386,1,412.354,0.171887
385.5,1,411.488,0.16909
385,1,410.622,0.167047
384.5,1,409.756,0.165115
384,1,408.89,0.163294
383.5,1,408.024,0.161584
383,1,407.158,0.160401
382.5,1,406.292,0.160353
382,1,405.426,0.16053
381.5,1,404.56,0.160932
381,1,403.694,0.161561
380.5,1,402.828,0.162415
380,1,401.962,0.163355
379.5,1,401.095,0.163585
379,1,400.229,0.163756
378.5,1,399.363,0.16387
378,1,398.497,0.163925
377.5,1,397.631,0.163923
377,1,396.765,0.163862
376.5,1,395.899,0.163601
376,1,395.033,0.163284
375.5,1,394.167,0.162995
375,1,393.301,0.162734
374.5,1,392.435,0.162482
374,1,391.569,0.162085
373.5,1,390.703,0.161623
373,1,389.837,0.161245
372.5,1,388.971,0.160836
372,1,388.105,0.160398
371.5,1,387.239,0.15993
371,1,386.373,0.159431
370.5,1,385.507,0.158937
370,1,384.641,0.159195
369.5,1,383.775,0.159577
369,1,382.909,0.160076
368.5,1,382.043,0.160474
368,1,381.177,0.160669
367.5,1,380.311,0.160662
367,1,379.445,0.160824
366.5,1,378.579,0.161205
366,1,377.713,0.161712
365.5,1,376.847,0.162346
365,1,375.981,0.163107
364.5,1,375.115,0.163995
364,1,374.249,0.165435
363.5,1,373.383,0.167933
363,1,372.517,0.171158
362.5,1,371.651,0.174939
362,1,370.785,0.179274
361.5,1,369.919,0.184165
361,1,369.053,0.189352
360.5,1,368.187,0.192814
360,1,367.321,0.196844
359.5,1,366.454,0.201443
359,1,365.588,0.206609
358.5,1,364.722,0.212343
358,1,363.856,0.218155
357.5,1,362.99,0.216074
357,1,362.124,0.212561
356.5,1,361.258,0.209745
356,1,360.392,0.207628
355.5,1,359.526,0.206209
355,1,358.66,0.205488
354.5,1,357.794,0.214646
354,1,356.928,0.2385
353.5,1,356.062,0.268124
353,1,355.196,0.303519
352.5,1,354.33,0.333758
352,1,353.464,0.350987
351.5,1,352.598,0.358416
351,1,351.732,0.330064
350.5,1,350.866,0.305502
350,1,350,0.284729
349.5,1,349.134,0.267747
349,1,348.268,0.254554
348.5,1,347.402,0.245151
348,1,346.536,0.247494
347.5,1,345.67,0.251488
347,1,344.804,0.25284
346.5,1,343.938,0.251566
346,1,343.072,0.249788
345.5,1,342.206,0.247504
345,1,341.34,0.245987
344.5,1,340.474,0.245653
344,1,339.608,0.245538
343.5,1,338.742,0.24564
343,1,337.876,0.245959
342.5,1,337.01,0.246497
342,1,336.144,0.248297
341.5,1,335.278,0.257493
341,1,334.412,0.268979
340.5,1,333.546,0.280689
340,1,332.679,0.292623
339.5,1,331.813,0.304781
339,1,330.947,0.317163
338.5,1,330.081,0.324951
338,1,329.215,0.331796
337.5,1,328.349,0.338211
337,1,327.483,0.344195
336.5,1,326.617,0.349748
336,1,325.751,0.35329
335.5,1,324.885,0.35493
335,1,324.019,0.355885
334.5,1,323.153,0.356827
334,1,322.287,0.357755
333.5,1,321.421,0.35867
333,1,320.555,0.359572
332.5,1,319.689,0.360339
332,1,318.823,0.360764
331.5,1,317.957,0.361176
331,1,317.091,0.361573
330.5,1,316.225,0.361701
330,1,315.359,0.361721
329.5,1,314.493,0.361734
329,1,313.627,0.361575
328.5,1,312.761,0.361389
328,1,311.895,0.361186
327.5,1,311.029,0.360964
327,1,310.163,0.360723
326.5,1,309.297,0.360464
326,1,308.431,0.360334
325.5,1,307.565,0.360281
325,1,306.699,0.360245
324.5,1,305.833,0.360232
324,1,304.967,0.360238
323.5,1,304.101,0.360265
323,1,303.235,0.360234
322.5,1,302.369,0.360032
322,1,301.503,0.359799
321.5,1,300.637,0.359538
321,1,299.771,0.359248
320.5,1,298.905,0.358929
320,1,298.038,0.358569
319.5,1,297.172,0.356828
319,1,296.306,0.354729
318.5,1,295.44,0.352293
318,1,294.574,0.349519
317.5,1,293.708,0.346408
317,1,292.842,0.342958
316.5,1,291.976,0.336667
316,1,291.11,0.328554
315.5,1,290.244,0.319652
315,1,289.378,0.309961
314.5,1,288.512,0.29948
314,1,287.646,0.283949
313.5,1,286.78,0.265061
313,1,285.914,0.24428
312.5,1,285.048,0.225292
312,1,284.182,0.208096
311.5,1,283.316,0.192692
311,1,282.45,0.17908
310.5,1,281.584,0.167707
310,1,280.718,0.164427
309.5,1,279.852,0.162797
309,1,278.986,0.162817
308.5,1,278.12,0.164068
308,1,277.254,0.164729
307.5,1,276.388,0.164778
307,1,275.522,0.161785
306.5,1,274.656,0.157742
306,1,273.79,0.153511
305.5,1,272.924,0.149091
305,1,272.058,0.144482
304.5,1,271.192,0.139686
304,1,270.326,0.134802
303.5,1,269.46,0.13013
303,1,268.594,0.125879
302.5,1,267.728,0.121811
302,1,266.862,0.117923
301.5,1,265.996,0.114217
301,1,265.13,0.11087
300.5,1,264.263,0.108956
300,1,263.397,0.107152
299.5,1,262.531,0.10546
299,1,261.665,0.103878
298.5,1,260.799,0.102407
298,1,259.933,0.101059
297.5,1,259.067,0.100514
297,1,258.201,0.100137
296.5,1,257.335,0.0997756
296,1,256.469,0.0994298
295.5,1,255.603,0.0990996
295,1,254.737,0.0987851
294.5,1,253.871,0.0986276
294,1,253.005,0.0986247
293.5,1,252.139,0.0986276
293,1,251.273,0.0986362
292.5,1,250.407,0.0986533
292,1,249.541,0.0986895
291.5,1,248.675,0.0987657
291,1,247.809,0.0990178
290.5,1,246.943,0.0992704
290,1,246.077,0.0995236
289.5,1,245.211,0.0997773
289,1,244.345,0.100032
288.5,1,243.479,0.100286
288,1,242.613,0.100541
287.5,1,241.747,0.100794
287,1,240.881,0.101048
286.5,1,240.015,0.101305
286,1,239.149,0.101561
285.5,1,238.283,0.101815
285,1,237.417,0.102048
284.5,1,236.551,0.102264
284,1,235.685,0.102479
283.5,1,234.819,0.102693
283,1,233.953,0.102906
282.5,1,233.087,0.103119
282,1,232.221,0.103324
281.5,1,231.355,0.103511
281,1,230.488,0.103699
280.5,1,229.622,0.103887
280,1,228.756,0.104073
279.5,1,227.89,0.104258
279,1,227.024,0.104443
278.5,1,226.158,0.104603
278,1,225.292,0.104761
277.5,1,224.426,0.104917
277,1,223.56,0.105073
276.5,1,222.694,0.105228
276,1,221.828,0.105383
275.5,1,220.962,0.105525
275,1,220.096,0.105657
274.5,1,219.23,0.105788
274,1,218.364,0.105918
273.5,1,217.498,0.106048
273,1,216.632,0.106176
272.5,1,215.766,0.106298
272,1,214.9,0.106406
271.5,1,214.034,0.106514
271,1,213.168,0.10662
270.5,1,212.302,0.106727
270,1,211.436,0.106833
269.5,1,210.57,0.106938
269,1,209.704,0.107026
268.5,1,208.838,0.107113
268,1,207.972,0.107199
267.5,1,207.106,0.107285
267,1,206.24,0.107369
266.5,1,205.374,0.107453
266,1,204.508,0.107528
265.5,1,203.642,0.107599
265,1,202.776,0.107669
264.5,1,201.91,0.107739
264,1,201.044,0.107808
263.5,1,200.178,0.107877
263,1,199.312,0.107942
262.5,1,198.446,0.107999
262,1,197.58,0.108055
261.5,1,196.714,0.108112
261,1,195.847,0.108167
260.5,1,194.981,0.108222
260,1,194.115,0.108277
259.5,1,193.249,0.108323
259,1,192.383,0.108369
258.5,1,191.517,0.108414
258,1,190.651,0.10846
257.5,1,189.785,0.108504
257,1,188.919,0.108548
256.5,1,188.053,0.108587
256,1,187.187,0.108623
255.5,1,186.321,0.108659
255,1,185.455,0.108694
254.5,1,184.589,0.108729
254,1,183.723,0.108764
253.5,1,182.857,0.108797
253,1,181.991,0.108826
252.5,1,181.125,0.108855
252,1,180.259,0.108884
251.5,1,179.393,0.108913
251,1,178.527,0.108941
250.5,1,177.661,0.108969
250,1,176.795,0.108991
249.5,1,175.929,0.109013
249,1,175.063,0.109035
248.5,1,174.197,0.109057
248,1,173.331,0.109079
247.5,1,172.465,0.1091
247,1,171.599,0.109119
246.5,1,170.733,0.109138
246,1,169.867,0.109156
245.5,1,169.001,0.109173
245,1,168.135,0.109191
244.5,1,167.269,0.109209
244,1,166.403,0.109224
243.5,1,165.537,0.109238
243,1,164.671,0.109251
242.5,1,163.805,0.109264
242,1,162.939,0.109277
241.5,1,162.072,0.10929
241,1,161.206,0.109303
240.5,1,160.34,0.109314
240,1,159.474,0.109324
239.5,1,158.608,0.109335
239,1,157.742,0.109345
238.5,1,156.876,0.109356
238,1,156.01,0.109366
237.5,1,155.144,0.109374
237,1,154.278,0.109382
236.5,1,153.412,0.109389
236,1,152.546,0.109397
235.5,1,151.68,0.109404
235,1,150.814,0.109411
234.5,1,149.948,0.109418
234,1,149.082,0.109424
233.5,1,148.216,0.109429
233,1,147.35,0.109435
232.5,1,146.484,0.109441
232,1,145.618,0.109446
231.5,1,144.752,0.109451
231,1,143.886,0.109455
230.5,1,143.02,0.109458
230,1,142.154,0.109462
229.5,1,141.288,0.109465
229,1,140.422,0.109469
228.5,1,139.556,0.109472
228,1,138.69,0.109475
227.5,1,137.824,0.109477
227,1,136.958,0.10948
226.5,1,136.092,0.109482
226,1,135.226,0.109485
225.5,1,134.36,0.109487
225,1,133.494,0.109489
224.5,1,132.628,0.10949
224,1,131.762,0.109491
223.5,1,130.896,0.109492
223,1,130.03,0.109492
222.5,1,129.164,0.109493
222,1,128.297,0.109494
221.5,1,127.431,0.109494
221,1,126.565,0.109495
220.5,1,125.699,0.109495
220,1,124.833,0.109496
219.5,1,123.967,0.109496
219,1,123.101,0.109496
218.5,1,122.235,0.109496
218,1,121.369,0.109495
217.5,1,120.503,0.109494
217,1,119.637,0.109493
216.5,1,118.771,0.109493
216,1,117.905,0.109492
215.5,1,117.039,0.109491
215,1,116.173,0.10949
214.5,1,115.307,0.109489
214,1,114.441,0.109488
213.5,1,113.575,0.109487
213,1,112.709,0.109486
212.5,1,111.843,0.109485
212,1,110.977,0.109483
211.5,1,110.111,0.109481
211,1,109.245,0.109479
210.5,1,108.379,0.109477
210,1,107.513,0.109476
209.5,1,106.647,0.109474
209,1,105.781,0.109472
208.5,1,104.915,0.10947
208,1,104.049,0.109468
207.5,1,103.183,0.109466
207,1,102.317,0.109464
206.5,1,101.451,0.109461
206,1,100.585,0.109459
205.5,1,99.7187,0.109457
205,1,98.8526,0.109455
204.5,1,97.9866,0.109453
204,1,97.1206,0.109451
203.5,1,96.2546,0.109449
203,1,95.3885,0.109447
202.5,1,94.5225,0.109443
202,1,93.6565,0.10944
201.5,1,92.7905,0.109437
201,1,91.9244,0.109434
200.5,1,91.0584,0.109431
200,1,90.1924,0.109428
