x,y,z,b
500,1,609.808,0.107682
499.5,1,608.942,0.107651
499,1,608.076,0.10762
498.5,1,607.21,0.107589
498,1,606.344,0.107557
497.5,1,605.477,0.107525
497,1,604.611,0.107492
496.5,1,603.745,0.107458
496,1,602.879,0.107421
495.5,1,602.013,0.107385
495,1,601.147,0.107348
494.5,1,600.281,0.107311
494,1,599.415,0.107273
493.5,1,598.549,0.107234
493,1,597.683,0.107192
492.5,1,596.817,0.10715
492,1,595.951,0.107108
491.5,1,595.085,0.107065
491,1,594.219,0.107022
490.5,1,593.353,0.106979
490,1,592.487,0.106931
489.5,1,591.621,0.106882
489,1,590.755,0.106833
488.5,1,589.889,0.106784
488,1,589.023,0.106734
487.5,1,588.157,0.106683
487,1,587.291,0.10663
486.5,1,586.425,0.106575
486,1,585.559,0.106519
485.5,1,584.693,0.106463
485,1,583.827,0.106406
484.5,1,582.961,0.106349
484,1,582.095,0.10629
483.5,1,581.229,0.106226
483,1,580.363,0.106162
482.5,1,579.497,0.106097
482,1,578.631,0.106031
481.5,1,577.765,0.105965
481,1,576.899,0.105898
480.5,1,576.033,0.105826
480,1,575.167,0.105752
479.5,1,574.301,0.105678
479,1,573.435,0.105604
478.5,1,572.569,0.105528
478,1,571.703,0.105452
477.5,1,570.836,0.10537
477,1,569.97,0.105287
476.5,1,569.104,0.105202
476,1,568.238,0.105117
475.5,1,567.372,0.105031
475,1,566.506,0.104944
474.5,1,565.64,0.104854
474,1,564.774,0.104761
473.5,1,563.908,0.104667
473,1,563.042,0.104572
472.5,1,562.176,0.104476
472,1,561.31,0.104379
471.5,1,560.444,0.10428
471,1,559.578,0.104175
470.5,1,558.712,0.10407
470,1,557.846,0.103963
469.5,1,556.98,0.103855
469,1,556.114,0.103747
468.5,1,555.248,0.103637
468,1,554.382,0.103525
467.5,1,553.516,0.103411
467,1,552.65,0.103295
466.5,1,551.784,0.103178
466,1,550.918,0.10306
465.5,1,550.052,0.102941
465,1,549.186,0.102821
464.5,1,548.32,0.102702
464,1,547.454,0.102582
463.5,1,546.588,0.102462
463,1,545.722,0.10234
462.5,1,544.856,0.102218
462,1,543.99,0.102096
461.5,1,543.124,0.101981
461,1,542.258,0.101865
460.5,1,541.392,0.101749
460,1,540.526,0.101632
459.5,1,539.66,0.101515
459,1,538.794,0.101397
458.5,1,537.928,0.101317
458,1,537.061,0.101248
457.5,1,536.195,0.101184
457,1,535.329,0.101125
456.5,1,534.463,0.101078
456,1,533.597,0.101061
455.5,1,532.731,0.101108
455,1,531.865,0.101211
454.5,1,530.999,0.10133
454,1,530.133,0.101463
453.5,1,529.267,0.101612
453,1,528.401,0.101776
452.5,1,527.535,0.101985
452,1,526.669,0.102318
451.5,1,525.803,0.102676
451,1,524.937,0.103101
450.5,1,524.071,0.103648
450,1,523.205,0.104247
449.5,1,522.339,0.104898
449,1,521.473,0.105788
448.5,1,520.607,0.106756
448,1,519.741,0.107784
447.5,1,518.875,0.108872
447,1,518.009,0.11002
446.5,1,517.143,0.111228
446,1,516.277,0.112554
445.5,1,515.411,0.114048
445,1,514.545,0.115686
444.5,1,513.679,0.117343
444,1,512.813,0.119021
443.5,1,511.947,0.120719
443,1,511.081,0.122431
442.5,1,510.215,0.124146
442,1,509.349,0.125877
441.5,1,508.483,0.127624
441,1,507.617,0.129386
440.5,1,506.751,0.131165
440,1,505.885,0.132942
439.5,1,505.019,0.134734
439,1,504.153,0.136556
438.5,1,503.286,0.138408
438,1,502.42,0.14029
437.5,1,501.554,0.142202
437,1,500.688,0.144144
436.5,1,499.822,0.146077
436,1,498.956,0.148016
435.5,1,498.09,0.149982
435,1,497.224,0.151975
434.5,1,496.358,0.153975
434,1,495.492,0.155971
433.5,1,494.626,0.157936
433,1,493.76,0.159827
432.5,1,492.894,0.161723
432,1,492.028,0.163624
431.5,1,491.162,0.165531
431,1,490.296,0.167443
430.5,1,489.43,0.169349
430,1,488.564,0.170847
429.5,1,487.698,0.172321
429,1,486.832,0.173655
428.5,1,485.966,0.174922
428,1,485.1,0.176208
427.5,1,484.234,0.177513
427,1,483.368,0.178584
426.5,1,482.502,0.179514
426,1,481.636,0.180398
425.5,1,480.77,0.181233
425,1,479.904,0.182021
424.5,1,479.038,0.182762
424,1,478.172,0.183577
423.5,1,477.306,0.18446
423,1,476.44,0.185356
422.5,1,475.574,0.18633
422,1,474.708,0.18738
421.5,1,473.842,0.188508
421,1,472.976,0.189737
420.5,1,472.11,0.191307
420,1,471.244,0.192951
419.5,1,470.378,0.194669
419,1,469.512,0.196462
418.5,1,468.645,0.198329
418,1,467.779,0.199857
417.5,1,466.913,0.201851
417,1,466.047,0.203985
416.5,1,465.181,0.206085
416,1,464.315,0.208149
415.5,1,463.449,0.210178
415,1,462.583,0.212172
414.5,1,461.717,0.213981
414,1,460.851,0.215535
413.5,1,459.985,0.216999
413,1,459.119,0.218372
412.5,1,458.253,0.219278
412,1,457.387,0.220204
411.5,1,456.521,0.221056
411,1,455.655,0.220564
410.5,1,454.789,0.220089
410,1,453.923,0.219632
409.5,1,453.057,0.219193
409,1,452.191,0.218772
408.5,1,451.325,0.218368
408,1,450.459,0.216004
407.5,1,449.593,0.213207
407,1,448.727,0.210469
406.5,1,447.861,0.207735
406,1,446.995,0.204993
405.5,1,446.129,0.202243
405,1,445.263,0.200014
404.5,1,444.397,0.198227
404,1,443.531,0.196347
403.5,1,442.665,0.194376
403,1,441.799,0.192313
402.5,1,440.933,0.190159
402,1,440.067,0.188166
401.5,1,439.201,0.186853
401,1,438.335,0.185578
400.5,1,437.469,0.18438
400,1,436.603,0.183258
399.5,1,435.737,0.182213
399,1,434.87,0.181244
398.5,1,434.004,0.181299
398,1,433.138,0.18145
397.5,1,432.272,0.181561
397,1,431.406,0.181631
396.5,1,430.54,0.18166
396,1,429.674,0.181798
395.5,1,428.808,0.182191
395,1,427.942,0.182816
394.5,1,427.076,0.183491
394,1,426.21,0.184215
393.5,1,425.344,0.18499
393,1,424.478,0.185814
392.5,1,423.612,0.187202
392,1,422.746,0.19012
391.5,1,421.88,0.192983
391,1,421.014,0.1958
390.5,1,420.148,0.198809
390,1,419.282,0.201737
389.5,1,418.416,0.204583
389,1,417.55,0.210539
388.5,1,416.684,0.215957
388,1,415.818,0.220592
387.5,1,414.952,0.224444
387,1,414.086,0.227513
386.5,1,413.22,0.229798
386,1,412.354,0.227433
385.5,1,411.488,0.22304
385,1,410.622,0.219509
384.5,1,409.756,0.216261
384,1,408.89,0.213294
383.5,1,408.024,0.21061
383,1,407.158,0.208087
382.5,1,406.292,0.205449
382,1,405.426,0.202907
381.5,1,404.56,0.200461
381,1,403.694,0.198111
380.5,1,402.828,0.195856
380,1,401.962,0.193664
379.5,1,401.095,0.191524
379,1,400.229,0.189518
378.5,1,399.363,0.187648
378,1,398.497,0.185912
377.5,1,397.631,0.18431
377,1,396.765,0.182843
376.5,1,395.899,0.181452
376,1,395.033,0.180242
375.5,1,394.167,0.179254
375,1,393.301,0.17849
374.5,1,392.435,0.17791
374,1,391.569,0.177344
373.5,1,390.703,0.176846
373,1,389.837,0.176325
372.5,1,388.971,0.175815
372,1,388.105,0.175316
371.5,1,387.239,0.174829
371,1,386.373,0.174353
370.5,1,385.507,0.173823
370,1,384.641,0.172007
369.5,1,383.775,0.17034
369,1,382.909,0.168764
368.5,1,382.043,0.167183
368,1,381.177,0.165745
367.5,1,380.311,0.164449
367,1,379.445,0.162385
366.5,1,378.579,0.160269
366,1,377.713,0.158458
365.5,1,376.847,0.156952
365,1,375.981,0.155751
364.5,1,375.115,0.154855
364,1,374.249,0.155913
363.5,1,373.383,0.160406
363,1,372.517,0.166658
362.5,1,371.651,0.173612
362,1,370.785,0.181269
361.5,1,369.919,0.189628
361,1,369.053,0.198576
360.5,1,368.187,0.20685
360,1,367.321,0.21514
359.5,1,366.454,0.223447
359,1,365.588,0.23177
358.5,1,364.722,0.240109
358,1,363.856,0.246848
357.5,1,362.99,0.249702
357,1,362.124,0.25334
356.5,1,361.258,0.258325
356,1,360.392,0.264658
355.5,1,359.526,0.272339
355,1,358.66,0.281367
354.5,1,357.794,0.291736
354,1,356.928,0.305053
353.5,1,356.062,0.321902
353,1,355.196,0.342284
352.5,1,354.33,0.354555
352,1,353.464,0.352251
351.5,1,352.598,0.340808
351,1,351.732,0.300028
350.5,1,350.866,0.266229
350,1,350,0.239412
349.5,1,349.134,0.219575
349,1,348.268,0.206718
348.5,1,347.402,0.200843
348,1,346.536,0.209735
347.5,1,345.67,0.220188
347,1,344.804,0.228729
346.5,1,343.938,0.23551
346,1,343.072,0.241792
345.5,1,342.206,0.247575
345,1,341.34,0.251006
344.5,1,340.474,0.253356
344,1,339.608,0.256612
343.5,1,338.742,0.260774
343,1,337.876,0.265842
342.5,1,337.01,0.271817
342,1,336.144,0.277068
341.5,1,335.278,0.274849
341,1,334.412,0.27214
340.5,1,333.546,0.270413
340,1,332.679,0.269667
339.5,1,331.813,0.269903
339,1,330.947,0.27112
338.5,1,330.081,0.267391
338,1,329.215,0.263483
337.5,1,328.349,0.260041
337,1,327.483,0.257064
336.5,1,326.617,0.254553
336,1,325.751,0.250794
335.5,1,324.885,0.241599
335,1,324.019,0.22884
334.5,1,323.153,0.216099
334,1,322.287,0.203376
333.5,1,321.421,0.190672
333,1,320.555,0.177986
332.5,1,319.689,0.167268
332,1,318.823,0.161086
331.5,1,317.957,0.153677
331,1,317.091,0.14504
330.5,1,316.225,0.13483
330,1,315.359,0.12376
329.5,1,314.493,0.112045
329,1,313.627,0.110186
328.5,1,312.761,0.108665
328,1,311.895,0.106989
327.5,1,311.029,0.105156
327,1,310.163,0.103167
326.5,1,309.297,0.101022
326,1,308.431,0.0999939
325.5,1,307.565,0.0996379
325,1,306.699,0.0992569
324.5,1,305.833,0.0988699
324,1,304.967,0.09848
323.5,1,304.101,0.098087
323,1,303.235,0.0979076
322.5,1,302.369,0.0981812
322,1,301.503,0.0984596
321.5,1,300.637,0.0987429
321,1,299.771,0.099031
320.5,1,298.905,0.099324
320,1,298.038,0.0996225
319.5,1,297.172,0.100028
319,1,296.306,0.100441
318.5,1,295.44,0.100855
318,1,294.574,0.101268
317.5,1,293.708,0.101682
317,1,292.842,0.102096
316.5,1,291.976,0.102398
316,1,291.11,0.102653
315.5,1,290.244,0.10291
315,1,289.378,0.103169
314.5,1,288.512,0.103431
314,1,287.646,0.103703
313.5,1,286.78,0.103954
313,1,285.914,0.104167
312.5,1,285.048,0.104381
312,1,284.182,0.104596
311.5,1,283.316,0.104813
311,1,282.45,0.10503
310.5,1,281.584,0.105246
310,1,280.718,0.105416
309.5,1,279.852,0.105588
309,1,278.986,0.10576
308.5,1,278.12,0.105947
308,1,277.254,0.106135
307.5,1,276.388,0.106322
307,1,275.522,0.106483
306.5,1,274.656,0.106635
306,1,273.79,0.106786
305.5,1,272.924,0.106937
305,1,272.058,0.107087
304.5,1,271.192,0.107236
304,1,270.326,0.107372
303.5,1,269.46,0.107491
303,1,268.594,0.107615
302.5,1,267.728,0.107739
302,1,266.862,0.107863
301.5,1,265.996,0.107986
301,1,265.13,0.108106
300.5,1,264.263,0.108205
300,1,263.397,0.108304
299.5,1,262.531,0.108402
299,1,261.665,0.1085
298.5,1,260.799,0.108597
298,1,259.933,0.108694
297.5,1,259.067,0.108777
297,1,258.201,0.108855
296.5,1,257.335,0.108933
296,1,256.469,0.10901
295.5,1,255.603,0.109087
295,1,254.737,0.109163
294.5,1,253.871,0.109231
294,1,253.005,0.109289
293.5,1,252.139,0.109348
293,1,251.273,0.109406
292.5,1,250.407,0.109463
292,1,249.541,0.109521
291.5,1,248.675,0.109576
291,1,247.809,0.109621
290.5,1,246.943,0.109666
290,1,246.077,0.10971
289.5,1,245.211,0.109753
289,1,244.345,0.109796
288.5,1,243.479,0.109839
288,1,242.613,0.109871
287.5,1,241.747,0.109902
287,1,240.881,0.109932
286.5,1,240.015,0.109962
286,1,239.149,0.109992
285.5,1,238.283,0.110022
285,1,237.417,0.110047
284.5,1,236.551,0.110068
284,1,235.685,0.11009
283.5,1,234.819,0.110111
283,1,233.953,0.110131
282.5,1,233.087,0.110152
282,1,232.221,0.11017
281.5,1,231.355,0.110183
281,1,230.488,0.110195
280.5,1,229.622,0.110208
280,1,228.756,0.11022
279.5,1,227.89,0.110232
279,1,227.024,0.110244
278.5,1,226.158,0.110251
278,1,225.292,0.110258
277.5,1,224.426,0.110265
277,1,223.56,0.110271
276.5,1,222.694,0.110278
276,1,221.828,0.110284
275.5,1,220.962,0.110288
275,1,220.096,0.11029
274.5,1,219.23,0.110291
274,1,218.364,0.110293
273.5,1,217.498,0.110294
273,1,216.632,0.110295
272.5,1,215.766,0.110296
272,1,214.9,0.110295
271.5,1,214.034,0.110293
271,1,213.168,0.110292
270.5,1,212.302,0.110291
270,1,211.436,0.11029
269.5,1,210.57,0.110288
269,1,209.704,0.110284
268.5,1,208.838,0.11028
268,1,207.972,0.110276
267.5,1,207.106,0.110272
267,1,206.24,0.110268
266.5,1,205.374,0.110264
266,1,204.508,0.110259
265.5,1,203.642,0.110254
265,1,202.776,0.110248
264.5,1,201.91,0.110243
264,1,201.044,0.110238
263.5,1,200.178,0.110232
263,1,199.312,0.110226
262.5,1,198.446,0.110219
262,1,197.58,0.110213
261.5,1,196.714,0.110206
261,1,195.847,0.110199
260.5,1,194.981,0.110192
260,1,194.115,0.110185
259.5,1,193.249,0.110178
259,1,192.383,0.110171
258.5,1,191.517,0.110163
258,1,190.651,0.110156
257.5,1,189.785,0.110149
257,1,188.919,0.110142
256.5,1,188.053,0.110135
256,1,187.187,0.110127
255.5,1,186.321,0.110119
255,1,185.455,0.110111
254.5,1,184.589,0.110103
254,1,183.723,0.110096
253.5,1,182.857,0.110088
253,1,181.991,0.11008
252.5,1,181.125,0.110072
252,1,180.259,0.110065
251.5,1,179.393,0.110057
251,1,178.527,0.11005
250.5,1,177.661,0.110042
250,1,176.795,0.110034
249.5,1,175.929,0.110025
249,1,175.063,0.110017
248.5,1,174.197,0.110009
248,1,173.331,0.110001
247.5,1,172.465,0.109994
247,1,171.599,0.109986
246.5,1,170.733,0.109978
246,1,169.867,0.109971
245.5,1,169.001,0.109963
245,1,168.135,0.109956
244.5,1,167.269,0.109949
244,1,166.403,0.109941
243.5,1,165.537,0.109933
243,1,164.671,0.109926
242.5,1,163.805,0.109919
242,1,162.939,0.109911
241.5,1,162.072,0.109904
241,1,161.206,0.109897
240.5,1,160.34,0.10989
240,1,159.474,0.109882
239.5,1,158.608,0.109875
239,1,157.742,0.109868
238.5,1,156.876,0.109861
238,1,156.01,0.109854
237.5,1,155.144,0.109847
237,1,154.278,0.109841
236.5,1,153.412,0.109834
236,1,152.546,0.109827
235.5,1,151.68,0.10982
235,1,150.814,0.109813
234.5,1,149.948,0.109807
234,1,149.082,0.1098
233.5,1,148.216,0.109793
233,1,147.35,0.109787
232.5,1,146.484,0.10978
232,1,145.618,0.109774
231.5,1,144.752,0.109768
231,1,143.886,0.109761
230.5,1,143.02,0.109755
230,1,142.154,0.109749
229.5,1,141.288,0.109743
229,1,140.422,0.109737
228.5,1,139.556,0.109731
228,1,138.69,0.109724
227.5,1,137.824,0.109718
227,1,136.958,0.109712
226.5,1,136.092,0.109706
226,1,135.226,0.109701
225.5,1,134.36,0.109695
225,1,133.494,0.109689
224.5,1,132.628,0.109683
224,1,131.762,0.109677
223.5,1,130.896,0.109672
223,1,130.03,0.109666
222.5,1,129.164,0.109661
222,1,128.297,0.109655
221.5,1,127.431,0.10965
221,1,126.565,0.109644
220.5,1,125.699,0.109639
220,1,124.833,0.109634
219.5,1,123.967,0.109628
219,1,123.101,0.109623
218.5,1,122.235,0.109618
218,1,121.369,0.109613
217.5,1,120.503,0.109608
217,1,119.637,0.109603
216.5,1,118.771,0.109599
216,1,117.905,0.109594
215.5,1,117.039,0.109589
215,1,116.173,0.109584
214.5,1,115.307,0.109579
214,1,114.441,0.109574
213.5,1,113.575,0.109569
213,1,112.709,0.109565
212.5,1,111.843,0.10956
212,1,110.977,0.109556
211.5,1,110.111,0.109551
211,1,109.245,0.109547
210.5,1,108.379,0.109542
210,1,107.513,0.109538
209.5,1,106.647,0.109534
209,1,105.781,0.109529
208.5,1,104.915,0.109525
208,1,104.049,0.10952
207.5,1,103.183,0.109516
207,1,102.317,0.109511
206.5,1,101.451,0.109507
206,1,100.585,0.109503
205.5,1,99.7187,0.109499
205,1,98.8526,0.109495
204.5,1,97.9866,0.109492
204,1,97.1206,0.109488
203.5,1,96.2546,0.109485
203,1,95.3885,0.109481
202.5,1,94.5225,0.109476
202,1,93.6565,0.109472
201.5,1,92.7905,0.109467
201,1,91.9244,0.109463
200.5,1,91.0584,0.109459
200,1,90.1924,0.109454
