x,y,z,b
90.1924,1,500,0.106
91.0584,1,499.5,0.105962
91.9244,1,499,0.105924
92.7905,1,498.5,0.105885
93.6565,1,498,0.105846
94.5225,1,497.5,0.105806
95.3885,1,497,0.105767
96.2546,1,496.5,0.105722
97.1206,1,496,0.105673
97.9866,1,495.5,0.105624
98.8526,1,495,0.105575
99.7187,1,494.5,0.105525
100.585,1,494,0.105475
101.451,1,493.5,0.105421
102.317,1,493,0.105362
103.183,1,492.5,0.105302
104.049,1,492,0.105241
104.915,1,491.5,0.10518
105.781,1,491,0.105119
106.647,1,490.5,0.105057
107.513,1,490,0.104989
108.379,1,489.5,0.10492
109.245,1,489,0.10485
110.111,1,488.5,0.104781
110.977,1,488,0.10471
111.843,1,487.5,0.104639
112.709,1,487,0.104565
113.575,1,486.5,0.104489
114.441,1,486,0.104412
115.307,1,485.5,0.104335
116.173,1,485,0.104257
117.039,1,484.5,0.104179
117.905,1,484,0.104099
118.771,1,483.5,0.104016
119.637,1,483,0.103933
120.503,1,482.5,0.103849
121.369,1,482,0.103765
122.235,1,481.5,0.10368
123.101,1,481,0.103595
123.967,1,480.5,0.103506
124.833,1,480,0.103418
125.699,1,479.5,0.103328
126.565,1,479,0.103238
127.431,1,478.5,0.103147
128.297,1,478,0.103056
129.164,1,477.5,0.102964
130.03,1,477,0.10287
130.896,1,476.5,0.102775
131.762,1,476,0.10268
132.628,1,475.5,0.102585
133.494,1,475,0.102489
134.36,1,474.5,0.102392
135.226,1,474,0.102294
136.092,1,473.5,0.102196
136.958,1,473,0.102097
137.824,1,472.5,0.101998
138.69,1,472,0.101898
139.556,1,471.5,0.101798
140.422,1,471,0.101698
141.288,1,470.5,0.101598
142.154,1,470,0.101497
143.02,1,469.5,0.101396
143.886,1,469,0.101295
144.752,1,468.5,0.101193
145.618,1,468,0.101095
146.484,1,467.5,0.100998
147.35,1,467,0.100902
148.216,1,466.5,0.100805
149.082,1,466,0.100708
149.948,1,465.5,0.100611
150.814,1,465,0.100521
151.68,1,464.5,0.10044
152.546,1,464,0.100358
153.412,1,463.5,0.100277
154.278,1,463,0.100197
155.144,1,462.5,0.100117
156.01,1,462,0.100042
156.876,1,461.5,0.0999899
157.742,1,461,0.0999391
158.608,1,460.5,0.0998897
159.474,1,460,0.0998417
160.34,1,459.5,0.0997951
161.206,1,459,0.0997499
162.072,1,458.5,0.0997337
162.939,1,458,0.0997241
163.805,1,457.5,0.0997168
164.671,1,457,0.0997117
165.537,1,456.5,0.0997103
166.403,1,456,0.0997149
167.269,1,455.5,0.0997484
168.135,1,455,0.0998073
169.001,1,454.5,0.0998703
169.867,1,454,0.0999372
170.733,1,453.5,0.100008
171.599,1,453,0.100083
172.465,1,452.5,0.100174
173.331,1,452,0.100312
174.197,1,451.5,0.100455
175.063,1,451,0.100607
175.929,1,450.5,0.100772
176.795,1,450,0.100944
177.661,1,449.5,0.101121
178.527,1,449,0.101368
179.393,1,448.5,0.101628
180.259,1,448,0.101896
181.125,1,447.5,0.102172
181.991,1,447,0.102457
182.857,1,446.5,0.102749
183.723,1,446,0.103092
184.589,1,445.5,0.103479
185.455,1,445,0.10389
186.321,1,444.5,0.104312
187.187,1,444,0.104746
188.053,1,443.5,0.105192
188.919,1,443,0.105671
189.785,1,442.5,0.106216
190.651,1,442,0.106776
191.517,1,441.5,0.10735
192.383,1,441,0.107937
193.249,1,440.5,0.108538
194.115,1,440,0.109169
194.981,1,439.5,0.109903
195.847,1,439,0.110658
196.714,1,438.5,0.111433
197.58,1,438,0.112226
198.446,1,437.5,0.113038
199.312,1,437,0.11387
200.178,1,436.5,0.114762
201.044,1,436,0.115698
201.91,1,435.5,0.116655
202.776,1,435,0.117634
203.642,1,434.5,0.118664
204.508,1,434,0.119745
205.374,1,433.5,0.120867
206.24,1,433,0.122047
207.106,1,432.5,0.123255
207.972,1,432,0.124492
208.838,1,431.5,0.125757
209.704,1,431,0.127051
210.57,1,430.5,0.128375
211.436,1,430,0.129756
212.302,1,429.5,0.131169
213.168,1,429,0.132664
214.034,1,428.5,0.134232
214.9,1,428,0.13584
215.766,1,427.5,0.137488
216.632,1,427,0.139172
217.498,1,426.5,0.140895
218.364,1,426,0.142659
219.23,1,425.5,0.144465
220.096,1,425,0.146313
220.962,1,424.5,0.148201
221.828,1,424,0.150098
222.694,1,423.5,0.152104
223.56,1,423,0.154217
224.426,1,422.5,0.156375
225.292,1,422,0.158578
226.158,1,421.5,0.160827
227.024,1,421,0.163096
227.89,1,420.5,0.165107
228.756,1,420,0.167128
229.622,1,419.5,0.169158
230.488,1,419,0.171198
231.355,1,418.5,0.173248
232.221,1,418,0.174962
233.087,1,417.5,0.176175
233.953,1,417,0.177231
234.819,1,416.5,0.17822
235.685,1,416,0.179141
236.551,1,415.5,0.179994
237.417,1,415,0.180779
238.283,1,414.5,0.181514
239.149,1,414,0.182241
240.015,1,413.5,0.182955
240.881,1,413,0.183657
241.747,1,412.5,0.184071
242.613,1,412,0.184522
243.479,1,411.5,0.185108
244.345,1,411,0.185832
245.211,1,410.5,0.18663
246.077,1,410,0.187504
246.943,1,409.5,0.188452
247.809,1,409,0.189474
248.675,1,408.5,0.190571
249.541,1,408,0.191059
250.407,1,407.5,0.191313
251.273,1,407,0.191855
252.139,1,406.5,0.192356
253.005,1,406,0.192744
253.871,1,405.5,0.19302
254.737,1,405,0.193174
255.603,1,404.5,0.193196
256.469,1,404,0.193087
257.335,1,403.5,0.192848
258.201,1,403,0.192479
259.067,1,402.5,0.19198
259.933,1,402,0.191452
260.799,1,401.5,0.191856
261.665,1,401,0.192188
262.531,1,400.5,0.192383
263.397,1,400,0.192443
264.263,1,399.5,0.192366
265.13,1,399,0.192152
265.996,1,398.5,0.19209
266.862,1,398,0.191965
267.728,1,397.5,0.19174
268.594,1,397,0.191413
269.46,1,396.5,0.190986
270.326,1,396,0.191097
271.192,1,395.5,0.19159
272.058,1,395,0.192368
272.924,1,394.5,0.193082
273.79,1,394,0.19373
274.656,1,393.5,0.194314
275.522,1,393,0.194833
276.388,1,392.5,0.195412
277.254,1,392,0.196372
278.12,1,391.5,0.197375
278.986,1,391,0.19844
279.852,1,390.5,0.200013
280.718,1,390,0.201552
281.584,1,389.5,0.203056
282.45,1,389,0.204435
283.316,1,388.5,0.205862
284.182,1,388,0.207347
285.048,1,387.5,0.20889
285.914,1,387,0.210491
286.78,1,386.5,0.212149
287.646,1,386,0.213981
288.512,1,385.5,0.216035
289.378,1,385,0.21842
290.244,1,384.5,0.220756
291.11,1,384,0.223044
291.976,1,383.5,0.225283
292.842,1,383,0.226752
293.708,1,382.5,0.226105
294.574,1,382,0.224764
295.44,1,381.5,0.222728
296.306,1,381,0.219998
297.172,1,380.5,0.216574
298.038,1,380,0.212486
298.905,1,379.5,0.211275
299.771,1,379,0.210274
300.637,1,378.5,0.209454
301.503,1,378,0.208815
302.369,1,377.5,0.208356
303.235,1,377,0.208079
304.101,1,376.5,0.209172
304.967,1,376,0.211095
305.833,1,375.5,0.21329
306.699,1,375,0.215757
307.565,1,374.5,0.218359
308.431,1,374,0.220679
309.297,1,373.5,0.223264
310.163,1,373,0.226125
311.029,1,372.5,0.229075
311.895,1,372,0.232114
312.761,1,371.5,0.235242
313.627,1,371,0.238458
314.493,1,370.5,0.241738
315.359,1,370,0.24454
316.225,1,369.5,0.247324
317.091,1,369,0.249936
317.957,1,368.5,0.252146
318.823,1,368,0.254366
319.689,1,367.5,0.256594
320.555,1,367,0.258364
321.421,1,366.5,0.260001
322.287,1,366,0.261679
323.153,1,365.5,0.263401
324.019,1,365,0.265164
324.885,1,364.5,0.26697
325.751,1,364,0.268362
326.617,1,363.5,0.269185
327.483,1,363,0.26994
328.349,1,362.5,0.270784
329.215,1,362,0.271717
330.081,1,361.5,0.27274
330.947,1,361,0.273374
331.813,1,360.5,0.269997
332.679,1,360,0.266943
333.546,1,359.5,0.264211
334.412,1,359,0.261803
335.278,1,358.5,0.259717
336.144,1,358,0.257824
337.01,1,357.5,0.25464
337.876,1,357,0.251023
338.742,1,356.5,0.24731
339.608,1,356,0.2435
340.474,1,355.5,0.239594
341.34,1,355,0.235592
342.206,1,354.5,0.234003
343.072,1,354,0.235465
343.938,1,353.5,0.237291
344.804,1,353,0.239482
345.67,1,352.5,0.241448
346.536,1,352,0.242705
347.402,1,351.5,0.246637
348.268,1,351,0.264717
349.134,1,350.5,0.280901
350,1,350,0.295189
350.866,1,349.5,0.307583
351.732,1,349,0.318081
352.598,1,348.5,0.326684
353.464,1,348,0.319711
354.33,1,347.5,0.313779
355.196,1,347,0.310008
356.062,1,346.5,0.305893
356.928,1,346,0.302279
357.794,1,345.5,0.299165
358.66,1,345,0.296891
359.526,1,344.5,0.295318
360.392,1,344,0.294116
361.258,1,343.5,0.293282
362.124,1,343,0.292818
362.99,1,342.5,0.292723
363.856,1,342,0.292964
364.722,1,341.5,0.293512
365.588,1,341,0.294195
366.454,1,340.5,0.294853
367.321,1,340,0.295484
368.187,1,339.5,0.296089
369.053,1,339,0.296668
369.919,1,338.5,0.29722
370.785,1,338,0.29777
371.651,1,337.5,0.298321
372.517,1,337,0.298873
373.383,1,336.5,0.299425
374.249,1,336,0.300235
375.115,1,335.5,0.301358
375.981,1,335,0.302582
376.847,1,334.5,0.30375
377.713,1,334,0.304862
378.579,1,333.5,0.305918
379.445,1,333,0.306917
380.311,1,332.5,0.308002
381.177,1,332,0.309536
382.043,1,331.5,0.311198
382.909,1,331,0.31299
383.775,1,330.5,0.31486
384.641,1,330,0.316721
385.507,1,329.5,0.318576
386.373,1,329,0.319285
387.239,1,328.5,0.320164
388.105,1,328,0.321273
388.971,1,327.5,0.322611
389.837,1,327,0.324179
390.703,1,326.5,0.325978
391.569,1,326,0.326673
392.435,1,325.5,0.326717
393.301,1,325,0.326697
394.167,1,324.5,0.32673
395.033,1,324,0.326854
395.899,1,323.5,0.327071
396.765,1,323,0.327115
397.631,1,322.5,0.326703
398.497,1,322,0.326394
399.363,1,321.5,0.326188
400.229,1,321,0.326083
401.095,1,320.5,0.32608
401.962,1,320,0.326149
402.828,1,319.5,0.323212
403.694,1,319,0.32061
404.56,1,318.5,0.31837
405.426,1,318,0.31649
406.292,1,317.5,0.314972
407.158,1,317,0.313815
408.024,1,316.5,0.30452
408.89,1,316,0.292114
409.756,1,315.5,0.280377
410.622,1,315,0.269308
411.488,1,314.5,0.258906
412.354,1,314,0.246217
413.22,1,313.5,0.232709
414.086,1,313,0.21834
414.952,1,312.5,0.20423
415.818,1,312,0.190379
416.684,1,311.5,0.176787
417.55,1,311,0.163454
418.416,1,310.5,0.151043
419.282,1,310,0.1482
420.148,1,309.5,0.145327
421.014,1,309,0.142423
421.88,1,308.5,0.139314
422.746,1,308,0.13626
423.612,1,307.5,0.133269
424.478,1,307,0.131415
425.344,1,306.5,0.129869
426.21,1,306,0.128255
427.076,1,305.5,0.126576
427.942,1,305,0.124829
428.808,1,304.5,0.123017
429.674,1,304,0.121704
430.54,1,303.5,0.121062
431.406,1,303,0.120331
432.272,1,302.5,0.119564
433.138,1,302,0.118762
434.004,1,301.5,0.117925
434.87,1,301,0.117125
435.737,1,300.5,0.116817
436.603,1,300,0.116483
437.469,1,299.5,0.116121
438.335,1,299,0.115732
439.201,1,298.5,0.115316
440.067,1,298,0.114873
440.933,1,297.5,0.114695
441.799,1,297,0.114575
442.665,1,296.5,0.114444
443.531,1,296,0.114303
444.397,1,295.5,0.114152
445.263,1,295,0.113991
446.129,1,294.5,0.113898
446.995,1,294,0.113879
447.861,1,293.5,0.113854
448.727,1,293,0.113822
449.593,1,292.5,0.113786
450.459,1,292,0.113749
451.325,1,291.5,0.113726
452.191,1,291,0.113787
453.057,1,290.5,0.113846
453.923,1,290,0.113903
454.789,1,289.5,0.113958
455.655,1,289,0.11401
456.521,1,288.5,0.114061
457.387,1,288,0.114135
458.253,1,287.5,0.11421
459.119,1,287,0.114285
459.985,1,286.5,0.114363
460.851,1,286,0.11444
461.717,1,285.5,0.114515
462.583,1,285,0.114587
463.449,1,284.5,0.114654
464.315,1,284,0.114718
465.181,1,283.5,0.114779
466.047,1,283,0.114838
466.913,1,282.5,0.114894
467.779,1,282,0.114947
468.645,1,281.5,0.115001
469.512,1,281,0.115061
470.378,1,280.5,0.11512
471.244,1,280,0.115176
472.11,1,279.5,0.115231
472.976,1,279,0.115284
473.842,1,278.5,0.115331
474.708,1,278,0.115376
475.574,1,277.5,0.115419
476.44,1,277,0.11546
477.306,1,276.5,0.1155
478.172,1,276,0.115539
479.038,1,275.5,0.115574
479.904,1,275,0.115602
480.77,1,274.5,0.115629
481.636,1,274,0.115653
482.502,1,273.5,0.115676
483.368,1,273,0.115696
484.234,1,272.5,0.115712
485.1,1,272,0.115718
485.966,1,271.5,0.115721
486.832,1,271,0.115723
487.698,1,270.5,0.115725
488.564,1,270,0.11573
489.43,1,269.5,0.115733
490.296,1,269,0.115724
491.162,1,268.5,0.115712
492.028,1,268,0.115697
492.894,1,267.5,0.115681
493.76,1,267,0.115662
494.626,1,266.5,0.115641
495.492,1,266,0.115611
496.358,1,265.5,0.115576
497.224,1,265,0.115545
498.09,1,264.5,0.115518
498.956,1,264,0.115489
499.822,1,263.5,0.115459
500.688,1,263,0.115423
501.554,1,262.5,0.11538
502.42,1,262,0.115334
503.286,1,261.5,0.115287
504.153,1,261,0.115238
505.019,1,260.5,0.115187
505.885,1,260,0.115134
506.751,1,259.5,0.115077
507.617,1,259,0.115025
508.483,1,258.5,0.114971
509.349,1,258,0.114915
510.215,1,257.5,0.114857
511.081,1,257,0.114798
511.947,1,256.5,0.114732
512.813,1,256,0.114662
513.679,1,255.5,0.114591
514.545,1,255,0.114519
515.411,1,254.5,0.114445
516.277,1,254,0.114376
517.143,1,253.5,0.114308
518.009,1,253,0.114234
518.875,1,252.5,0.11416
519.741,1,252,0.114084
520.607,1,251.5,0.114008
521.473,1,251,0.11393
522.339,1,250.5,0.113851
523.205,1,250,0.11376
524.071,1,249.5,0.113669
524.937,1,249,0.113578
525.803,1,248.5,0.113495
526.669,1,248,0.113415
527.535,1,247.5,0.113336
528.401,1,247,0.113248
529.267,1,246.5,0.113158
530.133,1,246,0.113068
530.999,1,245.5,0.112979
531.865,1,245,0.11289
532.731,1,244.5,0.112801
533.597,1,244,0.112709
534.463,1,243.5,0.112613
535.329,1,243,0.112527
536.195,1,242.5,0.112447
537.061,1,242,0.112367
537.928,1,241.5,0.112288
538.794,1,241,0.112208
539.66,1,240.5,0.112123
540.526,1,240,0.112038
541.392,1,239.5,0.111955
542.258,1,239,0.111873
543.124,1,238.5,0.111792
543.99,1,238,0.111712
544.856,1,237.5,0.111637
545.722,1,237,0.111565
546.588,1,236.5,0.111493
547.454,1,236,0.111423
548.32,1,235.5,0.111353
549.186,1,235,0.111285
550.052,1,234.5,0.111216
550.918,1,234,0.111147
551.784,1,233.5,0.11108
552.65,1,233,0.111013
553.516,1,232.5,0.110948
554.382,1,232,0.110892
555.248,1,231.5,0.110838
556.114,1,231,0.110783
556.98,1,230.5,0.11073
557.846,1,230,0.110678
558.712,1,229.5,0.110627
559.578,1,229,0.110577
560.444,1,228.5,0.110528
561.31,1,228,0.110479
562.176,1,227.5,0.110432
563.042,1,227,0.110386
563.908,1,226.5,0.110346
564.774,1,226,0.110308
565.64,1,225.5,0.11027
566.506,1,225,0.110232
567.372,1,224.5,0.110193
568.238,1,224,0.110156
569.104,1,223.5,0.110119
569.97,1,223,0.110082
570.836,1,222.5,0.110046
571.703,1,222,0.110011
572.569,1,221.5,0.109977
573.435,1,221,0.109947
574.301,1,220.5,0.109919
575.167,1,220,0.10989
576.033,1,219.5,0.109863
576.899,1,219,0.109836
577.765,1,218.5,0.109811
578.631,1,218,0.109786
579.497,1,217.5,0.109762
580.363,1,217,0.109738
581.229,1,216.5,0.109715
582.095,1,216,0.109693
582.961,1,215.5,0.109674
583.827,1,215,0.109656
584.693,1,214.5,0.109638
585.559,1,214,0.10962
586.425,1,213.5,0.109603
587.291,1,213,0.109587
588.157,1,212.5,0.109571
589.023,1,212,0.109556
589.889,1,211.5,0.109541
590.755,1,211,0.109527
591.621,1,210.5,0.109514
592.487,1,210,0.109501
593.353,1,209.5,0.10949
594.219,1,209,0.109479
595.085,1,208.5,0.109468
595.951,1,208,0.109458
596.817,1,207.5,0.109449
597.683,1,207,0.109439
598.549,1,206.5,0.10943
599.415,1,206,0.109421
600.281,1,205.5,0.109413
601.147,1,205,0.109405
602.013,1,204.5,0.109398
602.879,1,204,0.109392
603.745,1,203.5,0.109385
604.611,1,203,0.109379
605.477,1,202.5,0.109373
606.344,1,202,0.109368
607.21,1,201.5,0.109362
608.076,1,201,0.109357
608.942,1,200.5,0.109352
609.808,1,200,0.109347
