x,y,z,b
90.1924,1,500,0.109165
91.0584,1,499.5,0.109165
91.9244,1,499,0.109165
92.7905,1,498.5,0.109166
93.6565,1,498,0.109166
94.5225,1,497.5,0.109166
95.3885,1,497,0.109166
96.2546,1,496.5,0.109167
97.1206,1,496,0.109167
97.9866,1,495.5,0.109167
98.8526,1,495,0.109167
99.7187,1,494.5,0.109167
100.585,1,494,0.109168
101.451,1,493.5,0.109168
102.317,1,493,0.109168
103.183,1,492.5,0.109168
104.049,1,492,0.109169
104.915,1,491.5,0.109169
105.781,1,491,0.109169
106.647,1,490.5,0.109169
107.513,1,490,0.109169
108.379,1,489.5,0.10917
109.245,1,489,0.10917
110.111,1,488.5,0.10917
110.977,1,488,0.10917
111.843,1,487.5,0.10917
112.709,1,487,0.109171
113.575,1,486.5,0.109171
114.441,1,486,0.109171
115.307,1,485.5,0.109171
116.173,1,485,0.109171
117.039,1,484.5,0.109171
117.905,1,484,0.109172
118.771,1,483.5,0.109172
119.637,1,483,0.109172
120.503,1,482.5,0.109172
121.369,1,482,0.109172
122.235,1,481.5,0.109173
123.101,1,481,0.109173
123.967,1,480.5,0.109173
124.833,1,480,0.109173
125.699,1,479.5,0.109173
126.565,1,479,0.109173
127.431,1,478.5,0.109173
128.297,1,478,0.109174
129.164,1,477.5,0.109174
130.03,1,477,0.109174
130.896,1,476.5,0.109174
131.762,1,476,0.109174
132.628,1,475.5,0.109174
133.494,1,475,0.109175
134.36,1,474.5,0.109175
135.226,1,474,0.109175
136.092,1,473.5,0.109175
136.958,1,473,0.109175
137.824,1,472.5,0.109175
138.69,1,472,0.109175
139.556,1,471.5,0.109175
140.422,1,471,0.109176
141.288,1,470.5,0.109176
142.154,1,470,0.109176
143.02,1,469.5,0.109176
143.886,1,469,0.109176
144.752,1,468.5,0.109176
145.618,1,468,0.109176
146.484,1,467.5,0.109176
147.35,1,467,0.109176
148.216,1,466.5,0.109176
149.082,1,466,0.109176
149.948,1,465.5,0.109176
150.814,1,465,0.109176
151.68,1,464.5,0.109176
152.546,1,464,0.109176
153.412,1,463.5,0.109176
154.278,1,463,0.109176
155.144,1,462.5,0.109176
156.01,1,462,0.109176
156.876,1,461.5,0.109176
157.742,1,461,0.109176
158.608,1,460.5,0.109176
159.474,1,460,0.109176
160.34,1,459.5,0.109176
161.206,1,459,0.109176
162.072,1,458.5,0.109176
162.939,1,458,0.109176
163.805,1,457.5,0.109175
164.671,1,457,0.109175
165.537,1,456.5,0.109175
166.403,1,456,0.109175
167.269,1,455.5,0.109175
168.135,1,455,0.109174
169.001,1,454.5,0.109174
169.867,1,454,0.109174
170.733,1,453.5,0.109173
171.599,1,453,0.109173
172.465,1,452.5,0.109172
173.331,1,452,0.109172
174.197,1,451.5,0.109171
175.063,1,451,0.109171
175.929,1,450.5,0.10917
176.795,1,450,0.10917
177.661,1,449.5,0.10917
178.527,1,449,0.109169
179.393,1,448.5,0.109168
180.259,1,448,0.109167
181.125,1,447.5,0.109166
181.991,1,447,0.109166
182.857,1,446.5,0.109165
183.723,1,446,0.109164
184.589,1,445.5,0.109163
185.455,1,445,0.109162
186.321,1,444.5,0.109161
187.187,1,444,0.10916
188.053,1,443.5,0.109158
188.919,1,443,0.109157
189.785,1,442.5,0.109156
190.651,1,442,0.109154
191.517,1,441.5,0.109152
192.383,1,441,0.109151
193.249,1,440.5,0.109149
194.115,1,440,0.109147
194.981,1,439.5,0.109145
195.847,1,439,0.109143
196.714,1,438.5,0.109141
197.58,1,438,0.109139
198.446,1,437.5,0.109137
199.312,1,437,0.109135
200.178,1,436.5,0.109132
201.044,1,436,0.109129
201.91,1,435.5,0.109126
202.776,1,435,0.109123
203.642,1,434.5,0.10912
204.508,1,434,0.109117
205.374,1,433.5,0.109114
206.24,1,433,0.10911
207.106,1,432.5,0.109105
207.972,1,432,0.109101
208.838,1,431.5,0.109097
209.704,1,431,0.109093
210.57,1,430.5,0.109089
211.436,1,430,0.109083
212.302,1,429.5,0.109078
213.168,1,429,0.109072
214.034,1,428.5,0.109067
214.9,1,428,0.109061
215.766,1,427.5,0.109056
216.632,1,427,0.109049
217.498,1,426.5,0.109042
218.364,1,426,0.109035
219.23,1,425.5,0.109027
220.096,1,425,0.10902
220.962,1,424.5,0.109012
221.828,1,424,0.109004
222.694,1,423.5,0.108994
223.56,1,423,0.108984
224.426,1,422.5,0.108973
225.292,1,422,0.108963
226.158,1,421.5,0.108953
227.024,1,421,0.108942
227.89,1,420.5,0.108929
228.756,1,420,0.108915
229.622,1,419.5,0.108901
230.488,1,419,0.108887
231.355,1,418.5,0.108873
232.221,1,418,0.108859
233.087,1,417.5,0.108842
233.953,1,417,0.108824
234.819,1,416.5,0.108806
235.685,1,416,0.108787
236.551,1,415.5,0.108769
237.417,1,415,0.10875
238.283,1,414.5,0.108729
239.149,1,414,0.108704
240.015,1,413.5,0.108679
240.881,1,413,0.108654
241.747,1,412.5,0.108629
242.613,1,412,0.108603
243.479,1,411.5,0.108576
244.345,1,411,0.108542
245.211,1,410.5,0.108507
246.077,1,410,0.108471
246.943,1,409.5,0.108436
247.809,1,409,0.1084
248.675,1,408.5,0.108364
249.541,1,408,0.108318
250.407,1,407.5,0.10827
251.273,1,407,0.108223
252.139,1,406.5,0.108177
253.005,1,406,0.10813
253.871,1,405.5,0.108083
254.737,1,405,0.108027
255.603,1,404.5,0.107962
256.469,1,404,0.107897
257.335,1,403.5,0.107831
258.201,1,403,0.107764
259.067,1,402.5,0.107697
259.933,1,402,0.107625
260.799,1,401.5,0.107537
261.665,1,401,0.107448
262.531,1,400.5,0.107358
263.397,1,400,0.107268
264.263,1,399.5,0.107177
265.13,1,399,0.107085
265.996,1,398.5,0.106963
266.862,1,398,0.106836
267.728,1,397.5,0.106707
268.594,1,397,0.106577
269.46,1,396.5,0.106446
270.326,1,396,0.10632
271.192,1,395.5,0.106172
272.058,1,395,0.106007
272.924,1,394.5,0.10584
273.79,1,394,0.105672
274.656,1,393.5,0.105503
275.522,1,393,0.105333
276.388,1,392.5,0.105145
277.254,1,392,0.104905
278.12,1,391.5,0.104663
278.986,1,391,0.104419
279.852,1,390.5,0.104182
280.718,1,390,0.103946
281.584,1,389.5,0.103708
282.45,1,389,0.103401
283.316,1,388.5,0.103089
284.182,1,388,0.102776
285.048,1,387.5,0.102462
285.914,1,387,0.102148
286.78,1,386.5,0.101833
287.646,1,386,0.101416
288.512,1,385.5,0.100937
289.378,1,385,0.100479
290.244,1,384.5,0.100026
291.11,1,384,0.0995774
291.976,1,383.5,0.0991334
292.842,1,383,0.0985962
293.708,1,382.5,0.0978421
294.574,1,382,0.0970948
295.44,1,381.5,0.0963544
296.306,1,381,0.0956208
297.172,1,380.5,0.094894
298.038,1,380,0.0941861
298.905,1,379.5,0.0937807
299.771,1,379,0.093316
300.637,1,378.5,0.0927896
301.503,1,378,0.0922014
302.369,1,377.5,0.0915513
303.235,1,377,0.0908395
304.101,1,376.5,0.0913215
304.967,1,376,0.0921185
305.833,1,375.5,0.0925835
306.699,1,375,0.0927165
307.565,1,374.5,0.0926566
308.431,1,374,0.0928695
309.297,1,373.5,0.0954521
310.163,1,373,0.101784
311.029,1,372.5,0.107123
311.895,1,372,0.11147
312.761,1,371.5,0.114824
313.627,1,371,0.117186
314.493,1,370.5,0.118966
315.359,1,370,0.12871
316.225,1,369.5,0.138317
317.091,1,369,0.147955
317.957,1,368.5,0.157211
318.823,1,368,0.165277
319.689,1,367.5,0.172154
320.555,1,367,0.177583
321.421,1,366.5,0.183201
322.287,1,366,0.189333
323.153,1,365.5,0.19598
324.019,1,365,0.203142
324.885,1,364.5,0.210817
325.751,1,364,0.216212
326.617,1,363.5,0.217452
327.483,1,363,0.21799
328.349,1,362.5,0.219087
329.215,1,362,0.220745
330.081,1,361.5,0.222961
330.947,1,361,0.225293
331.813,1,360.5,0.224082
332.679,1,360,0.223097
333.546,1,359.5,0.222336
334.412,1,359,0.2218
335.278,1,358.5,0.221489
336.144,1,358,0.221138
337.01,1,357.5,0.219112
337.876,1,357,0.216435
338.742,1,356.5,0.213488
339.608,1,356,0.21027
340.474,1,355.5,0.206782
341.34,1,355,0.203024
342.206,1,354.5,0.198906
343.072,1,354,0.194179
343.938,1,353.5,0.188859
344.804,1,353,0.182943
345.67,1,352.5,0.1754
346.536,1,352,0.165482
347.402,1,351.5,0.159216
348.268,1,351,0.173616
349.134,1,350.5,0.177793
350,1,350,0.171747
350.866,1,349.5,0.155479
351.732,1,349,0.128988
352.598,1,348.5,0.0922743
353.464,1,348,0.0610946
354.33,1,347.5,0.0439292
355.196,1,347,0.0544368
356.062,1,346.5,0.0786918
356.928,1,346,0.0999198
357.794,1,345.5,0.118121
358.66,1,345,0.125941
359.526,1,344.5,0.12645
360.392,1,344,0.126933
361.258,1,343.5,0.127392
362.124,1,343,0.127826
362.99,1,342.5,0.128235
363.856,1,342,0.128435
364.722,1,341.5,0.127851
365.588,1,341,0.127267
366.454,1,340.5,0.126769
367.321,1,340,0.126355
368.187,1,339.5,0.126026
369.053,1,339,0.125783
369.919,1,338.5,0.125508
370.785,1,338,0.125283
371.651,1,337.5,0.125117
372.517,1,337,0.125011
373.383,1,336.5,0.124965
374.249,1,336,0.125141
375.115,1,335.5,0.125462
375.981,1,335,0.125804
376.847,1,334.5,0.126101
377.713,1,334,0.126355
378.579,1,333.5,0.126565
379.445,1,333,0.126731
380.311,1,332.5,0.126873
381.177,1,332,0.127036
382.043,1,331.5,0.127172
382.909,1,331,0.127283
383.775,1,330.5,0.127405
384.641,1,330,0.127525
385.507,1,329.5,0.127629
386.373,1,329,0.127638
387.239,1,328.5,0.127639
388.105,1,328,0.127636
388.971,1,327.5,0.127628
389.837,1,327,0.127616
390.703,1,326.5,0.127599
391.569,1,326,0.127545
392.435,1,325.5,0.12747
393.301,1,325,0.127428
394.167,1,324.5,0.127389
395.033,1,324,0.127341
395.899,1,323.5,0.127285
396.765,1,323,0.1272
397.631,1,322.5,0.127064
398.497,1,322,0.126924
399.363,1,321.5,0.126779
400.229,1,321,0.12663
401.095,1,320.5,0.126476
401.962,1,320,0.126318
402.828,1,319.5,0.126166
403.694,1,319,0.126011
404.56,1,318.5,0.125847
405.426,1,318,0.125675
406.292,1,317.5,0.125494
407.158,1,317,0.125303
408.024,1,316.5,0.125078
408.89,1,316,0.124833
409.756,1,315.5,0.124579
410.622,1,315,0.124315
411.488,1,314.5,0.124043
412.354,1,314,0.123829
413.22,1,313.5,0.123605
414.086,1,313,0.123356
414.952,1,312.5,0.123099
415.818,1,312,0.122835
416.684,1,311.5,0.122562
417.55,1,311,0.122283
418.416,1,310.5,0.121993
419.282,1,310,0.121661
420.148,1,309.5,0.121322
421.014,1,309,0.120976
421.88,1,308.5,0.120696
422.746,1,308,0.120414
423.612,1,307.5,0.120128
424.478,1,307,0.119813
425.344,1,306.5,0.119487
426.21,1,306,0.119159
427.076,1,305.5,0.118829
427.942,1,305,0.118497
428.808,1,304.5,0.118163
429.674,1,304,0.117813
430.54,1,303.5,0.117445
431.406,1,303,0.117145
432.272,1,302.5,0.116845
433.138,1,302,0.116546
434.004,1,301.5,0.116248
434.87,1,301,0.115948
435.737,1,300.5,0.11563
436.603,1,300,0.115315
437.469,1,299.5,0.115002
438.335,1,299,0.114693
439.201,1,298.5,0.114387
440.067,1,298,0.114089
440.933,1,297.5,0.113839
441.799,1,297,0.11359
442.665,1,296.5,0.113344
443.531,1,296,0.113103
444.397,1,295.5,0.112866
445.263,1,295,0.112632
446.129,1,294.5,0.1124
446.995,1,294,0.11217
447.861,1,293.5,0.111946
448.727,1,293,0.111726
449.593,1,292.5,0.111517
450.459,1,292,0.111344
451.325,1,291.5,0.111176
452.191,1,291,0.111012
453.057,1,290.5,0.110853
453.923,1,290,0.110698
454.789,1,289.5,0.110548
455.655,1,289,0.110401
456.521,1,288.5,0.110259
457.387,1,288,0.110127
458.253,1,287.5,0.11
459.119,1,287,0.109882
459.985,1,286.5,0.109788
460.851,1,286,0.109698
461.717,1,285.5,0.10961
462.583,1,285,0.109529
463.449,1,284.5,0.109454
464.315,1,284,0.109382
465.181,1,283.5,0.109313
466.047,1,283,0.109246
466.913,1,282.5,0.109183
467.779,1,282,0.109124
468.645,1,281.5,0.109077
469.512,1,281,0.109037
470.378,1,280.5,0.108999
471.244,1,280,0.108963
472.11,1,279.5,0.108928
472.976,1,279,0.108895
473.842,1,278.5,0.10887
474.708,1,278,0.108848
475.574,1,277.5,0.108826
476.44,1,277,0.108806
477.306,1,276.5,0.108788
478.172,1,276,0.108771
479.038,1,275.5,0.108761
479.904,1,275,0.108754
480.77,1,274.5,0.108748
481.636,1,274,0.108742
482.502,1,273.5,0.108737
483.368,1,273,0.108732
484.234,1,272.5,0.108728
485.1,1,272,0.108728
485.966,1,271.5,0.108728
486.832,1,271,0.108728
487.698,1,270.5,0.108728
488.564,1,270,0.108728
489.43,1,269.5,0.108728
490.296,1,269,0.108732
491.162,1,268.5,0.108735
492.028,1,268,0.108738
492.894,1,267.5,0.108742
493.76,1,267,0.108746
494.626,1,266.5,0.108749
495.492,1,266,0.108754
496.358,1,265.5,0.10876
497.224,1,265,0.108766
498.09,1,264.5,0.108771
498.956,1,264,0.108776
499.822,1,263.5,0.108781
500.688,1,263,0.108786
501.554,1,262.5,0.108793
502.42,1,262,0.108799
503.286,1,261.5,0.108805
504.153,1,261,0.108812
505.019,1,260.5,0.108818
505.885,1,260,0.108824
506.751,1,259.5,0.108831
507.617,1,259,0.108837
508.483,1,258.5,0.108842
509.349,1,258,0.108848
510.215,1,257.5,0.108854
511.081,1,257,0.10886
511.947,1,256.5,0.108866
512.813,1,256,0.108872
513.679,1,255.5,0.108878
514.545,1,255,0.108884
515.411,1,254.5,0.10889
516.277,1,254,0.108896
517.143,1,253.5,0.108901
518.009,1,253,0.108906
518.875,1,252.5,0.108911
519.741,1,252,0.108916
520.607,1,251.5,0.108921
521.473,1,251,0.108926
522.339,1,250.5,0.108931
523.205,1,250,0.108936
524.071,1,249.5,0.108942
524.937,1,249,0.108947
525.803,1,248.5,0.108951
526.669,1,248,0.108956
527.535,1,247.5,0.10896
528.401,1,247,0.108965
529.267,1,246.5,0.108969
530.133,1,246,0.108974
530.999,1,245.5,0.108978
531.865,1,245,0.108982
532.731,1,244.5,0.108987
533.597,1,244,0.108991
534.463,1,243.5,0.108995
535.329,1,243,0.108999
536.195,1,242.5,0.109002
537.061,1,242,0.109006
537.928,1,241.5,0.109009
538.794,1,241,0.109013
539.66,1,240.5,0.109016
540.526,1,240,0.109019
541.392,1,239.5,0.109023
542.258,1,239,0.109026
543.124,1,238.5,0.109029
543.99,1,238,0.109032
544.856,1,237.5,0.109035
545.722,1,237,0.109038
546.588,1,236.5,0.109041
547.454,1,236,0.109044
548.32,1,235.5,0.109047
549.186,1,235,0.109049
550.052,1,234.5,0.109052
550.918,1,234,0.109055
551.784,1,233.5,0.109058
552.65,1,233,0.10906
553.516,1,232.5,0.109063
554.382,1,232,0.109065
555.248,1,231.5,0.109067
556.114,1,231,0.109069
556.98,1,230.5,0.109072
557.846,1,230,0.109074
558.712,1,229.5,0.109076
559.578,1,229,0.109078
560.444,1,228.5,0.10908
561.31,1,228,0.109082
562.176,1,227.5,0.109084
563.042,1,227,0.109086
563.908,1,226.5,0.109087
564.774,1,226,0.109089
565.64,1,225.5,0.109091
566.506,1,225,0.109093
567.372,1,224.5,0.109094
568.238,1,224,0.109096
569.104,1,223.5,0.109098
569.97,1,223,0.109099
570.836,1,222.5,0.109101
571.703,1,222,0.109103
572.569,1,221.5,0.109104
573.435,1,221,0.109106
574.301,1,220.5,0.109107
575.167,1,220,0.109108
576.033,1,219.5,0.109109
576.899,1,219,0.109111
577.765,1,218.5,0.109112
578.631,1,218,0.109113
579.497,1,217.5,0.109114
580.363,1,217,0.109115
581.229,1,216.5,0.109117
582.095,1,216,0.109118
582.961,1,215.5,0.109119
583.827,1,215,0.10912
584.693,1,214.5,0.109121
585.559,1,214,0.109122
586.425,1,213.5,0.109123
587.291,1,213,0.109124
588.157,1,212.5,0.109125
589.023,1,212,0.109126
589.889,1,211.5,0.109127
590.755,1,211,0.109128
591.621,1,210.5,0.109129
592.487,1,210,0.10913
593.353,1,209.5,0.109131
594.219,1,209,0.109131
595.085,1,208.5,0.109132
595.951,1,208,0.109133
596.817,1,207.5,0.109134
597.683,1,207,0.109134
598.549,1,206.5,0.109135
599.415,1,206,0.109136
600.281,1,205.5,0.109137
601.147,1,205,0.109137
602.013,1,204.5,0.109138
602.879,1,204,0.109139
603.745,1,203.5,0.109139
604.611,1,203,0.10914
605.477,1,202.5,0.109141
606.344,1,202,0.109141
607.21,1,201.5,0.109142
608.076,1,201,0.109143
608.942,1,200.5,0.109143
609.808,1,200,0.109144
