x,y,z,b
90.1924,1,500,0.107778
91.0584,1,499.5,0.107761
91.9244,1,499,0.107743
92.7905,1,498.5,0.107726
93.6565,1,498,0.107708
94.5225,1,497.5,0.10769
95.3885,1,497,0.107671
96.2546,1,496.5,0.107651
97.1206,1,496,0.107628
97.9866,1,495.5,0.107605
98.8526,1,495,0.107582
99.7187,1,494.5,0.107559
100.585,1,494,0.107536
101.451,1,493.5,0.107511
102.317,1,493,0.107482
103.183,1,492.5,0.107454
104.049,1,492,0.107425
104.915,1,491.5,0.107396
105.781,1,491,0.107366
106.647,1,490.5,0.107337
107.513,1,490,0.107303
108.379,1,489.5,0.107269
109.245,1,489,0.107234
110.111,1,488.5,0.1072
110.977,1,488,0.107165
111.843,1,487.5,0.107129
112.709,1,487,0.107091
113.575,1,486.5,0.107051
114.441,1,486,0.10701
115.307,1,485.5,0.106969
116.173,1,485,0.106928
117.039,1,484.5,0.106887
117.905,1,484,0.106843
118.771,1,483.5,0.106797
119.637,1,483,0.106751
120.503,1,482.5,0.106704
121.369,1,482,0.106656
122.235,1,481.5,0.106608
123.101,1,481,0.10656
123.967,1,480.5,0.106507
124.833,1,480,0.106453
125.699,1,479.5,0.106399
126.565,1,479,0.106344
127.431,1,478.5,0.106289
128.297,1,478,0.106234
129.164,1,477.5,0.106174
130.03,1,477,0.106113
130.896,1,476.5,0.106051
131.762,1,476,0.105989
132.628,1,475.5,0.105926
133.494,1,475,0.105863
134.36,1,474.5,0.105796
135.226,1,474,0.105725
136.092,1,473.5,0.105653
136.958,1,473,0.105581
137.824,1,472.5,0.105508
138.69,1,472,0.105435
139.556,1,471.5,0.10536
140.422,1,471,0.105278
141.288,1,470.5,0.105196
142.154,1,470,0.105113
143.02,1,469.5,0.105029
143.886,1,469,0.104945
144.752,1,468.5,0.104859
145.618,1,468,0.104767
146.484,1,467.5,0.104671
147.35,1,467,0.104575
148.216,1,466.5,0.104478
149.082,1,466,0.10438
149.948,1,465.5,0.104281
150.814,1,465,0.104177
151.68,1,464.5,0.104067
152.546,1,464,0.103957
153.412,1,463.5,0.103845
154.278,1,463,0.103732
155.144,1,462.5,0.103619
156.01,1,462,0.103502
156.876,1,461.5,0.103375
157.742,1,461,0.103247
158.608,1,460.5,0.103118
159.474,1,460,0.102988
160.34,1,459.5,0.102856
161.206,1,459,0.102723
162.072,1,458.5,0.10258
162.939,1,458,0.102434
163.805,1,457.5,0.102287
164.671,1,457,0.102138
165.537,1,456.5,0.101988
166.403,1,456,0.101835
167.269,1,455.5,0.101675
168.135,1,455,0.101508
169.001,1,454.5,0.101339
169.867,1,454,0.101168
170.733,1,453.5,0.100996
171.599,1,453,0.100822
172.465,1,452.5,0.100644
173.331,1,452,0.100459
174.197,1,451.5,0.100271
175.063,1,451,0.100082
175.929,1,450.5,0.0998894
176.795,1,450,0.0996952
177.661,1,449.5,0.099499
178.527,1,449,0.0992915
179.393,1,448.5,0.0990811
180.259,1,448,0.0988686
181.125,1,447.5,0.0986541
181.991,1,447,0.0984376
182.857,1,446.5,0.098219
183.723,1,446,0.0979973
184.589,1,445.5,0.0977723
185.455,1,445,0.0975445
186.321,1,444.5,0.0973146
187.187,1,444,0.0970828
188.053,1,443.5,0.0968489
188.919,1,443,0.0966149
189.785,1,442.5,0.096384
190.651,1,442,0.0961516
191.517,1,441.5,0.0959176
192.383,1,441,0.0956822
193.249,1,440.5,0.0954452
194.115,1,440,0.0952067
194.981,1,439.5,0.0949891
195.847,1,439,0.0947724
196.714,1,438.5,0.0945561
197.58,1,438,0.0943402
198.446,1,437.5,0.0941246
199.312,1,437,0.0939093
200.178,1,436.5,0.0937451
201.044,1,436,0.0936126
201.91,1,435.5,0.0934864
202.776,1,435,0.0933665
203.642,1,434.5,0.093268
204.508,1,434,0.0931943
205.374,1,433.5,0.0931794
206.24,1,433,0.0932709
207.106,1,432.5,0.0933833
207.972,1,432,0.0935166
208.838,1,431.5,0.0936706
209.704,1,431,0.0938455
210.57,1,430.5,0.0940472
211.436,1,430,0.0944946
212.302,1,429.5,0.0949778
213.168,1,429,0.0955863
214.034,1,428.5,0.0963133
214.9,1,428,0.0971031
215.766,1,427.5,0.0979556
216.632,1,427,0.0990791
217.498,1,426.5,0.100366
218.364,1,426,0.101736
219.23,1,425.5,0.103188
220.096,1,425,0.104722
220.962,1,424.5,0.106339
221.828,1,424,0.108129
222.694,1,423.5,0.110495
223.56,1,423,0.113161
224.426,1,422.5,0.115949
225.292,1,422,0.11886
226.158,1,421.5,0.121892
227.024,1,421,0.125025
227.89,1,420.5,0.127997
228.756,1,420,0.131015
229.622,1,419.5,0.134081
230.488,1,419,0.137194
231.355,1,418.5,0.140355
232.221,1,418,0.143833
233.087,1,417.5,0.146894
233.953,1,417,0.149735
234.819,1,416.5,0.15251
235.685,1,416,0.155218
236.551,1,415.5,0.157859
237.417,1,415,0.160434
238.283,1,414.5,0.162676
239.149,1,414,0.164501
240.015,1,413.5,0.16622
240.881,1,413,0.167831
241.747,1,412.5,0.169354
242.613,1,412,0.170766
243.479,1,411.5,0.172062
244.345,1,411,0.173231
245.211,1,410.5,0.174243
246.077,1,410,0.175096
246.943,1,409.5,0.175792
247.809,1,409,0.17633
248.675,1,408.5,0.17671
249.541,1,408,0.177467
250.407,1,407.5,0.178274
251.273,1,407,0.178794
252.139,1,406.5,0.179243
253.005,1,406,0.179662
253.871,1,405.5,0.180054
254.737,1,405,0.180689
255.603,1,404.5,0.181594
256.469,1,404,0.182522
257.335,1,403.5,0.183473
258.201,1,403,0.184446
259.067,1,402.5,0.185442
259.933,1,402,0.186616
260.799,1,401.5,0.188144
261.665,1,401,0.189678
262.531,1,400.5,0.191254
263.397,1,400,0.19287
264.263,1,399.5,0.194528
265.13,1,399,0.196228
265.996,1,398.5,0.197996
266.862,1,398,0.199882
267.728,1,397.5,0.201884
268.594,1,397,0.204004
269.46,1,396.5,0.206241
270.326,1,396,0.20853
271.192,1,395.5,0.21059
272.058,1,395,0.212532
272.924,1,394.5,0.214568
273.79,1,394,0.216699
274.656,1,393.5,0.218925
275.522,1,393,0.221246
276.388,1,392.5,0.223641
277.254,1,392,0.225987
278.12,1,391.5,0.228294
278.986,1,391,0.230534
279.852,1,390.5,0.231896
280.718,1,390,0.233245
281.584,1,389.5,0.234581
282.45,1,389,0.235432
283.316,1,388.5,0.236391
284.182,1,388,0.237495
285.048,1,387.5,0.238745
285.914,1,387,0.240139
286.78,1,386.5,0.241679
287.646,1,386,0.243846
288.512,1,385.5,0.246771
289.378,1,385,0.252083
290.244,1,384.5,0.257636
291.11,1,384,0.263431
291.976,1,383.5,0.269466
292.842,1,383,0.275905
293.708,1,382.5,0.282542
294.574,1,382,0.288783
295.44,1,381.5,0.294627
296.306,1,381,0.300074
297.172,1,380.5,0.305124
298.038,1,380,0.309421
298.905,1,379.5,0.309273
299.771,1,379,0.309182
300.637,1,378.5,0.309171
301.503,1,378,0.309241
302.369,1,377.5,0.309391
303.235,1,377,0.309621
304.101,1,376.5,0.304837
304.967,1,376,0.298326
305.833,1,375.5,0.292659
306.699,1,375,0.287835
307.565,1,374.5,0.283752
308.431,1,374,0.280074
309.297,1,373.5,0.273829
310.163,1,373,0.261856
311.029,1,372.5,0.249699
311.895,1,372,0.237359
312.761,1,371.5,0.224835
313.627,1,371,0.212127
314.493,1,370.5,0.199811
315.359,1,370,0.198966
316.225,1,369.5,0.197403
317.091,1,369,0.195375
317.957,1,368.5,0.193019
318.823,1,368,0.189546
319.689,1,367.5,0.184955
320.555,1,367,0.189229
321.421,1,366.5,0.196933
322.287,1,366,0.204535
323.153,1,365.5,0.212036
324.019,1,365,0.219436
324.885,1,364.5,0.226734
325.751,1,364,0.232382
326.617,1,363.5,0.235752
327.483,1,363,0.239054
328.349,1,362.5,0.242649
329.215,1,362,0.246538
330.081,1,361.5,0.25072
330.947,1,361,0.254747
331.813,1,360.5,0.254986
332.679,1,360,0.255302
333.546,1,359.5,0.255694
334.412,1,359,0.256163
335.278,1,358.5,0.256709
336.144,1,358,0.257369
337.01,1,357.5,0.257117
337.876,1,357,0.25672
338.742,1,356.5,0.256482
339.608,1,356,0.256403
340.474,1,355.5,0.256482
341.34,1,355,0.256719
342.206,1,354.5,0.256002
343.072,1,354,0.254504
343.938,1,353.5,0.253577
344.804,1,353,0.253219
345.67,1,352.5,0.252288
346.536,1,352,0.250024
347.402,1,351.5,0.249964
348.268,1,351,0.261963
349.134,1,350.5,0.272249
350,1,350,0.280821
350.866,1,349.5,0.287679
351.732,1,349,0.292824
352.598,1,348.5,0.296255
353.464,1,348,0.276225
354.33,1,347.5,0.254863
355.196,1,347,0.239318
356.062,1,346.5,0.228619
356.928,1,346,0.220177
357.794,1,345.5,0.213993
358.66,1,345,0.209051
359.526,1,344.5,0.202822
360.392,1,344,0.195395
361.258,1,343.5,0.18677
362.124,1,343,0.176949
362.99,1,342.5,0.16593
363.856,1,342,0.156023
364.722,1,341.5,0.154788
365.588,1,341,0.153078
366.454,1,340.5,0.149879
367.321,1,340,0.14519
368.187,1,339.5,0.139013
369.053,1,339,0.131345
369.919,1,338.5,0.13287
370.785,1,338,0.134997
371.651,1,337.5,0.136564
372.517,1,337,0.137572
373.383,1,336.5,0.138019
374.249,1,336,0.138195
375.115,1,335.5,0.139092
375.981,1,335,0.140712
376.847,1,334.5,0.142247
377.713,1,334,0.143697
378.579,1,333.5,0.145064
379.445,1,333,0.146346
380.311,1,332.5,0.146924
381.177,1,332,0.145811
382.043,1,331.5,0.144733
382.909,1,331,0.143692
383.775,1,330.5,0.142631
384.641,1,330,0.141543
385.507,1,329.5,0.140442
386.373,1,329,0.138769
387.239,1,328.5,0.137089
388.105,1,328,0.13543
388.971,1,327.5,0.133791
389.837,1,327,0.132174
390.703,1,326.5,0.130577
391.569,1,326,0.129264
392.435,1,325.5,0.128127
393.301,1,325,0.126967
394.167,1,324.5,0.125827
395.033,1,324,0.124722
395.899,1,323.5,0.123651
396.765,1,323,0.122733
397.631,1,322.5,0.122087
398.497,1,322,0.121466
399.363,1,321.5,0.120871
400.229,1,321,0.1203
401.095,1,320.5,0.119755
401.962,1,320,0.119237
402.828,1,319.5,0.118907
403.694,1,319,0.118589
404.56,1,318.5,0.118286
405.426,1,318,0.117999
406.292,1,317.5,0.117727
407.158,1,317,0.11747
408.024,1,316.5,0.117334
408.89,1,316,0.11725
409.756,1,315.5,0.117168
410.622,1,315,0.117089
411.488,1,314.5,0.117013
412.354,1,314,0.116938
413.22,1,313.5,0.116902
414.086,1,313,0.116927
414.952,1,312.5,0.116951
415.818,1,312,0.116973
416.684,1,311.5,0.116994
417.55,1,311,0.117014
418.416,1,310.5,0.117038
419.282,1,310,0.117137
420.148,1,309.5,0.117228
421.014,1,309,0.117311
421.88,1,308.5,0.117398
422.746,1,308,0.117478
423.612,1,307.5,0.117552
424.478,1,307,0.117653
425.344,1,306.5,0.117759
426.21,1,306,0.117859
427.076,1,305.5,0.117953
427.942,1,305,0.118041
428.808,1,304.5,0.118122
429.674,1,304,0.118206
430.54,1,303.5,0.118299
431.406,1,303,0.1184
432.272,1,302.5,0.118496
433.138,1,302,0.118587
434.004,1,301.5,0.118674
434.87,1,301,0.118757
435.737,1,300.5,0.118837
436.603,1,300,0.118915
437.469,1,299.5,0.11899
438.335,1,299,0.119062
439.201,1,298.5,0.119131
440.067,1,298,0.119199
440.933,1,297.5,0.119261
441.799,1,297,0.119319
442.665,1,296.5,0.119375
443.531,1,296,0.119429
444.397,1,295.5,0.11948
445.263,1,295,0.119529
446.129,1,294.5,0.119568
446.995,1,294,0.119596
447.861,1,293.5,0.119623
448.727,1,293,0.119649
449.593,1,292.5,0.119673
450.459,1,292,0.119696
451.325,1,291.5,0.119715
452.191,1,291,0.119715
453.057,1,290.5,0.119715
453.923,1,290,0.119712
454.789,1,289.5,0.119708
455.655,1,289,0.119703
456.521,1,288.5,0.119696
457.387,1,288,0.119673
458.253,1,287.5,0.119645
459.119,1,287,0.119616
459.985,1,286.5,0.119585
460.851,1,286,0.119553
461.717,1,285.5,0.119519
462.583,1,285,0.119473
463.449,1,284.5,0.119418
464.315,1,284,0.119362
465.181,1,283.5,0.119304
466.047,1,283,0.119244
466.913,1,282.5,0.119183
467.779,1,282,0.119117
468.645,1,281.5,0.119039
469.512,1,281,0.118963
470.378,1,280.5,0.118886
471.244,1,280,0.118807
472.11,1,279.5,0.118727
472.976,1,279,0.118645
473.842,1,278.5,0.11855
474.708,1,278,0.118453
475.574,1,277.5,0.118354
476.44,1,277,0.118254
477.306,1,276.5,0.118152
478.172,1,276,0.118053
479.038,1,275.5,0.117955
479.904,1,275,0.11785
480.77,1,274.5,0.117745
481.636,1,274,0.117639
482.502,1,273.5,0.117531
483.368,1,273,0.117423
484.234,1,272.5,0.117311
485.1,1,272,0.117187
485.966,1,271.5,0.117063
486.832,1,271,0.116939
487.698,1,270.5,0.116821
488.564,1,270,0.116713
489.43,1,269.5,0.116604
490.296,1,269,0.116484
491.162,1,268.5,0.116364
492.028,1,268,0.116244
492.894,1,267.5,0.116125
493.76,1,267,0.116006
494.626,1,266.5,0.115887
495.492,1,266,0.115762
496.358,1,265.5,0.115633
497.224,1,265,0.11551
498.09,1,264.5,0.115394
498.956,1,264,0.115279
499.822,1,263.5,0.115165
500.688,1,263,0.115049
501.554,1,262.5,0.11493
502.42,1,262,0.114811
503.286,1,261.5,0.114693
504.153,1,261,0.114576
505.019,1,260.5,0.11446
505.885,1,260,0.114346
506.751,1,259.5,0.114232
507.617,1,259,0.114125
508.483,1,258.5,0.114018
509.349,1,258,0.113913
510.215,1,257.5,0.113809
511.081,1,257,0.113707
511.947,1,256.5,0.113602
512.813,1,256,0.113497
513.679,1,255.5,0.113393
514.545,1,255,0.113291
515.411,1,254.5,0.11319
516.277,1,254,0.113097
517.143,1,253.5,0.113008
518.009,1,253,0.112918
518.875,1,252.5,0.112829
519.741,1,252,0.112742
520.607,1,251.5,0.112656
521.473,1,251,0.112571
522.339,1,250.5,0.112487
523.205,1,250,0.112403
524.071,1,249.5,0.11232
524.937,1,249,0.112238
525.803,1,248.5,0.112165
526.669,1,248,0.112096
527.535,1,247.5,0.112028
528.401,1,247,0.11196
529.267,1,246.5,0.111894
530.133,1,246,0.111829
530.999,1,245.5,0.111764
531.865,1,245,0.111701
532.731,1,244.5,0.111639
533.597,1,244,0.111577
534.463,1,243.5,0.111516
535.329,1,243,0.111459
536.195,1,242.5,0.111405
537.061,1,242,0.111351
537.928,1,241.5,0.111297
538.794,1,241,0.111245
539.66,1,240.5,0.111193
540.526,1,240,0.111142
541.392,1,239.5,0.111092
542.258,1,239,0.111042
543.124,1,238.5,0.110993
543.99,1,238,0.110945
544.856,1,237.5,0.110901
545.722,1,237,0.110858
546.588,1,236.5,0.110816
547.454,1,236,0.110774
548.32,1,235.5,0.110733
549.186,1,235,0.110693
550.052,1,234.5,0.110653
550.918,1,234,0.110614
551.784,1,233.5,0.110574
552.65,1,233,0.110536
553.516,1,232.5,0.110498
554.382,1,232,0.110463
555.248,1,231.5,0.110428
556.114,1,231,0.110394
556.98,1,230.5,0.110361
557.846,1,230,0.110328
558.712,1,229.5,0.110295
559.578,1,229,0.110263
560.444,1,228.5,0.110232
561.31,1,228,0.110201
562.176,1,227.5,0.110171
563.042,1,227,0.110142
563.908,1,226.5,0.110115
564.774,1,226,0.110089
565.64,1,225.5,0.110064
566.506,1,225,0.110039
567.372,1,224.5,0.110014
568.238,1,224,0.10999
569.104,1,223.5,0.109966
569.97,1,223,0.109942
570.836,1,222.5,0.109919
571.703,1,222,0.109897
572.569,1,221.5,0.109874
573.435,1,221,0.109854
574.301,1,220.5,0.109834
575.167,1,220,0.109814
576.033,1,219.5,0.109795
576.899,1,219,0.109776
577.765,1,218.5,0.109757
578.631,1,218,0.109739
579.497,1,217.5,0.10972
580.363,1,217,0.109703
581.229,1,216.5,0.109685
582.095,1,216,0.109668
582.961,1,215.5,0.109653
583.827,1,215,0.109638
584.693,1,214.5,0.109623
585.559,1,214,0.109609
586.425,1,213.5,0.109595
587.291,1,213,0.109581
588.157,1,212.5,0.109567
589.023,1,212,0.109554
589.889,1,211.5,0.10954
590.755,1,211,0.109527
591.621,1,210.5,0.109515
592.487,1,210,0.109504
593.353,1,209.5,0.109494
594.219,1,209,0.109484
595.085,1,208.5,0.109474
595.951,1,208,0.109465
596.817,1,207.5,0.109456
597.683,1,207,0.109446
598.549,1,206.5,0.109437
599.415,1,206,0.109429
600.281,1,205.5,0.10942
601.147,1,205,0.109412
602.013,1,204.5,0.109404
602.879,1,204,0.109396
603.745,1,203.5,0.109389
604.611,1,203,0.109381
605.477,1,202.5,0.109374
606.344,1,202,0.109368
607.21,1,201.5,0.109361
608.076,1,201,0.109355
608.942,1,200.5,0.109348
609.808,1,200,0.109342
