x,y,z,b
90.1924,1,500,0.10457
91.0584,1,499.5,0.104545
91.9244,1,499,0.10452
92.7905,1,498.5,0.104495
93.6565,1,498,0.10447
94.5225,1,497.5,0.104445
95.3885,1,497,0.10442
96.2546,1,496.5,0.104387
97.1206,1,496,0.104351
97.9866,1,495.5,0.104314
98.8526,1,495,0.104277
99.7187,1,494.5,0.10424
100.585,1,494,0.104204
101.451,1,493.5,0.104164
102.317,1,493,0.104117
103.183,1,492.5,0.104071
104.049,1,492,0.104025
104.915,1,491.5,0.103978
105.781,1,491,0.103932
106.647,1,490.5,0.103886
107.513,1,490,0.103841
108.379,1,489.5,0.103796
109.245,1,489,0.103752
110.111,1,488.5,0.103709
110.977,1,488,0.103665
111.843,1,487.5,0.103622
112.709,1,487,0.103585
113.575,1,486.5,0.103552
114.441,1,486,0.103519
115.307,1,485.5,0.103487
116.173,1,485,0.103455
117.039,1,484.5,0.103424
117.905,1,484,0.103398
118.771,1,483.5,0.103383
119.637,1,483,0.103368
120.503,1,482.5,0.103354
121.369,1,482,0.103341
122.235,1,481.5,0.103329
123.101,1,481,0.103318
123.967,1,480.5,0.103325
124.833,1,480,0.103333
125.699,1,479.5,0.103342
126.565,1,479,0.103352
127.431,1,478.5,0.103363
128.297,1,478,0.103377
129.164,1,477.5,0.103405
130.03,1,477,0.10344
130.896,1,476.5,0.103475
131.762,1,476,0.103513
132.628,1,475.5,0.103551
133.494,1,475,0.103591
134.36,1,474.5,0.103642
135.226,1,474,0.103708
136.092,1,473.5,0.103775
136.958,1,473,0.103845
137.824,1,472.5,0.103918
138.69,1,472,0.103992
139.556,1,471.5,0.104072
140.422,1,471,0.104175
141.288,1,470.5,0.10428
142.154,1,470,0.104387
143.02,1,469.5,0.104496
143.886,1,469,0.104608
144.752,1,468.5,0.104722
145.618,1,468,0.10486
146.484,1,467.5,0.105007
147.35,1,467,0.105159
148.216,1,466.5,0.105313
149.082,1,466,0.10547
149.948,1,465.5,0.10563
150.814,1,465,0.105806
151.68,1,464.5,0.105999
152.546,1,464,0.106195
153.412,1,463.5,0.106395
154.278,1,463,0.106597
155.144,1,462.5,0.106802
156.01,1,462,0.107016
156.876,1,461.5,0.10726
157.742,1,461,0.107507
158.608,1,460.5,0.107757
159.474,1,460,0.108011
160.34,1,459.5,0.108269
161.206,1,459,0.10853
162.072,1,458.5,0.108815
162.939,1,458,0.109107
163.805,1,457.5,0.109402
164.671,1,457,0.109701
165.537,1,456.5,0.110004
166.403,1,456,0.110313
167.269,1,455.5,0.110637
168.135,1,455,0.110974
169.001,1,454.5,0.111315
169.867,1,454,0.11166
170.733,1,453.5,0.112009
171.599,1,453,0.112362
172.465,1,452.5,0.11272
173.331,1,452,0.113091
174.197,1,451.5,0.113465
175.063,1,451,0.113845
175.929,1,450.5,0.114231
176.795,1,450,0.114621
177.661,1,449.5,0.115015
178.527,1,449,0.115418
179.393,1,448.5,0.115826
180.259,1,448,0.116237
181.125,1,447.5,0.116653
181.991,1,447,0.117072
182.857,1,446.5,0.117495
183.723,1,446,0.117921
184.589,1,445.5,0.118349
185.455,1,445,0.118782
186.321,1,444.5,0.119218
187.187,1,444,0.119659
188.053,1,443.5,0.120104
188.919,1,443,0.120551
189.785,1,442.5,0.120998
190.651,1,442,0.121448
191.517,1,441.5,0.121904
192.383,1,441,0.122363
193.249,1,440.5,0.122828
194.115,1,440,0.123298
194.981,1,439.5,0.123766
195.847,1,439,0.12424
196.714,1,438.5,0.12472
197.58,1,438,0.125207
198.446,1,437.5,0.1257
199.312,1,437,0.126199
200.178,1,436.5,0.126705
201.044,1,436,0.127218
201.91,1,435.5,0.12774
202.776,1,435,0.128269
203.642,1,434.5,0.128809
204.508,1,434,0.12936
205.374,1,433.5,0.129928
206.24,1,433,0.130526
207.106,1,432.5,0.13114
207.972,1,432,0.13177
208.838,1,431.5,0.132417
209.704,1,431,0.13308
210.57,1,430.5,0.13376
211.436,1,430,0.1345
212.302,1,429.5,0.135258
213.168,1,429,0.136038
214.034,1,428.5,0.136844
214.9,1,428,0.137674
215.766,1,427.5,0.138527
216.632,1,427,0.139483
217.498,1,426.5,0.140511
218.364,1,426,0.141579
219.23,1,425.5,0.14269
220.096,1,425,0.143842
220.962,1,424.5,0.145036
221.828,1,424,0.146367
222.694,1,423.5,0.147951
223.56,1,423,0.149612
224.426,1,422.5,0.151325
225.292,1,422,0.153087
226.158,1,421.5,0.1549
227.024,1,421,0.156748
227.89,1,420.5,0.158446
228.756,1,420,0.160157
229.622,1,419.5,0.16188
230.488,1,419,0.163615
231.355,1,418.5,0.165362
232.221,1,418,0.16687
233.087,1,417.5,0.167745
233.953,1,417,0.168374
234.819,1,416.5,0.168898
235.685,1,416,0.169316
236.551,1,415.5,0.16963
237.417,1,415,0.169839
238.283,1,414.5,0.169923
239.149,1,414,0.169966
240.015,1,413.5,0.170027
240.881,1,413,0.170104
241.747,1,412.5,0.170197
242.613,1,412,0.170402
243.479,1,411.5,0.170781
244.345,1,411,0.171587
245.211,1,410.5,0.172518
246.077,1,410,0.173573
246.943,1,409.5,0.174754
247.809,1,409,0.176059
248.675,1,408.5,0.177489
249.541,1,408,0.178637
250.407,1,407.5,0.17972
251.273,1,407,0.181079
252.139,1,406.5,0.182433
253.005,1,406,0.183729
253.871,1,405.5,0.184965
254.737,1,405,0.185846
255.603,1,404.5,0.186366
256.469,1,404,0.186808
257.335,1,403.5,0.187169
258.201,1,403,0.187452
259.067,1,402.5,0.187655
259.933,1,402,0.187815
260.799,1,401.5,0.188235
261.665,1,401,0.188657
262.531,1,400.5,0.189069
263.397,1,400,0.189469
264.263,1,399.5,0.189858
265.13,1,399,0.190236
265.996,1,398.5,0.190556
266.862,1,398,0.190823
267.728,1,397.5,0.19104
268.594,1,397,0.191208
269.46,1,396.5,0.191326
270.326,1,396,0.191424
271.192,1,395.5,0.191451
272.058,1,395,0.191511
272.924,1,394.5,0.191572
273.79,1,394,0.191633
274.656,1,393.5,0.191695
275.522,1,393,0.191758
276.388,1,392.5,0.191668
277.254,1,392,0.191195
278.12,1,391.5,0.190849
278.986,1,391,0.190623
279.852,1,390.5,0.190275
280.718,1,390,0.190003
281.584,1,389.5,0.189805
282.45,1,389,0.189667
283.316,1,388.5,0.189583
284.182,1,388,0.189554
285.048,1,387.5,0.189579
285.914,1,387,0.189658
286.78,1,386.5,0.189791
287.646,1,386,0.190131
288.512,1,385.5,0.19058
289.378,1,385,0.191349
290.244,1,384.5,0.19202
291.11,1,384,0.192592
291.976,1,383.5,0.193065
292.842,1,383,0.193617
293.708,1,382.5,0.194431
294.574,1,382,0.19508
295.44,1,381.5,0.195563
296.306,1,381,0.19588
297.172,1,380.5,0.196033
298.038,1,380,0.19607
298.905,1,379.5,0.197394
299.771,1,379,0.198537
300.637,1,378.5,0.199487
301.503,1,378,0.200245
302.369,1,377.5,0.200811
303.235,1,377,0.201184
304.101,1,376.5,0.202333
304.967,1,376,0.203804
305.833,1,375.5,0.205142
306.699,1,375,0.206347
307.565,1,374.5,0.207519
308.431,1,374,0.208894
309.297,1,373.5,0.210656
310.163,1,373,0.213261
311.029,1,372.5,0.215744
311.895,1,372,0.218104
312.761,1,371.5,0.220341
313.627,1,371,0.222455
314.493,1,370.5,0.224424
315.359,1,370,0.225938
316.225,1,369.5,0.227601
317.091,1,369,0.229402
317.957,1,368.5,0.231236
318.823,1,368,0.233073
319.689,1,367.5,0.234912
320.555,1,367,0.235011
321.421,1,366.5,0.234756
322.287,1,366,0.234831
323.153,1,365.5,0.235237
324.019,1,365,0.235972
324.885,1,364.5,0.237038
325.751,1,364,0.237144
326.617,1,363.5,0.235628
327.483,1,363,0.234203
328.349,1,362.5,0.233202
329.215,1,362,0.232626
330.081,1,361.5,0.232474
330.947,1,361,0.232305
331.813,1,360.5,0.228477
332.679,1,360,0.224743
333.546,1,359.5,0.221105
334.412,1,359,0.217562
335.278,1,358.5,0.214114
336.144,1,358,0.210883
337.01,1,357.5,0.207097
337.876,1,357,0.202553
338.742,1,356.5,0.197464
339.608,1,356,0.19183
340.474,1,355.5,0.18565
341.34,1,355,0.178925
342.206,1,354.5,0.177301
343.072,1,354,0.181576
343.938,1,353.5,0.185486
344.804,1,353,0.18903
345.67,1,352.5,0.192074
346.536,1,352,0.19311
347.402,1,351.5,0.195814
348.268,1,351,0.217836
349.134,1,350.5,0.237436
350,1,350,0.254613
350.866,1,349.5,0.269368
351.732,1,349,0.2817
352.598,1,348.5,0.29161
353.464,1,348,0.282084
354.33,1,347.5,0.2696
355.196,1,347,0.260803
356.062,1,346.5,0.25518
356.928,1,346,0.249831
357.794,1,345.5,0.244756
358.66,1,345,0.241216
359.526,1,344.5,0.238948
360.392,1,344,0.236784
361.258,1,343.5,0.234722
362.124,1,343,0.232764
362.99,1,342.5,0.23091
363.856,1,342,0.229561
364.722,1,341.5,0.231978
365.588,1,341,0.235625
366.454,1,340.5,0.239005
367.321,1,340,0.242116
368.187,1,339.5,0.24496
369.053,1,339,0.247537
369.919,1,338.5,0.249515
370.785,1,338,0.251228
371.651,1,337.5,0.252714
372.517,1,337,0.253972
373.383,1,336.5,0.255004
374.249,1,336,0.254937
375.115,1,335.5,0.254447
375.981,1,335,0.254014
376.847,1,334.5,0.253607
377.713,1,334,0.253225
378.579,1,333.5,0.252869
379.445,1,333,0.252539
380.311,1,332.5,0.251924
381.177,1,332,0.250582
382.043,1,331.5,0.24941
382.909,1,331,0.248408
383.775,1,330.5,0.248299
384.641,1,330,0.248555
385.507,1,329.5,0.248879
386.373,1,329,0.248502
387.239,1,328.5,0.248084
388.105,1,328,0.247661
388.971,1,327.5,0.247232
389.837,1,327,0.246798
390.703,1,326.5,0.246358
391.569,1,326,0.246128
392.435,1,325.5,0.245964
393.301,1,325,0.246448
394.167,1,324.5,0.247023
395.033,1,324,0.247483
395.899,1,323.5,0.247828
396.765,1,323,0.248765
397.631,1,322.5,0.250831
398.497,1,322,0.252433
399.363,1,321.5,0.253574
400.229,1,321,0.254252
401.095,1,320.5,0.254468
401.962,1,320,0.254262
402.828,1,319.5,0.258616
403.694,1,319,0.262422
404.56,1,318.5,0.265483
405.426,1,318,0.2678
406.292,1,317.5,0.269373
407.158,1,317,0.270201
408.024,1,316.5,0.272925
408.89,1,316,0.276269
409.756,1,315.5,0.279113
410.622,1,315,0.281455
411.488,1,314.5,0.283297
412.354,1,314,0.286025
413.22,1,313.5,0.288686
414.086,1,313,0.291922
414.952,1,312.5,0.295074
415.818,1,312,0.298144
416.684,1,311.5,0.301131
417.55,1,311,0.304034
418.416,1,310.5,0.306092
419.282,1,310,0.296564
420.148,1,309.5,0.285841
421.014,1,309,0.273923
421.88,1,308.5,0.259345
422.746,1,308,0.241835
423.612,1,307.5,0.221414
424.478,1,307,0.196348
425.344,1,306.5,0.172135
426.21,1,306,0.14997
427.076,1,305.5,0.129851
427.942,1,305,0.111779
428.808,1,304.5,0.0957546
429.674,1,304,0.087835
430.54,1,303.5,0.0897529
431.406,1,303,0.0967935
432.272,1,302.5,0.104218
433.138,1,302,0.112028
434.004,1,301.5,0.120222
434.87,1,301,0.128754
435.737,1,300.5,0.136851
436.603,1,300,0.144467
437.469,1,299.5,0.151603
438.335,1,299,0.158259
439.201,1,298.5,0.164435
440.067,1,298,0.170109
440.933,1,297.5,0.174369
441.799,1,297,0.178199
442.665,1,296.5,0.181813
443.531,1,296,0.185209
444.397,1,295.5,0.188388
445.263,1,295,0.19135
446.129,1,294.5,0.192141
446.995,1,294,0.190738
447.861,1,293.5,0.189177
448.727,1,293,0.187457
449.593,1,292.5,0.185565
450.459,1,292,0.183444
451.325,1,291.5,0.180842
452.191,1,291,0.176622
453.057,1,290.5,0.172336
453.923,1,290,0.167984
454.789,1,289.5,0.163566
455.655,1,289,0.159082
456.521,1,288.5,0.154532
457.387,1,288,0.15106
458.253,1,287.5,0.147781
459.119,1,287,0.144506
459.985,1,286.5,0.141232
460.851,1,286,0.138012
461.717,1,285.5,0.134846
462.583,1,285,0.132665
463.449,1,284.5,0.131269
464.315,1,284,0.129879
465.181,1,283.5,0.128492
466.047,1,283,0.12711
466.913,1,282.5,0.125733
467.779,1,282,0.124482
468.645,1,281.5,0.123619
469.512,1,281,0.122718
470.378,1,280.5,0.121806
471.244,1,280,0.120883
472.11,1,279.5,0.11995
472.976,1,279,0.119007
473.842,1,278.5,0.11836
474.708,1,278,0.117738
475.574,1,277.5,0.117115
476.44,1,277,0.116491
477.306,1,276.5,0.115865
478.172,1,276,0.115237
479.038,1,275.5,0.114781
479.904,1,275,0.114441
480.77,1,274.5,0.114102
481.636,1,274,0.113764
482.502,1,273.5,0.113427
483.368,1,273,0.113091
484.234,1,272.5,0.112806
485.1,1,272,0.112646
485.966,1,271.5,0.112485
486.832,1,271,0.112323
487.698,1,270.5,0.11216
488.564,1,270,0.111998
489.43,1,269.5,0.111837
490.296,1,269,0.111778
491.162,1,268.5,0.111721
492.028,1,268,0.111663
492.894,1,267.5,0.111605
493.76,1,267,0.111546
494.626,1,266.5,0.111487
495.492,1,266,0.111473
496.358,1,265.5,0.111484
497.224,1,265,0.111495
498.09,1,264.5,0.111507
498.956,1,264,0.11152
499.822,1,263.5,0.111532
500.688,1,263,0.111555
501.554,1,262.5,0.111596
502.42,1,262,0.111638
503.286,1,261.5,0.111678
504.153,1,261,0.111718
505.019,1,260.5,0.111757
505.885,1,260,0.111796
506.751,1,259.5,0.111837
507.617,1,259,0.111878
508.483,1,258.5,0.111918
509.349,1,258,0.111958
510.215,1,257.5,0.111997
511.081,1,257,0.112035
511.947,1,256.5,0.11207
512.813,1,256,0.112102
513.679,1,255.5,0.112133
514.545,1,255,0.112163
515.411,1,254.5,0.112193
516.277,1,254,0.112221
517.143,1,253.5,0.112245
518.009,1,253,0.11226
518.875,1,252.5,0.112274
519.741,1,252,0.112287
520.607,1,251.5,0.112299
521.473,1,251,0.112309
522.339,1,250.5,0.112318
523.205,1,250,0.112323
524.071,1,249.5,0.112326
524.937,1,249,0.112327
525.803,1,248.5,0.11233
526.669,1,248,0.112334
527.535,1,247.5,0.112336
528.401,1,247,0.112333
529.267,1,246.5,0.112327
530.133,1,246,0.112319
530.999,1,245.5,0.11231
531.865,1,245,0.112299
532.731,1,244.5,0.112285
533.597,1,244,0.112269
534.463,1,243.5,0.112247
535.329,1,243,0.112232
536.195,1,242.5,0.112219
537.061,1,242,0.112204
537.928,1,241.5,0.112187
538.794,1,241,0.112168
539.66,1,240.5,0.112144
540.526,1,240,0.112118
541.392,1,239.5,0.11209
542.258,1,239,0.112061
543.124,1,238.5,0.11203
543.99,1,238,0.111997
544.856,1,237.5,0.111969
545.722,1,237,0.111943
546.588,1,236.5,0.111915
547.454,1,236,0.111885
548.32,1,235.5,0.111854
549.186,1,235,0.111821
550.052,1,234.5,0.111784
550.918,1,234,0.111744
551.784,1,233.5,0.111703
552.65,1,233,0.11166
553.516,1,232.5,0.111616
554.382,1,232,0.11158
555.248,1,231.5,0.111543
556.114,1,231,0.111502
556.98,1,230.5,0.11146
557.846,1,230,0.111417
558.712,1,229.5,0.111373
559.578,1,229,0.111328
560.444,1,228.5,0.111282
561.31,1,228,0.111232
562.176,1,227.5,0.111181
563.042,1,227,0.11113
563.908,1,226.5,0.111087
564.774,1,226,0.111044
565.64,1,225.5,0.111001
566.506,1,225,0.110953
567.372,1,224.5,0.110904
568.238,1,224,0.110854
569.104,1,223.5,0.110803
569.97,1,223,0.110752
570.836,1,222.5,0.110701
571.703,1,222,0.110648
572.569,1,221.5,0.110591
573.435,1,221,0.110544
574.301,1,220.5,0.110497
575.167,1,220,0.11045
576.033,1,219.5,0.110403
576.899,1,219,0.110356
577.765,1,218.5,0.110305
578.631,1,218,0.110254
579.497,1,217.5,0.110204
580.363,1,217,0.110154
581.229,1,216.5,0.110104
582.095,1,216,0.110055
582.961,1,215.5,0.110011
583.827,1,215,0.109967
584.693,1,214.5,0.109923
585.559,1,214,0.109879
586.425,1,213.5,0.109836
587.291,1,213,0.109793
588.157,1,212.5,0.10975
589.023,1,212,0.109705
589.889,1,211.5,0.109661
590.755,1,211,0.109617
591.621,1,210.5,0.109575
592.487,1,210,0.10954
593.353,1,209.5,0.109506
594.219,1,209,0.109472
595.085,1,208.5,0.109438
595.951,1,208,0.109404
596.817,1,207.5,0.109371
597.683,1,207,0.109339
598.549,1,206.5,0.109307
599.415,1,206,0.109276
600.281,1,205.5,0.109245
601.147,1,205,0.109216
602.013,1,204.5,0.109193
602.879,1,204,0.109171
603.745,1,203.5,0.109149
604.611,1,203,0.109128
605.477,1,202.5,0.109107
606.344,1,202,0.109087
607.21,1,201.5,0.109068
608.076,1,201,0.109049
608.942,1,200.5,0.109031
609.808,1,200,0.109014
