x,y,z,b
90.1924,1,500,0.109157
91.0584,1,499.5,0.109157
91.9244,1,499,0.109157
92.7905,1,498.5,0.109157
93.6565,1,498,0.109158
94.5225,1,497.5,0.109158
95.3885,1,497,0.109158
96.2546,1,496.5,0.109158
97.1206,1,496,0.109158
97.9866,1,495.5,0.109158
98.8526,1,495,0.109158
99.7187,1,494.5,0.109158
100.585,1,494,0.109158
101.451,1,493.5,0.109158
102.317,1,493,0.109158
103.183,1,492.5,0.109158
104.049,1,492,0.109158
104.915,1,491.5,0.109158
105.781,1,491,0.109158
106.647,1,490.5,0.109158
107.513,1,490,0.109158
108.379,1,489.5,0.109158
109.245,1,489,0.109158
110.111,1,488.5,0.109158
110.977,1,488,0.109158
111.843,1,487.5,0.109158
112.709,1,487,0.109158
113.575,1,486.5,0.109158
114.441,1,486,0.109158
115.307,1,485.5,0.109158
116.173,1,485,0.109157
117.039,1,484.5,0.109157
117.905,1,484,0.109157
118.771,1,483.5,0.109157
119.637,1,483,0.109157
120.503,1,482.5,0.109157
121.369,1,482,0.109156
122.235,1,481.5,0.109156
123.101,1,481,0.109156
123.967,1,480.5,0.109156
124.833,1,480,0.109156
125.699,1,479.5,0.109155
126.565,1,479,0.109155
127.431,1,478.5,0.109155
128.297,1,478,0.109154
129.164,1,477.5,0.109154
130.03,1,477,0.109154
130.896,1,476.5,0.109153
131.762,1,476,0.109153
132.628,1,475.5,0.109153
133.494,1,475,0.109152
134.36,1,474.5,0.109152
135.226,1,474,0.109151
136.092,1,473.5,0.109151
136.958,1,473,0.10915
137.824,1,472.5,0.10915
138.69,1,472,0.109149
139.556,1,471.5,0.109149
140.422,1,471,0.109148
141.288,1,470.5,0.109147
142.154,1,470,0.109147
143.02,1,469.5,0.109146
143.886,1,469,0.109145
144.752,1,468.5,0.109145
145.618,1,468,0.109144
146.484,1,467.5,0.109143
147.35,1,467,0.109142
148.216,1,466.5,0.109141
149.082,1,466,0.109141
149.948,1,465.5,0.10914
150.814,1,465,0.109139
151.68,1,464.5,0.109138
152.546,1,464,0.109136
153.412,1,463.5,0.109135
154.278,1,463,0.109134
155.144,1,462.5,0.109133
156.01,1,462,0.109132
156.876,1,461.5,0.109131
157.742,1,461,0.109129
158.608,1,460.5,0.109128
159.474,1,460,0.109127
160.34,1,459.5,0.109125
161.206,1,459,0.109124
162.072,1,458.5,0.109122
162.939,1,458,0.10912
163.805,1,457.5,0.109119
164.671,1,457,0.109117
165.537,1,456.5,0.109115
166.403,1,456,0.109114
167.269,1,455.5,0.109112
168.135,1,455,0.109109
169.001,1,454.5,0.109107
169.867,1,454,0.109105
170.733,1,453.5,0.109103
171.599,1,453,0.1091
172.465,1,452.5,0.109098
173.331,1,452,0.109095
174.197,1,451.5,0.109093
175.063,1,451,0.10909
175.929,1,450.5,0.109087
176.795,1,450,0.109085
177.661,1,449.5,0.109082
178.527,1,449,0.109078
179.393,1,448.5,0.109075
180.259,1,448,0.109071
181.125,1,447.5,0.109068
181.991,1,447,0.109064
182.857,1,446.5,0.109061
183.723,1,446,0.109056
184.589,1,445.5,0.109052
185.455,1,445,0.109048
186.321,1,444.5,0.109043
187.187,1,444,0.109039
188.053,1,443.5,0.109034
188.919,1,443,0.109029
189.785,1,442.5,0.109024
190.651,1,442,0.109018
191.517,1,441.5,0.109012
192.383,1,441,0.109006
193.249,1,440.5,0.109
194.115,1,440,0.108995
194.981,1,439.5,0.108988
195.847,1,439,0.10898
196.714,1,438.5,0.108973
197.58,1,438,0.108966
198.446,1,437.5,0.108959
199.312,1,437,0.108952
200.178,1,436.5,0.108943
201.044,1,436,0.108934
201.91,1,435.5,0.108924
202.776,1,435,0.108915
203.642,1,434.5,0.108905
204.508,1,434,0.108896
205.374,1,433.5,0.108886
206.24,1,433,0.108874
207.106,1,432.5,0.108862
207.972,1,432,0.10885
208.838,1,431.5,0.108838
209.704,1,431,0.108826
210.57,1,430.5,0.108813
211.436,1,430,0.108798
212.302,1,429.5,0.108782
213.168,1,429,0.108766
214.034,1,428.5,0.108751
214.9,1,428,0.108736
215.766,1,427.5,0.10872
216.632,1,427,0.108702
217.498,1,426.5,0.108682
218.364,1,426,0.108662
219.23,1,425.5,0.108642
220.096,1,425,0.108622
220.962,1,424.5,0.108602
221.828,1,424,0.108579
222.694,1,423.5,0.108553
223.56,1,423,0.108527
224.426,1,422.5,0.108501
225.292,1,422,0.108474
226.158,1,421.5,0.108447
227.024,1,421,0.10842
227.89,1,420.5,0.108386
228.756,1,420,0.108352
229.622,1,419.5,0.108317
230.488,1,419,0.108282
231.355,1,418.5,0.108247
232.221,1,418,0.108213
233.087,1,417.5,0.108171
233.953,1,417,0.108126
234.819,1,416.5,0.108082
235.685,1,416,0.108036
236.551,1,415.5,0.107991
237.417,1,415,0.107945
238.283,1,414.5,0.107893
239.149,1,414,0.107834
240.015,1,413.5,0.107775
240.881,1,413,0.107715
241.747,1,412.5,0.107655
242.613,1,412,0.107594
243.479,1,411.5,0.107531
244.345,1,411,0.107452
245.211,1,410.5,0.107372
246.077,1,410,0.107291
246.943,1,409.5,0.10721
247.809,1,409,0.107128
248.675,1,408.5,0.107046
249.541,1,408,0.106944
250.407,1,407.5,0.106837
251.273,1,407,0.106733
252.139,1,406.5,0.10663
253.005,1,406,0.106526
253.871,1,405.5,0.106421
254.737,1,405,0.106298
255.603,1,404.5,0.106159
256.469,1,404,0.106018
257.335,1,403.5,0.105876
258.201,1,403,0.105733
259.067,1,402.5,0.105589
259.933,1,402,0.105436
260.799,1,401.5,0.105254
261.665,1,401,0.10507
262.531,1,400.5,0.104886
263.397,1,400,0.104701
264.263,1,399.5,0.104515
265.13,1,399,0.104329
265.996,1,398.5,0.104087
266.862,1,398,0.103836
267.728,1,397.5,0.103584
268.594,1,397,0.10333
269.46,1,396.5,0.103075
270.326,1,396,0.102829
271.192,1,395.5,0.102543
272.058,1,395,0.102226
272.924,1,394.5,0.101908
273.79,1,394,0.101588
274.656,1,393.5,0.101268
275.522,1,393,0.100946
276.388,1,392.5,0.10059
277.254,1,392,0.100133
278.12,1,391.5,0.0996758
278.986,1,391,0.0992189
279.852,1,390.5,0.0987767
280.718,1,390,0.098336
281.584,1,389.5,0.0978968
282.45,1,389,0.0972208
283.316,1,388.5,0.0965298
284.182,1,388,0.0958406
285.048,1,387.5,0.095153
285.914,1,387,0.0944671
286.78,1,386.5,0.0937829
287.646,1,386,0.0931059
288.512,1,385.5,0.0923877
289.378,1,385,0.0916868
290.244,1,384.5,0.0909502
291.11,1,384,0.090178
291.976,1,383.5,0.0893701
292.842,1,383,0.0888337
293.708,1,382.5,0.0889273
294.574,1,382,0.0889335
295.44,1,381.5,0.0888522
296.306,1,381,0.0886834
297.172,1,380.5,0.0884271
298.038,1,380,0.0881163
298.905,1,379.5,0.0924263
299.771,1,379,0.096426
300.637,1,378.5,0.10007
301.503,1,378,0.103357
302.369,1,377.5,0.106289
303.235,1,377,0.108865
304.101,1,376.5,0.121407
304.967,1,376,0.138404
305.833,1,375.5,0.15487
306.699,1,375,0.170805
307.565,1,374.5,0.185943
308.431,1,374,0.199222
309.297,1,373.5,0.209931
310.163,1,373,0.218262
311.029,1,372.5,0.227325
311.895,1,372,0.237121
312.761,1,371.5,0.247649
313.627,1,371,0.258911
314.493,1,370.5,0.270403
315.359,1,370,0.272072
316.225,1,369.5,0.274159
317.091,1,369,0.27623
317.957,1,368.5,0.277832
318.823,1,368,0.280209
319.689,1,367.5,0.28336
320.555,1,367,0.284711
321.421,1,366.5,0.285479
322.287,1,366,0.286546
323.153,1,365.5,0.287912
324.019,1,365,0.289579
324.885,1,364.5,0.291544
325.751,1,364,0.292755
326.617,1,363.5,0.292182
327.483,1,363,0.290984
328.349,1,362.5,0.290196
329.215,1,362,0.289818
330.081,1,361.5,0.289849
330.947,1,361,0.290089
331.813,1,360.5,0.288957
332.679,1,360,0.288223
333.546,1,359.5,0.287887
334.412,1,359,0.28795
335.278,1,358.5,0.288411
336.144,1,358,0.287631
337.01,1,357.5,0.284151
337.876,1,357,0.280679
338.742,1,356.5,0.277347
339.608,1,356,0.274153
340.474,1,355.5,0.271099
341.34,1,355,0.268184
342.206,1,354.5,0.265593
343.072,1,354,0.264529
343.938,1,353.5,0.265208
344.804,1,353,0.267632
345.67,1,352.5,0.264728
346.536,1,352,0.251704
347.402,1,351.5,0.236308
348.268,1,351,0.22305
349.134,1,350.5,0.205648
350,1,350,0.184102
350.866,1,349.5,0.158412
351.732,1,349,0.128578
352.598,1,348.5,0.0945997
353.464,1,348,0.0746931
354.33,1,347.5,0.0667134
355.196,1,347,0.0790233
356.062,1,346.5,0.100692
356.928,1,346,0.119331
357.794,1,345.5,0.134941
358.66,1,345,0.139582
359.526,1,344.5,0.136746
360.392,1,344,0.134359
361.258,1,343.5,0.13242
362.124,1,343,0.13093
362.99,1,342.5,0.129888
363.856,1,342,0.129102
364.722,1,341.5,0.128196
365.588,1,341,0.127593
366.454,1,340.5,0.127071
367.321,1,340,0.126632
368.187,1,339.5,0.126276
369.053,1,339,0.126002
369.919,1,338.5,0.125786
370.785,1,338,0.125608
371.651,1,337.5,0.125468
372.517,1,337,0.125367
373.383,1,336.5,0.125303
374.249,1,336,0.125409
375.115,1,335.5,0.12563
375.981,1,335,0.125869
376.847,1,334.5,0.126075
377.713,1,334,0.126248
378.579,1,333.5,0.126389
379.445,1,333,0.126496
380.311,1,332.5,0.126602
381.177,1,332,0.126765
382.043,1,331.5,0.126902
382.909,1,331,0.127012
383.775,1,330.5,0.127114
384.641,1,330,0.127212
385.507,1,329.5,0.127299
386.373,1,329,0.127317
387.239,1,328.5,0.127328
388.105,1,328,0.127337
388.971,1,327.5,0.127343
389.837,1,327,0.127346
390.703,1,326.5,0.127347
391.569,1,326,0.127302
392.435,1,325.5,0.127236
393.301,1,325,0.127202
394.167,1,324.5,0.127173
395.033,1,324,0.127138
395.899,1,323.5,0.127098
396.765,1,323,0.127032
397.631,1,322.5,0.126922
398.497,1,322,0.126813
399.363,1,321.5,0.126705
400.229,1,321,0.126599
401.095,1,320.5,0.126494
401.962,1,320,0.12639
402.828,1,319.5,0.126283
403.694,1,319,0.126173
404.56,1,318.5,0.126058
405.426,1,318,0.125938
406.292,1,317.5,0.125812
407.158,1,317,0.125681
408.024,1,316.5,0.125532
408.89,1,316,0.12537
409.756,1,315.5,0.125202
410.622,1,315,0.125028
411.488,1,314.5,0.124848
412.354,1,314,0.124703
413.22,1,313.5,0.124553
414.086,1,313,0.124391
414.952,1,312.5,0.124222
415.818,1,312,0.124045
416.684,1,311.5,0.123861
417.55,1,311,0.123669
418.416,1,310.5,0.123469
419.282,1,310,0.123241
420.148,1,309.5,0.123006
421.014,1,309,0.122763
421.88,1,308.5,0.122556
422.746,1,308,0.122344
423.612,1,307.5,0.122127
424.478,1,307,0.121885
425.344,1,306.5,0.121632
426.21,1,306,0.121374
427.076,1,305.5,0.121111
427.942,1,305,0.120842
428.808,1,304.5,0.120569
429.674,1,304,0.120277
430.54,1,303.5,0.119966
431.406,1,303,0.119708
432.272,1,302.5,0.119448
433.138,1,302,0.119185
434.004,1,301.5,0.118919
434.87,1,301,0.118648
435.737,1,300.5,0.118349
436.603,1,300,0.11805
437.469,1,299.5,0.11775
438.335,1,299,0.117449
439.201,1,298.5,0.117147
440.067,1,298,0.11685
440.933,1,297.5,0.116586
441.799,1,297,0.116319
442.665,1,296.5,0.116053
443.531,1,296,0.115788
444.397,1,295.5,0.115524
445.263,1,295,0.115262
446.129,1,294.5,0.114993
446.995,1,294,0.114718
447.861,1,293.5,0.114445
448.727,1,293,0.114175
449.593,1,292.5,0.113916
450.459,1,292,0.1137
451.325,1,291.5,0.113485
452.191,1,291,0.113263
453.057,1,290.5,0.113044
453.923,1,290,0.112829
454.789,1,289.5,0.112617
455.655,1,289,0.112408
456.521,1,288.5,0.112203
457.387,1,288,0.111997
458.253,1,287.5,0.111795
459.119,1,287,0.111605
459.985,1,286.5,0.111451
460.851,1,286,0.111299
461.717,1,285.5,0.111151
462.583,1,285,0.111005
463.449,1,284.5,0.110863
464.315,1,284,0.110724
465.181,1,283.5,0.110589
466.047,1,283,0.110458
466.913,1,282.5,0.11033
467.779,1,282,0.110207
468.645,1,281.5,0.110095
469.512,1,281,0.11
470.378,1,280.5,0.109908
471.244,1,280,0.109818
472.11,1,279.5,0.109731
472.976,1,279,0.109647
473.842,1,278.5,0.109571
474.708,1,278,0.109498
475.574,1,277.5,0.109427
476.44,1,277,0.109359
477.306,1,276.5,0.109294
478.172,1,276,0.109235
479.038,1,275.5,0.109188
479.904,1,275,0.109146
480.77,1,274.5,0.109105
481.636,1,274,0.109066
482.502,1,273.5,0.109028
483.368,1,273,0.108992
484.234,1,272.5,0.10896
485.1,1,272,0.108932
485.966,1,271.5,0.108906
486.832,1,271,0.108881
487.698,1,270.5,0.108859
488.564,1,270,0.10884
489.43,1,269.5,0.108821
490.296,1,269,0.108809
491.162,1,268.5,0.108798
492.028,1,268,0.108788
492.894,1,267.5,0.108778
493.76,1,267,0.108769
494.626,1,266.5,0.108762
495.492,1,266,0.108757
496.358,1,265.5,0.108754
497.224,1,265,0.108752
498.09,1,264.5,0.10875
498.956,1,264,0.108749
499.822,1,263.5,0.108748
500.688,1,263,0.108749
501.554,1,262.5,0.108751
502.42,1,262,0.108753
503.286,1,261.5,0.108755
504.153,1,261,0.108758
505.019,1,260.5,0.10876
505.885,1,260,0.108763
506.751,1,259.5,0.108767
507.617,1,259,0.108771
508.483,1,258.5,0.108774
509.349,1,258,0.108778
510.215,1,257.5,0.108782
511.081,1,257,0.108786
511.947,1,256.5,0.108791
512.813,1,256,0.108796
513.679,1,255.5,0.108801
514.545,1,255,0.108807
515.411,1,254.5,0.108812
516.277,1,254,0.108817
517.143,1,253.5,0.108822
518.009,1,253,0.108827
518.875,1,252.5,0.108832
519.741,1,252,0.108837
520.607,1,251.5,0.108842
521.473,1,251,0.108847
522.339,1,250.5,0.108853
523.205,1,250,0.108858
524.071,1,249.5,0.108864
524.937,1,249,0.10887
525.803,1,248.5,0.108875
526.669,1,248,0.10888
527.535,1,247.5,0.108885
528.401,1,247,0.10889
529.267,1,246.5,0.108895
530.133,1,246,0.108901
530.999,1,245.5,0.108906
531.865,1,245,0.108911
532.731,1,244.5,0.108916
533.597,1,244,0.108921
534.463,1,243.5,0.108926
535.329,1,243,0.108931
536.195,1,242.5,0.108935
537.061,1,242,0.108939
537.928,1,241.5,0.108944
538.794,1,241,0.108948
539.66,1,240.5,0.108953
540.526,1,240,0.108957
541.392,1,239.5,0.108962
542.258,1,239,0.108966
543.124,1,238.5,0.10897
543.99,1,238,0.108974
544.856,1,237.5,0.108978
545.722,1,237,0.108982
546.588,1,236.5,0.108986
547.454,1,236,0.10899
548.32,1,235.5,0.108994
549.186,1,235,0.108997
550.052,1,234.5,0.109001
550.918,1,234,0.109005
551.784,1,233.5,0.109009
552.65,1,233,0.109012
553.516,1,232.5,0.109016
554.382,1,232,0.109019
555.248,1,231.5,0.109022
556.114,1,231,0.109025
556.98,1,230.5,0.109028
557.846,1,230,0.109031
558.712,1,229.5,0.109034
559.578,1,229,0.109037
560.444,1,228.5,0.10904
561.31,1,228,0.109042
562.176,1,227.5,0.109045
563.042,1,227,0.109048
563.908,1,226.5,0.109051
564.774,1,226,0.109053
565.64,1,225.5,0.109056
566.506,1,225,0.109058
567.372,1,224.5,0.109061
568.238,1,224,0.109063
569.104,1,223.5,0.109066
569.97,1,223,0.109068
570.836,1,222.5,0.10907
571.703,1,222,0.109073
572.569,1,221.5,0.109075
573.435,1,221,0.109077
574.301,1,220.5,0.109079
575.167,1,220,0.109081
576.033,1,219.5,0.109083
576.899,1,219,0.109085
577.765,1,218.5,0.109087
578.631,1,218,0.109089
579.497,1,217.5,0.10909
580.363,1,217,0.109092
581.229,1,216.5,0.109094
582.095,1,216,0.109096
582.961,1,215.5,0.109097
583.827,1,215,0.109099
584.693,1,214.5,0.109101
585.559,1,214,0.109102
586.425,1,213.5,0.109104
587.291,1,213,0.109105
588.157,1,212.5,0.109107
589.023,1,212,0.109108
589.889,1,211.5,0.10911
590.755,1,211,0.109111
591.621,1,210.5,0.109113
592.487,1,210,0.109114
593.353,1,209.5,0.109115
594.219,1,209,0.109116
595.085,1,208.5,0.109118
595.951,1,208,0.109119
596.817,1,207.5,0.10912
597.683,1,207,0.109121
598.549,1,206.5,0.109122
599.415,1,206,0.109123
600.281,1,205.5,0.109125
601.147,1,205,0.109126
602.013,1,204.5,0.109127
602.879,1,204,0.109128
603.745,1,203.5,0.109129
604.611,1,203,0.10913
605.477,1,202.5,0.109131
606.344,1,202,0.109132
607.21,1,201.5,0.109133
608.076,1,201,0.109134
608.942,1,200.5,0.109135
609.808,1,200,0.109136
