x,y,z,b
90.1924,1,500,0.104666
91.0584,1,499.5,0.104637
91.9244,1,499,0.104608
92.7905,1,498.5,0.104578
93.6565,1,498,0.104549
94.5225,1,497.5,0.104519
95.3885,1,497,0.10449
96.2546,1,496.5,0.104453
97.1206,1,496,0.104412
97.9866,1,495.5,0.104371
98.8526,1,495,0.104329
99.7187,1,494.5,0.104288
100.585,1,494,0.104246
101.451,1,493.5,0.104202
102.317,1,493,0.10415
103.183,1,492.5,0.104098
104.049,1,492,0.104047
104.915,1,491.5,0.103995
105.781,1,491,0.103943
106.647,1,490.5,0.10389
107.513,1,490,0.103837
108.379,1,489.5,0.103784
109.245,1,489,0.103731
110.111,1,488.5,0.103678
110.977,1,488,0.103625
111.843,1,487.5,0.103572
112.709,1,487,0.103525
113.575,1,486.5,0.10348
114.441,1,486,0.103436
115.307,1,485.5,0.103392
116.173,1,485,0.103348
117.039,1,484.5,0.103305
117.905,1,484,0.103266
118.771,1,483.5,0.103236
119.637,1,483,0.103207
120.503,1,482.5,0.103178
121.369,1,482,0.10315
122.235,1,481.5,0.103123
123.101,1,481,0.103096
123.967,1,480.5,0.103086
124.833,1,480,0.103076
125.699,1,479.5,0.103068
126.565,1,479,0.10306
127.431,1,478.5,0.103052
128.297,1,478,0.103047
129.164,1,477.5,0.103057
130.03,1,477,0.103072
130.896,1,476.5,0.103088
131.762,1,476,0.103105
132.628,1,475.5,0.103124
133.494,1,475,0.103144
134.36,1,474.5,0.103174
135.226,1,474,0.103218
136.092,1,473.5,0.103264
136.958,1,473,0.103312
137.824,1,472.5,0.103363
138.69,1,472,0.103415
139.556,1,471.5,0.103472
140.422,1,471,0.103553
141.288,1,470.5,0.103635
142.154,1,470,0.103719
143.02,1,469.5,0.103806
143.886,1,469,0.103894
144.752,1,468.5,0.103985
145.618,1,468,0.104101
146.484,1,467.5,0.104226
147.35,1,467,0.104355
148.216,1,466.5,0.104488
149.082,1,466,0.104622
149.948,1,465.5,0.10476
150.814,1,465,0.104915
151.68,1,464.5,0.105088
152.546,1,464,0.105264
153.412,1,463.5,0.105443
154.278,1,463,0.105625
155.144,1,462.5,0.10581
156.01,1,462,0.106005
156.876,1,461.5,0.106232
157.742,1,461,0.106464
158.608,1,460.5,0.106698
159.474,1,460,0.106937
160.34,1,459.5,0.107179
161.206,1,459,0.107425
162.072,1,458.5,0.107698
162.939,1,458,0.10798
163.805,1,457.5,0.108265
164.671,1,457,0.108554
165.537,1,456.5,0.108847
166.403,1,456,0.109148
167.269,1,455.5,0.109467
168.135,1,455,0.109802
169.001,1,454.5,0.110141
169.867,1,454,0.110485
170.733,1,453.5,0.110832
171.599,1,453,0.111184
172.465,1,452.5,0.111545
173.331,1,452,0.111921
174.197,1,451.5,0.112303
175.063,1,451,0.11269
175.929,1,450.5,0.113085
176.795,1,450,0.113485
177.661,1,449.5,0.11389
178.527,1,449,0.11431
179.393,1,448.5,0.114735
180.259,1,448,0.115165
181.125,1,447.5,0.1156
181.991,1,447,0.11604
182.857,1,446.5,0.116484
183.723,1,446,0.116934
184.589,1,445.5,0.11739
185.455,1,445,0.117852
186.321,1,444.5,0.118319
187.187,1,444,0.118791
188.053,1,443.5,0.119268
188.919,1,443,0.119749
189.785,1,442.5,0.120233
190.651,1,442,0.120722
191.517,1,441.5,0.121216
192.383,1,441,0.121715
193.249,1,440.5,0.12222
194.115,1,440,0.122732
194.981,1,439.5,0.123245
195.847,1,439,0.123765
196.714,1,438.5,0.124292
197.58,1,438,0.124826
198.446,1,437.5,0.125368
199.312,1,437,0.125916
200.178,1,436.5,0.126471
201.044,1,436,0.127034
201.91,1,435.5,0.127605
202.776,1,435,0.128186
203.642,1,434.5,0.128778
204.508,1,434,0.129383
205.374,1,433.5,0.130004
206.24,1,433,0.13065
207.106,1,432.5,0.131312
207.972,1,432,0.131991
208.838,1,431.5,0.132685
209.704,1,431,0.133395
210.57,1,430.5,0.134123
211.436,1,430,0.134902
212.302,1,429.5,0.1357
213.168,1,429,0.136523
214.034,1,428.5,0.137374
214.9,1,428,0.138249
215.766,1,427.5,0.139149
216.632,1,427,0.140146
217.498,1,426.5,0.141213
218.364,1,426,0.142323
219.23,1,425.5,0.143476
220.096,1,425,0.144671
220.962,1,424.5,0.14591
221.828,1,424,0.147277
222.694,1,423.5,0.14889
223.56,1,423,0.150585
224.426,1,422.5,0.15233
225.292,1,422,0.154126
226.158,1,421.5,0.155973
227.024,1,421,0.157852
227.89,1,420.5,0.159567
228.756,1,420,0.161292
229.622,1,419.5,0.163029
230.488,1,419,0.164778
231.355,1,418.5,0.166539
232.221,1,418,0.168064
233.087,1,417.5,0.168985
233.953,1,417,0.169669
234.819,1,416.5,0.17025
235.685,1,416,0.170729
236.551,1,415.5,0.171104
237.417,1,415,0.171376
238.283,1,414.5,0.171526
239.149,1,414,0.171625
240.015,1,413.5,0.171728
240.881,1,413,0.171833
241.747,1,412.5,0.171886
242.613,1,412,0.172018
243.479,1,411.5,0.172295
244.345,1,411,0.172929
245.211,1,410.5,0.173679
246.077,1,410,0.174543
246.943,1,409.5,0.175523
247.809,1,409,0.176617
248.675,1,408.5,0.177827
249.541,1,408,0.178846
250.407,1,407.5,0.179833
251.273,1,407,0.181208
252.139,1,406.5,0.18259
253.005,1,406,0.183907
253.871,1,405.5,0.185157
254.737,1,405,0.186052
255.603,1,404.5,0.186579
256.469,1,404,0.187011
257.335,1,403.5,0.187349
258.201,1,403,0.187592
259.067,1,402.5,0.18774
259.933,1,402,0.187838
260.799,1,401.5,0.188237
261.665,1,401,0.18864
262.531,1,400.5,0.189028
263.397,1,400,0.189401
264.263,1,399.5,0.18976
265.13,1,399,0.190105
265.996,1,398.5,0.190458
266.862,1,398,0.190758
267.728,1,397.5,0.191
268.594,1,397,0.191182
269.46,1,396.5,0.191307
270.326,1,396,0.191481
271.192,1,395.5,0.191666
272.058,1,395,0.19193
272.924,1,394.5,0.192165
273.79,1,394,0.192373
274.656,1,393.5,0.192552
275.522,1,393,0.192703
276.388,1,392.5,0.192712
277.254,1,392,0.192444
278.12,1,391.5,0.192304
278.986,1,391,0.192286
279.852,1,390.5,0.192211
280.718,1,390,0.192187
281.584,1,389.5,0.192214
282.45,1,389,0.192072
283.316,1,388.5,0.191987
284.182,1,388,0.191977
285.048,1,387.5,0.19204
285.914,1,387,0.192178
286.78,1,386.5,0.192391
287.646,1,386,0.192757
288.512,1,385.5,0.193209
289.378,1,385,0.194032
290.244,1,384.5,0.194771
291.11,1,384,0.195427
291.976,1,383.5,0.196
292.842,1,383,0.196574
293.708,1,382.5,0.197205
294.574,1,382,0.197676
295.44,1,381.5,0.197986
296.306,1,381,0.198137
297.172,1,380.5,0.198127
298.038,1,380,0.197998
298.905,1,379.5,0.199026
299.771,1,379,0.199893
300.637,1,378.5,0.200588
301.503,1,378,0.20111
302.369,1,377.5,0.20146
303.235,1,377,0.201638
304.101,1,376.5,0.20274
304.967,1,376,0.204216
305.833,1,375.5,0.205541
306.699,1,375,0.206717
307.565,1,374.5,0.207865
308.431,1,374,0.209302
309.297,1,373.5,0.211219
310.163,1,373,0.214104
311.029,1,372.5,0.216847
311.895,1,372,0.219449
312.761,1,371.5,0.22191
313.627,1,371,0.224229
314.493,1,370.5,0.226391
315.359,1,370,0.228197
316.225,1,369.5,0.23011
317.091,1,369,0.23211
317.957,1,368.5,0.234074
318.823,1,368,0.236007
319.689,1,367.5,0.237909
320.555,1,367,0.238257
321.421,1,366.5,0.238319
322.287,1,366,0.238703
323.153,1,365.5,0.239407
324.019,1,365,0.240433
324.885,1,364.5,0.24178
325.751,1,364,0.242236
326.617,1,363.5,0.241107
327.483,1,363,0.239932
328.349,1,362.5,0.239137
329.215,1,362,0.238722
330.081,1,361.5,0.238688
330.947,1,361,0.238534
331.813,1,360.5,0.234264
332.679,1,360,0.23024
333.546,1,359.5,0.226463
334.412,1,359,0.222933
335.278,1,358.5,0.219648
336.144,1,358,0.216622
337.01,1,357.5,0.212834
337.876,1,357,0.208155
338.742,1,356.5,0.202808
339.608,1,356,0.196793
340.474,1,355.5,0.190109
341.34,1,355,0.182756
342.206,1,354.5,0.180169
343.072,1,354,0.183326
343.938,1,353.5,0.18627
344.804,1,353,0.189004
345.67,1,352.5,0.191597
346.536,1,352,0.192644
347.402,1,351.5,0.195726
348.268,1,351,0.218646
349.134,1,350.5,0.238804
350,1,350,0.256202
350.866,1,349.5,0.270837
351.732,1,349,0.282712
352.598,1,348.5,0.291824
353.464,1,348,0.282058
354.33,1,347.5,0.26957
355.196,1,347,0.261263
356.062,1,346.5,0.256426
356.928,1,346,0.251769
357.794,1,345.5,0.247294
358.66,1,345,0.244217
359.526,1,344.5,0.242305
360.392,1,344,0.240437
361.258,1,343.5,0.238613
362.124,1,343,0.236831
362.99,1,342.5,0.235093
363.856,1,342,0.233765
364.722,1,341.5,0.236004
365.588,1,341,0.239481
366.454,1,340.5,0.242713
367.321,1,340,0.245699
368.187,1,339.5,0.24844
369.053,1,339,0.250935
369.919,1,338.5,0.252689
370.785,1,338,0.254227
371.651,1,337.5,0.255608
372.517,1,337,0.256833
373.383,1,336.5,0.257902
374.249,1,336,0.257776
375.115,1,335.5,0.257025
375.981,1,335,0.256308
376.847,1,334.5,0.25571
377.713,1,334,0.255231
378.579,1,333.5,0.254872
379.445,1,333,0.254632
380.311,1,332.5,0.254215
381.177,1,332,0.25315
382.043,1,331.5,0.252268
382.909,1,331,0.251568
383.775,1,330.5,0.251454
384.641,1,330,0.251564
385.507,1,329.5,0.251719
386.373,1,329,0.251642
387.239,1,328.5,0.251567
388.105,1,328,0.251507
388.971,1,327.5,0.251462
389.837,1,327,0.251433
390.703,1,326.5,0.251419
391.569,1,326,0.252126
392.435,1,325.5,0.253176
393.301,1,325,0.254606
394.167,1,324.5,0.255956
395.033,1,324,0.257085
395.899,1,323.5,0.257991
396.765,1,323,0.259686
397.631,1,322.5,0.26303
398.497,1,322,0.265797
399.363,1,321.5,0.267985
400.229,1,321,0.269596
401.095,1,320.5,0.270628
401.962,1,320,0.271118
402.828,1,319.5,0.27574
403.694,1,319,0.279805
404.56,1,318.5,0.283109
405.426,1,318,0.285652
406.292,1,317.5,0.287434
407.158,1,317,0.288455
408.024,1,316.5,0.290586
408.89,1,316,0.29354
409.756,1,315.5,0.296634
410.622,1,315,0.299868
411.488,1,314.5,0.303242
412.354,1,314,0.306457
413.22,1,313.5,0.30818
414.086,1,313,0.308722
414.952,1,312.5,0.309648
415.818,1,312,0.310958
416.684,1,311.5,0.312652
417.55,1,311,0.31473
418.416,1,310.5,0.316524
419.282,1,310,0.308517
420.148,1,309.5,0.299717
421.014,1,309,0.290125
421.88,1,308.5,0.27738
422.746,1,308,0.26192
423.612,1,307.5,0.243793
424.478,1,307,0.217768
425.344,1,306.5,0.190916
426.21,1,306,0.165481
427.076,1,305.5,0.141466
427.942,1,305,0.118869
428.808,1,304.5,0.0976903
429.674,1,304,0.0861728
430.54,1,303.5,0.0874671
431.406,1,303,0.0950283
432.272,1,302.5,0.103087
433.138,1,302,0.111644
434.004,1,301.5,0.120698
434.87,1,301,0.130227
435.737,1,300.5,0.139533
436.603,1,300,0.148349
437.469,1,299.5,0.156675
438.335,1,299,0.16451
439.201,1,298.5,0.171856
440.067,1,298,0.178681
440.933,1,297.5,0.181779
441.799,1,297,0.1839
442.665,1,296.5,0.185785
443.531,1,296,0.187434
444.397,1,295.5,0.188847
445.263,1,295,0.190023
446.129,1,294.5,0.18922
446.995,1,294,0.186427
447.861,1,293.5,0.183465
448.727,1,293,0.180334
449.593,1,292.5,0.176995
450.459,1,292,0.173288
451.325,1,291.5,0.169342
452.191,1,291,0.164907
453.057,1,290.5,0.160463
453.923,1,290,0.15601
454.789,1,289.5,0.151547
455.655,1,289,0.147076
456.521,1,288.5,0.142595
457.387,1,288,0.139848
458.253,1,287.5,0.137425
459.119,1,287,0.135049
459.985,1,286.5,0.132723
460.851,1,286,0.130455
461.717,1,285.5,0.128248
462.583,1,285,0.126715
463.449,1,284.5,0.125696
464.315,1,284,0.124665
465.181,1,283.5,0.123622
466.047,1,283,0.122568
466.913,1,282.5,0.121503
467.779,1,282,0.120513
468.645,1,281.5,0.119795
469.512,1,281,0.119052
470.378,1,280.5,0.118306
471.244,1,280,0.117558
472.11,1,279.5,0.116807
472.976,1,279,0.116052
473.842,1,278.5,0.115611
474.708,1,278,0.115199
475.574,1,277.5,0.114788
476.44,1,277,0.114377
477.306,1,276.5,0.113967
478.172,1,276,0.113558
479.038,1,275.5,0.113279
479.904,1,275,0.113086
480.77,1,274.5,0.112893
481.636,1,274,0.1127
482.502,1,273.5,0.112506
483.368,1,273,0.112312
484.234,1,272.5,0.112153
485.1,1,272,0.11208
485.966,1,271.5,0.112006
486.832,1,271,0.111931
487.698,1,270.5,0.111856
488.564,1,270,0.111782
489.43,1,269.5,0.111707
490.296,1,269,0.111709
491.162,1,268.5,0.111712
492.028,1,268,0.111714
492.894,1,267.5,0.111715
493.76,1,267,0.111716
494.626,1,266.5,0.111716
495.492,1,266,0.111744
496.358,1,265.5,0.111786
497.224,1,265,0.11183
498.09,1,264.5,0.111876
498.956,1,264,0.111921
499.822,1,263.5,0.111966
500.688,1,263,0.112011
501.554,1,262.5,0.112057
502.42,1,262,0.112102
503.286,1,261.5,0.112146
504.153,1,261,0.112189
505.019,1,260.5,0.112231
505.885,1,260,0.112272
506.751,1,259.5,0.112311
507.617,1,259,0.112351
508.483,1,258.5,0.11239
509.349,1,258,0.112428
510.215,1,257.5,0.112465
511.081,1,257,0.112501
511.947,1,256.5,0.112526
512.813,1,256,0.112545
513.679,1,255.5,0.112564
514.545,1,255,0.112581
515.411,1,254.5,0.112597
516.277,1,254,0.112614
517.143,1,253.5,0.112627
518.009,1,253,0.112636
518.875,1,252.5,0.112644
519.741,1,252,0.112651
520.607,1,251.5,0.112656
521.473,1,251,0.11266
522.339,1,250.5,0.112662
523.205,1,250,0.112659
524.071,1,249.5,0.112654
524.937,1,249,0.112648
525.803,1,248.5,0.112643
526.669,1,248,0.112639
527.535,1,247.5,0.112633
528.401,1,247,0.112621
529.267,1,246.5,0.112606
530.133,1,246,0.112589
530.999,1,245.5,0.11257
531.865,1,245,0.112549
532.731,1,244.5,0.112526
533.597,1,244,0.112499
534.463,1,243.5,0.112468
535.329,1,243,0.112444
536.195,1,242.5,0.112421
537.061,1,242,0.112397
537.928,1,241.5,0.112371
538.794,1,241,0.112343
539.66,1,240.5,0.11231
540.526,1,240,0.112275
541.392,1,239.5,0.112238
542.258,1,239,0.112199
543.124,1,238.5,0.112159
543.99,1,238,0.112117
544.856,1,237.5,0.112082
545.722,1,237,0.112047
546.588,1,236.5,0.11201
547.454,1,236,0.111972
548.32,1,235.5,0.111932
549.186,1,235,0.111891
550.052,1,234.5,0.111846
550.918,1,234,0.111798
551.784,1,233.5,0.111749
552.65,1,233,0.111698
553.516,1,232.5,0.111647
554.382,1,232,0.111604
555.248,1,231.5,0.111562
556.114,1,231,0.111514
556.98,1,230.5,0.111465
557.846,1,230,0.111416
558.712,1,229.5,0.111366
559.578,1,229,0.111316
560.444,1,228.5,0.111264
561.31,1,228,0.111209
562.176,1,227.5,0.111153
563.042,1,227,0.111097
563.908,1,226.5,0.11105
564.774,1,226,0.111003
565.64,1,225.5,0.110956
566.506,1,225,0.110904
567.372,1,224.5,0.11085
568.238,1,224,0.110796
569.104,1,223.5,0.110742
569.97,1,223,0.110688
570.836,1,222.5,0.110634
571.703,1,222,0.110579
572.569,1,221.5,0.110519
573.435,1,221,0.11047
574.301,1,220.5,0.110422
575.167,1,220,0.110373
576.033,1,219.5,0.110325
576.899,1,219,0.110277
577.765,1,218.5,0.110225
578.631,1,218,0.110173
579.497,1,217.5,0.110122
580.363,1,217,0.110072
581.229,1,216.5,0.110022
582.095,1,216,0.109974
582.961,1,215.5,0.10993
583.827,1,215,0.109886
584.693,1,214.5,0.109843
585.559,1,214,0.1098
586.425,1,213.5,0.109758
587.291,1,213,0.109716
588.157,1,212.5,0.109674
589.023,1,212,0.109632
589.889,1,211.5,0.109591
590.755,1,211,0.10955
591.621,1,210.5,0.109511
592.487,1,210,0.109479
593.353,1,209.5,0.109447
594.219,1,209,0.109416
595.085,1,208.5,0.109385
595.951,1,208,0.109355
596.817,1,207.5,0.109325
597.683,1,207,0.109296
598.549,1,206.5,0.109268
599.415,1,206,0.10924
600.281,1,205.5,0.109213
601.147,1,205,0.109188
602.013,1,204.5,0.109168
602.879,1,204,0.109148
603.745,1,203.5,0.109129
604.611,1,203,0.109111
605.477,1,202.5,0.109093
606.344,1,202,0.109076
607.21,1,201.5,0.109059
608.076,1,201,0.109043
608.942,1,200.5,0.109027
609.808,1,200,0.109012
