x,y,z,b
90.1924,1,500,0.108966
91.0584,1,499.5,0.108964
91.9244,1,499,0.108962
92.7905,1,498.5,0.10896
93.6565,1,498,0.108958
94.5225,1,497.5,0.108956
95.3885,1,497,0.108954
96.2546,1,496.5,0.108951
97.1206,1,496,0.108949
97.9866,1,495.5,0.108946
98.8526,1,495,0.108943
99.7187,1,494.5,0.10894
100.585,1,494,0.108937
101.451,1,493.5,0.108934
102.317,1,493,0.10893
103.183,1,492.5,0.108927
104.049,1,492,0.108923
104.915,1,491.5,0.108919
105.781,1,491,0.108915
106.647,1,490.5,0.108911
107.513,1,490,0.108907
108.379,1,489.5,0.108902
109.245,1,489,0.108898
110.111,1,488.5,0.108893
110.977,1,488,0.108889
111.843,1,487.5,0.108884
112.709,1,487,0.108879
113.575,1,486.5,0.108873
114.441,1,486,0.108868
115.307,1,485.5,0.108862
116.173,1,485,0.108857
117.039,1,484.5,0.108851
117.905,1,484,0.108845
118.771,1,483.5,0.108839
119.637,1,483,0.108833
120.503,1,482.5,0.108826
121.369,1,482,0.10882
122.235,1,481.5,0.108814
123.101,1,481,0.108807
123.967,1,480.5,0.1088
124.833,1,480,0.108792
125.699,1,479.5,0.108785
126.565,1,479,0.108777
127.431,1,478.5,0.108769
128.297,1,478,0.108762
129.164,1,477.5,0.108753
130.03,1,477,0.108745
130.896,1,476.5,0.108736
131.762,1,476,0.108727
132.628,1,475.5,0.108718
133.494,1,475,0.108709
134.36,1,474.5,0.108699
135.226,1,474,0.108689
136.092,1,473.5,0.108678
136.958,1,473,0.108667
137.824,1,472.5,0.108657
138.69,1,472,0.108646
139.556,1,471.5,0.108635
140.422,1,471,0.108623
141.288,1,470.5,0.108611
142.154,1,470,0.108598
143.02,1,469.5,0.108586
143.886,1,469,0.108573
144.752,1,468.5,0.10856
145.618,1,468,0.108546
146.484,1,467.5,0.108531
147.35,1,467,0.108516
148.216,1,466.5,0.108501
149.082,1,466,0.108486
149.948,1,465.5,0.108471
150.814,1,465,0.108454
151.68,1,464.5,0.108437
152.546,1,464,0.108419
153.412,1,463.5,0.108401
154.278,1,463,0.108383
155.144,1,462.5,0.108365
156.01,1,462,0.108346
156.876,1,461.5,0.108325
157.742,1,461,0.108303
158.608,1,460.5,0.108282
159.474,1,460,0.10826
160.34,1,459.5,0.108239
161.206,1,459,0.108217
162.072,1,458.5,0.108192
162.939,1,458,0.108166
163.805,1,457.5,0.108141
164.671,1,457,0.108115
165.537,1,456.5,0.108089
166.403,1,456,0.108062
167.269,1,455.5,0.108034
168.135,1,455,0.108003
169.001,1,454.5,0.107971
169.867,1,454,0.10794
170.733,1,453.5,0.107908
171.599,1,453,0.107876
172.465,1,452.5,0.107843
173.331,1,452,0.107805
174.197,1,451.5,0.107768
175.063,1,451,0.107731
175.929,1,450.5,0.107693
176.795,1,450,0.107655
177.661,1,449.5,0.107617
178.527,1,449,0.107572
179.393,1,448.5,0.107526
180.259,1,448,0.107479
181.125,1,447.5,0.107433
181.991,1,447,0.107385
182.857,1,446.5,0.107338
183.723,1,446,0.107285
184.589,1,445.5,0.10723
185.455,1,445,0.107174
186.321,1,444.5,0.107117
187.187,1,444,0.10706
188.053,1,443.5,0.107003
188.919,1,443,0.106942
189.785,1,442.5,0.106873
190.651,1,442,0.106804
191.517,1,441.5,0.106734
192.383,1,441,0.106664
193.249,1,440.5,0.106593
194.115,1,440,0.106521
194.981,1,439.5,0.106439
195.847,1,439,0.106355
196.714,1,438.5,0.106271
197.58,1,438,0.106185
198.446,1,437.5,0.106099
199.312,1,437,0.106012
200.178,1,436.5,0.105914
201.044,1,436,0.10581
201.91,1,435.5,0.105704
202.776,1,435,0.105598
203.642,1,434.5,0.10549
204.508,1,434,0.105382
205.374,1,433.5,0.105267
206.24,1,433,0.105139
207.106,1,432.5,0.10501
207.972,1,432,0.104879
208.838,1,431.5,0.104747
209.704,1,431,0.104613
210.57,1,430.5,0.104478
211.436,1,430,0.104317
212.302,1,429.5,0.104155
213.168,1,429,0.103993
214.034,1,428.5,0.103829
214.9,1,428,0.103663
215.766,1,427.5,0.103496
216.632,1,427,0.103306
217.498,1,426.5,0.103107
218.364,1,426,0.102906
219.23,1,425.5,0.102702
220.096,1,425,0.102496
220.962,1,424.5,0.102288
221.828,1,424,0.102063
222.694,1,423.5,0.101813
223.56,1,423,0.101561
224.426,1,422.5,0.101306
225.292,1,422,0.101048
226.158,1,421.5,0.100787
227.024,1,421,0.10052
227.89,1,420.5,0.100212
228.756,1,420,0.0999001
229.622,1,419.5,0.0995844
230.488,1,419,0.0992648
231.355,1,418.5,0.0989414
232.221,1,418,0.0986157
233.087,1,417.5,0.0982504
233.953,1,417,0.0978692
234.819,1,416.5,0.097483
235.685,1,416,0.0970918
236.551,1,415.5,0.0966956
237.417,1,415,0.0962944
238.283,1,414.5,0.0958644
239.149,1,414,0.0953988
240.015,1,413.5,0.0949259
240.881,1,413,0.0944455
241.747,1,412.5,0.093955
242.613,1,412,0.0934544
243.479,1,411.5,0.0929393
244.345,1,411,0.0923908
245.211,1,410.5,0.0918438
246.077,1,410,0.0912984
246.943,1,409.5,0.0907546
247.809,1,409,0.0902123
248.675,1,408.5,0.0896716
249.541,1,408,0.0895271
250.407,1,407.5,0.0895046
251.273,1,407,0.0895881
252.139,1,406.5,0.0897338
253.005,1,406,0.0899301
253.871,1,405.5,0.0901773
254.737,1,405,0.0909782
255.603,1,404.5,0.0923792
256.469,1,404,0.0939147
257.335,1,403.5,0.0955847
258.201,1,403,0.0973891
259.067,1,402.5,0.0993279
259.933,1,402,0.101712
260.799,1,401.5,0.105593
261.665,1,401,0.109483
262.531,1,400.5,0.113367
263.397,1,400,0.117244
264.263,1,399.5,0.121115
265.13,1,399,0.12498
265.996,1,398.5,0.128616
266.862,1,398,0.132117
267.728,1,397.5,0.135506
268.594,1,397,0.138783
269.46,1,396.5,0.141949
270.326,1,396,0.147532
271.192,1,395.5,0.155325
272.058,1,395,0.165229
272.924,1,394.5,0.176264
273.79,1,394,0.18843
274.656,1,393.5,0.201726
275.522,1,393,0.216154
276.388,1,392.5,0.232192
277.254,1,392,0.250145
278.12,1,391.5,0.268166
278.986,1,391,0.286197
279.852,1,390.5,0.301628
280.718,1,390,0.315477
281.584,1,389.5,0.327741
282.45,1,389,0.332214
283.316,1,388.5,0.335286
284.182,1,388,0.337413
285.048,1,387.5,0.338594
285.914,1,387,0.33883
286.78,1,386.5,0.33812
287.646,1,386,0.336519
288.512,1,385.5,0.334878
289.378,1,385,0.333342
290.244,1,384.5,0.331862
291.11,1,384,0.330441
291.976,1,383.5,0.329076
292.842,1,383,0.327943
293.708,1,382.5,0.327289
294.574,1,382,0.326733
295.44,1,381.5,0.326277
296.306,1,381,0.325919
297.172,1,380.5,0.32566
298.038,1,380,0.325498
298.905,1,379.5,0.32567
299.771,1,379,0.325839
300.637,1,378.5,0.326001
301.503,1,378,0.326156
302.369,1,377.5,0.326305
303.235,1,377,0.326447
304.101,1,376.5,0.326501
304.967,1,376,0.32654
305.833,1,375.5,0.326611
306.699,1,375,0.326713
307.565,1,374.5,0.326859
308.431,1,374,0.327069
309.297,1,373.5,0.327281
310.163,1,373,0.327489
311.029,1,372.5,0.327726
311.895,1,372,0.327992
312.761,1,371.5,0.328287
313.627,1,371,0.328611
314.493,1,370.5,0.328961
315.359,1,370,0.329266
316.225,1,369.5,0.329581
317.091,1,369,0.3299
317.957,1,368.5,0.330217
318.823,1,368,0.330541
319.689,1,367.5,0.330873
320.555,1,367,0.331151
321.421,1,366.5,0.331406
322.287,1,366,0.331658
323.153,1,365.5,0.331908
324.019,1,365,0.332156
324.885,1,364.5,0.332401
325.751,1,364,0.332313
326.617,1,363.5,0.331352
327.483,1,363,0.329531
328.349,1,362.5,0.327358
329.215,1,362,0.324834
330.081,1,361.5,0.321959
330.947,1,361,0.31831
331.813,1,360.5,0.310557
332.679,1,360,0.302407
333.546,1,359.5,0.293859
334.412,1,359,0.284913
335.278,1,358.5,0.275569
336.144,1,358,0.267915
337.01,1,357.5,0.261846
337.876,1,357,0.256001
338.742,1,356.5,0.250898
339.608,1,356,0.246537
340.474,1,355.5,0.242918
341.34,1,355,0.240041
342.206,1,354.5,0.240314
343.072,1,354,0.24165
343.938,1,353.5,0.240508
344.804,1,353,0.236887
345.67,1,352.5,0.23105
346.536,1,352,0.224585
347.402,1,351.5,0.221514
348.268,1,351,0.234327
349.134,1,350.5,0.240093
350,1,350,0.238812
350.866,1,349.5,0.230484
351.732,1,349,0.21511
352.598,1,348.5,0.192689
353.464,1,348,0.158016
354.33,1,347.5,0.124724
355.196,1,347,0.106243
356.062,1,346.5,0.0989527
356.928,1,346,0.0918838
357.794,1,345.5,0.0850362
358.66,1,345,0.0877178
359.526,1,344.5,0.0975583
360.392,1,344,0.105803
361.258,1,343.5,0.112452
362.124,1,343,0.117506
362.99,1,342.5,0.120964
363.856,1,342,0.122372
364.722,1,341.5,0.121827
365.588,1,341,0.12151
366.454,1,340.5,0.121184
367.321,1,340,0.12085
368.187,1,339.5,0.120507
369.053,1,339,0.120155
369.919,1,338.5,0.120052
370.785,1,338,0.119999
371.651,1,337.5,0.119968
372.517,1,337,0.119961
373.383,1,336.5,0.119976
374.249,1,336,0.120114
375.115,1,335.5,0.120386
375.981,1,335,0.120704
376.847,1,334.5,0.121018
377.713,1,334,0.121328
378.579,1,333.5,0.121634
379.445,1,333,0.121936
380.311,1,332.5,0.122199
381.177,1,332,0.122363
382.043,1,331.5,0.122518
382.909,1,331,0.122664
383.775,1,330.5,0.1228
384.641,1,330,0.122936
385.507,1,329.5,0.123072
386.373,1,329,0.123151
387.239,1,328.5,0.123234
388.105,1,328,0.123325
388.971,1,327.5,0.123424
389.837,1,327,0.12353
390.703,1,326.5,0.123644
391.569,1,326,0.123733
392.435,1,325.5,0.12381
393.301,1,325,0.123892
394.167,1,324.5,0.123974
395.033,1,324,0.124055
395.899,1,323.5,0.124136
396.765,1,323,0.124199
397.631,1,322.5,0.124229
398.497,1,322,0.124261
399.363,1,321.5,0.124295
400.229,1,321,0.12433
401.095,1,320.5,0.124368
401.962,1,320,0.124407
402.828,1,319.5,0.124418
403.694,1,319,0.124429
404.56,1,318.5,0.124439
405.426,1,318,0.124449
406.292,1,317.5,0.124458
407.158,1,317,0.124468
408.024,1,316.5,0.124467
408.89,1,316,0.124462
409.756,1,315.5,0.124455
410.622,1,315,0.124448
411.488,1,314.5,0.12444
412.354,1,314,0.124432
413.22,1,313.5,0.124418
414.086,1,313,0.124398
414.952,1,312.5,0.124374
415.818,1,312,0.124348
416.684,1,311.5,0.124318
417.55,1,311,0.124286
418.416,1,310.5,0.124251
419.282,1,310,0.124204
420.148,1,309.5,0.124153
421.014,1,309,0.124099
421.88,1,308.5,0.12405
422.746,1,308,0.123997
423.612,1,307.5,0.123942
424.478,1,307,0.123878
425.344,1,306.5,0.123809
426.21,1,306,0.123736
427.076,1,305.5,0.123661
427.942,1,305,0.123582
428.808,1,304.5,0.123499
429.674,1,304,0.123409
430.54,1,303.5,0.12331
431.406,1,303,0.123217
432.272,1,302.5,0.12312
433.138,1,302,0.123021
434.004,1,301.5,0.122918
434.87,1,301,0.122811
435.737,1,300.5,0.122691
436.603,1,300,0.122567
437.469,1,299.5,0.122441
438.335,1,299,0.122311
439.201,1,298.5,0.122179
440.067,1,298,0.122045
440.933,1,297.5,0.121912
441.799,1,297,0.121774
442.665,1,296.5,0.121634
443.531,1,296,0.121491
444.397,1,295.5,0.121346
445.263,1,295,0.121197
446.129,1,294.5,0.12104
446.995,1,294,0.120874
447.861,1,293.5,0.120705
448.727,1,293,0.120534
449.593,1,292.5,0.120365
450.459,1,292,0.120214
451.325,1,291.5,0.120058
452.191,1,291,0.11989
453.057,1,290.5,0.119719
453.923,1,290,0.119548
454.789,1,289.5,0.119374
455.655,1,289,0.1192
456.521,1,288.5,0.119023
457.387,1,288,0.118833
458.253,1,287.5,0.11864
459.119,1,287,0.118453
459.985,1,286.5,0.118287
460.851,1,286,0.11812
461.717,1,285.5,0.117952
462.583,1,285,0.117776
463.449,1,284.5,0.117593
464.315,1,284,0.11741
465.181,1,283.5,0.117227
466.047,1,283,0.117043
466.913,1,282.5,0.116858
467.779,1,282,0.11667
468.645,1,281.5,0.116482
469.512,1,281,0.116318
470.378,1,280.5,0.116154
471.244,1,280,0.11599
472.11,1,279.5,0.115826
472.976,1,279,0.115663
473.842,1,278.5,0.11549
474.708,1,278,0.115317
475.574,1,277.5,0.115145
476.44,1,277,0.114973
477.306,1,276.5,0.114802
478.172,1,276,0.114641
479.038,1,275.5,0.114491
479.904,1,275,0.114338
480.77,1,274.5,0.114187
481.636,1,274,0.114036
482.502,1,273.5,0.113887
483.368,1,273,0.11374
484.234,1,272.5,0.113591
485.1,1,272,0.113438
485.966,1,271.5,0.113286
486.832,1,271,0.113136
487.698,1,270.5,0.112996
488.564,1,270,0.112867
489.43,1,269.5,0.112741
490.296,1,269,0.11261
491.162,1,268.5,0.112481
492.028,1,268,0.112354
492.894,1,267.5,0.112229
493.76,1,267,0.112105
494.626,1,266.5,0.111983
495.492,1,266,0.11186
496.358,1,265.5,0.111738
497.224,1,265,0.111625
498.09,1,264.5,0.111522
498.956,1,264,0.11142
499.822,1,263.5,0.11132
500.688,1,263,0.111221
501.554,1,262.5,0.111122
502.42,1,262,0.111025
503.286,1,261.5,0.11093
504.153,1,261,0.110837
505.019,1,260.5,0.110745
505.885,1,260,0.110656
506.751,1,259.5,0.110573
507.617,1,259,0.110498
508.483,1,258.5,0.110424
509.349,1,258,0.110351
510.215,1,257.5,0.11028
511.081,1,257,0.11021
511.947,1,256.5,0.110143
512.813,1,256,0.110077
513.679,1,255.5,0.110013
514.545,1,255,0.10995
515.411,1,254.5,0.109888
516.277,1,254,0.109834
517.143,1,253.5,0.109785
518.009,1,253,0.109738
518.875,1,252.5,0.109693
519.741,1,252,0.109648
520.607,1,251.5,0.109604
521.473,1,251,0.109561
522.339,1,250.5,0.109519
523.205,1,250,0.10948
524.071,1,249.5,0.109442
524.937,1,249,0.109405
525.803,1,248.5,0.109372
526.669,1,248,0.109341
527.535,1,247.5,0.10931
528.401,1,247,0.109282
529.267,1,246.5,0.109256
530.133,1,246,0.10923
530.999,1,245.5,0.109205
531.865,1,245,0.10918
532.731,1,244.5,0.109157
533.597,1,244,0.109135
534.463,1,243.5,0.109115
535.329,1,243,0.109098
536.195,1,242.5,0.109082
537.061,1,242,0.109067
537.928,1,241.5,0.109052
538.794,1,241,0.109039
539.66,1,240.5,0.109027
540.526,1,240,0.109015
541.392,1,239.5,0.109004
542.258,1,239,0.108994
543.124,1,238.5,0.108984
543.99,1,238,0.108974
544.856,1,237.5,0.108967
545.722,1,237,0.108961
546.588,1,236.5,0.108954
547.454,1,236,0.108949
548.32,1,235.5,0.108943
549.186,1,235,0.108938
550.052,1,234.5,0.108934
550.918,1,234,0.108931
551.784,1,233.5,0.108928
552.65,1,233,0.108925
553.516,1,232.5,0.108922
554.382,1,232,0.108921
555.248,1,231.5,0.108919
556.114,1,231,0.108919
556.98,1,230.5,0.10892
557.846,1,230,0.10892
558.712,1,229.5,0.10892
559.578,1,229,0.108921
560.444,1,228.5,0.108921
561.31,1,228,0.108923
562.176,1,227.5,0.108924
563.042,1,227,0.108926
563.908,1,226.5,0.108927
564.774,1,226,0.108929
565.64,1,225.5,0.10893
566.506,1,225,0.108932
567.372,1,224.5,0.108934
568.238,1,224,0.108936
569.104,1,223.5,0.108939
569.97,1,223,0.108941
570.836,1,222.5,0.108943
571.703,1,222,0.108946
572.569,1,221.5,0.108948
573.435,1,221,0.108951
574.301,1,220.5,0.108954
575.167,1,220,0.108956
576.033,1,219.5,0.108959
576.899,1,219,0.108961
577.765,1,218.5,0.108964
578.631,1,218,0.108968
579.497,1,217.5,0.108971
580.363,1,217,0.108974
581.229,1,216.5,0.108977
582.095,1,216,0.10898
582.961,1,215.5,0.108983
583.827,1,215,0.108985
584.693,1,214.5,0.108988
585.559,1,214,0.108991
586.425,1,213.5,0.108994
587.291,1,213,0.108997
588.157,1,212.5,0.109
589.023,1,212,0.109003
589.889,1,211.5,0.109006
590.755,1,211,0.109009
591.621,1,210.5,0.109012
592.487,1,210,0.109015
593.353,1,209.5,0.109018
594.219,1,209,0.109021
595.085,1,208.5,0.109024
595.951,1,208,0.109027
596.817,1,207.5,0.109029
597.683,1,207,0.109032
598.549,1,206.5,0.109035
599.415,1,206,0.109038
600.281,1,205.5,0.109041
601.147,1,205,0.109044
602.013,1,204.5,0.109046
602.879,1,204,0.109049
603.745,1,203.5,0.109052
604.611,1,203,0.109055
605.477,1,202.5,0.109057
606.344,1,202,0.10906
607.21,1,201.5,0.109063
608.076,1,201,0.109066
608.942,1,200.5,0.109069
609.808,1,200,0.109071
