x,y,z,b
90.1924,1,500,0.109155
91.0584,1,499.5,0.109155
91.9244,1,499,0.109155
92.7905,1,498.5,0.109156
93.6565,1,498,0.109156
94.5225,1,497.5,0.109156
95.3885,1,497,0.109157
96.2546,1,496.5,0.109157
97.1206,1,496,0.109157
97.9866,1,495.5,0.109157
98.8526,1,495,0.109158
99.7187,1,494.5,0.109158
100.585,1,494,0.109158
101.451,1,493.5,0.109158
102.317,1,493,0.109159
103.183,1,492.5,0.109159
104.049,1,492,0.109159
104.915,1,491.5,0.10916
105.781,1,491,0.10916
106.647,1,490.5,0.10916
107.513,1,490,0.109161
108.379,1,489.5,0.109161
109.245,1,489,0.109161
110.111,1,488.5,0.109162
110.977,1,488,0.109162
111.843,1,487.5,0.109162
112.709,1,487,0.109163
113.575,1,486.5,0.109163
114.441,1,486,0.109163
115.307,1,485.5,0.109164
116.173,1,485,0.109164
117.039,1,484.5,0.109164
117.905,1,484,0.109165
118.771,1,483.5,0.109165
119.637,1,483,0.109165
120.503,1,482.5,0.109166
121.369,1,482,0.109166
122.235,1,481.5,0.109167
123.101,1,481,0.109167
123.967,1,480.5,0.109167
124.833,1,480,0.109168
125.699,1,479.5,0.109168
126.565,1,479,0.109169
127.431,1,478.5,0.109169
128.297,1,478,0.109169
129.164,1,477.5,0.10917
130.03,1,477,0.10917
130.896,1,476.5,0.109171
131.762,1,476,0.109171
132.628,1,475.5,0.109172
133.494,1,475,0.109172
134.36,1,474.5,0.109173
135.226,1,474,0.109173
136.092,1,473.5,0.109174
136.958,1,473,0.109174
137.824,1,472.5,0.109175
138.69,1,472,0.109175
139.556,1,471.5,0.109176
140.422,1,471,0.109176
141.288,1,470.5,0.109177
142.154,1,470,0.109177
143.02,1,469.5,0.109178
143.886,1,469,0.109179
144.752,1,468.5,0.109179
145.618,1,468,0.10918
146.484,1,467.5,0.10918
147.35,1,467,0.109181
148.216,1,466.5,0.109181
149.082,1,466,0.109182
149.948,1,465.5,0.109183
150.814,1,465,0.109183
151.68,1,464.5,0.109184
152.546,1,464,0.109185
153.412,1,463.5,0.109185
154.278,1,463,0.109186
155.144,1,462.5,0.109186
156.01,1,462,0.109187
156.876,1,461.5,0.109188
157.742,1,461,0.109189
158.608,1,460.5,0.109189
159.474,1,460,0.10919
160.34,1,459.5,0.109191
161.206,1,459,0.109191
162.072,1,458.5,0.109192
162.939,1,458,0.109193
163.805,1,457.5,0.109194
164.671,1,457,0.109194
165.537,1,456.5,0.109195
166.403,1,456,0.109196
167.269,1,455.5,0.109197
168.135,1,455,0.109198
169.001,1,454.5,0.109199
169.867,1,454,0.109199
170.733,1,453.5,0.1092
171.599,1,453,0.109201
172.465,1,452.5,0.109202
173.331,1,452,0.109203
174.197,1,451.5,0.109204
175.063,1,451,0.109205
175.929,1,450.5,0.109206
176.795,1,450,0.109207
177.661,1,449.5,0.109208
178.527,1,449,0.109209
179.393,1,448.5,0.10921
180.259,1,448,0.109211
181.125,1,447.5,0.109212
181.991,1,447,0.109213
182.857,1,446.5,0.109214
183.723,1,446,0.109215
184.589,1,445.5,0.109216
185.455,1,445,0.109217
186.321,1,444.5,0.109218
187.187,1,444,0.10922
188.053,1,443.5,0.109221
188.919,1,443,0.109222
189.785,1,442.5,0.109223
190.651,1,442,0.109224
191.517,1,441.5,0.109226
192.383,1,441,0.109227
193.249,1,440.5,0.109228
194.115,1,440,0.10923
194.981,1,439.5,0.109231
195.847,1,439,0.109232
196.714,1,438.5,0.109234
197.58,1,438,0.109235
198.446,1,437.5,0.109237
199.312,1,437,0.109238
200.178,1,436.5,0.109239
201.044,1,436,0.109241
201.91,1,435.5,0.109242
202.776,1,435,0.109244
203.642,1,434.5,0.109245
204.508,1,434,0.109247
205.374,1,433.5,0.109249
206.24,1,433,0.10925
207.106,1,432.5,0.109252
207.972,1,432,0.109254
208.838,1,431.5,0.109256
209.704,1,431,0.109257
210.57,1,430.5,0.109259
211.436,1,430,0.109261
212.302,1,429.5,0.109263
213.168,1,429,0.109265
214.034,1,428.5,0.109266
214.9,1,428,0.109268
215.766,1,427.5,0.10927
216.632,1,427,0.109272
217.498,1,426.5,0.109274
218.364,1,426,0.109276
219.23,1,425.5,0.109278
220.096,1,425,0.10928
220.962,1,424.5,0.109282
221.828,1,424,0.109284
222.694,1,423.5,0.109286
223.56,1,423,0.109289
224.426,1,422.5,0.109291
225.292,1,422,0.109293
226.158,1,421.5,0.109295
227.024,1,421,0.109298
227.89,1,420.5,0.1093
228.756,1,420,0.109302
229.622,1,419.5,0.109304
230.488,1,419,0.109307
231.355,1,418.5,0.109309
232.221,1,418,0.109312
233.087,1,417.5,0.109314
233.953,1,417,0.109316
234.819,1,416.5,0.109318
235.685,1,416,0.10932
236.551,1,415.5,0.109323
237.417,1,415,0.109325
238.283,1,414.5,0.109327
239.149,1,414,0.109329
240.015,1,413.5,0.109331
240.881,1,413,0.109333
241.747,1,412.5,0.109336
242.613,1,412,0.109339
243.479,1,411.5,0.109341
244.345,1,411,0.109343
245.211,1,410.5,0.109344
246.077,1,410,0.109346
246.943,1,409.5,0.109348
247.809,1,409,0.10935
248.675,1,408.5,0.109352
249.541,1,408,0.109353
250.407,1,407.5,0.109354
251.273,1,407,0.109355
252.139,1,406.5,0.109357
253.005,1,406,0.109358
253.871,1,405.5,0.10936
254.737,1,405,0.109361
255.603,1,404.5,0.10936
256.469,1,404,0.10936
257.335,1,403.5,0.109359
258.201,1,403,0.109359
259.067,1,402.5,0.109359
259.933,1,402,0.109358
260.799,1,401.5,0.109356
261.665,1,401,0.109353
262.531,1,400.5,0.109351
263.397,1,400,0.109348
264.263,1,399.5,0.109346
265.13,1,399,0.109344
265.996,1,398.5,0.109337
266.862,1,398,0.10933
267.728,1,397.5,0.109322
268.594,1,397,0.109315
269.46,1,396.5,0.109307
270.326,1,396,0.109301
271.192,1,395.5,0.109291
272.058,1,395,0.109278
272.924,1,394.5,0.109266
273.79,1,394,0.109253
274.656,1,393.5,0.10924
275.522,1,393,0.109227
276.388,1,392.5,0.109212
277.254,1,392,0.109187
278.12,1,391.5,0.109161
278.986,1,391,0.109136
279.852,1,390.5,0.109111
280.718,1,390,0.109086
281.584,1,389.5,0.109061
282.45,1,389,0.109022
283.316,1,388.5,0.108983
284.182,1,388,0.108943
285.048,1,387.5,0.108903
285.914,1,387,0.108862
286.78,1,386.5,0.108821
287.646,1,386,0.108763
288.512,1,385.5,0.108696
289.378,1,385,0.10863
290.244,1,384.5,0.108564
291.11,1,384,0.108497
291.976,1,383.5,0.10843
292.842,1,383,0.108353
293.708,1,382.5,0.108256
294.574,1,382,0.108158
295.44,1,381.5,0.108059
296.306,1,381,0.107959
297.172,1,380.5,0.107857
298.038,1,380,0.107756
298.905,1,379.5,0.107609
299.771,1,379,0.107461
300.637,1,378.5,0.107312
301.503,1,378,0.107163
302.369,1,377.5,0.107013
303.235,1,377,0.106862
304.101,1,376.5,0.106666
304.967,1,376,0.106446
305.833,1,375.5,0.106222
306.699,1,375,0.105995
307.565,1,374.5,0.105766
308.431,1,374,0.105541
309.297,1,373.5,0.105309
310.163,1,373,0.105071
311.029,1,372.5,0.104835
311.895,1,372,0.104602
312.761,1,371.5,0.10437
313.627,1,371,0.10414
314.493,1,370.5,0.1039
315.359,1,370,0.103403
316.225,1,369.5,0.102892
317.091,1,369,0.102368
317.957,1,368.5,0.101828
318.823,1,368,0.10127
319.689,1,367.5,0.100695
320.555,1,367,0.100586
321.421,1,366.5,0.100683
322.287,1,366,0.100817
323.153,1,365.5,0.100986
324.019,1,365,0.10119
324.885,1,364.5,0.101431
325.751,1,364,0.101025
326.617,1,363.5,0.0996602
327.483,1,363,0.0983479
328.349,1,362.5,0.0970262
329.215,1,362,0.0956953
330.081,1,361.5,0.0943551
330.947,1,361,0.0934855
331.813,1,360.5,0.0969122
332.679,1,360,0.10045
333.546,1,359.5,0.104098
334.412,1,359,0.107857
335.278,1,358.5,0.111727
336.144,1,358,0.115477
337.01,1,357.5,0.118476
337.876,1,357,0.120699
338.742,1,356.5,0.122185
339.608,1,356,0.122936
340.474,1,355.5,0.122951
341.34,1,355,0.12223
342.206,1,354.5,0.120474
343.072,1,354,0.117814
343.938,1,353.5,0.114648
344.804,1,353,0.110974
345.67,1,352.5,0.105223
346.536,1,352,0.0961387
347.402,1,351.5,0.0886898
348.268,1,351,0.0973003
349.134,1,350.5,0.102045
350,1,350,0.102925
350.866,1,349.5,0.0999396
351.732,1,349,0.0930886
352.598,1,348.5,0.0823721
353.464,1,348,0.0685432
354.33,1,347.5,0.0608014
355.196,1,347,0.0656864
356.062,1,346.5,0.0771955
356.928,1,346,0.0885467
357.794,1,345.5,0.09974
358.66,1,345,0.105817
359.526,1,344.5,0.107607
360.392,1,344,0.109644
361.258,1,343.5,0.111925
362.124,1,343,0.114453
362.99,1,342.5,0.117225
363.856,1,342,0.11994
364.722,1,341.5,0.121332
365.588,1,341,0.122484
366.454,1,340.5,0.123525
367.321,1,340,0.124452
368.187,1,339.5,0.125268
369.053,1,339,0.125971
369.919,1,338.5,0.12627
370.785,1,338,0.126494
371.651,1,337.5,0.126679
372.517,1,337,0.126826
373.383,1,336.5,0.126933
374.249,1,336,0.127136
375.115,1,335.5,0.127411
375.981,1,335,0.127664
376.847,1,334.5,0.127862
377.713,1,334,0.128007
378.579,1,333.5,0.128098
379.445,1,333,0.128135
380.311,1,332.5,0.128142
381.177,1,332,0.128166
382.043,1,331.5,0.12815
382.909,1,331,0.128092
383.775,1,330.5,0.128122
384.641,1,330,0.128166
385.507,1,329.5,0.128177
386.373,1,329,0.128063
387.239,1,328.5,0.12791
388.105,1,328,0.127724
388.971,1,327.5,0.127504
389.837,1,327,0.12725
390.703,1,326.5,0.126962
391.569,1,326,0.126612
392.435,1,325.5,0.126218
393.301,1,325,0.125949
394.167,1,324.5,0.125704
395.033,1,324,0.12544
395.899,1,323.5,0.125157
396.765,1,323,0.124825
397.631,1,322.5,0.124411
398.497,1,322,0.123984
399.363,1,321.5,0.123543
400.229,1,321,0.12309
401.095,1,320.5,0.122623
401.962,1,320,0.122142
402.828,1,319.5,0.121697
403.694,1,319,0.121272
404.56,1,318.5,0.120843
405.426,1,318,0.120412
406.292,1,317.5,0.119976
407.158,1,317,0.119538
408.024,1,316.5,0.119059
408.89,1,316,0.118564
409.756,1,315.5,0.118071
410.622,1,315,0.11758
411.488,1,314.5,0.11709
412.354,1,314,0.116709
413.22,1,313.5,0.116325
414.086,1,313,0.115919
414.952,1,312.5,0.115519
415.818,1,312,0.115124
416.684,1,311.5,0.114735
417.55,1,311,0.114352
418.416,1,310.5,0.113973
419.282,1,310,0.113593
420.148,1,309.5,0.113221
421.014,1,309,0.112859
421.88,1,308.5,0.112586
422.746,1,308,0.112323
423.612,1,307.5,0.112065
424.478,1,307,0.111813
425.344,1,306.5,0.111569
426.21,1,306,0.111331
427.076,1,305.5,0.111101
427.942,1,305,0.110879
428.808,1,304.5,0.110663
429.674,1,304,0.110461
430.54,1,303.5,0.110275
431.406,1,303,0.110131
432.272,1,302.5,0.109993
433.138,1,302,0.109859
434.004,1,301.5,0.109732
434.87,1,301,0.109611
435.737,1,300.5,0.109509
436.603,1,300,0.109412
437.469,1,299.5,0.109319
438.335,1,299,0.109232
439.201,1,298.5,0.109149
440.067,1,298,0.109073
440.933,1,297.5,0.109027
441.799,1,297,0.108986
442.665,1,296.5,0.108947
443.531,1,296,0.108911
444.397,1,295.5,0.108876
445.263,1,295,0.108844
446.129,1,294.5,0.108819
446.995,1,294,0.108802
447.861,1,293.5,0.108786
448.727,1,293,0.108772
449.593,1,292.5,0.108759
450.459,1,292,0.108747
451.325,1,291.5,0.108738
452.191,1,291,0.108735
453.057,1,290.5,0.108732
453.923,1,290,0.108729
454.789,1,289.5,0.108727
455.655,1,289,0.108726
456.521,1,288.5,0.108725
457.387,1,288,0.108728
458.253,1,287.5,0.108732
459.119,1,287,0.108736
459.985,1,286.5,0.108739
460.851,1,286,0.108742
461.717,1,285.5,0.108745
462.583,1,285,0.10875
463.449,1,284.5,0.108757
464.315,1,284,0.108763
465.181,1,283.5,0.108769
466.047,1,283,0.108776
466.913,1,282.5,0.108782
467.779,1,282,0.108789
468.645,1,281.5,0.108796
469.512,1,281,0.108803
470.378,1,280.5,0.10881
471.244,1,280,0.108817
472.11,1,279.5,0.108824
472.976,1,279,0.10883
473.842,1,278.5,0.108838
474.708,1,278,0.108845
475.574,1,277.5,0.108852
476.44,1,277,0.10886
477.306,1,276.5,0.108867
478.172,1,276,0.108874
479.038,1,275.5,0.10888
479.904,1,275,0.108886
480.77,1,274.5,0.108892
481.636,1,274,0.108898
482.502,1,273.5,0.108904
483.368,1,273,0.10891
484.234,1,272.5,0.108915
485.1,1,272,0.108922
485.966,1,271.5,0.108928
486.832,1,271,0.108934
487.698,1,270.5,0.108939
488.564,1,270,0.108944
489.43,1,269.5,0.108949
490.296,1,269,0.108954
491.162,1,268.5,0.10896
492.028,1,268,0.108965
492.894,1,267.5,0.10897
493.76,1,267,0.108974
494.626,1,266.5,0.108979
495.492,1,266,0.108984
496.358,1,265.5,0.108989
497.224,1,265,0.108993
498.09,1,264.5,0.108997
498.956,1,264,0.109001
499.822,1,263.5,0.109004
500.688,1,263,0.109008
501.554,1,262.5,0.109011
502.42,1,262,0.109015
503.286,1,261.5,0.109019
504.153,1,261,0.109022
505.019,1,260.5,0.109025
505.885,1,260,0.109029
506.751,1,259.5,0.109032
507.617,1,259,0.109035
508.483,1,258.5,0.109038
509.349,1,258,0.109041
510.215,1,257.5,0.109044
511.081,1,257,0.109046
511.947,1,256.5,0.109049
512.813,1,256,0.109052
513.679,1,255.5,0.109055
514.545,1,255,0.109057
515.411,1,254.5,0.10906
516.277,1,254,0.109062
517.143,1,253.5,0.109064
518.009,1,253,0.109067
518.875,1,252.5,0.109069
519.741,1,252,0.109071
520.607,1,251.5,0.109073
521.473,1,251,0.109075
522.339,1,250.5,0.109077
523.205,1,250,0.109079
524.071,1,249.5,0.10908
524.937,1,249,0.109082
525.803,1,248.5,0.109084
526.669,1,248,0.109086
527.535,1,247.5,0.109087
528.401,1,247,0.109089
529.267,1,246.5,0.109091
530.133,1,246,0.109092
530.999,1,245.5,0.109094
531.865,1,245,0.109095
532.731,1,244.5,0.109097
533.597,1,244,0.109098
534.463,1,243.5,0.1091
535.329,1,243,0.109101
536.195,1,242.5,0.109102
537.061,1,242,0.109103
537.928,1,241.5,0.109104
538.794,1,241,0.109105
539.66,1,240.5,0.109106
540.526,1,240,0.109107
541.392,1,239.5,0.109108
542.258,1,239,0.109109
543.124,1,238.5,0.10911
543.99,1,238,0.109111
544.856,1,237.5,0.109112
545.722,1,237,0.109113
546.588,1,236.5,0.109114
547.454,1,236,0.109115
548.32,1,235.5,0.109116
549.186,1,235,0.109117
550.052,1,234.5,0.109118
550.918,1,234,0.109118
551.784,1,233.5,0.109119
552.65,1,233,0.10912
553.516,1,232.5,0.109121
554.382,1,232,0.109121
555.248,1,231.5,0.109122
556.114,1,231,0.109123
556.98,1,230.5,0.109123
557.846,1,230,0.109124
558.712,1,229.5,0.109125
559.578,1,229,0.109125
560.444,1,228.5,0.109126
561.31,1,228,0.109126
562.176,1,227.5,0.109127
563.042,1,227,0.109128
563.908,1,226.5,0.109128
564.774,1,226,0.109129
565.64,1,225.5,0.109129
566.506,1,225,0.10913
567.372,1,224.5,0.10913
568.238,1,224,0.109131
569.104,1,223.5,0.109131
569.97,1,223,0.109132
570.836,1,222.5,0.109132
571.703,1,222,0.109132
572.569,1,221.5,0.109133
573.435,1,221,0.109133
574.301,1,220.5,0.109134
575.167,1,220,0.109134
576.033,1,219.5,0.109134
576.899,1,219,0.109135
577.765,1,218.5,0.109135
578.631,1,218,0.109135
579.497,1,217.5,0.109136
580.363,1,217,0.109136
581.229,1,216.5,0.109136
582.095,1,216,0.109137
582.961,1,215.5,0.109137
583.827,1,215,0.109137
584.693,1,214.5,0.109137
585.559,1,214,0.109138
586.425,1,213.5,0.109138
587.291,1,213,0.109138
588.157,1,212.5,0.109139
589.023,1,212,0.109139
589.889,1,211.5,0.109139
590.755,1,211,0.109139
591.621,1,210.5,0.10914
592.487,1,210,0.10914
593.353,1,209.5,0.10914
594.219,1,209,0.10914
595.085,1,208.5,0.10914
595.951,1,208,0.109141
596.817,1,207.5,0.109141
597.683,1,207,0.109141
598.549,1,206.5,0.109141
599.415,1,206,0.109141
600.281,1,205.5,0.109142
601.147,1,205,0.109142
602.013,1,204.5,0.109142
602.879,1,204,0.109142
603.745,1,203.5,0.109142
604.611,1,203,0.109142
605.477,1,202.5,0.109143
606.344,1,202,0.109143
607.21,1,201.5,0.109143
608.076,1,201,0.109143
608.942,1,200.5,0.109143
609.808,1,200,0.109143
