x,y,z,b
90.1924,1,500,0.106334
91.0584,1,499.5,0.106299
91.9244,1,499,0.106263
92.7905,1,498.5,0.106227
93.6565,1,498,0.106191
94.5225,1,497.5,0.106154
95.3885,1,497,0.106117
96.2546,1,496.5,0.106075
97.1206,1,496,0.10603
97.9866,1,495.5,0.105985
98.8526,1,495,0.105939
99.7187,1,494.5,0.105893
100.585,1,494,0.105846
101.451,1,493.5,0.105796
102.317,1,493,0.105741
103.183,1,492.5,0.105685
104.049,1,492,0.105628
104.915,1,491.5,0.105571
105.781,1,491,0.105514
106.647,1,490.5,0.105456
107.513,1,490,0.105392
108.379,1,489.5,0.105327
109.245,1,489,0.105262
110.111,1,488.5,0.105196
110.977,1,488,0.10513
111.843,1,487.5,0.105063
112.709,1,487,0.104992
113.575,1,486.5,0.104919
114.441,1,486,0.104846
115.307,1,485.5,0.104772
116.173,1,485,0.104697
117.039,1,484.5,0.104622
117.905,1,484,0.104545
118.771,1,483.5,0.104465
119.637,1,483,0.104384
120.503,1,482.5,0.104302
121.369,1,482,0.10422
122.235,1,481.5,0.104137
123.101,1,481,0.104053
123.967,1,480.5,0.103965
124.833,1,480,0.103877
125.699,1,479.5,0.103788
126.565,1,479,0.103698
127.431,1,478.5,0.103607
128.297,1,478,0.103516
129.164,1,477.5,0.103422
130.03,1,477,0.103326
130.896,1,476.5,0.103229
131.762,1,476,0.103132
132.628,1,475.5,0.103034
133.494,1,475,0.102935
134.36,1,474.5,0.102834
135.226,1,474,0.102731
136.092,1,473.5,0.102627
136.958,1,473,0.102522
137.824,1,472.5,0.102417
138.69,1,472,0.10231
139.556,1,471.5,0.102203
140.422,1,471,0.102093
141.288,1,470.5,0.101982
142.154,1,470,0.101871
143.02,1,469.5,0.101758
143.886,1,469,0.101646
144.752,1,468.5,0.101532
145.618,1,468,0.101418
146.484,1,467.5,0.101303
147.35,1,467,0.101187
148.216,1,466.5,0.101071
149.082,1,466,0.100954
149.948,1,465.5,0.100837
150.814,1,465,0.10072
151.68,1,464.5,0.100605
152.546,1,464,0.10049
153.412,1,463.5,0.100374
154.278,1,463,0.100257
155.144,1,462.5,0.100141
156.01,1,462,0.100025
156.876,1,461.5,0.0999189
157.742,1,461,0.0998128
158.608,1,460.5,0.099707
159.474,1,460,0.0996015
160.34,1,459.5,0.0994962
161.206,1,459,0.0993912
162.072,1,458.5,0.0993064
162.939,1,458,0.099226
163.805,1,457.5,0.0991466
164.671,1,457,0.0990683
165.537,1,456.5,0.0989919
166.403,1,456,0.098919
167.269,1,455.5,0.0988673
168.135,1,455,0.0988341
169.001,1,454.5,0.0988034
169.867,1,454,0.098775
170.733,1,453.5,0.0987491
171.599,1,453,0.0987255
172.465,1,452.5,0.0987157
173.331,1,452,0.0987477
174.197,1,451.5,0.0987837
175.063,1,451,0.0988265
175.929,1,450.5,0.0988791
176.795,1,450,0.0989367
177.661,1,449.5,0.0989991
178.527,1,449,0.0991264
179.393,1,448.5,0.0992659
180.259,1,448,0.0994122
181.125,1,447.5,0.0995654
181.991,1,447,0.0997254
182.857,1,446.5,0.0998922
183.723,1,446,0.100112
184.589,1,445.5,0.100378
185.455,1,445,0.100666
186.321,1,444.5,0.100964
187.187,1,444,0.101275
188.053,1,443.5,0.101596
188.919,1,443,0.101955
189.785,1,442.5,0.102392
190.651,1,442,0.102844
191.517,1,441.5,0.10331
192.383,1,441,0.10379
193.249,1,440.5,0.104284
194.115,1,440,0.104812
194.981,1,439.5,0.10547
195.847,1,439,0.106154
196.714,1,438.5,0.106859
197.58,1,438,0.107585
198.446,1,437.5,0.108333
199.312,1,437,0.109103
200.178,1,436.5,0.109958
201.044,1,436,0.110871
201.91,1,435.5,0.111809
202.776,1,435,0.112771
203.642,1,434.5,0.113799
204.508,1,434,0.114893
205.374,1,433.5,0.116044
206.24,1,433,0.117279
207.106,1,432.5,0.118549
207.972,1,432,0.119854
208.838,1,431.5,0.121194
209.704,1,431,0.122569
210.57,1,430.5,0.123981
211.436,1,430,0.125477
212.302,1,429.5,0.127011
213.168,1,429,0.128655
214.034,1,428.5,0.130394
214.9,1,428,0.132181
215.766,1,427.5,0.134017
216.632,1,427,0.135899
217.498,1,426.5,0.137826
218.364,1,426,0.139801
219.23,1,425.5,0.141822
220.096,1,425,0.14389
220.962,1,424.5,0.146005
221.828,1,424,0.148112
222.694,1,423.5,0.150306
223.56,1,423,0.152602
224.426,1,422.5,0.154931
225.292,1,422,0.157293
226.158,1,421.5,0.15969
227.024,1,421,0.162089
227.89,1,420.5,0.164153
228.756,1,420,0.166214
229.622,1,419.5,0.168271
230.488,1,419,0.170325
231.355,1,418.5,0.172374
232.221,1,418,0.174048
233.087,1,417.5,0.175226
233.953,1,417,0.176273
234.819,1,416.5,0.177276
235.685,1,416,0.178234
236.551,1,415.5,0.179148
237.417,1,415,0.180016
238.283,1,414.5,0.180878
239.149,1,414,0.181786
240.015,1,413.5,0.182708
240.881,1,413,0.183647
241.747,1,412.5,0.184528
242.613,1,412,0.185516
243.479,1,411.5,0.186624
244.345,1,411,0.187654
245.211,1,410.5,0.188668
246.077,1,410,0.189666
246.943,1,409.5,0.190649
247.809,1,409,0.191616
248.675,1,408.5,0.192567
249.541,1,408,0.193043
250.407,1,407.5,0.19332
251.273,1,407,0.193782
252.139,1,406.5,0.194153
253.005,1,406,0.194374
253.871,1,405.5,0.194446
254.737,1,405,0.194466
255.603,1,404.5,0.194462
256.469,1,404,0.194349
257.335,1,403.5,0.194127
258.201,1,403,0.193797
259.067,1,402.5,0.193359
259.933,1,402,0.192913
260.799,1,401.5,0.193324
261.665,1,401,0.193655
262.531,1,400.5,0.19385
263.397,1,400,0.193909
264.263,1,399.5,0.193831
265.13,1,399,0.193618
265.996,1,398.5,0.193519
266.862,1,398,0.193361
267.728,1,397.5,0.193111
268.594,1,397,0.19277
269.46,1,396.5,0.192338
270.326,1,396,0.192385
271.192,1,395.5,0.192818
272.058,1,395,0.193568
272.924,1,394.5,0.194294
273.79,1,394,0.194996
274.656,1,393.5,0.195674
275.522,1,393,0.196328
276.388,1,392.5,0.197071
277.254,1,392,0.198183
278.12,1,391.5,0.199348
278.986,1,391,0.200583
279.852,1,390.5,0.202342
280.718,1,390,0.204091
281.584,1,389.5,0.205827
282.45,1,389,0.207409
283.316,1,388.5,0.209031
284.182,1,388,0.210706
285.048,1,387.5,0.212434
285.914,1,387,0.214215
286.78,1,386.5,0.216049
287.646,1,386,0.218136
288.512,1,385.5,0.220504
289.378,1,385,0.223284
290.244,1,384.5,0.226185
291.11,1,384,0.229206
291.976,1,383.5,0.232347
292.842,1,383,0.23457
293.708,1,382.5,0.233861
294.574,1,382,0.232226
295.44,1,381.5,0.229665
296.306,1,381,0.226176
297.172,1,380.5,0.221761
298.038,1,380,0.216482
298.905,1,379.5,0.213923
299.771,1,379,0.211506
300.637,1,378.5,0.209203
301.503,1,378,0.207015
302.369,1,377.5,0.204941
303.235,1,377,0.202981
304.101,1,376.5,0.203475
304.967,1,376,0.205388
305.833,1,375.5,0.207632
306.699,1,375,0.210207
307.565,1,374.5,0.212959
308.431,1,374,0.215374
309.297,1,373.5,0.218213
310.163,1,373,0.22168
311.029,1,372.5,0.225235
311.895,1,372,0.228879
312.761,1,371.5,0.232611
313.627,1,371,0.23643
314.493,1,370.5,0.240287
315.359,1,370,0.243137
316.225,1,369.5,0.245994
317.091,1,369,0.248722
317.957,1,368.5,0.251157
318.823,1,368,0.253672
319.689,1,367.5,0.256268
320.555,1,367,0.258349
321.421,1,366.5,0.260274
322.287,1,366,0.262258
323.153,1,365.5,0.264302
324.019,1,365,0.266407
324.885,1,364.5,0.268571
325.751,1,364,0.270257
326.617,1,363.5,0.271226
327.483,1,363,0.272131
328.349,1,362.5,0.273128
329.215,1,362,0.27422
330.081,1,361.5,0.275406
330.947,1,361,0.276288
331.813,1,360.5,0.273864
332.679,1,360,0.271733
333.546,1,359.5,0.269894
334.412,1,359,0.268348
335.278,1,358.5,0.267093
336.144,1,358,0.265954
337.01,1,357.5,0.263086
337.876,1,357,0.259847
338.742,1,356.5,0.256683
339.608,1,356,0.253595
340.474,1,355.5,0.250582
341.34,1,355,0.247645
342.206,1,354.5,0.246013
343.072,1,354,0.2457
343.938,1,353.5,0.245287
344.804,1,353,0.244773
345.67,1,352.5,0.243902
346.536,1,352,0.242628
347.402,1,351.5,0.244304
348.268,1,351,0.261547
349.134,1,350.5,0.277408
350,1,350,0.291886
350.866,1,349.5,0.304982
351.732,1,349,0.316694
352.598,1,348.5,0.327024
353.464,1,348,0.322071
354.33,1,347.5,0.317828
355.196,1,347,0.314964
356.062,1,346.5,0.311404
356.928,1,346,0.308484
357.794,1,345.5,0.306204
358.66,1,345,0.304922
359.526,1,344.5,0.304428
360.392,1,344,0.304351
361.258,1,343.5,0.30469
362.124,1,343,0.305446
362.99,1,342.5,0.306619
363.856,1,342,0.308098
364.722,1,341.5,0.309016
365.588,1,341,0.309774
366.454,1,340.5,0.310637
367.321,1,340,0.311606
368.187,1,339.5,0.312679
369.053,1,339,0.313857
369.919,1,338.5,0.314785
370.785,1,338,0.315878
371.651,1,337.5,0.317182
372.517,1,337,0.318697
373.383,1,336.5,0.320423
374.249,1,336,0.322033
375.115,1,335.5,0.322736
375.981,1,335,0.323082
376.847,1,334.5,0.3237
377.713,1,334,0.32459
378.579,1,333.5,0.325751
379.445,1,333,0.327184
380.311,1,332.5,0.328276
381.177,1,332,0.327947
382.043,1,331.5,0.327846
382.909,1,331,0.327973
383.775,1,330.5,0.327983
384.641,1,330,0.328111
385.507,1,329.5,0.328497
386.373,1,329,0.32734
387.239,1,328.5,0.32634
388.105,1,328,0.325583
388.971,1,327.5,0.325069
389.837,1,327,0.324798
390.703,1,326.5,0.324771
391.569,1,326,0.322515
392.435,1,325.5,0.319802
393.301,1,325,0.316992
394.167,1,324.5,0.314378
395.033,1,324,0.312225
395.899,1,323.5,0.310532
396.765,1,323,0.305768
397.631,1,322.5,0.294426
398.497,1,322,0.284017
399.363,1,321.5,0.27454
400.229,1,321,0.265995
401.095,1,320.5,0.258382
401.962,1,320,0.251655
402.828,1,319.5,0.238413
403.694,1,319,0.224461
404.56,1,318.5,0.210165
405.426,1,318,0.195525
406.292,1,317.5,0.18054
407.158,1,317,0.165211
408.024,1,316.5,0.158434
408.89,1,316,0.155369
409.756,1,315.5,0.152139
410.622,1,315,0.148743
411.488,1,314.5,0.145182
412.354,1,314,0.141335
413.22,1,313.5,0.138329
414.086,1,313,0.136608
414.952,1,312.5,0.134843
415.818,1,312,0.133033
416.684,1,311.5,0.131179
417.55,1,311,0.129281
418.416,1,310.5,0.127401
419.282,1,310,0.126344
420.148,1,309.5,0.125228
421.014,1,309,0.124052
421.88,1,308.5,0.122783
422.746,1,308,0.121485
423.612,1,307.5,0.120158
424.478,1,307,0.119447
425.344,1,306.5,0.118915
426.21,1,306,0.118349
427.076,1,305.5,0.117749
427.942,1,305,0.117114
428.808,1,304.5,0.116445
429.674,1,304,0.115969
430.54,1,303.5,0.115761
431.406,1,303,0.115535
432.272,1,302.5,0.115293
433.138,1,302,0.115034
434.004,1,301.5,0.114759
434.87,1,301,0.114498
435.737,1,300.5,0.114443
436.603,1,300,0.114382
437.469,1,299.5,0.114312
438.335,1,299,0.114236
439.201,1,298.5,0.114151
440.067,1,298,0.11406
440.933,1,297.5,0.114071
441.799,1,297,0.1141
442.665,1,296.5,0.114125
443.531,1,296,0.114146
444.397,1,295.5,0.114161
445.263,1,295,0.114172
446.129,1,294.5,0.114217
446.995,1,294,0.114299
447.861,1,293.5,0.114377
448.727,1,293,0.114451
449.593,1,292.5,0.114523
450.459,1,292,0.114603
451.325,1,291.5,0.114683
452.191,1,291,0.114773
453.057,1,290.5,0.11486
453.923,1,290,0.114943
454.789,1,289.5,0.115023
455.655,1,289,0.115099
456.521,1,288.5,0.115172
457.387,1,288,0.115246
458.253,1,287.5,0.115317
459.119,1,287,0.115386
459.985,1,286.5,0.11546
460.851,1,286,0.115531
461.717,1,285.5,0.115599
462.583,1,285,0.115663
463.449,1,284.5,0.115725
464.315,1,284,0.115783
465.181,1,283.5,0.115839
466.047,1,283,0.115892
466.913,1,282.5,0.115942
467.779,1,282,0.115988
468.645,1,281.5,0.116031
469.512,1,281,0.116081
470.378,1,280.5,0.116128
471.244,1,280,0.116174
472.11,1,279.5,0.116217
472.976,1,279,0.116257
473.842,1,278.5,0.116287
474.708,1,278,0.116313
475.574,1,277.5,0.116337
476.44,1,277,0.116359
477.306,1,276.5,0.116379
478.172,1,276,0.116399
479.038,1,275.5,0.116412
479.904,1,275,0.116419
480.77,1,274.5,0.116423
481.636,1,274,0.116425
482.502,1,273.5,0.116425
483.368,1,273,0.116422
484.234,1,272.5,0.116414
485.1,1,272,0.116396
485.966,1,271.5,0.116375
486.832,1,271,0.116352
487.698,1,270.5,0.116331
488.564,1,270,0.116312
489.43,1,269.5,0.116291
490.296,1,269,0.116258
491.162,1,268.5,0.116223
492.028,1,268,0.116185
492.894,1,267.5,0.116144
493.76,1,267,0.116102
494.626,1,266.5,0.116057
495.492,1,266,0.116004
496.358,1,265.5,0.115945
497.224,1,265,0.115891
498.09,1,264.5,0.115843
498.956,1,264,0.115793
499.822,1,263.5,0.11574
500.688,1,263,0.115684
501.554,1,262.5,0.11562
502.42,1,262,0.115554
503.286,1,261.5,0.115487
504.153,1,261,0.115418
505.019,1,260.5,0.115348
505.885,1,260,0.115275
506.751,1,259.5,0.1152
507.617,1,259,0.115129
508.483,1,258.5,0.115057
509.349,1,258,0.114984
510.215,1,257.5,0.114909
511.081,1,257,0.114832
511.947,1,256.5,0.114748
512.813,1,256,0.114659
513.679,1,255.5,0.11457
514.545,1,255,0.11448
515.411,1,254.5,0.114389
516.277,1,254,0.114306
517.143,1,253.5,0.114222
518.009,1,253,0.11413
518.875,1,252.5,0.114038
519.741,1,252,0.113947
520.607,1,251.5,0.113855
521.473,1,251,0.113763
522.339,1,250.5,0.11367
523.205,1,250,0.113568
524.071,1,249.5,0.113467
524.937,1,249,0.113365
525.803,1,248.5,0.113273
526.669,1,248,0.113186
527.535,1,247.5,0.1131
528.401,1,247,0.113007
529.267,1,246.5,0.112912
530.133,1,246,0.112819
530.999,1,245.5,0.112726
531.865,1,245,0.112634
532.731,1,244.5,0.112544
533.597,1,244,0.11245
534.463,1,243.5,0.112353
535.329,1,243,0.112267
536.195,1,242.5,0.112186
537.061,1,242,0.112105
537.928,1,241.5,0.112026
538.794,1,241,0.111948
539.66,1,240.5,0.111868
540.526,1,240,0.111789
541.392,1,239.5,0.111711
542.258,1,239,0.111635
543.124,1,238.5,0.111559
543.99,1,238,0.111486
544.856,1,237.5,0.111418
545.722,1,237,0.111353
546.588,1,236.5,0.111289
547.454,1,236,0.111227
548.32,1,235.5,0.111165
549.186,1,235,0.111105
550.052,1,234.5,0.111045
550.918,1,234,0.110986
551.784,1,233.5,0.110928
552.65,1,233,0.110871
553.516,1,232.5,0.110816
554.382,1,232,0.110767
555.248,1,231.5,0.110719
556.114,1,231,0.110672
556.98,1,230.5,0.110625
557.846,1,230,0.11058
558.712,1,229.5,0.110536
559.578,1,229,0.110492
560.444,1,228.5,0.11045
561.31,1,228,0.110408
562.176,1,227.5,0.110367
563.042,1,227,0.110326
563.908,1,226.5,0.110291
564.774,1,226,0.110256
565.64,1,225.5,0.110223
566.506,1,225,0.110189
567.372,1,224.5,0.110155
568.238,1,224,0.110123
569.104,1,223.5,0.11009
569.97,1,223,0.110059
570.836,1,222.5,0.110028
571.703,1,222,0.109998
572.569,1,221.5,0.10997
573.435,1,221,0.109945
574.301,1,220.5,0.10992
575.167,1,220,0.109897
576.033,1,219.5,0.109873
576.899,1,219,0.109851
577.765,1,218.5,0.109829
578.631,1,218,0.109808
579.497,1,217.5,0.109788
580.363,1,217,0.109768
581.229,1,216.5,0.109748
582.095,1,216,0.10973
582.961,1,215.5,0.109713
583.827,1,215,0.109698
584.693,1,214.5,0.109683
585.559,1,214,0.109668
586.425,1,213.5,0.109653
587.291,1,213,0.109639
588.157,1,212.5,0.109626
589.023,1,212,0.109613
589.889,1,211.5,0.1096
590.755,1,211,0.109588
591.621,1,210.5,0.109576
592.487,1,210,0.109565
593.353,1,209.5,0.109555
594.219,1,209,0.109545
595.085,1,208.5,0.109536
595.951,1,208,0.109527
596.817,1,207.5,0.109518
597.683,1,207,0.109509
598.549,1,206.5,0.109501
599.415,1,206,0.109493
600.281,1,205.5,0.109485
601.147,1,205,0.109477
602.013,1,204.5,0.109471
602.879,1,204,0.109464
603.745,1,203.5,0.109458
604.611,1,203,0.109451
605.477,1,202.5,0.109445
606.344,1,202,0.109439
607.21,1,201.5,0.109433
608.076,1,201,0.109427
608.942,1,200.5,0.109422
609.808,1,200,0.109416
