x,y,z,b
90.1924,1,500,0.107947
91.0584,1,499.5,0.107932
91.9244,1,499,0.107917
92.7905,1,498.5,0.107902
93.6565,1,498,0.107886
94.5225,1,497.5,0.107871
95.3885,1,497,0.107855
96.2546,1,496.5,0.107837
97.1206,1,496,0.107817
97.9866,1,495.5,0.107798
98.8526,1,495,0.107778
99.7187,1,494.5,0.107757
100.585,1,494,0.107737
101.451,1,493.5,0.107715
102.317,1,493,0.107691
103.183,1,492.5,0.107666
104.049,1,492,0.10764
104.915,1,491.5,0.107615
105.781,1,491,0.107589
106.647,1,490.5,0.107564
107.513,1,490,0.107534
108.379,1,489.5,0.107504
109.245,1,489,0.107474
110.111,1,488.5,0.107444
110.977,1,488,0.107413
111.843,1,487.5,0.107382
112.709,1,487,0.107348
113.575,1,486.5,0.107313
114.441,1,486,0.107278
115.307,1,485.5,0.107242
116.173,1,485,0.107206
117.039,1,484.5,0.107169
117.905,1,484,0.107131
118.771,1,483.5,0.107091
119.637,1,483,0.10705
120.503,1,482.5,0.107009
121.369,1,482,0.106967
122.235,1,481.5,0.106925
123.101,1,481,0.106882
123.967,1,480.5,0.106835
124.833,1,480,0.106788
125.699,1,479.5,0.10674
126.565,1,479,0.106692
127.431,1,478.5,0.106643
128.297,1,478,0.106594
129.164,1,477.5,0.106542
130.03,1,477,0.106487
130.896,1,476.5,0.106432
131.762,1,476,0.106377
132.628,1,475.5,0.106322
133.494,1,475,0.106265
134.36,1,474.5,0.106206
135.226,1,474,0.106143
136.092,1,473.5,0.106079
136.958,1,473,0.106015
137.824,1,472.5,0.10595
138.69,1,472,0.105885
139.556,1,471.5,0.105818
140.422,1,471,0.105745
141.288,1,470.5,0.105672
142.154,1,470,0.105597
143.02,1,469.5,0.105522
143.886,1,469,0.105447
144.752,1,468.5,0.105371
145.618,1,468,0.105287
146.484,1,467.5,0.105202
147.35,1,467,0.105115
148.216,1,466.5,0.105028
149.082,1,466,0.104939
149.948,1,465.5,0.104851
150.814,1,465,0.104757
151.68,1,464.5,0.104658
152.546,1,464,0.104557
153.412,1,463.5,0.104456
154.278,1,463,0.104355
155.144,1,462.5,0.104252
156.01,1,462,0.104146
156.876,1,461.5,0.10403
157.742,1,461,0.103914
158.608,1,460.5,0.103796
159.474,1,460,0.103677
160.34,1,459.5,0.103557
161.206,1,459,0.103435
162.072,1,458.5,0.103303
162.939,1,458,0.103169
163.805,1,457.5,0.103033
164.671,1,457,0.102896
165.537,1,456.5,0.102758
166.403,1,456,0.102617
167.269,1,455.5,0.102469
168.135,1,455,0.102313
169.001,1,454.5,0.102155
169.867,1,454,0.101996
170.733,1,453.5,0.101835
171.599,1,453,0.101672
172.465,1,452.5,0.101505
173.331,1,452,0.101329
174.197,1,451.5,0.101151
175.063,1,451,0.100971
175.929,1,450.5,0.100788
176.795,1,450,0.100603
177.661,1,449.5,0.100417
178.527,1,449,0.100215
179.393,1,448.5,0.10001
180.259,1,448,0.0998033
181.125,1,447.5,0.0995942
181.991,1,447,0.0993828
182.857,1,446.5,0.0991694
183.723,1,446,0.0989489
184.589,1,445.5,0.0987222
185.455,1,445,0.0984921
186.321,1,444.5,0.0982597
187.187,1,444,0.0980249
188.053,1,443.5,0.0977877
188.919,1,443,0.097547
189.785,1,442.5,0.0973012
190.651,1,442,0.0970531
191.517,1,441.5,0.0968028
192.383,1,441,0.0965502
193.249,1,440.5,0.0962953
194.115,1,440,0.0960375
194.981,1,439.5,0.095784
195.847,1,439,0.095529
196.714,1,438.5,0.0952722
197.58,1,438,0.0950137
198.446,1,437.5,0.0947535
199.312,1,437,0.0944916
200.178,1,436.5,0.0942452
201.044,1,436,0.0940072
201.91,1,435.5,0.0937688
202.776,1,435,0.0935301
203.642,1,434.5,0.0932955
204.508,1,434,0.0930675
205.374,1,433.5,0.0928775
206.24,1,433,0.092765
207.106,1,432.5,0.0926674
207.972,1,432,0.0925844
208.838,1,431.5,0.0925163
209.704,1,431,0.0924628
210.57,1,430.5,0.0924285
211.436,1,430,0.0925727
212.302,1,429.5,0.0927387
213.168,1,429,0.0929832
214.034,1,428.5,0.0933061
214.9,1,428,0.0936728
215.766,1,427.5,0.0940834
216.632,1,427,0.0947471
217.498,1,426.5,0.0955596
218.364,1,426,0.0964397
219.23,1,425.5,0.0973874
220.096,1,425,0.0984026
220.962,1,424.5,0.0994855
221.828,1,424,0.100755
222.694,1,423.5,0.102584
223.56,1,423,0.104701
224.426,1,422.5,0.106956
225.292,1,422,0.109349
226.158,1,421.5,0.111881
227.024,1,421,0.11455
227.89,1,420.5,0.117327
228.756,1,420,0.1202
229.622,1,419.5,0.123169
230.488,1,419,0.126235
231.355,1,418.5,0.129397
232.221,1,418,0.133145
233.087,1,417.5,0.136645
233.953,1,417,0.139951
234.819,1,416.5,0.143204
235.685,1,416,0.146404
236.551,1,415.5,0.149551
237.417,1,415,0.152645
238.283,1,414.5,0.155333
239.149,1,414,0.157491
240.015,1,413.5,0.159523
240.881,1,413,0.161429
241.747,1,412.5,0.163203
242.613,1,412,0.164843
243.479,1,411.5,0.166353
244.345,1,411,0.167732
245.211,1,410.5,0.168948
246.077,1,410,0.170001
246.943,1,409.5,0.170892
247.809,1,409,0.171619
248.675,1,408.5,0.172184
249.541,1,408,0.173089
250.407,1,407.5,0.174038
251.273,1,407,0.174535
252.139,1,406.5,0.174936
253.005,1,406,0.17532
253.871,1,405.5,0.175684
254.737,1,405,0.176397
255.603,1,404.5,0.177529
256.469,1,404,0.178752
257.335,1,403.5,0.180065
258.201,1,403,0.181469
259.067,1,402.5,0.182964
259.933,1,402,0.184662
260.799,1,401.5,0.186286
261.665,1,401,0.187946
262.531,1,400.5,0.189709
263.397,1,400,0.191576
264.263,1,399.5,0.193546
265.13,1,399,0.195619
265.996,1,398.5,0.197555
266.862,1,398,0.199613
267.728,1,397.5,0.201827
268.594,1,397,0.2042
269.46,1,396.5,0.20673
270.326,1,396,0.20919
271.192,1,395.5,0.211617
272.058,1,395,0.214047
272.924,1,394.5,0.216535
273.79,1,394,0.21908
274.656,1,393.5,0.221683
275.522,1,393,0.224344
276.388,1,392.5,0.22693
277.254,1,392,0.229003
278.12,1,391.5,0.230852
278.986,1,391,0.232463
279.852,1,390.5,0.233582
280.718,1,390,0.234771
281.584,1,389.5,0.236029
282.45,1,389,0.237161
283.316,1,388.5,0.238543
284.182,1,388,0.240196
285.048,1,387.5,0.242121
285.914,1,387,0.244316
286.78,1,386.5,0.246783
287.646,1,386,0.250548
288.512,1,385.5,0.255602
289.378,1,385,0.262808
290.244,1,384.5,0.269799
291.11,1,384,0.276576
291.976,1,383.5,0.283138
292.842,1,383,0.289377
293.708,1,382.5,0.294879
294.574,1,382,0.299747
295.44,1,381.5,0.303981
296.306,1,381,0.30758
297.172,1,380.5,0.310545
298.038,1,380,0.312676
298.905,1,379.5,0.312781
299.771,1,379,0.312898
300.637,1,378.5,0.313032
301.503,1,378,0.313183
302.369,1,377.5,0.313352
303.235,1,377,0.313539
304.101,1,376.5,0.312337
304.967,1,376,0.310844
305.833,1,375.5,0.309806
306.699,1,375,0.309225
307.565,1,374.5,0.308994
308.431,1,374,0.308665
309.297,1,373.5,0.303971
310.163,1,373,0.291771
311.029,1,372.5,0.280255
311.895,1,372,0.269424
312.761,1,371.5,0.259279
313.627,1,371,0.249818
314.493,1,370.5,0.241103
315.359,1,370,0.233583
316.225,1,369.5,0.225284
317.091,1,369,0.216296
317.957,1,368.5,0.206889
318.823,1,368,0.196902
319.689,1,367.5,0.186334
320.555,1,367,0.187464
321.421,1,366.5,0.192583
322.287,1,366,0.197185
323.153,1,365.5,0.201271
324.019,1,365,0.20484
324.885,1,364.5,0.207892
325.751,1,364,0.211614
326.617,1,363.5,0.216894
327.483,1,363,0.22224
328.349,1,362.5,0.227768
329.215,1,362,0.233479
330.081,1,361.5,0.239373
330.947,1,361,0.244882
331.813,1,360.5,0.245545
332.679,1,360,0.246361
333.546,1,359.5,0.247329
334.412,1,359,0.248449
335.278,1,358.5,0.249722
336.144,1,358,0.251061
337.01,1,357.5,0.25103
337.876,1,357,0.25085
338.742,1,356.5,0.250924
339.608,1,356,0.251253
340.474,1,355.5,0.251835
341.34,1,355,0.252672
342.206,1,354.5,0.25351
343.072,1,354,0.254888
343.938,1,353.5,0.257294
344.804,1,353,0.260729
345.67,1,352.5,0.263014
346.536,1,352,0.26268
347.402,1,351.5,0.263333
348.268,1,351,0.270879
349.134,1,350.5,0.276298
350,1,350,0.279588
350.866,1,349.5,0.280751
351.732,1,349,0.279787
352.598,1,348.5,0.276694
353.464,1,348,0.250354
354.33,1,347.5,0.222711
355.196,1,347,0.202284
356.062,1,346.5,0.187338
356.928,1,346,0.173817
357.794,1,345.5,0.161721
358.66,1,345,0.156399
359.526,1,344.5,0.154794
360.392,1,344,0.151353
361.258,1,343.5,0.146076
362.124,1,343,0.138962
362.99,1,342.5,0.130011
363.856,1,342,0.12221
364.722,1,341.5,0.126314
365.588,1,341,0.130662
366.454,1,340.5,0.133892
367.321,1,340,0.136006
368.187,1,339.5,0.137002
369.053,1,339,0.136881
369.919,1,338.5,0.138262
370.785,1,338,0.139757
371.651,1,337.5,0.141118
372.517,1,337,0.142346
373.383,1,336.5,0.143441
374.249,1,336,0.144539
375.115,1,335.5,0.144833
375.981,1,335,0.144653
376.847,1,334.5,0.144443
377.713,1,334,0.144203
378.579,1,333.5,0.143933
379.445,1,333,0.143633
380.311,1,332.5,0.142994
381.177,1,332,0.141508
382.043,1,331.5,0.140036
382.909,1,331,0.138576
383.775,1,330.5,0.13708
384.641,1,330,0.135557
385.507,1,329.5,0.134024
386.373,1,329,0.132667
387.239,1,328.5,0.13135
388.105,1,328,0.130065
388.971,1,327.5,0.128812
389.837,1,327,0.12759
390.703,1,326.5,0.1264
391.569,1,326,0.125466
392.435,1,325.5,0.124696
393.301,1,325,0.12394
394.167,1,324.5,0.123212
395.033,1,324,0.122519
395.899,1,323.5,0.12186
396.765,1,323,0.121282
397.631,1,322.5,0.120826
398.497,1,322,0.120394
399.363,1,321.5,0.119986
400.229,1,321,0.119602
401.095,1,320.5,0.119242
401.962,1,320,0.118906
402.828,1,319.5,0.118688
403.694,1,319,0.118479
404.56,1,318.5,0.118281
405.426,1,318,0.118095
406.292,1,317.5,0.117921
407.158,1,317,0.117758
408.024,1,316.5,0.117683
408.89,1,316,0.117644
409.756,1,315.5,0.117604
410.622,1,315,0.117565
411.488,1,314.5,0.117526
412.354,1,314,0.11749
413.22,1,313.5,0.117497
414.086,1,313,0.117566
414.952,1,312.5,0.117631
415.818,1,312,0.117691
416.684,1,311.5,0.117747
417.55,1,311,0.117799
418.416,1,310.5,0.117851
419.282,1,310,0.11796
420.148,1,309.5,0.118061
421.014,1,309,0.118154
421.88,1,308.5,0.118249
422.746,1,308,0.118337
423.612,1,307.5,0.118418
424.478,1,307,0.118516
425.344,1,306.5,0.118618
426.21,1,306,0.118715
427.076,1,305.5,0.118808
427.942,1,305,0.118896
428.808,1,304.5,0.118979
429.674,1,304,0.119061
430.54,1,303.5,0.119144
431.406,1,303,0.119232
432.272,1,302.5,0.119317
433.138,1,302,0.119399
434.004,1,301.5,0.119477
434.87,1,301,0.11955
435.737,1,300.5,0.119615
436.603,1,300,0.119677
437.469,1,299.5,0.119738
438.335,1,299,0.119796
439.201,1,298.5,0.119852
440.067,1,298,0.119907
440.933,1,297.5,0.119951
441.799,1,297,0.11999
442.665,1,296.5,0.120027
443.531,1,296,0.120063
444.397,1,295.5,0.120096
445.263,1,295,0.120127
446.129,1,294.5,0.120147
446.995,1,294,0.120156
447.861,1,293.5,0.120164
448.727,1,293,0.12017
449.593,1,292.5,0.120175
450.459,1,292,0.120179
451.325,1,291.5,0.120179
452.191,1,291,0.12016
453.057,1,290.5,0.12014
453.923,1,290,0.120119
454.789,1,289.5,0.120096
455.655,1,289,0.120071
456.521,1,288.5,0.120045
457.387,1,288,0.120002
458.253,1,287.5,0.119955
459.119,1,287,0.119907
459.985,1,286.5,0.119858
460.851,1,286,0.119807
461.717,1,285.5,0.119755
462.583,1,285,0.119691
463.449,1,284.5,0.119619
464.315,1,284,0.119546
465.181,1,283.5,0.119471
466.047,1,283,0.119394
466.913,1,282.5,0.119316
467.779,1,282,0.119233
468.645,1,281.5,0.119139
469.512,1,281,0.119049
470.378,1,280.5,0.118957
471.244,1,280,0.118863
472.11,1,279.5,0.118768
472.976,1,279,0.118671
473.842,1,278.5,0.118561
474.708,1,278,0.118447
475.574,1,277.5,0.118332
476.44,1,277,0.118216
477.306,1,276.5,0.118098
478.172,1,276,0.117985
479.038,1,275.5,0.117874
479.904,1,275,0.117757
480.77,1,274.5,0.117639
481.636,1,274,0.117521
482.502,1,273.5,0.117402
483.368,1,273,0.117283
484.234,1,272.5,0.11716
485.1,1,272,0.117029
485.966,1,271.5,0.116897
486.832,1,271,0.116766
487.698,1,270.5,0.116641
488.564,1,270,0.116528
489.43,1,269.5,0.116415
490.296,1,269,0.116289
491.162,1,268.5,0.116164
492.028,1,268,0.11604
492.894,1,267.5,0.115917
493.76,1,267,0.115794
494.626,1,266.5,0.115671
495.492,1,266,0.115544
496.358,1,265.5,0.115415
497.224,1,265,0.115293
498.09,1,264.5,0.115177
498.956,1,264,0.115062
499.822,1,263.5,0.114948
500.688,1,263,0.114832
501.554,1,262.5,0.114714
502.42,1,262,0.114598
503.286,1,261.5,0.114482
504.153,1,261,0.114367
505.019,1,260.5,0.114254
505.885,1,260,0.114142
506.751,1,259.5,0.114031
507.617,1,259,0.113927
508.483,1,258.5,0.113824
509.349,1,258,0.113722
510.215,1,257.5,0.113622
511.081,1,257,0.113522
511.947,1,256.5,0.113422
512.813,1,256,0.113321
513.679,1,255.5,0.113222
514.545,1,255,0.113124
515.411,1,254.5,0.113028
516.277,1,254,0.112938
517.143,1,253.5,0.112852
518.009,1,253,0.112767
518.875,1,252.5,0.112682
519.741,1,252,0.112599
520.607,1,251.5,0.112516
521.473,1,251,0.112435
522.339,1,250.5,0.112355
523.205,1,250,0.112275
524.071,1,249.5,0.112196
524.937,1,249,0.112118
525.803,1,248.5,0.112047
526.669,1,248,0.111981
527.535,1,247.5,0.111915
528.401,1,247,0.11185
529.267,1,246.5,0.111785
530.133,1,246,0.111722
530.999,1,245.5,0.111659
531.865,1,245,0.111597
532.731,1,244.5,0.111537
533.597,1,244,0.111476
534.463,1,243.5,0.111417
535.329,1,243,0.111361
536.195,1,242.5,0.111307
537.061,1,242,0.111254
537.928,1,241.5,0.111201
538.794,1,241,0.111149
539.66,1,240.5,0.111098
540.526,1,240,0.111047
541.392,1,239.5,0.110997
542.258,1,239,0.110947
543.124,1,238.5,0.110898
543.99,1,238,0.11085
544.856,1,237.5,0.110805
545.722,1,237,0.110763
546.588,1,236.5,0.11072
547.454,1,236,0.110679
548.32,1,235.5,0.110638
549.186,1,235,0.110597
550.052,1,234.5,0.110557
550.918,1,234,0.110517
551.784,1,233.5,0.110477
552.65,1,233,0.110438
553.516,1,232.5,0.1104
554.382,1,232,0.110365
555.248,1,231.5,0.110331
556.114,1,231,0.110297
556.98,1,230.5,0.110264
557.846,1,230,0.110231
558.712,1,229.5,0.110199
559.578,1,229,0.110168
560.444,1,228.5,0.110137
561.31,1,228,0.110107
562.176,1,227.5,0.110077
563.042,1,227,0.110048
563.908,1,226.5,0.110021
564.774,1,226,0.109995
565.64,1,225.5,0.10997
566.506,1,225,0.109945
567.372,1,224.5,0.109921
568.238,1,224,0.109896
569.104,1,223.5,0.109873
569.97,1,223,0.109849
570.836,1,222.5,0.109826
571.703,1,222,0.109804
572.569,1,221.5,0.109782
573.435,1,221,0.109761
574.301,1,220.5,0.109742
575.167,1,220,0.109723
576.033,1,219.5,0.109704
576.899,1,219,0.109685
577.765,1,218.5,0.109667
578.631,1,218,0.109649
579.497,1,217.5,0.109631
580.363,1,217,0.109614
581.229,1,216.5,0.109597
582.095,1,216,0.10958
582.961,1,215.5,0.109566
583.827,1,215,0.109551
584.693,1,214.5,0.109537
585.559,1,214,0.109524
586.425,1,213.5,0.10951
587.291,1,213,0.109497
588.157,1,212.5,0.109484
589.023,1,212,0.109471
589.889,1,211.5,0.109459
590.755,1,211,0.109447
591.621,1,210.5,0.109435
592.487,1,210,0.109426
593.353,1,209.5,0.109416
594.219,1,209,0.109407
595.085,1,208.5,0.109399
595.951,1,208,0.10939
596.817,1,207.5,0.109382
597.683,1,207,0.109373
598.549,1,206.5,0.109365
599.415,1,206,0.109358
600.281,1,205.5,0.10935
601.147,1,205,0.109343
602.013,1,204.5,0.109336
602.879,1,204,0.109329
603.745,1,203.5,0.109323
604.611,1,203,0.109317
605.477,1,202.5,0.109311
606.344,1,202,0.109305
607.21,1,201.5,0.1093
608.076,1,201,0.109295
608.942,1,200.5,0.10929
609.808,1,200,0.109285
