x,y,z,b
90.1924,1,500,0.109164
91.0584,1,499.5,0.109164
91.9244,1,499,0.109165
92.7905,1,498.5,0.109165
93.6565,1,498,0.109165
94.5225,1,497.5,0.109165
95.3885,1,497,0.109166
96.2546,1,496.5,0.109166
97.1206,1,496,0.109166
97.9866,1,495.5,0.109166
98.8526,1,495,0.109167
99.7187,1,494.5,0.109167
100.585,1,494,0.109167
101.451,1,493.5,0.109167
102.317,1,493,0.109167
103.183,1,492.5,0.109168
104.049,1,492,0.109168
104.915,1,491.5,0.109168
105.781,1,491,0.109168
106.647,1,490.5,0.109168
107.513,1,490,0.109168
108.379,1,489.5,0.109169
109.245,1,489,0.109169
110.111,1,488.5,0.109169
110.977,1,488,0.109169
111.843,1,487.5,0.109169
112.709,1,487,0.109169
113.575,1,486.5,0.10917
114.441,1,486,0.10917
115.307,1,485.5,0.10917
116.173,1,485,0.10917
117.039,1,484.5,0.10917
117.905,1,484,0.10917
118.771,1,483.5,0.10917
119.637,1,483,0.109171
120.503,1,482.5,0.109171
121.369,1,482,0.109171
122.235,1,481.5,0.109171
123.101,1,481,0.109171
123.967,1,480.5,0.109171
124.833,1,480,0.109171
125.699,1,479.5,0.109172
126.565,1,479,0.109172
127.431,1,478.5,0.109172
128.297,1,478,0.109172
129.164,1,477.5,0.109172
130.03,1,477,0.109172
130.896,1,476.5,0.109172
131.762,1,476,0.109172
132.628,1,475.5,0.109172
133.494,1,475,0.109172
134.36,1,474.5,0.109172
135.226,1,474,0.109172
136.092,1,473.5,0.109172
136.958,1,473,0.109173
137.824,1,472.5,0.109173
138.69,1,472,0.109173
139.556,1,471.5,0.109173
140.422,1,471,0.109173
141.288,1,470.5,0.109173
142.154,1,470,0.109173
143.02,1,469.5,0.109173
143.886,1,469,0.109173
144.752,1,468.5,0.109173
145.618,1,468,0.109173
146.484,1,467.5,0.109173
147.35,1,467,0.109173
148.216,1,466.5,0.109173
149.082,1,466,0.109173
149.948,1,465.5,0.109173
150.814,1,465,0.109173
151.68,1,464.5,0.109172
152.546,1,464,0.109172
153.412,1,463.5,0.109172
154.278,1,463,0.109172
155.144,1,462.5,0.109172
156.01,1,462,0.109172
156.876,1,461.5,0.109172
157.742,1,461,0.109171
158.608,1,460.5,0.109171
159.474,1,460,0.109171
160.34,1,459.5,0.109171
161.206,1,459,0.10917
162.072,1,458.5,0.10917
162.939,1,458,0.10917
163.805,1,457.5,0.109169
164.671,1,457,0.109169
165.537,1,456.5,0.109169
166.403,1,456,0.109168
167.269,1,455.5,0.109168
168.135,1,455,0.109167
169.001,1,454.5,0.109167
169.867,1,454,0.109166
170.733,1,453.5,0.109166
171.599,1,453,0.109165
172.465,1,452.5,0.109164
173.331,1,452,0.109164
174.197,1,451.5,0.109163
175.063,1,451,0.109162
175.929,1,450.5,0.109161
176.795,1,450,0.109161
177.661,1,449.5,0.10916
178.527,1,449,0.109159
179.393,1,448.5,0.109158
180.259,1,448,0.109157
181.125,1,447.5,0.109156
181.991,1,447,0.109155
182.857,1,446.5,0.109154
183.723,1,446,0.109152
184.589,1,445.5,0.109151
185.455,1,445,0.109149
186.321,1,444.5,0.109148
187.187,1,444,0.109146
188.053,1,443.5,0.109145
188.919,1,443,0.109143
189.785,1,442.5,0.109141
190.651,1,442,0.109139
191.517,1,441.5,0.109137
192.383,1,441,0.109135
193.249,1,440.5,0.109133
194.115,1,440,0.109131
194.981,1,439.5,0.109128
195.847,1,439,0.109125
196.714,1,438.5,0.109123
197.58,1,438,0.10912
198.446,1,437.5,0.109117
199.312,1,437,0.109114
200.178,1,436.5,0.109111
201.044,1,436,0.109107
201.91,1,435.5,0.109103
202.776,1,435,0.1091
203.642,1,434.5,0.109096
204.508,1,434,0.109092
205.374,1,433.5,0.109088
206.24,1,433,0.109083
207.106,1,432.5,0.109078
207.972,1,432,0.109073
208.838,1,431.5,0.109068
209.704,1,431,0.109063
210.57,1,430.5,0.109058
211.436,1,430,0.109051
212.302,1,429.5,0.109044
213.168,1,429,0.109038
214.034,1,428.5,0.109031
214.9,1,428,0.109025
215.766,1,427.5,0.109018
216.632,1,427,0.10901
217.498,1,426.5,0.109001
218.364,1,426,0.108993
219.23,1,425.5,0.108984
220.096,1,425,0.108975
220.962,1,424.5,0.108966
221.828,1,424,0.108956
222.694,1,423.5,0.108944
223.56,1,423,0.108932
224.426,1,422.5,0.10892
225.292,1,422,0.108908
226.158,1,421.5,0.108896
227.024,1,421,0.108883
227.89,1,420.5,0.108867
228.756,1,420,0.108851
229.622,1,419.5,0.108835
230.488,1,419,0.108818
231.355,1,418.5,0.108802
232.221,1,418,0.108786
233.087,1,417.5,0.108766
233.953,1,417,0.108745
234.819,1,416.5,0.108723
235.685,1,416,0.108702
236.551,1,415.5,0.10868
237.417,1,415,0.108658
238.283,1,414.5,0.108633
239.149,1,414,0.108605
240.015,1,413.5,0.108576
240.881,1,413,0.108547
241.747,1,412.5,0.108517
242.613,1,412,0.108488
243.479,1,411.5,0.108457
244.345,1,411,0.108417
245.211,1,410.5,0.108377
246.077,1,410,0.108337
246.943,1,409.5,0.108296
247.809,1,409,0.108254
248.675,1,408.5,0.108213
249.541,1,408,0.10816
250.407,1,407.5,0.108105
251.273,1,407,0.108051
252.139,1,406.5,0.107998
253.005,1,406,0.107944
253.871,1,405.5,0.10789
254.737,1,405,0.107826
255.603,1,404.5,0.107752
256.469,1,404,0.107677
257.335,1,403.5,0.107602
258.201,1,403,0.107526
259.067,1,402.5,0.107449
259.933,1,402,0.107367
260.799,1,401.5,0.107267
261.665,1,401,0.107167
262.531,1,400.5,0.107065
263.397,1,400,0.106963
264.263,1,399.5,0.10686
265.13,1,399,0.106756
265.996,1,398.5,0.106618
266.862,1,398,0.106475
267.728,1,397.5,0.10633
268.594,1,397,0.106183
269.46,1,396.5,0.106036
270.326,1,396,0.105895
271.192,1,395.5,0.105728
272.058,1,395,0.105542
272.924,1,394.5,0.105354
273.79,1,394,0.105166
274.656,1,393.5,0.104977
275.522,1,393,0.104787
276.388,1,392.5,0.104577
277.254,1,392,0.104311
278.12,1,391.5,0.104042
278.986,1,391,0.103772
279.852,1,390.5,0.103511
280.718,1,390,0.103249
281.584,1,389.5,0.102988
282.45,1,389,0.102648
283.316,1,388.5,0.102302
284.182,1,388,0.101957
285.048,1,387.5,0.101611
285.914,1,387,0.101266
286.78,1,386.5,0.100921
287.646,1,386,0.100447
288.512,1,385.5,0.0998981
289.378,1,385,0.0993738
290.244,1,384.5,0.0988575
291.11,1,384,0.0983492
291.976,1,383.5,0.0978489
292.842,1,383,0.0972721
293.708,1,382.5,0.0965028
294.574,1,382,0.0957287
295.44,1,381.5,0.0949499
296.306,1,381,0.0941663
297.172,1,380.5,0.0933779
298.038,1,380,0.0926002
298.905,1,379.5,0.0924469
299.771,1,379,0.0922122
300.637,1,378.5,0.0918904
301.503,1,378,0.0914816
302.369,1,377.5,0.0909858
303.235,1,377,0.0904028
304.101,1,376.5,0.091315
304.967,1,376,0.0925919
305.833,1,375.5,0.0934139
306.699,1,375,0.0937812
307.565,1,374.5,0.0938875
308.431,1,374,0.0943995
309.297,1,373.5,0.0976637
310.163,1,373,0.105373
311.029,1,372.5,0.112066
311.895,1,372,0.117743
312.761,1,371.5,0.122404
313.627,1,371,0.126049
314.493,1,370.5,0.129071
315.359,1,370,0.139811
316.225,1,369.5,0.150594
317.091,1,369,0.161475
317.957,1,368.5,0.171854
318.823,1,368,0.181204
319.689,1,367.5,0.189525
320.555,1,367,0.194417
321.421,1,366.5,0.198883
322.287,1,366,0.204037
323.153,1,365.5,0.209877
324.019,1,365,0.216405
324.885,1,364.5,0.22362
325.751,1,364,0.228657
326.617,1,363.5,0.22942
327.483,1,363,0.22941
328.349,1,362.5,0.229966
329.215,1,362,0.231089
330.081,1,361.5,0.232777
330.947,1,361,0.234635
331.813,1,360.5,0.233344
332.679,1,360,0.232245
333.546,1,359.5,0.231339
334.412,1,359,0.230626
335.278,1,358.5,0.230106
336.144,1,358,0.229424
337.01,1,357.5,0.227873
337.876,1,357,0.225762
338.742,1,356.5,0.223202
339.608,1,356,0.220191
340.474,1,355.5,0.216731
341.34,1,355,0.212822
342.206,1,354.5,0.208857
343.072,1,354,0.204976
343.938,1,353.5,0.200769
344.804,1,353,0.196236
345.67,1,352.5,0.189868
346.536,1,352,0.180359
347.402,1,351.5,0.17341
348.268,1,351,0.183743
349.134,1,350.5,0.18468
350,1,350,0.176222
350.866,1,349.5,0.158368
351.732,1,349,0.131118
352.598,1,348.5,0.0944723
353.464,1,348,0.0647961
354.33,1,347.5,0.048979
355.196,1,347,0.0598072
356.062,1,346.5,0.0836973
356.928,1,346,0.104543
357.794,1,345.5,0.122344
358.66,1,345,0.129438
359.526,1,344.5,0.129037
360.392,1,344,0.128736
361.258,1,343.5,0.128537
362.124,1,343,0.128438
362.99,1,342.5,0.128441
363.856,1,342,0.128382
364.722,1,341.5,0.127755
365.588,1,341,0.127178
366.454,1,340.5,0.126686
367.321,1,340,0.126278
368.187,1,339.5,0.125956
369.053,1,339,0.12572
369.919,1,338.5,0.125463
370.785,1,338,0.125252
371.651,1,337.5,0.125097
372.517,1,337,0.124998
373.383,1,336.5,0.124956
374.249,1,336,0.125124
375.115,1,335.5,0.125436
375.981,1,335,0.125768
376.847,1,334.5,0.126058
377.713,1,334,0.126305
378.579,1,333.5,0.126508
379.445,1,333,0.126669
380.311,1,332.5,0.126807
381.177,1,332,0.126971
382.043,1,331.5,0.127109
382.909,1,331,0.127221
383.775,1,330.5,0.127342
384.641,1,330,0.12746
385.507,1,329.5,0.127562
386.373,1,329,0.127574
387.239,1,328.5,0.127578
388.105,1,328,0.127578
388.971,1,327.5,0.127574
389.837,1,327,0.127566
390.703,1,326.5,0.127554
391.569,1,326,0.127504
392.435,1,325.5,0.127431
393.301,1,325,0.127391
394.167,1,324.5,0.127355
395.033,1,324,0.12731
395.899,1,323.5,0.127258
396.765,1,323,0.127177
397.631,1,322.5,0.127047
398.497,1,322,0.126914
399.363,1,321.5,0.126777
400.229,1,321,0.126637
401.095,1,320.5,0.126494
401.962,1,320,0.126347
402.828,1,319.5,0.126205
403.694,1,319,0.126061
404.56,1,318.5,0.125908
405.426,1,318,0.125746
406.292,1,317.5,0.125577
407.158,1,317,0.125399
408.024,1,316.5,0.125188
408.89,1,316,0.124959
409.756,1,315.5,0.124721
410.622,1,315,0.124474
411.488,1,314.5,0.124218
412.354,1,314,0.124018
413.22,1,313.5,0.123807
414.086,1,313,0.123574
414.952,1,312.5,0.123332
415.818,1,312,0.123083
416.684,1,311.5,0.122827
417.55,1,311,0.122562
418.416,1,310.5,0.122288
419.282,1,310,0.121974
420.148,1,309.5,0.121652
421.014,1,309,0.121322
421.88,1,308.5,0.121053
422.746,1,308,0.120781
423.612,1,307.5,0.120505
424.478,1,307,0.1202
425.344,1,306.5,0.119884
426.21,1,306,0.119565
427.076,1,305.5,0.119243
427.942,1,305,0.118919
428.808,1,304.5,0.118593
429.674,1,304,0.118249
430.54,1,303.5,0.117887
431.406,1,303,0.11759
432.272,1,302.5,0.117294
433.138,1,302,0.116998
434.004,1,301.5,0.116702
434.87,1,301,0.116403
435.737,1,300.5,0.116083
436.603,1,300,0.115767
437.469,1,299.5,0.115452
438.335,1,299,0.11514
439.201,1,298.5,0.11483
440.067,1,298,0.114529
440.933,1,297.5,0.114273
441.799,1,297,0.114017
442.665,1,296.5,0.113765
443.531,1,296,0.113516
444.397,1,295.5,0.113271
445.263,1,295,0.11303
446.129,1,294.5,0.112789
446.995,1,294,0.112548
447.861,1,293.5,0.112312
448.727,1,293,0.112081
449.593,1,292.5,0.111861
450.459,1,292,0.111679
451.325,1,291.5,0.111501
452.191,1,291,0.111326
453.057,1,290.5,0.111155
453.923,1,290,0.110989
454.789,1,289.5,0.110827
455.655,1,289,0.110669
456.521,1,288.5,0.110515
457.387,1,288,0.11037
458.253,1,287.5,0.11023
459.119,1,287,0.1101
459.985,1,286.5,0.109996
460.851,1,286,0.109896
461.717,1,285.5,0.109798
462.583,1,285,0.109707
463.449,1,284.5,0.109622
464.315,1,284,0.109539
465.181,1,283.5,0.10946
466.047,1,283,0.109384
466.913,1,282.5,0.109311
467.779,1,282,0.109243
468.645,1,281.5,0.109187
469.512,1,281,0.109139
470.378,1,280.5,0.109093
471.244,1,280,0.109049
472.11,1,279.5,0.109008
472.976,1,279,0.108968
473.842,1,278.5,0.108937
474.708,1,278,0.108907
475.574,1,277.5,0.10888
476.44,1,277,0.108854
477.306,1,276.5,0.108829
478.172,1,276,0.108807
479.038,1,275.5,0.108793
479.904,1,275,0.108782
480.77,1,274.5,0.108771
481.636,1,274,0.108762
482.502,1,273.5,0.108753
483.368,1,273,0.108745
484.234,1,272.5,0.108739
485.1,1,272,0.108736
485.966,1,271.5,0.108734
486.832,1,271,0.108732
487.698,1,270.5,0.108731
488.564,1,270,0.108729
489.43,1,269.5,0.108728
490.296,1,269,0.10873
491.162,1,268.5,0.108732
492.028,1,268,0.108734
492.894,1,267.5,0.108737
493.76,1,267,0.108739
494.626,1,266.5,0.108742
495.492,1,266,0.108746
496.358,1,265.5,0.108751
497.224,1,265,0.108756
498.09,1,264.5,0.108761
498.956,1,264,0.108765
499.822,1,263.5,0.10877
500.688,1,263,0.108775
501.554,1,262.5,0.108781
502.42,1,262,0.108787
503.286,1,261.5,0.108793
504.153,1,261,0.108799
505.019,1,260.5,0.108805
505.885,1,260,0.108811
506.751,1,259.5,0.108817
507.617,1,259,0.108823
508.483,1,258.5,0.108829
509.349,1,258,0.108835
510.215,1,257.5,0.108841
511.081,1,257,0.108846
511.947,1,256.5,0.108852
512.813,1,256,0.108859
513.679,1,255.5,0.108865
514.545,1,255,0.108871
515.411,1,254.5,0.108877
516.277,1,254,0.108883
517.143,1,253.5,0.108888
518.009,1,253,0.108893
518.875,1,252.5,0.108898
519.741,1,252,0.108904
520.607,1,251.5,0.108909
521.473,1,251,0.108914
522.339,1,250.5,0.108919
523.205,1,250,0.108924
524.071,1,249.5,0.10893
524.937,1,249,0.108935
525.803,1,248.5,0.10894
526.669,1,248,0.108944
527.535,1,247.5,0.108949
528.401,1,247,0.108954
529.267,1,246.5,0.108958
530.133,1,246,0.108963
530.999,1,245.5,0.108967
531.865,1,245,0.108972
532.731,1,244.5,0.108976
533.597,1,244,0.108981
534.463,1,243.5,0.108985
535.329,1,243,0.108989
536.195,1,242.5,0.108993
537.061,1,242,0.108996
537.928,1,241.5,0.109
538.794,1,241,0.109003
539.66,1,240.5,0.109007
540.526,1,240,0.109011
541.392,1,239.5,0.109014
542.258,1,239,0.109018
543.124,1,238.5,0.109021
543.99,1,238,0.109024
544.856,1,237.5,0.109027
545.722,1,237,0.10903
546.588,1,236.5,0.109034
547.454,1,236,0.109037
548.32,1,235.5,0.109039
549.186,1,235,0.109042
550.052,1,234.5,0.109045
550.918,1,234,0.109048
551.784,1,233.5,0.109051
552.65,1,233,0.109054
553.516,1,232.5,0.109056
554.382,1,232,0.109059
555.248,1,231.5,0.109061
556.114,1,231,0.109063
556.98,1,230.5,0.109066
557.846,1,230,0.109068
558.712,1,229.5,0.10907
559.578,1,229,0.109072
560.444,1,228.5,0.109074
561.31,1,228,0.109076
562.176,1,227.5,0.109079
563.042,1,227,0.109081
563.908,1,226.5,0.109083
564.774,1,226,0.109084
565.64,1,225.5,0.109086
566.506,1,225,0.109088
567.372,1,224.5,0.10909
568.238,1,224,0.109092
569.104,1,223.5,0.109094
569.97,1,223,0.109095
570.836,1,222.5,0.109097
571.703,1,222,0.109099
572.569,1,221.5,0.1091
573.435,1,221,0.109102
574.301,1,220.5,0.109103
575.167,1,220,0.109105
576.033,1,219.5,0.109106
576.899,1,219,0.109107
577.765,1,218.5,0.109109
578.631,1,218,0.10911
579.497,1,217.5,0.109111
580.363,1,217,0.109112
581.229,1,216.5,0.109114
582.095,1,216,0.109115
582.961,1,215.5,0.109116
583.827,1,215,0.109117
584.693,1,214.5,0.109118
585.559,1,214,0.10912
586.425,1,213.5,0.109121
587.291,1,213,0.109122
588.157,1,212.5,0.109123
589.023,1,212,0.109124
589.889,1,211.5,0.109125
590.755,1,211,0.109126
591.621,1,210.5,0.109127
592.487,1,210,0.109128
593.353,1,209.5,0.109129
594.219,1,209,0.10913
595.085,1,208.5,0.10913
595.951,1,208,0.109131
596.817,1,207.5,0.109132
597.683,1,207,0.109133
598.549,1,206.5,0.109134
599.415,1,206,0.109134
600.281,1,205.5,0.109135
601.147,1,205,0.109136
602.013,1,204.5,0.109137
602.879,1,204,0.109137
603.745,1,203.5,0.109138
604.611,1,203,0.109139
605.477,1,202.5,0.109139
606.344,1,202,0.10914
607.21,1,201.5,0.109141
608.076,1,201,0.109142
608.942,1,200.5,0.109142
609.808,1,200,0.109143
