x,y,z,b
90.1924,1,500,0.109134
91.0584,1,499.5,0.109134
91.9244,1,499,0.109134
92.7905,1,498.5,0.109134
93.6565,1,498,0.109134
94.5225,1,497.5,0.109135
95.3885,1,497,0.109135
96.2546,1,496.5,0.109135
97.1206,1,496,0.109135
97.9866,1,495.5,0.109135
98.8526,1,495,0.109135
99.7187,1,494.5,0.109136
100.585,1,494,0.109136
101.451,1,493.5,0.109136
102.317,1,493,0.109136
103.183,1,492.5,0.109136
104.049,1,492,0.109136
104.915,1,491.5,0.109137
105.781,1,491,0.109137
106.647,1,490.5,0.109137
107.513,1,490,0.109137
108.379,1,489.5,0.109137
109.245,1,489,0.109138
110.111,1,488.5,0.109138
110.977,1,488,0.109138
111.843,1,487.5,0.109138
112.709,1,487,0.109138
113.575,1,486.5,0.109139
114.441,1,486,0.109139
115.307,1,485.5,0.109139
116.173,1,485,0.109139
117.039,1,484.5,0.10914
117.905,1,484,0.10914
118.771,1,483.5,0.10914
119.637,1,483,0.10914
120.503,1,482.5,0.109141
121.369,1,482,0.109141
122.235,1,481.5,0.109141
123.101,1,481,0.109141
123.967,1,480.5,0.109142
124.833,1,480,0.109142
125.699,1,479.5,0.109142
126.565,1,479,0.109142
127.431,1,478.5,0.109143
128.297,1,478,0.109143
129.164,1,477.5,0.109143
130.03,1,477,0.109143
130.896,1,476.5,0.109144
131.762,1,476,0.109144
132.628,1,475.5,0.109144
133.494,1,475,0.109145
134.36,1,474.5,0.109145
135.226,1,474,0.109145
136.092,1,473.5,0.109145
136.958,1,473,0.109146
137.824,1,472.5,0.109146
138.69,1,472,0.109146
139.556,1,471.5,0.109147
140.422,1,471,0.109147
141.288,1,470.5,0.109147
142.154,1,470,0.109148
143.02,1,469.5,0.109148
143.886,1,469,0.109148
144.752,1,468.5,0.109149
145.618,1,468,0.109149
146.484,1,467.5,0.109149
147.35,1,467,0.10915
148.216,1,466.5,0.10915
149.082,1,466,0.10915
149.948,1,465.5,0.109151
150.814,1,465,0.109151
151.68,1,464.5,0.109151
152.546,1,464,0.109152
153.412,1,463.5,0.109152
154.278,1,463,0.109153
155.144,1,462.5,0.109153
156.01,1,462,0.109153
156.876,1,461.5,0.109154
157.742,1,461,0.109154
158.608,1,460.5,0.109155
159.474,1,460,0.109155
160.34,1,459.5,0.109156
161.206,1,459,0.109156
162.072,1,458.5,0.109157
162.939,1,458,0.109157
163.805,1,457.5,0.109157
164.671,1,457,0.109158
165.537,1,456.5,0.109158
166.403,1,456,0.109159
167.269,1,455.5,0.109159
168.135,1,455,0.10916
169.001,1,454.5,0.109161
169.867,1,454,0.109161
170.733,1,453.5,0.109162
171.599,1,453,0.109162
172.465,1,452.5,0.109163
173.331,1,452,0.109163
174.197,1,451.5,0.109164
175.063,1,451,0.109165
175.929,1,450.5,0.109165
176.795,1,450,0.109166
177.661,1,449.5,0.109166
178.527,1,449,0.109167
179.393,1,448.5,0.109168
180.259,1,448,0.109168
181.125,1,447.5,0.109169
181.991,1,447,0.10917
182.857,1,446.5,0.10917
183.723,1,446,0.109171
184.589,1,445.5,0.109172
185.455,1,445,0.109173
186.321,1,444.5,0.109174
187.187,1,444,0.109174
188.053,1,443.5,0.109175
188.919,1,443,0.109176
189.785,1,442.5,0.109177
190.651,1,442,0.109178
191.517,1,441.5,0.109179
192.383,1,441,0.10918
193.249,1,440.5,0.109181
194.115,1,440,0.109182
194.981,1,439.5,0.109183
195.847,1,439,0.109184
196.714,1,438.5,0.109185
197.58,1,438,0.109186
198.446,1,437.5,0.109187
199.312,1,437,0.109188
200.178,1,436.5,0.109189
201.044,1,436,0.10919
201.91,1,435.5,0.109192
202.776,1,435,0.109193
203.642,1,434.5,0.109194
204.508,1,434,0.109195
205.374,1,433.5,0.109197
206.24,1,433,0.109198
207.106,1,432.5,0.1092
207.972,1,432,0.109201
208.838,1,431.5,0.109203
209.704,1,431,0.109204
210.57,1,430.5,0.109206
211.436,1,430,0.109207
212.302,1,429.5,0.109209
213.168,1,429,0.109211
214.034,1,428.5,0.109212
214.9,1,428,0.109214
215.766,1,427.5,0.109216
216.632,1,427,0.109217
217.498,1,426.5,0.109219
218.364,1,426,0.109221
219.23,1,425.5,0.109223
220.096,1,425,0.109225
220.962,1,424.5,0.109227
221.828,1,424,0.109229
222.694,1,423.5,0.109231
223.56,1,423,0.109234
224.426,1,422.5,0.109236
225.292,1,422,0.109239
226.158,1,421.5,0.109241
227.024,1,421,0.109244
227.89,1,420.5,0.109246
228.756,1,420,0.109249
229.622,1,419.5,0.109252
230.488,1,419,0.109255
231.355,1,418.5,0.109258
232.221,1,418,0.109261
233.087,1,417.5,0.109264
233.953,1,417,0.109267
234.819,1,416.5,0.10927
235.685,1,416,0.109273
236.551,1,415.5,0.109276
237.417,1,415,0.109279
238.283,1,414.5,0.109283
239.149,1,414,0.109286
240.015,1,413.5,0.10929
240.881,1,413,0.109294
241.747,1,412.5,0.109298
242.613,1,412,0.109302
243.479,1,411.5,0.109306
244.345,1,411,0.109311
245.211,1,410.5,0.109316
246.077,1,410,0.10932
246.943,1,409.5,0.109325
247.809,1,409,0.10933
248.675,1,408.5,0.109335
249.541,1,408,0.109341
250.407,1,407.5,0.109347
251.273,1,407,0.109352
252.139,1,406.5,0.109357
253.005,1,406,0.109363
253.871,1,405.5,0.109369
254.737,1,405,0.109374
255.603,1,404.5,0.10938
256.469,1,404,0.109385
257.335,1,403.5,0.109391
258.201,1,403,0.109397
259.067,1,402.5,0.109403
259.933,1,402,0.109409
260.799,1,401.5,0.109417
261.665,1,401,0.109426
262.531,1,400.5,0.109435
263.397,1,400,0.109444
264.263,1,399.5,0.109454
265.13,1,399,0.109464
265.996,1,398.5,0.109473
266.862,1,398,0.109482
267.728,1,397.5,0.109491
268.594,1,397,0.1095
269.46,1,396.5,0.10951
270.326,1,396,0.109518
271.192,1,395.5,0.109527
272.058,1,395,0.109538
272.924,1,394.5,0.109548
273.79,1,394,0.109558
274.656,1,393.5,0.109569
275.522,1,393,0.109579
276.388,1,392.5,0.109589
277.254,1,392,0.109596
278.12,1,391.5,0.109602
278.986,1,391,0.109609
279.852,1,390.5,0.10962
280.718,1,390,0.109632
281.584,1,389.5,0.109644
282.45,1,389,0.109659
283.316,1,388.5,0.109676
284.182,1,388,0.109694
285.048,1,387.5,0.109712
285.914,1,387,0.109731
286.78,1,386.5,0.109751
287.646,1,386,0.109763
288.512,1,385.5,0.10977
289.378,1,385,0.10977
290.244,1,384.5,0.10977
291.11,1,384,0.10977
291.976,1,383.5,0.10977
292.842,1,383,0.109771
293.708,1,382.5,0.109775
294.574,1,382,0.109778
295.44,1,381.5,0.109781
296.306,1,381,0.109784
297.172,1,380.5,0.109786
298.038,1,380,0.10979
298.905,1,379.5,0.109781
299.771,1,379,0.109771
300.637,1,378.5,0.109761
301.503,1,378,0.10975
302.369,1,377.5,0.109739
303.235,1,377,0.109726
304.101,1,376.5,0.109705
304.967,1,376,0.109677
305.833,1,375.5,0.109647
306.699,1,375,0.109615
307.565,1,374.5,0.109577
308.431,1,374,0.109528
309.297,1,373.5,0.109471
310.163,1,373,0.109404
311.029,1,372.5,0.109335
311.895,1,372,0.109266
312.761,1,371.5,0.109196
313.627,1,371,0.109125
314.493,1,370.5,0.109046
315.359,1,370,0.108822
316.225,1,369.5,0.108586
317.091,1,369,0.108332
317.957,1,368.5,0.108044
318.823,1,368,0.107732
319.689,1,367.5,0.107396
320.555,1,367,0.107247
321.421,1,366.5,0.107184
322.287,1,366,0.107133
323.153,1,365.5,0.107094
324.019,1,365,0.107067
324.885,1,364.5,0.107052
325.751,1,364,0.106546
326.617,1,363.5,0.105274
327.483,1,363,0.103856
328.349,1,362.5,0.102276
329.215,1,362,0.100533
330.081,1,361.5,0.0986276
330.947,1,361,0.0969463
331.813,1,360.5,0.0987519
332.679,1,360,0.100819
333.546,1,359.5,0.103147
334.412,1,359,0.105737
335.278,1,358.5,0.108588
336.144,1,358,0.111239
337.01,1,357.5,0.105026
337.876,1,357,0.0964507
338.742,1,356.5,0.0877143
339.608,1,356,0.0788164
340.474,1,355.5,0.0697571
341.34,1,355,0.0605364
342.206,1,354.5,0.0581552
343.072,1,354,0.0623795
343.938,1,353.5,0.0650026
344.804,1,353,0.0660243
345.67,1,352.5,0.0647827
346.536,1,352,0.0593939
347.402,1,351.5,0.0543306
348.268,1,351,0.0694613
349.134,1,350.5,0.0819869
350,1,350,0.0919076
350.866,1,349.5,0.0992232
351.732,1,349,0.103934
352.598,1,348.5,0.10604
353.464,1,348,0.0940801
354.33,1,347.5,0.0836684
355.196,1,347,0.0830189
356.062,1,346.5,0.0880099
356.928,1,346,0.0926941
357.794,1,345.5,0.0970716
358.66,1,345,0.100176
359.526,1,344.5,0.102782
360.392,1,344,0.105964
361.258,1,343.5,0.109721
362.124,1,343,0.114054
362.99,1,342.5,0.118962
363.856,1,342,0.123394
364.722,1,341.5,0.124524
365.588,1,341,0.125777
366.454,1,340.5,0.126856
367.321,1,340,0.127761
368.187,1,339.5,0.128492
369.053,1,339,0.12905
369.919,1,338.5,0.129635
370.785,1,338,0.13018
371.651,1,337.5,0.130668
372.517,1,337,0.131098
373.383,1,336.5,0.131472
374.249,1,336,0.131641
375.115,1,335.5,0.131434
375.981,1,335,0.130993
376.847,1,334.5,0.130495
377.713,1,334,0.129939
378.579,1,333.5,0.129326
379.445,1,333,0.128656
380.311,1,332.5,0.127931
381.177,1,332,0.127136
382.043,1,331.5,0.126252
382.909,1,331,0.125281
383.775,1,330.5,0.124689
384.641,1,330,0.124246
385.507,1,329.5,0.123777
386.373,1,329,0.123057
387.239,1,328.5,0.122323
388.105,1,328,0.121587
388.971,1,327.5,0.120849
389.837,1,327,0.12011
390.703,1,326.5,0.119368
391.569,1,326,0.11856
392.435,1,325.5,0.117706
393.301,1,325,0.117064
394.167,1,324.5,0.116494
395.033,1,324,0.115936
395.899,1,323.5,0.11539
396.765,1,323,0.114855
397.631,1,322.5,0.114334
398.497,1,322,0.113834
399.363,1,321.5,0.113354
400.229,1,321,0.112895
401.095,1,320.5,0.112457
401.962,1,320,0.112039
402.828,1,319.5,0.111735
403.694,1,319,0.111461
404.56,1,318.5,0.111196
405.426,1,318,0.110941
406.292,1,317.5,0.110695
407.158,1,317,0.110458
408.024,1,316.5,0.110257
408.89,1,316,0.110077
409.756,1,315.5,0.109904
410.622,1,315,0.109741
411.488,1,314.5,0.109586
412.354,1,314,0.109468
413.22,1,313.5,0.109368
414.086,1,313,0.109286
414.952,1,312.5,0.109208
415.818,1,312,0.109135
416.684,1,311.5,0.109067
417.55,1,311,0.109004
418.416,1,310.5,0.108946
419.282,1,310,0.108916
420.148,1,309.5,0.108888
421.014,1,309,0.108863
421.88,1,308.5,0.108842
422.746,1,308,0.108822
423.612,1,307.5,0.108804
424.478,1,307,0.108794
425.344,1,306.5,0.108786
426.21,1,306,0.10878
427.076,1,305.5,0.108774
427.942,1,305,0.108769
428.808,1,304.5,0.108765
429.674,1,304,0.108765
430.54,1,303.5,0.108769
431.406,1,303,0.108774
432.272,1,302.5,0.108778
433.138,1,302,0.108783
434.004,1,301.5,0.108787
434.87,1,301,0.108792
435.737,1,300.5,0.1088
436.603,1,300,0.108808
437.469,1,299.5,0.108816
438.335,1,299,0.108823
439.201,1,298.5,0.108831
440.067,1,298,0.108838
440.933,1,297.5,0.108845
441.799,1,297,0.108851
442.665,1,296.5,0.108857
443.531,1,296,0.108863
444.397,1,295.5,0.10887
445.263,1,295,0.108876
446.129,1,294.5,0.108882
446.995,1,294,0.10889
447.861,1,293.5,0.108897
448.727,1,293,0.108904
449.593,1,292.5,0.10891
450.459,1,292,0.108916
451.325,1,291.5,0.108922
452.191,1,291,0.108928
453.057,1,290.5,0.108935
453.923,1,290,0.108941
454.789,1,289.5,0.108947
455.655,1,289,0.108953
456.521,1,288.5,0.108958
457.387,1,288,0.108964
458.253,1,287.5,0.10897
459.119,1,287,0.108975
459.985,1,286.5,0.108979
460.851,1,286,0.108983
461.717,1,285.5,0.108987
462.583,1,285,0.108992
463.449,1,284.5,0.108996
464.315,1,284,0.109
465.181,1,283.5,0.109004
466.047,1,283,0.109007
466.913,1,282.5,0.109011
467.779,1,282,0.109015
468.645,1,281.5,0.109018
469.512,1,281,0.109022
470.378,1,280.5,0.109025
471.244,1,280,0.109028
472.11,1,279.5,0.109031
472.976,1,279,0.109034
473.842,1,278.5,0.109037
474.708,1,278,0.10904
475.574,1,277.5,0.109043
476.44,1,277,0.109046
477.306,1,276.5,0.109049
478.172,1,276,0.109051
479.038,1,275.5,0.109053
479.904,1,275,0.109055
480.77,1,274.5,0.109057
481.636,1,274,0.10906
482.502,1,273.5,0.109061
483.368,1,273,0.109063
484.234,1,272.5,0.109065
485.1,1,272,0.109067
485.966,1,271.5,0.109069
486.832,1,271,0.109071
487.698,1,270.5,0.109072
488.564,1,270,0.109074
489.43,1,269.5,0.109076
490.296,1,269,0.109077
491.162,1,268.5,0.109079
492.028,1,268,0.10908
492.894,1,267.5,0.109082
493.76,1,267,0.109083
494.626,1,266.5,0.109085
495.492,1,266,0.109086
496.358,1,265.5,0.109087
497.224,1,265,0.109088
498.09,1,264.5,0.10909
498.956,1,264,0.109091
499.822,1,263.5,0.109092
500.688,1,263,0.109093
501.554,1,262.5,0.109094
502.42,1,262,0.109095
503.286,1,261.5,0.109095
504.153,1,261,0.109096
505.019,1,260.5,0.109097
505.885,1,260,0.109098
506.751,1,259.5,0.109099
507.617,1,259,0.1091
508.483,1,258.5,0.109101
509.349,1,258,0.109101
510.215,1,257.5,0.109102
511.081,1,257,0.109103
511.947,1,256.5,0.109104
512.813,1,256,0.109105
513.679,1,255.5,0.109105
514.545,1,255,0.109106
515.411,1,254.5,0.109107
516.277,1,254,0.109107
517.143,1,253.5,0.109108
518.009,1,253,0.109108
518.875,1,252.5,0.109109
519.741,1,252,0.109109
520.607,1,251.5,0.10911
521.473,1,251,0.10911
522.339,1,250.5,0.109111
523.205,1,250,0.109111
524.071,1,249.5,0.109112
524.937,1,249,0.109112
525.803,1,248.5,0.109113
526.669,1,248,0.109113
527.535,1,247.5,0.109114
528.401,1,247,0.109114
529.267,1,246.5,0.109115
530.133,1,246,0.109115
530.999,1,245.5,0.109115
531.865,1,245,0.109116
532.731,1,244.5,0.109116
533.597,1,244,0.109117
534.463,1,243.5,0.109117
535.329,1,243,0.109117
536.195,1,242.5,0.109117
537.061,1,242,0.109118
537.928,1,241.5,0.109118
538.794,1,241,0.109118
539.66,1,240.5,0.109119
540.526,1,240,0.109119
541.392,1,239.5,0.109119
542.258,1,239,0.109119
543.124,1,238.5,0.10912
543.99,1,238,0.10912
544.856,1,237.5,0.10912
545.722,1,237,0.10912
546.588,1,236.5,0.109121
547.454,1,236,0.109121
548.32,1,235.5,0.109121
549.186,1,235,0.109121
550.052,1,234.5,0.109121
550.918,1,234,0.109122
551.784,1,233.5,0.109122
552.65,1,233,0.109122
553.516,1,232.5,0.109122
554.382,1,232,0.109123
555.248,1,231.5,0.109123
556.114,1,231,0.109123
556.98,1,230.5,0.109123
557.846,1,230,0.109123
558.712,1,229.5,0.109123
559.578,1,229,0.109123
560.444,1,228.5,0.109124
561.31,1,228,0.109124
562.176,1,227.5,0.109124
563.042,1,227,0.109124
563.908,1,226.5,0.109124
564.774,1,226,0.109124
565.64,1,225.5,0.109125
566.506,1,225,0.109125
567.372,1,224.5,0.109125
568.238,1,224,0.109125
569.104,1,223.5,0.109125
569.97,1,223,0.109125
570.836,1,222.5,0.109125
571.703,1,222,0.109125
572.569,1,221.5,0.109125
573.435,1,221,0.109126
574.301,1,220.5,0.109126
575.167,1,220,0.109126
576.033,1,219.5,0.109126
576.899,1,219,0.109126
577.765,1,218.5,0.109126
578.631,1,218,0.109126
579.497,1,217.5,0.109126
580.363,1,217,0.109126
581.229,1,216.5,0.109126
582.095,1,216,0.109126
582.961,1,215.5,0.109126
583.827,1,215,0.109126
584.693,1,214.5,0.109127
585.559,1,214,0.109127
586.425,1,213.5,0.109127
587.291,1,213,0.109127
588.157,1,212.5,0.109127
589.023,1,212,0.109127
589.889,1,211.5,0.109127
590.755,1,211,0.109127
591.621,1,210.5,0.109127
592.487,1,210,0.109127
593.353,1,209.5,0.109127
594.219,1,209,0.109127
595.085,1,208.5,0.109127
595.951,1,208,0.109127
596.817,1,207.5,0.109127
597.683,1,207,0.109127
598.549,1,206.5,0.109127
599.415,1,206,0.109127
600.281,1,205.5,0.109127
601.147,1,205,0.109127
602.013,1,204.5,0.109127
602.879,1,204,0.109127
603.745,1,203.5,0.109128
604.611,1,203,0.109128
605.477,1,202.5,0.109128
606.344,1,202,0.109128
607.21,1,201.5,0.109128
608.076,1,201,0.109128
608.942,1,200.5,0.109128
609.808,1,200,0.109128
