x,y,z,b
90.1924,1,500,0.109023
91.0584,1,499.5,0.109022
91.9244,1,499,0.10902
92.7905,1,498.5,0.109019
93.6565,1,498,0.109018
94.5225,1,497.5,0.109016
95.3885,1,497,0.109015
96.2546,1,496.5,0.109013
97.1206,1,496,0.109011
97.9866,1,495.5,0.109009
98.8526,1,495,0.109007
99.7187,1,494.5,0.109005
100.585,1,494,0.109003
101.451,1,493.5,0.109001
102.317,1,493,0.108999
103.183,1,492.5,0.108996
104.049,1,492,0.108993
104.915,1,491.5,0.108991
105.781,1,491,0.108988
106.647,1,490.5,0.108985
107.513,1,490,0.108982
108.379,1,489.5,0.108979
109.245,1,489,0.108976
110.111,1,488.5,0.108972
110.977,1,488,0.108969
111.843,1,487.5,0.108966
112.709,1,487,0.108962
113.575,1,486.5,0.108958
114.441,1,486,0.108955
115.307,1,485.5,0.108951
116.173,1,485,0.108947
117.039,1,484.5,0.108943
117.905,1,484,0.108939
118.771,1,483.5,0.108934
119.637,1,483,0.10893
120.503,1,482.5,0.108925
121.369,1,482,0.108921
122.235,1,481.5,0.108916
123.101,1,481,0.108912
123.967,1,480.5,0.108906
124.833,1,480,0.108901
125.699,1,479.5,0.108896
126.565,1,479,0.10889
127.431,1,478.5,0.108885
128.297,1,478,0.108879
129.164,1,477.5,0.108873
130.03,1,477,0.108867
130.896,1,476.5,0.108861
131.762,1,476,0.108854
132.628,1,475.5,0.108848
133.494,1,475,0.108842
134.36,1,474.5,0.108835
135.226,1,474,0.108827
136.092,1,473.5,0.108819
136.958,1,473,0.108812
137.824,1,472.5,0.108804
138.69,1,472,0.108797
139.556,1,471.5,0.108789
140.422,1,471,0.10878
141.288,1,470.5,0.108771
142.154,1,470,0.108762
143.02,1,469.5,0.108753
143.886,1,469,0.108744
144.752,1,468.5,0.108735
145.618,1,468,0.108725
146.484,1,467.5,0.108714
147.35,1,467,0.108703
148.216,1,466.5,0.108692
149.082,1,466,0.108681
149.948,1,465.5,0.10867
150.814,1,465,0.108658
151.68,1,464.5,0.108645
152.546,1,464,0.108633
153.412,1,463.5,0.10862
154.278,1,463,0.108607
155.144,1,462.5,0.108593
156.01,1,462,0.10858
156.876,1,461.5,0.108564
157.742,1,461,0.108549
158.608,1,460.5,0.108533
159.474,1,460,0.108518
160.34,1,459.5,0.108502
161.206,1,459,0.108486
162.072,1,458.5,0.108468
162.939,1,458,0.108449
163.805,1,457.5,0.108431
164.671,1,457,0.108412
165.537,1,456.5,0.108393
166.403,1,456,0.108374
167.269,1,455.5,0.108353
168.135,1,455,0.10833
169.001,1,454.5,0.108307
169.867,1,454,0.108284
170.733,1,453.5,0.108261
171.599,1,453,0.108238
172.465,1,452.5,0.108213
173.331,1,452,0.108186
174.197,1,451.5,0.108159
175.063,1,451,0.108131
175.929,1,450.5,0.108104
176.795,1,450,0.108076
177.661,1,449.5,0.108048
178.527,1,449,0.108015
179.393,1,448.5,0.107982
180.259,1,448,0.107948
181.125,1,447.5,0.107914
181.991,1,447,0.107879
182.857,1,446.5,0.107845
183.723,1,446,0.107806
184.589,1,445.5,0.107766
185.455,1,445,0.107725
186.321,1,444.5,0.107684
187.187,1,444,0.107642
188.053,1,443.5,0.1076
188.919,1,443,0.107556
189.785,1,442.5,0.107505
190.651,1,442,0.107454
191.517,1,441.5,0.107402
192.383,1,441,0.10735
193.249,1,440.5,0.107298
194.115,1,440,0.107245
194.981,1,439.5,0.107184
195.847,1,439,0.107123
196.714,1,438.5,0.10706
197.58,1,438,0.106997
198.446,1,437.5,0.106934
199.312,1,437,0.10687
200.178,1,436.5,0.106797
201.044,1,436,0.106719
201.91,1,435.5,0.106641
202.776,1,435,0.106562
203.642,1,434.5,0.106483
204.508,1,434,0.106403
205.374,1,433.5,0.106317
206.24,1,433,0.106222
207.106,1,432.5,0.106126
207.972,1,432,0.106028
208.838,1,431.5,0.10593
209.704,1,431,0.105831
210.57,1,430.5,0.10573
211.436,1,430,0.10561
212.302,1,429.5,0.105488
213.168,1,429,0.105366
214.034,1,428.5,0.105244
214.9,1,428,0.105121
215.766,1,427.5,0.104996
216.632,1,427,0.104854
217.498,1,426.5,0.104704
218.364,1,426,0.104552
219.23,1,425.5,0.104399
220.096,1,425,0.104245
220.962,1,424.5,0.104088
221.828,1,424,0.103918
222.694,1,423.5,0.103728
223.56,1,423,0.103537
224.426,1,422.5,0.103343
225.292,1,422,0.103148
226.158,1,421.5,0.10295
227.024,1,421,0.102747
227.89,1,420.5,0.102509
228.756,1,420,0.102268
229.622,1,419.5,0.102025
230.488,1,419,0.101779
231.355,1,418.5,0.10153
232.221,1,418,0.101281
233.087,1,417.5,0.100995
233.953,1,417,0.100694
234.819,1,416.5,0.10039
235.685,1,416,0.100082
236.551,1,415.5,0.0997706
237.417,1,415,0.0994557
238.283,1,414.5,0.0991138
239.149,1,414,0.0987393
240.015,1,413.5,0.0983601
240.881,1,413,0.0979764
241.747,1,412.5,0.0975902
242.613,1,412,0.0971999
243.479,1,411.5,0.0967964
244.345,1,411,0.0963323
245.211,1,410.5,0.0958599
246.077,1,410,0.0953791
246.943,1,409.5,0.09489
247.809,1,409,0.0943925
248.675,1,408.5,0.0938867
249.541,1,408,0.0933147
250.407,1,407.5,0.0927221
251.273,1,407,0.0921317
252.139,1,406.5,0.091547
253.005,1,406,0.0909671
253.871,1,405.5,0.0903919
254.737,1,405,0.0901023
255.603,1,404.5,0.0901232
256.469,1,404,0.0901945
257.335,1,403.5,0.0903162
258.201,1,403,0.0904882
259.067,1,402.5,0.0907106
259.933,1,402,0.0912207
260.799,1,401.5,0.0928649
261.665,1,401,0.0946295
262.531,1,400.5,0.0965088
263.397,1,400,0.0985027
264.263,1,399.5,0.100611
265.13,1,399,0.102834
265.996,1,398.5,0.106433
266.862,1,398,0.110256
267.728,1,397.5,0.114126
268.594,1,397,0.118043
269.46,1,396.5,0.122008
270.326,1,396,0.126524
271.192,1,395.5,0.133642
272.058,1,395,0.144201
272.924,1,394.5,0.156762
273.79,1,394,0.171326
274.656,1,393.5,0.187893
275.522,1,393,0.206463
276.388,1,392.5,0.22688
277.254,1,392,0.24738
278.12,1,391.5,0.267564
278.986,1,391,0.287356
279.852,1,390.5,0.303805
280.718,1,390,0.318587
281.584,1,389.5,0.331703
282.45,1,389,0.335878
283.316,1,388.5,0.338822
284.182,1,388,0.341077
285.048,1,387.5,0.342641
285.914,1,387,0.343516
286.78,1,386.5,0.343702
287.646,1,386,0.342503
288.512,1,385.5,0.340734
289.378,1,385,0.338898
290.244,1,384.5,0.337171
291.11,1,384,0.335554
291.976,1,383.5,0.334046
292.842,1,383,0.332816
293.708,1,382.5,0.332005
294.574,1,382,0.331191
295.44,1,381.5,0.330374
296.306,1,381,0.329555
297.172,1,380.5,0.328732
298.038,1,380,0.327928
298.905,1,379.5,0.327983
299.771,1,379,0.328056
300.637,1,378.5,0.328138
301.503,1,378,0.328231
302.369,1,377.5,0.328334
303.235,1,377,0.328448
304.101,1,376.5,0.328573
304.967,1,376,0.32872
305.833,1,375.5,0.328891
306.699,1,375,0.329085
307.565,1,374.5,0.329312
308.431,1,374,0.329589
309.297,1,373.5,0.329862
310.163,1,373,0.330125
311.029,1,372.5,0.330417
311.895,1,372,0.330738
312.761,1,371.5,0.331088
313.627,1,371,0.331468
314.493,1,370.5,0.331873
315.359,1,370,0.332229
316.225,1,369.5,0.332596
317.091,1,369,0.332947
317.957,1,368.5,0.333216
318.823,1,368,0.333465
319.689,1,367.5,0.333691
320.555,1,367,0.333809
321.421,1,366.5,0.333812
322.287,1,366,0.333723
323.153,1,365.5,0.333543
324.019,1,365,0.333272
324.885,1,364.5,0.332908
325.751,1,364,0.332111
326.617,1,363.5,0.330046
327.483,1,363,0.326347
328.349,1,362.5,0.322115
329.215,1,362,0.31735
330.081,1,361.5,0.312052
330.947,1,361,0.30588
331.813,1,360.5,0.296389
332.679,1,360,0.286791
333.546,1,359.5,0.277085
334.412,1,359,0.267271
335.278,1,358.5,0.25735
336.144,1,358,0.250219
337.01,1,357.5,0.248793
337.876,1,357,0.247641
338.742,1,356.5,0.246408
339.608,1,356,0.245095
340.474,1,355.5,0.243703
341.34,1,355,0.24223
342.206,1,354.5,0.242115
343.072,1,354,0.242418
343.938,1,353.5,0.241133
344.804,1,353,0.23826
345.67,1,352.5,0.233035
346.536,1,352,0.225881
347.402,1,351.5,0.222139
348.268,1,351,0.236178
349.134,1,350.5,0.241961
350,1,350,0.239488
350.866,1,349.5,0.228759
351.732,1,349,0.209774
352.598,1,348.5,0.182533
353.464,1,348,0.144428
354.33,1,347.5,0.11027
355.196,1,347,0.09451
356.062,1,346.5,0.0917328
356.928,1,346,0.0893792
357.794,1,345.5,0.0874492
358.66,1,345,0.0920896
359.526,1,344.5,0.101181
360.392,1,344,0.108771
361.258,1,343.5,0.11486
362.124,1,343,0.119447
362.99,1,342.5,0.122532
363.856,1,342,0.123799
364.722,1,341.5,0.123345
365.588,1,341,0.12291
366.454,1,340.5,0.12245
367.321,1,340,0.121963
368.187,1,339.5,0.121451
369.053,1,339,0.120913
369.919,1,338.5,0.120543
370.785,1,338,0.120263
371.651,1,337.5,0.120056
372.517,1,337,0.119922
373.383,1,336.5,0.119861
374.249,1,336,0.120073
375.115,1,335.5,0.120462
375.981,1,335,0.120874
376.847,1,334.5,0.121267
377.713,1,334,0.121639
378.579,1,333.5,0.121992
379.445,1,333,0.122325
380.311,1,332.5,0.12262
381.177,1,332,0.122847
382.043,1,331.5,0.12306
382.909,1,331,0.123259
383.775,1,330.5,0.123434
384.641,1,330,0.123603
385.507,1,329.5,0.123771
386.373,1,329,0.123896
387.239,1,328.5,0.124022
388.105,1,328,0.124151
388.971,1,327.5,0.124284
389.837,1,327,0.12442
390.703,1,326.5,0.124559
391.569,1,326,0.124655
392.435,1,325.5,0.124729
393.301,1,325,0.124809
394.167,1,324.5,0.124887
395.033,1,324,0.124962
395.899,1,323.5,0.125035
396.765,1,323,0.125083
397.631,1,322.5,0.125089
398.497,1,322,0.125096
399.363,1,321.5,0.125104
400.229,1,321,0.125115
401.095,1,320.5,0.125126
401.962,1,320,0.125139
402.828,1,319.5,0.125121
403.694,1,319,0.125102
404.56,1,318.5,0.125082
405.426,1,318,0.125062
406.292,1,317.5,0.125042
407.158,1,317,0.125022
408.024,1,316.5,0.12499
408.89,1,316,0.124952
409.756,1,315.5,0.124914
410.622,1,315,0.124875
411.488,1,314.5,0.124835
412.354,1,314,0.124798
413.22,1,313.5,0.124757
414.086,1,313,0.124709
414.952,1,312.5,0.124658
415.818,1,312,0.124604
416.684,1,311.5,0.124546
417.55,1,311,0.124486
418.416,1,310.5,0.124422
419.282,1,310,0.124349
420.148,1,309.5,0.124272
421.014,1,309,0.12419
421.88,1,308.5,0.124117
422.746,1,308,0.124041
423.612,1,307.5,0.123963
424.478,1,307,0.123877
425.344,1,306.5,0.123785
426.21,1,306,0.123691
427.076,1,305.5,0.123592
427.942,1,305,0.12349
428.808,1,304.5,0.123384
429.674,1,304,0.12327
430.54,1,303.5,0.123148
431.406,1,303,0.123037
432.272,1,302.5,0.122923
433.138,1,302,0.122806
434.004,1,301.5,0.122685
434.87,1,301,0.122559
435.737,1,300.5,0.12242
436.603,1,300,0.122277
437.469,1,299.5,0.122131
438.335,1,299,0.121982
439.201,1,298.5,0.121829
440.067,1,298,0.121675
440.933,1,297.5,0.121526
441.799,1,297,0.121372
442.665,1,296.5,0.121215
443.531,1,296,0.121056
444.397,1,295.5,0.120893
445.263,1,295,0.120728
446.129,1,294.5,0.120553
446.995,1,294,0.120368
447.861,1,293.5,0.120181
448.727,1,293,0.119991
449.593,1,292.5,0.119804
450.459,1,292,0.119639
451.325,1,291.5,0.119469
452.191,1,291,0.119285
453.057,1,290.5,0.119099
453.923,1,290,0.118912
454.789,1,289.5,0.118723
455.655,1,289,0.118534
456.521,1,288.5,0.118343
457.387,1,288,0.118137
458.253,1,287.5,0.117928
459.119,1,287,0.117726
459.985,1,286.5,0.117548
460.851,1,286,0.117369
461.717,1,285.5,0.11719
462.583,1,285,0.117001
463.449,1,284.5,0.116806
464.315,1,284,0.116611
465.181,1,283.5,0.116416
466.047,1,283,0.116221
466.913,1,282.5,0.116027
467.779,1,282,0.115829
468.645,1,281.5,0.115632
469.512,1,281,0.11546
470.378,1,280.5,0.115289
471.244,1,280,0.115118
472.11,1,279.5,0.114949
472.976,1,279,0.114779
473.842,1,278.5,0.114601
474.708,1,278,0.114423
475.574,1,277.5,0.114246
476.44,1,277,0.11407
477.306,1,276.5,0.113895
478.172,1,276,0.113731
479.038,1,275.5,0.113582
479.904,1,275,0.11343
480.77,1,274.5,0.11328
481.636,1,274,0.113132
482.502,1,273.5,0.112986
483.368,1,273,0.11284
484.234,1,272.5,0.112695
485.1,1,272,0.112547
485.966,1,271.5,0.112401
486.832,1,271,0.112257
487.698,1,270.5,0.112122
488.564,1,270,0.112001
489.43,1,269.5,0.111881
490.296,1,269,0.11176
491.162,1,268.5,0.111641
492.028,1,268,0.111524
492.894,1,267.5,0.111409
493.76,1,267,0.111296
494.626,1,266.5,0.111185
495.492,1,266,0.111075
496.358,1,265.5,0.110966
497.224,1,265,0.110866
498.09,1,264.5,0.110776
498.956,1,264,0.110687
499.822,1,263.5,0.110601
500.688,1,263,0.110516
501.554,1,262.5,0.110433
502.42,1,262,0.110351
503.286,1,261.5,0.110272
504.153,1,261,0.110194
505.019,1,260.5,0.110118
505.885,1,260,0.110044
506.751,1,259.5,0.109978
507.617,1,259,0.109918
508.483,1,258.5,0.109859
509.349,1,258,0.109801
510.215,1,257.5,0.109745
511.081,1,257,0.109691
511.947,1,256.5,0.109639
512.813,1,256,0.109589
513.679,1,255.5,0.109541
514.545,1,255,0.109494
515.411,1,254.5,0.109448
516.277,1,254,0.109408
517.143,1,253.5,0.109372
518.009,1,253,0.109339
518.875,1,252.5,0.109306
519.741,1,252,0.109274
520.607,1,251.5,0.109244
521.473,1,251,0.109214
522.339,1,250.5,0.109185
523.205,1,250,0.10916
524.071,1,249.5,0.109136
524.937,1,249,0.109112
525.803,1,248.5,0.109091
526.669,1,248,0.109071
527.535,1,247.5,0.109053
528.401,1,247,0.109036
529.267,1,246.5,0.109021
530.133,1,246,0.109006
530.999,1,245.5,0.108991
531.865,1,245,0.108978
532.731,1,244.5,0.108965
533.597,1,244,0.108953
534.463,1,243.5,0.108944
535.329,1,243,0.108936
536.195,1,242.5,0.108928
537.061,1,242,0.108922
537.928,1,241.5,0.108915
538.794,1,241,0.108909
539.66,1,240.5,0.108905
540.526,1,240,0.108902
541.392,1,239.5,0.108898
542.258,1,239,0.108895
543.124,1,238.5,0.108892
543.99,1,238,0.10889
544.856,1,237.5,0.108889
545.722,1,237,0.108888
546.588,1,236.5,0.108888
547.454,1,236,0.108888
548.32,1,235.5,0.108888
549.186,1,235,0.108888
550.052,1,234.5,0.108888
550.918,1,234,0.10889
551.784,1,233.5,0.108891
552.65,1,233,0.108892
553.516,1,232.5,0.108894
554.382,1,232,0.108895
555.248,1,231.5,0.108897
556.114,1,231,0.108899
556.98,1,230.5,0.108902
557.846,1,230,0.108904
558.712,1,229.5,0.108907
559.578,1,229,0.108909
560.444,1,228.5,0.108912
561.31,1,228,0.108915
562.176,1,227.5,0.108918
563.042,1,227,0.108921
563.908,1,226.5,0.108924
564.774,1,226,0.108927
565.64,1,225.5,0.108929
566.506,1,225,0.108932
567.372,1,224.5,0.108936
568.238,1,224,0.108939
569.104,1,223.5,0.108942
569.97,1,223,0.108945
570.836,1,222.5,0.108949
571.703,1,222,0.108952
572.569,1,221.5,0.108955
573.435,1,221,0.108959
574.301,1,220.5,0.108962
575.167,1,220,0.108965
576.033,1,219.5,0.108968
576.899,1,219,0.108971
577.765,1,218.5,0.108975
578.631,1,218,0.108978
579.497,1,217.5,0.108982
580.363,1,217,0.108985
581.229,1,216.5,0.108988
582.095,1,216,0.108991
582.961,1,215.5,0.108995
583.827,1,215,0.108998
584.693,1,214.5,0.109001
585.559,1,214,0.109004
586.425,1,213.5,0.109007
587.291,1,213,0.10901
588.157,1,212.5,0.109013
589.023,1,212,0.109016
589.889,1,211.5,0.109019
590.755,1,211,0.109023
591.621,1,210.5,0.109026
592.487,1,210,0.109028
593.353,1,209.5,0.109031
594.219,1,209,0.109034
595.085,1,208.5,0.109037
595.951,1,208,0.10904
596.817,1,207.5,0.109042
597.683,1,207,0.109045
598.549,1,206.5,0.109048
599.415,1,206,0.109051
600.281,1,205.5,0.109053
601.147,1,205,0.109056
602.013,1,204.5,0.109059
602.879,1,204,0.109061
603.745,1,203.5,0.109064
604.611,1,203,0.109066
605.477,1,202.5,0.109069
606.344,1,202,0.109072
607.21,1,201.5,0.109074
608.076,1,201,0.109077
608.942,1,200.5,0.10908
609.808,1,200,0.109082
