x,y,z,b
90.1924,1,500,0.108783
91.0584,1,499.5,0.108779
91.9244,1,499,0.108775
92.7905,1,498.5,0.108771
93.6565,1,498,0.108767
94.5225,1,497.5,0.108763
95.3885,1,497,0.108759
96.2546,1,496.5,0.108753
97.1206,1,496,0.108748
97.9866,1,495.5,0.108742
98.8526,1,495,0.108736
99.7187,1,494.5,0.10873
100.585,1,494,0.108725
101.451,1,493.5,0.108718
102.317,1,493,0.108711
103.183,1,492.5,0.108704
104.049,1,492,0.108696
104.915,1,491.5,0.108689
105.781,1,491,0.108681
106.647,1,490.5,0.108674
107.513,1,490,0.108665
108.379,1,489.5,0.108656
109.245,1,489,0.108647
110.111,1,488.5,0.108638
110.977,1,488,0.108629
111.843,1,487.5,0.10862
112.709,1,487,0.10861
113.575,1,486.5,0.108599
114.441,1,486,0.108588
115.307,1,485.5,0.108578
116.173,1,485,0.108567
117.039,1,484.5,0.108556
117.905,1,484,0.108544
118.771,1,483.5,0.108532
119.637,1,483,0.10852
120.503,1,482.5,0.108507
121.369,1,482,0.108495
122.235,1,481.5,0.108482
123.101,1,481,0.108469
123.967,1,480.5,0.108455
124.833,1,480,0.108441
125.699,1,479.5,0.108426
126.565,1,479,0.108411
127.431,1,478.5,0.108396
128.297,1,478,0.108382
129.164,1,477.5,0.108365
130.03,1,477,0.108348
130.896,1,476.5,0.108331
131.762,1,476,0.108314
132.628,1,475.5,0.108297
133.494,1,475,0.108279
134.36,1,474.5,0.108261
135.226,1,474,0.108241
136.092,1,473.5,0.108221
136.958,1,473,0.1082
137.824,1,472.5,0.10818
138.69,1,472,0.108159
139.556,1,471.5,0.108138
140.422,1,471,0.108115
141.288,1,470.5,0.108091
142.154,1,470,0.108067
143.02,1,469.5,0.108043
143.886,1,469,0.108019
144.752,1,468.5,0.107995
145.618,1,468,0.107967
146.484,1,467.5,0.107939
147.35,1,467,0.107911
148.216,1,466.5,0.107882
149.082,1,466,0.107854
149.948,1,465.5,0.107825
150.814,1,465,0.107793
151.68,1,464.5,0.10776
152.546,1,464,0.107727
153.412,1,463.5,0.107693
154.278,1,463,0.107659
155.144,1,462.5,0.107625
156.01,1,462,0.107589
156.876,1,461.5,0.10755
157.742,1,461,0.107509
158.608,1,460.5,0.107469
159.474,1,460,0.107428
160.34,1,459.5,0.107387
161.206,1,459,0.107346
162.072,1,458.5,0.107299
162.939,1,458,0.107251
163.805,1,457.5,0.107203
164.671,1,457,0.107154
165.537,1,456.5,0.107105
166.403,1,456,0.107056
167.269,1,455.5,0.107002
168.135,1,455,0.106944
169.001,1,454.5,0.106886
169.867,1,454,0.106827
170.733,1,453.5,0.106768
171.599,1,453,0.106708
172.465,1,452.5,0.106646
173.331,1,452,0.106577
174.197,1,451.5,0.106508
175.063,1,451,0.106439
175.929,1,450.5,0.106369
176.795,1,450,0.106298
177.661,1,449.5,0.106226
178.527,1,449,0.106144
179.393,1,448.5,0.10606
180.259,1,448,0.105975
181.125,1,447.5,0.105889
181.991,1,447,0.105803
182.857,1,446.5,0.105715
183.723,1,446,0.10562
184.589,1,445.5,0.105519
185.455,1,445,0.105417
186.321,1,444.5,0.105314
187.187,1,444,0.10521
188.053,1,443.5,0.105105
188.919,1,443,0.104994
189.785,1,442.5,0.104871
190.651,1,442,0.104747
191.517,1,441.5,0.104621
192.383,1,441,0.104495
193.249,1,440.5,0.104366
194.115,1,440,0.104237
194.981,1,439.5,0.10409
195.847,1,439,0.10394
196.714,1,438.5,0.103789
197.58,1,438,0.103636
198.446,1,437.5,0.103481
199.312,1,437,0.103325
200.178,1,436.5,0.103152
201.044,1,436,0.102969
201.91,1,435.5,0.102784
202.776,1,435,0.102597
203.642,1,434.5,0.102408
204.508,1,434,0.102216
205.374,1,433.5,0.102014
206.24,1,433,0.101793
207.106,1,432.5,0.10157
207.972,1,432,0.101343
208.838,1,431.5,0.101114
209.704,1,431,0.100883
210.57,1,430.5,0.100648
211.436,1,430,0.100381
212.302,1,429.5,0.100111
213.168,1,429,0.099837
214.034,1,428.5,0.09956
214.9,1,428,0.0992795
215.766,1,427.5,0.0989956
216.632,1,427,0.098686
217.498,1,426.5,0.0983635
218.364,1,426,0.0980368
219.23,1,425.5,0.097706
220.096,1,425,0.0973712
220.962,1,424.5,0.0970322
221.828,1,424,0.0966773
222.694,1,423.5,0.0962985
223.56,1,423,0.0959141
224.426,1,422.5,0.0955249
225.292,1,422,0.0951309
226.158,1,421.5,0.094732
227.024,1,421,0.0943265
227.89,1,420.5,0.0938945
228.756,1,420,0.0934564
229.622,1,419.5,0.0930121
230.488,1,419,0.0925615
231.355,1,418.5,0.0921047
232.221,1,418,0.0916395
233.087,1,417.5,0.091192
233.953,1,417,0.0907682
234.819,1,416.5,0.0903635
235.685,1,416,0.089978
236.551,1,415.5,0.0896116
237.417,1,415,0.0892642
238.283,1,414.5,0.0890887
239.149,1,414,0.0891308
240.015,1,413.5,0.0892113
240.881,1,413,0.0893303
241.747,1,412.5,0.0896279
242.613,1,412,0.0900205
243.479,1,411.5,0.0905381
244.345,1,411,0.091557
245.211,1,410.5,0.0926757
246.077,1,410,0.0938942
246.943,1,409.5,0.0952125
247.809,1,409,0.0966306
248.675,1,408.5,0.0981485
249.541,1,408,0.100303
250.407,1,407.5,0.102666
251.273,1,407,0.10562
252.139,1,406.5,0.108727
253.005,1,406,0.111892
253.871,1,405.5,0.115114
254.737,1,405,0.118592
255.603,1,404.5,0.122243
256.469,1,404,0.125853
257.335,1,403.5,0.129422
258.201,1,403,0.132949
259.067,1,402.5,0.136435
259.933,1,402,0.140028
260.799,1,401.5,0.144339
261.665,1,401,0.14856
262.531,1,400.5,0.152673
263.397,1,400,0.156678
264.263,1,399.5,0.160576
265.13,1,399,0.164366
265.996,1,398.5,0.168881
266.862,1,398,0.173544
267.728,1,397.5,0.178247
268.594,1,397,0.182993
269.46,1,396.5,0.187779
270.326,1,396,0.191768
271.192,1,395.5,0.194543
272.058,1,395,0.196774
272.924,1,394.5,0.199227
273.79,1,394,0.201901
274.656,1,393.5,0.204797
275.522,1,393,0.207914
276.388,1,392.5,0.212961
277.254,1,392,0.224483
278.12,1,391.5,0.237999
278.986,1,391,0.253599
279.852,1,390.5,0.272022
280.718,1,390,0.288636
281.584,1,389.5,0.303441
282.45,1,389,0.311921
283.316,1,388.5,0.318469
284.182,1,388,0.323406
285.048,1,387.5,0.326733
285.914,1,387,0.328449
286.78,1,386.5,0.328555
287.646,1,386,0.327124
288.512,1,385.5,0.32558
289.378,1,385,0.324414
290.244,1,384.5,0.323387
291.11,1,384,0.322499
291.976,1,383.5,0.32175
292.842,1,383,0.321347
293.708,1,382.5,0.321484
294.574,1,382,0.32165
295.44,1,381.5,0.321847
296.306,1,381,0.322075
297.172,1,380.5,0.322333
298.038,1,380,0.322604
298.905,1,379.5,0.322825
299.771,1,379,0.323042
300.637,1,378.5,0.323255
301.503,1,378,0.323463
302.369,1,377.5,0.323666
303.235,1,377,0.323865
304.101,1,376.5,0.324054
304.967,1,376,0.324258
305.833,1,375.5,0.324485
306.699,1,375,0.324733
307.565,1,374.5,0.325008
308.431,1,374,0.325301
309.297,1,373.5,0.325474
310.163,1,373,0.325473
311.029,1,372.5,0.325517
311.895,1,372,0.325608
312.761,1,371.5,0.325746
313.627,1,371,0.325929
314.493,1,370.5,0.326143
315.359,1,370,0.326069
316.225,1,369.5,0.326054
317.091,1,369,0.326072
317.957,1,368.5,0.326059
318.823,1,368,0.32607
319.689,1,367.5,0.326104
320.555,1,367,0.325959
321.421,1,366.5,0.325803
322.287,1,366,0.325715
323.153,1,365.5,0.325695
324.019,1,365,0.325744
324.885,1,364.5,0.325861
325.751,1,364,0.32578
326.617,1,363.5,0.325476
327.483,1,363,0.324875
328.349,1,362.5,0.324159
329.215,1,362,0.323328
330.081,1,361.5,0.322382
330.947,1,361,0.32031
331.813,1,360.5,0.309313
332.679,1,360,0.298439
333.546,1,359.5,0.287687
334.412,1,359,0.277057
335.278,1,358.5,0.26655
336.144,1,358,0.257352
337.01,1,357.5,0.251961
337.876,1,357,0.247007
338.742,1,356.5,0.242016
339.608,1,356,0.236989
340.474,1,355.5,0.231925
341.34,1,355,0.226826
342.206,1,354.5,0.22853
343.072,1,354,0.236379
343.938,1,353.5,0.242203
344.804,1,353,0.246002
345.67,1,352.5,0.248623
346.536,1,352,0.250738
347.402,1,351.5,0.252973
348.268,1,351,0.258357
349.134,1,350.5,0.257288
350,1,350,0.249767
350.866,1,349.5,0.235793
351.732,1,349,0.215366
352.598,1,348.5,0.188487
353.464,1,348,0.156169
354.33,1,347.5,0.127179
355.196,1,347,0.112799
356.062,1,346.5,0.107149
356.928,1,346,0.0994086
357.794,1,345.5,0.0895796
358.66,1,345,0.0882449
359.526,1,344.5,0.0954208
360.392,1,344,0.101991
361.258,1,343.5,0.107955
362.124,1,343,0.113314
362.99,1,342.5,0.118067
363.856,1,342,0.121373
364.722,1,341.5,0.121796
365.588,1,341,0.122329
366.454,1,340.5,0.122666
367.321,1,340,0.122805
368.187,1,339.5,0.122748
369.053,1,339,0.122493
369.919,1,338.5,0.122177
370.785,1,338,0.121872
371.651,1,337.5,0.121572
372.517,1,337,0.121277
373.383,1,336.5,0.120988
374.249,1,336,0.120935
375.115,1,335.5,0.120996
375.981,1,335,0.121081
376.847,1,334.5,0.121186
377.713,1,334,0.121314
378.579,1,333.5,0.121463
379.445,1,333,0.121634
380.311,1,332.5,0.121769
381.177,1,332,0.121771
382.043,1,331.5,0.1218
382.909,1,331,0.121854
383.775,1,330.5,0.121978
384.641,1,330,0.122121
385.507,1,329.5,0.122263
386.373,1,329,0.12219
387.239,1,328.5,0.122123
388.105,1,328,0.122072
388.971,1,327.5,0.122037
389.837,1,327,0.122018
390.703,1,326.5,0.122015
391.569,1,326,0.122002
392.435,1,325.5,0.12199
393.301,1,325,0.121987
394.167,1,324.5,0.121989
395.033,1,324,0.121996
395.899,1,323.5,0.122008
396.765,1,323,0.122028
397.631,1,322.5,0.122053
398.497,1,322,0.122083
399.363,1,321.5,0.122116
400.229,1,321,0.122152
401.095,1,320.5,0.122192
401.962,1,320,0.122235
402.828,1,319.5,0.122295
403.694,1,319,0.122353
404.56,1,318.5,0.122411
405.426,1,318,0.122467
406.292,1,317.5,0.122523
407.158,1,317,0.122578
408.024,1,316.5,0.122635
408.89,1,316,0.122691
409.756,1,315.5,0.122746
410.622,1,315,0.122799
411.488,1,314.5,0.122852
412.354,1,314,0.122904
413.22,1,313.5,0.122953
414.086,1,313,0.122999
414.952,1,312.5,0.123042
415.818,1,312,0.123082
416.684,1,311.5,0.12312
417.55,1,311,0.123155
418.416,1,310.5,0.123188
419.282,1,310,0.123208
420.148,1,309.5,0.123226
421.014,1,309,0.123242
421.88,1,308.5,0.123255
422.746,1,308,0.123266
423.612,1,307.5,0.123275
424.478,1,307,0.123271
425.344,1,306.5,0.123262
426.21,1,306,0.123251
427.076,1,305.5,0.123236
427.942,1,305,0.123219
428.808,1,304.5,0.123199
429.674,1,304,0.123169
430.54,1,303.5,0.123129
431.406,1,303,0.123086
432.272,1,302.5,0.123041
433.138,1,302,0.122993
434.004,1,301.5,0.122942
434.87,1,301,0.122886
435.737,1,300.5,0.122814
436.603,1,300,0.122739
437.469,1,299.5,0.122662
438.335,1,299,0.122582
439.201,1,298.5,0.122499
440.067,1,298,0.122413
440.933,1,297.5,0.12232
441.799,1,297,0.122221
442.665,1,296.5,0.12212
443.531,1,296,0.122017
444.397,1,295.5,0.121911
445.263,1,295,0.121803
446.129,1,294.5,0.121685
446.995,1,294,0.121558
447.861,1,293.5,0.121429
448.727,1,293,0.121297
449.593,1,292.5,0.121166
450.459,1,292,0.121046
451.325,1,291.5,0.120921
452.191,1,291,0.120784
453.057,1,290.5,0.120645
453.923,1,290,0.120504
454.789,1,289.5,0.120362
455.655,1,289,0.120218
456.521,1,288.5,0.120073
457.387,1,288,0.119914
458.253,1,287.5,0.119753
459.119,1,287,0.119594
459.985,1,286.5,0.119451
460.851,1,286,0.119307
461.717,1,285.5,0.119162
462.583,1,285,0.119009
463.449,1,284.5,0.11885
464.315,1,284,0.11869
465.181,1,283.5,0.11853
466.047,1,283,0.118369
466.913,1,282.5,0.118207
467.779,1,282,0.118043
468.645,1,281.5,0.117877
469.512,1,281,0.117729
470.378,1,280.5,0.117581
471.244,1,280,0.117433
472.11,1,279.5,0.117285
472.976,1,279,0.117137
473.842,1,278.5,0.116979
474.708,1,278,0.116821
475.574,1,277.5,0.116663
476.44,1,277,0.116506
477.306,1,276.5,0.116349
478.172,1,276,0.116199
479.038,1,275.5,0.116056
479.904,1,275,0.115911
480.77,1,274.5,0.115766
481.636,1,274,0.115623
482.502,1,273.5,0.11548
483.368,1,273,0.115337
484.234,1,272.5,0.115194
485.1,1,272,0.115046
485.966,1,271.5,0.114898
486.832,1,271,0.114752
487.698,1,270.5,0.114614
488.564,1,270,0.114486
489.43,1,269.5,0.114359
490.296,1,269,0.114227
491.162,1,268.5,0.114095
492.028,1,268,0.113964
492.894,1,267.5,0.113835
493.76,1,267,0.113707
494.626,1,266.5,0.113579
495.492,1,266,0.11345
496.358,1,265.5,0.11332
497.224,1,265,0.113197
498.09,1,264.5,0.113083
498.956,1,264,0.11297
499.822,1,263.5,0.112858
500.688,1,263,0.112746
501.554,1,262.5,0.112632
502.42,1,262,0.11252
503.286,1,261.5,0.112409
504.153,1,261,0.112299
505.019,1,260.5,0.11219
505.885,1,260,0.112083
506.751,1,259.5,0.111981
507.617,1,259,0.111888
508.483,1,258.5,0.111795
509.349,1,258,0.111704
510.215,1,257.5,0.111614
511.081,1,257,0.111525
511.947,1,256.5,0.111436
512.813,1,256,0.111347
513.679,1,255.5,0.11126
514.545,1,255,0.111174
515.411,1,254.5,0.111089
516.277,1,254,0.111012
517.143,1,253.5,0.110941
518.009,1,253,0.11087
518.875,1,252.5,0.1108
519.741,1,252,0.110731
520.607,1,251.5,0.110663
521.473,1,251,0.110596
522.339,1,250.5,0.110531
523.205,1,250,0.110466
524.071,1,249.5,0.110402
524.937,1,249,0.110339
525.803,1,248.5,0.110282
526.669,1,248,0.110228
527.535,1,247.5,0.110176
528.401,1,247,0.110124
529.267,1,246.5,0.110073
530.133,1,246,0.110023
530.999,1,245.5,0.109974
531.865,1,245,0.109927
532.731,1,244.5,0.10988
533.597,1,244,0.109834
534.463,1,243.5,0.10979
535.329,1,243,0.10975
536.195,1,242.5,0.109713
537.061,1,242,0.109676
537.928,1,241.5,0.10964
538.794,1,241,0.109606
539.66,1,240.5,0.109572
540.526,1,240,0.10954
541.392,1,239.5,0.109508
542.258,1,239,0.109477
543.124,1,238.5,0.109448
543.99,1,238,0.109418
544.856,1,237.5,0.109393
545.722,1,237,0.10937
546.588,1,236.5,0.109347
547.454,1,236,0.109325
548.32,1,235.5,0.109303
549.186,1,235,0.109282
550.052,1,234.5,0.109262
550.918,1,234,0.109243
551.784,1,233.5,0.109224
552.65,1,233,0.109207
553.516,1,232.5,0.109189
554.382,1,232,0.109175
555.248,1,231.5,0.109161
556.114,1,231,0.109149
556.98,1,230.5,0.109138
557.846,1,230,0.109127
558.712,1,229.5,0.109116
559.578,1,229,0.109105
560.444,1,228.5,0.109095
561.31,1,228,0.109086
562.176,1,227.5,0.109078
563.042,1,227,0.10907
563.908,1,226.5,0.109063
564.774,1,226,0.109056
565.64,1,225.5,0.109049
566.506,1,225,0.109043
567.372,1,224.5,0.109038
568.238,1,224,0.109033
569.104,1,223.5,0.109028
569.97,1,223,0.109024
570.836,1,222.5,0.10902
571.703,1,222,0.109016
572.569,1,221.5,0.109013
573.435,1,221,0.10901
574.301,1,220.5,0.109008
575.167,1,220,0.109006
576.033,1,219.5,0.109005
576.899,1,219,0.109003
577.765,1,218.5,0.109002
578.631,1,218,0.109002
579.497,1,217.5,0.109001
580.363,1,217,0.109001
581.229,1,216.5,0.109001
582.095,1,216,0.109001
582.961,1,215.5,0.109001
583.827,1,215,0.109002
584.693,1,214.5,0.109003
585.559,1,214,0.109004
586.425,1,213.5,0.109004
587.291,1,213,0.109005
588.157,1,212.5,0.109007
589.023,1,212,0.109008
589.889,1,211.5,0.10901
590.755,1,211,0.109012
591.621,1,210.5,0.109014
592.487,1,210,0.109015
593.353,1,209.5,0.109017
594.219,1,209,0.109019
595.085,1,208.5,0.109021
595.951,1,208,0.109024
596.817,1,207.5,0.109026
597.683,1,207,0.109028
598.549,1,206.5,0.10903
599.415,1,206,0.109033
600.281,1,205.5,0.109035
601.147,1,205,0.109038
602.013,1,204.5,0.10904
602.879,1,204,0.109042
603.745,1,203.5,0.109045
604.611,1,203,0.109047
605.477,1,202.5,0.10905
606.344,1,202,0.109052
607.21,1,201.5,0.109055
608.076,1,201,0.109057
608.942,1,200.5,0.10906
609.808,1,200,0.109063
