x,y,z,b
90.1924,1,500,0.109088
91.0584,1,499.5,0.109088
91.9244,1,499,0.109088
92.7905,1,498.5,0.109088
93.6565,1,498,0.109088
94.5225,1,497.5,0.109088
95.3885,1,497,0.109088
96.2546,1,496.5,0.109088
97.1206,1,496,0.109088
97.9866,1,495.5,0.109088
98.8526,1,495,0.109088
99.7187,1,494.5,0.109088
100.585,1,494,0.109088
101.451,1,493.5,0.109088
102.317,1,493,0.109088
103.183,1,492.5,0.109088
104.049,1,492,0.109088
104.915,1,491.5,0.109088
105.781,1,491,0.109088
106.647,1,490.5,0.109088
107.513,1,490,0.109088
108.379,1,489.5,0.109088
109.245,1,489,0.109088
110.111,1,488.5,0.109088
110.977,1,488,0.109088
111.843,1,487.5,0.109088
112.709,1,487,0.109088
113.575,1,486.5,0.109088
114.441,1,486,0.109088
115.307,1,485.5,0.109088
116.173,1,485,0.109088
117.039,1,484.5,0.109088
117.905,1,484,0.109088
118.771,1,483.5,0.109088
119.637,1,483,0.109088
120.503,1,482.5,0.109088
121.369,1,482,0.109088
122.235,1,481.5,0.109088
123.101,1,481,0.109088
123.967,1,480.5,0.109088
124.833,1,480,0.109088
125.699,1,479.5,0.109088
126.565,1,479,0.109088
127.431,1,478.5,0.109088
128.297,1,478,0.109088
129.164,1,477.5,0.109088
130.03,1,477,0.109088
130.896,1,476.5,0.109088
131.762,1,476,0.109088
132.628,1,475.5,0.109088
133.494,1,475,0.109088
134.36,1,474.5,0.109088
135.226,1,474,0.109088
136.092,1,473.5,0.109088
136.958,1,473,0.109088
137.824,1,472.5,0.109088
138.69,1,472,0.109088
139.556,1,471.5,0.109088
140.422,1,471,0.109088
141.288,1,470.5,0.109088
142.154,1,470,0.109088
143.02,1,469.5,0.109088
143.886,1,469,0.109088
144.752,1,468.5,0.109088
145.618,1,468,0.109088
146.484,1,467.5,0.109088
147.35,1,467,0.109088
148.216,1,466.5,0.109088
149.082,1,466,0.109089
149.948,1,465.5,0.109089
150.814,1,465,0.109089
151.68,1,464.5,0.109089
152.546,1,464,0.109089
153.412,1,463.5,0.109089
154.278,1,463,0.109089
155.144,1,462.5,0.109089
156.01,1,462,0.109089
156.876,1,461.5,0.109089
157.742,1,461,0.109089
158.608,1,460.5,0.109089
159.474,1,460,0.109089
160.34,1,459.5,0.109089
161.206,1,459,0.109089
162.072,1,458.5,0.109089
162.939,1,458,0.109089
163.805,1,457.5,0.109089
164.671,1,457,0.109089
165.537,1,456.5,0.109089
166.403,1,456,0.109089
167.269,1,455.5,0.109089
168.135,1,455,0.109089
169.001,1,454.5,0.109089
169.867,1,454,0.109089
170.733,1,453.5,0.109089
171.599,1,453,0.109089
172.465,1,452.5,0.109089
173.331,1,452,0.109089
174.197,1,451.5,0.109089
175.063,1,451,0.109089
175.929,1,450.5,0.109089
176.795,1,450,0.109089
177.661,1,449.5,0.109089
178.527,1,449,0.109089
179.393,1,448.5,0.109089
180.259,1,448,0.109089
181.125,1,447.5,0.109089
181.991,1,447,0.109089
182.857,1,446.5,0.109089
183.723,1,446,0.109089
184.589,1,445.5,0.109089
185.455,1,445,0.109089
186.321,1,444.5,0.109089
187.187,1,444,0.109089
188.053,1,443.5,0.109089
188.919,1,443,0.109089
189.785,1,442.5,0.109089
190.651,1,442,0.109089
191.517,1,441.5,0.109089
192.383,1,441,0.109089
193.249,1,440.5,0.109089
194.115,1,440,0.109089
194.981,1,439.5,0.109089
195.847,1,439,0.109089
196.714,1,438.5,0.109089
197.58,1,438,0.109089
198.446,1,437.5,0.109089
199.312,1,437,0.109089
200.178,1,436.5,0.109089
201.044,1,436,0.109089
201.91,1,435.5,0.109089
202.776,1,435,0.109089
203.642,1,434.5,0.109089
204.508,1,434,0.109089
205.374,1,433.5,0.109089
206.24,1,433,0.109089
207.106,1,432.5,0.109089
207.972,1,432,0.109089
208.838,1,431.5,0.109089
209.704,1,431,0.109089
210.57,1,430.5,0.109089
211.436,1,430,0.109089
212.302,1,429.5,0.109089
213.168,1,429,0.109089
214.034,1,428.5,0.109089
214.9,1,428,0.109089
215.766,1,427.5,0.109089
216.632,1,427,0.109089
217.498,1,426.5,0.109089
218.364,1,426,0.109089
219.23,1,425.5,0.109089
220.096,1,425,0.109089
220.962,1,424.5,0.109089
221.828,1,424,0.109089
222.694,1,423.5,0.10909
223.56,1,423,0.10909
224.426,1,422.5,0.10909
225.292,1,422,0.10909
226.158,1,421.5,0.10909
227.024,1,421,0.10909
227.89,1,420.5,0.10909
228.756,1,420,0.10909
229.622,1,419.5,0.10909
230.488,1,419,0.10909
231.355,1,418.5,0.10909
232.221,1,418,0.10909
233.087,1,417.5,0.10909
233.953,1,417,0.10909
234.819,1,416.5,0.10909
235.685,1,416,0.10909
236.551,1,415.5,0.10909
237.417,1,415,0.10909
238.283,1,414.5,0.10909
239.149,1,414,0.109091
240.015,1,413.5,0.109091
240.881,1,413,0.109091
241.747,1,412.5,0.109091
242.613,1,412,0.109091
243.479,1,411.5,0.109091
244.345,1,411,0.109091
245.211,1,410.5,0.109091
246.077,1,410,0.109091
246.943,1,409.5,0.109091
247.809,1,409,0.109092
248.675,1,408.5,0.109092
249.541,1,408,0.109092
250.407,1,407.5,0.109092
251.273,1,407,0.109092
252.139,1,406.5,0.109092
253.005,1,406,0.109092
253.871,1,405.5,0.109093
254.737,1,405,0.109093
255.603,1,404.5,0.109093
256.469,1,404,0.109093
257.335,1,403.5,0.109093
258.201,1,403,0.109093
259.067,1,402.5,0.109094
259.933,1,402,0.109094
260.799,1,401.5,0.109094
261.665,1,401,0.109094
262.531,1,400.5,0.109094
263.397,1,400,0.109094
264.263,1,399.5,0.109095
265.13,1,399,0.109095
265.996,1,398.5,0.109095
266.862,1,398,0.109095
267.728,1,397.5,0.109095
268.594,1,397,0.109095
269.46,1,396.5,0.109096
270.326,1,396,0.109096
271.192,1,395.5,0.109096
272.058,1,395,0.109096
272.924,1,394.5,0.109096
273.79,1,394,0.109096
274.656,1,393.5,0.109096
275.522,1,393,0.109096
276.388,1,392.5,0.109096
277.254,1,392,0.109097
278.12,1,391.5,0.109097
278.986,1,391,0.109097
279.852,1,390.5,0.109097
280.718,1,390,0.109097
281.584,1,389.5,0.109097
282.45,1,389,0.109097
283.316,1,388.5,0.109097
284.182,1,388,0.109097
285.048,1,387.5,0.109097
285.914,1,387,0.109097
286.78,1,386.5,0.109097
287.646,1,386,0.109097
288.512,1,385.5,0.109097
289.378,1,385,0.109097
290.244,1,384.5,0.109097
291.11,1,384,0.109097
291.976,1,383.5,0.109097
292.842,1,383,0.109098
293.708,1,382.5,0.109098
294.574,1,382,0.109099
295.44,1,381.5,0.109099
296.306,1,381,0.1091
297.172,1,380.5,0.1091
298.038,1,380,0.109101
298.905,1,379.5,0.109102
299.771,1,379,0.109102
300.637,1,378.5,0.109103
301.503,1,378,0.109104
302.369,1,377.5,0.109104
303.235,1,377,0.109105
304.101,1,376.5,0.109105
304.967,1,376,0.109104
305.833,1,375.5,0.109104
306.699,1,375,0.109103
307.565,1,374.5,0.109102
308.431,1,374,0.109101
309.297,1,373.5,0.1091
310.163,1,373,0.109099
311.029,1,372.5,0.109098
311.895,1,372,0.109096
312.761,1,371.5,0.109095
313.627,1,371,0.109093
314.493,1,370.5,0.109091
315.359,1,370,0.109093
316.225,1,369.5,0.109096
317.091,1,369,0.109097
317.957,1,368.5,0.109091
318.823,1,368,0.109085
319.689,1,367.5,0.109079
320.555,1,367,0.109077
321.421,1,366.5,0.109076
322.287,1,366,0.109075
323.153,1,365.5,0.109072
324.019,1,365,0.109069
324.885,1,364.5,0.109064
325.751,1,364,0.109075
326.617,1,363.5,0.109112
327.483,1,363,0.109155
328.349,1,362.5,0.1092
329.215,1,362,0.109247
330.081,1,361.5,0.109296
330.947,1,361,0.10935
331.813,1,360.5,0.109431
332.679,1,360,0.109514
333.546,1,359.5,0.1096
334.412,1,359,0.109689
335.278,1,358.5,0.10978
336.144,1,358,0.109887
337.01,1,357.5,0.110008
337.876,1,357,0.110171
338.742,1,356.5,0.110384
339.608,1,356,0.110646
340.474,1,355.5,0.110958
341.34,1,355,0.11132
342.206,1,354.5,0.111866
343.072,1,354,0.112695
343.938,1,353.5,0.113683
344.804,1,353,0.114831
345.67,1,352.5,0.115792
346.536,1,352,0.116358
347.402,1,351.5,0.116859
348.268,1,351,0.117132
349.134,1,350.5,0.117091
350,1,350,0.116737
350.866,1,349.5,0.11607
351.732,1,349,0.115088
352.598,1,348.5,0.113793
353.464,1,348,0.111817
354.33,1,347.5,0.110078
355.196,1,347,0.109091
356.062,1,346.5,0.108603
356.928,1,346,0.108201
357.794,1,345.5,0.107886
358.66,1,345,0.107924
359.526,1,344.5,0.108194
360.392,1,344,0.108429
361.258,1,343.5,0.10863
362.124,1,343,0.108795
362.99,1,342.5,0.108927
363.856,1,342,0.109024
364.722,1,341.5,0.109043
365.588,1,341,0.109023
366.454,1,340.5,0.109009
367.321,1,340,0.109
368.187,1,339.5,0.108997
369.053,1,339,0.109
369.919,1,338.5,0.108996
370.785,1,338,0.108994
371.651,1,337.5,0.108995
372.517,1,337,0.108999
373.383,1,336.5,0.109007
374.249,1,336,0.109031
375.115,1,335.5,0.109056
375.981,1,335,0.109076
376.847,1,334.5,0.109096
377.713,1,334,0.109114
378.579,1,333.5,0.109132
379.445,1,333,0.109149
380.311,1,332.5,0.109158
381.177,1,332,0.109149
382.043,1,331.5,0.109141
382.909,1,331,0.109134
383.775,1,330.5,0.109129
384.641,1,330,0.109125
385.507,1,329.5,0.109122
386.373,1,329,0.109117
387.239,1,328.5,0.109112
388.105,1,328,0.109108
388.971,1,327.5,0.109104
389.837,1,327,0.109101
390.703,1,326.5,0.109098
391.569,1,326,0.109094
392.435,1,325.5,0.109091
393.301,1,325,0.109089
394.167,1,324.5,0.109088
395.033,1,324,0.109087
395.899,1,323.5,0.109087
396.765,1,323,0.109086
397.631,1,322.5,0.109086
398.497,1,322,0.109086
399.363,1,321.5,0.109085
400.229,1,321,0.109085
401.095,1,320.5,0.109085
401.962,1,320,0.109085
402.828,1,319.5,0.109085
403.694,1,319,0.109085
404.56,1,318.5,0.109085
405.426,1,318,0.109085
406.292,1,317.5,0.109085
407.158,1,317,0.109085
408.024,1,316.5,0.109085
408.89,1,316,0.109085
409.756,1,315.5,0.109085
410.622,1,315,0.109085
411.488,1,314.5,0.109085
412.354,1,314,0.109085
413.22,1,313.5,0.109084
414.086,1,313,0.109084
414.952,1,312.5,0.109084
415.818,1,312,0.109084
416.684,1,311.5,0.109084
417.55,1,311,0.109084
418.416,1,310.5,0.109084
419.282,1,310,0.109084
420.148,1,309.5,0.109084
421.014,1,309,0.109084
421.88,1,308.5,0.109084
422.746,1,308,0.109084
423.612,1,307.5,0.109084
424.478,1,307,0.109084
425.344,1,306.5,0.109084
426.21,1,306,0.109084
427.076,1,305.5,0.109084
427.942,1,305,0.109084
428.808,1,304.5,0.109084
429.674,1,304,0.109084
430.54,1,303.5,0.109084
431.406,1,303,0.109084
432.272,1,302.5,0.109085
433.138,1,302,0.109085
434.004,1,301.5,0.109085
434.87,1,301,0.109085
435.737,1,300.5,0.109085
436.603,1,300,0.109085
437.469,1,299.5,0.109085
438.335,1,299,0.109085
439.201,1,298.5,0.109085
440.067,1,298,0.109085
440.933,1,297.5,0.109085
441.799,1,297,0.109085
442.665,1,296.5,0.109085
443.531,1,296,0.109086
444.397,1,295.5,0.109086
445.263,1,295,0.109086
446.129,1,294.5,0.109086
446.995,1,294,0.109086
447.861,1,293.5,0.109086
448.727,1,293,0.109086
449.593,1,292.5,0.109086
450.459,1,292,0.109086
451.325,1,291.5,0.109086
452.191,1,291,0.109086
453.057,1,290.5,0.109086
453.923,1,290,0.109086
454.789,1,289.5,0.109086
455.655,1,289,0.109086
456.521,1,288.5,0.109087
457.387,1,288,0.109087
458.253,1,287.5,0.109087
459.119,1,287,0.109087
459.985,1,286.5,0.109087
460.851,1,286,0.109087
461.717,1,285.5,0.109087
462.583,1,285,0.109087
463.449,1,284.5,0.109087
464.315,1,284,0.109087
465.181,1,283.5,0.109087
466.047,1,283,0.109087
466.913,1,282.5,0.109087
467.779,1,282,0.109087
468.645,1,281.5,0.109087
469.512,1,281,0.109087
470.378,1,280.5,0.109087
471.244,1,280,0.109087
472.11,1,279.5,0.109087
472.976,1,279,0.109087
473.842,1,278.5,0.109087
474.708,1,278,0.109087
475.574,1,277.5,0.109087
476.44,1,277,0.109087
477.306,1,276.5,0.109087
478.172,1,276,0.109087
479.038,1,275.5,0.109087
479.904,1,275,0.109088
480.77,1,274.5,0.109088
481.636,1,274,0.109088
482.502,1,273.5,0.109088
483.368,1,273,0.109088
484.234,1,272.5,0.109088
485.1,1,272,0.109088
485.966,1,271.5,0.109088
486.832,1,271,0.109088
487.698,1,270.5,0.109088
488.564,1,270,0.109088
489.43,1,269.5,0.109088
490.296,1,269,0.109088
491.162,1,268.5,0.109088
492.028,1,268,0.109088
492.894,1,267.5,0.109088
493.76,1,267,0.109088
494.626,1,266.5,0.109088
495.492,1,266,0.109088
496.358,1,265.5,0.109088
497.224,1,265,0.109088
498.09,1,264.5,0.109088
498.956,1,264,0.109088
499.822,1,263.5,0.109088
500.688,1,263,0.109088
501.554,1,262.5,0.109088
502.42,1,262,0.109088
503.286,1,261.5,0.109088
504.153,1,261,0.109088
505.019,1,260.5,0.109088
505.885,1,260,0.109088
506.751,1,259.5,0.109088
507.617,1,259,0.109088
508.483,1,258.5,0.109088
509.349,1,258,0.109088
510.215,1,257.5,0.109088
511.081,1,257,0.109088
511.947,1,256.5,0.109088
512.813,1,256,0.109088
513.679,1,255.5,0.109088
514.545,1,255,0.109088
515.411,1,254.5,0.109088
516.277,1,254,0.109088
517.143,1,253.5,0.109088
518.009,1,253,0.109088
518.875,1,252.5,0.109088
519.741,1,252,0.109088
520.607,1,251.5,0.109088
521.473,1,251,0.109088
522.339,1,250.5,0.109088
523.205,1,250,0.109088
524.071,1,249.5,0.109088
524.937,1,249,0.109088
525.803,1,248.5,0.109088
526.669,1,248,0.109088
527.535,1,247.5,0.109088
528.401,1,247,0.109088
529.267,1,246.5,0.109088
530.133,1,246,0.109088
530.999,1,245.5,0.109088
531.865,1,245,0.109088
532.731,1,244.5,0.109088
533.597,1,244,0.109088
534.463,1,243.5,0.109088
535.329,1,243,0.109088
536.195,1,242.5,0.109088
537.061,1,242,0.109088
537.928,1,241.5,0.109088
538.794,1,241,0.109088
539.66,1,240.5,0.109088
540.526,1,240,0.109088
541.392,1,239.5,0.109088
542.258,1,239,0.109088
543.124,1,238.5,0.109088
543.99,1,238,0.109088
544.856,1,237.5,0.109088
545.722,1,237,0.109088
546.588,1,236.5,0.109088
547.454,1,236,0.109088
548.32,1,235.5,0.109088
549.186,1,235,0.109088
550.052,1,234.5,0.109088
550.918,1,234,0.109088
551.784,1,233.5,0.109088
552.65,1,233,0.109088
553.516,1,232.5,0.109088
554.382,1,232,0.109088
555.248,1,231.5,0.109088
556.114,1,231,0.109088
556.98,1,230.5,0.109088
557.846,1,230,0.109088
558.712,1,229.5,0.109088
559.578,1,229,0.109088
560.444,1,228.5,0.109088
561.31,1,228,0.109088
562.176,1,227.5,0.109088
563.042,1,227,0.109088
563.908,1,226.5,0.109088
564.774,1,226,0.109088
565.64,1,225.5,0.109088
566.506,1,225,0.109088
567.372,1,224.5,0.109088
568.238,1,224,0.109088
569.104,1,223.5,0.109088
569.97,1,223,0.109088
570.836,1,222.5,0.109088
571.703,1,222,0.109088
572.569,1,221.5,0.109088
573.435,1,221,0.109088
574.301,1,220.5,0.109088
575.167,1,220,0.109088
576.033,1,219.5,0.109088
576.899,1,219,0.109088
577.765,1,218.5,0.109088
578.631,1,218,0.109088
579.497,1,217.5,0.109088
580.363,1,217,0.109088
581.229,1,216.5,0.109088
582.095,1,216,0.109088
582.961,1,215.5,0.109088
583.827,1,215,0.109088
584.693,1,214.5,0.109088
585.559,1,214,0.109088
586.425,1,213.5,0.109088
587.291,1,213,0.109088
588.157,1,212.5,0.109088
589.023,1,212,0.109088
589.889,1,211.5,0.109088
590.755,1,211,0.109088
591.621,1,210.5,0.109088
592.487,1,210,0.109088
593.353,1,209.5,0.109088
594.219,1,209,0.109088
595.085,1,208.5,0.109088
595.951,1,208,0.109088
596.817,1,207.5,0.109088
597.683,1,207,0.109088
598.549,1,206.5,0.109088
599.415,1,206,0.109088
600.281,1,205.5,0.109088
601.147,1,205,0.109088
602.013,1,204.5,0.109088
602.879,1,204,0.109088
603.745,1,203.5,0.109088
604.611,1,203,0.109088
605.477,1,202.5,0.109088
606.344,1,202,0.109088
607.21,1,201.5,0.109088
608.076,1,201,0.109088
608.942,1,200.5,0.109088
609.808,1,200,0.109088
