x,y,z,b
90.1924,1,500,0.109138
91.0584,1,499.5,0.109138
91.9244,1,499,0.109139
92.7905,1,498.5,0.109139
93.6565,1,498,0.109139
94.5225,1,497.5,0.109139
95.3885,1,497,0.109139
96.2546,1,496.5,0.10914
97.1206,1,496,0.10914
97.9866,1,495.5,0.10914
98.8526,1,495,0.10914
99.7187,1,494.5,0.10914
100.585,1,494,0.109141
101.451,1,493.5,0.109141
102.317,1,493,0.109141
103.183,1,492.5,0.109141
104.049,1,492,0.109142
104.915,1,491.5,0.109142
105.781,1,491,0.109142
106.647,1,490.5,0.109142
107.513,1,490,0.109143
108.379,1,489.5,0.109143
109.245,1,489,0.109143
110.111,1,488.5,0.109143
110.977,1,488,0.109144
111.843,1,487.5,0.109144
112.709,1,487,0.109144
113.575,1,486.5,0.109144
114.441,1,486,0.109145
115.307,1,485.5,0.109145
116.173,1,485,0.109145
117.039,1,484.5,0.109145
117.905,1,484,0.109146
118.771,1,483.5,0.109146
119.637,1,483,0.109146
120.503,1,482.5,0.109147
121.369,1,482,0.109147
122.235,1,481.5,0.109147
123.101,1,481,0.109147
123.967,1,480.5,0.109148
124.833,1,480,0.109148
125.699,1,479.5,0.109148
126.565,1,479,0.109149
127.431,1,478.5,0.109149
128.297,1,478,0.109149
129.164,1,477.5,0.10915
130.03,1,477,0.10915
130.896,1,476.5,0.10915
131.762,1,476,0.109151
132.628,1,475.5,0.109151
133.494,1,475,0.109151
134.36,1,474.5,0.109152
135.226,1,474,0.109152
136.092,1,473.5,0.109152
136.958,1,473,0.109153
137.824,1,472.5,0.109153
138.69,1,472,0.109153
139.556,1,471.5,0.109154
140.422,1,471,0.109154
141.288,1,470.5,0.109155
142.154,1,470,0.109155
143.02,1,469.5,0.109155
143.886,1,469,0.109156
144.752,1,468.5,0.109156
145.618,1,468,0.109156
146.484,1,467.5,0.109157
147.35,1,467,0.109157
148.216,1,466.5,0.109158
149.082,1,466,0.109158
149.948,1,465.5,0.109159
150.814,1,465,0.109159
151.68,1,464.5,0.109159
152.546,1,464,0.10916
153.412,1,463.5,0.10916
154.278,1,463,0.109161
155.144,1,462.5,0.109161
156.01,1,462,0.109162
156.876,1,461.5,0.109162
157.742,1,461,0.109163
158.608,1,460.5,0.109163
159.474,1,460,0.109164
160.34,1,459.5,0.109164
161.206,1,459,0.109165
162.072,1,458.5,0.109165
162.939,1,458,0.109166
163.805,1,457.5,0.109167
164.671,1,457,0.109167
165.537,1,456.5,0.109168
166.403,1,456,0.109168
167.269,1,455.5,0.109169
168.135,1,455,0.10917
169.001,1,454.5,0.10917
169.867,1,454,0.109171
170.733,1,453.5,0.109172
171.599,1,453,0.109172
172.465,1,452.5,0.109173
173.331,1,452,0.109174
174.197,1,451.5,0.109174
175.063,1,451,0.109175
175.929,1,450.5,0.109176
176.795,1,450,0.109176
177.661,1,449.5,0.109177
178.527,1,449,0.109178
179.393,1,448.5,0.109179
180.259,1,448,0.109179
181.125,1,447.5,0.10918
181.991,1,447,0.109181
182.857,1,446.5,0.109182
183.723,1,446,0.109183
184.589,1,445.5,0.109184
185.455,1,445,0.109185
186.321,1,444.5,0.109186
187.187,1,444,0.109186
188.053,1,443.5,0.109187
188.919,1,443,0.109188
189.785,1,442.5,0.109189
190.651,1,442,0.109191
191.517,1,441.5,0.109192
192.383,1,441,0.109193
193.249,1,440.5,0.109194
194.115,1,440,0.109195
194.981,1,439.5,0.109196
195.847,1,439,0.109197
196.714,1,438.5,0.109199
197.58,1,438,0.1092
198.446,1,437.5,0.109201
199.312,1,437,0.109202
200.178,1,436.5,0.109204
201.044,1,436,0.109205
201.91,1,435.5,0.109206
202.776,1,435,0.109208
203.642,1,434.5,0.109209
204.508,1,434,0.109211
205.374,1,433.5,0.109212
206.24,1,433,0.109214
207.106,1,432.5,0.109216
207.972,1,432,0.109217
208.838,1,431.5,0.109219
209.704,1,431,0.109221
210.57,1,430.5,0.109222
211.436,1,430,0.109224
212.302,1,429.5,0.109226
213.168,1,429,0.109228
214.034,1,428.5,0.10923
214.9,1,428,0.109232
215.766,1,427.5,0.109234
216.632,1,427,0.109236
217.498,1,426.5,0.109238
218.364,1,426,0.10924
219.23,1,425.5,0.109242
220.096,1,425,0.109244
220.962,1,424.5,0.109247
221.828,1,424,0.109249
222.694,1,423.5,0.109251
223.56,1,423,0.109254
224.426,1,422.5,0.109257
225.292,1,422,0.109259
226.158,1,421.5,0.109262
227.024,1,421,0.109265
227.89,1,420.5,0.109268
228.756,1,420,0.109271
229.622,1,419.5,0.109274
230.488,1,419,0.109277
231.355,1,418.5,0.109281
232.221,1,418,0.109284
233.087,1,417.5,0.109287
233.953,1,417,0.10929
234.819,1,416.5,0.109294
235.685,1,416,0.109297
236.551,1,415.5,0.1093
237.417,1,415,0.109304
238.283,1,414.5,0.109308
239.149,1,414,0.109312
240.015,1,413.5,0.109315
240.881,1,413,0.109319
241.747,1,412.5,0.109324
242.613,1,412,0.109329
243.479,1,411.5,0.109333
244.345,1,411,0.109338
245.211,1,410.5,0.109343
246.077,1,410,0.109348
246.943,1,409.5,0.109353
247.809,1,409,0.109358
248.675,1,408.5,0.109363
249.541,1,408,0.109369
250.407,1,407.5,0.109375
251.273,1,407,0.109381
252.139,1,406.5,0.109386
253.005,1,406,0.109392
253.871,1,405.5,0.109398
254.737,1,405,0.109404
255.603,1,404.5,0.109409
256.469,1,404,0.109415
257.335,1,403.5,0.10942
258.201,1,403,0.109426
259.067,1,402.5,0.109432
259.933,1,402,0.109438
260.799,1,401.5,0.109446
261.665,1,401,0.109455
262.531,1,400.5,0.109463
263.397,1,400,0.109472
264.263,1,399.5,0.109481
265.13,1,399,0.109491
265.996,1,398.5,0.109499
266.862,1,398,0.109507
267.728,1,397.5,0.109515
268.594,1,397,0.109523
269.46,1,396.5,0.109532
270.326,1,396,0.109539
271.192,1,395.5,0.109548
272.058,1,395,0.109557
272.924,1,394.5,0.109566
273.79,1,394,0.109575
274.656,1,393.5,0.109585
275.522,1,393,0.109594
276.388,1,392.5,0.109603
277.254,1,392,0.109607
278.12,1,391.5,0.109611
278.986,1,391,0.109615
279.852,1,390.5,0.109623
280.718,1,390,0.109631
281.584,1,389.5,0.109639
282.45,1,389,0.10965
283.316,1,388.5,0.109661
284.182,1,388,0.109673
285.048,1,387.5,0.109686
285.914,1,387,0.109699
286.78,1,386.5,0.109712
287.646,1,386,0.109718
288.512,1,385.5,0.109718
289.378,1,385,0.109713
290.244,1,384.5,0.109707
291.11,1,384,0.109702
291.976,1,383.5,0.109696
292.842,1,383,0.109689
293.708,1,382.5,0.10968
294.574,1,382,0.10967
295.44,1,381.5,0.10966
296.306,1,381,0.109649
297.172,1,380.5,0.109638
298.038,1,380,0.109628
298.905,1,379.5,0.109602
299.771,1,379,0.109574
300.637,1,378.5,0.109546
301.503,1,378,0.109518
302.369,1,377.5,0.109488
303.235,1,377,0.109458
304.101,1,376.5,0.109408
304.967,1,376,0.109346
305.833,1,375.5,0.109281
306.699,1,375,0.109213
307.565,1,374.5,0.10914
308.431,1,374,0.109059
309.297,1,373.5,0.10897
310.163,1,373,0.10887
311.029,1,372.5,0.10877
311.895,1,372,0.108668
312.761,1,371.5,0.108566
313.627,1,371,0.108464
314.493,1,370.5,0.108352
315.359,1,370,0.10806
316.225,1,369.5,0.107753
317.091,1,369,0.107425
317.957,1,368.5,0.10706
318.823,1,368,0.106669
319.689,1,367.5,0.106253
320.555,1,367,0.106071
321.421,1,366.5,0.105993
322.287,1,366,0.105928
323.153,1,365.5,0.105876
324.019,1,365,0.105837
324.885,1,364.5,0.105812
325.751,1,364,0.105209
326.617,1,363.5,0.103721
327.483,1,363,0.102117
328.349,1,362.5,0.100362
329.215,1,362,0.0984551
330.081,1,361.5,0.0963966
330.947,1,361,0.0946098
331.813,1,360.5,0.0966319
332.679,1,360,0.0989031
333.546,1,359.5,0.101424
334.412,1,359,0.104193
335.278,1,358.5,0.107212
336.144,1,358,0.110078
337.01,1,357.5,0.105968
337.876,1,357,0.0998493
338.742,1,356.5,0.0934158
339.608,1,356,0.0866678
340.474,1,355.5,0.0796055
341.34,1,355,0.0722287
342.206,1,354.5,0.069279
343.072,1,354,0.0702302
343.938,1,353.5,0.0693922
344.804,1,353,0.0667651
345.67,1,352.5,0.0621907
346.536,1,352,0.0545126
347.402,1,351.5,0.0479323
348.268,1,351,0.0620434
349.134,1,350.5,0.0733215
350,1,350,0.0817665
350.866,1,349.5,0.0873785
351.732,1,349,0.0901574
352.598,1,348.5,0.0901033
353.464,1,348,0.079293
354.33,1,347.5,0.0709778
355.196,1,347,0.0727933
356.062,1,346.5,0.0803332
356.928,1,346,0.0875314
357.794,1,345.5,0.0943878
358.66,1,345,0.0991608
359.526,1,344.5,0.102564
360.392,1,344,0.10632
361.258,1,343.5,0.110427
362.124,1,343,0.114886
362.99,1,342.5,0.119697
363.856,1,342,0.123925
364.722,1,341.5,0.125054
365.588,1,341,0.126219
366.454,1,340.5,0.127216
367.321,1,340,0.128046
368.187,1,339.5,0.128709
369.053,1,339,0.129204
369.919,1,338.5,0.129706
370.785,1,338,0.130161
371.651,1,337.5,0.130555
372.517,1,337,0.130888
373.383,1,336.5,0.131161
374.249,1,336,0.131375
375.115,1,335.5,0.131391
375.981,1,335,0.131228
376.847,1,334.5,0.130977
377.713,1,334,0.130639
378.579,1,333.5,0.130214
379.445,1,333,0.129703
380.311,1,332.5,0.1291
381.177,1,332,0.128407
382.043,1,331.5,0.127636
382.909,1,331,0.126789
383.775,1,330.5,0.126343
384.641,1,330,0.126043
385.507,1,329.5,0.125706
386.373,1,329,0.125093
387.239,1,328.5,0.124454
388.105,1,328,0.123802
388.971,1,327.5,0.123137
389.837,1,327,0.122459
390.703,1,326.5,0.121767
391.569,1,326,0.120991
392.435,1,325.5,0.120154
393.301,1,325,0.119524
394.167,1,324.5,0.118957
395.033,1,324,0.118394
395.899,1,323.5,0.117832
396.765,1,323,0.117258
397.631,1,322.5,0.116662
398.497,1,322,0.116084
399.363,1,321.5,0.115523
400.229,1,321,0.114979
401.095,1,320.5,0.114453
401.962,1,320,0.113943
402.828,1,319.5,0.113547
403.694,1,319,0.113187
404.56,1,318.5,0.112835
405.426,1,318,0.112494
406.292,1,317.5,0.112161
407.158,1,317,0.111838
408.024,1,316.5,0.111544
408.89,1,316,0.111269
409.756,1,315.5,0.111003
410.622,1,315,0.110748
411.488,1,314.5,0.110502
412.354,1,314,0.110313
413.22,1,313.5,0.110143
414.086,1,313,0.109991
414.952,1,312.5,0.109845
415.818,1,312,0.109706
416.684,1,311.5,0.109573
417.55,1,311,0.109447
418.416,1,310.5,0.109329
419.282,1,310,0.109246
420.148,1,309.5,0.109168
421.014,1,309,0.109095
421.88,1,308.5,0.109041
422.746,1,308,0.10899
423.612,1,307.5,0.108942
424.478,1,307,0.108909
425.344,1,306.5,0.108882
426.21,1,306,0.108857
427.076,1,305.5,0.108834
427.942,1,305,0.108813
428.808,1,304.5,0.108794
429.674,1,304,0.108781
430.54,1,303.5,0.108775
431.406,1,303,0.108771
432.272,1,302.5,0.108767
433.138,1,302,0.108764
434.004,1,301.5,0.108762
434.87,1,301,0.10876
435.737,1,300.5,0.108764
436.603,1,300,0.108768
437.469,1,299.5,0.108772
438.335,1,299,0.108776
439.201,1,298.5,0.10878
440.067,1,298,0.108784
440.933,1,297.5,0.10879
441.799,1,297,0.108796
442.665,1,296.5,0.108802
443.531,1,296,0.108808
444.397,1,295.5,0.108815
445.263,1,295,0.10882
446.129,1,294.5,0.108827
446.995,1,294,0.108835
447.861,1,293.5,0.108842
448.727,1,293,0.10885
449.593,1,292.5,0.108857
450.459,1,292,0.108863
451.325,1,291.5,0.108869
452.191,1,291,0.108877
453.057,1,290.5,0.108884
453.923,1,290,0.108891
454.789,1,289.5,0.108898
455.655,1,289,0.108904
456.521,1,288.5,0.108911
457.387,1,288,0.108918
458.253,1,287.5,0.108925
459.119,1,287,0.108932
459.985,1,286.5,0.108937
460.851,1,286,0.108942
461.717,1,285.5,0.108946
462.583,1,285,0.108951
463.449,1,284.5,0.108957
464.315,1,284,0.108962
465.181,1,283.5,0.108967
466.047,1,283,0.108972
466.913,1,282.5,0.108976
467.779,1,282,0.108981
468.645,1,281.5,0.108986
469.512,1,281,0.10899
470.378,1,280.5,0.108994
471.244,1,280,0.108998
472.11,1,279.5,0.109002
472.976,1,279,0.109006
473.842,1,278.5,0.10901
474.708,1,278,0.109014
475.574,1,277.5,0.109018
476.44,1,277,0.109022
477.306,1,276.5,0.109025
478.172,1,276,0.109029
479.038,1,275.5,0.109031
479.904,1,275,0.109034
480.77,1,274.5,0.109037
481.636,1,274,0.10904
482.502,1,273.5,0.109042
483.368,1,273,0.109045
484.234,1,272.5,0.109047
485.1,1,272,0.10905
485.966,1,271.5,0.109052
486.832,1,271,0.109055
487.698,1,270.5,0.109057
488.564,1,270,0.109059
489.43,1,269.5,0.109061
490.296,1,269,0.109063
491.162,1,268.5,0.109065
492.028,1,268,0.109067
492.894,1,267.5,0.109069
493.76,1,267,0.109071
494.626,1,266.5,0.109073
495.492,1,266,0.109075
496.358,1,265.5,0.109077
497.224,1,265,0.109078
498.09,1,264.5,0.10908
498.956,1,264,0.109081
499.822,1,263.5,0.109083
500.688,1,263,0.109084
501.554,1,262.5,0.109085
502.42,1,262,0.109087
503.286,1,261.5,0.109088
504.153,1,261,0.109089
505.019,1,260.5,0.10909
505.885,1,260,0.109092
506.751,1,259.5,0.109093
507.617,1,259,0.109094
508.483,1,258.5,0.109095
509.349,1,258,0.109096
510.215,1,257.5,0.109097
511.081,1,257,0.109098
511.947,1,256.5,0.109099
512.813,1,256,0.1091
513.679,1,255.5,0.109101
514.545,1,255,0.109102
515.411,1,254.5,0.109103
516.277,1,254,0.109104
517.143,1,253.5,0.109104
518.009,1,253,0.109105
518.875,1,252.5,0.109106
519.741,1,252,0.109107
520.607,1,251.5,0.109107
521.473,1,251,0.109108
522.339,1,250.5,0.109109
523.205,1,250,0.109109
524.071,1,249.5,0.10911
524.937,1,249,0.109111
525.803,1,248.5,0.109111
526.669,1,248,0.109112
527.535,1,247.5,0.109112
528.401,1,247,0.109113
529.267,1,246.5,0.109114
530.133,1,246,0.109114
530.999,1,245.5,0.109115
531.865,1,245,0.109115
532.731,1,244.5,0.109116
533.597,1,244,0.109116
534.463,1,243.5,0.109117
535.329,1,243,0.109117
536.195,1,242.5,0.109118
537.061,1,242,0.109118
537.928,1,241.5,0.109118
538.794,1,241,0.109119
539.66,1,240.5,0.109119
540.526,1,240,0.109119
541.392,1,239.5,0.10912
542.258,1,239,0.10912
543.124,1,238.5,0.109121
543.99,1,238,0.109121
544.856,1,237.5,0.109121
545.722,1,237,0.109121
546.588,1,236.5,0.109122
547.454,1,236,0.109122
548.32,1,235.5,0.109122
549.186,1,235,0.109123
550.052,1,234.5,0.109123
550.918,1,234,0.109123
551.784,1,233.5,0.109124
552.65,1,233,0.109124
553.516,1,232.5,0.109124
554.382,1,232,0.109124
555.248,1,231.5,0.109125
556.114,1,231,0.109125
556.98,1,230.5,0.109125
557.846,1,230,0.109125
558.712,1,229.5,0.109125
559.578,1,229,0.109126
560.444,1,228.5,0.109126
561.31,1,228,0.109126
562.176,1,227.5,0.109126
563.042,1,227,0.109126
563.908,1,226.5,0.109127
564.774,1,226,0.109127
565.64,1,225.5,0.109127
566.506,1,225,0.109127
567.372,1,224.5,0.109127
568.238,1,224,0.109128
569.104,1,223.5,0.109128
569.97,1,223,0.109128
570.836,1,222.5,0.109128
571.703,1,222,0.109128
572.569,1,221.5,0.109128
573.435,1,221,0.109128
574.301,1,220.5,0.109129
575.167,1,220,0.109129
576.033,1,219.5,0.109129
576.899,1,219,0.109129
577.765,1,218.5,0.109129
578.631,1,218,0.109129
579.497,1,217.5,0.109129
580.363,1,217,0.109129
581.229,1,216.5,0.109129
582.095,1,216,0.10913
582.961,1,215.5,0.10913
583.827,1,215,0.10913
584.693,1,214.5,0.10913
585.559,1,214,0.10913
586.425,1,213.5,0.10913
587.291,1,213,0.10913
588.157,1,212.5,0.10913
589.023,1,212,0.10913
589.889,1,211.5,0.10913
590.755,1,211,0.10913
591.621,1,210.5,0.109131
592.487,1,210,0.109131
593.353,1,209.5,0.109131
594.219,1,209,0.109131
595.085,1,208.5,0.109131
595.951,1,208,0.109131
596.817,1,207.5,0.109131
597.683,1,207,0.109131
598.549,1,206.5,0.109131
599.415,1,206,0.109131
600.281,1,205.5,0.109131
601.147,1,205,0.109131
602.013,1,204.5,0.109131
602.879,1,204,0.109131
603.745,1,203.5,0.109131
604.611,1,203,0.109131
605.477,1,202.5,0.109131
606.344,1,202,0.109131
607.21,1,201.5,0.109131
608.076,1,201,0.109131
608.942,1,200.5,0.109132
609.808,1,200,0.109132
