x,y,z,b
90.1924,1,500,0.107836
91.0584,1,499.5,0.10782
91.9244,1,499,0.107803
92.7905,1,498.5,0.107786
93.6565,1,498,0.107769
94.5225,1,497.5,0.107752
95.3885,1,497,0.107734
96.2546,1,496.5,0.107714
97.1206,1,496,0.107693
97.9866,1,495.5,0.107671
98.8526,1,495,0.107649
99.7187,1,494.5,0.107627
100.585,1,494,0.107605
101.451,1,493.5,0.107581
102.317,1,493,0.107554
103.183,1,492.5,0.107526
104.049,1,492,0.107499
104.915,1,491.5,0.107471
105.781,1,491,0.107443
106.647,1,490.5,0.107414
107.513,1,490,0.107382
108.379,1,489.5,0.107349
109.245,1,489,0.107316
110.111,1,488.5,0.107283
110.977,1,488,0.10725
111.843,1,487.5,0.107216
112.709,1,487,0.107179
113.575,1,486.5,0.10714
114.441,1,486,0.107102
115.307,1,485.5,0.107063
116.173,1,485,0.107023
117.039,1,484.5,0.106983
117.905,1,484,0.106942
118.771,1,483.5,0.106898
119.637,1,483,0.106853
120.503,1,482.5,0.106808
121.369,1,482,0.106762
122.235,1,481.5,0.106716
123.101,1,481,0.10667
123.967,1,480.5,0.106619
124.833,1,480,0.106567
125.699,1,479.5,0.106515
126.565,1,479,0.106463
127.431,1,478.5,0.10641
128.297,1,478,0.106357
129.164,1,477.5,0.1063
130.03,1,477,0.106241
130.896,1,476.5,0.106181
131.762,1,476,0.106121
132.628,1,475.5,0.106061
133.494,1,475,0.106
134.36,1,474.5,0.105936
135.226,1,474,0.105867
136.092,1,473.5,0.105798
136.958,1,473,0.105729
137.824,1,472.5,0.105659
138.69,1,472,0.105588
139.556,1,471.5,0.105516
140.422,1,471,0.105437
141.288,1,470.5,0.105358
142.154,1,470,0.105277
143.02,1,469.5,0.105197
143.886,1,469,0.105115
144.752,1,468.5,0.105033
145.618,1,468,0.104943
146.484,1,467.5,0.104851
147.35,1,467,0.104758
148.216,1,466.5,0.104664
149.082,1,466,0.104569
149.948,1,465.5,0.104474
150.814,1,465,0.104373
151.68,1,464.5,0.104267
152.546,1,464,0.10416
153.412,1,463.5,0.104051
154.278,1,463,0.103942
155.144,1,462.5,0.103832
156.01,1,462,0.103719
156.876,1,461.5,0.103596
157.742,1,461,0.103472
158.608,1,460.5,0.103346
159.474,1,460,0.103219
160.34,1,459.5,0.103091
161.206,1,459,0.102962
162.072,1,458.5,0.102822
162.939,1,458,0.10268
163.805,1,457.5,0.102536
164.671,1,457,0.102391
165.537,1,456.5,0.102245
166.403,1,456,0.102096
167.269,1,455.5,0.10194
168.135,1,455,0.101776
169.001,1,454.5,0.10161
169.867,1,454,0.101443
170.733,1,453.5,0.101274
171.599,1,453,0.101103
172.465,1,452.5,0.100929
173.331,1,452,0.100746
174.197,1,451.5,0.100561
175.063,1,451,0.100374
175.929,1,450.5,0.100184
176.795,1,450,0.0999926
177.661,1,449.5,0.099799
178.527,1,449,0.0995927
179.393,1,448.5,0.0993832
180.259,1,448,0.0991717
181.125,1,447.5,0.098958
181.991,1,447,0.0987423
182.857,1,446.5,0.0985244
183.723,1,446,0.098302
184.589,1,445.5,0.0980751
185.455,1,445,0.0978452
186.321,1,444.5,0.0976131
187.187,1,444,0.0973788
188.053,1,443.5,0.0971423
188.919,1,443,0.0969044
189.785,1,442.5,0.0966666
190.651,1,442,0.096427
191.517,1,441.5,0.0961856
192.383,1,441,0.0959423
193.249,1,440.5,0.0956973
194.115,1,440,0.0954501
194.981,1,439.5,0.0952175
195.847,1,439,0.0949846
196.714,1,438.5,0.0947508
197.58,1,438,0.0945162
198.446,1,437.5,0.0942808
199.312,1,437,0.0940446
200.178,1,436.5,0.093845
201.044,1,436,0.0936684
201.91,1,435.5,0.0934958
202.776,1,435,0.0933272
203.642,1,434.5,0.0931745
204.508,1,434,0.0930417
205.374,1,433.5,0.0929632
206.24,1,433,0.0929839
207.106,1,432.5,0.0930225
207.972,1,432,0.093079
208.838,1,431.5,0.0931533
209.704,1,431,0.0932454
210.57,1,430.5,0.0933608
211.436,1,430,0.0937002
212.302,1,429.5,0.0940709
213.168,1,429,0.0945516
214.034,1,428.5,0.0951382
214.9,1,428,0.0957822
215.766,1,427.5,0.0964835
216.632,1,427,0.0974543
217.498,1,426.5,0.0985858
218.364,1,426,0.0997953
219.23,1,425.5,0.101083
220.096,1,425,0.102448
220.962,1,424.5,0.103891
221.828,1,424,0.105514
222.694,1,423.5,0.107718
223.56,1,423,0.110225
224.426,1,422.5,0.112864
225.292,1,422,0.115635
226.158,1,421.5,0.118538
227.024,1,421,0.121558
227.89,1,420.5,0.124503
228.756,1,420,0.127512
229.622,1,419.5,0.130584
230.488,1,419,0.13372
231.355,1,418.5,0.13692
232.221,1,418,0.140524
233.087,1,417.5,0.143748
233.953,1,417,0.146754
234.819,1,416.5,0.149693
235.685,1,416,0.152565
236.551,1,415.5,0.15537
237.417,1,415,0.158109
238.283,1,414.5,0.160488
239.149,1,414,0.162412
240.015,1,413.5,0.16422
240.881,1,413,0.165914
241.747,1,412.5,0.167496
242.613,1,412,0.16896
243.479,1,411.5,0.170308
244.345,1,411,0.171537
245.211,1,410.5,0.172605
246.077,1,410,0.173513
246.943,1,409.5,0.17426
247.809,1,409,0.174847
248.675,1,408.5,0.175273
249.541,1,408,0.176066
250.407,1,407.5,0.176907
251.273,1,407,0.177404
252.139,1,406.5,0.177823
253.005,1,406,0.178217
253.871,1,405.5,0.178587
254.737,1,405,0.179242
255.603,1,404.5,0.180223
256.469,1,404,0.181252
257.335,1,403.5,0.182327
258.201,1,403,0.18345
259.067,1,402.5,0.184619
259.933,1,402,0.185978
260.799,1,401.5,0.18756
261.665,1,401,0.18916
262.531,1,400.5,0.190822
263.397,1,400,0.192548
264.263,1,399.5,0.194338
265.13,1,399,0.19619
265.996,1,398.5,0.198013
266.862,1,398,0.199949
267.728,1,397.5,0.202014
268.594,1,397,0.204208
269.46,1,396.5,0.206533
270.326,1,396,0.208869
271.192,1,395.5,0.211023
272.058,1,395,0.213095
272.924,1,394.5,0.215261
273.79,1,394,0.217523
274.656,1,393.5,0.219879
275.522,1,393,0.222331
276.388,1,392.5,0.224829
277.254,1,392,0.227152
278.12,1,391.5,0.229369
278.986,1,391,0.231454
279.852,1,390.5,0.232724
280.718,1,390,0.234
281.584,1,389.5,0.235283
282.45,1,389,0.236149
283.316,1,388.5,0.237156
284.182,1,388,0.238342
285.048,1,387.5,0.239706
285.914,1,387,0.241248
286.78,1,386.5,0.242967
287.646,1,386,0.245518
288.512,1,385.5,0.249001
289.378,1,385,0.254936
290.244,1,384.5,0.261
291.11,1,384,0.267192
291.976,1,383.5,0.273514
292.842,1,383,0.280062
293.708,1,382.5,0.286537
294.574,1,382,0.292492
295.44,1,381.5,0.297926
296.306,1,381,0.302838
297.172,1,380.5,0.30723
298.038,1,380,0.31079
298.905,1,379.5,0.310813
299.771,1,379,0.310866
300.637,1,378.5,0.310964
301.503,1,378,0.311108
302.369,1,377.5,0.311297
303.235,1,377,0.311531
304.101,1,376.5,0.308145
304.967,1,376,0.303658
305.833,1,375.5,0.299949
306.699,1,375,0.297018
307.565,1,374.5,0.294724
308.431,1,374,0.292536
309.297,1,373.5,0.286617
310.163,1,373,0.273498
311.029,1,372.5,0.260595
311.895,1,372,0.247907
312.761,1,371.5,0.235434
313.627,1,371,0.223176
314.493,1,370.5,0.211571
315.359,1,370,0.208727
316.225,1,369.5,0.205056
317.091,1,369,0.200753
317.957,1,368.5,0.196006
318.823,1,368,0.190255
319.689,1,367.5,0.183499
320.555,1,367,0.186948
321.421,1,366.5,0.194177
322.287,1,366,0.201172
323.153,1,365.5,0.207932
324.019,1,365,0.214457
324.885,1,364.5,0.220747
325.751,1,364,0.225969
326.617,1,363.5,0.229887
327.483,1,363,0.233756
328.349,1,362.5,0.23793
329.215,1,362,0.24241
330.081,1,361.5,0.247196
330.947,1,361,0.251786
331.813,1,360.5,0.252129
332.679,1,360,0.252572
333.546,1,359.5,0.253115
334.412,1,359,0.253757
335.278,1,358.5,0.2545
336.144,1,358,0.255338
337.01,1,357.5,0.255134
337.876,1,357,0.254795
338.742,1,356.5,0.254648
339.608,1,356,0.254694
340.474,1,355.5,0.254933
341.34,1,355,0.255364
342.206,1,354.5,0.255082
343.072,1,354,0.254352
343.938,1,353.5,0.254319
344.804,1,353,0.254984
345.67,1,352.5,0.254901
346.536,1,352,0.2531
347.402,1,351.5,0.25314
348.268,1,351,0.263723
349.134,1,350.5,0.272424
350,1,350,0.279242
350.866,1,349.5,0.284179
351.732,1,349,0.287233
352.598,1,348.5,0.288406
353.464,1,348,0.266508
354.33,1,347.5,0.2435
355.196,1,347,0.226989
356.062,1,346.5,0.215759
356.928,1,346,0.206689
357.794,1,345.5,0.19978
358.66,1,345,0.194977
359.526,1,344.5,0.189289
360.392,1,344,0.181836
361.258,1,343.5,0.172621
362.124,1,343,0.161642
362.99,1,342.5,0.148899
363.856,1,342,0.137683
364.722,1,341.5,0.139253
365.588,1,341,0.140697
366.454,1,340.5,0.140619
367.321,1,340,0.139018
368.187,1,339.5,0.135896
369.053,1,339,0.131251
369.919,1,338.5,0.132924
370.785,1,338,0.135123
371.651,1,337.5,0.137022
372.517,1,337,0.138621
373.383,1,336.5,0.139919
374.249,1,336,0.141101
375.115,1,335.5,0.14199
375.981,1,335,0.142889
376.847,1,334.5,0.143753
377.713,1,334,0.144582
378.579,1,333.5,0.145374
379.445,1,333,0.14613
380.311,1,332.5,0.146294
381.177,1,332,0.144944
382.043,1,331.5,0.143614
382.909,1,331,0.142304
383.775,1,330.5,0.140954
384.641,1,330,0.139575
385.507,1,329.5,0.138188
386.373,1,329,0.136596
387.239,1,328.5,0.135018
388.105,1,328,0.133463
388.971,1,327.5,0.131932
389.837,1,327,0.130425
390.703,1,326.5,0.128942
391.569,1,326,0.127756
392.435,1,325.5,0.126756
393.301,1,325,0.125747
394.167,1,324.5,0.124762
395.033,1,324,0.123813
395.899,1,323.5,0.122901
396.765,1,323,0.122115
397.631,1,322.5,0.121547
398.497,1,322,0.121002
399.363,1,321.5,0.120483
400.229,1,321,0.119988
401.095,1,320.5,0.119517
401.962,1,320,0.119073
402.828,1,319.5,0.118785
403.694,1,319,0.118508
404.56,1,318.5,0.118246
405.426,1,318,0.117997
406.292,1,317.5,0.117763
407.158,1,317,0.117543
408.024,1,316.5,0.117431
408.89,1,316,0.117363
409.756,1,315.5,0.117297
410.622,1,315,0.117232
411.488,1,314.5,0.117168
412.354,1,314,0.117107
413.22,1,313.5,0.117087
414.086,1,313,0.117128
414.952,1,312.5,0.117168
415.818,1,312,0.117204
416.684,1,311.5,0.117239
417.55,1,311,0.117271
418.416,1,310.5,0.117305
419.282,1,310,0.117409
420.148,1,309.5,0.117504
421.014,1,309,0.117591
421.88,1,308.5,0.117681
422.746,1,308,0.117764
423.612,1,307.5,0.11784
424.478,1,307,0.117941
425.344,1,306.5,0.118046
426.21,1,306,0.118146
427.076,1,305.5,0.11824
427.942,1,305,0.118328
428.808,1,304.5,0.118411
429.674,1,304,0.118495
430.54,1,303.5,0.118584
431.406,1,303,0.118682
432.272,1,302.5,0.118774
433.138,1,302,0.118863
434.004,1,301.5,0.118948
434.87,1,301,0.119028
435.737,1,300.5,0.119103
436.603,1,300,0.119176
437.469,1,299.5,0.119246
438.335,1,299,0.119314
439.201,1,298.5,0.119379
440.067,1,298,0.119443
440.933,1,297.5,0.1195
441.799,1,297,0.119551
442.665,1,296.5,0.119601
443.531,1,296,0.119649
444.397,1,295.5,0.119694
445.263,1,295,0.119738
446.129,1,294.5,0.11977
446.995,1,294,0.119792
447.861,1,293.5,0.119813
448.727,1,293,0.119832
449.593,1,292.5,0.11985
450.459,1,292,0.119867
451.325,1,291.5,0.119879
452.191,1,291,0.119874
453.057,1,290.5,0.119866
453.923,1,290,0.119858
454.789,1,289.5,0.119848
455.655,1,289,0.119836
456.521,1,288.5,0.119823
457.387,1,288,0.119793
458.253,1,287.5,0.119758
459.119,1,287,0.119723
459.985,1,286.5,0.119686
460.851,1,286,0.119647
461.717,1,285.5,0.119607
462.583,1,285,0.119555
463.449,1,284.5,0.119495
464.315,1,284,0.119432
465.181,1,283.5,0.119368
466.047,1,283,0.119303
466.913,1,282.5,0.119236
467.779,1,282,0.119164
468.645,1,281.5,0.11908
469.512,1,281,0.119
470.378,1,280.5,0.118917
471.244,1,280,0.118833
472.11,1,279.5,0.118748
472.976,1,279,0.118661
473.842,1,278.5,0.118561
474.708,1,278,0.118459
475.574,1,277.5,0.118355
476.44,1,277,0.118249
477.306,1,276.5,0.118142
478.172,1,276,0.118038
479.038,1,275.5,0.117935
479.904,1,275,0.117826
480.77,1,274.5,0.117716
481.636,1,274,0.117606
482.502,1,273.5,0.117494
483.368,1,273,0.117382
484.234,1,272.5,0.117265
485.1,1,272,0.117139
485.966,1,271.5,0.117012
486.832,1,271,0.116885
487.698,1,270.5,0.116765
488.564,1,270,0.116654
489.43,1,269.5,0.116544
490.296,1,269,0.116422
491.162,1,268.5,0.1163
492.028,1,268,0.116179
492.894,1,267.5,0.116058
493.76,1,267,0.115937
494.626,1,266.5,0.115817
495.492,1,266,0.115691
496.358,1,265.5,0.115562
497.224,1,265,0.115439
498.09,1,264.5,0.115322
498.956,1,264,0.115207
499.822,1,263.5,0.115093
500.688,1,263,0.114977
501.554,1,262.5,0.114858
502.42,1,262,0.11474
503.286,1,261.5,0.114622
504.153,1,261,0.114506
505.019,1,260.5,0.114391
505.885,1,260,0.114277
506.751,1,259.5,0.114165
507.617,1,259,0.114058
508.483,1,258.5,0.113953
509.349,1,258,0.113849
510.215,1,257.5,0.113746
511.081,1,257,0.113645
511.947,1,256.5,0.113541
512.813,1,256,0.113438
513.679,1,255.5,0.113336
514.545,1,255,0.113235
515.411,1,254.5,0.113136
516.277,1,254,0.113044
517.143,1,253.5,0.112956
518.009,1,253,0.112867
518.875,1,252.5,0.11278
519.741,1,252,0.112694
520.607,1,251.5,0.11261
521.473,1,251,0.112526
522.339,1,250.5,0.112444
523.205,1,250,0.112361
524.071,1,249.5,0.112279
524.937,1,249,0.112199
525.803,1,248.5,0.112126
526.669,1,248,0.112058
527.535,1,247.5,0.111991
528.401,1,247,0.111925
529.267,1,246.5,0.111859
530.133,1,246,0.111795
530.999,1,245.5,0.111731
531.865,1,245,0.111668
532.731,1,244.5,0.111607
533.597,1,244,0.111546
534.463,1,243.5,0.111485
535.329,1,243,0.111429
536.195,1,242.5,0.111375
537.061,1,242,0.111321
537.928,1,241.5,0.111268
538.794,1,241,0.111216
539.66,1,240.5,0.111164
540.526,1,240,0.111113
541.392,1,239.5,0.111063
542.258,1,239,0.111014
543.124,1,238.5,0.110965
543.99,1,238,0.110917
544.856,1,237.5,0.110872
545.722,1,237,0.11083
546.588,1,236.5,0.110788
547.454,1,236,0.110746
548.32,1,235.5,0.110705
549.186,1,235,0.110665
550.052,1,234.5,0.110625
550.918,1,234,0.110585
551.784,1,233.5,0.110546
552.65,1,233,0.110507
553.516,1,232.5,0.110469
554.382,1,232,0.110434
555.248,1,231.5,0.1104
556.114,1,231,0.110366
556.98,1,230.5,0.110332
557.846,1,230,0.110299
558.712,1,229.5,0.110267
559.578,1,229,0.110235
560.444,1,228.5,0.110204
561.31,1,228,0.110173
562.176,1,227.5,0.110143
563.042,1,227,0.110114
563.908,1,226.5,0.110087
564.774,1,226,0.110061
565.64,1,225.5,0.110036
566.506,1,225,0.110011
567.372,1,224.5,0.109986
568.238,1,224,0.109962
569.104,1,223.5,0.109938
569.97,1,223,0.109914
570.836,1,222.5,0.109891
571.703,1,222,0.109869
572.569,1,221.5,0.109846
573.435,1,221,0.109826
574.301,1,220.5,0.109806
575.167,1,220,0.109786
576.033,1,219.5,0.109767
576.899,1,219,0.109748
577.765,1,218.5,0.109729
578.631,1,218,0.109711
579.497,1,217.5,0.109693
580.363,1,217,0.109675
581.229,1,216.5,0.109658
582.095,1,216,0.109641
582.961,1,215.5,0.109626
583.827,1,215,0.109611
584.693,1,214.5,0.109596
585.559,1,214,0.109582
586.425,1,213.5,0.109568
587.291,1,213,0.109554
588.157,1,212.5,0.109541
589.023,1,212,0.109527
589.889,1,211.5,0.109515
590.755,1,211,0.109502
591.621,1,210.5,0.109489
592.487,1,210,0.109479
593.353,1,209.5,0.109469
594.219,1,209,0.10946
595.085,1,208.5,0.10945
595.951,1,208,0.109441
596.817,1,207.5,0.109432
597.683,1,207,0.109423
598.549,1,206.5,0.109414
599.415,1,206,0.109406
600.281,1,205.5,0.109397
601.147,1,205,0.109389
602.013,1,204.5,0.109382
602.879,1,204,0.109374
603.745,1,203.5,0.109367
604.611,1,203,0.10936
605.477,1,202.5,0.109354
606.344,1,202,0.109347
607.21,1,201.5,0.109341
608.076,1,201,0.109335
608.942,1,200.5,0.109329
609.808,1,200,0.109323
