x,y,z,b
90.1924,1,500,0.109094
91.0584,1,499.5,0.109094
91.9244,1,499,0.109094
92.7905,1,498.5,0.109094
93.6565,1,498,0.109094
94.5225,1,497.5,0.109094
95.3885,1,497,0.109094
96.2546,1,496.5,0.109094
97.1206,1,496,0.109094
97.9866,1,495.5,0.109094
98.8526,1,495,0.109094
99.7187,1,494.5,0.109094
100.585,1,494,0.109094
101.451,1,493.5,0.109094
102.317,1,493,0.109094
103.183,1,492.5,0.109094
104.049,1,492,0.109094
104.915,1,491.5,0.109094
105.781,1,491,0.109094
106.647,1,490.5,0.109094
107.513,1,490,0.109094
108.379,1,489.5,0.109094
109.245,1,489,0.109094
110.111,1,488.5,0.109094
110.977,1,488,0.109094
111.843,1,487.5,0.109094
112.709,1,487,0.109094
113.575,1,486.5,0.109094
114.441,1,486,0.109094
115.307,1,485.5,0.109094
116.173,1,485,0.109094
117.039,1,484.5,0.109094
117.905,1,484,0.109094
118.771,1,483.5,0.109094
119.637,1,483,0.109094
120.503,1,482.5,0.109094
121.369,1,482,0.109094
122.235,1,481.5,0.109094
123.101,1,481,0.109094
123.967,1,480.5,0.109094
124.833,1,480,0.109094
125.699,1,479.5,0.109094
126.565,1,479,0.109094
127.431,1,478.5,0.109094
128.297,1,478,0.109094
129.164,1,477.5,0.109094
130.03,1,477,0.109094
130.896,1,476.5,0.109094
131.762,1,476,0.109094
132.628,1,475.5,0.109094
133.494,1,475,0.109094
134.36,1,474.5,0.109094
135.226,1,474,0.109094
136.092,1,473.5,0.109094
136.958,1,473,0.109094
137.824,1,472.5,0.109094
138.69,1,472,0.109094
139.556,1,471.5,0.109094
140.422,1,471,0.109094
141.288,1,470.5,0.109094
142.154,1,470,0.109094
143.02,1,469.5,0.109094
143.886,1,469,0.109094
144.752,1,468.5,0.109094
145.618,1,468,0.109094
146.484,1,467.5,0.109094
147.35,1,467,0.109094
148.216,1,466.5,0.109094
149.082,1,466,0.109094
149.948,1,465.5,0.109094
150.814,1,465,0.109094
151.68,1,464.5,0.109094
152.546,1,464,0.109094
153.412,1,463.5,0.109094
154.278,1,463,0.109094
155.144,1,462.5,0.109094
156.01,1,462,0.109094
156.876,1,461.5,0.109094
157.742,1,461,0.109094
158.608,1,460.5,0.109094
159.474,1,460,0.109094
160.34,1,459.5,0.109094
161.206,1,459,0.109094
162.072,1,458.5,0.109095
162.939,1,458,0.109095
163.805,1,457.5,0.109095
164.671,1,457,0.109095
165.537,1,456.5,0.109095
166.403,1,456,0.109095
167.269,1,455.5,0.109095
168.135,1,455,0.109095
169.001,1,454.5,0.109095
169.867,1,454,0.109095
170.733,1,453.5,0.109095
171.599,1,453,0.109095
172.465,1,452.5,0.109095
173.331,1,452,0.109095
174.197,1,451.5,0.109095
175.063,1,451,0.109095
175.929,1,450.5,0.109095
176.795,1,450,0.109095
177.661,1,449.5,0.109095
178.527,1,449,0.109095
179.393,1,448.5,0.109095
180.259,1,448,0.109095
181.125,1,447.5,0.109095
181.991,1,447,0.109095
182.857,1,446.5,0.109095
183.723,1,446,0.109095
184.589,1,445.5,0.109095
185.455,1,445,0.109095
186.321,1,444.5,0.109095
187.187,1,444,0.109095
188.053,1,443.5,0.109095
188.919,1,443,0.109095
189.785,1,442.5,0.109095
190.651,1,442,0.109095
191.517,1,441.5,0.109095
192.383,1,441,0.109095
193.249,1,440.5,0.109095
194.115,1,440,0.109095
194.981,1,439.5,0.109095
195.847,1,439,0.109095
196.714,1,438.5,0.109095
197.58,1,438,0.109095
198.446,1,437.5,0.109095
199.312,1,437,0.109095
200.178,1,436.5,0.109095
201.044,1,436,0.109095
201.91,1,435.5,0.109095
202.776,1,435,0.109095
203.642,1,434.5,0.109095
204.508,1,434,0.109095
205.374,1,433.5,0.109095
206.24,1,433,0.109095
207.106,1,432.5,0.109095
207.972,1,432,0.109095
208.838,1,431.5,0.109095
209.704,1,431,0.109095
210.57,1,430.5,0.109095
211.436,1,430,0.109095
212.302,1,429.5,0.109096
213.168,1,429,0.109096
214.034,1,428.5,0.109096
214.9,1,428,0.109096
215.766,1,427.5,0.109096
216.632,1,427,0.109096
217.498,1,426.5,0.109096
218.364,1,426,0.109096
219.23,1,425.5,0.109096
220.096,1,425,0.109096
220.962,1,424.5,0.109096
221.828,1,424,0.109096
222.694,1,423.5,0.109096
223.56,1,423,0.109096
224.426,1,422.5,0.109096
225.292,1,422,0.109096
226.158,1,421.5,0.109096
227.024,1,421,0.109096
227.89,1,420.5,0.109096
228.756,1,420,0.109096
229.622,1,419.5,0.109096
230.488,1,419,0.109096
231.355,1,418.5,0.109097
232.221,1,418,0.109097
233.087,1,417.5,0.109097
233.953,1,417,0.109097
234.819,1,416.5,0.109097
235.685,1,416,0.109097
236.551,1,415.5,0.109097
237.417,1,415,0.109097
238.283,1,414.5,0.109097
239.149,1,414,0.109097
240.015,1,413.5,0.109097
240.881,1,413,0.109098
241.747,1,412.5,0.109098
242.613,1,412,0.109098
243.479,1,411.5,0.109098
244.345,1,411,0.109098
245.211,1,410.5,0.109098
246.077,1,410,0.109098
246.943,1,409.5,0.109098
247.809,1,409,0.109099
248.675,1,408.5,0.109099
249.541,1,408,0.109099
250.407,1,407.5,0.109099
251.273,1,407,0.109099
252.139,1,406.5,0.109099
253.005,1,406,0.1091
253.871,1,405.5,0.1091
254.737,1,405,0.1091
255.603,1,404.5,0.1091
256.469,1,404,0.1091
257.335,1,403.5,0.109101
258.201,1,403,0.109101
259.067,1,402.5,0.109101
259.933,1,402,0.109101
260.799,1,401.5,0.109101
261.665,1,401,0.109102
262.531,1,400.5,0.109102
263.397,1,400,0.109102
264.263,1,399.5,0.109102
265.13,1,399,0.109103
265.996,1,398.5,0.109103
266.862,1,398,0.109103
267.728,1,397.5,0.109103
268.594,1,397,0.109104
269.46,1,396.5,0.109104
270.326,1,396,0.109104
271.192,1,395.5,0.109104
272.058,1,395,0.109105
272.924,1,394.5,0.109105
273.79,1,394,0.109105
274.656,1,393.5,0.109105
275.522,1,393,0.109105
276.388,1,392.5,0.109106
277.254,1,392,0.109106
278.12,1,391.5,0.109106
278.986,1,391,0.109106
279.852,1,390.5,0.109107
280.718,1,390,0.109107
281.584,1,389.5,0.109107
282.45,1,389,0.109107
283.316,1,388.5,0.109107
284.182,1,388,0.109107
285.048,1,387.5,0.109108
285.914,1,387,0.109108
286.78,1,386.5,0.109108
287.646,1,386,0.109108
288.512,1,385.5,0.109108
289.378,1,385,0.109109
290.244,1,384.5,0.109109
291.11,1,384,0.109109
291.976,1,383.5,0.10911
292.842,1,383,0.109111
293.708,1,382.5,0.109111
294.574,1,382,0.109112
295.44,1,381.5,0.109112
296.306,1,381,0.109113
297.172,1,380.5,0.109113
298.038,1,380,0.109114
298.905,1,379.5,0.109114
299.771,1,379,0.109115
300.637,1,378.5,0.109115
301.503,1,378,0.109115
302.369,1,377.5,0.109115
303.235,1,377,0.109116
304.101,1,376.5,0.109115
304.967,1,376,0.109114
305.833,1,375.5,0.109114
306.699,1,375,0.109113
307.565,1,374.5,0.109112
308.431,1,374,0.109112
309.297,1,373.5,0.109112
310.163,1,373,0.109112
311.029,1,372.5,0.109111
311.895,1,372,0.10911
312.761,1,371.5,0.109109
313.627,1,371,0.109109
314.493,1,370.5,0.109108
315.359,1,370,0.109109
316.225,1,369.5,0.109109
317.091,1,369,0.109107
317.957,1,368.5,0.109098
318.823,1,368,0.109088
319.689,1,367.5,0.109076
320.555,1,367,0.109065
321.421,1,366.5,0.109051
322.287,1,366,0.109035
323.153,1,365.5,0.109017
324.019,1,365,0.108996
324.885,1,364.5,0.108972
325.751,1,364,0.108948
326.617,1,363.5,0.108931
327.483,1,363,0.108922
328.349,1,362.5,0.108909
329.215,1,362,0.108891
330.081,1,361.5,0.108869
330.947,1,361,0.108851
331.813,1,360.5,0.108939
332.679,1,360,0.109053
333.546,1,359.5,0.109194
334.412,1,359,0.109362
335.278,1,358.5,0.109557
336.144,1,358,0.109682
337.01,1,357.5,0.109167
337.876,1,357,0.108254
338.742,1,356.5,0.107046
339.608,1,356,0.105544
340.474,1,355.5,0.103748
341.34,1,355,0.101657
342.206,1,354.5,0.102586
343.072,1,354,0.107912
343.938,1,353.5,0.114287
344.804,1,353,0.12171
345.67,1,352.5,0.12859
346.536,1,352,0.133106
347.402,1,351.5,0.137265
348.268,1,351,0.144555
349.134,1,350.5,0.150799
350,1,350,0.155996
350.866,1,349.5,0.160146
351.732,1,349,0.163251
352.598,1,348.5,0.165309
353.464,1,348,0.15741
354.33,1,347.5,0.1494
355.196,1,347,0.143443
356.062,1,346.5,0.138508
356.928,1,346,0.134043
357.794,1,345.5,0.130047
358.66,1,345,0.125759
359.526,1,344.5,0.121408
360.392,1,344,0.117724
361.258,1,343.5,0.114708
362.124,1,343,0.112358
362.99,1,342.5,0.110676
363.856,1,342,0.109696
364.722,1,341.5,0.109429
365.588,1,341,0.109356
366.454,1,340.5,0.109288
367.321,1,340,0.109225
368.187,1,339.5,0.109167
369.053,1,339,0.109115
369.919,1,338.5,0.109074
370.785,1,338,0.109039
371.651,1,337.5,0.10901
372.517,1,337,0.108987
373.383,1,336.5,0.108969
374.249,1,336,0.108971
375.115,1,335.5,0.108987
375.981,1,335,0.109005
376.847,1,334.5,0.109023
377.713,1,334,0.10904
378.579,1,333.5,0.109057
379.445,1,333,0.109074
380.311,1,332.5,0.109086
381.177,1,332,0.109085
382.043,1,331.5,0.109084
382.909,1,331,0.109084
383.775,1,330.5,0.109083
384.641,1,330,0.109083
385.507,1,329.5,0.109083
386.373,1,329,0.109081
387.239,1,328.5,0.10908
388.105,1,328,0.109079
388.971,1,327.5,0.109079
389.837,1,327,0.109078
390.703,1,326.5,0.109078
391.569,1,326,0.109077
392.435,1,325.5,0.109075
393.301,1,325,0.109075
394.167,1,324.5,0.109076
395.033,1,324,0.109077
395.899,1,323.5,0.109078
396.765,1,323,0.109078
397.631,1,322.5,0.109079
398.497,1,322,0.10908
399.363,1,321.5,0.109081
400.229,1,321,0.109082
401.095,1,320.5,0.109083
401.962,1,320,0.109084
402.828,1,319.5,0.109084
403.694,1,319,0.109084
404.56,1,318.5,0.109084
405.426,1,318,0.109084
406.292,1,317.5,0.109084
407.158,1,317,0.109084
408.024,1,316.5,0.109084
408.89,1,316,0.109085
409.756,1,315.5,0.109085
410.622,1,315,0.109085
411.488,1,314.5,0.109085
412.354,1,314,0.109086
413.22,1,313.5,0.109086
414.086,1,313,0.109086
414.952,1,312.5,0.109086
415.818,1,312,0.109086
416.684,1,311.5,0.109086
417.55,1,311,0.109086
418.416,1,310.5,0.109086
419.282,1,310,0.109087
420.148,1,309.5,0.109087
421.014,1,309,0.109087
421.88,1,308.5,0.109087
422.746,1,308,0.109087
423.612,1,307.5,0.109087
424.478,1,307,0.109087
425.344,1,306.5,0.109088
426.21,1,306,0.109088
427.076,1,305.5,0.109088
427.942,1,305,0.109088
428.808,1,304.5,0.109088
429.674,1,304,0.109088
430.54,1,303.5,0.109088
431.406,1,303,0.109088
432.272,1,302.5,0.109088
433.138,1,302,0.109089
434.004,1,301.5,0.109089
434.87,1,301,0.109089
435.737,1,300.5,0.109089
436.603,1,300,0.109089
437.469,1,299.5,0.109089
438.335,1,299,0.109089
439.201,1,298.5,0.109089
440.067,1,298,0.10909
440.933,1,297.5,0.10909
441.799,1,297,0.10909
442.665,1,296.5,0.10909
443.531,1,296,0.10909
444.397,1,295.5,0.10909
445.263,1,295,0.10909
446.129,1,294.5,0.10909
446.995,1,294,0.10909
447.861,1,293.5,0.109091
448.727,1,293,0.109091
449.593,1,292.5,0.109091
450.459,1,292,0.109091
451.325,1,291.5,0.109091
452.191,1,291,0.109091
453.057,1,290.5,0.109091
453.923,1,290,0.109091
454.789,1,289.5,0.109091
455.655,1,289,0.109091
456.521,1,288.5,0.109091
457.387,1,288,0.109091
458.253,1,287.5,0.109092
459.119,1,287,0.109092
459.985,1,286.5,0.109092
460.851,1,286,0.109092
461.717,1,285.5,0.109092
462.583,1,285,0.109092
463.449,1,284.5,0.109092
464.315,1,284,0.109092
465.181,1,283.5,0.109092
466.047,1,283,0.109092
466.913,1,282.5,0.109092
467.779,1,282,0.109092
468.645,1,281.5,0.109092
469.512,1,281,0.109092
470.378,1,280.5,0.109092
471.244,1,280,0.109092
472.11,1,279.5,0.109092
472.976,1,279,0.109092
473.842,1,278.5,0.109092
474.708,1,278,0.109093
475.574,1,277.5,0.109093
476.44,1,277,0.109093
477.306,1,276.5,0.109093
478.172,1,276,0.109093
479.038,1,275.5,0.109093
479.904,1,275,0.109093
480.77,1,274.5,0.109093
481.636,1,274,0.109093
482.502,1,273.5,0.109093
483.368,1,273,0.109093
484.234,1,272.5,0.109093
485.1,1,272,0.109093
485.966,1,271.5,0.109093
486.832,1,271,0.109093
487.698,1,270.5,0.109093
488.564,1,270,0.109093
489.43,1,269.5,0.109093
490.296,1,269,0.109093
491.162,1,268.5,0.109093
492.028,1,268,0.109093
492.894,1,267.5,0.109093
493.76,1,267,0.109093
494.626,1,266.5,0.109093
495.492,1,266,0.109093
496.358,1,265.5,0.109093
497.224,1,265,0.109093
498.09,1,264.5,0.109093
498.956,1,264,0.109093
499.822,1,263.5,0.109093
500.688,1,263,0.109093
501.554,1,262.5,0.109093
502.42,1,262,0.109093
503.286,1,261.5,0.109093
504.153,1,261,0.109093
505.019,1,260.5,0.109093
505.885,1,260,0.109093
506.751,1,259.5,0.109093
507.617,1,259,0.109093
508.483,1,258.5,0.109093
509.349,1,258,0.109093
510.215,1,257.5,0.109093
511.081,1,257,0.109093
511.947,1,256.5,0.109093
512.813,1,256,0.109093
513.679,1,255.5,0.109093
514.545,1,255,0.109093
515.411,1,254.5,0.109093
516.277,1,254,0.109093
517.143,1,253.5,0.109093
518.009,1,253,0.109093
518.875,1,252.5,0.109093
519.741,1,252,0.109093
520.607,1,251.5,0.109094
521.473,1,251,0.109094
522.339,1,250.5,0.109094
523.205,1,250,0.109094
524.071,1,249.5,0.109094
524.937,1,249,0.109094
525.803,1,248.5,0.109094
526.669,1,248,0.109094
527.535,1,247.5,0.109094
528.401,1,247,0.109094
529.267,1,246.5,0.109094
530.133,1,246,0.109094
530.999,1,245.5,0.109094
531.865,1,245,0.109094
532.731,1,244.5,0.109094
533.597,1,244,0.109094
534.463,1,243.5,0.109094
535.329,1,243,0.109094
536.195,1,242.5,0.109094
537.061,1,242,0.109094
537.928,1,241.5,0.109094
538.794,1,241,0.109094
539.66,1,240.5,0.109094
540.526,1,240,0.109094
541.392,1,239.5,0.109094
542.258,1,239,0.109094
543.124,1,238.5,0.109094
543.99,1,238,0.109094
544.856,1,237.5,0.109094
545.722,1,237,0.109094
546.588,1,236.5,0.109094
547.454,1,236,0.109094
548.32,1,235.5,0.109094
549.186,1,235,0.109094
550.052,1,234.5,0.109094
550.918,1,234,0.109094
551.784,1,233.5,0.109094
552.65,1,233,0.109094
553.516,1,232.5,0.109094
554.382,1,232,0.109094
555.248,1,231.5,0.109094
556.114,1,231,0.109094
556.98,1,230.5,0.109094
557.846,1,230,0.109094
558.712,1,229.5,0.109094
559.578,1,229,0.109094
560.444,1,228.5,0.109094
561.31,1,228,0.109094
562.176,1,227.5,0.109094
563.042,1,227,0.109094
563.908,1,226.5,0.109094
564.774,1,226,0.109094
565.64,1,225.5,0.109094
566.506,1,225,0.109094
567.372,1,224.5,0.109094
568.238,1,224,0.109094
569.104,1,223.5,0.109094
569.97,1,223,0.109094
570.836,1,222.5,0.109094
571.703,1,222,0.109094
572.569,1,221.5,0.109094
573.435,1,221,0.109094
574.301,1,220.5,0.109094
575.167,1,220,0.109094
576.033,1,219.5,0.109094
576.899,1,219,0.109094
577.765,1,218.5,0.109094
578.631,1,218,0.109094
579.497,1,217.5,0.109094
580.363,1,217,0.109094
581.229,1,216.5,0.109094
582.095,1,216,0.109094
582.961,1,215.5,0.109094
583.827,1,215,0.109094
584.693,1,214.5,0.109094
585.559,1,214,0.109094
586.425,1,213.5,0.109094
587.291,1,213,0.109094
588.157,1,212.5,0.109094
589.023,1,212,0.109094
589.889,1,211.5,0.109094
590.755,1,211,0.109094
591.621,1,210.5,0.109094
592.487,1,210,0.109094
593.353,1,209.5,0.109094
594.219,1,209,0.109094
595.085,1,208.5,0.109094
595.951,1,208,0.109094
596.817,1,207.5,0.109094
597.683,1,207,0.109094
598.549,1,206.5,0.109094
599.415,1,206,0.109094
600.281,1,205.5,0.109094
601.147,1,205,0.109094
602.013,1,204.5,0.109094
602.879,1,204,0.109094
603.745,1,203.5,0.109094
604.611,1,203,0.109094
605.477,1,202.5,0.109094
606.344,1,202,0.109094
607.21,1,201.5,0.109094
608.076,1,201,0.109094
608.942,1,200.5,0.109094
609.808,1,200,0.109094
