x,y,z,b
90.1924,1,500,0.104971
91.0584,1,499.5,0.104935
91.9244,1,499,0.104898
92.7905,1,498.5,0.104861
93.6565,1,498,0.104824
94.5225,1,497.5,0.104787
95.3885,1,497,0.104749
96.2546,1,496.5,0.104705
97.1206,1,496,0.104656
97.9866,1,495.5,0.104608
98.8526,1,495,0.104559
99.7187,1,494.5,0.104509
100.585,1,494,0.10446
101.451,1,493.5,0.104407
102.317,1,493,0.104347
103.183,1,492.5,0.104287
104.049,1,492,0.104227
104.915,1,491.5,0.104166
105.781,1,491,0.104106
106.647,1,490.5,0.104044
107.513,1,490,0.103979
108.379,1,489.5,0.103914
109.245,1,489,0.103849
110.111,1,488.5,0.103783
110.977,1,488,0.103717
111.843,1,487.5,0.103651
112.709,1,487,0.103586
113.575,1,486.5,0.103521
114.441,1,486,0.103456
115.307,1,485.5,0.103391
116.173,1,485,0.103325
117.039,1,484.5,0.103259
117.905,1,484,0.103195
118.771,1,483.5,0.103135
119.637,1,483,0.103074
120.503,1,482.5,0.103014
121.369,1,482,0.102954
122.235,1,481.5,0.102894
123.101,1,481,0.102834
123.967,1,480.5,0.102785
124.833,1,480,0.102736
125.699,1,479.5,0.102687
126.565,1,479,0.102638
127.431,1,478.5,0.10259
128.297,1,478,0.102543
129.164,1,477.5,0.102507
130.03,1,477,0.102475
130.896,1,476.5,0.102443
131.762,1,476,0.102412
132.628,1,475.5,0.102381
133.494,1,475,0.102352
134.36,1,474.5,0.10233
135.226,1,474,0.10232
136.092,1,473.5,0.102311
136.958,1,473,0.102304
137.824,1,472.5,0.102298
138.69,1,472,0.102294
139.556,1,471.5,0.102293
140.422,1,471,0.102313
141.288,1,470.5,0.102334
142.154,1,470,0.102357
143.02,1,469.5,0.102382
143.886,1,469,0.102408
144.752,1,468.5,0.102435
145.618,1,468,0.102487
146.484,1,467.5,0.102547
147.35,1,467,0.102611
148.216,1,466.5,0.102678
149.082,1,466,0.102747
149.948,1,465.5,0.102818
150.814,1,465,0.102907
151.68,1,464.5,0.103015
152.546,1,464,0.103126
153.412,1,463.5,0.10324
154.278,1,463,0.103357
155.144,1,462.5,0.103477
156.01,1,462,0.103607
156.876,1,461.5,0.103774
157.742,1,461,0.103945
158.608,1,460.5,0.104121
159.474,1,460,0.104299
160.34,1,459.5,0.104482
161.206,1,459,0.104669
162.072,1,458.5,0.10489
162.939,1,458,0.105122
163.805,1,457.5,0.105357
164.671,1,457,0.105597
165.537,1,456.5,0.105843
166.403,1,456,0.106097
167.269,1,455.5,0.106377
168.135,1,455,0.106681
169.001,1,454.5,0.106989
169.867,1,454,0.107303
170.733,1,453.5,0.107622
171.599,1,453,0.107946
172.465,1,452.5,0.108282
173.331,1,452,0.108648
174.197,1,451.5,0.109019
175.063,1,451,0.109398
175.929,1,450.5,0.109789
176.795,1,450,0.110186
177.661,1,449.5,0.110588
178.527,1,449,0.111024
179.393,1,448.5,0.111469
180.259,1,448,0.11192
181.125,1,447.5,0.112378
181.991,1,447,0.112841
182.857,1,446.5,0.113312
183.723,1,446,0.113799
184.589,1,445.5,0.114304
185.455,1,445,0.11482
186.321,1,444.5,0.115343
187.187,1,444,0.115874
188.053,1,443.5,0.116411
188.919,1,443,0.116959
189.785,1,442.5,0.117522
190.651,1,442,0.118093
191.517,1,441.5,0.118671
192.383,1,441,0.119257
193.249,1,440.5,0.11985
194.115,1,440,0.120456
194.981,1,439.5,0.121078
195.847,1,439,0.121711
196.714,1,438.5,0.122352
197.58,1,438,0.123003
198.446,1,437.5,0.123663
199.312,1,437,0.124333
200.178,1,436.5,0.125014
201.044,1,436,0.125708
201.91,1,435.5,0.126413
202.776,1,435,0.127128
203.642,1,434.5,0.127861
204.508,1,434,0.128612
205.374,1,433.5,0.129379
206.24,1,433,0.13017
207.106,1,432.5,0.130977
207.972,1,432,0.1318
208.838,1,431.5,0.132641
209.704,1,431,0.133498
210.57,1,430.5,0.134372
211.436,1,430,0.135282
212.302,1,429.5,0.136211
213.168,1,429,0.137174
214.034,1,428.5,0.138175
214.9,1,428,0.139206
215.766,1,427.5,0.140265
216.632,1,427,0.14141
217.498,1,426.5,0.142617
218.364,1,426,0.143865
219.23,1,425.5,0.145154
220.096,1,425,0.146484
220.962,1,424.5,0.147855
221.828,1,424,0.149321
222.694,1,423.5,0.150997
223.56,1,423,0.152762
224.426,1,422.5,0.154573
225.292,1,422,0.156432
226.158,1,421.5,0.158339
227.024,1,421,0.160273
227.89,1,420.5,0.162032
228.756,1,420,0.163811
229.622,1,419.5,0.16561
230.488,1,419,0.16743
231.355,1,418.5,0.169269
232.221,1,418,0.17088
233.087,1,417.5,0.171946
233.953,1,417,0.172801
234.819,1,416.5,0.173562
235.685,1,416,0.174229
236.551,1,415.5,0.174801
237.417,1,415,0.175279
238.283,1,414.5,0.175625
239.149,1,414,0.17588
240.015,1,413.5,0.176107
240.881,1,413,0.176308
241.747,1,412.5,0.176271
242.613,1,412,0.176233
243.479,1,411.5,0.17629
244.345,1,411,0.176617
245.211,1,410.5,0.177054
246.077,1,410,0.177603
246.943,1,409.5,0.178262
247.809,1,409,0.179033
248.675,1,408.5,0.179915
249.541,1,408,0.180679
250.407,1,407.5,0.181437
251.273,1,407,0.18273
252.139,1,406.5,0.18404
253.005,1,406,0.185267
253.871,1,405.5,0.18641
254.737,1,405,0.187216
255.603,1,404.5,0.187671
256.469,1,404,0.188012
257.335,1,403.5,0.188241
258.201,1,403,0.188357
259.067,1,402.5,0.188359
259.933,1,402,0.188295
260.799,1,401.5,0.188628
261.665,1,401,0.188956
262.531,1,400.5,0.18925
263.397,1,400,0.18951
264.263,1,399.5,0.189735
265.13,1,399,0.189926
265.996,1,398.5,0.190234
266.862,1,398,0.190485
267.728,1,397.5,0.190656
268.594,1,397,0.190744
269.46,1,396.5,0.190752
270.326,1,396,0.191017
271.192,1,395.5,0.191476
272.058,1,395,0.192107
272.924,1,394.5,0.192658
273.79,1,394,0.193129
274.656,1,393.5,0.193518
275.522,1,393,0.193828
276.388,1,392.5,0.194056
277.254,1,392,0.194313
278.12,1,391.5,0.194665
278.986,1,391,0.195114
279.852,1,390.5,0.195676
280.718,1,390,0.196221
281.584,1,389.5,0.196749
282.45,1,389,0.196969
283.316,1,388.5,0.197269
284.182,1,388,0.197674
285.048,1,387.5,0.198184
285.914,1,387,0.198798
286.78,1,386.5,0.199517
287.646,1,386,0.200191
288.512,1,385.5,0.200852
289.378,1,385,0.201843
290.244,1,384.5,0.202765
291.11,1,384,0.203617
291.976,1,383.5,0.2044
292.842,1,383,0.205082
293.708,1,382.5,0.20558
294.574,1,382,0.205942
295.44,1,381.5,0.206168
296.306,1,381,0.206259
297.172,1,380.5,0.206214
298.038,1,380,0.205997
298.905,1,379.5,0.205906
299.771,1,379,0.2059
300.637,1,378.5,0.205974
301.503,1,378,0.206128
302.369,1,377.5,0.206363
303.235,1,377,0.206679
304.101,1,376.5,0.20776
304.967,1,376,0.209016
305.833,1,375.5,0.210074
306.699,1,375,0.210934
307.565,1,374.5,0.211701
308.431,1,374,0.212809
309.297,1,373.5,0.214824
310.163,1,373,0.218246
311.029,1,372.5,0.221518
311.895,1,372,0.224642
312.761,1,371.5,0.227616
313.627,1,371,0.23044
314.493,1,370.5,0.233099
315.359,1,370,0.235335
316.225,1,369.5,0.237584
317.091,1,369,0.239746
317.957,1,368.5,0.24164
318.823,1,368,0.243501
319.689,1,367.5,0.24533
320.555,1,367,0.246175
321.421,1,366.5,0.246893
322.287,1,366,0.247873
323.153,1,365.5,0.249115
324.019,1,365,0.250619
324.885,1,364.5,0.252385
325.751,1,364,0.253401
326.617,1,363.5,0.252974
327.483,1,363,0.25231
328.349,1,362.5,0.251942
329.215,1,362,0.251869
330.081,1,361.5,0.252091
330.947,1,361,0.252027
331.813,1,360.5,0.24721
332.679,1,360,0.242839
333.546,1,359.5,0.238914
334.412,1,359,0.235435
335.278,1,358.5,0.232402
336.144,1,358,0.22959
337.01,1,357.5,0.225421
337.876,1,357,0.220036
338.742,1,356.5,0.213702
339.608,1,356,0.206419
340.474,1,355.5,0.198186
341.34,1,355,0.189004
342.206,1,354.5,0.184893
343.072,1,354,0.187392
343.938,1,353.5,0.19007
344.804,1,353,0.192926
345.67,1,352.5,0.196897
346.536,1,352,0.201318
347.402,1,351.5,0.208322
348.268,1,351,0.231817
349.134,1,350.5,0.252273
350,1,350,0.269689
350.866,1,349.5,0.284066
351.732,1,349,0.295403
352.598,1,348.5,0.3037
353.464,1,348,0.295399
354.33,1,347.5,0.284886
355.196,1,347,0.277412
356.062,1,346.5,0.272366
356.928,1,346,0.267503
357.794,1,345.5,0.262823
358.66,1,345,0.259511
359.526,1,344.5,0.257308
360.392,1,344,0.255113
361.258,1,343.5,0.252926
362.124,1,343,0.250748
362.99,1,342.5,0.248577
363.856,1,342,0.246675
364.722,1,341.5,0.247746
365.588,1,341,0.249982
366.454,1,340.5,0.251941
367.321,1,340,0.253625
368.187,1,339.5,0.255033
369.053,1,339,0.256164
369.919,1,338.5,0.256973
370.785,1,338,0.257599
371.651,1,337.5,0.258054
372.517,1,337,0.258337
373.383,1,336.5,0.258448
374.249,1,336,0.258739
375.115,1,335.5,0.259301
375.981,1,335,0.259941
376.847,1,334.5,0.26065
377.713,1,334,0.261429
378.579,1,333.5,0.262278
379.445,1,333,0.263196
380.311,1,332.5,0.264016
381.177,1,332,0.264405
382.043,1,331.5,0.264788
382.909,1,331,0.265166
383.775,1,330.5,0.265804
384.641,1,330,0.266623
385.507,1,329.5,0.267532
386.373,1,329,0.269401
387.239,1,328.5,0.271399
388.105,1,328,0.273484
388.971,1,327.5,0.275655
389.837,1,327,0.277913
390.703,1,326.5,0.280258
391.569,1,326,0.284005
392.435,1,325.5,0.288558
393.301,1,325,0.292031
394.167,1,324.5,0.294945
395.033,1,324,0.297582
395.899,1,323.5,0.299942
396.765,1,323,0.302364
397.631,1,322.5,0.305368
398.497,1,322,0.30832
399.363,1,321.5,0.311219
400.229,1,321,0.314067
401.095,1,320.5,0.316863
401.962,1,320,0.319604
402.828,1,319.5,0.321265
403.694,1,319,0.323024
404.56,1,318.5,0.325028
405.426,1,318,0.327279
406.292,1,317.5,0.329775
407.158,1,317,0.332518
408.024,1,316.5,0.333584
408.89,1,316,0.334178
409.756,1,315.5,0.335165
410.622,1,315,0.336547
411.488,1,314.5,0.338323
412.354,1,314,0.33973
413.22,1,313.5,0.340082
414.086,1,313,0.338139
414.952,1,312.5,0.336299
415.818,1,312,0.33456
416.684,1,311.5,0.332923
417.55,1,311,0.331389
418.416,1,310.5,0.329574
419.282,1,310,0.322098
420.148,1,309.5,0.314152
421.014,1,309,0.305736
421.88,1,308.5,0.295202
422.746,1,308,0.283264
423.612,1,307.5,0.269961
424.478,1,307,0.247846
425.344,1,306.5,0.223033
426.21,1,306,0.198158
427.076,1,305.5,0.173222
427.942,1,305,0.148224
428.808,1,304.5,0.123166
429.674,1,304,0.108729
430.54,1,303.5,0.110036
431.406,1,303,0.118107
432.272,1,302.5,0.12666
433.138,1,302,0.135696
434.004,1,301.5,0.145213
434.87,1,301,0.154749
435.737,1,300.5,0.1608
436.603,1,300,0.166266
437.469,1,299.5,0.171145
438.335,1,299,0.175437
439.201,1,298.5,0.179144
440.067,1,298,0.182219
440.933,1,297.5,0.180297
441.799,1,297,0.177175
442.665,1,296.5,0.173847
443.531,1,296,0.170312
444.397,1,295.5,0.166571
445.263,1,295,0.162624
446.129,1,294.5,0.158461
446.995,1,294,0.154219
447.861,1,293.5,0.149951
448.727,1,293,0.145659
449.593,1,292.5,0.14131
450.459,1,292,0.13685
451.325,1,291.5,0.132931
452.191,1,291,0.131034
453.057,1,290.5,0.129191
453.923,1,290,0.127403
454.789,1,289.5,0.125669
455.655,1,289,0.12399
456.521,1,288.5,0.122365
457.387,1,288,0.121473
458.253,1,287.5,0.120677
459.119,1,287,0.119862
459.985,1,286.5,0.11903
460.851,1,286,0.118184
461.717,1,285.5,0.117325
462.583,1,285,0.116672
463.449,1,284.5,0.116195
464.315,1,284,0.115715
465.181,1,283.5,0.115233
466.047,1,283,0.114748
466.913,1,282.5,0.11426
467.779,1,282,0.113839
468.645,1,281.5,0.113642
469.512,1,281,0.113446
470.378,1,280.5,0.11325
471.244,1,280,0.113052
472.11,1,279.5,0.112853
472.976,1,279,0.112654
473.842,1,278.5,0.112582
474.708,1,278,0.112519
475.574,1,277.5,0.112455
476.44,1,277,0.112388
477.306,1,276.5,0.11232
478.172,1,276,0.112251
479.038,1,275.5,0.112236
479.904,1,275,0.112255
480.77,1,274.5,0.112272
481.636,1,274,0.112288
482.502,1,273.5,0.112302
483.368,1,273,0.112314
484.234,1,272.5,0.112338
485.1,1,272,0.112391
485.966,1,271.5,0.112444
486.832,1,271,0.112496
487.698,1,270.5,0.112549
488.564,1,270,0.112605
489.43,1,269.5,0.11266
490.296,1,269,0.112716
491.162,1,268.5,0.112772
492.028,1,268,0.112827
492.894,1,267.5,0.11288
493.76,1,267,0.112932
494.626,1,266.5,0.112983
495.492,1,266,0.113027
496.358,1,265.5,0.113065
497.224,1,265,0.113107
498.09,1,264.5,0.113151
498.956,1,264,0.113194
499.822,1,263.5,0.113236
500.688,1,263,0.113271
501.554,1,262.5,0.113296
502.42,1,262,0.113318
503.286,1,261.5,0.11334
504.153,1,261,0.11336
505.019,1,260.5,0.113379
505.885,1,260,0.113397
506.751,1,259.5,0.113411
507.617,1,259,0.113426
508.483,1,258.5,0.11344
509.349,1,258,0.113453
510.215,1,257.5,0.113464
511.081,1,257,0.113474
511.947,1,256.5,0.113478
512.813,1,256,0.113479
513.679,1,255.5,0.113478
514.545,1,255,0.113475
515.411,1,254.5,0.11347
516.277,1,254,0.113466
517.143,1,253.5,0.11346
518.009,1,253,0.113448
518.875,1,252.5,0.113435
519.741,1,252,0.113419
520.607,1,251.5,0.113402
521.473,1,251,0.113383
522.339,1,250.5,0.113362
523.205,1,250,0.113334
524.071,1,249.5,0.113304
524.937,1,249,0.113272
525.803,1,248.5,0.113243
526.669,1,248,0.113215
527.535,1,247.5,0.113184
528.401,1,247,0.113148
529.267,1,246.5,0.113108
530.133,1,246,0.113066
530.999,1,245.5,0.113022
531.865,1,245,0.112977
532.731,1,244.5,0.11293
533.597,1,244,0.112878
534.463,1,243.5,0.112822
535.329,1,243,0.112776
536.195,1,242.5,0.112732
537.061,1,242,0.112686
537.928,1,241.5,0.112639
538.794,1,241,0.112589
539.66,1,240.5,0.112534
540.526,1,240,0.112478
541.392,1,239.5,0.112421
542.258,1,239,0.112362
543.124,1,238.5,0.112303
543.99,1,238,0.112243
544.856,1,237.5,0.112188
545.722,1,237,0.112134
546.588,1,236.5,0.112079
547.454,1,236,0.112023
548.32,1,235.5,0.111966
549.186,1,235,0.111909
550.052,1,234.5,0.111847
550.918,1,234,0.111781
551.784,1,233.5,0.111716
552.65,1,233,0.11165
553.516,1,232.5,0.111584
554.382,1,232,0.111529
555.248,1,231.5,0.111473
556.114,1,231,0.111411
556.98,1,230.5,0.111349
557.846,1,230,0.111287
558.712,1,229.5,0.111226
559.578,1,229,0.111164
560.444,1,228.5,0.111104
561.31,1,228,0.111038
562.176,1,227.5,0.110973
563.042,1,227,0.110908
563.908,1,226.5,0.110855
564.774,1,226,0.110803
565.64,1,225.5,0.110751
566.506,1,225,0.110696
567.372,1,224.5,0.110639
568.238,1,224,0.110583
569.104,1,223.5,0.110527
569.97,1,223,0.110472
570.836,1,222.5,0.110417
571.703,1,222,0.110361
572.569,1,221.5,0.110302
573.435,1,221,0.110252
574.301,1,220.5,0.110203
575.167,1,220,0.110156
576.033,1,219.5,0.110108
576.899,1,219,0.110062
577.765,1,218.5,0.110014
578.631,1,218,0.109968
579.497,1,217.5,0.109922
580.363,1,217,0.109877
581.229,1,216.5,0.109832
582.095,1,216,0.109789
582.961,1,215.5,0.109752
583.827,1,215,0.109716
584.693,1,214.5,0.10968
585.559,1,214,0.109645
586.425,1,213.5,0.109611
587.291,1,213,0.109577
588.157,1,212.5,0.109545
589.023,1,212,0.109512
589.889,1,211.5,0.109481
590.755,1,211,0.10945
591.621,1,210.5,0.109421
592.487,1,210,0.109396
593.353,1,209.5,0.109371
594.219,1,209,0.109347
595.085,1,208.5,0.109324
595.951,1,208,0.109301
596.817,1,207.5,0.109279
597.683,1,207,0.109258
598.549,1,206.5,0.109237
599.415,1,206,0.109217
600.281,1,205.5,0.109198
601.147,1,205,0.10918
602.013,1,204.5,0.109166
602.879,1,204,0.109152
603.745,1,203.5,0.109139
604.611,1,203,0.109127
605.477,1,202.5,0.109115
606.344,1,202,0.109103
607.21,1,201.5,0.109092
608.076,1,201,0.109082
608.942,1,200.5,0.109071
609.808,1,200,0.109062
