x,y,z,b
90.1924,1,500,0.105791
91.0584,1,499.5,0.105752
91.9244,1,499,0.105712
92.7905,1,498.5,0.105672
93.6565,1,498,0.105632
94.5225,1,497.5,0.105591
95.3885,1,497,0.105551
96.2546,1,496.5,0.105504
97.1206,1,496,0.105454
97.9866,1,495.5,0.105403
98.8526,1,495,0.105352
99.7187,1,494.5,0.105301
100.585,1,494,0.105249
101.451,1,493.5,0.105194
102.317,1,493,0.105133
103.183,1,492.5,0.105071
104.049,1,492,0.105008
104.915,1,491.5,0.104946
105.781,1,491,0.104882
106.647,1,490.5,0.104819
107.513,1,490,0.104749
108.379,1,489.5,0.104678
109.245,1,489,0.104608
110.111,1,488.5,0.104536
110.977,1,488,0.104464
111.843,1,487.5,0.104392
112.709,1,487,0.104317
113.575,1,486.5,0.10424
114.441,1,486,0.104162
115.307,1,485.5,0.104084
116.173,1,485,0.104006
117.039,1,484.5,0.103927
117.905,1,484,0.103846
118.771,1,483.5,0.103764
119.637,1,483,0.103682
120.503,1,482.5,0.103598
121.369,1,482,0.103515
122.235,1,481.5,0.10343
123.101,1,481,0.103346
123.967,1,480.5,0.103259
124.833,1,480,0.103173
125.699,1,479.5,0.103085
126.565,1,479,0.102997
127.431,1,478.5,0.102909
128.297,1,478,0.10282
129.164,1,477.5,0.102731
130.03,1,477,0.102642
130.896,1,476.5,0.102551
131.762,1,476,0.102461
132.628,1,475.5,0.10237
133.494,1,475,0.102278
134.36,1,474.5,0.102187
135.226,1,474,0.102096
136.092,1,473.5,0.102005
136.958,1,473,0.101914
137.824,1,472.5,0.101822
138.69,1,472,0.10173
139.556,1,471.5,0.101639
140.422,1,471,0.10155
141.288,1,470.5,0.101462
142.154,1,470,0.101373
143.02,1,469.5,0.101284
143.886,1,469,0.101196
144.752,1,468.5,0.101107
145.618,1,468,0.101028
146.484,1,467.5,0.100953
147.35,1,467,0.100879
148.216,1,466.5,0.100806
149.082,1,466,0.100733
149.948,1,465.5,0.10066
150.814,1,465,0.100598
151.68,1,464.5,0.100548
152.546,1,464,0.100499
153.412,1,463.5,0.100451
154.278,1,463,0.100403
155.144,1,462.5,0.100357
156.01,1,462,0.100318
156.876,1,461.5,0.100306
157.742,1,461,0.100296
158.608,1,460.5,0.100288
159.474,1,460,0.100282
160.34,1,459.5,0.100278
161.206,1,459,0.100276
162.072,1,458.5,0.100309
162.939,1,458,0.100351
163.805,1,457.5,0.100396
164.671,1,457,0.100443
165.537,1,456.5,0.100495
166.403,1,456,0.100555
167.269,1,455.5,0.100645
168.135,1,455,0.100762
169.001,1,454.5,0.100884
169.867,1,454,0.10101
170.733,1,453.5,0.101142
171.599,1,453,0.101278
172.465,1,452.5,0.101431
173.331,1,452,0.101632
174.197,1,451.5,0.101838
175.063,1,451,0.102054
175.929,1,450.5,0.102285
176.795,1,450,0.102522
177.661,1,449.5,0.102766
178.527,1,449,0.103076
179.393,1,448.5,0.1034
180.259,1,448,0.103733
181.125,1,447.5,0.104074
181.991,1,447,0.104423
182.857,1,446.5,0.104781
183.723,1,446,0.105183
184.589,1,445.5,0.105627
185.455,1,445,0.106093
186.321,1,444.5,0.10657
187.187,1,444,0.107059
188.053,1,443.5,0.107559
188.919,1,443,0.108088
189.785,1,442.5,0.108673
190.651,1,442,0.109272
191.517,1,441.5,0.109883
192.383,1,441,0.110508
193.249,1,440.5,0.111145
194.115,1,440,0.11181
194.981,1,439.5,0.112557
195.847,1,439,0.113324
196.714,1,438.5,0.114108
197.58,1,438,0.114908
198.446,1,437.5,0.115726
199.312,1,437,0.116561
200.178,1,436.5,0.117444
201.044,1,436,0.118361
201.91,1,435.5,0.119297
202.776,1,435,0.120252
203.642,1,434.5,0.12125
204.508,1,434,0.12229
205.374,1,433.5,0.123363
206.24,1,433,0.124481
207.106,1,432.5,0.125624
207.972,1,432,0.126793
208.838,1,431.5,0.127986
209.704,1,431,0.129205
210.57,1,430.5,0.130449
211.436,1,430,0.131741
212.302,1,429.5,0.133062
213.168,1,429,0.134451
214.034,1,428.5,0.135901
214.9,1,428,0.137386
215.766,1,427.5,0.138907
216.632,1,427,0.14047
217.498,1,426.5,0.142077
218.364,1,426,0.143726
219.23,1,425.5,0.145417
220.096,1,425,0.147151
220.962,1,424.5,0.148927
221.828,1,424,0.150717
222.694,1,423.5,0.152612
223.56,1,423,0.154613
224.426,1,422.5,0.156665
225.292,1,422,0.158768
226.158,1,421.5,0.160923
227.024,1,421,0.163108
227.89,1,420.5,0.165076
228.756,1,420,0.167062
229.622,1,419.5,0.169064
230.488,1,419,0.171083
231.355,1,418.5,0.17312
232.221,1,418,0.174853
233.087,1,417.5,0.176086
233.953,1,417,0.177149
234.819,1,416.5,0.178134
235.685,1,416,0.179041
236.551,1,415.5,0.17987
237.417,1,415,0.180621
238.283,1,414.5,0.181287
239.149,1,414,0.181898
240.015,1,413.5,0.182479
240.881,1,413,0.183029
241.747,1,412.5,0.183204
242.613,1,412,0.183371
243.479,1,411.5,0.18366
244.345,1,411,0.184184
245.211,1,410.5,0.184825
246.077,1,410,0.185585
246.943,1,409.5,0.186461
247.809,1,409,0.187456
248.675,1,408.5,0.188568
249.541,1,408,0.189103
250.407,1,407.5,0.189425
251.273,1,407,0.190092
252.139,1,406.5,0.190743
253.005,1,406,0.191298
253.871,1,405.5,0.191755
254.737,1,405,0.192038
255.603,1,404.5,0.192117
256.469,1,404,0.19206
257.335,1,403.5,0.191866
258.201,1,403,0.191535
259.067,1,402.5,0.191068
259.933,1,402,0.190559
260.799,1,401.5,0.190966
261.665,1,401,0.191312
262.531,1,400.5,0.191529
263.397,1,400,0.191619
264.263,1,399.5,0.191581
265.13,1,399,0.191414
265.996,1,398.5,0.191415
266.862,1,398,0.191352
267.728,1,397.5,0.191185
268.594,1,397,0.190914
269.46,1,396.5,0.19054
270.326,1,396,0.190695
271.192,1,395.5,0.191233
272.058,1,395,0.192039
272.924,1,394.5,0.192756
273.79,1,394,0.193386
274.656,1,393.5,0.193928
275.522,1,393,0.194382
276.388,1,392.5,0.194872
277.254,1,392,0.195729
278.12,1,391.5,0.196632
278.986,1,391,0.197596
279.852,1,390.5,0.199032
280.718,1,390,0.200418
281.584,1,389.5,0.201755
282.45,1,389,0.202976
283.316,1,388.5,0.204252
284.182,1,388,0.205592
285.048,1,387.5,0.206995
285.914,1,387,0.208462
286.78,1,386.5,0.209992
287.646,1,386,0.211624
288.512,1,385.5,0.213416
289.378,1,385,0.215482
290.244,1,384.5,0.217435
291.11,1,384,0.219277
291.976,1,383.5,0.221006
292.842,1,383,0.222143
293.708,1,382.5,0.221814
294.574,1,382,0.220972
295.44,1,381.5,0.219619
296.306,1,381,0.217753
297.172,1,380.5,0.215375
298.038,1,380,0.212482
298.905,1,379.5,0.211604
299.771,1,379,0.210966
300.637,1,378.5,0.210547
301.503,1,378,0.210347
302.369,1,377.5,0.210367
303.235,1,377,0.210606
304.101,1,376.5,0.211777
304.967,1,376,0.21347
305.833,1,375.5,0.215335
306.699,1,375,0.217373
307.565,1,374.5,0.219487
308.431,1,374,0.221426
309.297,1,373.5,0.223748
310.163,1,373,0.226547
311.029,1,372.5,0.229393
311.895,1,372,0.232289
312.761,1,371.5,0.235233
313.627,1,371,0.238225
314.493,1,370.5,0.241252
315.359,1,370,0.24402
316.225,1,369.5,0.24678
317.091,1,369,0.249366
317.957,1,368.5,0.25152
318.823,1,368,0.253668
319.689,1,367.5,0.255809
320.555,1,367,0.257451
321.421,1,366.5,0.258948
322.287,1,366,0.260487
323.153,1,365.5,0.262069
324.019,1,365,0.263693
324.885,1,364.5,0.265359
325.751,1,364,0.266591
326.617,1,363.5,0.267236
327.483,1,363,0.267814
328.349,1,362.5,0.268492
329.215,1,362,0.269272
330.081,1,361.5,0.270153
330.947,1,361,0.270621
331.813,1,360.5,0.266778
332.679,1,360,0.263281
333.546,1,359.5,0.26013
334.412,1,359,0.257325
335.278,1,358.5,0.254866
336.144,1,358,0.252604
337.01,1,357.5,0.249278
337.876,1,357,0.245314
338.742,1,356.5,0.240951
339.608,1,356,0.23619
340.474,1,355.5,0.23103
341.34,1,355,0.225472
342.206,1,354.5,0.223717
343.072,1,354,0.227413
343.938,1,353.5,0.232278
344.804,1,353,0.238311
345.67,1,352.5,0.244314
346.536,1,352,0.248896
347.402,1,351.5,0.255387
348.268,1,351,0.273529
349.134,1,350.5,0.289816
350,1,350,0.304246
350.866,1,349.5,0.316821
351.732,1,349,0.327539
352.598,1,348.5,0.336401
353.464,1,348,0.327929
354.33,1,347.5,0.320342
355.196,1,347,0.314754
356.062,1,346.5,0.308685
356.928,1,346,0.303288
357.794,1,345.5,0.298562
358.66,1,345,0.295048
359.526,1,344.5,0.292492
360.392,1,344,0.29035
361.258,1,343.5,0.288623
362.124,1,343,0.287311
362.99,1,342.5,0.286413
363.856,1,342,0.28585
364.722,1,341.5,0.285916
365.588,1,341,0.286507
366.454,1,340.5,0.287137
367.321,1,340,0.287806
368.187,1,339.5,0.288513
369.053,1,339,0.289258
369.919,1,338.5,0.289939
370.785,1,338,0.290571
371.651,1,337.5,0.291163
372.517,1,337,0.291715
373.383,1,336.5,0.292226
374.249,1,336,0.292857
375.115,1,335.5,0.293544
375.981,1,335,0.294217
376.847,1,334.5,0.294892
377.713,1,334,0.295568
378.579,1,333.5,0.296245
379.445,1,333,0.296924
380.311,1,332.5,0.297703
381.177,1,332,0.298731
382.043,1,331.5,0.299731
382.909,1,331,0.300701
383.775,1,330.5,0.301939
384.641,1,330,0.303349
385.507,1,329.5,0.304827
386.373,1,329,0.306792
387.239,1,328.5,0.308763
388.105,1,328,0.310717
388.971,1,327.5,0.312656
389.837,1,327,0.314579
390.703,1,326.5,0.316485
391.569,1,326,0.317861
392.435,1,325.5,0.31902
393.301,1,325,0.320436
394.167,1,324.5,0.321961
395.033,1,324,0.323546
395.899,1,323.5,0.32519
396.765,1,323,0.326401
397.631,1,322.5,0.326594
398.497,1,322,0.32677
399.363,1,321.5,0.326929
400.229,1,321,0.32707
401.095,1,320.5,0.327195
401.962,1,320,0.327298
402.828,1,319.5,0.327156
403.694,1,319,0.327004
404.56,1,318.5,0.326819
405.426,1,318,0.326601
406.292,1,317.5,0.326351
407.158,1,317,0.326068
408.024,1,316.5,0.324428
408.89,1,316,0.32246
409.756,1,315.5,0.320799
410.622,1,315,0.319443
411.488,1,314.5,0.318394
412.354,1,314,0.316315
413.22,1,313.5,0.309696
414.086,1,313,0.296104
414.952,1,312.5,0.282519
415.818,1,312,0.268943
416.684,1,311.5,0.255374
417.55,1,311,0.241813
418.416,1,310.5,0.228274
419.282,1,310,0.215138
420.148,1,309.5,0.202402
421.014,1,309,0.190066
421.88,1,308.5,0.177175
422.746,1,308,0.165291
423.612,1,307.5,0.154456
424.478,1,307,0.14972
425.344,1,306.5,0.146823
426.21,1,306,0.14396
427.076,1,305.5,0.141132
427.942,1,305,0.138338
428.808,1,304.5,0.135579
429.674,1,304,0.133318
430.54,1,303.5,0.131593
431.406,1,303,0.129638
432.272,1,302.5,0.12764
433.138,1,302,0.125599
434.004,1,301.5,0.123516
434.87,1,301,0.121575
435.737,1,300.5,0.120935
436.603,1,300,0.120256
437.469,1,299.5,0.119538
438.335,1,299,0.118781
439.201,1,298.5,0.117985
440.067,1,298,0.117151
440.933,1,297.5,0.116728
441.799,1,297,0.116391
442.665,1,296.5,0.116034
443.531,1,296,0.115656
444.397,1,295.5,0.115257
445.263,1,295,0.114838
446.129,1,294.5,0.114558
446.995,1,294,0.11443
447.861,1,293.5,0.114293
448.727,1,293,0.114145
449.593,1,292.5,0.113988
450.459,1,292,0.113815
451.325,1,291.5,0.11366
452.191,1,291,0.11363
453.057,1,290.5,0.113596
453.923,1,290,0.113558
454.789,1,289.5,0.113517
455.655,1,289,0.113472
456.521,1,288.5,0.113423
457.387,1,288,0.113469
458.253,1,287.5,0.113531
459.119,1,287,0.113594
459.985,1,286.5,0.113662
460.851,1,286,0.113725
461.717,1,285.5,0.113785
462.583,1,285,0.11385
463.449,1,284.5,0.113922
464.315,1,284,0.113994
465.181,1,283.5,0.114066
466.047,1,283,0.114139
466.913,1,282.5,0.114212
467.779,1,282,0.114281
468.645,1,281.5,0.114337
469.512,1,281,0.114397
470.378,1,280.5,0.114457
471.244,1,280,0.114517
472.11,1,279.5,0.114576
472.976,1,279,0.114635
473.842,1,278.5,0.114687
474.708,1,278,0.114738
475.574,1,277.5,0.114788
476.44,1,277,0.114836
477.306,1,276.5,0.114882
478.172,1,276,0.114929
479.038,1,275.5,0.114972
479.904,1,275,0.115011
480.77,1,274.5,0.115049
481.636,1,274,0.115084
482.502,1,273.5,0.115118
483.368,1,273,0.11515
484.234,1,272.5,0.115178
485.1,1,272,0.115197
485.966,1,271.5,0.115215
486.832,1,271,0.11523
487.698,1,270.5,0.115247
488.564,1,270,0.115265
489.43,1,269.5,0.115282
490.296,1,269,0.115287
491.162,1,268.5,0.115289
492.028,1,268,0.115289
492.894,1,267.5,0.115288
493.76,1,267,0.115284
494.626,1,266.5,0.115278
495.492,1,266,0.115264
496.358,1,265.5,0.115244
497.224,1,265,0.115228
498.09,1,264.5,0.115216
498.956,1,264,0.115201
499.822,1,263.5,0.115185
500.688,1,263,0.115164
501.554,1,262.5,0.115135
502.42,1,262,0.115104
503.286,1,261.5,0.115071
504.153,1,261,0.115036
505.019,1,260.5,0.114999
505.885,1,260,0.114959
506.751,1,259.5,0.114916
507.617,1,259,0.114877
508.483,1,258.5,0.114836
509.349,1,258,0.114793
510.215,1,257.5,0.114748
511.081,1,257,0.114701
511.947,1,256.5,0.114647
512.813,1,256,0.11459
513.679,1,255.5,0.11453
514.545,1,255,0.11447
515.411,1,254.5,0.114407
516.277,1,254,0.114349
517.143,1,253.5,0.114291
518.009,1,253,0.114228
518.875,1,252.5,0.114163
519.741,1,252,0.114097
520.607,1,251.5,0.114029
521.473,1,251,0.113961
522.339,1,250.5,0.11389
523.205,1,250,0.113811
524.071,1,249.5,0.113732
524.937,1,249,0.113652
525.803,1,248.5,0.113578
526.669,1,248,0.113507
527.535,1,247.5,0.113435
528.401,1,247,0.113353
529.267,1,246.5,0.11327
530.133,1,246,0.113186
530.999,1,245.5,0.113102
531.865,1,245,0.113018
532.731,1,244.5,0.112935
533.597,1,244,0.112847
534.463,1,243.5,0.112753
535.329,1,243,0.11267
536.195,1,242.5,0.112592
537.061,1,242,0.112515
537.928,1,241.5,0.112437
538.794,1,241,0.112359
539.66,1,240.5,0.112275
540.526,1,240,0.112192
541.392,1,239.5,0.11211
542.258,1,239,0.112028
543.124,1,238.5,0.111947
543.99,1,238,0.111868
544.856,1,237.5,0.111791
545.722,1,237,0.111716
546.588,1,236.5,0.111642
547.454,1,236,0.111569
548.32,1,235.5,0.111497
549.186,1,235,0.111426
550.052,1,234.5,0.111353
550.918,1,234,0.111279
551.784,1,233.5,0.111206
552.65,1,233,0.111134
553.516,1,232.5,0.111063
554.382,1,232,0.111003
555.248,1,231.5,0.110944
556.114,1,231,0.110884
556.98,1,230.5,0.110826
557.846,1,230,0.110768
558.712,1,229.5,0.110712
559.578,1,229,0.110657
560.444,1,228.5,0.110603
561.31,1,228,0.110549
562.176,1,227.5,0.110496
563.042,1,227,0.110445
563.908,1,226.5,0.110402
564.774,1,226,0.110361
565.64,1,225.5,0.11032
566.506,1,225,0.110279
567.372,1,224.5,0.110237
568.238,1,224,0.110196
569.104,1,223.5,0.110155
569.97,1,223,0.110115
570.836,1,222.5,0.110076
571.703,1,222,0.110037
572.569,1,221.5,0.109999
573.435,1,221,0.109966
574.301,1,220.5,0.109933
575.167,1,220,0.109902
576.033,1,219.5,0.109871
576.899,1,219,0.109841
577.765,1,218.5,0.109812
578.631,1,218,0.109784
579.497,1,217.5,0.109757
580.363,1,217,0.10973
581.229,1,216.5,0.109705
582.095,1,216,0.10968
582.961,1,215.5,0.109658
583.827,1,215,0.109637
584.693,1,214.5,0.109616
585.559,1,214,0.109596
586.425,1,213.5,0.109577
587.291,1,213,0.109558
588.157,1,212.5,0.10954
589.023,1,212,0.109523
589.889,1,211.5,0.109506
590.755,1,211,0.10949
591.621,1,210.5,0.109474
592.487,1,210,0.109461
593.353,1,209.5,0.109448
594.219,1,209,0.109436
595.085,1,208.5,0.109424
595.951,1,208,0.109412
596.817,1,207.5,0.109401
597.683,1,207,0.109391
598.549,1,206.5,0.10938
599.415,1,206,0.109371
600.281,1,205.5,0.109361
601.147,1,205,0.109353
602.013,1,204.5,0.109346
602.879,1,204,0.109339
603.745,1,203.5,0.109332
604.611,1,203,0.109326
605.477,1,202.5,0.10932
606.344,1,202,0.109314
607.21,1,201.5,0.109308
608.076,1,201,0.109303
608.942,1,200.5,0.109298
609.808,1,200,0.109293
