x,y,z,b
90.1924,1,500,0.109162
91.0584,1,499.5,0.109162
91.9244,1,499,0.109162
92.7905,1,498.5,0.109163
93.6565,1,498,0.109163
94.5225,1,497.5,0.109163
95.3885,1,497,0.109163
96.2546,1,496.5,0.109163
97.1206,1,496,0.109163
97.9866,1,495.5,0.109164
98.8526,1,495,0.109164
99.7187,1,494.5,0.109164
100.585,1,494,0.109164
101.451,1,493.5,0.109164
102.317,1,493,0.109164
103.183,1,492.5,0.109164
104.049,1,492,0.109165
104.915,1,491.5,0.109165
105.781,1,491,0.109165
106.647,1,490.5,0.109165
107.513,1,490,0.109165
108.379,1,489.5,0.109165
109.245,1,489,0.109165
110.111,1,488.5,0.109165
110.977,1,488,0.109165
111.843,1,487.5,0.109165
112.709,1,487,0.109166
113.575,1,486.5,0.109166
114.441,1,486,0.109166
115.307,1,485.5,0.109166
116.173,1,485,0.109166
117.039,1,484.5,0.109166
117.905,1,484,0.109166
118.771,1,483.5,0.109166
119.637,1,483,0.109166
120.503,1,482.5,0.109166
121.369,1,482,0.109166
122.235,1,481.5,0.109166
123.101,1,481,0.109166
123.967,1,480.5,0.109166
124.833,1,480,0.109166
125.699,1,479.5,0.109166
126.565,1,479,0.109166
127.431,1,478.5,0.109166
128.297,1,478,0.109166
129.164,1,477.5,0.109166
130.03,1,477,0.109165
130.896,1,476.5,0.109165
131.762,1,476,0.109165
132.628,1,475.5,0.109165
133.494,1,475,0.109165
134.36,1,474.5,0.109165
135.226,1,474,0.109165
136.092,1,473.5,0.109165
136.958,1,473,0.109164
137.824,1,472.5,0.109164
138.69,1,472,0.109164
139.556,1,471.5,0.109164
140.422,1,471,0.109164
141.288,1,470.5,0.109163
142.154,1,470,0.109163
143.02,1,469.5,0.109163
143.886,1,469,0.109163
144.752,1,468.5,0.109163
145.618,1,468,0.109162
146.484,1,467.5,0.109162
147.35,1,467,0.109161
148.216,1,466.5,0.109161
149.082,1,466,0.109161
149.948,1,465.5,0.10916
150.814,1,465,0.10916
151.68,1,464.5,0.109159
152.546,1,464,0.109159
153.412,1,463.5,0.109158
154.278,1,463,0.109158
155.144,1,462.5,0.109157
156.01,1,462,0.109157
156.876,1,461.5,0.109156
157.742,1,461,0.109156
158.608,1,460.5,0.109155
159.474,1,460,0.109154
160.34,1,459.5,0.109154
161.206,1,459,0.109153
162.072,1,458.5,0.109152
162.939,1,458,0.109151
163.805,1,457.5,0.10915
164.671,1,457,0.109149
165.537,1,456.5,0.109149
166.403,1,456,0.109148
167.269,1,455.5,0.109147
168.135,1,455,0.109145
169.001,1,454.5,0.109144
169.867,1,454,0.109143
170.733,1,453.5,0.109142
171.599,1,453,0.109141
172.465,1,452.5,0.109139
173.331,1,452,0.109138
174.197,1,451.5,0.109136
175.063,1,451,0.109135
175.929,1,450.5,0.109133
176.795,1,450,0.109132
177.661,1,449.5,0.10913
178.527,1,449,0.109128
179.393,1,448.5,0.109126
180.259,1,448,0.109124
181.125,1,447.5,0.109122
181.991,1,447,0.10912
182.857,1,446.5,0.109118
183.723,1,446,0.109116
184.589,1,445.5,0.109113
185.455,1,445,0.10911
186.321,1,444.5,0.109108
187.187,1,444,0.109105
188.053,1,443.5,0.109103
188.919,1,443,0.1091
189.785,1,442.5,0.109096
190.651,1,442,0.109093
191.517,1,441.5,0.109089
192.383,1,441,0.109086
193.249,1,440.5,0.109082
194.115,1,440,0.109079
194.981,1,439.5,0.109074
195.847,1,439,0.10907
196.714,1,438.5,0.109065
197.58,1,438,0.109061
198.446,1,437.5,0.109057
199.312,1,437,0.109052
200.178,1,436.5,0.109047
201.044,1,436,0.109041
201.91,1,435.5,0.109035
202.776,1,435,0.109029
203.642,1,434.5,0.109023
204.508,1,434,0.109017
205.374,1,433.5,0.10901
206.24,1,433,0.109003
207.106,1,432.5,0.108995
207.972,1,432,0.108987
208.838,1,431.5,0.10898
209.704,1,431,0.108972
210.57,1,430.5,0.108964
211.436,1,430,0.108954
212.302,1,429.5,0.108943
213.168,1,429,0.108933
214.034,1,428.5,0.108923
214.9,1,428,0.108913
215.766,1,427.5,0.108903
216.632,1,427,0.108891
217.498,1,426.5,0.108878
218.364,1,426,0.108865
219.23,1,425.5,0.108852
220.096,1,425,0.108839
220.962,1,424.5,0.108826
221.828,1,424,0.108811
222.694,1,423.5,0.108793
223.56,1,423,0.108776
224.426,1,422.5,0.108758
225.292,1,422,0.10874
226.158,1,421.5,0.108722
227.024,1,421,0.108704
227.89,1,420.5,0.108681
228.756,1,420,0.108658
229.622,1,419.5,0.108634
230.488,1,419,0.108611
231.355,1,418.5,0.108587
232.221,1,418,0.108564
233.087,1,417.5,0.108535
233.953,1,417,0.108505
234.819,1,416.5,0.108475
235.685,1,416,0.108444
236.551,1,415.5,0.108413
237.417,1,415,0.108382
238.283,1,414.5,0.108347
239.149,1,414,0.108306
240.015,1,413.5,0.108266
240.881,1,413,0.108225
241.747,1,412.5,0.108184
242.613,1,412,0.108143
243.479,1,411.5,0.108099
244.345,1,411,0.108043
245.211,1,410.5,0.107987
246.077,1,410,0.10793
246.943,1,409.5,0.107873
247.809,1,409,0.107815
248.675,1,408.5,0.107757
249.541,1,408,0.107685
250.407,1,407.5,0.107609
251.273,1,407,0.107536
252.139,1,406.5,0.107462
253.005,1,406,0.107388
253.871,1,405.5,0.107314
254.737,1,405,0.107227
255.603,1,404.5,0.107126
256.469,1,404,0.107025
257.335,1,403.5,0.106923
258.201,1,403,0.10682
259.067,1,402.5,0.106716
259.933,1,402,0.106605
260.799,1,401.5,0.106472
261.665,1,401,0.106337
262.531,1,400.5,0.106202
263.397,1,400,0.106066
264.263,1,399.5,0.105929
265.13,1,399,0.105791
265.996,1,398.5,0.10561
266.862,1,398,0.105422
267.728,1,397.5,0.105232
268.594,1,397,0.105041
269.46,1,396.5,0.104848
270.326,1,396,0.104664
271.192,1,395.5,0.104448
272.058,1,395,0.104207
272.924,1,394.5,0.103965
273.79,1,394,0.103722
274.656,1,393.5,0.103479
275.522,1,393,0.103234
276.388,1,392.5,0.102968
277.254,1,392,0.102635
278.12,1,391.5,0.1023
278.986,1,391,0.101963
279.852,1,390.5,0.101638
280.718,1,390,0.101313
281.584,1,389.5,0.100988
282.45,1,389,0.100531
283.316,1,388.5,0.100068
284.182,1,388,0.0996096
285.048,1,387.5,0.0991546
285.914,1,387,0.0987032
286.78,1,386.5,0.0982556
287.646,1,386,0.0976292
288.512,1,385.5,0.0968917
289.378,1,385,0.0961873
290.244,1,384.5,0.0954939
291.11,1,384,0.0948114
291.976,1,383.5,0.0941399
292.842,1,383,0.0935374
293.708,1,382.5,0.093027
294.574,1,382,0.0924492
295.44,1,381.5,0.091804
296.306,1,381,0.0910913
297.172,1,380.5,0.0903112
298.038,1,380,0.0894897
298.905,1,379.5,0.0899748
299.771,1,379,0.090353
300.637,1,378.5,0.090612
301.503,1,378,0.0907518
302.369,1,377.5,0.0907723
303.235,1,377,0.0906736
304.101,1,376.5,0.093661
304.967,1,376,0.097644
305.833,1,375.5,0.101001
306.699,1,375,0.103731
307.565,1,374.5,0.105999
308.431,1,374,0.108344
309.297,1,373.5,0.114919
310.163,1,373,0.129012
311.029,1,372.5,0.142232
311.895,1,372,0.154579
312.761,1,371.5,0.166054
313.627,1,371,0.176657
314.493,1,370.5,0.186307
315.359,1,370,0.194151
316.225,1,369.5,0.202512
317.091,1,369,0.211174
317.957,1,368.5,0.219683
318.823,1,368,0.228519
319.689,1,367.5,0.237684
320.555,1,367,0.241229
321.421,1,366.5,0.243101
322.287,1,366,0.245516
323.153,1,365.5,0.248473
324.019,1,365,0.251972
324.885,1,364.5,0.256013
325.751,1,364,0.259119
326.617,1,363.5,0.259782
327.483,1,363,0.259418
328.349,1,362.5,0.259404
329.215,1,362,0.25974
330.081,1,361.5,0.260425
330.947,1,361,0.261208
331.813,1,360.5,0.260089
332.679,1,360,0.259276
333.546,1,359.5,0.258769
334.412,1,359,0.258567
335.278,1,358.5,0.258671
336.144,1,358,0.258107
337.01,1,357.5,0.255682
337.876,1,357,0.252782
338.742,1,356.5,0.24953
339.608,1,356,0.245923
340.474,1,355.5,0.241963
341.34,1,355,0.237649
342.206,1,354.5,0.234123
343.072,1,354,0.232355
343.938,1,353.5,0.231368
344.804,1,353,0.231161
345.67,1,352.5,0.228023
346.536,1,352,0.218765
347.402,1,351.5,0.209077
348.268,1,351,0.207366
349.134,1,350.5,0.198777
350,1,350,0.183311
350.866,1,349.5,0.160967
351.732,1,349,0.131745
352.598,1,348.5,0.0956458
353.464,1,348,0.0707166
354.33,1,347.5,0.0589736
355.196,1,347,0.0708177
356.062,1,346.5,0.093836
356.928,1,346,0.11378
357.794,1,345.5,0.130649
358.66,1,345,0.1363
359.526,1,344.5,0.134198
360.392,1,344,0.132431
361.258,1,343.5,0.131001
362.124,1,343,0.129906
362.99,1,342.5,0.129147
363.856,1,342,0.128572
364.722,1,341.5,0.127805
365.588,1,341,0.127232
366.454,1,340.5,0.126742
367.321,1,340,0.126335
368.187,1,339.5,0.126011
369.053,1,339,0.12577
369.919,1,338.5,0.125534
370.785,1,338,0.12534
371.651,1,337.5,0.125194
372.517,1,337,0.125097
373.383,1,336.5,0.125049
374.249,1,336,0.125192
375.115,1,335.5,0.125469
375.981,1,335,0.125769
376.847,1,334.5,0.126028
377.713,1,334,0.126247
378.579,1,333.5,0.126426
379.445,1,333,0.126565
380.311,1,332.5,0.12669
381.177,1,332,0.126855
382.043,1,331.5,0.126994
382.909,1,331,0.127106
383.775,1,330.5,0.12722
384.641,1,330,0.12733
385.507,1,329.5,0.127427
386.373,1,329,0.127442
387.239,1,328.5,0.127451
388.105,1,328,0.127457
388.971,1,327.5,0.127459
389.837,1,327,0.127457
390.703,1,326.5,0.127452
391.569,1,326,0.127405
392.435,1,325.5,0.127336
393.301,1,325,0.1273
394.167,1,324.5,0.127268
395.033,1,324,0.12723
395.899,1,323.5,0.127185
396.765,1,323,0.127112
397.631,1,322.5,0.126993
398.497,1,322,0.126873
399.363,1,321.5,0.126752
400.229,1,321,0.126631
401.095,1,320.5,0.126508
401.962,1,320,0.126385
402.828,1,319.5,0.126263
403.694,1,319,0.126138
404.56,1,318.5,0.126007
405.426,1,318,0.125868
406.292,1,317.5,0.125722
407.158,1,317,0.125569
408.024,1,316.5,0.125391
408.89,1,316,0.125196
409.756,1,315.5,0.124994
410.622,1,315,0.124785
411.488,1,314.5,0.124567
412.354,1,314,0.124395
413.22,1,313.5,0.124215
414.086,1,313,0.124017
414.952,1,312.5,0.123812
415.818,1,312,0.123599
416.684,1,311.5,0.123378
417.55,1,311,0.12315
418.416,1,310.5,0.122912
419.282,1,310,0.122639
420.148,1,309.5,0.122358
421.014,1,309,0.12207
421.88,1,308.5,0.12183
422.746,1,308,0.121586
423.612,1,307.5,0.121337
424.478,1,307,0.121059
425.344,1,306.5,0.12077
426.21,1,306,0.120477
427.076,1,305.5,0.12018
427.942,1,305,0.119879
428.808,1,304.5,0.119575
429.674,1,304,0.119252
430.54,1,303.5,0.11891
431.406,1,303,0.118628
432.272,1,302.5,0.118345
433.138,1,302,0.11806
434.004,1,301.5,0.117775
434.87,1,301,0.117485
435.737,1,300.5,0.11717
436.603,1,300,0.116856
437.469,1,299.5,0.116543
438.335,1,299,0.116231
439.201,1,298.5,0.115919
440.067,1,298,0.115615
440.933,1,297.5,0.115351
441.799,1,297,0.115084
442.665,1,296.5,0.114821
443.531,1,296,0.11456
444.397,1,295.5,0.114302
445.263,1,295,0.114046
446.129,1,294.5,0.113787
446.995,1,294,0.113526
447.861,1,293.5,0.113268
448.727,1,293,0.113014
449.593,1,292.5,0.112772
450.459,1,292,0.112571
451.325,1,291.5,0.112372
452.191,1,291,0.112172
453.057,1,290.5,0.111976
453.923,1,290,0.111783
454.789,1,289.5,0.111595
455.655,1,289,0.111411
456.521,1,288.5,0.111231
457.387,1,288,0.111056
458.253,1,287.5,0.110885
459.119,1,287,0.110726
459.985,1,286.5,0.110597
460.851,1,286,0.110472
461.717,1,285.5,0.11035
462.583,1,285,0.110234
463.449,1,284.5,0.110122
464.315,1,284,0.110014
465.181,1,283.5,0.109909
466.047,1,283,0.109808
466.913,1,282.5,0.10971
467.779,1,282,0.109617
468.645,1,281.5,0.109536
469.512,1,281,0.109467
470.378,1,280.5,0.109401
471.244,1,280,0.109337
472.11,1,279.5,0.109275
472.976,1,279,0.109216
473.842,1,278.5,0.109166
474.708,1,278,0.109118
475.574,1,277.5,0.109073
476.44,1,277,0.10903
477.306,1,276.5,0.108989
478.172,1,276,0.108952
479.038,1,275.5,0.108924
479.904,1,275,0.1089
480.77,1,274.5,0.108877
481.636,1,274,0.108855
482.502,1,273.5,0.108834
483.368,1,273,0.108815
484.234,1,272.5,0.108798
485.1,1,272,0.108787
485.966,1,271.5,0.108776
486.832,1,271,0.108767
487.698,1,270.5,0.108759
488.564,1,270,0.108751
489.43,1,269.5,0.108744
490.296,1,269,0.108742
491.162,1,268.5,0.10874
492.028,1,268,0.108739
492.894,1,267.5,0.108737
493.76,1,267,0.108736
494.626,1,266.5,0.108736
495.492,1,266,0.108737
496.358,1,265.5,0.10874
497.224,1,265,0.108742
498.09,1,264.5,0.108745
498.956,1,264,0.108747
499.822,1,263.5,0.10875
500.688,1,263,0.108753
501.554,1,262.5,0.108758
502.42,1,262,0.108763
503.286,1,261.5,0.108768
504.153,1,261,0.108773
505.019,1,260.5,0.108778
505.885,1,260,0.108783
506.751,1,259.5,0.108789
507.617,1,259,0.108794
508.483,1,258.5,0.108799
509.349,1,258,0.108804
510.215,1,257.5,0.10881
511.081,1,257,0.108815
511.947,1,256.5,0.108821
512.813,1,256,0.108827
513.679,1,255.5,0.108833
514.545,1,255,0.108839
515.411,1,254.5,0.108845
516.277,1,254,0.108851
517.143,1,253.5,0.108856
518.009,1,253,0.108861
518.875,1,252.5,0.108867
519.741,1,252,0.108872
520.607,1,251.5,0.108878
521.473,1,251,0.108883
522.339,1,250.5,0.108888
523.205,1,250,0.108894
524.071,1,249.5,0.108899
524.937,1,249,0.108905
525.803,1,248.5,0.10891
526.669,1,248,0.108915
527.535,1,247.5,0.10892
528.401,1,247,0.108925
529.267,1,246.5,0.10893
530.133,1,246,0.108935
530.999,1,245.5,0.108939
531.865,1,245,0.108944
532.731,1,244.5,0.108949
533.597,1,244,0.108954
534.463,1,243.5,0.108959
535.329,1,243,0.108963
536.195,1,242.5,0.108967
537.061,1,242,0.108971
537.928,1,241.5,0.108975
538.794,1,241,0.108979
539.66,1,240.5,0.108983
540.526,1,240,0.108987
541.392,1,239.5,0.108991
542.258,1,239,0.108995
543.124,1,238.5,0.108999
543.99,1,238,0.109003
544.856,1,237.5,0.109006
545.722,1,237,0.10901
546.588,1,236.5,0.109013
547.454,1,236,0.109016
548.32,1,235.5,0.10902
549.186,1,235,0.109023
550.052,1,234.5,0.109026
550.918,1,234,0.10903
551.784,1,233.5,0.109033
552.65,1,233,0.109036
553.516,1,232.5,0.109039
554.382,1,232,0.109042
555.248,1,231.5,0.109044
556.114,1,231,0.109047
556.98,1,230.5,0.10905
557.846,1,230,0.109052
558.712,1,229.5,0.109055
559.578,1,229,0.109057
560.444,1,228.5,0.10906
561.31,1,228,0.109062
562.176,1,227.5,0.109065
563.042,1,227,0.109067
563.908,1,226.5,0.109069
564.774,1,226,0.109071
565.64,1,225.5,0.109073
566.506,1,225,0.109076
567.372,1,224.5,0.109078
568.238,1,224,0.10908
569.104,1,223.5,0.109082
569.97,1,223,0.109084
570.836,1,222.5,0.109086
571.703,1,222,0.109088
572.569,1,221.5,0.10909
573.435,1,221,0.109092
574.301,1,220.5,0.109093
575.167,1,220,0.109095
576.033,1,219.5,0.109096
576.899,1,219,0.109098
577.765,1,218.5,0.1091
578.631,1,218,0.109101
579.497,1,217.5,0.109103
580.363,1,217,0.109104
581.229,1,216.5,0.109106
582.095,1,216,0.109107
582.961,1,215.5,0.109108
583.827,1,215,0.10911
584.693,1,214.5,0.109111
585.559,1,214,0.109112
586.425,1,213.5,0.109114
587.291,1,213,0.109115
588.157,1,212.5,0.109116
589.023,1,212,0.109118
589.889,1,211.5,0.109119
590.755,1,211,0.10912
591.621,1,210.5,0.109121
592.487,1,210,0.109122
593.353,1,209.5,0.109123
594.219,1,209,0.109124
595.085,1,208.5,0.109125
595.951,1,208,0.109126
596.817,1,207.5,0.109127
597.683,1,207,0.109128
598.549,1,206.5,0.109129
599.415,1,206,0.10913
600.281,1,205.5,0.109131
601.147,1,205,0.109132
602.013,1,204.5,0.109133
602.879,1,204,0.109134
603.745,1,203.5,0.109134
604.611,1,203,0.109135
605.477,1,202.5,0.109136
606.344,1,202,0.109137
607.21,1,201.5,0.109138
608.076,1,201,0.109139
608.942,1,200.5,0.109139
609.808,1,200,0.10914
