x,y,z,b
90.1924,1,500,0.104616
91.0584,1,499.5,0.104589
91.9244,1,499,0.104562
92.7905,1,498.5,0.104534
93.6565,1,498,0.104507
94.5225,1,497.5,0.10448
95.3885,1,497,0.104452
96.2546,1,496.5,0.104417
97.1206,1,496,0.104378
97.9866,1,495.5,0.104339
98.8526,1,495,0.1043
99.7187,1,494.5,0.104261
100.585,1,494,0.104222
101.451,1,493.5,0.104179
102.317,1,493,0.10413
103.183,1,492.5,0.104081
104.049,1,492,0.104031
104.915,1,491.5,0.103982
105.781,1,491,0.103932
106.647,1,490.5,0.103883
107.513,1,490,0.103833
108.379,1,489.5,0.103784
109.245,1,489,0.103735
110.111,1,488.5,0.103687
110.977,1,488,0.103639
111.843,1,487.5,0.10359
112.709,1,487,0.103548
113.575,1,486.5,0.103509
114.441,1,486,0.103471
115.307,1,485.5,0.103432
116.173,1,485,0.103394
117.039,1,484.5,0.103357
117.905,1,484,0.103325
118.771,1,483.5,0.103302
119.637,1,483,0.10328
120.503,1,482.5,0.103258
121.369,1,482,0.103238
122.235,1,481.5,0.103217
123.101,1,481,0.103199
123.967,1,480.5,0.103197
124.833,1,480,0.103196
125.699,1,479.5,0.103196
126.565,1,479,0.103197
127.431,1,478.5,0.103199
128.297,1,478,0.103204
129.164,1,477.5,0.103223
130.03,1,477,0.103247
130.896,1,476.5,0.103273
131.762,1,476,0.1033
132.628,1,475.5,0.103329
133.494,1,475,0.103359
134.36,1,474.5,0.1034
135.226,1,474,0.103455
136.092,1,473.5,0.103511
136.958,1,473,0.10357
137.824,1,472.5,0.103632
138.69,1,472,0.103696
139.556,1,471.5,0.103764
140.422,1,471,0.103856
141.288,1,470.5,0.10395
142.154,1,470,0.104046
143.02,1,469.5,0.104144
143.886,1,469,0.104244
144.752,1,468.5,0.104347
145.618,1,468,0.104474
146.484,1,467.5,0.104611
147.35,1,467,0.104752
148.216,1,466.5,0.104895
149.082,1,466,0.105042
149.948,1,465.5,0.105191
150.814,1,465,0.105356
151.68,1,464.5,0.10554
152.546,1,464,0.105726
153.412,1,463.5,0.105916
154.278,1,463,0.106109
155.144,1,462.5,0.106304
156.01,1,462,0.106509
156.876,1,461.5,0.106746
157.742,1,461,0.106985
158.608,1,460.5,0.107229
159.474,1,460,0.107476
160.34,1,459.5,0.107726
161.206,1,459,0.10798
162.072,1,458.5,0.10826
162.939,1,458,0.108547
163.805,1,457.5,0.108838
164.671,1,457,0.109132
165.537,1,456.5,0.109432
166.403,1,456,0.109737
167.269,1,455.5,0.110059
168.135,1,455,0.110396
169.001,1,454.5,0.110737
169.867,1,454,0.111082
170.733,1,453.5,0.111431
171.599,1,453,0.111784
172.465,1,452.5,0.112144
173.331,1,452,0.112519
174.197,1,451.5,0.112897
175.063,1,451,0.113281
175.929,1,450.5,0.113673
176.795,1,450,0.114068
177.661,1,449.5,0.114468
178.527,1,449,0.114881
179.393,1,448.5,0.115298
180.259,1,448,0.115719
181.125,1,447.5,0.116145
181.991,1,447,0.116575
182.857,1,446.5,0.117009
183.723,1,446,0.117447
184.589,1,445.5,0.11789
185.455,1,445,0.118338
186.321,1,444.5,0.11879
187.187,1,444,0.119247
188.053,1,443.5,0.119709
188.919,1,443,0.120173
189.785,1,442.5,0.120638
190.651,1,442,0.121108
191.517,1,441.5,0.121583
192.383,1,441,0.122063
193.249,1,440.5,0.122548
194.115,1,440,0.123039
194.981,1,439.5,0.123529
195.847,1,439,0.124026
196.714,1,438.5,0.12453
197.58,1,438,0.12504
198.446,1,437.5,0.125557
199.312,1,437,0.126081
200.178,1,436.5,0.126611
201.044,1,436,0.127149
201.91,1,435.5,0.127696
202.776,1,435,0.128251
203.642,1,434.5,0.128816
204.508,1,434,0.129393
205.374,1,433.5,0.129987
206.24,1,433,0.130608
207.106,1,432.5,0.131246
207.972,1,432,0.131899
208.838,1,431.5,0.132569
209.704,1,431,0.133255
210.57,1,430.5,0.133959
211.436,1,430,0.134717
212.302,1,429.5,0.135493
213.168,1,429,0.136293
214.034,1,428.5,0.137119
214.9,1,428,0.137969
215.766,1,427.5,0.138844
216.632,1,427,0.13982
217.498,1,426.5,0.140866
218.364,1,426,0.141955
219.23,1,425.5,0.143086
220.096,1,425,0.144259
220.962,1,424.5,0.145475
221.828,1,424,0.146824
222.694,1,423.5,0.148422
223.56,1,423,0.150101
224.426,1,422.5,0.151831
225.292,1,422,0.153611
226.158,1,421.5,0.155441
227.024,1,421,0.157306
227.89,1,420.5,0.159012
228.756,1,420,0.160731
229.622,1,419.5,0.162461
230.488,1,419,0.164203
231.355,1,418.5,0.165956
232.221,1,418,0.167473
233.087,1,417.5,0.168371
233.953,1,417,0.169026
234.819,1,416.5,0.169578
235.685,1,416,0.170025
236.551,1,415.5,0.170369
237.417,1,415,0.170608
238.283,1,414.5,0.170722
239.149,1,414,0.170789
240.015,1,413.5,0.170867
240.881,1,413,0.170956
241.747,1,412.5,0.171025
242.613,1,412,0.171192
243.479,1,411.5,0.171518
244.345,1,411,0.172237
245.211,1,410.5,0.173076
246.077,1,410,0.174033
246.943,1,409.5,0.17511
247.809,1,409,0.176307
248.675,1,408.5,0.177622
249.541,1,408,0.178705
250.407,1,407.5,0.17974
251.273,1,407,0.181111
252.139,1,406.5,0.182484
253.005,1,406,0.183794
253.871,1,405.5,0.185042
254.737,1,405,0.185934
255.603,1,404.5,0.18646
256.469,1,404,0.186898
257.335,1,403.5,0.18725
258.201,1,403,0.187513
259.067,1,402.5,0.187689
259.933,1,402,0.187819
260.799,1,401.5,0.18823
261.665,1,401,0.188644
262.531,1,400.5,0.189046
263.397,1,400,0.189435
264.263,1,399.5,0.189811
265.13,1,399,0.190174
265.996,1,398.5,0.190515
266.862,1,398,0.190802
267.728,1,397.5,0.191034
268.594,1,397,0.191213
269.46,1,396.5,0.191337
270.326,1,396,0.191475
271.192,1,395.5,0.191585
272.058,1,395,0.191752
272.924,1,394.5,0.191905
273.79,1,394,0.192043
274.656,1,393.5,0.192167
275.522,1,393,0.192277
276.388,1,392.5,0.192236
277.254,1,392,0.19186
278.12,1,391.5,0.191612
278.986,1,391,0.191487
279.852,1,390.5,0.191272
280.718,1,390,0.191121
281.584,1,389.5,0.191033
282.45,1,389,0.190884
283.316,1,388.5,0.19079
284.182,1,388,0.190761
285.048,1,387.5,0.190796
285.914,1,387,0.190895
286.78,1,386.5,0.191059
287.646,1,386,0.191404
288.512,1,385.5,0.191848
289.378,1,385,0.192642
290.244,1,384.5,0.193345
291.11,1,384,0.193956
291.976,1,383.5,0.194476
292.842,1,383,0.195034
293.708,1,382.5,0.195746
294.574,1,382,0.196294
295.44,1,381.5,0.196678
296.306,1,381,0.196896
297.172,1,380.5,0.196951
298.038,1,380,0.196889
298.905,1,379.5,0.198091
299.771,1,379,0.199114
300.637,1,378.5,0.199946
301.503,1,378,0.200587
302.369,1,377.5,0.201038
303.235,1,377,0.201298
304.101,1,376.5,0.202423
304.967,1,376,0.203908
305.833,1,375.5,0.205256
306.699,1,375,0.206466
307.565,1,374.5,0.207649
308.431,1,374,0.20907
309.297,1,373.5,0.210905
310.163,1,373,0.213632
311.029,1,372.5,0.21623
311.895,1,372,0.218701
312.761,1,371.5,0.221044
313.627,1,371,0.223258
314.493,1,370.5,0.225325
315.359,1,370,0.226997
316.225,1,369.5,0.228796
317.091,1,369,0.230707
317.957,1,368.5,0.232618
318.823,1,368,0.234513
319.689,1,367.5,0.236391
320.555,1,367,0.236621
321.421,1,366.5,0.236531
322.287,1,366,0.236767
323.153,1,365.5,0.237328
324.019,1,365,0.238216
324.885,1,364.5,0.239429
325.751,1,364,0.239719
326.617,1,363.5,0.238411
327.483,1,363,0.237123
328.349,1,362.5,0.236236
329.215,1,362,0.235748
330.081,1,361.5,0.23566
330.947,1,361,0.235499
331.813,1,360.5,0.231427
332.679,1,360,0.227527
333.546,1,359.5,0.223799
334.412,1,359,0.220242
335.278,1,358.5,0.216857
336.144,1,358,0.213718
337.01,1,357.5,0.209961
337.876,1,357,0.205387
338.742,1,356.5,0.200203
339.608,1,356,0.19441
340.474,1,355.5,0.188007
341.34,1,355,0.180995
342.206,1,354.5,0.178894
343.072,1,354,0.182594
343.938,1,353.5,0.18601
344.804,1,353,0.18914
345.67,1,352.5,0.191925
346.536,1,352,0.192884
347.402,1,351.5,0.195662
348.268,1,351,0.218012
349.134,1,350.5,0.237825
350,1,350,0.255101
350.866,1,349.5,0.269839
351.732,1,349,0.28204
352.598,1,348.5,0.291703
353.464,1,348,0.282149
354.33,1,347.5,0.269709
355.196,1,347,0.261136
356.062,1,346.5,0.255855
356.928,1,346,0.250807
357.794,1,345.5,0.245994
358.66,1,345,0.242676
359.526,1,344.5,0.240592
360.392,1,344,0.238574
361.258,1,343.5,0.236623
362.124,1,343,0.234738
362.99,1,342.5,0.23292
363.856,1,342,0.231564
364.722,1,341.5,0.233932
365.588,1,341,0.237545
366.454,1,340.5,0.240898
367.321,1,340,0.243991
368.187,1,339.5,0.246823
369.053,1,339,0.249396
369.919,1,338.5,0.251301
370.785,1,338,0.252966
371.651,1,337.5,0.254437
372.517,1,337,0.255717
373.383,1,336.5,0.256804
374.249,1,336,0.256708
375.115,1,335.5,0.256058
375.981,1,335,0.255442
376.847,1,334.5,0.254893
377.713,1,334,0.25441
378.579,1,333.5,0.253994
379.445,1,333,0.253644
380.311,1,332.5,0.253052
381.177,1,332,0.251767
382.043,1,331.5,0.250679
382.909,1,331,0.249785
383.775,1,330.5,0.249657
384.641,1,330,0.249819
385.507,1,329.5,0.250029
386.373,1,329,0.249743
387.239,1,328.5,0.249436
388.105,1,328,0.249135
388.971,1,327.5,0.248838
389.837,1,327,0.248546
390.703,1,326.5,0.24826
391.569,1,326,0.248435
392.435,1,325.5,0.248811
393.301,1,325,0.249745
394.167,1,324.5,0.250695
395.033,1,324,0.251475
395.899,1,323.5,0.252086
396.765,1,323,0.253415
397.631,1,322.5,0.256175
398.497,1,322,0.258387
399.363,1,321.5,0.260052
400.229,1,321,0.26117
401.095,1,320.5,0.26174
401.962,1,320,0.261803
402.828,1,319.5,0.266516
403.694,1,319,0.270646
404.56,1,318.5,0.273978
405.426,1,318,0.276512
406.292,1,317.5,0.278247
407.158,1,317,0.279184
408.024,1,316.5,0.281611
408.89,1,316,0.28478
409.756,1,315.5,0.287782
410.622,1,315,0.290617
411.488,1,314.5,0.293286
412.354,1,314,0.296316
413.22,1,313.5,0.298516
414.086,1,313,0.30039
414.952,1,312.5,0.302429
415.818,1,312,0.304634
416.684,1,311.5,0.307005
417.55,1,311,0.309541
418.416,1,310.5,0.311528
419.282,1,310,0.302866
420.148,1,309.5,0.293248
421.014,1,309,0.282674
421.88,1,308.5,0.269104
422.746,1,308,0.252649
423.612,1,307.5,0.233344
424.478,1,307,0.207537
425.344,1,306.5,0.181721
426.21,1,306,0.157687
427.076,1,305.5,0.135434
427.942,1,305,0.114963
428.808,1,304.5,0.0962741
429.674,1,304,0.0864765
430.54,1,303.5,0.0879694
431.406,1,303,0.0951577
432.272,1,302.5,0.102807
433.138,1,302,0.110917
434.004,1,301.5,0.119487
434.87,1,301,0.128513
435.737,1,300.5,0.13742
436.603,1,300,0.145834
437.469,1,299.5,0.153755
438.335,1,299,0.161182
439.201,1,298.5,0.168115
440.067,1,298,0.174531
440.933,1,297.5,0.178306
441.799,1,297,0.181355
442.665,1,296.5,0.184175
443.531,1,296,0.186766
444.397,1,295.5,0.189128
445.263,1,295,0.191261
446.129,1,294.5,0.191278
446.995,1,294,0.189165
447.861,1,293.5,0.186889
448.727,1,293,0.18445
449.593,1,292.5,0.18182
450.459,1,292,0.178884
451.325,1,291.5,0.175574
452.191,1,291,0.171165
453.057,1,290.5,0.166718
453.923,1,290,0.162233
454.789,1,289.5,0.157709
455.655,1,289,0.153146
456.521,1,288.5,0.148546
457.387,1,288,0.145392
458.253,1,287.5,0.142504
459.119,1,287,0.139641
459.985,1,286.5,0.136803
460.851,1,286,0.134032
461.717,1,285.5,0.131328
462.583,1,285,0.129484
463.449,1,284.5,0.128306
464.315,1,284,0.127124
465.181,1,283.5,0.125936
466.047,1,283,0.124744
466.913,1,282.5,0.123546
467.779,1,282,0.122441
468.645,1,281.5,0.121643
469.512,1,281,0.120811
470.378,1,280.5,0.119973
471.244,1,280,0.119129
472.11,1,279.5,0.118277
472.976,1,279,0.117418
473.842,1,278.5,0.116873
474.708,1,278,0.116356
475.574,1,277.5,0.115839
476.44,1,277,0.115323
477.306,1,276.5,0.114808
478.172,1,276,0.114292
479.038,1,275.5,0.11393
479.904,1,275,0.113669
480.77,1,274.5,0.113408
481.636,1,274,0.113147
482.502,1,273.5,0.112886
483.368,1,273,0.112626
484.234,1,272.5,0.112408
485.1,1,272,0.112297
485.966,1,271.5,0.112185
486.832,1,271,0.112071
487.698,1,270.5,0.111958
488.564,1,270,0.111845
489.43,1,269.5,0.111733
490.296,1,269,0.111705
491.162,1,268.5,0.111678
492.028,1,268,0.111649
492.894,1,267.5,0.11162
493.76,1,267,0.11159
494.626,1,266.5,0.111559
495.492,1,266,0.111569
496.358,1,265.5,0.1116
497.224,1,265,0.111633
498.09,1,264.5,0.111668
498.956,1,264,0.111702
499.822,1,263.5,0.111736
500.688,1,263,0.111774
501.554,1,262.5,0.111819
502.42,1,262,0.111863
503.286,1,261.5,0.111906
504.153,1,261,0.111948
505.019,1,260.5,0.11199
505.885,1,260,0.11203
506.751,1,259.5,0.112071
507.617,1,259,0.112113
508.483,1,258.5,0.112154
509.349,1,258,0.112193
510.215,1,257.5,0.112232
511.081,1,257,0.112271
511.947,1,256.5,0.112301
512.813,1,256,0.112327
513.679,1,255.5,0.112351
514.545,1,255,0.112375
515.411,1,254.5,0.112398
516.277,1,254,0.112421
517.143,1,253.5,0.112439
518.009,1,253,0.112452
518.875,1,252.5,0.112462
519.741,1,252,0.112472
520.607,1,251.5,0.11248
521.473,1,251,0.112487
522.339,1,250.5,0.112493
523.205,1,250,0.112494
524.071,1,249.5,0.112494
524.937,1,249,0.112491
525.803,1,248.5,0.112491
526.669,1,248,0.112491
527.535,1,247.5,0.112489
528.401,1,247,0.112481
529.267,1,246.5,0.112471
530.133,1,246,0.112459
530.999,1,245.5,0.112445
531.865,1,245,0.112429
532.731,1,244.5,0.112411
533.597,1,244,0.112389
534.463,1,243.5,0.112363
535.329,1,243,0.112344
536.195,1,242.5,0.112326
537.061,1,242,0.112306
537.928,1,241.5,0.112285
538.794,1,241,0.112261
539.66,1,240.5,0.112232
540.526,1,240,0.112202
541.392,1,239.5,0.112169
542.258,1,239,0.112135
543.124,1,238.5,0.1121
543.99,1,238,0.112062
544.856,1,237.5,0.112031
545.722,1,237,0.112
546.588,1,236.5,0.111968
547.454,1,236,0.111934
548.32,1,235.5,0.111898
549.186,1,235,0.111861
550.052,1,234.5,0.11182
550.918,1,234,0.111776
551.784,1,233.5,0.11173
552.65,1,233,0.111684
553.516,1,232.5,0.111636
554.382,1,232,0.111597
555.248,1,231.5,0.111557
556.114,1,231,0.111512
556.98,1,230.5,0.111467
557.846,1,230,0.111421
558.712,1,229.5,0.111373
559.578,1,229,0.111325
560.444,1,228.5,0.111277
561.31,1,228,0.111224
562.176,1,227.5,0.11117
563.042,1,227,0.111117
563.908,1,226.5,0.111072
564.774,1,226,0.111027
565.64,1,225.5,0.110982
566.506,1,225,0.110932
567.372,1,224.5,0.11088
568.238,1,224,0.110828
569.104,1,223.5,0.110775
569.97,1,223,0.110723
570.836,1,222.5,0.11067
571.703,1,222,0.110616
572.569,1,221.5,0.110557
573.435,1,221,0.110509
574.301,1,220.5,0.110461
575.167,1,220,0.110413
576.033,1,219.5,0.110365
576.899,1,219,0.110317
577.765,1,218.5,0.110266
578.631,1,218,0.110214
579.497,1,217.5,0.110164
580.363,1,217,0.110113
581.229,1,216.5,0.110064
582.095,1,216,0.110015
582.961,1,215.5,0.109971
583.827,1,215,0.109927
584.693,1,214.5,0.109883
585.559,1,214,0.109839
586.425,1,213.5,0.109796
587.291,1,213,0.109754
588.157,1,212.5,0.109711
589.023,1,212,0.109667
589.889,1,211.5,0.109624
590.755,1,211,0.109582
591.621,1,210.5,0.109541
592.487,1,210,0.109507
593.353,1,209.5,0.109475
594.219,1,209,0.109442
595.085,1,208.5,0.109409
595.951,1,208,0.109378
596.817,1,207.5,0.109346
597.683,1,207,0.109316
598.549,1,206.5,0.109286
599.415,1,206,0.109256
600.281,1,205.5,0.109227
601.147,1,205,0.1092
602.013,1,204.5,0.109179
602.879,1,204,0.109158
603.745,1,203.5,0.109137
604.611,1,203,0.109118
605.477,1,202.5,0.109098
606.344,1,202,0.10908
607.21,1,201.5,0.109062
608.076,1,201,0.109044
608.942,1,200.5,0.109027
609.808,1,200,0.109011
