x,y,z,b
90.1924,1,500,0.109041
91.0584,1,499.5,0.10904
91.9244,1,499,0.109039
92.7905,1,498.5,0.109038
93.6565,1,498,0.109037
94.5225,1,497.5,0.109036
95.3885,1,497,0.109034
96.2546,1,496.5,0.109033
97.1206,1,496,0.109031
97.9866,1,495.5,0.109029
98.8526,1,495,0.109028
99.7187,1,494.5,0.109026
100.585,1,494,0.109024
101.451,1,493.5,0.109022
102.317,1,493,0.10902
103.183,1,492.5,0.109018
104.049,1,492,0.109016
104.915,1,491.5,0.109013
105.781,1,491,0.109011
106.647,1,490.5,0.109009
107.513,1,490,0.109006
108.379,1,489.5,0.109003
109.245,1,489,0.109
110.111,1,488.5,0.108998
110.977,1,488,0.108995
111.843,1,487.5,0.108992
112.709,1,487,0.108989
113.575,1,486.5,0.108985
114.441,1,486,0.108982
115.307,1,485.5,0.108979
116.173,1,485,0.108975
117.039,1,484.5,0.108972
117.905,1,484,0.108968
118.771,1,483.5,0.108964
119.637,1,483,0.10896
120.503,1,482.5,0.108956
121.369,1,482,0.108953
122.235,1,481.5,0.108949
123.101,1,481,0.108945
123.967,1,480.5,0.10894
124.833,1,480,0.108935
125.699,1,479.5,0.108931
126.565,1,479,0.108926
127.431,1,478.5,0.108921
128.297,1,478,0.108917
129.164,1,477.5,0.108911
130.03,1,477,0.108906
130.896,1,476.5,0.1089
131.762,1,476,0.108895
132.628,1,475.5,0.108889
133.494,1,475,0.108883
134.36,1,474.5,0.108877
135.226,1,474,0.108871
136.092,1,473.5,0.108864
136.958,1,473,0.108857
137.824,1,472.5,0.108851
138.69,1,472,0.108844
139.556,1,471.5,0.108837
140.422,1,471,0.108829
141.288,1,470.5,0.108822
142.154,1,470,0.108814
143.02,1,469.5,0.108806
143.886,1,469,0.108798
144.752,1,468.5,0.10879
145.618,1,468,0.108781
146.484,1,467.5,0.108771
147.35,1,467,0.108762
148.216,1,466.5,0.108752
149.082,1,466,0.108743
149.948,1,465.5,0.108733
150.814,1,465,0.108723
151.68,1,464.5,0.108711
152.546,1,464,0.1087
153.412,1,463.5,0.108689
154.278,1,463,0.108677
155.144,1,462.5,0.108666
156.01,1,462,0.108654
156.876,1,461.5,0.10864
157.742,1,461,0.108626
158.608,1,460.5,0.108613
159.474,1,460,0.108599
160.34,1,459.5,0.108585
161.206,1,459,0.108571
162.072,1,458.5,0.108555
162.939,1,458,0.108539
163.805,1,457.5,0.108522
164.671,1,457,0.108506
165.537,1,456.5,0.108489
166.403,1,456,0.108472
167.269,1,455.5,0.108454
168.135,1,455,0.108434
169.001,1,454.5,0.108414
169.867,1,454,0.108393
170.733,1,453.5,0.108373
171.599,1,453,0.108352
172.465,1,452.5,0.108331
173.331,1,452,0.108307
174.197,1,451.5,0.108283
175.063,1,451,0.108258
175.929,1,450.5,0.108234
176.795,1,450,0.10821
177.661,1,449.5,0.108185
178.527,1,449,0.108156
179.393,1,448.5,0.108127
180.259,1,448,0.108097
181.125,1,447.5,0.108066
181.991,1,447,0.108036
182.857,1,446.5,0.108005
183.723,1,446,0.107972
184.589,1,445.5,0.107936
185.455,1,445,0.1079
186.321,1,444.5,0.107863
187.187,1,444,0.107826
188.053,1,443.5,0.107789
188.919,1,443,0.10775
189.785,1,442.5,0.107705
190.651,1,442,0.10766
191.517,1,441.5,0.107615
192.383,1,441,0.107569
193.249,1,440.5,0.107523
194.115,1,440,0.107476
194.981,1,439.5,0.107422
195.847,1,439,0.107368
196.714,1,438.5,0.107312
197.58,1,438,0.107257
198.446,1,437.5,0.107201
199.312,1,437,0.107144
200.178,1,436.5,0.107079
201.044,1,436,0.107011
201.91,1,435.5,0.106941
202.776,1,435,0.106871
203.642,1,434.5,0.106801
204.508,1,434,0.10673
205.374,1,433.5,0.106654
206.24,1,433,0.106569
207.106,1,432.5,0.106484
207.972,1,432,0.106397
208.838,1,431.5,0.10631
209.704,1,431,0.106222
210.57,1,430.5,0.106133
211.436,1,430,0.106026
212.302,1,429.5,0.105917
213.168,1,429,0.105809
214.034,1,428.5,0.1057
214.9,1,428,0.105591
215.766,1,427.5,0.10548
216.632,1,427,0.105354
217.498,1,426.5,0.10522
218.364,1,426,0.105085
219.23,1,425.5,0.104948
220.096,1,425,0.104811
220.962,1,424.5,0.104672
221.828,1,424,0.10452
222.694,1,423.5,0.10435
223.56,1,423,0.104179
224.426,1,422.5,0.104006
225.292,1,422,0.103832
226.158,1,421.5,0.103655
227.024,1,421,0.103474
227.89,1,420.5,0.103261
228.756,1,420,0.103045
229.622,1,419.5,0.102827
230.488,1,419,0.102606
231.355,1,418.5,0.102383
232.221,1,418,0.102161
233.087,1,417.5,0.101903
233.953,1,417,0.101631
234.819,1,416.5,0.101357
235.685,1,416,0.10108
236.551,1,415.5,0.100799
237.417,1,415,0.100516
238.283,1,414.5,0.100206
239.149,1,414,0.099865
240.015,1,413.5,0.0995196
240.881,1,413,0.0991701
241.747,1,412.5,0.098819
242.613,1,412,0.0984647
243.479,1,411.5,0.0980984
244.345,1,411,0.0976765
245.211,1,410.5,0.0972488
246.077,1,410,0.0968152
246.943,1,409.5,0.0963756
247.809,1,409,0.0959302
248.675,1,408.5,0.0954789
249.541,1,408,0.094939
250.407,1,407.5,0.0943696
251.273,1,407,0.0937878
252.139,1,406.5,0.0931923
253.005,1,406,0.0925831
253.871,1,405.5,0.0919602
254.737,1,405,0.0914499
255.603,1,404.5,0.0910849
256.469,1,404,0.090755
257.335,1,403.5,0.0904601
258.201,1,403,0.0902005
259.067,1,402.5,0.0899759
259.933,1,402,0.0899657
260.799,1,401.5,0.0908099
261.665,1,401,0.0917549
262.531,1,400.5,0.0927966
263.397,1,400,0.0939348
264.263,1,399.5,0.0951697
265.13,1,399,0.0965013
265.996,1,398.5,0.0994768
266.862,1,398,0.102779
267.728,1,397.5,0.106195
268.594,1,397,0.109726
269.46,1,396.5,0.113372
270.326,1,396,0.117297
271.192,1,395.5,0.123614
272.058,1,395,0.133192
272.924,1,394.5,0.144702
273.79,1,394,0.158146
274.656,1,393.5,0.173523
275.522,1,393,0.190833
276.388,1,392.5,0.210791
277.254,1,392,0.233489
278.12,1,391.5,0.255964
278.986,1,391,0.278167
279.852,1,390.5,0.297773
280.718,1,390,0.315468
281.584,1,389.5,0.331254
282.45,1,389,0.3359
283.316,1,388.5,0.339183
284.182,1,388,0.341788
285.048,1,387.5,0.343715
285.914,1,387,0.344966
286.78,1,386.5,0.345538
287.646,1,386,0.344585
288.512,1,385.5,0.342925
289.378,1,385,0.341134
290.244,1,384.5,0.339436
291.11,1,384,0.337829
291.976,1,383.5,0.336315
292.842,1,383,0.335079
293.708,1,382.5,0.334299
294.574,1,382,0.333523
295.44,1,381.5,0.33275
296.306,1,381,0.33198
297.172,1,380.5,0.331214
298.038,1,380,0.330473
298.905,1,379.5,0.330243
299.771,1,379,0.330033
300.637,1,378.5,0.329839
301.503,1,378,0.329661
302.369,1,377.5,0.329498
303.235,1,377,0.329351
304.101,1,376.5,0.32946
304.967,1,376,0.329697
305.833,1,375.5,0.329948
306.699,1,375,0.330212
307.565,1,374.5,0.330501
308.431,1,374,0.330824
309.297,1,373.5,0.331114
310.163,1,373,0.331379
311.029,1,372.5,0.331671
311.895,1,372,0.33199
312.761,1,371.5,0.332336
313.627,1,371,0.33271
314.493,1,370.5,0.333107
315.359,1,370,0.333459
316.225,1,369.5,0.333828
317.091,1,369,0.334167
317.957,1,368.5,0.334364
318.823,1,368,0.334516
319.689,1,367.5,0.334621
320.555,1,367,0.334576
321.421,1,366.5,0.334382
322.287,1,366,0.334068
323.153,1,365.5,0.333633
324.019,1,365,0.333079
324.885,1,364.5,0.332404
325.751,1,364,0.331197
326.617,1,363.5,0.328419
327.483,1,363,0.323598
328.349,1,362.5,0.318147
329.215,1,362,0.312064
330.081,1,361.5,0.305351
330.947,1,361,0.297726
331.813,1,360.5,0.2874
332.679,1,360,0.277175
333.546,1,359.5,0.267051
334.412,1,359,0.257028
335.278,1,358.5,0.247105
336.144,1,358,0.240652
337.01,1,357.5,0.241423
337.876,1,357,0.242409
338.742,1,356.5,0.243001
339.608,1,356,0.243198
340.474,1,355.5,0.242999
341.34,1,355,0.242406
342.206,1,354.5,0.242639
343.072,1,354,0.243207
343.938,1,353.5,0.242517
344.804,1,353,0.240569
345.67,1,352.5,0.235909
346.536,1,352,0.228502
347.402,1,351.5,0.224402
348.268,1,351,0.238201
349.134,1,350.5,0.243474
350,1,350,0.24022
350.866,1,349.5,0.22844
351.732,1,349,0.208133
352.598,1,348.5,0.1793
353.464,1,348,0.140102
354.33,1,347.5,0.10588
355.196,1,347,0.0911171
356.062,1,346.5,0.0896892
356.928,1,346,0.088755
357.794,1,345.5,0.0883147
358.66,1,345,0.0933446
359.526,1,344.5,0.101907
360.392,1,344,0.109114
361.258,1,343.5,0.114966
362.124,1,343,0.119462
362.99,1,342.5,0.122602
363.856,1,342,0.124074
364.722,1,341.5,0.12376
365.588,1,341,0.123372
366.454,1,340.5,0.122947
367.321,1,340,0.122486
368.187,1,339.5,0.121987
369.053,1,339,0.121452
369.919,1,338.5,0.121028
370.785,1,338,0.120701
371.651,1,337.5,0.12046
372.517,1,337,0.120305
373.383,1,336.5,0.120235
374.249,1,336,0.120453
375.115,1,335.5,0.120836
375.981,1,335,0.121234
376.847,1,334.5,0.121611
377.713,1,334,0.121967
378.579,1,333.5,0.122303
379.445,1,333,0.122618
380.311,1,332.5,0.122902
381.177,1,332,0.123141
382.043,1,331.5,0.123366
382.909,1,331,0.123576
383.775,1,330.5,0.123761
384.641,1,330,0.123938
385.507,1,329.5,0.124113
386.373,1,329,0.124243
387.239,1,328.5,0.124374
388.105,1,328,0.124507
388.971,1,327.5,0.124641
389.837,1,327,0.124779
390.703,1,326.5,0.124918
391.569,1,326,0.125009
392.435,1,325.5,0.125074
393.301,1,325,0.125146
394.167,1,324.5,0.125216
395.033,1,324,0.125282
395.899,1,323.5,0.125346
396.765,1,323,0.125384
397.631,1,322.5,0.125377
398.497,1,322,0.125372
399.363,1,321.5,0.125368
400.229,1,321,0.125366
401.095,1,320.5,0.125365
401.962,1,320,0.125365
402.828,1,319.5,0.125335
403.694,1,319,0.125305
404.56,1,318.5,0.125274
405.426,1,318,0.125243
406.292,1,317.5,0.125211
407.158,1,317,0.12518
408.024,1,316.5,0.125137
408.89,1,316,0.125088
409.756,1,315.5,0.125039
410.622,1,315,0.124989
411.488,1,314.5,0.124938
412.354,1,314,0.124891
413.22,1,313.5,0.12484
414.086,1,313,0.124783
414.952,1,312.5,0.124723
415.818,1,312,0.12466
416.684,1,311.5,0.124594
417.55,1,311,0.124524
418.416,1,310.5,0.124451
419.282,1,310,0.124369
420.148,1,309.5,0.124282
421.014,1,309,0.124192
421.88,1,308.5,0.124111
422.746,1,308,0.124027
423.612,1,307.5,0.12394
424.478,1,307,0.123846
425.344,1,306.5,0.123747
426.21,1,306,0.123644
427.076,1,305.5,0.123538
427.942,1,305,0.123427
428.808,1,304.5,0.123312
429.674,1,304,0.12319
430.54,1,303.5,0.123058
431.406,1,303,0.122941
432.272,1,302.5,0.12282
433.138,1,302,0.122696
434.004,1,301.5,0.122568
434.87,1,301,0.122435
435.737,1,300.5,0.122288
436.603,1,300,0.122138
437.469,1,299.5,0.121984
438.335,1,299,0.121827
439.201,1,298.5,0.121666
440.067,1,298,0.121504
440.933,1,297.5,0.121348
441.799,1,297,0.121187
442.665,1,296.5,0.121023
443.531,1,296,0.120857
444.397,1,295.5,0.120687
445.263,1,295,0.120515
446.129,1,294.5,0.120333
446.995,1,294,0.12014
447.861,1,293.5,0.119944
448.727,1,293,0.119747
449.593,1,292.5,0.119552
450.459,1,292,0.119382
451.325,1,291.5,0.119206
452.191,1,291,0.119015
453.057,1,290.5,0.118823
453.923,1,290,0.118629
454.789,1,289.5,0.118435
455.655,1,289,0.118239
456.521,1,288.5,0.118042
457.387,1,288,0.11783
458.253,1,287.5,0.117616
459.119,1,287,0.117408
459.985,1,286.5,0.117225
460.851,1,286,0.117042
461.717,1,285.5,0.116858
462.583,1,285,0.116665
463.449,1,284.5,0.116466
464.315,1,284,0.116267
465.181,1,283.5,0.116069
466.047,1,283,0.115871
466.913,1,282.5,0.115673
467.779,1,282,0.115473
468.645,1,281.5,0.115273
469.512,1,281,0.115099
470.378,1,280.5,0.114926
471.244,1,280,0.114754
472.11,1,279.5,0.114582
472.976,1,279,0.114412
473.842,1,278.5,0.114233
474.708,1,278,0.114054
475.574,1,277.5,0.113877
476.44,1,277,0.113701
477.306,1,276.5,0.113527
478.172,1,276,0.113363
479.038,1,275.5,0.113215
479.904,1,275,0.113066
480.77,1,274.5,0.112918
481.636,1,274,0.112772
482.502,1,273.5,0.112628
483.368,1,273,0.112486
484.234,1,272.5,0.112343
485.1,1,272,0.112199
485.966,1,271.5,0.112057
486.832,1,271,0.111917
487.698,1,270.5,0.111787
488.564,1,270,0.11167
489.43,1,269.5,0.111554
490.296,1,269,0.111439
491.162,1,268.5,0.111325
492.028,1,268,0.111213
492.894,1,267.5,0.111104
493.76,1,267,0.110996
494.626,1,266.5,0.110891
495.492,1,266,0.110787
496.358,1,265.5,0.110685
497.224,1,265,0.110591
498.09,1,264.5,0.110507
498.956,1,264,0.110425
499.822,1,263.5,0.110345
500.688,1,263,0.110266
501.554,1,262.5,0.11019
502.42,1,262,0.110116
503.286,1,261.5,0.110043
504.153,1,261,0.109973
505.019,1,260.5,0.109904
505.885,1,260,0.109837
506.751,1,259.5,0.109777
507.617,1,259,0.109723
508.483,1,258.5,0.109671
509.349,1,258,0.10962
510.215,1,257.5,0.10957
511.081,1,257,0.109522
511.947,1,256.5,0.109476
512.813,1,256,0.109433
513.679,1,255.5,0.10939
514.545,1,255,0.109349
515.411,1,254.5,0.109309
516.277,1,254,0.109274
517.143,1,253.5,0.109243
518.009,1,253,0.109215
518.875,1,252.5,0.109188
519.741,1,252,0.109161
520.607,1,251.5,0.109135
521.473,1,251,0.109111
522.339,1,250.5,0.109087
523.205,1,250,0.109067
524.071,1,249.5,0.109047
524.937,1,249,0.109029
525.803,1,248.5,0.109012
526.669,1,248,0.108996
527.535,1,247.5,0.108982
528.401,1,247,0.108969
529.267,1,246.5,0.108957
530.133,1,246,0.108946
530.999,1,245.5,0.108936
531.865,1,245,0.108925
532.731,1,244.5,0.108916
533.597,1,244,0.108908
534.463,1,243.5,0.108901
535.329,1,243,0.108896
536.195,1,242.5,0.108892
537.061,1,242,0.108888
537.928,1,241.5,0.108884
538.794,1,241,0.108881
539.66,1,240.5,0.108879
540.526,1,240,0.108878
541.392,1,239.5,0.108877
542.258,1,239,0.108876
543.124,1,238.5,0.108875
543.99,1,238,0.108875
544.856,1,237.5,0.108876
545.722,1,237,0.108877
546.588,1,236.5,0.108878
547.454,1,236,0.108879
548.32,1,235.5,0.10888
549.186,1,235,0.108881
550.052,1,234.5,0.108883
550.918,1,234,0.108885
551.784,1,233.5,0.108887
552.65,1,233,0.108889
553.516,1,232.5,0.108892
554.382,1,232,0.108894
555.248,1,231.5,0.108896
556.114,1,231,0.108899
556.98,1,230.5,0.108902
557.846,1,230,0.108905
558.712,1,229.5,0.108908
559.578,1,229,0.108911
560.444,1,228.5,0.108914
561.31,1,228,0.108917
562.176,1,227.5,0.108921
563.042,1,227,0.108924
563.908,1,226.5,0.108927
564.774,1,226,0.10893
565.64,1,225.5,0.108933
566.506,1,225,0.108937
567.372,1,224.5,0.10894
568.238,1,224,0.108944
569.104,1,223.5,0.108947
569.97,1,223,0.108951
570.836,1,222.5,0.108954
571.703,1,222,0.108958
572.569,1,221.5,0.108961
573.435,1,221,0.108965
574.301,1,220.5,0.108968
575.167,1,220,0.108971
576.033,1,219.5,0.108974
576.899,1,219,0.108978
577.765,1,218.5,0.108981
578.631,1,218,0.108984
579.497,1,217.5,0.108988
580.363,1,217,0.108991
581.229,1,216.5,0.108994
582.095,1,216,0.108998
582.961,1,215.5,0.109001
583.827,1,215,0.109004
584.693,1,214.5,0.109007
585.559,1,214,0.10901
586.425,1,213.5,0.109013
587.291,1,213,0.109016
588.157,1,212.5,0.109019
589.023,1,212,0.109022
589.889,1,211.5,0.109026
590.755,1,211,0.109029
591.621,1,210.5,0.109032
592.487,1,210,0.109035
593.353,1,209.5,0.109037
594.219,1,209,0.10904
595.085,1,208.5,0.109043
595.951,1,208,0.109046
596.817,1,207.5,0.109048
597.683,1,207,0.109051
598.549,1,206.5,0.109054
599.415,1,206,0.109056
600.281,1,205.5,0.109059
601.147,1,205,0.109062
602.013,1,204.5,0.109064
602.879,1,204,0.109067
603.745,1,203.5,0.109069
604.611,1,203,0.109072
605.477,1,202.5,0.109074
606.344,1,202,0.109077
607.21,1,201.5,0.109079
608.076,1,201,0.109082
608.942,1,200.5,0.109084
609.808,1,200,0.109087
