x,y,z,b
90.1924,1,500,0.105041
91.0584,1,499.5,0.105004
91.9244,1,499,0.104966
92.7905,1,498.5,0.104928
93.6565,1,498,0.10489
94.5225,1,497.5,0.104852
95.3885,1,497,0.104813
96.2546,1,496.5,0.104768
97.1206,1,496,0.104718
97.9866,1,495.5,0.104669
98.8526,1,495,0.104619
99.7187,1,494.5,0.104569
100.585,1,494,0.104518
101.451,1,493.5,0.104464
102.317,1,493,0.104404
103.183,1,492.5,0.104343
104.049,1,492,0.104281
104.915,1,491.5,0.10422
105.781,1,491,0.104158
106.647,1,490.5,0.104095
107.513,1,490,0.104029
108.379,1,489.5,0.103962
109.245,1,489,0.103895
110.111,1,488.5,0.103828
110.977,1,488,0.103761
111.843,1,487.5,0.103693
112.709,1,487,0.103626
113.575,1,486.5,0.103558
114.441,1,486,0.103491
115.307,1,485.5,0.103423
116.173,1,485,0.103355
117.039,1,484.5,0.103286
117.905,1,484,0.103219
118.771,1,483.5,0.103155
119.637,1,483,0.10309
120.503,1,482.5,0.103025
121.369,1,482,0.10296
122.235,1,481.5,0.102895
123.101,1,481,0.102831
123.967,1,480.5,0.102775
124.833,1,480,0.102719
125.699,1,479.5,0.102663
126.565,1,479,0.102608
127.431,1,478.5,0.102553
128.297,1,478,0.102498
129.164,1,477.5,0.102454
130.03,1,477,0.102413
130.896,1,476.5,0.102372
131.762,1,476,0.102332
132.628,1,475.5,0.102293
133.494,1,475,0.102254
134.36,1,474.5,0.102223
135.226,1,474,0.102203
136.092,1,473.5,0.102183
136.958,1,473,0.102165
137.824,1,472.5,0.102149
138.69,1,472,0.102133
139.556,1,471.5,0.102121
140.422,1,471,0.102129
141.288,1,470.5,0.102137
142.154,1,470,0.102148
143.02,1,469.5,0.10216
143.886,1,469,0.102173
144.752,1,468.5,0.102188
145.618,1,468,0.102226
146.484,1,467.5,0.102272
147.35,1,467,0.102323
148.216,1,466.5,0.102375
149.082,1,466,0.10243
149.948,1,465.5,0.102487
150.814,1,465,0.102561
151.68,1,464.5,0.102654
152.546,1,464,0.102751
153.412,1,463.5,0.102849
154.278,1,463,0.102951
155.144,1,462.5,0.103055
156.01,1,462,0.10317
156.876,1,461.5,0.103323
157.742,1,461,0.103479
158.608,1,460.5,0.103639
159.474,1,460,0.103803
160.34,1,459.5,0.10397
161.206,1,459,0.104142
162.072,1,458.5,0.104349
162.939,1,458,0.104567
163.805,1,457.5,0.104788
164.671,1,457,0.105014
165.537,1,456.5,0.105246
166.403,1,456,0.105487
167.269,1,455.5,0.105755
168.135,1,455,0.106047
169.001,1,454.5,0.106345
169.867,1,454,0.106648
170.733,1,453.5,0.106956
171.599,1,453,0.10727
172.465,1,452.5,0.107596
173.331,1,452,0.107954
174.197,1,451.5,0.108318
175.063,1,451,0.108691
175.929,1,450.5,0.109075
176.795,1,450,0.109466
177.661,1,449.5,0.109863
178.527,1,449,0.110297
179.393,1,448.5,0.110741
180.259,1,448,0.111191
181.125,1,447.5,0.111647
181.991,1,447,0.11211
182.857,1,446.5,0.11258
183.723,1,446,0.11307
184.589,1,445.5,0.11358
185.455,1,445,0.114102
186.321,1,444.5,0.114632
187.187,1,444,0.115169
188.053,1,443.5,0.115714
188.919,1,443,0.116271
189.785,1,442.5,0.116846
190.651,1,442,0.11743
191.517,1,441.5,0.118022
192.383,1,441,0.118621
193.249,1,440.5,0.119229
194.115,1,440,0.11985
194.981,1,439.5,0.120493
195.847,1,439,0.121146
196.714,1,438.5,0.121809
197.58,1,438,0.122482
198.446,1,437.5,0.123164
199.312,1,437,0.123857
200.178,1,436.5,0.124564
201.044,1,436,0.125283
201.91,1,435.5,0.126015
202.776,1,435,0.126757
203.642,1,434.5,0.127519
204.508,1,434,0.1283
205.374,1,433.5,0.129098
206.24,1,433,0.12992
207.106,1,432.5,0.130758
207.972,1,432,0.131614
208.838,1,431.5,0.132486
209.704,1,431,0.133376
210.57,1,430.5,0.134283
211.436,1,430,0.135224
212.302,1,429.5,0.136185
213.168,1,429,0.137183
214.034,1,428.5,0.138219
214.9,1,428,0.139286
215.766,1,427.5,0.140381
216.632,1,427,0.141559
217.498,1,426.5,0.142799
218.364,1,426,0.144079
219.23,1,425.5,0.1454
220.096,1,425,0.146762
220.962,1,424.5,0.148165
221.828,1,424,0.149655
222.694,1,423.5,0.151344
223.56,1,423,0.153121
224.426,1,422.5,0.154946
225.292,1,422,0.156817
226.158,1,421.5,0.158735
227.024,1,421,0.160682
227.89,1,420.5,0.162454
228.756,1,420,0.164247
229.622,1,419.5,0.166063
230.488,1,419,0.1679
231.355,1,418.5,0.16976
232.221,1,418,0.171392
233.087,1,417.5,0.172489
233.953,1,417,0.17338
234.819,1,416.5,0.174178
235.685,1,416,0.174883
236.551,1,415.5,0.175495
237.417,1,415,0.176014
238.283,1,414.5,0.1764
239.149,1,414,0.176689
240.015,1,413.5,0.176946
240.881,1,413,0.177172
241.747,1,412.5,0.177123
242.613,1,412,0.177057
243.479,1,411.5,0.177081
244.345,1,411,0.177369
245.211,1,410.5,0.177772
246.077,1,410,0.178289
246.943,1,409.5,0.178921
247.809,1,409,0.179668
248.675,1,408.5,0.180529
249.541,1,408,0.181257
250.407,1,407.5,0.181975
251.273,1,407,0.183233
252.139,1,406.5,0.184508
253.005,1,406,0.185696
253.871,1,405.5,0.186798
254.737,1,405,0.187568
255.603,1,404.5,0.187995
256.469,1,404,0.188308
257.335,1,403.5,0.188506
258.201,1,403,0.18859
259.067,1,402.5,0.188559
259.933,1,402,0.18846
260.799,1,401.5,0.188785
261.665,1,401,0.189101
262.531,1,400.5,0.189377
263.397,1,400,0.189611
264.263,1,399.5,0.189805
265.13,1,399,0.189958
265.996,1,398.5,0.190241
266.862,1,398,0.190464
267.728,1,397.5,0.190604
268.594,1,397,0.190658
269.46,1,396.5,0.190628
270.326,1,396,0.190893
271.192,1,395.5,0.191384
272.058,1,395,0.192063
272.924,1,394.5,0.192656
273.79,1,394,0.193162
274.656,1,393.5,0.193582
275.522,1,393,0.193915
276.388,1,392.5,0.19418
277.254,1,392,0.19452
278.12,1,391.5,0.194946
278.986,1,391,0.19546
279.852,1,390.5,0.196125
280.718,1,390,0.196763
281.584,1,389.5,0.197375
282.45,1,389,0.19771
283.316,1,388.5,0.198128
284.182,1,388,0.19865
285.048,1,387.5,0.199276
285.914,1,387,0.200007
286.78,1,386.5,0.200841
287.646,1,386,0.201611
288.512,1,385.5,0.202363
289.378,1,385,0.203418
290.244,1,384.5,0.204391
291.11,1,384,0.205282
291.976,1,383.5,0.20609
292.842,1,383,0.206778
293.708,1,382.5,0.207261
294.574,1,382,0.207606
295.44,1,381.5,0.207812
296.306,1,381,0.207881
297.172,1,380.5,0.207812
298.038,1,380,0.207554
298.905,1,379.5,0.207282
299.771,1,379,0.207145
300.637,1,378.5,0.207139
301.503,1,378,0.207266
302.369,1,377.5,0.207525
303.235,1,377,0.207915
304.101,1,376.5,0.208992
304.967,1,376,0.210199
305.833,1,375.5,0.211221
306.699,1,375,0.212056
307.565,1,374.5,0.212793
308.431,1,374,0.213839
309.297,1,373.5,0.215846
310.163,1,373,0.219294
311.029,1,372.5,0.222595
311.895,1,372,0.22575
312.761,1,371.5,0.228759
313.627,1,371,0.231621
314.493,1,370.5,0.23432
315.359,1,370,0.236591
316.225,1,369.5,0.238866
317.091,1,369,0.24104
317.957,1,368.5,0.242927
318.823,1,368,0.244787
319.689,1,367.5,0.246621
320.555,1,367,0.24758
321.421,1,366.5,0.248429
322.287,1,366,0.249513
323.153,1,365.5,0.250833
324.019,1,365,0.25239
324.885,1,364.5,0.254183
325.751,1,364,0.255248
326.617,1,363.5,0.254936
327.483,1,363,0.254393
328.349,1,362.5,0.254123
329.215,1,362,0.254126
330.081,1,361.5,0.254402
330.947,1,361,0.254374
331.813,1,360.5,0.249621
332.679,1,360,0.245319
333.546,1,359.5,0.241469
334.412,1,359,0.23807
335.278,1,358.5,0.235122
336.144,1,358,0.232364
337.01,1,357.5,0.22809
337.876,1,357,0.222546
338.742,1,356.5,0.216021
339.608,1,356,0.208514
340.474,1,355.5,0.200024
341.34,1,355,0.190553
342.206,1,354.5,0.186263
343.072,1,354,0.188803
343.938,1,353.5,0.191609
344.804,1,353,0.194684
345.67,1,352.5,0.199115
346.536,1,352,0.204341
347.402,1,351.5,0.212029
348.268,1,351,0.234786
349.134,1,350.5,0.254854
350,1,350,0.272233
350.866,1,349.5,0.286924
351.732,1,349,0.298925
352.598,1,348.5,0.308238
353.464,1,348,0.301762
354.33,1,347.5,0.292957
355.196,1,347,0.285979
356.062,1,346.5,0.280519
356.928,1,346,0.275236
357.794,1,345.5,0.270131
358.66,1,345,0.266381
359.526,1,344.5,0.263732
360.392,1,344,0.261092
361.258,1,343.5,0.25846
362.124,1,343,0.255836
362.99,1,342.5,0.253221
363.856,1,342,0.25086
364.722,1,341.5,0.25161
365.588,1,341,0.25364
366.454,1,340.5,0.255394
367.321,1,340,0.25687
368.187,1,339.5,0.258069
369.053,1,339,0.258991
369.919,1,338.5,0.259756
370.785,1,338,0.260335
371.651,1,337.5,0.260715
372.517,1,337,0.260898
373.383,1,336.5,0.260884
374.249,1,336,0.261331
375.115,1,335.5,0.262084
375.981,1,335,0.262813
376.847,1,334.5,0.263575
377.713,1,334,0.264369
378.579,1,333.5,0.265196
379.445,1,333,0.266056
380.311,1,332.5,0.266836
381.177,1,332,0.267325
382.043,1,331.5,0.267821
382.909,1,331,0.268324
383.775,1,330.5,0.269251
384.641,1,330,0.270415
385.507,1,329.5,0.271661
386.373,1,329,0.274087
387.239,1,328.5,0.276655
388.105,1,328,0.279313
388.971,1,327.5,0.282059
389.837,1,327,0.284895
390.703,1,326.5,0.28782
391.569,1,326,0.291851
392.435,1,325.5,0.296531
393.301,1,325,0.299888
394.167,1,324.5,0.302686
395.033,1,324,0.305286
395.899,1,323.5,0.307689
396.765,1,323,0.310063
397.631,1,322.5,0.312784
398.497,1,322,0.315599
399.363,1,321.5,0.318506
400.229,1,321,0.321507
401.095,1,320.5,0.3246
401.962,1,320,0.327773
402.828,1,319.5,0.328626
403.694,1,319,0.329719
404.56,1,318.5,0.33127
405.426,1,318,0.33328
406.292,1,317.5,0.335748
407.158,1,317,0.338675
408.024,1,316.5,0.339637
408.89,1,316,0.339806
409.756,1,315.5,0.340211
410.622,1,315,0.340852
411.488,1,314.5,0.34173
412.354,1,314,0.342215
413.22,1,313.5,0.341935
414.086,1,313,0.339821
414.952,1,312.5,0.337748
415.818,1,312,0.335717
416.684,1,311.5,0.333728
417.55,1,311,0.331781
418.416,1,310.5,0.329529
419.282,1,310,0.322098
420.148,1,309.5,0.314215
421.014,1,309,0.30588
421.88,1,308.5,0.29554
422.746,1,308,0.284002
423.612,1,307.5,0.271305
424.478,1,307,0.249707
425.344,1,306.5,0.225414
426.21,1,306,0.201145
427.076,1,305.5,0.176902
427.942,1,305,0.152682
428.808,1,304.5,0.128488
429.674,1,304,0.115101
430.54,1,303.5,0.117388
431.406,1,303,0.125664
432.272,1,302.5,0.134272
433.138,1,302,0.143214
434.004,1,301.5,0.152489
434.87,1,301,0.161451
435.737,1,300.5,0.165557
436.603,1,300,0.169101
437.469,1,299.5,0.172081
438.335,1,299,0.174499
439.201,1,298.5,0.176353
440.067,1,298,0.177601
440.933,1,297.5,0.174657
441.799,1,297,0.170735
442.665,1,296.5,0.166647
443.531,1,296,0.162393
444.397,1,295.5,0.157972
445.263,1,295,0.153385
446.129,1,294.5,0.149167
446.995,1,294,0.145475
447.861,1,293.5,0.141806
448.727,1,293,0.138158
449.593,1,292.5,0.134517
450.459,1,292,0.130883
451.325,1,291.5,0.127772
452.191,1,291,0.126484
453.057,1,290.5,0.125207
453.923,1,290,0.123941
454.789,1,289.5,0.122687
455.655,1,289,0.121444
456.521,1,288.5,0.120212
457.387,1,288,0.11947
458.253,1,287.5,0.118791
459.119,1,287,0.118095
459.985,1,286.5,0.117386
460.851,1,286,0.116668
461.717,1,285.5,0.115941
462.583,1,285,0.115412
463.449,1,284.5,0.115052
464.315,1,284,0.114691
465.181,1,283.5,0.114329
466.047,1,283,0.113965
466.913,1,282.5,0.113601
467.779,1,282,0.113291
468.645,1,281.5,0.113165
469.512,1,281,0.113039
470.378,1,280.5,0.112911
471.244,1,280,0.112781
472.11,1,279.5,0.11265
472.976,1,279,0.112518
473.842,1,278.5,0.112485
474.708,1,278,0.112459
475.574,1,277.5,0.112431
476.44,1,277,0.112401
477.306,1,276.5,0.112368
478.172,1,276,0.112335
479.038,1,275.5,0.11235
479.904,1,275,0.112395
480.77,1,274.5,0.112438
481.636,1,274,0.11248
482.502,1,273.5,0.112521
483.368,1,273,0.112561
484.234,1,272.5,0.112605
485.1,1,272,0.112663
485.966,1,271.5,0.112719
486.832,1,271,0.112775
487.698,1,270.5,0.112832
488.564,1,270,0.112892
489.43,1,269.5,0.11295
490.296,1,269,0.113006
491.162,1,268.5,0.113061
492.028,1,268,0.113114
492.894,1,267.5,0.113167
493.76,1,267,0.113218
494.626,1,266.5,0.113268
495.492,1,266,0.113304
496.358,1,265.5,0.113333
497.224,1,265,0.113365
498.09,1,264.5,0.113399
498.956,1,264,0.113433
499.822,1,263.5,0.113466
500.688,1,263,0.113494
501.554,1,262.5,0.113514
502.42,1,262,0.113533
503.286,1,261.5,0.113551
504.153,1,261,0.113567
505.019,1,260.5,0.113582
505.885,1,260,0.113595
506.751,1,259.5,0.113605
507.617,1,259,0.113616
508.483,1,258.5,0.113626
509.349,1,258,0.113635
510.215,1,257.5,0.113642
511.081,1,257,0.113647
511.947,1,256.5,0.113647
512.813,1,256,0.113642
513.679,1,255.5,0.113636
514.545,1,255,0.113627
515.411,1,254.5,0.113617
516.277,1,254,0.113608
517.143,1,253.5,0.113597
518.009,1,253,0.11358
518.875,1,252.5,0.113562
519.741,1,252,0.113541
520.607,1,251.5,0.113519
521.473,1,251,0.113495
522.339,1,250.5,0.113468
523.205,1,250,0.113435
524.071,1,249.5,0.113399
524.937,1,249,0.113362
525.803,1,248.5,0.113328
526.669,1,248,0.113295
527.535,1,247.5,0.11326
528.401,1,247,0.113218
529.267,1,246.5,0.113173
530.133,1,246,0.113127
530.999,1,245.5,0.113079
531.865,1,245,0.113029
532.731,1,244.5,0.112977
533.597,1,244,0.112921
534.463,1,243.5,0.11286
535.329,1,243,0.11281
536.195,1,242.5,0.112762
537.061,1,242,0.112712
537.928,1,241.5,0.112661
538.794,1,241,0.112608
539.66,1,240.5,0.112549
540.526,1,240,0.112489
541.392,1,239.5,0.112428
542.258,1,239,0.112367
543.124,1,238.5,0.112304
543.99,1,238,0.112241
544.856,1,237.5,0.112182
545.722,1,237,0.112125
546.588,1,236.5,0.112067
547.454,1,236,0.112009
548.32,1,235.5,0.111949
549.186,1,235,0.111889
550.052,1,234.5,0.111824
550.918,1,234,0.111755
551.784,1,233.5,0.111686
552.65,1,233,0.111618
553.516,1,232.5,0.111549
554.382,1,232,0.111492
555.248,1,231.5,0.111434
556.114,1,231,0.11137
556.98,1,230.5,0.111307
557.846,1,230,0.111244
558.712,1,229.5,0.111181
559.578,1,229,0.111119
560.444,1,228.5,0.111057
561.31,1,228,0.110991
562.176,1,227.5,0.110925
563.042,1,227,0.11086
563.908,1,226.5,0.110806
564.774,1,226,0.110754
565.64,1,225.5,0.110703
566.506,1,225,0.110648
567.372,1,224.5,0.110592
568.238,1,224,0.110536
569.104,1,223.5,0.11048
569.97,1,223,0.110425
570.836,1,222.5,0.11037
571.703,1,222,0.110315
572.569,1,221.5,0.110257
573.435,1,221,0.110209
574.301,1,220.5,0.110161
575.167,1,220,0.110115
576.033,1,219.5,0.110069
576.899,1,219,0.110024
577.765,1,218.5,0.109978
578.631,1,218,0.109934
579.497,1,217.5,0.10989
580.363,1,217,0.109847
581.229,1,216.5,0.109805
582.095,1,216,0.109764
582.961,1,215.5,0.109728
583.827,1,215,0.109693
584.693,1,214.5,0.109659
585.559,1,214,0.109626
586.425,1,213.5,0.109593
587.291,1,213,0.109562
588.157,1,212.5,0.10953
589.023,1,212,0.1095
589.889,1,211.5,0.10947
590.755,1,211,0.109441
591.621,1,210.5,0.109414
592.487,1,210,0.10939
593.353,1,209.5,0.109366
594.219,1,209,0.109344
595.085,1,208.5,0.109322
595.951,1,208,0.109301
596.817,1,207.5,0.10928
597.683,1,207,0.10926
598.549,1,206.5,0.109241
599.415,1,206,0.109222
600.281,1,205.5,0.109204
601.147,1,205,0.109187
602.013,1,204.5,0.109174
602.879,1,204,0.109162
603.745,1,203.5,0.10915
604.611,1,203,0.109138
605.477,1,202.5,0.109128
606.344,1,202,0.109117
607.21,1,201.5,0.109107
608.076,1,201,0.109097
608.942,1,200.5,0.109088
609.808,1,200,0.109079
