x,y,z,b
90.1924,1,500,0.108941
91.0584,1,499.5,0.108939
91.9244,1,499,0.108936
92.7905,1,498.5,0.108934
93.6565,1,498,0.108932
94.5225,1,497.5,0.10893
95.3885,1,497,0.108927
96.2546,1,496.5,0.108924
97.1206,1,496,0.108921
97.9866,1,495.5,0.108918
98.8526,1,495,0.108915
99.7187,1,494.5,0.108911
100.585,1,494,0.108908
101.451,1,493.5,0.108905
102.317,1,493,0.1089
103.183,1,492.5,0.108896
104.049,1,492,0.108892
104.915,1,491.5,0.108888
105.781,1,491,0.108883
106.647,1,490.5,0.108879
107.513,1,490,0.108874
108.379,1,489.5,0.108869
109.245,1,489,0.108864
110.111,1,488.5,0.108858
110.977,1,488,0.108853
111.843,1,487.5,0.108848
112.709,1,487,0.108842
113.575,1,486.5,0.108836
114.441,1,486,0.10883
115.307,1,485.5,0.108824
116.173,1,485,0.108817
117.039,1,484.5,0.108811
117.905,1,484,0.108804
118.771,1,483.5,0.108797
119.637,1,483,0.10879
120.503,1,482.5,0.108783
121.369,1,482,0.108776
122.235,1,481.5,0.108769
123.101,1,481,0.108761
123.967,1,480.5,0.108753
124.833,1,480,0.108744
125.699,1,479.5,0.108736
126.565,1,479,0.108727
127.431,1,478.5,0.108719
128.297,1,478,0.10871
129.164,1,477.5,0.108701
130.03,1,477,0.108691
130.896,1,476.5,0.108681
131.762,1,476,0.108671
132.628,1,475.5,0.108661
133.494,1,475,0.108651
134.36,1,474.5,0.10864
135.226,1,474,0.108628
136.092,1,473.5,0.108616
136.958,1,473,0.108604
137.824,1,472.5,0.108592
138.69,1,472,0.10858
139.556,1,471.5,0.108568
140.422,1,471,0.108554
141.288,1,470.5,0.10854
142.154,1,470,0.108526
143.02,1,469.5,0.108512
143.886,1,469,0.108498
144.752,1,468.5,0.108484
145.618,1,468,0.108468
146.484,1,467.5,0.108451
147.35,1,467,0.108434
148.216,1,466.5,0.108417
149.082,1,466,0.1084
149.948,1,465.5,0.108383
150.814,1,465,0.108365
151.68,1,464.5,0.108345
152.546,1,464,0.108325
153.412,1,463.5,0.108305
154.278,1,463,0.108285
155.144,1,462.5,0.108264
156.01,1,462,0.108243
156.876,1,461.5,0.10822
157.742,1,461,0.108196
158.608,1,460.5,0.108172
159.474,1,460,0.108147
160.34,1,459.5,0.108123
161.206,1,459,0.108098
162.072,1,458.5,0.108071
162.939,1,458,0.108042
163.805,1,457.5,0.108013
164.671,1,457,0.107984
165.537,1,456.5,0.107955
166.403,1,456,0.107926
167.269,1,455.5,0.107894
168.135,1,455,0.107859
169.001,1,454.5,0.107824
169.867,1,454,0.107789
170.733,1,453.5,0.107753
171.599,1,453,0.107717
172.465,1,452.5,0.10768
173.331,1,452,0.107639
174.197,1,451.5,0.107597
175.063,1,451,0.107555
175.929,1,450.5,0.107513
176.795,1,450,0.10747
177.661,1,449.5,0.107427
178.527,1,449,0.107377
179.393,1,448.5,0.107326
180.259,1,448,0.107274
181.125,1,447.5,0.107222
181.991,1,447,0.107169
182.857,1,446.5,0.107116
183.723,1,446,0.107057
184.589,1,445.5,0.106995
185.455,1,445,0.106933
186.321,1,444.5,0.10687
187.187,1,444,0.106806
188.053,1,443.5,0.106742
188.919,1,443,0.106674
189.785,1,442.5,0.106598
190.651,1,442,0.106521
191.517,1,441.5,0.106443
192.383,1,441,0.106365
193.249,1,440.5,0.106286
194.115,1,440,0.106206
194.981,1,439.5,0.106114
195.847,1,439,0.106021
196.714,1,438.5,0.105927
197.58,1,438,0.105832
198.446,1,437.5,0.105736
199.312,1,437,0.105639
200.178,1,436.5,0.10553
201.044,1,436,0.105415
201.91,1,435.5,0.105298
202.776,1,435,0.105179
203.642,1,434.5,0.10506
204.508,1,434,0.10494
205.374,1,433.5,0.104812
206.24,1,433,0.10467
207.106,1,432.5,0.104527
207.972,1,432,0.104382
208.838,1,431.5,0.104235
209.704,1,431,0.104087
210.57,1,430.5,0.103937
211.436,1,430,0.10376
212.302,1,429.5,0.103581
213.168,1,429,0.103401
214.034,1,428.5,0.10322
214.9,1,428,0.103037
215.766,1,427.5,0.102851
216.632,1,427,0.102643
217.498,1,426.5,0.102423
218.364,1,426,0.102201
219.23,1,425.5,0.101977
220.096,1,425,0.101749
220.962,1,424.5,0.10152
221.828,1,424,0.101273
222.694,1,423.5,0.101
223.56,1,423,0.100724
224.426,1,422.5,0.100445
225.292,1,422,0.100162
226.158,1,421.5,0.0998758
227.024,1,421,0.0995829
227.89,1,420.5,0.0992482
228.756,1,420,0.0989094
229.622,1,419.5,0.0985662
230.488,1,419,0.0982187
231.355,1,418.5,0.097867
232.221,1,418,0.0975121
233.087,1,417.5,0.0971186
233.953,1,417,0.0967091
234.819,1,416.5,0.0962939
235.685,1,416,0.095873
236.551,1,415.5,0.0954463
237.417,1,415,0.095014
238.283,1,414.5,0.0945509
239.149,1,414,0.0940493
240.015,1,413.5,0.0935384
240.881,1,413,0.0930182
241.747,1,412.5,0.0924872
242.613,1,412,0.0919458
243.479,1,411.5,0.0914068
244.345,1,411,0.0909534
245.211,1,410.5,0.0905235
246.077,1,410,0.0901171
246.943,1,409.5,0.0897342
247.809,1,409,0.0893748
248.675,1,408.5,0.0890388
249.541,1,408,0.0891808
250.407,1,407.5,0.0894657
251.273,1,407,0.0899033
252.139,1,406.5,0.090428
253.005,1,406,0.0910219
253.871,1,405.5,0.0916851
254.737,1,405,0.093056
255.603,1,404.5,0.0951814
256.469,1,404,0.0974662
257.335,1,403.5,0.0999104
258.201,1,403,0.102514
259.067,1,402.5,0.105277
259.933,1,402,0.108415
260.799,1,401.5,0.112603
261.665,1,401,0.116741
262.531,1,400.5,0.12082
263.397,1,400,0.124839
264.263,1,399.5,0.128798
265.13,1,399,0.132697
265.996,1,398.5,0.136314
266.862,1,398,0.139807
267.728,1,397.5,0.143203
268.594,1,397,0.146503
269.46,1,396.5,0.149707
270.326,1,396,0.155502
271.192,1,395.5,0.162901
272.058,1,395,0.171816
272.924,1,394.5,0.181607
273.79,1,394,0.192274
274.656,1,393.5,0.203817
275.522,1,393,0.216237
276.388,1,392.5,0.230366
277.254,1,392,0.24756
278.12,1,391.5,0.265124
278.986,1,391,0.283013
279.852,1,390.5,0.298808
280.718,1,390,0.312937
281.584,1,389.5,0.3254
282.45,1,389,0.330127
283.316,1,388.5,0.333381
284.182,1,388,0.335609
285.048,1,387.5,0.33681
285.914,1,387,0.336986
286.78,1,386.5,0.336134
287.646,1,386,0.334483
288.512,1,385.5,0.332903
289.378,1,385,0.331483
290.244,1,384.5,0.330109
291.11,1,384,0.32878
291.976,1,383.5,0.327498
292.842,1,383,0.326461
293.708,1,382.5,0.325972
294.574,1,382,0.3256
295.44,1,381.5,0.325344
296.306,1,381,0.325206
297.172,1,380.5,0.325184
298.038,1,380,0.325267
298.905,1,379.5,0.32537
299.771,1,379,0.325474
300.637,1,378.5,0.325578
301.503,1,378,0.325684
302.369,1,377.5,0.32579
303.235,1,377,0.325896
304.101,1,376.5,0.325941
304.967,1,376,0.325983
305.833,1,375.5,0.326059
306.699,1,375,0.326168
307.565,1,374.5,0.326318
308.431,1,374,0.326515
309.297,1,373.5,0.326701
310.163,1,373,0.326865
311.029,1,372.5,0.327059
311.895,1,372,0.327284
312.761,1,371.5,0.32754
313.627,1,371,0.327827
314.493,1,370.5,0.328141
315.359,1,370,0.328403
316.225,1,369.5,0.328676
317.091,1,369,0.328958
317.957,1,368.5,0.329243
318.823,1,368,0.329539
319.689,1,367.5,0.329843
320.555,1,367,0.330108
321.421,1,366.5,0.330371
322.287,1,366,0.330653
323.153,1,365.5,0.330954
324.019,1,365,0.331272
324.885,1,364.5,0.331609
325.751,1,364,0.331663
326.617,1,363.5,0.330971
327.483,1,363,0.329582
328.349,1,362.5,0.32791
329.215,1,362,0.325955
330.081,1,361.5,0.323718
330.947,1,361,0.320728
331.813,1,360.5,0.313216
332.679,1,360,0.305296
333.546,1,359.5,0.296967
334.412,1,359,0.288229
335.278,1,358.5,0.279081
336.144,1,358,0.271402
337.01,1,357.5,0.264064
337.876,1,357,0.256928
338.742,1,356.5,0.250791
339.608,1,356,0.245653
340.474,1,355.5,0.241514
341.34,1,355,0.238373
342.206,1,354.5,0.239128
343.072,1,354,0.241355
343.938,1,353.5,0.240824
344.804,1,353,0.237537
345.67,1,352.5,0.231972
346.536,1,352,0.226022
347.402,1,351.5,0.223417
348.268,1,351,0.23601
349.134,1,350.5,0.241664
350,1,350,0.240378
350.866,1,349.5,0.232152
351.732,1,349,0.216986
352.598,1,348.5,0.19488
353.464,1,348,0.160775
354.33,1,347.5,0.127826
355.196,1,347,0.109099
356.062,1,346.5,0.101011
356.928,1,346,0.0928599
357.794,1,345.5,0.084646
358.66,1,345,0.0863885
359.526,1,344.5,0.0959817
360.392,1,344,0.104139
361.258,1,343.5,0.110862
362.124,1,343,0.116149
362.99,1,342.5,0.12
363.856,1,342,0.12183
364.722,1,341.5,0.121381
365.588,1,341,0.121202
366.454,1,340.5,0.121001
367.321,1,340,0.120778
368.187,1,339.5,0.120532
369.053,1,339,0.120264
369.919,1,338.5,0.120224
370.785,1,338,0.120218
371.651,1,337.5,0.120221
372.517,1,337,0.120232
373.383,1,336.5,0.120252
374.249,1,336,0.120347
375.115,1,335.5,0.120557
375.981,1,335,0.120818
376.847,1,334.5,0.121081
377.713,1,334,0.121348
378.579,1,333.5,0.121618
379.445,1,333,0.121891
380.311,1,332.5,0.122128
381.177,1,332,0.122258
382.043,1,331.5,0.122383
382.909,1,331,0.122503
383.775,1,330.5,0.122625
384.641,1,330,0.12275
385.507,1,329.5,0.122875
386.373,1,329,0.122931
387.239,1,328.5,0.122992
388.105,1,328,0.123062
388.971,1,327.5,0.123142
389.837,1,327,0.12323
390.703,1,326.5,0.123328
391.569,1,326,0.123406
392.435,1,325.5,0.123477
393.301,1,325,0.123553
394.167,1,324.5,0.12363
395.033,1,324,0.123707
395.899,1,323.5,0.123784
396.765,1,323,0.123847
397.631,1,322.5,0.123882
398.497,1,322,0.123919
399.363,1,321.5,0.123958
400.229,1,321,0.123999
401.095,1,320.5,0.124042
401.962,1,320,0.124086
402.828,1,319.5,0.124108
403.694,1,319,0.124129
404.56,1,318.5,0.124149
405.426,1,318,0.124169
406.292,1,317.5,0.124189
407.158,1,317,0.124208
408.024,1,316.5,0.12422
408.89,1,316,0.124226
409.756,1,315.5,0.124232
410.622,1,315,0.124236
411.488,1,314.5,0.12424
412.354,1,314,0.124243
413.22,1,313.5,0.124241
414.086,1,313,0.124232
414.952,1,312.5,0.12422
415.818,1,312,0.124205
416.684,1,311.5,0.124187
417.55,1,311,0.124167
418.416,1,310.5,0.124143
419.282,1,310,0.124107
420.148,1,309.5,0.124068
421.014,1,309,0.124026
421.88,1,308.5,0.123986
422.746,1,308,0.123943
423.612,1,307.5,0.123898
424.478,1,307,0.123843
425.344,1,306.5,0.123782
426.21,1,306,0.123719
427.076,1,305.5,0.123652
427.942,1,305,0.123582
428.808,1,304.5,0.12351
429.674,1,304,0.123428
430.54,1,303.5,0.123338
431.406,1,303,0.123252
432.272,1,302.5,0.123163
433.138,1,302,0.12307
434.004,1,301.5,0.122975
434.87,1,301,0.122875
435.737,1,300.5,0.122762
436.603,1,300,0.122646
437.469,1,299.5,0.122526
438.335,1,299,0.122404
439.201,1,298.5,0.122279
440.067,1,298,0.122152
440.933,1,297.5,0.122025
441.799,1,297,0.121894
442.665,1,296.5,0.121759
443.531,1,296,0.121622
444.397,1,295.5,0.121483
445.263,1,295,0.121341
446.129,1,294.5,0.121189
446.995,1,294,0.121029
447.861,1,293.5,0.120867
448.727,1,293,0.120703
449.593,1,292.5,0.12054
450.459,1,292,0.120393
451.325,1,291.5,0.120243
452.191,1,291,0.120079
453.057,1,290.5,0.119915
453.923,1,290,0.119748
454.789,1,289.5,0.11958
455.655,1,289,0.119411
456.521,1,288.5,0.119239
457.387,1,288,0.119055
458.253,1,287.5,0.118867
459.119,1,287,0.118685
459.985,1,286.5,0.118523
460.851,1,286,0.11836
461.717,1,285.5,0.118196
462.583,1,285,0.118025
463.449,1,284.5,0.117847
464.315,1,284,0.117668
465.181,1,283.5,0.117489
466.047,1,283,0.11731
466.913,1,282.5,0.11713
467.779,1,282,0.116946
468.645,1,281.5,0.116762
469.512,1,281,0.1166
470.378,1,280.5,0.116439
471.244,1,280,0.116278
472.11,1,279.5,0.116117
472.976,1,279,0.115957
473.842,1,278.5,0.115787
474.708,1,278,0.115616
475.574,1,277.5,0.115446
476.44,1,277,0.115277
477.306,1,276.5,0.115109
478.172,1,276,0.114949
479.038,1,275.5,0.1148
479.904,1,275,0.114648
480.77,1,274.5,0.114497
481.636,1,274,0.114347
482.502,1,273.5,0.114199
483.368,1,273,0.114051
484.234,1,272.5,0.113902
485.1,1,272,0.113749
485.966,1,271.5,0.113597
486.832,1,271,0.113447
487.698,1,270.5,0.113305
488.564,1,270,0.113176
489.43,1,269.5,0.113048
490.296,1,269,0.112915
491.162,1,268.5,0.112784
492.028,1,268,0.112655
492.894,1,267.5,0.112527
493.76,1,267,0.112401
494.626,1,266.5,0.112277
495.492,1,266,0.112151
496.358,1,265.5,0.112026
497.224,1,265,0.111909
498.09,1,264.5,0.111803
498.956,1,264,0.111697
499.822,1,263.5,0.111593
500.688,1,263,0.11149
501.554,1,262.5,0.111387
502.42,1,262,0.111286
503.286,1,261.5,0.111186
504.153,1,261,0.111089
505.019,1,260.5,0.110992
505.885,1,260,0.110898
506.751,1,259.5,0.11081
507.617,1,259,0.11073
508.483,1,258.5,0.110651
509.349,1,258,0.110574
510.215,1,257.5,0.110498
511.081,1,257,0.110424
511.947,1,256.5,0.110351
512.813,1,256,0.11028
513.679,1,255.5,0.11021
514.545,1,255,0.110142
515.411,1,254.5,0.110076
516.277,1,254,0.110016
517.143,1,253.5,0.109963
518.009,1,253,0.109911
518.875,1,252.5,0.10986
519.741,1,252,0.10981
520.607,1,251.5,0.109762
521.473,1,251,0.109714
522.339,1,250.5,0.109668
523.205,1,250,0.109624
524.071,1,249.5,0.109581
524.937,1,249,0.109539
525.803,1,248.5,0.109501
526.669,1,248,0.109466
527.535,1,247.5,0.109431
528.401,1,247,0.109399
529.267,1,246.5,0.109368
530.133,1,246,0.109337
530.999,1,245.5,0.109308
531.865,1,245,0.109279
532.731,1,244.5,0.109252
533.597,1,244,0.109226
534.463,1,243.5,0.109202
535.329,1,243,0.109181
536.195,1,242.5,0.109162
537.061,1,242,0.109143
537.928,1,241.5,0.109125
538.794,1,241,0.109108
539.66,1,240.5,0.109092
540.526,1,240,0.109078
541.392,1,239.5,0.109063
542.258,1,239,0.10905
543.124,1,238.5,0.109037
543.99,1,238,0.109024
544.856,1,237.5,0.109014
545.722,1,237,0.109005
546.588,1,236.5,0.108997
547.454,1,236,0.108988
548.32,1,235.5,0.10898
549.186,1,235,0.108973
550.052,1,234.5,0.108966
550.918,1,234,0.108961
551.784,1,233.5,0.108956
552.65,1,233,0.108951
553.516,1,232.5,0.108946
554.382,1,232,0.108943
555.248,1,231.5,0.10894
556.114,1,231,0.108938
556.98,1,230.5,0.108937
557.846,1,230,0.108935
558.712,1,229.5,0.108934
559.578,1,229,0.108933
560.444,1,228.5,0.108933
561.31,1,228,0.108933
562.176,1,227.5,0.108933
563.042,1,227,0.108934
563.908,1,226.5,0.108935
564.774,1,226,0.108935
565.64,1,225.5,0.108936
566.506,1,225,0.108937
567.372,1,224.5,0.108939
568.238,1,224,0.10894
569.104,1,223.5,0.108942
569.97,1,223,0.108944
570.836,1,222.5,0.108945
571.703,1,222,0.108947
572.569,1,221.5,0.10895
573.435,1,221,0.108952
574.301,1,220.5,0.108954
575.167,1,220,0.108956
576.033,1,219.5,0.108959
576.899,1,219,0.108961
577.765,1,218.5,0.108964
578.631,1,218,0.108967
579.497,1,217.5,0.108969
580.363,1,217,0.108972
581.229,1,216.5,0.108975
582.095,1,216,0.108978
582.961,1,215.5,0.10898
583.827,1,215,0.108983
584.693,1,214.5,0.108986
585.559,1,214,0.108989
586.425,1,213.5,0.108991
587.291,1,213,0.108994
588.157,1,212.5,0.108997
589.023,1,212,0.109
589.889,1,211.5,0.109003
590.755,1,211,0.109006
591.621,1,210.5,0.109009
592.487,1,210,0.109012
593.353,1,209.5,0.109015
594.219,1,209,0.109017
595.085,1,208.5,0.10902
595.951,1,208,0.109023
596.817,1,207.5,0.109026
597.683,1,207,0.109029
598.549,1,206.5,0.109031
599.415,1,206,0.109034
600.281,1,205.5,0.109037
601.147,1,205,0.10904
602.013,1,204.5,0.109043
602.879,1,204,0.109046
603.745,1,203.5,0.109048
604.611,1,203,0.109051
605.477,1,202.5,0.109054
606.344,1,202,0.109057
607.21,1,201.5,0.10906
608.076,1,201,0.109062
608.942,1,200.5,0.109065
609.808,1,200,0.109068
