x,y,z,b
90.1924,1,500,0.108864
91.0584,1,499.5,0.108861
91.9244,1,499,0.108858
92.7905,1,498.5,0.108855
93.6565,1,498,0.108852
94.5225,1,497.5,0.108848
95.3885,1,497,0.108845
96.2546,1,496.5,0.108841
97.1206,1,496,0.108837
97.9866,1,495.5,0.108832
98.8526,1,495,0.108828
99.7187,1,494.5,0.108823
100.585,1,494,0.108819
101.451,1,493.5,0.108814
102.317,1,493,0.108808
103.183,1,492.5,0.108803
104.049,1,492,0.108797
104.915,1,491.5,0.108791
105.781,1,491,0.108785
106.647,1,490.5,0.108779
107.513,1,490,0.108772
108.379,1,489.5,0.108765
109.245,1,489,0.108758
110.111,1,488.5,0.108751
110.977,1,488,0.108744
111.843,1,487.5,0.108737
112.709,1,487,0.108729
113.575,1,486.5,0.108721
114.441,1,486,0.108712
115.307,1,485.5,0.108704
116.173,1,485,0.108695
117.039,1,484.5,0.108687
117.905,1,484,0.108678
118.771,1,483.5,0.108668
119.637,1,483,0.108659
120.503,1,482.5,0.108649
121.369,1,482,0.108639
122.235,1,481.5,0.108629
123.101,1,481,0.10862
123.967,1,480.5,0.108608
124.833,1,480,0.108597
125.699,1,479.5,0.108585
126.565,1,479,0.108574
127.431,1,478.5,0.108562
128.297,1,478,0.108551
129.164,1,477.5,0.108538
130.03,1,477,0.108524
130.896,1,476.5,0.108511
131.762,1,476,0.108498
132.628,1,475.5,0.108484
133.494,1,475,0.10847
134.36,1,474.5,0.108456
135.226,1,474,0.10844
136.092,1,473.5,0.108424
136.958,1,473,0.108408
137.824,1,472.5,0.108392
138.69,1,472,0.108376
139.556,1,471.5,0.108359
140.422,1,471,0.108341
141.288,1,470.5,0.108322
142.154,1,470,0.108303
143.02,1,469.5,0.108284
143.886,1,469,0.108265
144.752,1,468.5,0.108246
145.618,1,468,0.108225
146.484,1,467.5,0.108202
147.35,1,467,0.10818
148.216,1,466.5,0.108157
149.082,1,466,0.108135
149.948,1,465.5,0.108112
150.814,1,465,0.108087
151.68,1,464.5,0.108061
152.546,1,464,0.108034
153.412,1,463.5,0.108008
154.278,1,463,0.107981
155.144,1,462.5,0.107953
156.01,1,462,0.107925
156.876,1,461.5,0.107894
157.742,1,461,0.107862
158.608,1,460.5,0.10783
159.474,1,460,0.107798
160.34,1,459.5,0.107765
161.206,1,459,0.107733
162.072,1,458.5,0.107696
162.939,1,458,0.107658
163.805,1,457.5,0.10762
164.671,1,457,0.107581
165.537,1,456.5,0.107543
166.403,1,456,0.107504
167.269,1,455.5,0.107461
168.135,1,455,0.107415
169.001,1,454.5,0.107368
169.867,1,454,0.107321
170.733,1,453.5,0.107274
171.599,1,453,0.107226
172.465,1,452.5,0.107177
173.331,1,452,0.107122
174.197,1,451.5,0.107067
175.063,1,451,0.107011
175.929,1,450.5,0.106955
176.795,1,450,0.106899
177.661,1,449.5,0.106842
178.527,1,449,0.106776
179.393,1,448.5,0.106708
180.259,1,448,0.10664
181.125,1,447.5,0.106571
181.991,1,447,0.106502
182.857,1,446.5,0.106432
183.723,1,446,0.106355
184.589,1,445.5,0.106274
185.455,1,445,0.106192
186.321,1,444.5,0.106109
187.187,1,444,0.106025
188.053,1,443.5,0.105941
188.919,1,443,0.105852
189.785,1,442.5,0.105752
190.651,1,442,0.105652
191.517,1,441.5,0.10555
192.383,1,441,0.105448
193.249,1,440.5,0.105344
194.115,1,440,0.10524
194.981,1,439.5,0.105121
195.847,1,439,0.104999
196.714,1,438.5,0.104876
197.58,1,438,0.104752
198.446,1,437.5,0.104627
199.312,1,437,0.104501
200.178,1,436.5,0.104359
201.044,1,436,0.10421
201.91,1,435.5,0.104058
202.776,1,435,0.103905
203.642,1,434.5,0.103751
204.508,1,434,0.103595
205.374,1,433.5,0.103429
206.24,1,433,0.103247
207.106,1,432.5,0.103062
207.972,1,432,0.102875
208.838,1,431.5,0.102687
209.704,1,431,0.102496
210.57,1,430.5,0.102302
211.436,1,430,0.102078
212.302,1,429.5,0.101851
213.168,1,429,0.101622
214.034,1,428.5,0.10139
214.9,1,428,0.101156
215.766,1,427.5,0.100919
216.632,1,427,0.100656
217.498,1,426.5,0.10038
218.364,1,426,0.100101
219.23,1,425.5,0.0998191
220.096,1,425,0.0995335
220.962,1,424.5,0.0992445
221.828,1,424,0.0989372
222.694,1,423.5,0.0986028
223.56,1,423,0.0982636
224.426,1,422.5,0.09792
225.292,1,422,0.097572
226.158,1,421.5,0.0972195
227.024,1,421,0.0968597
227.89,1,420.5,0.0964624
228.756,1,420,0.0960598
229.622,1,419.5,0.0956522
230.488,1,419,0.0952393
231.355,1,418.5,0.0948213
232.221,1,418,0.0943976
233.087,1,417.5,0.0939397
233.953,1,417,0.0934647
234.819,1,416.5,0.0929812
235.685,1,416,0.0924892
236.551,1,415.5,0.0919885
237.417,1,415,0.0914792
238.283,1,414.5,0.0909943
239.149,1,414,0.0905545
240.015,1,413.5,0.0901248
240.881,1,413,0.0897055
241.747,1,412.5,0.0893583
242.613,1,412,0.0890646
243.479,1,411.5,0.0888701
244.345,1,411,0.0890944
245.211,1,410.5,0.0893679
246.077,1,410,0.0896906
246.943,1,409.5,0.0900626
247.809,1,409,0.0904838
248.675,1,408.5,0.0909542
249.541,1,408,0.092103
250.407,1,407.5,0.0934774
251.273,1,407,0.0952367
252.139,1,406.5,0.0971884
253.005,1,406,0.0992822
253.871,1,405.5,0.101518
254.737,1,405,0.104441
255.603,1,404.5,0.107975
256.469,1,404,0.111574
257.335,1,403.5,0.115237
258.201,1,403,0.118965
259.067,1,402.5,0.122757
259.933,1,402,0.126692
260.799,1,401.5,0.131077
261.665,1,401,0.135381
262.531,1,400.5,0.139588
263.397,1,400,0.143697
264.263,1,399.5,0.147708
265.13,1,399,0.151622
265.996,1,398.5,0.155727
266.862,1,398,0.159862
267.728,1,397.5,0.163991
268.594,1,397,0.168115
269.46,1,396.5,0.172234
270.326,1,396,0.177188
271.192,1,395.5,0.181824
272.058,1,395,0.186683
272.924,1,394.5,0.192055
273.79,1,394,0.197941
274.656,1,393.5,0.204341
275.522,1,393,0.211255
276.388,1,392.5,0.220251
277.254,1,392,0.235089
278.12,1,391.5,0.251414
278.986,1,391,0.269241
279.852,1,390.5,0.287209
280.718,1,390,0.303138
281.584,1,389.5,0.317026
282.45,1,389,0.322916
283.316,1,388.5,0.327139
284.182,1,388,0.330136
285.048,1,387.5,0.331909
285.914,1,387,0.332457
286.78,1,386.5,0.33178
287.646,1,386,0.330128
288.512,1,385.5,0.328534
289.378,1,385,0.327238
290.244,1,384.5,0.326052
291.11,1,384,0.324976
291.976,1,383.5,0.324009
292.842,1,383,0.323385
293.708,1,382.5,0.32337
294.574,1,382,0.323419
295.44,1,381.5,0.32353
296.306,1,381,0.323704
297.172,1,380.5,0.323941
298.038,1,380,0.324218
298.905,1,379.5,0.32431
299.771,1,379,0.324407
300.637,1,378.5,0.324508
301.503,1,378,0.324614
302.369,1,377.5,0.324725
303.235,1,377,0.324841
304.101,1,376.5,0.324921
304.967,1,376,0.325005
305.833,1,375.5,0.325119
306.699,1,375,0.325262
307.565,1,374.5,0.325439
308.431,1,374,0.325651
309.297,1,373.5,0.325815
310.163,1,373,0.325902
311.029,1,372.5,0.32602
311.895,1,372,0.326167
312.761,1,371.5,0.326344
313.627,1,371,0.326551
314.493,1,370.5,0.326779
315.359,1,370,0.326867
316.225,1,369.5,0.326995
317.091,1,369,0.32715
317.957,1,368.5,0.327293
318.823,1,368,0.327445
319.689,1,367.5,0.327606
320.555,1,367,0.327705
321.421,1,366.5,0.327823
322.287,1,366,0.327992
323.153,1,365.5,0.328213
324.019,1,365,0.328484
324.885,1,364.5,0.328807
325.751,1,364,0.328958
326.617,1,363.5,0.32869
327.483,1,363,0.328016
328.349,1,362.5,0.327147
329.215,1,362,0.326083
330.081,1,361.5,0.324823
330.947,1,361,0.322718
331.813,1,360.5,0.314615
332.679,1,360,0.306215
333.546,1,359.5,0.297519
334.412,1,359,0.288527
335.278,1,358.5,0.279239
336.144,1,358,0.271284
337.01,1,357.5,0.263011
337.876,1,357,0.254867
338.742,1,356.5,0.24774
339.608,1,356,0.241632
340.474,1,355.5,0.236541
341.34,1,355,0.232469
342.206,1,354.5,0.234239
343.072,1,354,0.239405
343.938,1,353.5,0.241491
344.804,1,353,0.240496
345.67,1,352.5,0.237188
346.536,1,352,0.233562
347.402,1,351.5,0.232482
348.268,1,351,0.243448
349.134,1,350.5,0.247379
350,1,350,0.244275
350.866,1,349.5,0.234137
351.732,1,349,0.216964
352.598,1,348.5,0.192756
353.464,1,348,0.159105
354.33,1,347.5,0.127692
355.196,1,347,0.110835
356.062,1,346.5,0.10373
356.928,1,346,0.0955664
357.794,1,345.5,0.0863442
358.66,1,345,0.0863804
359.526,1,344.5,0.0947147
360.392,1,344,0.102158
361.258,1,343.5,0.108712
362.124,1,343,0.114374
362.99,1,342.5,0.119146
363.856,1,342,0.122149
364.722,1,341.5,0.12202
365.588,1,341,0.122089
366.454,1,340.5,0.122075
367.321,1,340,0.121978
368.187,1,339.5,0.121798
369.053,1,339,0.121536
369.919,1,338.5,0.121424
370.785,1,338,0.121328
371.651,1,337.5,0.121226
372.517,1,337,0.121118
373.383,1,336.5,0.121003
374.249,1,336,0.120957
375.115,1,335.5,0.121005
375.981,1,335,0.121108
376.847,1,334.5,0.121238
377.713,1,334,0.121393
378.579,1,333.5,0.121575
379.445,1,333,0.121783
380.311,1,332.5,0.121963
381.177,1,332,0.122008
382.043,1,331.5,0.122064
382.909,1,331,0.122129
383.775,1,330.5,0.122234
384.641,1,330,0.122353
385.507,1,329.5,0.122474
386.373,1,329,0.122465
387.239,1,328.5,0.122461
388.105,1,328,0.122469
388.971,1,327.5,0.12249
389.837,1,327,0.122522
390.703,1,326.5,0.122566
391.569,1,326,0.122601
392.435,1,325.5,0.122636
393.301,1,325,0.12268
394.167,1,324.5,0.122727
395.033,1,324,0.122776
395.899,1,323.5,0.122828
396.765,1,323,0.122876
397.631,1,322.5,0.122913
398.497,1,322,0.122953
399.363,1,321.5,0.122996
400.229,1,321,0.123041
401.095,1,320.5,0.123088
401.962,1,320,0.123138
402.828,1,319.5,0.123184
403.694,1,319,0.123229
404.56,1,318.5,0.123273
405.426,1,318,0.123316
406.292,1,317.5,0.123358
407.158,1,317,0.1234
408.024,1,316.5,0.123437
408.89,1,316,0.123472
409.756,1,315.5,0.123505
410.622,1,315,0.123537
411.488,1,314.5,0.123567
412.354,1,314,0.123599
413.22,1,313.5,0.123627
414.086,1,313,0.123649
414.952,1,312.5,0.123668
415.818,1,312,0.123685
416.684,1,311.5,0.123699
417.55,1,311,0.12371
418.416,1,310.5,0.123719
419.282,1,310,0.123715
420.148,1,309.5,0.123708
421.014,1,309,0.123698
421.88,1,308.5,0.123686
422.746,1,308,0.123672
423.612,1,307.5,0.123655
424.478,1,307,0.123627
425.344,1,306.5,0.123593
426.21,1,306,0.123555
427.076,1,305.5,0.123515
427.942,1,305,0.123472
428.808,1,304.5,0.123426
429.674,1,304,0.123372
430.54,1,303.5,0.123306
431.406,1,303,0.123242
432.272,1,302.5,0.123174
433.138,1,302,0.123104
434.004,1,301.5,0.12303
434.87,1,301,0.122952
435.737,1,300.5,0.122859
436.603,1,300,0.122763
437.469,1,299.5,0.122665
438.335,1,299,0.122564
439.201,1,298.5,0.122459
440.067,1,298,0.122353
440.933,1,297.5,0.122243
441.799,1,297,0.122128
442.665,1,296.5,0.12201
443.531,1,296,0.121889
444.397,1,295.5,0.121766
445.263,1,295,0.121641
446.129,1,294.5,0.121507
446.995,1,294,0.121363
447.861,1,293.5,0.121218
448.727,1,293,0.12107
449.593,1,292.5,0.120923
450.459,1,292,0.12079
451.325,1,291.5,0.120653
452.191,1,291,0.120503
453.057,1,290.5,0.120352
453.923,1,290,0.120199
454.789,1,289.5,0.120045
455.655,1,289,0.119889
456.521,1,288.5,0.119731
457.387,1,288,0.11956
458.253,1,287.5,0.119386
459.119,1,287,0.119217
459.985,1,286.5,0.119065
460.851,1,286,0.118912
461.717,1,285.5,0.118758
462.583,1,285,0.118597
463.449,1,284.5,0.11843
464.315,1,284,0.118262
465.181,1,283.5,0.118094
466.047,1,283,0.117925
466.913,1,282.5,0.117756
467.779,1,282,0.117584
468.645,1,281.5,0.117409
469.512,1,281,0.117256
470.378,1,280.5,0.117102
471.244,1,280,0.116948
472.11,1,279.5,0.116795
472.976,1,279,0.116641
473.842,1,278.5,0.116478
474.708,1,278,0.116315
475.574,1,277.5,0.116152
476.44,1,277,0.11599
477.306,1,276.5,0.115828
478.172,1,276,0.115674
479.038,1,275.5,0.115529
479.904,1,275,0.11538
480.77,1,274.5,0.115233
481.636,1,274,0.115086
482.502,1,273.5,0.11494
483.368,1,273,0.114795
484.234,1,272.5,0.114649
485.1,1,272,0.114497
485.966,1,271.5,0.114347
486.832,1,271,0.114198
487.698,1,270.5,0.114058
488.564,1,270,0.113928
489.43,1,269.5,0.113799
490.296,1,269,0.113665
491.162,1,268.5,0.113532
492.028,1,268,0.113401
492.894,1,267.5,0.113271
493.76,1,267,0.113142
494.626,1,266.5,0.113014
495.492,1,266,0.112884
496.358,1,265.5,0.112755
497.224,1,265,0.112633
498.09,1,264.5,0.11252
498.956,1,264,0.112409
499.822,1,263.5,0.112299
500.688,1,263,0.112189
501.554,1,262.5,0.112078
502.42,1,262,0.111969
503.286,1,261.5,0.111861
504.153,1,261,0.111754
505.019,1,260.5,0.111649
505.885,1,260,0.111546
506.751,1,259.5,0.111449
507.617,1,259,0.111359
508.483,1,258.5,0.111271
509.349,1,258,0.111185
510.215,1,257.5,0.111099
511.081,1,257,0.111015
511.947,1,256.5,0.110932
512.813,1,256,0.110849
513.679,1,255.5,0.110768
514.545,1,255,0.110688
515.411,1,254.5,0.11061
516.277,1,254,0.11054
517.143,1,253.5,0.110475
518.009,1,253,0.110412
518.875,1,252.5,0.110349
519.741,1,252,0.110288
520.607,1,251.5,0.110228
521.473,1,251,0.110169
522.339,1,250.5,0.110111
523.205,1,250,0.110055
524.071,1,249.5,0.11
524.937,1,249,0.109946
525.803,1,248.5,0.109897
526.669,1,248,0.109851
527.535,1,247.5,0.109806
528.401,1,247,0.109763
529.267,1,246.5,0.10972
530.133,1,246,0.109678
530.999,1,245.5,0.109638
531.865,1,245,0.109598
532.731,1,244.5,0.109559
533.597,1,244,0.109522
534.463,1,243.5,0.109487
535.329,1,243,0.109456
536.195,1,242.5,0.109427
537.061,1,242,0.109399
537.928,1,241.5,0.109371
538.794,1,241,0.109344
539.66,1,240.5,0.10932
540.526,1,240,0.109295
541.392,1,239.5,0.109272
542.258,1,239,0.109249
543.124,1,238.5,0.109227
543.99,1,238,0.109206
544.856,1,237.5,0.109188
545.722,1,237,0.109172
546.588,1,236.5,0.109156
547.454,1,236,0.10914
548.32,1,235.5,0.109125
549.186,1,235,0.10911
550.052,1,234.5,0.109097
550.918,1,234,0.109084
551.784,1,233.5,0.109072
552.65,1,233,0.109061
553.516,1,232.5,0.10905
554.382,1,232,0.109041
555.248,1,231.5,0.109033
556.114,1,231,0.109026
556.98,1,230.5,0.109019
557.846,1,230,0.109013
558.712,1,229.5,0.109007
559.578,1,229,0.109002
560.444,1,228.5,0.108996
561.31,1,228,0.108992
562.176,1,227.5,0.108989
563.042,1,227,0.108985
563.908,1,226.5,0.108982
564.774,1,226,0.108979
565.64,1,225.5,0.108976
566.506,1,225,0.108974
567.372,1,224.5,0.108972
568.238,1,224,0.108971
569.104,1,223.5,0.10897
569.97,1,223,0.108969
570.836,1,222.5,0.108968
571.703,1,222,0.108968
572.569,1,221.5,0.108968
573.435,1,221,0.108968
574.301,1,220.5,0.108969
575.167,1,220,0.10897
576.033,1,219.5,0.108971
576.899,1,219,0.108972
577.765,1,218.5,0.108973
578.631,1,218,0.108975
579.497,1,217.5,0.108976
580.363,1,217,0.108978
581.229,1,216.5,0.10898
582.095,1,216,0.108982
582.961,1,215.5,0.108984
583.827,1,215,0.108986
584.693,1,214.5,0.108988
585.559,1,214,0.10899
586.425,1,213.5,0.108992
587.291,1,213,0.108994
588.157,1,212.5,0.108996
589.023,1,212,0.108999
589.889,1,211.5,0.109001
590.755,1,211,0.109004
591.621,1,210.5,0.109006
592.487,1,210,0.109009
593.353,1,209.5,0.109011
594.219,1,209,0.109014
595.085,1,208.5,0.109016
595.951,1,208,0.109019
596.817,1,207.5,0.109022
597.683,1,207,0.109024
598.549,1,206.5,0.109027
599.415,1,206,0.10903
600.281,1,205.5,0.109033
601.147,1,205,0.109035
602.013,1,204.5,0.109038
602.879,1,204,0.10904
603.745,1,203.5,0.109043
604.611,1,203,0.109046
605.477,1,202.5,0.109048
606.344,1,202,0.109051
607.21,1,201.5,0.109054
608.076,1,201,0.109057
608.942,1,200.5,0.10906
609.808,1,200,0.109062
