x,y,z,b
90.1924,1,500,0.107499
91.0584,1,499.5,0.107478
91.9244,1,499,0.107456
92.7905,1,498.5,0.107435
93.6565,1,498,0.107413
94.5225,1,497.5,0.107391
95.3885,1,497,0.107369
96.2546,1,496.5,0.107343
97.1206,1,496,0.107316
97.9866,1,495.5,0.107288
98.8526,1,495,0.107261
99.7187,1,494.5,0.107232
100.585,1,494,0.107204
101.451,1,493.5,0.107174
102.317,1,493,0.107139
103.183,1,492.5,0.107105
104.049,1,492,0.10707
104.915,1,491.5,0.107035
105.781,1,491,0.106999
106.647,1,490.5,0.106964
107.513,1,490,0.106923
108.379,1,489.5,0.106882
109.245,1,489,0.10684
110.111,1,488.5,0.106798
110.977,1,488,0.106756
111.843,1,487.5,0.106714
112.709,1,487,0.106667
113.575,1,486.5,0.106619
114.441,1,486,0.106571
115.307,1,485.5,0.106522
116.173,1,485,0.106473
117.039,1,484.5,0.106423
117.905,1,484,0.106372
118.771,1,483.5,0.106317
119.637,1,483,0.106262
120.503,1,482.5,0.106206
121.369,1,482,0.106149
122.235,1,481.5,0.106093
123.101,1,481,0.106035
123.967,1,480.5,0.105972
124.833,1,480,0.105909
125.699,1,479.5,0.105845
126.565,1,479,0.105781
127.431,1,478.5,0.105716
128.297,1,478,0.10565
129.164,1,477.5,0.10558
130.03,1,477,0.105508
130.896,1,476.5,0.105436
131.762,1,476,0.105363
132.628,1,475.5,0.105289
133.494,1,475,0.105214
134.36,1,474.5,0.105137
135.226,1,474,0.105054
136.092,1,473.5,0.104971
136.958,1,473,0.104887
137.824,1,472.5,0.104802
138.69,1,472,0.104717
139.556,1,471.5,0.104629
140.422,1,471,0.104535
141.288,1,470.5,0.10444
142.154,1,470,0.104345
143.02,1,469.5,0.104248
143.886,1,469,0.10415
144.752,1,468.5,0.104052
145.618,1,468,0.103946
146.484,1,467.5,0.103838
147.35,1,467,0.103728
148.216,1,466.5,0.103617
149.082,1,466,0.103505
149.948,1,465.5,0.103392
150.814,1,465,0.103274
151.68,1,464.5,0.103151
152.546,1,464,0.103027
153.412,1,463.5,0.102901
154.278,1,463,0.102774
155.144,1,462.5,0.102647
156.01,1,462,0.102516
156.876,1,461.5,0.102376
157.742,1,461,0.102234
158.608,1,460.5,0.102091
159.474,1,460,0.101947
160.34,1,459.5,0.101802
161.206,1,459,0.101655
162.072,1,458.5,0.101499
162.939,1,458,0.101341
163.805,1,457.5,0.101181
164.671,1,457,0.10102
165.537,1,456.5,0.100858
166.403,1,456,0.100693
167.269,1,455.5,0.100522
168.135,1,455,0.100346
169.001,1,454.5,0.100169
169.867,1,454,0.0999895
170.733,1,453.5,0.0998087
171.599,1,453,0.0996262
172.465,1,452.5,0.0994417
173.331,1,452,0.0992537
174.197,1,451.5,0.0990641
175.063,1,451,0.0988726
175.929,1,450.5,0.0986789
176.795,1,450,0.0984835
177.661,1,449.5,0.0982864
178.527,1,449,0.0980873
179.393,1,448.5,0.0978867
180.259,1,448,0.0976846
181.125,1,447.5,0.0974811
181.991,1,447,0.0972761
182.857,1,446.5,0.0970697
183.723,1,446,0.0968692
184.589,1,445.5,0.0966727
185.455,1,445,0.0964753
186.321,1,444.5,0.0962774
187.187,1,444,0.0960787
188.053,1,443.5,0.0958795
188.919,1,443,0.0956889
189.785,1,442.5,0.0955223
190.651,1,442,0.0953574
191.517,1,441.5,0.0951942
192.383,1,441,0.0950325
193.249,1,440.5,0.0948725
194.115,1,440,0.0947186
194.981,1,439.5,0.0946475
195.847,1,439,0.0945867
196.714,1,438.5,0.0945341
197.58,1,438,0.0944896
198.446,1,437.5,0.0944533
199.312,1,437,0.094425
200.178,1,436.5,0.0944827
201.044,1,436,0.0945943
201.91,1,435.5,0.0947201
202.776,1,435,0.0948601
203.642,1,434.5,0.0950443
204.508,1,434,0.0952768
205.374,1,433.5,0.095597
206.24,1,433,0.0960725
207.106,1,432.5,0.0965854
207.972,1,432,0.0971357
208.838,1,431.5,0.0977234
209.704,1,431,0.0983485
210.57,1,430.5,0.0990172
211.436,1,430,0.0999567
212.302,1,429.5,0.100945
213.168,1,429,0.102111
214.034,1,428.5,0.103438
214.9,1,428,0.104843
215.766,1,427.5,0.106328
216.632,1,427,0.10806
217.498,1,426.5,0.10995
218.364,1,426,0.111934
219.23,1,425.5,0.11401
220.096,1,425,0.11618
220.962,1,424.5,0.118442
221.828,1,424,0.120805
222.694,1,423.5,0.123564
223.56,1,423,0.126549
224.426,1,422.5,0.129597
225.292,1,422,0.132708
226.158,1,421.5,0.135883
227.024,1,421,0.13908
227.89,1,420.5,0.141856
228.756,1,420,0.144624
229.622,1,419.5,0.147386
230.488,1,419,0.15014
231.355,1,418.5,0.152887
232.221,1,418,0.155645
233.087,1,417.5,0.157958
233.953,1,417,0.160113
234.819,1,416.5,0.162234
235.685,1,416,0.164322
236.551,1,415.5,0.166377
237.417,1,415,0.168398
238.283,1,414.5,0.1702
239.149,1,414,0.171719
240.015,1,413.5,0.173166
240.881,1,413,0.174543
241.747,1,412.5,0.175966
242.613,1,412,0.177315
243.479,1,411.5,0.178548
244.345,1,411,0.179613
245.211,1,410.5,0.180531
246.077,1,410,0.181303
246.943,1,409.5,0.181929
247.809,1,409,0.182408
248.675,1,408.5,0.182741
249.541,1,408,0.183421
250.407,1,407.5,0.184145
251.273,1,407,0.184796
252.139,1,406.5,0.18538
253.005,1,406,0.185898
253.871,1,405.5,0.186351
254.737,1,405,0.186916
255.603,1,404.5,0.187602
256.469,1,404,0.188242
257.335,1,403.5,0.188838
258.201,1,403,0.18939
259.067,1,402.5,0.189896
259.933,1,402,0.190465
260.799,1,401.5,0.191395
261.665,1,401,0.19228
262.531,1,400.5,0.193125
263.397,1,400,0.19393
264.263,1,399.5,0.194695
265.13,1,399,0.195421
265.996,1,398.5,0.196738
266.862,1,398,0.198197
267.728,1,397.5,0.199716
268.594,1,397,0.201294
269.46,1,396.5,0.202932
270.326,1,396,0.204806
271.192,1,395.5,0.206594
272.058,1,395,0.208332
272.924,1,394.5,0.210114
273.79,1,394,0.211942
274.656,1,393.5,0.213814
275.522,1,393,0.21573
276.388,1,392.5,0.217664
277.254,1,392,0.219592
278.12,1,391.5,0.221616
278.986,1,391,0.223714
279.852,1,390.5,0.225232
280.718,1,390,0.226745
281.584,1,389.5,0.228252
282.45,1,389,0.229615
283.316,1,388.5,0.230987
284.182,1,388,0.23238
285.048,1,387.5,0.233793
285.914,1,387,0.235228
286.78,1,386.5,0.236683
287.646,1,386,0.238291
288.512,1,385.5,0.24022
289.378,1,385,0.243731
290.244,1,384.5,0.247614
291.11,1,384,0.251869
291.976,1,383.5,0.256497
292.842,1,383,0.261707
293.708,1,382.5,0.267607
294.574,1,382,0.273631
295.44,1,381.5,0.27978
296.306,1,381,0.286055
297.172,1,380.5,0.292454
298.038,1,380,0.298593
298.905,1,379.5,0.294186
299.771,1,379,0.290206
300.637,1,378.5,0.286737
301.503,1,378,0.283779
302.369,1,377.5,0.281333
303.235,1,377,0.279399
304.101,1,376.5,0.271417
304.967,1,376,0.259996
305.833,1,375.5,0.248131
306.699,1,375,0.235823
307.565,1,374.5,0.223469
308.431,1,374,0.212866
309.297,1,373.5,0.206406
310.163,1,373,0.205186
311.029,1,372.5,0.202638
311.895,1,372,0.198762
312.761,1,371.5,0.193556
313.627,1,371,0.187023
314.493,1,370.5,0.179801
315.359,1,370,0.185141
316.225,1,369.5,0.190348
317.091,1,369,0.195572
317.957,1,368.5,0.200587
318.823,1,368,0.204752
319.689,1,367.5,0.208067
320.555,1,367,0.21316
321.421,1,366.5,0.219385
322.287,1,366,0.225932
323.153,1,365.5,0.232801
324.019,1,365,0.239991
324.885,1,364.5,0.247504
325.751,1,364,0.25288
326.617,1,363.5,0.254891
327.483,1,363,0.256887
328.349,1,362.5,0.25906
329.215,1,362,0.261409
330.081,1,361.5,0.263934
330.947,1,361,0.26634
331.813,1,360.5,0.26624
332.679,1,360,0.266183
333.546,1,359.5,0.266169
334.412,1,359,0.266197
335.278,1,358.5,0.266269
336.144,1,358,0.266445
337.01,1,357.5,0.265185
337.876,1,357,0.263634
338.742,1,356.5,0.262239
339.608,1,356,0.261
340.474,1,355.5,0.259917
341.34,1,355,0.25899
342.206,1,354.5,0.257698
343.072,1,354,0.2562
343.938,1,353.5,0.255157
344.804,1,353,0.254569
345.67,1,352.5,0.253592
346.536,1,352,0.251694
347.402,1,351.5,0.252387
348.268,1,351,0.266962
349.134,1,350.5,0.280596
350,1,350,0.293289
350.866,1,349.5,0.305041
351.732,1,349,0.315852
352.598,1,348.5,0.325721
353.464,1,348,0.31186
354.33,1,347.5,0.296288
355.196,1,347,0.283857
356.062,1,346.5,0.273737
356.928,1,346,0.265421
357.794,1,345.5,0.258908
358.66,1,345,0.253497
359.526,1,344.5,0.249081
360.392,1,344,0.246234
361.258,1,343.5,0.244958
362.124,1,343,0.24525
362.99,1,342.5,0.247113
363.856,1,342,0.24841
364.722,1,341.5,0.239293
365.588,1,341,0.229456
366.454,1,340.5,0.22083
367.321,1,340,0.213416
368.187,1,339.5,0.207213
369.053,1,339,0.202221
369.919,1,338.5,0.198212
370.785,1,338,0.191969
371.651,1,337.5,0.183336
372.517,1,337,0.172313
373.383,1,336.5,0.1589
374.249,1,336,0.143926
375.115,1,335.5,0.139225
375.981,1,335,0.141172
376.847,1,334.5,0.142255
377.713,1,334,0.142476
378.579,1,333.5,0.141833
379.445,1,333,0.140328
380.311,1,332.5,0.138991
381.177,1,332,0.140166
382.043,1,331.5,0.14137
382.909,1,331,0.142602
383.775,1,330.5,0.143953
384.641,1,330,0.145241
385.507,1,329.5,0.146411
386.373,1,329,0.145422
387.239,1,328.5,0.144364
388.105,1,328,0.143339
388.971,1,327.5,0.142348
389.837,1,327,0.14139
390.703,1,326.5,0.140465
391.569,1,326,0.139024
392.435,1,325.5,0.137297
393.301,1,325,0.135515
394.167,1,324.5,0.133732
395.033,1,324,0.131971
395.899,1,323.5,0.13023
396.765,1,323,0.128657
397.631,1,322.5,0.127408
398.497,1,322,0.126177
399.363,1,321.5,0.124964
400.229,1,321,0.123769
401.095,1,320.5,0.122592
401.962,1,320,0.121438
402.828,1,319.5,0.120798
403.694,1,319,0.120166
404.56,1,318.5,0.119551
405.426,1,318,0.118951
406.292,1,317.5,0.118368
407.158,1,317,0.117801
408.024,1,316.5,0.117473
408.89,1,316,0.11725
409.756,1,315.5,0.117035
410.622,1,315,0.116826
411.488,1,314.5,0.116625
412.354,1,314,0.116421
413.22,1,313.5,0.11628
414.086,1,313,0.116233
414.952,1,312.5,0.116186
415.818,1,312,0.116138
416.684,1,311.5,0.116091
417.55,1,311,0.116043
418.416,1,310.5,0.116002
419.282,1,310,0.116052
420.148,1,309.5,0.116097
421.014,1,309,0.116137
421.88,1,308.5,0.116187
422.746,1,308,0.116235
423.612,1,307.5,0.11628
424.478,1,307,0.116375
425.344,1,306.5,0.116479
426.21,1,306,0.116575
427.076,1,305.5,0.116663
427.942,1,305,0.116742
428.808,1,304.5,0.116812
429.674,1,304,0.116893
430.54,1,303.5,0.116991
431.406,1,303,0.117102
432.272,1,302.5,0.117206
433.138,1,302,0.117303
434.004,1,301.5,0.117394
434.87,1,301,0.117481
435.737,1,300.5,0.117579
436.603,1,300,0.117674
437.469,1,299.5,0.117764
438.335,1,299,0.117849
439.201,1,298.5,0.117931
440.067,1,298,0.118009
440.933,1,297.5,0.118096
441.799,1,297,0.118179
442.665,1,296.5,0.118259
443.531,1,296,0.118336
444.397,1,295.5,0.118409
445.263,1,295,0.118479
446.129,1,294.5,0.118541
446.995,1,294,0.118596
447.861,1,293.5,0.118649
448.727,1,293,0.118701
449.593,1,292.5,0.118751
450.459,1,292,0.118802
451.325,1,291.5,0.118848
452.191,1,291,0.118877
453.057,1,290.5,0.118904
453.923,1,290,0.11893
454.789,1,289.5,0.118955
455.655,1,289,0.118978
456.521,1,288.5,0.118999
457.387,1,288,0.119003
458.253,1,287.5,0.119003
459.119,1,287,0.119003
459.985,1,286.5,0.119001
460.851,1,286,0.118998
461.717,1,285.5,0.118993
462.583,1,285,0.118976
463.449,1,284.5,0.11895
464.315,1,284,0.118922
465.181,1,283.5,0.118892
466.047,1,283,0.118861
466.913,1,282.5,0.118828
467.779,1,282,0.11879
468.645,1,281.5,0.118738
469.512,1,281,0.118688
470.378,1,280.5,0.118637
471.244,1,280,0.118583
472.11,1,279.5,0.118529
472.976,1,279,0.118472
473.842,1,278.5,0.118401
474.708,1,278,0.118327
475.574,1,277.5,0.118252
476.44,1,277,0.118175
477.306,1,276.5,0.118096
478.172,1,276,0.11802
479.038,1,275.5,0.117943
479.904,1,275,0.117861
480.77,1,274.5,0.117778
481.636,1,274,0.117693
482.502,1,273.5,0.117606
483.368,1,273,0.117519
484.234,1,272.5,0.117426
485.1,1,272,0.117322
485.966,1,271.5,0.117218
486.832,1,271,0.117113
487.698,1,270.5,0.117013
488.564,1,270,0.11692
489.43,1,269.5,0.116826
490.296,1,269,0.116716
491.162,1,268.5,0.116606
492.028,1,268,0.116495
492.894,1,267.5,0.116384
493.76,1,267,0.116273
494.626,1,266.5,0.116162
495.492,1,266,0.116043
496.358,1,265.5,0.115921
497.224,1,265,0.115804
498.09,1,264.5,0.115695
498.956,1,264,0.115586
499.822,1,263.5,0.115478
500.688,1,263,0.115366
501.554,1,262.5,0.115247
502.42,1,262,0.115128
503.286,1,261.5,0.11501
504.153,1,261,0.114893
505.019,1,260.5,0.114777
505.885,1,260,0.114661
506.751,1,259.5,0.114544
507.617,1,259,0.114433
508.483,1,258.5,0.114323
509.349,1,258,0.114213
510.215,1,257.5,0.114104
511.081,1,257,0.113997
511.947,1,256.5,0.113886
512.813,1,256,0.113775
513.679,1,255.5,0.113665
514.545,1,255,0.113556
515.411,1,254.5,0.113448
516.277,1,254,0.113349
517.143,1,253.5,0.113254
518.009,1,253,0.113157
518.875,1,252.5,0.113062
519.741,1,252,0.112968
520.607,1,251.5,0.112876
521.473,1,251,0.112784
522.339,1,250.5,0.112693
523.205,1,250,0.112601
524.071,1,249.5,0.11251
524.937,1,249,0.112421
525.803,1,248.5,0.112341
526.669,1,248,0.112267
527.535,1,247.5,0.112193
528.401,1,247,0.112121
529.267,1,246.5,0.112049
530.133,1,246,0.111978
530.999,1,245.5,0.111908
531.865,1,245,0.11184
532.731,1,244.5,0.111773
533.597,1,244,0.111707
534.463,1,243.5,0.111642
535.329,1,243,0.111581
536.195,1,242.5,0.111524
537.061,1,242,0.111467
537.928,1,241.5,0.111411
538.794,1,241,0.111356
539.66,1,240.5,0.111301
540.526,1,240,0.111248
541.392,1,239.5,0.111196
542.258,1,239,0.111144
543.124,1,238.5,0.111093
543.99,1,238,0.111043
544.856,1,237.5,0.110998
545.722,1,237,0.110954
546.588,1,236.5,0.11091
547.454,1,236,0.110868
548.32,1,235.5,0.110826
549.186,1,235,0.110785
550.052,1,234.5,0.110744
550.918,1,234,0.110704
551.784,1,233.5,0.110665
552.65,1,233,0.110626
553.516,1,232.5,0.110588
554.382,1,232,0.110553
555.248,1,231.5,0.110518
556.114,1,231,0.110483
556.98,1,230.5,0.110449
557.846,1,230,0.110415
558.712,1,229.5,0.110382
559.578,1,229,0.11035
560.444,1,228.5,0.110317
561.31,1,228,0.110286
562.176,1,227.5,0.110255
563.042,1,227,0.110225
563.908,1,226.5,0.110198
564.774,1,226,0.110172
565.64,1,225.5,0.110146
566.506,1,225,0.110122
567.372,1,224.5,0.110097
568.238,1,224,0.110073
569.104,1,223.5,0.11005
569.97,1,223,0.110027
570.836,1,222.5,0.110004
571.703,1,222,0.109982
572.569,1,221.5,0.10996
573.435,1,221,0.10994
574.301,1,220.5,0.109921
575.167,1,220,0.109901
576.033,1,219.5,0.109883
576.899,1,219,0.109864
577.765,1,218.5,0.109846
578.631,1,218,0.109827
579.497,1,217.5,0.10981
580.363,1,217,0.109792
581.229,1,216.5,0.109775
582.095,1,216,0.109758
582.961,1,215.5,0.109743
583.827,1,215,0.109728
584.693,1,214.5,0.109714
585.559,1,214,0.1097
586.425,1,213.5,0.109686
587.291,1,213,0.109672
588.157,1,212.5,0.109659
589.023,1,212,0.109645
589.889,1,211.5,0.109632
590.755,1,211,0.109619
591.621,1,210.5,0.109606
592.487,1,210,0.109595
593.353,1,209.5,0.109585
594.219,1,209,0.109574
595.085,1,208.5,0.109564
595.951,1,208,0.109554
596.817,1,207.5,0.109544
597.683,1,207,0.109535
598.549,1,206.5,0.109525
599.415,1,206,0.109516
600.281,1,205.5,0.109506
601.147,1,205,0.109497
602.013,1,204.5,0.109489
602.879,1,204,0.10948
603.745,1,203.5,0.109472
604.611,1,203,0.109464
605.477,1,202.5,0.109456
606.344,1,202,0.109448
607.21,1,201.5,0.10944
608.076,1,201,0.109433
608.942,1,200.5,0.109426
609.808,1,200,0.109419
