x,y,z,b
90.1924,1,500,0.109162
91.0584,1,499.5,0.109162
91.9244,1,499,0.109163
92.7905,1,498.5,0.109163
93.6565,1,498,0.109163
94.5225,1,497.5,0.109164
95.3885,1,497,0.109164
96.2546,1,496.5,0.109164
97.1206,1,496,0.109164
97.9866,1,495.5,0.109165
98.8526,1,495,0.109165
99.7187,1,494.5,0.109165
100.585,1,494,0.109166
101.451,1,493.5,0.109166
102.317,1,493,0.109166
103.183,1,492.5,0.109166
104.049,1,492,0.109167
104.915,1,491.5,0.109167
105.781,1,491,0.109167
106.647,1,490.5,0.109168
107.513,1,490,0.109168
108.379,1,489.5,0.109168
109.245,1,489,0.109169
110.111,1,488.5,0.109169
110.977,1,488,0.109169
111.843,1,487.5,0.10917
112.709,1,487,0.10917
113.575,1,486.5,0.10917
114.441,1,486,0.109171
115.307,1,485.5,0.109171
116.173,1,485,0.109171
117.039,1,484.5,0.109172
117.905,1,484,0.109172
118.771,1,483.5,0.109172
119.637,1,483,0.109173
120.503,1,482.5,0.109173
121.369,1,482,0.109173
122.235,1,481.5,0.109174
123.101,1,481,0.109174
123.967,1,480.5,0.109175
124.833,1,480,0.109175
125.699,1,479.5,0.109175
126.565,1,479,0.109176
127.431,1,478.5,0.109176
128.297,1,478,0.109177
129.164,1,477.5,0.109177
130.03,1,477,0.109178
130.896,1,476.5,0.109178
131.762,1,476,0.109178
132.628,1,475.5,0.109179
133.494,1,475,0.109179
134.36,1,474.5,0.10918
135.226,1,474,0.10918
136.092,1,473.5,0.109181
136.958,1,473,0.109181
137.824,1,472.5,0.109182
138.69,1,472,0.109182
139.556,1,471.5,0.109183
140.422,1,471,0.109183
141.288,1,470.5,0.109184
142.154,1,470,0.109184
143.02,1,469.5,0.109185
143.886,1,469,0.109185
144.752,1,468.5,0.109186
145.618,1,468,0.109186
146.484,1,467.5,0.109187
147.35,1,467,0.109188
148.216,1,466.5,0.109188
149.082,1,466,0.109189
149.948,1,465.5,0.109189
150.814,1,465,0.10919
151.68,1,464.5,0.10919
152.546,1,464,0.109191
153.412,1,463.5,0.109192
154.278,1,463,0.109192
155.144,1,462.5,0.109193
156.01,1,462,0.109193
156.876,1,461.5,0.109194
157.742,1,461,0.109195
158.608,1,460.5,0.109195
159.474,1,460,0.109196
160.34,1,459.5,0.109197
161.206,1,459,0.109197
162.072,1,458.5,0.109198
162.939,1,458,0.109199
163.805,1,457.5,0.109199
164.671,1,457,0.1092
165.537,1,456.5,0.109201
166.403,1,456,0.109201
167.269,1,455.5,0.109202
168.135,1,455,0.109203
169.001,1,454.5,0.109203
169.867,1,454,0.109204
170.733,1,453.5,0.109205
171.599,1,453,0.109206
172.465,1,452.5,0.109206
173.331,1,452,0.109207
174.197,1,451.5,0.109208
175.063,1,451,0.109209
175.929,1,450.5,0.109209
176.795,1,450,0.10921
177.661,1,449.5,0.109211
178.527,1,449,0.109212
179.393,1,448.5,0.109213
180.259,1,448,0.109214
181.125,1,447.5,0.109214
181.991,1,447,0.109215
182.857,1,446.5,0.109216
183.723,1,446,0.109217
184.589,1,445.5,0.109218
185.455,1,445,0.109218
186.321,1,444.5,0.109219
187.187,1,444,0.10922
188.053,1,443.5,0.109221
188.919,1,443,0.109222
189.785,1,442.5,0.109223
190.651,1,442,0.109224
191.517,1,441.5,0.109225
192.383,1,441,0.109225
193.249,1,440.5,0.109226
194.115,1,440,0.109227
194.981,1,439.5,0.109228
195.847,1,439,0.109229
196.714,1,438.5,0.10923
197.58,1,438,0.109231
198.446,1,437.5,0.109232
199.312,1,437,0.109233
200.178,1,436.5,0.109233
201.044,1,436,0.109234
201.91,1,435.5,0.109235
202.776,1,435,0.109236
203.642,1,434.5,0.109237
204.508,1,434,0.109238
205.374,1,433.5,0.109239
206.24,1,433,0.109239
207.106,1,432.5,0.10924
207.972,1,432,0.109241
208.838,1,431.5,0.109242
209.704,1,431,0.109242
210.57,1,430.5,0.109243
211.436,1,430,0.109244
212.302,1,429.5,0.109244
213.168,1,429,0.109245
214.034,1,428.5,0.109246
214.9,1,428,0.109246
215.766,1,427.5,0.109247
216.632,1,427,0.109248
217.498,1,426.5,0.109248
218.364,1,426,0.109248
219.23,1,425.5,0.109249
220.096,1,425,0.109249
220.962,1,424.5,0.10925
221.828,1,424,0.10925
222.694,1,423.5,0.10925
223.56,1,423,0.10925
224.426,1,422.5,0.10925
225.292,1,422,0.10925
226.158,1,421.5,0.10925
227.024,1,421,0.10925
227.89,1,420.5,0.10925
228.756,1,420,0.109249
229.622,1,419.5,0.109248
230.488,1,419,0.109247
231.355,1,418.5,0.109247
232.221,1,418,0.109246
233.087,1,417.5,0.109245
233.953,1,417,0.109244
234.819,1,416.5,0.109242
235.685,1,416,0.109241
236.551,1,415.5,0.109239
237.417,1,415,0.109238
238.283,1,414.5,0.109236
239.149,1,414,0.109232
240.015,1,413.5,0.109229
240.881,1,413,0.109226
241.747,1,412.5,0.109224
242.613,1,412,0.109221
243.479,1,411.5,0.109218
244.345,1,411,0.109212
245.211,1,410.5,0.109207
246.077,1,410,0.109201
246.943,1,409.5,0.109196
247.809,1,409,0.10919
248.675,1,408.5,0.109185
249.541,1,408,0.109176
250.407,1,407.5,0.109167
251.273,1,407,0.109159
252.139,1,406.5,0.109151
253.005,1,406,0.109144
253.871,1,405.5,0.109136
254.737,1,405,0.109126
255.603,1,404.5,0.109112
256.469,1,404,0.109099
257.335,1,403.5,0.109086
258.201,1,403,0.109072
259.067,1,402.5,0.109059
259.933,1,402,0.109044
260.799,1,401.5,0.109024
261.665,1,401,0.109004
262.531,1,400.5,0.108983
263.397,1,400,0.108962
264.263,1,399.5,0.108942
265.13,1,399,0.108921
265.996,1,398.5,0.10889
266.862,1,398,0.108857
267.728,1,397.5,0.108824
268.594,1,397,0.108791
269.46,1,396.5,0.108757
270.326,1,396,0.108726
271.192,1,395.5,0.108688
272.058,1,395,0.108643
272.924,1,394.5,0.108599
273.79,1,394,0.108554
274.656,1,393.5,0.108508
275.522,1,393,0.108463
276.388,1,392.5,0.108411
277.254,1,392,0.108341
278.12,1,391.5,0.10827
278.986,1,391,0.108198
279.852,1,390.5,0.108127
280.718,1,390,0.108054
281.584,1,389.5,0.107981
282.45,1,389,0.107886
283.316,1,388.5,0.107788
284.182,1,388,0.107689
285.048,1,387.5,0.10759
285.914,1,387,0.107489
286.78,1,386.5,0.107388
287.646,1,386,0.107257
288.512,1,385.5,0.107107
289.378,1,385,0.106961
290.244,1,384.5,0.106814
291.11,1,384,0.106666
291.976,1,383.5,0.106516
292.842,1,383,0.106353
293.708,1,382.5,0.106162
294.574,1,382,0.105968
295.44,1,381.5,0.105774
296.306,1,381,0.105578
297.172,1,380.5,0.105381
298.038,1,380,0.105183
298.905,1,379.5,0.104902
299.771,1,379,0.10462
300.637,1,378.5,0.104337
301.503,1,378,0.104053
302.369,1,377.5,0.103769
303.235,1,377,0.103484
304.101,1,376.5,0.103152
304.967,1,376,0.102795
305.833,1,375.5,0.102436
306.699,1,375,0.102076
307.565,1,374.5,0.101718
308.431,1,374,0.101371
309.297,1,373.5,0.100981
310.163,1,373,0.100518
311.029,1,372.5,0.100056
311.895,1,372,0.0995965
312.761,1,371.5,0.0991388
313.627,1,371,0.098683
314.493,1,370.5,0.0982338
315.359,1,370,0.0978846
316.225,1,369.5,0.097542
317.091,1,369,0.0972084
317.957,1,368.5,0.0968707
318.823,1,368,0.0965131
319.689,1,367.5,0.0961354
320.555,1,367,0.0968101
321.421,1,366.5,0.0978396
322.287,1,366,0.0988267
323.153,1,365.5,0.0997714
324.019,1,365,0.100674
324.885,1,364.5,0.101533
325.751,1,364,0.104976
326.617,1,363.5,0.111772
327.483,1,363,0.117611
328.349,1,362.5,0.122593
329.215,1,362,0.126719
330.081,1,361.5,0.129988
330.947,1,361,0.132937
331.813,1,360.5,0.140084
332.679,1,360,0.146941
333.546,1,359.5,0.15351
334.412,1,359,0.159789
335.278,1,358.5,0.16578
336.144,1,358,0.171246
337.01,1,357.5,0.169946
337.876,1,357,0.167093
338.742,1,356.5,0.164326
339.608,1,356,0.161646
340.474,1,355.5,0.159051
341.34,1,355,0.156542
342.206,1,354.5,0.152199
343.072,1,354,0.145337
343.938,1,353.5,0.137942
344.804,1,353,0.130013
345.67,1,352.5,0.120835
346.536,1,352,0.109925
347.402,1,351.5,0.103366
348.268,1,351,0.120007
349.134,1,350.5,0.127419
350,1,350,0.125602
350.866,1,349.5,0.114555
351.732,1,349,0.0942779
352.598,1,348.5,0.0647717
353.464,1,348,0.0410611
354.33,1,347.5,0.0300414
355.196,1,347,0.0435971
356.062,1,346.5,0.0693021
356.928,1,346,0.0923008
357.794,1,345.5,0.112593
358.66,1,345,0.121477
359.526,1,344.5,0.122198
360.392,1,344,0.12326
361.258,1,343.5,0.124663
362.124,1,343,0.126406
362.99,1,342.5,0.12849
363.856,1,342,0.13044
364.722,1,341.5,0.129948
365.588,1,341,0.129041
366.454,1,340.5,0.128266
367.321,1,340,0.127622
368.187,1,339.5,0.127111
369.053,1,339,0.126731
369.919,1,338.5,0.12651
370.785,1,338,0.126351
371.651,1,337.5,0.126246
372.517,1,337,0.126196
373.383,1,336.5,0.126201
374.249,1,336,0.126362
375.115,1,335.5,0.126629
375.981,1,335,0.126906
376.847,1,334.5,0.127144
377.713,1,334,0.127344
378.579,1,333.5,0.127505
379.445,1,333,0.127628
380.311,1,332.5,0.127731
381.177,1,332,0.127851
382.043,1,331.5,0.12794
382.909,1,331,0.127998
383.775,1,330.5,0.128099
384.641,1,330,0.128205
385.507,1,329.5,0.128286
386.373,1,329,0.12826
387.239,1,328.5,0.128208
388.105,1,328,0.128135
388.971,1,327.5,0.128041
389.837,1,327,0.127926
390.703,1,326.5,0.12779
391.569,1,326,0.127621
392.435,1,325.5,0.127426
393.301,1,325,0.127309
394.167,1,324.5,0.127203
395.033,1,324,0.12708
395.899,1,323.5,0.12694
396.765,1,323,0.126758
397.631,1,322.5,0.126506
398.497,1,322,0.126239
399.363,1,321.5,0.125956
400.229,1,321,0.125657
401.095,1,320.5,0.125341
401.962,1,320,0.12501
402.828,1,319.5,0.124697
403.694,1,319,0.124389
404.56,1,318.5,0.124072
405.426,1,318,0.123745
406.292,1,317.5,0.123408
407.158,1,317,0.123062
408.024,1,316.5,0.122661
408.89,1,316,0.122233
409.756,1,315.5,0.121799
410.622,1,315,0.121358
411.488,1,314.5,0.120912
412.354,1,314,0.120564
413.22,1,313.5,0.120204
414.086,1,313,0.119808
414.952,1,312.5,0.119411
415.818,1,312,0.119012
416.684,1,311.5,0.118611
417.55,1,311,0.118208
418.416,1,310.5,0.117802
419.282,1,310,0.11736
420.148,1,309.5,0.116921
421.014,1,309,0.116483
421.88,1,308.5,0.116149
422.746,1,308,0.115821
423.612,1,307.5,0.115495
424.478,1,307,0.115153
425.344,1,306.5,0.11481
426.21,1,306,0.114472
427.076,1,305.5,0.114138
427.942,1,305,0.113809
428.808,1,304.5,0.113485
429.674,1,304,0.113162
430.54,1,303.5,0.112843
431.406,1,303,0.11259
432.272,1,302.5,0.112342
433.138,1,302,0.1121
434.004,1,301.5,0.111864
434.87,1,301,0.111634
435.737,1,300.5,0.111412
436.603,1,300,0.111197
437.469,1,299.5,0.110988
438.335,1,299,0.110786
439.201,1,298.5,0.110591
440.067,1,298,0.110405
440.933,1,297.5,0.110268
441.799,1,297,0.110137
442.665,1,296.5,0.110011
443.531,1,296,0.109888
444.397,1,295.5,0.109771
445.263,1,295,0.109657
446.129,1,294.5,0.109554
446.995,1,294,0.109462
447.861,1,293.5,0.109373
448.727,1,293,0.109289
449.593,1,292.5,0.10921
450.459,1,292,0.109146
451.325,1,291.5,0.109087
452.191,1,291,0.109041
453.057,1,290.5,0.108997
453.923,1,290,0.108955
454.789,1,289.5,0.108916
455.655,1,289,0.108879
456.521,1,288.5,0.108845
457.387,1,288,0.108822
458.253,1,287.5,0.108801
459.119,1,287,0.108783
459.985,1,286.5,0.108769
460.851,1,286,0.108756
461.717,1,285.5,0.108743
462.583,1,285,0.108735
463.449,1,284.5,0.108731
464.315,1,284,0.108726
465.181,1,283.5,0.108723
466.047,1,283,0.108719
466.913,1,282.5,0.108717
467.779,1,282,0.108715
468.645,1,281.5,0.108718
469.512,1,281,0.108719
470.378,1,280.5,0.108721
471.244,1,280,0.108723
472.11,1,279.5,0.108725
472.976,1,279,0.108728
473.842,1,278.5,0.108733
474.708,1,278,0.108739
475.574,1,277.5,0.108744
476.44,1,277,0.10875
477.306,1,276.5,0.108756
478.172,1,276,0.108761
479.038,1,275.5,0.108767
479.904,1,275,0.108773
480.77,1,274.5,0.10878
481.636,1,274,0.108786
482.502,1,273.5,0.108793
483.368,1,273,0.108799
484.234,1,272.5,0.108806
485.1,1,272,0.108813
485.966,1,271.5,0.10882
486.832,1,271,0.108828
487.698,1,270.5,0.108835
488.564,1,270,0.108841
489.43,1,269.5,0.108846
490.296,1,269,0.108853
491.162,1,268.5,0.10886
492.028,1,268,0.108866
492.894,1,267.5,0.108873
493.76,1,267,0.108879
494.626,1,266.5,0.108886
495.492,1,266,0.108892
496.358,1,265.5,0.108899
497.224,1,265,0.108905
498.09,1,264.5,0.10891
498.956,1,264,0.108915
499.822,1,263.5,0.108921
500.688,1,263,0.108926
501.554,1,262.5,0.108931
502.42,1,262,0.108937
503.286,1,261.5,0.108942
504.153,1,261,0.108947
505.019,1,260.5,0.108952
505.885,1,260,0.108957
506.751,1,259.5,0.108962
507.617,1,259,0.108967
508.483,1,258.5,0.108971
509.349,1,258,0.108976
510.215,1,257.5,0.10898
511.081,1,257,0.108984
511.947,1,256.5,0.108989
512.813,1,256,0.108993
513.679,1,255.5,0.108998
514.545,1,255,0.109002
515.411,1,254.5,0.109006
516.277,1,254,0.10901
517.143,1,253.5,0.109013
518.009,1,253,0.109016
518.875,1,252.5,0.10902
519.741,1,252,0.109023
520.607,1,251.5,0.109026
521.473,1,251,0.109029
522.339,1,250.5,0.109033
523.205,1,250,0.109036
524.071,1,249.5,0.109039
524.937,1,249,0.109042
525.803,1,248.5,0.109045
526.669,1,248,0.109048
527.535,1,247.5,0.10905
528.401,1,247,0.109053
529.267,1,246.5,0.109056
530.133,1,246,0.109058
530.999,1,245.5,0.109061
531.865,1,245,0.109063
532.731,1,244.5,0.109066
533.597,1,244,0.109068
534.463,1,243.5,0.109071
535.329,1,243,0.109073
536.195,1,242.5,0.109075
537.061,1,242,0.109076
537.928,1,241.5,0.109078
538.794,1,241,0.10908
539.66,1,240.5,0.109082
540.526,1,240,0.109084
541.392,1,239.5,0.109085
542.258,1,239,0.109087
543.124,1,238.5,0.109089
543.99,1,238,0.109091
544.856,1,237.5,0.109092
545.722,1,237,0.109094
546.588,1,236.5,0.109095
547.454,1,236,0.109097
548.32,1,235.5,0.109098
549.186,1,235,0.1091
550.052,1,234.5,0.109101
550.918,1,234,0.109103
551.784,1,233.5,0.109104
552.65,1,233,0.109105
553.516,1,232.5,0.109107
554.382,1,232,0.109108
555.248,1,231.5,0.109109
556.114,1,231,0.10911
556.98,1,230.5,0.109111
557.846,1,230,0.109112
558.712,1,229.5,0.109113
559.578,1,229,0.109114
560.444,1,228.5,0.109115
561.31,1,228,0.109116
562.176,1,227.5,0.109117
563.042,1,227,0.109118
563.908,1,226.5,0.109119
564.774,1,226,0.10912
565.64,1,225.5,0.109121
566.506,1,225,0.109122
567.372,1,224.5,0.109123
568.238,1,224,0.109124
569.104,1,223.5,0.109124
569.97,1,223,0.109125
570.836,1,222.5,0.109126
571.703,1,222,0.109127
572.569,1,221.5,0.109128
573.435,1,221,0.109128
574.301,1,220.5,0.109129
575.167,1,220,0.10913
576.033,1,219.5,0.10913
576.899,1,219,0.109131
577.765,1,218.5,0.109131
578.631,1,218,0.109132
579.497,1,217.5,0.109132
580.363,1,217,0.109133
581.229,1,216.5,0.109134
582.095,1,216,0.109134
582.961,1,215.5,0.109135
583.827,1,215,0.109135
584.693,1,214.5,0.109136
585.559,1,214,0.109136
586.425,1,213.5,0.109137
587.291,1,213,0.109137
588.157,1,212.5,0.109138
589.023,1,212,0.109138
589.889,1,211.5,0.109139
590.755,1,211,0.109139
591.621,1,210.5,0.109139
592.487,1,210,0.10914
593.353,1,209.5,0.10914
594.219,1,209,0.109141
595.085,1,208.5,0.109141
595.951,1,208,0.109141
596.817,1,207.5,0.109142
597.683,1,207,0.109142
598.549,1,206.5,0.109142
599.415,1,206,0.109143
600.281,1,205.5,0.109143
601.147,1,205,0.109143
602.013,1,204.5,0.109144
602.879,1,204,0.109144
603.745,1,203.5,0.109144
604.611,1,203,0.109145
605.477,1,202.5,0.109145
606.344,1,202,0.109145
607.21,1,201.5,0.109145
608.076,1,201,0.109146
608.942,1,200.5,0.109146
609.808,1,200,0.109146
