x,y,z,b
90.1924,1,500,0.107365
91.0584,1,499.5,0.107343
91.9244,1,499,0.107319
92.7905,1,498.5,0.107296
93.6565,1,498,0.107272
94.5225,1,497.5,0.107248
95.3885,1,497,0.107224
96.2546,1,496.5,0.107197
97.1206,1,496,0.107167
97.9866,1,495.5,0.107137
98.8526,1,495,0.107107
99.7187,1,494.5,0.107077
100.585,1,494,0.107046
101.451,1,493.5,0.107013
102.317,1,493,0.106976
103.183,1,492.5,0.106938
104.049,1,492,0.106901
104.915,1,491.5,0.106863
105.781,1,491,0.106824
106.647,1,490.5,0.106785
107.513,1,490,0.106741
108.379,1,489.5,0.106697
109.245,1,489,0.106652
110.111,1,488.5,0.106607
110.977,1,488,0.106562
111.843,1,487.5,0.106516
112.709,1,487,0.106466
113.575,1,486.5,0.106415
114.441,1,486,0.106363
115.307,1,485.5,0.10631
116.173,1,485,0.106257
117.039,1,484.5,0.106204
117.905,1,484,0.106149
118.771,1,483.5,0.10609
119.637,1,483,0.106031
120.503,1,482.5,0.105971
121.369,1,482,0.105911
122.235,1,481.5,0.10585
123.101,1,481,0.105788
123.967,1,480.5,0.105721
124.833,1,480,0.105654
125.699,1,479.5,0.105585
126.565,1,479,0.105517
127.431,1,478.5,0.105447
128.297,1,478,0.105377
129.164,1,477.5,0.105303
130.03,1,477,0.105226
130.896,1,476.5,0.105149
131.762,1,476,0.105071
132.628,1,475.5,0.104993
133.494,1,475,0.104914
134.36,1,474.5,0.104831
135.226,1,474,0.104744
136.092,1,473.5,0.104656
136.958,1,473,0.104567
137.824,1,472.5,0.104477
138.69,1,472,0.104386
139.556,1,471.5,0.104294
140.422,1,471,0.104195
141.288,1,470.5,0.104095
142.154,1,470,0.103994
143.02,1,469.5,0.103892
143.886,1,469,0.103789
144.752,1,468.5,0.103686
145.618,1,468,0.103575
146.484,1,467.5,0.103461
147.35,1,467,0.103346
148.216,1,466.5,0.10323
149.082,1,466,0.103113
149.948,1,465.5,0.102995
150.814,1,465,0.102872
151.68,1,464.5,0.102744
152.546,1,464,0.102615
153.412,1,463.5,0.102484
154.278,1,463,0.102353
155.144,1,462.5,0.10222
156.01,1,462,0.102084
156.876,1,461.5,0.10194
157.742,1,461,0.101795
158.608,1,460.5,0.101648
159.474,1,460,0.1015
160.34,1,459.5,0.10135
161.206,1,459,0.101199
162.072,1,458.5,0.101041
162.939,1,458,0.10088
163.805,1,457.5,0.100718
164.671,1,457,0.100555
165.537,1,456.5,0.10039
166.403,1,456,0.100223
167.269,1,455.5,0.100052
168.135,1,455,0.0998763
169.001,1,454.5,0.0996994
169.867,1,454,0.099521
170.733,1,453.5,0.0993411
171.599,1,453,0.0991598
172.465,1,452.5,0.0989773
173.331,1,452,0.0987944
174.197,1,451.5,0.0986102
175.063,1,451,0.0984244
175.929,1,450.5,0.0982368
176.795,1,450,0.0980478
177.661,1,449.5,0.0978575
178.527,1,449,0.0976708
179.393,1,448.5,0.0974836
180.259,1,448,0.0972954
181.125,1,447.5,0.0971063
181.991,1,447,0.0969162
182.857,1,446.5,0.0967252
183.723,1,446,0.0965462
184.589,1,445.5,0.0963763
185.455,1,445,0.0962079
186.321,1,444.5,0.0960405
187.187,1,444,0.0958739
188.053,1,443.5,0.0957084
188.919,1,443,0.0955596
189.785,1,442.5,0.0954537
190.651,1,442,0.0953516
191.517,1,441.5,0.0952534
192.383,1,441,0.095159
193.249,1,440.5,0.0950686
194.115,1,440,0.0949889
194.981,1,439.5,0.0950064
195.847,1,439,0.0950374
196.714,1,438.5,0.0950796
197.58,1,438,0.0951329
198.446,1,437.5,0.0951974
199.312,1,437,0.095273
200.178,1,436.5,0.0954519
201.044,1,436,0.0956963
201.91,1,435.5,0.0959592
202.776,1,435,0.0962406
203.642,1,434.5,0.0965783
204.508,1,434,0.0969764
205.374,1,433.5,0.0974689
206.24,1,433,0.0981246
207.106,1,432.5,0.0988225
207.972,1,432,0.0995626
208.838,1,431.5,0.100345
209.704,1,431,0.101169
210.57,1,430.5,0.102042
211.436,1,430,0.103175
212.302,1,429.5,0.104361
213.168,1,429,0.105735
214.034,1,428.5,0.107276
214.9,1,428,0.108899
215.766,1,427.5,0.110602
216.632,1,427,0.112523
217.498,1,426.5,0.11459
218.364,1,426,0.116747
219.23,1,425.5,0.118994
220.096,1,425,0.121332
220.962,1,424.5,0.12376
221.828,1,424,0.126247
222.694,1,423.5,0.129024
223.56,1,423,0.131985
224.426,1,422.5,0.13499
225.292,1,422,0.138038
226.158,1,421.5,0.14113
227.024,1,421,0.144222
227.89,1,420.5,0.14684
228.756,1,420,0.149436
229.622,1,419.5,0.15201
230.488,1,419,0.154561
231.355,1,418.5,0.15709
232.221,1,418,0.159542
233.087,1,417.5,0.161581
233.953,1,417,0.163492
234.819,1,416.5,0.165383
235.685,1,416,0.167254
236.551,1,415.5,0.169103
237.417,1,415,0.170933
238.283,1,414.5,0.172591
239.149,1,414,0.174022
240.015,1,413.5,0.1754
240.881,1,413,0.176724
241.747,1,412.5,0.178156
242.613,1,412,0.179539
243.479,1,411.5,0.180813
244.345,1,411,0.181904
245.211,1,410.5,0.182853
246.077,1,410,0.183662
246.943,1,409.5,0.184331
247.809,1,409,0.184859
248.675,1,408.5,0.185247
249.541,1,408,0.185911
250.407,1,407.5,0.186599
251.273,1,407,0.187259
252.139,1,406.5,0.187841
253.005,1,406,0.188338
253.871,1,405.5,0.188748
254.737,1,405,0.189256
255.603,1,404.5,0.189879
256.469,1,404,0.190451
257.335,1,403.5,0.190971
258.201,1,403,0.191438
259.067,1,402.5,0.191854
259.933,1,402,0.192286
260.799,1,401.5,0.192965
261.665,1,401,0.193585
262.531,1,400.5,0.194146
263.397,1,400,0.194646
264.263,1,399.5,0.195087
265.13,1,399,0.195469
265.996,1,398.5,0.196407
266.862,1,398,0.197447
267.728,1,397.5,0.198508
268.594,1,397,0.19959
269.46,1,396.5,0.200692
270.326,1,396,0.202123
271.192,1,395.5,0.203735
272.058,1,395,0.205482
272.924,1,394.5,0.207257
273.79,1,394,0.209059
274.656,1,393.5,0.21089
275.522,1,393,0.212749
276.388,1,392.5,0.214586
277.254,1,392,0.216335
278.12,1,391.5,0.218169
278.986,1,391,0.220075
279.852,1,390.5,0.221623
280.718,1,390,0.223179
281.584,1,389.5,0.224743
282.45,1,389,0.226281
283.316,1,388.5,0.22783
284.182,1,388,0.229392
285.048,1,387.5,0.230966
285.914,1,387,0.232553
286.78,1,386.5,0.234152
287.646,1,386,0.235874
288.512,1,385.5,0.237836
289.378,1,385,0.24099
290.244,1,384.5,0.244495
291.11,1,384,0.248353
291.976,1,383.5,0.252563
292.842,1,383,0.257261
293.708,1,382.5,0.262515
294.574,1,382,0.267955
295.44,1,381.5,0.273581
296.306,1,381,0.279393
297.172,1,380.5,0.285391
298.038,1,380,0.291268
298.905,1,379.5,0.284058
299.771,1,379,0.277136
300.637,1,378.5,0.270616
301.503,1,378,0.264499
302.369,1,377.5,0.258785
303.235,1,377,0.253474
304.101,1,376.5,0.246297
304.967,1,376,0.237446
305.833,1,375.5,0.227818
306.699,1,375,0.217414
307.565,1,374.5,0.206615
308.431,1,374,0.196783
309.297,1,373.5,0.191135
310.163,1,373,0.192443
311.029,1,372.5,0.192759
311.895,1,372,0.19208
312.761,1,371.5,0.190408
313.627,1,371,0.187742
314.493,1,370.5,0.184559
315.359,1,370,0.190873
316.225,1,369.5,0.197318
317.091,1,369,0.203922
317.957,1,368.5,0.210342
318.823,1,368,0.216302
319.689,1,367.5,0.2218
320.555,1,367,0.226606
321.421,1,366.5,0.231568
322.287,1,366,0.23688
323.153,1,365.5,0.242541
324.019,1,365,0.248551
324.885,1,364.5,0.254911
325.751,1,364,0.259477
326.617,1,363.5,0.261101
327.483,1,363,0.262667
328.349,1,362.5,0.2644
329.215,1,362,0.2663
330.081,1,361.5,0.268366
330.947,1,361,0.270339
331.813,1,360.5,0.270108
332.679,1,360,0.269924
333.546,1,359.5,0.269787
334.412,1,359,0.269698
335.278,1,358.5,0.269656
336.144,1,358,0.269688
337.01,1,357.5,0.267775
337.876,1,357,0.265484
338.742,1,356.5,0.263389
339.608,1,356,0.261491
340.474,1,355.5,0.259788
341.34,1,355,0.258283
342.206,1,354.5,0.2569
343.072,1,354,0.255754
343.938,1,353.5,0.25497
344.804,1,353,0.254548
345.67,1,352.5,0.253766
346.536,1,352,0.252213
347.402,1,351.5,0.253316
348.268,1,351,0.26859
349.134,1,350.5,0.283253
350,1,350,0.297306
350.866,1,349.5,0.310749
351.732,1,349,0.323581
352.598,1,348.5,0.335803
353.464,1,348,0.323857
354.33,1,347.5,0.309959
355.196,1,347,0.298225
356.062,1,346.5,0.288101
356.928,1,346,0.279876
357.794,1,345.5,0.273549
358.66,1,345,0.269012
359.526,1,344.5,0.265805
360.392,1,344,0.263882
361.258,1,343.5,0.263241
362.124,1,343,0.263883
362.99,1,342.5,0.265808
363.856,1,342,0.267347
364.722,1,341.5,0.260674
365.588,1,341,0.253645
366.454,1,340.5,0.24815
367.321,1,340,0.244188
368.187,1,339.5,0.241759
369.053,1,339,0.240864
369.919,1,338.5,0.235722
370.785,1,338,0.22887
371.651,1,337.5,0.220823
372.517,1,337,0.211582
373.383,1,336.5,0.201146
374.249,1,336,0.189071
375.115,1,335.5,0.181665
375.981,1,335,0.176648
376.847,1,334.5,0.170325
377.713,1,334,0.162696
378.579,1,333.5,0.153761
379.445,1,333,0.143519
380.311,1,332.5,0.135692
381.177,1,332,0.137455
382.043,1,331.5,0.139129
382.909,1,331,0.140714
383.775,1,330.5,0.142406
384.641,1,330,0.143925
385.507,1,329.5,0.145169
386.373,1,329,0.14499
387.239,1,328.5,0.14479
388.105,1,328,0.144632
388.971,1,327.5,0.144516
389.837,1,327,0.144442
390.703,1,326.5,0.14441
391.569,1,326,0.143333
392.435,1,325.5,0.141682
393.301,1,325,0.139967
394.167,1,324.5,0.138257
395.033,1,324,0.13658
395.899,1,323.5,0.134937
396.765,1,323,0.133326
397.631,1,322.5,0.131735
398.497,1,322,0.130159
399.363,1,321.5,0.128596
400.229,1,321,0.127048
401.095,1,320.5,0.125513
401.962,1,320,0.123999
402.828,1,319.5,0.123084
403.694,1,319,0.122172
404.56,1,318.5,0.121274
405.426,1,318,0.12039
406.292,1,317.5,0.119519
407.158,1,317,0.118663
408.024,1,316.5,0.118159
408.89,1,316,0.117811
409.756,1,315.5,0.117467
410.622,1,315,0.117128
411.488,1,314.5,0.116794
412.354,1,314,0.116453
413.22,1,313.5,0.116213
414.086,1,313,0.116127
414.952,1,312.5,0.11604
415.818,1,312,0.115953
416.684,1,311.5,0.115865
417.55,1,311,0.115776
418.416,1,310.5,0.115693
419.282,1,310,0.115706
420.148,1,309.5,0.115715
421.014,1,309,0.115721
421.88,1,308.5,0.115736
422.746,1,308,0.115751
423.612,1,307.5,0.115767
424.478,1,307,0.115846
425.344,1,306.5,0.115941
426.21,1,306,0.116028
427.076,1,305.5,0.116108
427.942,1,305,0.11618
428.808,1,304.5,0.116244
429.674,1,304,0.116322
430.54,1,303.5,0.116418
431.406,1,303,0.116527
432.272,1,302.5,0.11663
433.138,1,302,0.116725
434.004,1,301.5,0.116813
434.87,1,301,0.116898
435.737,1,300.5,0.117001
436.603,1,300,0.117099
437.469,1,299.5,0.117193
438.335,1,299,0.11728
439.201,1,298.5,0.117363
440.067,1,298,0.117442
440.933,1,297.5,0.117537
441.799,1,297,0.117629
442.665,1,296.5,0.117718
443.531,1,296,0.117802
444.397,1,295.5,0.117882
445.263,1,295,0.117958
446.129,1,294.5,0.118028
446.995,1,294,0.118093
447.861,1,293.5,0.118156
448.727,1,293,0.118217
449.593,1,292.5,0.118277
450.459,1,292,0.118339
451.325,1,291.5,0.118394
452.191,1,291,0.118436
453.057,1,290.5,0.118476
453.923,1,290,0.118515
454.789,1,289.5,0.118551
455.655,1,289,0.118585
456.521,1,288.5,0.118618
457.387,1,288,0.118634
458.253,1,287.5,0.118647
459.119,1,287,0.118659
459.985,1,286.5,0.118671
460.851,1,286,0.118681
461.717,1,285.5,0.118689
462.583,1,285,0.118685
463.449,1,284.5,0.118672
464.315,1,284,0.118656
465.181,1,283.5,0.11864
466.047,1,283,0.118622
466.913,1,282.5,0.118602
467.779,1,282,0.118577
468.645,1,281.5,0.118537
469.512,1,281,0.118501
470.378,1,280.5,0.118462
471.244,1,280,0.118422
472.11,1,279.5,0.11838
472.976,1,279,0.118336
473.842,1,278.5,0.118277
474.708,1,278,0.118215
475.574,1,277.5,0.118151
476.44,1,277,0.118086
477.306,1,276.5,0.118018
478.172,1,276,0.117953
479.038,1,275.5,0.117886
479.904,1,275,0.117813
480.77,1,274.5,0.117739
481.636,1,274,0.117663
482.502,1,273.5,0.117586
483.368,1,273,0.117507
484.234,1,272.5,0.117423
485.1,1,272,0.117331
485.966,1,271.5,0.117237
486.832,1,271,0.117142
487.698,1,270.5,0.117052
488.564,1,270,0.116967
489.43,1,269.5,0.116882
490.296,1,269,0.11678
491.162,1,268.5,0.116676
492.028,1,268,0.116573
492.894,1,267.5,0.116469
493.76,1,267,0.116364
494.626,1,266.5,0.11626
495.492,1,266,0.116145
496.358,1,265.5,0.116027
497.224,1,265,0.115914
498.09,1,264.5,0.115809
498.956,1,264,0.115703
499.822,1,263.5,0.115598
500.688,1,263,0.11549
501.554,1,262.5,0.115374
502.42,1,262,0.115259
503.286,1,261.5,0.115144
504.153,1,261,0.11503
505.019,1,260.5,0.114916
505.885,1,260,0.114802
506.751,1,259.5,0.114685
507.617,1,259,0.114573
508.483,1,258.5,0.114462
509.349,1,258,0.114352
510.215,1,257.5,0.114242
511.081,1,257,0.114134
511.947,1,256.5,0.114021
512.813,1,256,0.113907
513.679,1,255.5,0.113795
514.545,1,255,0.113684
515.411,1,254.5,0.113573
516.277,1,254,0.113471
517.143,1,253.5,0.113374
518.009,1,253,0.113275
518.875,1,252.5,0.113177
519.741,1,252,0.11308
520.607,1,251.5,0.112985
521.473,1,251,0.11289
522.339,1,250.5,0.112797
523.205,1,250,0.1127
524.071,1,249.5,0.112606
524.937,1,249,0.112512
525.803,1,248.5,0.112429
526.669,1,248,0.112352
527.535,1,247.5,0.112276
528.401,1,247,0.1122
529.267,1,246.5,0.112125
530.133,1,246,0.112051
530.999,1,245.5,0.111978
531.865,1,245,0.111907
532.731,1,244.5,0.111837
533.597,1,244,0.111768
534.463,1,243.5,0.1117
535.329,1,243,0.111637
536.195,1,242.5,0.111577
537.061,1,242,0.111518
537.928,1,241.5,0.111461
538.794,1,241,0.111404
539.66,1,240.5,0.111348
540.526,1,240,0.111293
541.392,1,239.5,0.111239
542.258,1,239,0.111185
543.124,1,238.5,0.111133
543.99,1,238,0.111082
544.856,1,237.5,0.111035
545.722,1,237,0.110989
546.588,1,236.5,0.110945
547.454,1,236,0.110901
548.32,1,235.5,0.110858
549.186,1,235,0.110816
550.052,1,234.5,0.110775
550.918,1,234,0.110734
551.784,1,233.5,0.110694
552.65,1,233,0.110654
553.516,1,232.5,0.110616
554.382,1,232,0.110579
555.248,1,231.5,0.110544
556.114,1,231,0.110509
556.98,1,230.5,0.110474
557.846,1,230,0.11044
558.712,1,229.5,0.110407
559.578,1,229,0.110373
560.444,1,228.5,0.110341
561.31,1,228,0.110309
562.176,1,227.5,0.110277
563.042,1,227,0.110246
563.908,1,226.5,0.110219
564.774,1,226,0.110192
565.64,1,225.5,0.110166
566.506,1,225,0.110141
567.372,1,224.5,0.110116
568.238,1,224,0.110092
569.104,1,223.5,0.110068
569.97,1,223,0.110045
570.836,1,222.5,0.110022
571.703,1,222,0.11
572.569,1,221.5,0.109978
573.435,1,221,0.109959
574.301,1,220.5,0.109939
575.167,1,220,0.10992
576.033,1,219.5,0.109901
576.899,1,219,0.109883
577.765,1,218.5,0.109864
578.631,1,218,0.109847
579.497,1,217.5,0.109829
580.363,1,217,0.109812
581.229,1,216.5,0.109795
582.095,1,216,0.109778
582.961,1,215.5,0.109764
583.827,1,215,0.109749
584.693,1,214.5,0.109735
585.559,1,214,0.109722
586.425,1,213.5,0.109708
587.291,1,213,0.109695
588.157,1,212.5,0.109681
589.023,1,212,0.109668
589.889,1,211.5,0.109655
590.755,1,211,0.109643
591.621,1,210.5,0.109631
592.487,1,210,0.10962
593.353,1,209.5,0.10961
594.219,1,209,0.109599
595.085,1,208.5,0.109589
595.951,1,208,0.109579
596.817,1,207.5,0.10957
597.683,1,207,0.10956
598.549,1,206.5,0.109551
599.415,1,206,0.109542
600.281,1,205.5,0.109532
601.147,1,205,0.109523
602.013,1,204.5,0.109515
602.879,1,204,0.109506
603.745,1,203.5,0.109498
604.611,1,203,0.10949
605.477,1,202.5,0.109482
606.344,1,202,0.109474
607.21,1,201.5,0.109466
608.076,1,201,0.109458
608.942,1,200.5,0.109451
609.808,1,200,0.109444
