x,y,z,b
90.1924,1,500,0.108416
91.0584,1,499.5,0.108407
91.9244,1,499,0.108398
92.7905,1,498.5,0.108389
93.6565,1,498,0.10838
94.5225,1,497.5,0.108371
95.3885,1,497,0.108362
96.2546,1,496.5,0.108351
97.1206,1,496,0.10834
97.9866,1,495.5,0.108328
98.8526,1,495,0.108316
99.7187,1,494.5,0.108304
100.585,1,494,0.108292
101.451,1,493.5,0.108279
102.317,1,493,0.108264
103.183,1,492.5,0.108249
104.049,1,492,0.108234
104.915,1,491.5,0.108219
105.781,1,491,0.108204
106.647,1,490.5,0.108188
107.513,1,490,0.10817
108.379,1,489.5,0.108152
109.245,1,489,0.108134
110.111,1,488.5,0.108116
110.977,1,488,0.108097
111.843,1,487.5,0.108078
112.709,1,487,0.108058
113.575,1,486.5,0.108037
114.441,1,486,0.108015
115.307,1,485.5,0.107993
116.173,1,485,0.107971
117.039,1,484.5,0.107949
117.905,1,484,0.107926
118.771,1,483.5,0.107901
119.637,1,483,0.107877
120.503,1,482.5,0.107851
121.369,1,482,0.107826
122.235,1,481.5,0.107801
123.101,1,481,0.107775
123.967,1,480.5,0.107746
124.833,1,480,0.107717
125.699,1,479.5,0.107688
126.565,1,479,0.107658
127.431,1,478.5,0.107629
128.297,1,478,0.107599
129.164,1,477.5,0.107566
130.03,1,477,0.107533
130.896,1,476.5,0.107499
131.762,1,476,0.107465
132.628,1,475.5,0.10743
133.494,1,475,0.107396
134.36,1,474.5,0.107359
135.226,1,474,0.107319
136.092,1,473.5,0.10728
136.958,1,473,0.107239
137.824,1,472.5,0.107199
138.69,1,472,0.107158
139.556,1,471.5,0.107116
140.422,1,471,0.10707
141.288,1,470.5,0.107024
142.154,1,470,0.106977
143.02,1,469.5,0.106929
143.886,1,469,0.106881
144.752,1,468.5,0.106833
145.618,1,468,0.10678
146.484,1,467.5,0.106725
147.35,1,467,0.10667
148.216,1,466.5,0.106614
149.082,1,466,0.106557
149.948,1,465.5,0.1065
150.814,1,465,0.10644
151.68,1,464.5,0.106375
152.546,1,464,0.10631
153.412,1,463.5,0.106245
154.278,1,463,0.106179
155.144,1,462.5,0.106112
156.01,1,462,0.106043
156.876,1,461.5,0.105967
157.742,1,461,0.10589
158.608,1,460.5,0.105812
159.474,1,460,0.105734
160.34,1,459.5,0.105655
161.206,1,459,0.105575
162.072,1,458.5,0.105486
162.939,1,458,0.105396
163.805,1,457.5,0.105304
164.671,1,457,0.105212
165.537,1,456.5,0.105119
166.403,1,456,0.105025
167.269,1,455.5,0.104924
168.135,1,455,0.104816
169.001,1,454.5,0.104708
169.867,1,454,0.104598
170.733,1,453.5,0.104487
171.599,1,453,0.104375
172.465,1,452.5,0.104259
173.331,1,452,0.104133
174.197,1,451.5,0.104006
175.063,1,451,0.103878
175.929,1,450.5,0.103748
176.795,1,450,0.103617
177.661,1,449.5,0.103484
178.527,1,449,0.103335
179.393,1,448.5,0.103183
180.259,1,448,0.103029
181.125,1,447.5,0.102874
181.991,1,447,0.102717
182.857,1,446.5,0.102558
183.723,1,446,0.102388
184.589,1,445.5,0.10221
185.455,1,445,0.102029
186.321,1,444.5,0.101846
187.187,1,444,0.101661
188.053,1,443.5,0.101474
188.919,1,443,0.10128
189.785,1,442.5,0.101069
190.651,1,442,0.100856
191.517,1,441.5,0.100641
192.383,1,441,0.100424
193.249,1,440.5,0.100204
194.115,1,440,0.0999806
194.981,1,439.5,0.0997364
195.847,1,439,0.0994886
196.714,1,438.5,0.099238
197.58,1,438,0.0989844
198.446,1,437.5,0.0987278
199.312,1,437,0.0984683
200.178,1,436.5,0.0981942
201.044,1,436,0.0979108
201.91,1,435.5,0.0976241
202.776,1,435,0.0973342
203.642,1,434.5,0.0970396
204.508,1,434,0.0967401
205.374,1,433.5,0.0964335
206.24,1,433,0.0961163
207.106,1,432.5,0.0957955
207.972,1,432,0.0954713
208.838,1,431.5,0.0951435
209.704,1,431,0.0948121
210.57,1,430.5,0.0944774
211.436,1,430,0.0941438
212.302,1,429.5,0.0938072
213.168,1,429,0.093465
214.034,1,428.5,0.093117
214.9,1,428,0.0927649
215.766,1,427.5,0.0924086
216.632,1,427,0.092082
217.498,1,426.5,0.0917741
218.364,1,426,0.0914728
219.23,1,425.5,0.0911781
220.096,1,425,0.0908899
220.962,1,424.5,0.0906084
221.828,1,424,0.0904192
222.694,1,423.5,0.0904423
223.56,1,423,0.0905329
224.426,1,422.5,0.0906604
225.292,1,422,0.0908249
226.158,1,421.5,0.0910263
227.024,1,421,0.0912901
227.89,1,420.5,0.0918928
228.756,1,420,0.0925658
229.622,1,419.5,0.093309
230.488,1,419,0.0941223
231.355,1,418.5,0.0950059
232.221,1,418,0.0963545
233.087,1,417.5,0.0982461
233.953,1,417,0.100352
234.819,1,416.5,0.102594
235.685,1,416,0.104972
236.551,1,415.5,0.107487
237.417,1,415,0.110138
238.283,1,414.5,0.112821
239.149,1,414,0.115455
240.015,1,413.5,0.118146
240.881,1,413,0.120894
241.747,1,412.5,0.124524
242.613,1,412,0.128338
243.479,1,411.5,0.132004
244.345,1,411,0.134995
245.211,1,410.5,0.137807
246.077,1,410,0.140439
246.943,1,409.5,0.142893
247.809,1,409,0.145167
248.675,1,408.5,0.147263
249.541,1,408,0.149231
250.407,1,407.5,0.15108
251.273,1,407,0.152573
252.139,1,406.5,0.154
253.005,1,406,0.155411
253.871,1,405.5,0.156808
254.737,1,405,0.158573
255.603,1,404.5,0.160736
256.469,1,404,0.162941
257.335,1,403.5,0.165188
258.201,1,403,0.167477
259.067,1,402.5,0.169808
259.933,1,402,0.172304
260.799,1,401.5,0.173795
261.665,1,401,0.175374
262.531,1,400.5,0.177212
263.397,1,400,0.179309
264.263,1,399.5,0.181667
265.13,1,399,0.184283
265.996,1,398.5,0.187907
266.862,1,398,0.192022
267.728,1,397.5,0.196535
268.594,1,397,0.201446
269.46,1,396.5,0.206755
270.326,1,396,0.210996
271.192,1,395.5,0.214525
272.058,1,395,0.217335
272.924,1,394.5,0.219738
273.79,1,394,0.221732
274.656,1,393.5,0.223319
275.522,1,393,0.224498
276.388,1,392.5,0.224992
277.254,1,392,0.224615
278.12,1,391.5,0.224428
278.986,1,391,0.224596
279.852,1,390.5,0.230528
280.718,1,390,0.237446
281.584,1,389.5,0.24535
282.45,1,389,0.255942
283.316,1,388.5,0.266385
284.182,1,388,0.27652
285.048,1,387.5,0.286346
285.914,1,387,0.295862
286.78,1,386.5,0.305069
287.646,1,386,0.312101
288.512,1,385.5,0.316542
289.378,1,385,0.316745
290.244,1,384.5,0.316865
291.11,1,384,0.3169
291.976,1,383.5,0.316852
292.842,1,383,0.316681
293.708,1,382.5,0.316421
294.574,1,382,0.3162
295.44,1,381.5,0.316018
296.306,1,381,0.315876
297.172,1,380.5,0.315773
298.038,1,380,0.315719
298.905,1,379.5,0.316055
299.771,1,379,0.316399
300.637,1,378.5,0.31675
301.503,1,378,0.317107
302.369,1,377.5,0.31747
303.235,1,377,0.317839
304.101,1,376.5,0.318366
304.967,1,376,0.318974
305.833,1,375.5,0.31959
306.699,1,375,0.320213
307.565,1,374.5,0.320854
308.431,1,374,0.321512
309.297,1,373.5,0.321861
310.163,1,373,0.321736
311.029,1,372.5,0.321655
311.895,1,372,0.321617
312.761,1,371.5,0.321623
313.627,1,371,0.321673
314.493,1,370.5,0.32152
315.359,1,370,0.316661
316.225,1,369.5,0.312504
317.091,1,369,0.308978
317.957,1,368.5,0.305877
318.823,1,368,0.30333
319.689,1,367.5,0.301337
320.555,1,367,0.292253
321.421,1,366.5,0.280808
322.287,1,366,0.269797
323.153,1,365.5,0.259218
324.019,1,365,0.249073
324.885,1,364.5,0.239361
325.751,1,364,0.232418
326.617,1,363.5,0.22851
327.483,1,363,0.224308
328.349,1,362.5,0.218988
329.215,1,362,0.212548
330.081,1,361.5,0.20499
330.947,1,361,0.197659
331.813,1,360.5,0.201533
332.679,1,360,0.205072
333.546,1,359.5,0.208278
334.412,1,359,0.211149
335.278,1,358.5,0.213686
336.144,1,358,0.215683
337.01,1,357.5,0.220507
337.876,1,357,0.226307
338.742,1,356.5,0.232055
339.608,1,356,0.237751
340.474,1,355.5,0.243396
341.34,1,355,0.24899
342.206,1,354.5,0.253883
343.072,1,354,0.259087
343.938,1,353.5,0.265715
344.804,1,353,0.273768
345.67,1,352.5,0.281154
346.536,1,352,0.28598
347.402,1,351.5,0.289184
348.268,1,351,0.283988
349.134,1,350.5,0.272673
350,1,350,0.255241
350.866,1,349.5,0.231691
351.732,1,349,0.202022
352.598,1,348.5,0.166236
353.464,1,348,0.134302
354.33,1,347.5,0.108363
355.196,1,347,0.0984846
356.062,1,346.5,0.0978555
356.928,1,346,0.0950371
357.794,1,345.5,0.0900294
358.66,1,345,0.0906212
359.526,1,344.5,0.0971166
360.392,1,344,0.102897
361.258,1,343.5,0.107962
362.124,1,343,0.112312
362.99,1,342.5,0.115946
363.856,1,342,0.118755
364.722,1,341.5,0.121482
365.588,1,341,0.124291
366.454,1,340.5,0.126633
367.321,1,340,0.128509
368.187,1,339.5,0.129919
369.053,1,339,0.130862
369.919,1,338.5,0.131102
370.785,1,338,0.131192
371.651,1,337.5,0.131177
372.517,1,337,0.131057
373.383,1,336.5,0.130833
374.249,1,336,0.130638
375.115,1,335.5,0.130167
375.981,1,335,0.129523
376.847,1,334.5,0.128889
377.713,1,334,0.128264
378.579,1,333.5,0.12765
379.445,1,333,0.127045
380.311,1,332.5,0.12644
381.177,1,332,0.125844
382.043,1,331.5,0.125299
382.909,1,331,0.124806
383.775,1,330.5,0.124393
384.641,1,330,0.12402
385.507,1,329.5,0.12367
386.373,1,329,0.123273
387.239,1,328.5,0.12291
388.105,1,328,0.122585
388.971,1,327.5,0.122297
389.837,1,327,0.122047
390.703,1,326.5,0.121834
391.569,1,326,0.121576
392.435,1,325.5,0.121305
393.301,1,325,0.12107
394.167,1,324.5,0.120855
395.033,1,324,0.120659
395.899,1,323.5,0.120481
396.765,1,323,0.120319
397.631,1,322.5,0.120165
398.497,1,322,0.120023
399.363,1,321.5,0.119894
400.229,1,321,0.119777
401.095,1,320.5,0.119671
401.962,1,320,0.119579
402.828,1,319.5,0.119575
403.694,1,319,0.119573
404.56,1,318.5,0.119573
405.426,1,318,0.119575
406.292,1,317.5,0.119579
407.158,1,317,0.119584
408.024,1,316.5,0.119643
408.89,1,316,0.119722
409.756,1,315.5,0.119798
410.622,1,315,0.119873
411.488,1,314.5,0.119945
412.354,1,314,0.120013
413.22,1,313.5,0.120093
414.086,1,313,0.120191
414.952,1,312.5,0.120286
415.818,1,312,0.120377
416.684,1,311.5,0.120465
417.55,1,311,0.12055
418.416,1,310.5,0.120632
419.282,1,310,0.120721
420.148,1,309.5,0.120807
421.014,1,309,0.120889
421.88,1,308.5,0.120968
422.746,1,308,0.121044
423.612,1,307.5,0.121116
424.478,1,307,0.121183
425.344,1,306.5,0.121245
426.21,1,306,0.121306
427.076,1,305.5,0.121363
427.942,1,305,0.121418
428.808,1,304.5,0.12147
429.674,1,304,0.121513
430.54,1,303.5,0.121547
431.406,1,303,0.121579
432.272,1,302.5,0.121608
433.138,1,302,0.121636
434.004,1,301.5,0.12166
434.87,1,301,0.121681
435.737,1,300.5,0.121684
436.603,1,300,0.121684
437.469,1,299.5,0.121683
438.335,1,299,0.12168
439.201,1,298.5,0.121675
440.067,1,298,0.121668
440.933,1,297.5,0.121646
441.799,1,297,0.121618
442.665,1,296.5,0.121589
443.531,1,296,0.121557
444.397,1,295.5,0.121524
445.263,1,295,0.121489
446.129,1,294.5,0.121444
446.995,1,294,0.121387
447.861,1,293.5,0.121328
448.727,1,293,0.121268
449.593,1,292.5,0.121207
450.459,1,292,0.121149
451.325,1,291.5,0.121086
452.191,1,291,0.121007
453.057,1,290.5,0.120926
453.923,1,290,0.120844
454.789,1,289.5,0.120759
455.655,1,289,0.120673
456.521,1,288.5,0.120586
457.387,1,288,0.120482
458.253,1,287.5,0.120375
459.119,1,287,0.120268
459.985,1,286.5,0.120164
460.851,1,286,0.120059
461.717,1,285.5,0.119952
462.583,1,285,0.119835
463.449,1,284.5,0.119711
464.315,1,284,0.119585
465.181,1,283.5,0.119459
466.047,1,283,0.119331
466.913,1,282.5,0.119203
467.779,1,282,0.11907
468.645,1,281.5,0.118929
469.512,1,281,0.118797
470.378,1,280.5,0.118664
471.244,1,280,0.11853
472.11,1,279.5,0.118396
472.976,1,279,0.118262
473.842,1,278.5,0.118117
474.708,1,278,0.117973
475.574,1,277.5,0.117827
476.44,1,277,0.117682
477.306,1,276.5,0.117537
478.172,1,276,0.117398
479.038,1,275.5,0.117265
479.904,1,275,0.117128
480.77,1,274.5,0.116991
481.636,1,274,0.116854
482.502,1,273.5,0.116718
483.368,1,273,0.116582
484.234,1,272.5,0.116444
485.1,1,272,0.1163
485.966,1,271.5,0.116156
486.832,1,271,0.116014
487.698,1,270.5,0.115879
488.564,1,270,0.115757
489.43,1,269.5,0.115635
490.296,1,269,0.115508
491.162,1,268.5,0.115381
492.028,1,268,0.115256
492.894,1,267.5,0.115131
493.76,1,267,0.115007
494.626,1,266.5,0.114884
495.492,1,266,0.114759
496.358,1,265.5,0.114633
497.224,1,265,0.114514
498.09,1,264.5,0.114402
498.956,1,264,0.11429
499.822,1,263.5,0.11418
500.688,1,263,0.114069
501.554,1,262.5,0.113955
502.42,1,262,0.113843
503.286,1,261.5,0.113732
504.153,1,261,0.113623
505.019,1,260.5,0.113514
505.885,1,260,0.113406
506.751,1,259.5,0.113303
507.617,1,259,0.113207
508.483,1,258.5,0.113112
509.349,1,258,0.113018
510.215,1,257.5,0.112926
511.081,1,257,0.112834
511.947,1,256.5,0.112741
512.813,1,256,0.112649
513.679,1,255.5,0.112558
514.545,1,255,0.112467
515.411,1,254.5,0.112378
516.277,1,254,0.112296
517.143,1,253.5,0.112216
518.009,1,253,0.112137
518.875,1,252.5,0.112059
519.741,1,252,0.111981
520.607,1,251.5,0.111905
521.473,1,251,0.11183
522.339,1,250.5,0.111755
523.205,1,250,0.111679
524.071,1,249.5,0.111605
524.937,1,249,0.111531
525.803,1,248.5,0.111463
526.669,1,248,0.111398
527.535,1,247.5,0.111334
528.401,1,247,0.11127
529.267,1,246.5,0.111207
530.133,1,246,0.111144
530.999,1,245.5,0.111082
531.865,1,245,0.111021
532.731,1,244.5,0.110961
533.597,1,244,0.110901
534.463,1,243.5,0.110841
535.329,1,243,0.110786
536.195,1,242.5,0.110733
537.061,1,242,0.110681
537.928,1,241.5,0.110629
538.794,1,241,0.110578
539.66,1,240.5,0.110527
540.526,1,240,0.110477
541.392,1,239.5,0.110428
542.258,1,239,0.110379
543.124,1,238.5,0.110331
543.99,1,238,0.110284
544.856,1,237.5,0.110242
545.722,1,237,0.110201
546.588,1,236.5,0.110161
547.454,1,236,0.110122
548.32,1,235.5,0.110083
549.186,1,235,0.110045
550.052,1,234.5,0.110007
550.918,1,234,0.10997
551.784,1,233.5,0.109934
552.65,1,233,0.109899
553.516,1,232.5,0.109864
554.382,1,232,0.109834
555.248,1,231.5,0.109805
556.114,1,231,0.109777
556.98,1,230.5,0.10975
557.846,1,230,0.109723
558.712,1,229.5,0.109697
559.578,1,229,0.109671
560.444,1,228.5,0.109645
561.31,1,228,0.109621
562.176,1,227.5,0.109597
563.042,1,227,0.109574
563.908,1,226.5,0.109553
564.774,1,226,0.109532
565.64,1,225.5,0.109512
566.506,1,225,0.109493
567.372,1,224.5,0.109474
568.238,1,224,0.109455
569.104,1,223.5,0.109437
569.97,1,223,0.10942
570.836,1,222.5,0.109403
571.703,1,222,0.109386
572.569,1,221.5,0.10937
573.435,1,221,0.109357
574.301,1,220.5,0.109343
575.167,1,220,0.10933
576.033,1,219.5,0.109317
576.899,1,219,0.109305
577.765,1,218.5,0.109293
578.631,1,218,0.109282
579.497,1,217.5,0.109271
580.363,1,217,0.10926
581.229,1,216.5,0.10925
582.095,1,216,0.10924
582.961,1,215.5,0.109232
583.827,1,215,0.109224
584.693,1,214.5,0.109216
585.559,1,214,0.109208
586.425,1,213.5,0.109201
587.291,1,213,0.109193
588.157,1,212.5,0.109187
589.023,1,212,0.10918
589.889,1,211.5,0.109175
590.755,1,211,0.109169
591.621,1,210.5,0.109163
592.487,1,210,0.109159
593.353,1,209.5,0.109155
594.219,1,209,0.109152
595.085,1,208.5,0.109149
595.951,1,208,0.109146
596.817,1,207.5,0.109143
597.683,1,207,0.10914
598.549,1,206.5,0.109137
599.415,1,206,0.109135
600.281,1,205.5,0.109133
601.147,1,205,0.109131
602.013,1,204.5,0.10913
602.879,1,204,0.109128
603.745,1,203.5,0.109126
604.611,1,203,0.109125
605.477,1,202.5,0.109125
606.344,1,202,0.109124
607.21,1,201.5,0.109123
608.076,1,201,0.109123
608.942,1,200.5,0.109123
609.808,1,200,0.109122
