x,y,z,b
90.1924,1,500,0.109161
91.0584,1,499.5,0.109162
91.9244,1,499,0.109162
92.7905,1,498.5,0.109162
93.6565,1,498,0.109162
94.5225,1,497.5,0.109163
95.3885,1,497,0.109163
96.2546,1,496.5,0.109163
97.1206,1,496,0.109163
97.9866,1,495.5,0.109164
98.8526,1,495,0.109164
99.7187,1,494.5,0.109164
100.585,1,494,0.109165
101.451,1,493.5,0.109165
102.317,1,493,0.109165
103.183,1,492.5,0.109166
104.049,1,492,0.109166
104.915,1,491.5,0.109166
105.781,1,491,0.109166
106.647,1,490.5,0.109167
107.513,1,490,0.109167
108.379,1,489.5,0.109167
109.245,1,489,0.109168
110.111,1,488.5,0.109168
110.977,1,488,0.109168
111.843,1,487.5,0.109169
112.709,1,487,0.109169
113.575,1,486.5,0.109169
114.441,1,486,0.10917
115.307,1,485.5,0.10917
116.173,1,485,0.10917
117.039,1,484.5,0.109171
117.905,1,484,0.109171
118.771,1,483.5,0.109172
119.637,1,483,0.109172
120.503,1,482.5,0.109172
121.369,1,482,0.109173
122.235,1,481.5,0.109173
123.101,1,481,0.109173
123.967,1,480.5,0.109174
124.833,1,480,0.109174
125.699,1,479.5,0.109175
126.565,1,479,0.109175
127.431,1,478.5,0.109175
128.297,1,478,0.109176
129.164,1,477.5,0.109176
130.03,1,477,0.109177
130.896,1,476.5,0.109177
131.762,1,476,0.109178
132.628,1,475.5,0.109178
133.494,1,475,0.109179
134.36,1,474.5,0.109179
135.226,1,474,0.10918
136.092,1,473.5,0.10918
136.958,1,473,0.109181
137.824,1,472.5,0.109181
138.69,1,472,0.109182
139.556,1,471.5,0.109182
140.422,1,471,0.109183
141.288,1,470.5,0.109183
142.154,1,470,0.109184
143.02,1,469.5,0.109184
143.886,1,469,0.109185
144.752,1,468.5,0.109185
145.618,1,468,0.109186
146.484,1,467.5,0.109186
147.35,1,467,0.109187
148.216,1,466.5,0.109188
149.082,1,466,0.109188
149.948,1,465.5,0.109189
150.814,1,465,0.109189
151.68,1,464.5,0.10919
152.546,1,464,0.109191
153.412,1,463.5,0.109191
154.278,1,463,0.109192
155.144,1,462.5,0.109192
156.01,1,462,0.109193
156.876,1,461.5,0.109194
157.742,1,461,0.109194
158.608,1,460.5,0.109195
159.474,1,460,0.109196
160.34,1,459.5,0.109196
161.206,1,459,0.109197
162.072,1,458.5,0.109198
162.939,1,458,0.109199
163.805,1,457.5,0.109199
164.671,1,457,0.1092
165.537,1,456.5,0.109201
166.403,1,456,0.109201
167.269,1,455.5,0.109202
168.135,1,455,0.109203
169.001,1,454.5,0.109204
169.867,1,454,0.109204
170.733,1,453.5,0.109205
171.599,1,453,0.109206
172.465,1,452.5,0.109207
173.331,1,452,0.109208
174.197,1,451.5,0.109208
175.063,1,451,0.109209
175.929,1,450.5,0.10921
176.795,1,450,0.109211
177.661,1,449.5,0.109212
178.527,1,449,0.109213
179.393,1,448.5,0.109213
180.259,1,448,0.109214
181.125,1,447.5,0.109215
181.991,1,447,0.109216
182.857,1,446.5,0.109217
183.723,1,446,0.109218
184.589,1,445.5,0.109219
185.455,1,445,0.10922
186.321,1,444.5,0.109221
187.187,1,444,0.109222
188.053,1,443.5,0.109223
188.919,1,443,0.109224
189.785,1,442.5,0.109225
190.651,1,442,0.109226
191.517,1,441.5,0.109227
192.383,1,441,0.109227
193.249,1,440.5,0.109229
194.115,1,440,0.10923
194.981,1,439.5,0.109231
195.847,1,439,0.109232
196.714,1,438.5,0.109233
197.58,1,438,0.109234
198.446,1,437.5,0.109235
199.312,1,437,0.109236
200.178,1,436.5,0.109237
201.044,1,436,0.109238
201.91,1,435.5,0.109239
202.776,1,435,0.109239
203.642,1,434.5,0.109241
204.508,1,434,0.109242
205.374,1,433.5,0.109243
206.24,1,433,0.109244
207.106,1,432.5,0.109245
207.972,1,432,0.109246
208.838,1,431.5,0.109247
209.704,1,431,0.109248
210.57,1,430.5,0.109249
211.436,1,430,0.10925
212.302,1,429.5,0.109251
213.168,1,429,0.109251
214.034,1,428.5,0.109252
214.9,1,428,0.109254
215.766,1,427.5,0.109255
216.632,1,427,0.109255
217.498,1,426.5,0.109256
218.364,1,426,0.109257
219.23,1,425.5,0.109258
220.096,1,425,0.109259
220.962,1,424.5,0.10926
221.828,1,424,0.10926
222.694,1,423.5,0.109261
223.56,1,423,0.109261
224.426,1,422.5,0.109262
225.292,1,422,0.109262
226.158,1,421.5,0.109263
227.024,1,421,0.109263
227.89,1,420.5,0.109263
228.756,1,420,0.109263
229.622,1,419.5,0.109263
230.488,1,419,0.109263
231.355,1,418.5,0.109263
232.221,1,418,0.109264
233.087,1,417.5,0.109263
233.953,1,417,0.109262
234.819,1,416.5,0.109262
235.685,1,416,0.109261
236.551,1,415.5,0.10926
237.417,1,415,0.10926
238.283,1,414.5,0.109259
239.149,1,414,0.109257
240.015,1,413.5,0.109255
240.881,1,413,0.109253
241.747,1,412.5,0.109251
242.613,1,412,0.10925
243.479,1,411.5,0.109248
244.345,1,411,0.109244
245.211,1,410.5,0.10924
246.077,1,410,0.109236
246.943,1,409.5,0.109232
247.809,1,409,0.109228
248.675,1,408.5,0.109224
249.541,1,408,0.109218
250.407,1,407.5,0.109211
251.273,1,407,0.109205
252.139,1,406.5,0.109199
253.005,1,406,0.109194
253.871,1,405.5,0.109188
254.737,1,405,0.10918
255.603,1,404.5,0.109169
256.469,1,404,0.109159
257.335,1,403.5,0.109148
258.201,1,403,0.109138
259.067,1,402.5,0.109127
259.933,1,402,0.109116
260.799,1,401.5,0.109099
261.665,1,401,0.109082
262.531,1,400.5,0.109066
263.397,1,400,0.109049
264.263,1,399.5,0.109032
265.13,1,399,0.109015
265.996,1,398.5,0.108989
266.862,1,398,0.108961
267.728,1,397.5,0.108934
268.594,1,397,0.108906
269.46,1,396.5,0.108877
270.326,1,396,0.108851
271.192,1,395.5,0.108819
272.058,1,395,0.108781
272.924,1,394.5,0.108743
273.79,1,394,0.108705
274.656,1,393.5,0.108666
275.522,1,393,0.108627
276.388,1,392.5,0.108583
277.254,1,392,0.108523
278.12,1,391.5,0.108461
278.986,1,391,0.1084
279.852,1,390.5,0.108338
280.718,1,390,0.108275
281.584,1,389.5,0.108212
282.45,1,389,0.108128
283.316,1,388.5,0.108042
284.182,1,388,0.107955
285.048,1,387.5,0.107868
285.914,1,387,0.107779
286.78,1,386.5,0.10769
287.646,1,386,0.107574
288.512,1,385.5,0.107442
289.378,1,385,0.107312
290.244,1,384.5,0.107182
291.11,1,384,0.107051
291.976,1,383.5,0.106918
292.842,1,383,0.106774
293.708,1,382.5,0.106602
294.574,1,382,0.10643
295.44,1,381.5,0.106256
296.306,1,381,0.10608
297.172,1,380.5,0.105904
298.038,1,380,0.105727
298.905,1,379.5,0.105476
299.771,1,379,0.105224
300.637,1,378.5,0.104971
301.503,1,378,0.104717
302.369,1,377.5,0.104463
303.235,1,377,0.104208
304.101,1,376.5,0.103908
304.967,1,376,0.103586
305.833,1,375.5,0.103263
306.699,1,375,0.102938
307.565,1,374.5,0.102614
308.431,1,374,0.102299
309.297,1,373.5,0.101952
310.163,1,373,0.101554
311.029,1,372.5,0.101158
311.895,1,372,0.100765
312.761,1,371.5,0.100375
313.627,1,371,0.0999884
314.493,1,370.5,0.0996006
315.359,1,370,0.0991366
316.225,1,369.5,0.0986711
317.091,1,369,0.0982111
317.957,1,368.5,0.0977641
318.823,1,368,0.0973097
319.689,1,367.5,0.0968478
320.555,1,367,0.0970969
321.421,1,366.5,0.0976033
322.287,1,366,0.0981028
323.153,1,365.5,0.0985955
324.019,1,365,0.0990813
324.885,1,364.5,0.0995603
325.751,1,364,0.101263
326.617,1,363.5,0.104575
327.483,1,363,0.107444
328.349,1,362.5,0.10986
329.215,1,362,0.111822
330.081,1,361.5,0.11333
330.947,1,361,0.115231
331.813,1,360.5,0.124066
332.679,1,360,0.132285
333.546,1,359.5,0.13989
334.412,1,359,0.146879
335.278,1,358.5,0.153253
336.144,1,358,0.158863
337.01,1,357.5,0.159934
337.876,1,357,0.159803
338.742,1,356.5,0.159484
339.608,1,356,0.158978
340.474,1,355.5,0.158284
341.34,1,355,0.157402
342.206,1,354.5,0.153548
343.072,1,354,0.14624
343.938,1,353.5,0.138536
344.804,1,353,0.130437
345.67,1,352.5,0.121192
346.536,1,352,0.110215
347.402,1,351.5,0.103338
348.268,1,351,0.118677
349.134,1,350.5,0.125489
350,1,350,0.123774
350.866,1,349.5,0.113532
351.732,1,349,0.0947637
352.598,1,348.5,0.0674687
353.464,1,348,0.0450902
354.33,1,347.5,0.034571
355.196,1,347,0.0468564
356.062,1,346.5,0.0704822
356.928,1,346,0.0918429
357.794,1,345.5,0.110938
358.66,1,345,0.119395
359.526,1,344.5,0.120096
360.392,1,344,0.121146
361.258,1,343.5,0.122547
362.124,1,343,0.124298
362.99,1,342.5,0.126399
363.856,1,342,0.128437
364.722,1,341.5,0.128294
365.588,1,341,0.127734
366.454,1,340.5,0.127268
367.321,1,340,0.126893
368.187,1,339.5,0.126612
369.053,1,339,0.126423
369.919,1,338.5,0.126325
370.785,1,338,0.126264
371.651,1,337.5,0.126237
372.517,1,337,0.126245
373.383,1,336.5,0.126288
374.249,1,336,0.12646
375.115,1,335.5,0.126728
375.981,1,335,0.127001
376.847,1,334.5,0.127235
377.713,1,334,0.127429
378.579,1,333.5,0.127584
379.445,1,333,0.127698
380.311,1,332.5,0.127793
381.177,1,332,0.127907
382.043,1,331.5,0.12799
382.909,1,331,0.12804
383.775,1,330.5,0.128137
384.641,1,330,0.128238
385.507,1,329.5,0.128313
386.373,1,329,0.12828
387.239,1,328.5,0.128218
388.105,1,328,0.128133
388.971,1,327.5,0.128024
389.837,1,327,0.127891
390.703,1,326.5,0.127735
391.569,1,326,0.127543
392.435,1,325.5,0.127322
393.301,1,325,0.127188
394.167,1,324.5,0.127067
395.033,1,324,0.126928
395.899,1,323.5,0.126772
396.765,1,323,0.126572
397.631,1,322.5,0.1263
398.497,1,322,0.126011
399.363,1,321.5,0.125706
400.229,1,321,0.125385
401.095,1,320.5,0.125048
401.962,1,320,0.124694
402.828,1,319.5,0.12436
403.694,1,319,0.124033
404.56,1,318.5,0.123697
405.426,1,318,0.123351
406.292,1,317.5,0.122997
407.158,1,317,0.122632
408.024,1,316.5,0.122213
408.89,1,316,0.121768
409.756,1,315.5,0.121318
410.622,1,315,0.120862
411.488,1,314.5,0.120402
412.354,1,314,0.120044
413.22,1,313.5,0.119674
414.086,1,313,0.119269
414.952,1,312.5,0.118863
415.818,1,312,0.118457
416.684,1,311.5,0.11805
417.55,1,311,0.117643
418.416,1,310.5,0.117233
419.282,1,310,0.116792
420.148,1,309.5,0.116354
421.014,1,309,0.115919
421.88,1,308.5,0.115588
422.746,1,308,0.115264
423.612,1,307.5,0.114943
424.478,1,307,0.114609
425.344,1,306.5,0.114275
426.21,1,306,0.113947
427.076,1,305.5,0.113624
427.942,1,305,0.113306
428.808,1,304.5,0.112994
429.674,1,304,0.112685
430.54,1,303.5,0.112383
431.406,1,303,0.112144
432.272,1,302.5,0.11191
433.138,1,302,0.111683
434.004,1,301.5,0.111462
434.87,1,301,0.111247
435.737,1,300.5,0.111043
436.603,1,300,0.110845
437.469,1,299.5,0.110654
438.335,1,299,0.110469
439.201,1,298.5,0.110292
440.067,1,298,0.110124
440.933,1,297.5,0.110002
441.799,1,297,0.109886
442.665,1,296.5,0.109774
443.531,1,296,0.109667
444.397,1,295.5,0.109563
445.263,1,295,0.109464
446.129,1,294.5,0.109375
446.995,1,294,0.109297
447.861,1,293.5,0.109222
448.727,1,293,0.109152
449.593,1,292.5,0.109086
450.459,1,292,0.109033
451.325,1,291.5,0.108984
452.191,1,291,0.108948
453.057,1,290.5,0.108914
453.923,1,290,0.108882
454.789,1,289.5,0.108852
455.655,1,289,0.108824
456.521,1,288.5,0.108797
457.387,1,288,0.108781
458.253,1,287.5,0.108767
459.119,1,287,0.108755
459.985,1,286.5,0.108745
460.851,1,286,0.108736
461.717,1,285.5,0.108728
462.583,1,285,0.108723
463.449,1,284.5,0.108721
464.315,1,284,0.10872
465.181,1,283.5,0.108718
466.047,1,283,0.108718
466.913,1,282.5,0.108717
467.779,1,282,0.108718
468.645,1,281.5,0.108722
469.512,1,281,0.108725
470.378,1,280.5,0.108728
471.244,1,280,0.108732
472.11,1,279.5,0.108735
472.976,1,279,0.108739
473.842,1,278.5,0.108745
474.708,1,278,0.108751
475.574,1,277.5,0.108758
476.44,1,277,0.108764
477.306,1,276.5,0.108771
478.172,1,276,0.108776
479.038,1,275.5,0.108783
479.904,1,275,0.108789
480.77,1,274.5,0.108796
481.636,1,274,0.108803
482.502,1,273.5,0.108809
483.368,1,273,0.108816
484.234,1,272.5,0.108823
485.1,1,272,0.10883
485.966,1,271.5,0.108837
486.832,1,271,0.108844
487.698,1,270.5,0.108851
488.564,1,270,0.108857
489.43,1,269.5,0.108863
490.296,1,269,0.10887
491.162,1,268.5,0.108876
492.028,1,268,0.108882
492.894,1,267.5,0.108889
493.76,1,267,0.108895
494.626,1,266.5,0.108901
495.492,1,266,0.108907
496.358,1,265.5,0.108914
497.224,1,265,0.10892
498.09,1,264.5,0.108925
498.956,1,264,0.10893
499.822,1,263.5,0.108935
500.688,1,263,0.10894
501.554,1,262.5,0.108945
502.42,1,262,0.10895
503.286,1,261.5,0.108955
504.153,1,261,0.10896
505.019,1,260.5,0.108965
505.885,1,260,0.10897
506.751,1,259.5,0.108974
507.617,1,259,0.108979
508.483,1,258.5,0.108983
509.349,1,258,0.108987
510.215,1,257.5,0.108991
511.081,1,257,0.108996
511.947,1,256.5,0.109
512.813,1,256,0.109004
513.679,1,255.5,0.109008
514.545,1,255,0.109012
515.411,1,254.5,0.109016
516.277,1,254,0.109019
517.143,1,253.5,0.109022
518.009,1,253,0.109026
518.875,1,252.5,0.109029
519.741,1,252,0.109032
520.607,1,251.5,0.109035
521.473,1,251,0.109038
522.339,1,250.5,0.109041
523.205,1,250,0.109044
524.071,1,249.5,0.109047
524.937,1,249,0.10905
525.803,1,248.5,0.109052
526.669,1,248,0.109055
527.535,1,247.5,0.109057
528.401,1,247,0.10906
529.267,1,246.5,0.109062
530.133,1,246,0.109065
530.999,1,245.5,0.109067
531.865,1,245,0.109069
532.731,1,244.5,0.109072
533.597,1,244,0.109074
534.463,1,243.5,0.109076
535.329,1,243,0.109078
536.195,1,242.5,0.10908
537.061,1,242,0.109082
537.928,1,241.5,0.109083
538.794,1,241,0.109085
539.66,1,240.5,0.109087
540.526,1,240,0.109088
541.392,1,239.5,0.10909
542.258,1,239,0.109091
543.124,1,238.5,0.109093
543.99,1,238,0.109095
544.856,1,237.5,0.109096
545.722,1,237,0.109098
546.588,1,236.5,0.109099
547.454,1,236,0.1091
548.32,1,235.5,0.109102
549.186,1,235,0.109103
550.052,1,234.5,0.109104
550.918,1,234,0.109106
551.784,1,233.5,0.109107
552.65,1,233,0.109108
553.516,1,232.5,0.10911
554.382,1,232,0.109111
555.248,1,231.5,0.109112
556.114,1,231,0.109113
556.98,1,230.5,0.109114
557.846,1,230,0.109115
558.712,1,229.5,0.109116
559.578,1,229,0.109117
560.444,1,228.5,0.109118
561.31,1,228,0.109119
562.176,1,227.5,0.109119
563.042,1,227,0.10912
563.908,1,226.5,0.109121
564.774,1,226,0.109122
565.64,1,225.5,0.109123
566.506,1,225,0.109124
567.372,1,224.5,0.109124
568.238,1,224,0.109125
569.104,1,223.5,0.109126
569.97,1,223,0.109127
570.836,1,222.5,0.109127
571.703,1,222,0.109128
572.569,1,221.5,0.109129
573.435,1,221,0.10913
574.301,1,220.5,0.10913
575.167,1,220,0.109131
576.033,1,219.5,0.109131
576.899,1,219,0.109132
577.765,1,218.5,0.109132
578.631,1,218,0.109133
579.497,1,217.5,0.109133
580.363,1,217,0.109134
581.229,1,216.5,0.109134
582.095,1,216,0.109135
582.961,1,215.5,0.109135
583.827,1,215,0.109136
584.693,1,214.5,0.109136
585.559,1,214,0.109137
586.425,1,213.5,0.109137
587.291,1,213,0.109138
588.157,1,212.5,0.109138
589.023,1,212,0.109139
589.889,1,211.5,0.109139
590.755,1,211,0.109139
591.621,1,210.5,0.10914
592.487,1,210,0.10914
593.353,1,209.5,0.10914
594.219,1,209,0.109141
595.085,1,208.5,0.109141
595.951,1,208,0.109141
596.817,1,207.5,0.109142
597.683,1,207,0.109142
598.549,1,206.5,0.109142
599.415,1,206,0.109143
600.281,1,205.5,0.109143
601.147,1,205,0.109143
602.013,1,204.5,0.109144
602.879,1,204,0.109144
603.745,1,203.5,0.109144
604.611,1,203,0.109144
605.477,1,202.5,0.109145
606.344,1,202,0.109145
607.21,1,201.5,0.109145
608.076,1,201,0.109146
608.942,1,200.5,0.109146
609.808,1,200,0.109146
