x,y,z,b
90.1924,1,500,0.109156
91.0584,1,499.5,0.109156
91.9244,1,499,0.109156
92.7905,1,498.5,0.109156
93.6565,1,498,0.109157
94.5225,1,497.5,0.109157
95.3885,1,497,0.109157
96.2546,1,496.5,0.109157
97.1206,1,496,0.109158
97.9866,1,495.5,0.109158
98.8526,1,495,0.109158
99.7187,1,494.5,0.109159
100.585,1,494,0.109159
101.451,1,493.5,0.109159
102.317,1,493,0.109159
103.183,1,492.5,0.10916
104.049,1,492,0.10916
104.915,1,491.5,0.10916
105.781,1,491,0.109161
106.647,1,490.5,0.109161
107.513,1,490,0.109161
108.379,1,489.5,0.109162
109.245,1,489,0.109162
110.111,1,488.5,0.109162
110.977,1,488,0.109163
111.843,1,487.5,0.109163
112.709,1,487,0.109163
113.575,1,486.5,0.109164
114.441,1,486,0.109164
115.307,1,485.5,0.109164
116.173,1,485,0.109165
117.039,1,484.5,0.109165
117.905,1,484,0.109165
118.771,1,483.5,0.109166
119.637,1,483,0.109166
120.503,1,482.5,0.109166
121.369,1,482,0.109167
122.235,1,481.5,0.109167
123.101,1,481,0.109168
123.967,1,480.5,0.109168
124.833,1,480,0.109168
125.699,1,479.5,0.109169
126.565,1,479,0.109169
127.431,1,478.5,0.10917
128.297,1,478,0.10917
129.164,1,477.5,0.109171
130.03,1,477,0.109171
130.896,1,476.5,0.109172
131.762,1,476,0.109172
132.628,1,475.5,0.109173
133.494,1,475,0.109173
134.36,1,474.5,0.109173
135.226,1,474,0.109174
136.092,1,473.5,0.109174
136.958,1,473,0.109175
137.824,1,472.5,0.109175
138.69,1,472,0.109176
139.556,1,471.5,0.109177
140.422,1,471,0.109177
141.288,1,470.5,0.109178
142.154,1,470,0.109178
143.02,1,469.5,0.109179
143.886,1,469,0.109179
144.752,1,468.5,0.10918
145.618,1,468,0.10918
146.484,1,467.5,0.109181
147.35,1,467,0.109182
148.216,1,466.5,0.109182
149.082,1,466,0.109183
149.948,1,465.5,0.109183
150.814,1,465,0.109184
151.68,1,464.5,0.109185
152.546,1,464,0.109185
153.412,1,463.5,0.109186
154.278,1,463,0.109187
155.144,1,462.5,0.109187
156.01,1,462,0.109188
156.876,1,461.5,0.109189
157.742,1,461,0.109189
158.608,1,460.5,0.10919
159.474,1,460,0.109191
160.34,1,459.5,0.109191
161.206,1,459,0.109192
162.072,1,458.5,0.109193
162.939,1,458,0.109194
163.805,1,457.5,0.109194
164.671,1,457,0.109195
165.537,1,456.5,0.109196
166.403,1,456,0.109197
167.269,1,455.5,0.109198
168.135,1,455,0.109199
169.001,1,454.5,0.109199
169.867,1,454,0.1092
170.733,1,453.5,0.109201
171.599,1,453,0.109202
172.465,1,452.5,0.109203
173.331,1,452,0.109204
174.197,1,451.5,0.109205
175.063,1,451,0.109206
175.929,1,450.5,0.109206
176.795,1,450,0.109207
177.661,1,449.5,0.109208
178.527,1,449,0.109209
179.393,1,448.5,0.10921
180.259,1,448,0.109211
181.125,1,447.5,0.109212
181.991,1,447,0.109213
182.857,1,446.5,0.109215
183.723,1,446,0.109216
184.589,1,445.5,0.109217
185.455,1,445,0.109218
186.321,1,444.5,0.109219
187.187,1,444,0.10922
188.053,1,443.5,0.109221
188.919,1,443,0.109223
189.785,1,442.5,0.109224
190.651,1,442,0.109225
191.517,1,441.5,0.109226
192.383,1,441,0.109228
193.249,1,440.5,0.109229
194.115,1,440,0.10923
194.981,1,439.5,0.109232
195.847,1,439,0.109233
196.714,1,438.5,0.109234
197.58,1,438,0.109236
198.446,1,437.5,0.109237
199.312,1,437,0.109239
200.178,1,436.5,0.10924
201.044,1,436,0.109241
201.91,1,435.5,0.109243
202.776,1,435,0.109244
203.642,1,434.5,0.109246
204.508,1,434,0.109248
205.374,1,433.5,0.109249
206.24,1,433,0.109251
207.106,1,432.5,0.109252
207.972,1,432,0.109254
208.838,1,431.5,0.109256
209.704,1,431,0.109258
210.57,1,430.5,0.10926
211.436,1,430,0.109261
212.302,1,429.5,0.109263
213.168,1,429,0.109265
214.034,1,428.5,0.109266
214.9,1,428,0.109268
215.766,1,427.5,0.10927
216.632,1,427,0.109272
217.498,1,426.5,0.109274
218.364,1,426,0.109276
219.23,1,425.5,0.109278
220.096,1,425,0.10928
220.962,1,424.5,0.109282
221.828,1,424,0.109284
222.694,1,423.5,0.109286
223.56,1,423,0.109288
224.426,1,422.5,0.10929
225.292,1,422,0.109292
226.158,1,421.5,0.109294
227.024,1,421,0.109297
227.89,1,420.5,0.109299
228.756,1,420,0.109301
229.622,1,419.5,0.109303
230.488,1,419,0.109305
231.355,1,418.5,0.109307
232.221,1,418,0.10931
233.087,1,417.5,0.109312
233.953,1,417,0.109314
234.819,1,416.5,0.109316
235.685,1,416,0.109318
236.551,1,415.5,0.10932
237.417,1,415,0.109322
238.283,1,414.5,0.109324
239.149,1,414,0.109326
240.015,1,413.5,0.109328
240.881,1,413,0.10933
241.747,1,412.5,0.109332
242.613,1,412,0.109334
243.479,1,411.5,0.109337
244.345,1,411,0.109338
245.211,1,410.5,0.109339
246.077,1,410,0.109341
246.943,1,409.5,0.109342
247.809,1,409,0.109344
248.675,1,408.5,0.109345
249.541,1,408,0.109346
250.407,1,407.5,0.109346
251.273,1,407,0.109347
252.139,1,406.5,0.109348
253.005,1,406,0.109349
253.871,1,405.5,0.109351
254.737,1,405,0.109351
255.603,1,404.5,0.10935
256.469,1,404,0.109349
257.335,1,403.5,0.109348
258.201,1,403,0.109347
259.067,1,402.5,0.109346
259.933,1,402,0.109345
260.799,1,401.5,0.109341
261.665,1,401,0.109338
262.531,1,400.5,0.109334
263.397,1,400,0.109331
264.263,1,399.5,0.109328
265.13,1,399,0.109325
265.996,1,398.5,0.109316
266.862,1,398,0.109308
267.728,1,397.5,0.109299
268.594,1,397,0.10929
269.46,1,396.5,0.109281
270.326,1,396,0.109273
271.192,1,395.5,0.109262
272.058,1,395,0.109248
272.924,1,394.5,0.109233
273.79,1,394,0.109219
274.656,1,393.5,0.109204
275.522,1,393,0.10919
276.388,1,392.5,0.109172
277.254,1,392,0.109145
278.12,1,391.5,0.109117
278.986,1,391,0.109089
279.852,1,390.5,0.109061
280.718,1,390,0.109034
281.584,1,389.5,0.109006
282.45,1,389,0.108964
283.316,1,388.5,0.108921
284.182,1,388,0.108878
285.048,1,387.5,0.108835
285.914,1,387,0.10879
286.78,1,386.5,0.108746
287.646,1,386,0.108684
288.512,1,385.5,0.108613
289.378,1,385,0.108543
290.244,1,384.5,0.108472
291.11,1,384,0.108401
291.976,1,383.5,0.108329
292.842,1,383,0.108247
293.708,1,382.5,0.108145
294.574,1,382,0.108041
295.44,1,381.5,0.107937
296.306,1,381,0.107831
297.172,1,380.5,0.107724
298.038,1,380,0.107617
298.905,1,379.5,0.107463
299.771,1,379,0.107309
300.637,1,378.5,0.107154
301.503,1,378,0.106998
302.369,1,377.5,0.106841
303.235,1,377,0.106684
304.101,1,376.5,0.106481
304.967,1,376,0.106253
305.833,1,375.5,0.106023
306.699,1,375,0.105789
307.565,1,374.5,0.105554
308.431,1,374,0.105323
309.297,1,373.5,0.105085
310.163,1,373,0.104841
311.029,1,372.5,0.104599
311.895,1,372,0.104359
312.761,1,371.5,0.104122
313.627,1,371,0.103886
314.493,1,370.5,0.103641
315.359,1,370,0.103142
316.225,1,369.5,0.102629
317.091,1,369,0.102105
317.957,1,368.5,0.101568
318.823,1,368,0.101016
319.689,1,367.5,0.100447
320.555,1,367,0.100344
321.421,1,366.5,0.100448
322.287,1,366,0.100587
323.153,1,365.5,0.100763
324.019,1,365,0.100974
324.885,1,364.5,0.101222
325.751,1,364,0.100867
326.617,1,363.5,0.0996262
327.483,1,363,0.0984611
328.349,1,362.5,0.0972989
329.215,1,362,0.0961396
330.081,1,361.5,0.0949833
330.947,1,361,0.0943016
331.813,1,360.5,0.0978121
332.679,1,360,0.101366
333.546,1,359.5,0.104965
334.412,1,359,0.108607
335.278,1,358.5,0.112292
336.144,1,358,0.115875
337.01,1,357.5,0.119564
337.876,1,357,0.122649
338.742,1,356.5,0.124965
339.608,1,356,0.126512
340.474,1,355.5,0.12729
341.34,1,355,0.127298
342.206,1,354.5,0.12544
343.072,1,354,0.121656
343.938,1,353.5,0.117198
344.804,1,353,0.112067
345.67,1,352.5,0.105034
346.536,1,352,0.0951976
347.402,1,351.5,0.0875085
348.268,1,351,0.0971098
349.134,1,350.5,0.102397
350,1,350,0.103371
350.866,1,349.5,0.100031
351.732,1,349,0.0923776
352.598,1,348.5,0.0804103
353.464,1,348,0.066245
354.33,1,347.5,0.0586677
355.196,1,347,0.0643919
356.062,1,346.5,0.0769807
356.928,1,346,0.0892068
357.794,1,345.5,0.10107
358.66,1,345,0.107216
359.526,1,344.5,0.108705
360.392,1,344,0.11048
361.258,1,343.5,0.11254
362.124,1,343,0.114886
362.99,1,342.5,0.117517
363.856,1,342,0.120145
364.722,1,341.5,0.121485
365.588,1,341,0.12257
366.454,1,340.5,0.123552
367.321,1,340,0.124431
368.187,1,339.5,0.125206
369.053,1,339,0.125879
369.919,1,338.5,0.126169
370.785,1,338,0.126389
371.651,1,337.5,0.126575
372.517,1,337,0.126726
373.383,1,336.5,0.126842
374.249,1,336,0.12705
375.115,1,335.5,0.127328
375.981,1,335,0.127582
376.847,1,334.5,0.127785
377.713,1,334,0.127936
378.579,1,333.5,0.128035
379.445,1,333,0.128083
380.311,1,332.5,0.128103
381.177,1,332,0.128142
382.043,1,331.5,0.128142
382.909,1,331,0.128103
383.775,1,330.5,0.128143
384.641,1,330,0.128196
385.507,1,329.5,0.128215
386.373,1,329,0.128112
387.239,1,328.5,0.127971
388.105,1,328,0.127797
388.971,1,327.5,0.127589
389.837,1,327,0.127348
390.703,1,326.5,0.127074
391.569,1,326,0.126741
392.435,1,325.5,0.126364
393.301,1,325,0.126109
394.167,1,324.5,0.125877
395.033,1,324,0.125627
395.899,1,323.5,0.125358
396.765,1,323,0.125039
397.631,1,322.5,0.124639
398.497,1,322,0.124226
399.363,1,321.5,0.123799
400.229,1,321,0.123358
401.095,1,320.5,0.122904
401.962,1,320,0.122434
402.828,1,319.5,0.121997
403.694,1,319,0.121578
404.56,1,318.5,0.121156
405.426,1,318,0.120729
406.292,1,317.5,0.120299
407.158,1,317,0.119864
408.024,1,316.5,0.119387
408.89,1,316,0.118894
409.756,1,315.5,0.118401
410.622,1,315,0.117909
411.488,1,314.5,0.117418
412.354,1,314,0.117035
413.22,1,313.5,0.116649
414.086,1,313,0.116239
414.952,1,312.5,0.115835
415.818,1,312,0.115435
416.684,1,311.5,0.115041
417.55,1,311,0.114651
418.416,1,310.5,0.114266
419.282,1,310,0.113877
420.148,1,309.5,0.113495
421.014,1,309,0.113122
421.88,1,308.5,0.112842
422.746,1,308,0.11257
423.612,1,307.5,0.112304
424.478,1,307,0.112042
425.344,1,306.5,0.111788
426.21,1,306,0.11154
427.076,1,305.5,0.1113
427.942,1,305,0.111067
428.808,1,304.5,0.110841
429.674,1,304,0.110627
430.54,1,303.5,0.110431
431.406,1,303,0.110277
432.272,1,302.5,0.11013
433.138,1,302,0.109988
434.004,1,301.5,0.109851
434.87,1,301,0.109722
435.737,1,300.5,0.109611
436.603,1,300,0.109505
437.469,1,299.5,0.109404
438.335,1,299,0.109309
439.201,1,298.5,0.109218
440.067,1,298,0.109134
440.933,1,297.5,0.109082
441.799,1,297,0.109035
442.665,1,296.5,0.108991
443.531,1,296,0.108949
444.397,1,295.5,0.108909
445.263,1,295,0.108872
446.129,1,294.5,0.108843
446.995,1,294,0.108823
447.861,1,293.5,0.108804
448.727,1,293,0.108786
449.593,1,292.5,0.10877
450.459,1,292,0.108756
451.325,1,291.5,0.108745
452.191,1,291,0.10874
453.057,1,290.5,0.108735
453.923,1,290,0.108731
454.789,1,289.5,0.108728
455.655,1,289,0.108725
456.521,1,288.5,0.108723
457.387,1,288,0.108725
458.253,1,287.5,0.108728
459.119,1,287,0.108732
459.985,1,286.5,0.108734
460.851,1,286,0.108736
461.717,1,285.5,0.108739
462.583,1,285,0.108743
463.449,1,284.5,0.108749
464.315,1,284,0.108755
465.181,1,283.5,0.108761
466.047,1,283,0.108767
466.913,1,282.5,0.108773
467.779,1,282,0.10878
468.645,1,281.5,0.108788
469.512,1,281,0.108794
470.378,1,280.5,0.108801
471.244,1,280,0.108808
472.11,1,279.5,0.108814
472.976,1,279,0.108821
473.842,1,278.5,0.108828
474.708,1,278,0.108836
475.574,1,277.5,0.108843
476.44,1,277,0.108851
477.306,1,276.5,0.108858
478.172,1,276,0.108865
479.038,1,275.5,0.108871
479.904,1,275,0.108877
480.77,1,274.5,0.108883
481.636,1,274,0.108889
482.502,1,273.5,0.108895
483.368,1,273,0.108901
484.234,1,272.5,0.108907
485.1,1,272,0.108914
485.966,1,271.5,0.10892
486.832,1,271,0.108926
487.698,1,270.5,0.108932
488.564,1,270,0.108937
489.43,1,269.5,0.108942
490.296,1,269,0.108947
491.162,1,268.5,0.108953
492.028,1,268,0.108958
492.894,1,267.5,0.108963
493.76,1,267,0.108968
494.626,1,266.5,0.108973
495.492,1,266,0.108978
496.358,1,265.5,0.108983
497.224,1,265,0.108987
498.09,1,264.5,0.108991
498.956,1,264,0.108995
499.822,1,263.5,0.108999
500.688,1,263,0.109002
501.554,1,262.5,0.109006
502.42,1,262,0.10901
503.286,1,261.5,0.109014
504.153,1,261,0.109017
505.019,1,260.5,0.109021
505.885,1,260,0.109024
506.751,1,259.5,0.109027
507.617,1,259,0.109031
508.483,1,258.5,0.109034
509.349,1,258,0.109037
510.215,1,257.5,0.10904
511.081,1,257,0.109043
511.947,1,256.5,0.109045
512.813,1,256,0.109048
513.679,1,255.5,0.109051
514.545,1,255,0.109054
515.411,1,254.5,0.109057
516.277,1,254,0.109059
517.143,1,253.5,0.109061
518.009,1,253,0.109064
518.875,1,252.5,0.109066
519.741,1,252,0.109068
520.607,1,251.5,0.10907
521.473,1,251,0.109072
522.339,1,250.5,0.109074
523.205,1,250,0.109076
524.071,1,249.5,0.109078
524.937,1,249,0.10908
525.803,1,248.5,0.109082
526.669,1,248,0.109084
527.535,1,247.5,0.109085
528.401,1,247,0.109087
529.267,1,246.5,0.109089
530.133,1,246,0.10909
530.999,1,245.5,0.109092
531.865,1,245,0.109093
532.731,1,244.5,0.109095
533.597,1,244,0.109096
534.463,1,243.5,0.109098
535.329,1,243,0.109099
536.195,1,242.5,0.1091
537.061,1,242,0.109102
537.928,1,241.5,0.109103
538.794,1,241,0.109104
539.66,1,240.5,0.109105
540.526,1,240,0.109106
541.392,1,239.5,0.109107
542.258,1,239,0.109108
543.124,1,238.5,0.109109
543.99,1,238,0.10911
544.856,1,237.5,0.109111
545.722,1,237,0.109112
546.588,1,236.5,0.109113
547.454,1,236,0.109114
548.32,1,235.5,0.109115
549.186,1,235,0.109116
550.052,1,234.5,0.109117
550.918,1,234,0.109118
551.784,1,233.5,0.109118
552.65,1,233,0.109119
553.516,1,232.5,0.10912
554.382,1,232,0.109121
555.248,1,231.5,0.109121
556.114,1,231,0.109122
556.98,1,230.5,0.109123
557.846,1,230,0.109123
558.712,1,229.5,0.109124
559.578,1,229,0.109125
560.444,1,228.5,0.109125
561.31,1,228,0.109126
562.176,1,227.5,0.109127
563.042,1,227,0.109127
563.908,1,226.5,0.109128
564.774,1,226,0.109128
565.64,1,225.5,0.109129
566.506,1,225,0.109129
567.372,1,224.5,0.10913
568.238,1,224,0.10913
569.104,1,223.5,0.109131
569.97,1,223,0.109131
570.836,1,222.5,0.109132
571.703,1,222,0.109132
572.569,1,221.5,0.109133
573.435,1,221,0.109133
574.301,1,220.5,0.109134
575.167,1,220,0.109134
576.033,1,219.5,0.109134
576.899,1,219,0.109135
577.765,1,218.5,0.109135
578.631,1,218,0.109135
579.497,1,217.5,0.109136
580.363,1,217,0.109136
581.229,1,216.5,0.109136
582.095,1,216,0.109137
582.961,1,215.5,0.109137
583.827,1,215,0.109137
584.693,1,214.5,0.109138
585.559,1,214,0.109138
586.425,1,213.5,0.109138
587.291,1,213,0.109138
588.157,1,212.5,0.109139
589.023,1,212,0.109139
589.889,1,211.5,0.109139
590.755,1,211,0.109139
591.621,1,210.5,0.10914
592.487,1,210,0.10914
593.353,1,209.5,0.10914
594.219,1,209,0.10914
595.085,1,208.5,0.109141
595.951,1,208,0.109141
596.817,1,207.5,0.109141
597.683,1,207,0.109141
598.549,1,206.5,0.109141
599.415,1,206,0.109142
600.281,1,205.5,0.109142
601.147,1,205,0.109142
602.013,1,204.5,0.109142
602.879,1,204,0.109142
603.745,1,203.5,0.109142
604.611,1,203,0.109143
605.477,1,202.5,0.109143
606.344,1,202,0.109143
607.21,1,201.5,0.109143
608.076,1,201,0.109143
608.942,1,200.5,0.109143
609.808,1,200,0.109144
