x,y,z,b
90.1924,1,500,0.109137
91.0584,1,499.5,0.109137
91.9244,1,499,0.109137
92.7905,1,498.5,0.109137
93.6565,1,498,0.109137
94.5225,1,497.5,0.109138
95.3885,1,497,0.109138
96.2546,1,496.5,0.109138
97.1206,1,496,0.109138
97.9866,1,495.5,0.109138
98.8526,1,495,0.109139
99.7187,1,494.5,0.109139
100.585,1,494,0.109139
101.451,1,493.5,0.109139
102.317,1,493,0.109139
103.183,1,492.5,0.10914
104.049,1,492,0.10914
104.915,1,491.5,0.10914
105.781,1,491,0.10914
106.647,1,490.5,0.109141
107.513,1,490,0.109141
108.379,1,489.5,0.109141
109.245,1,489,0.109141
110.111,1,488.5,0.109142
110.977,1,488,0.109142
111.843,1,487.5,0.109142
112.709,1,487,0.109142
113.575,1,486.5,0.109143
114.441,1,486,0.109143
115.307,1,485.5,0.109143
116.173,1,485,0.109143
117.039,1,484.5,0.109144
117.905,1,484,0.109144
118.771,1,483.5,0.109144
119.637,1,483,0.109144
120.503,1,482.5,0.109145
121.369,1,482,0.109145
122.235,1,481.5,0.109145
123.101,1,481,0.109145
123.967,1,480.5,0.109146
124.833,1,480,0.109146
125.699,1,479.5,0.109146
126.565,1,479,0.109147
127.431,1,478.5,0.109147
128.297,1,478,0.109147
129.164,1,477.5,0.109148
130.03,1,477,0.109148
130.896,1,476.5,0.109148
131.762,1,476,0.109148
132.628,1,475.5,0.109149
133.494,1,475,0.109149
134.36,1,474.5,0.109149
135.226,1,474,0.10915
136.092,1,473.5,0.10915
136.958,1,473,0.10915
137.824,1,472.5,0.109151
138.69,1,472,0.109151
139.556,1,471.5,0.109152
140.422,1,471,0.109152
141.288,1,470.5,0.109152
142.154,1,470,0.109153
143.02,1,469.5,0.109153
143.886,1,469,0.109153
144.752,1,468.5,0.109154
145.618,1,468,0.109154
146.484,1,467.5,0.109154
147.35,1,467,0.109155
148.216,1,466.5,0.109155
149.082,1,466,0.109156
149.948,1,465.5,0.109156
150.814,1,465,0.109157
151.68,1,464.5,0.109157
152.546,1,464,0.109157
153.412,1,463.5,0.109158
154.278,1,463,0.109158
155.144,1,462.5,0.109159
156.01,1,462,0.109159
156.876,1,461.5,0.10916
157.742,1,461,0.10916
158.608,1,460.5,0.109161
159.474,1,460,0.109161
160.34,1,459.5,0.109162
161.206,1,459,0.109162
162.072,1,458.5,0.109163
162.939,1,458,0.109163
163.805,1,457.5,0.109164
164.671,1,457,0.109164
165.537,1,456.5,0.109165
166.403,1,456,0.109165
167.269,1,455.5,0.109166
168.135,1,455,0.109167
169.001,1,454.5,0.109167
169.867,1,454,0.109168
170.733,1,453.5,0.109168
171.599,1,453,0.109169
172.465,1,452.5,0.10917
173.331,1,452,0.10917
174.197,1,451.5,0.109171
175.063,1,451,0.109172
175.929,1,450.5,0.109172
176.795,1,450,0.109173
177.661,1,449.5,0.109174
178.527,1,449,0.109174
179.393,1,448.5,0.109175
180.259,1,448,0.109176
181.125,1,447.5,0.109177
181.991,1,447,0.109178
182.857,1,446.5,0.109178
183.723,1,446,0.109179
184.589,1,445.5,0.10918
185.455,1,445,0.109181
186.321,1,444.5,0.109182
187.187,1,444,0.109183
188.053,1,443.5,0.109184
188.919,1,443,0.109185
189.785,1,442.5,0.109186
190.651,1,442,0.109187
191.517,1,441.5,0.109188
192.383,1,441,0.109189
193.249,1,440.5,0.10919
194.115,1,440,0.109191
194.981,1,439.5,0.109192
195.847,1,439,0.109193
196.714,1,438.5,0.109194
197.58,1,438,0.109195
198.446,1,437.5,0.109197
199.312,1,437,0.109198
200.178,1,436.5,0.109199
201.044,1,436,0.1092
201.91,1,435.5,0.109202
202.776,1,435,0.109203
203.642,1,434.5,0.109204
204.508,1,434,0.109206
205.374,1,433.5,0.109207
206.24,1,433,0.109209
207.106,1,432.5,0.109211
207.972,1,432,0.109212
208.838,1,431.5,0.109214
209.704,1,431,0.109215
210.57,1,430.5,0.109217
211.436,1,430,0.109219
212.302,1,429.5,0.109221
213.168,1,429,0.109222
214.034,1,428.5,0.109224
214.9,1,428,0.109226
215.766,1,427.5,0.109228
216.632,1,427,0.10923
217.498,1,426.5,0.109232
218.364,1,426,0.109234
219.23,1,425.5,0.109236
220.096,1,425,0.109238
220.962,1,424.5,0.109241
221.828,1,424,0.109243
222.694,1,423.5,0.109245
223.56,1,423,0.109248
224.426,1,422.5,0.10925
225.292,1,422,0.109253
226.158,1,421.5,0.109256
227.024,1,421,0.109258
227.89,1,420.5,0.109261
228.756,1,420,0.109264
229.622,1,419.5,0.109267
230.488,1,419,0.10927
231.355,1,418.5,0.109274
232.221,1,418,0.109277
233.087,1,417.5,0.10928
233.953,1,417,0.109283
234.819,1,416.5,0.109286
235.685,1,416,0.10929
236.551,1,415.5,0.109293
237.417,1,415,0.109297
238.283,1,414.5,0.1093
239.149,1,414,0.109304
240.015,1,413.5,0.109308
240.881,1,413,0.109312
241.747,1,412.5,0.109316
242.613,1,412,0.109321
243.479,1,411.5,0.109326
244.345,1,411,0.10933
245.211,1,410.5,0.109335
246.077,1,410,0.10934
246.943,1,409.5,0.109345
247.809,1,409,0.10935
248.675,1,408.5,0.109356
249.541,1,408,0.109361
250.407,1,407.5,0.109367
251.273,1,407,0.109373
252.139,1,406.5,0.109379
253.005,1,406,0.109384
253.871,1,405.5,0.10939
254.737,1,405,0.109396
255.603,1,404.5,0.109402
256.469,1,404,0.109407
257.335,1,403.5,0.109413
258.201,1,403,0.109419
259.067,1,402.5,0.109425
259.933,1,402,0.109431
260.799,1,401.5,0.109439
261.665,1,401,0.109448
262.531,1,400.5,0.109457
263.397,1,400,0.109466
264.263,1,399.5,0.109475
265.13,1,399,0.109485
265.996,1,398.5,0.109494
266.862,1,398,0.109502
267.728,1,397.5,0.109511
268.594,1,397,0.10952
269.46,1,396.5,0.109529
270.326,1,396,0.109536
271.192,1,395.5,0.109545
272.058,1,395,0.109555
272.924,1,394.5,0.109564
273.79,1,394,0.109574
274.656,1,393.5,0.109584
275.522,1,393,0.109594
276.388,1,392.5,0.109603
277.254,1,392,0.109608
278.12,1,391.5,0.109613
278.986,1,391,0.109618
279.852,1,390.5,0.109627
280.718,1,390,0.109637
281.584,1,389.5,0.109647
282.45,1,389,0.10966
283.316,1,388.5,0.109673
284.182,1,388,0.109688
285.048,1,387.5,0.109703
285.914,1,387,0.109718
286.78,1,386.5,0.109734
287.646,1,386,0.109742
288.512,1,385.5,0.109745
289.378,1,385,0.109742
290.244,1,384.5,0.109739
291.11,1,384,0.109735
291.976,1,383.5,0.109731
292.842,1,383,0.109727
293.708,1,382.5,0.109723
294.574,1,382,0.109719
295.44,1,381.5,0.109714
296.306,1,381,0.109708
297.172,1,380.5,0.109703
298.038,1,380,0.109698
298.905,1,379.5,0.109678
299.771,1,379,0.109658
300.637,1,378.5,0.109637
301.503,1,378,0.109615
302.369,1,377.5,0.109593
303.235,1,377,0.10957
304.101,1,376.5,0.109531
304.967,1,376,0.109481
305.833,1,375.5,0.109429
306.699,1,375,0.109374
307.565,1,374.5,0.109314
308.431,1,374,0.109244
309.297,1,373.5,0.109167
310.163,1,373,0.10908
311.029,1,372.5,0.108992
311.895,1,372,0.108903
312.761,1,371.5,0.108814
313.627,1,371,0.108724
314.493,1,370.5,0.108625
315.359,1,370,0.108358
316.225,1,369.5,0.108076
317.091,1,369,0.107774
317.957,1,368.5,0.107435
318.823,1,368,0.107071
319.689,1,367.5,0.106682
320.555,1,367,0.106511
321.421,1,366.5,0.106437
322.287,1,366,0.106375
323.153,1,365.5,0.106326
324.019,1,365,0.106289
324.885,1,364.5,0.106264
325.751,1,364,0.105692
326.617,1,363.5,0.104276
327.483,1,363,0.102729
328.349,1,362.5,0.101023
329.215,1,362,0.0991579
330.081,1,361.5,0.0971339
330.947,1,361,0.0953587
331.813,1,360.5,0.0972579
332.679,1,360,0.0994143
333.546,1,359.5,0.101828
334.412,1,359,0.104499
335.278,1,358.5,0.107427
336.144,1,358,0.110196
337.01,1,357.5,0.105088
337.876,1,357,0.0977999
338.742,1,356.5,0.0902761
339.608,1,356,0.0825162
340.474,1,355.5,0.0745202
341.34,1,355,0.0662881
342.206,1,354.5,0.0636413
343.072,1,354,0.0661371
343.938,1,353.5,0.0668622
344.804,1,353,0.0658168
345.67,1,352.5,0.0627062
346.536,1,352,0.0561279
347.402,1,351.5,0.0503483
348.268,1,351,0.0651105
349.134,1,350.5,0.0770629
350,1,350,0.0862056
350.866,1,349.5,0.0925385
351.732,1,349,0.0960617
352.598,1,348.5,0.0967751
353.464,1,348,0.0853037
354.33,1,347.5,0.0760371
355.196,1,347,0.076841
356.062,1,346.5,0.0833527
356.928,1,346,0.0895506
357.794,1,345.5,0.0954347
358.66,1,345,0.0995533
359.526,1,344.5,0.10264
360.392,1,344,0.106172
361.258,1,343.5,0.11015
362.124,1,343,0.114574
362.99,1,342.5,0.119444
363.856,1,342,0.123782
364.722,1,341.5,0.124935
365.588,1,341,0.126142
366.454,1,340.5,0.127178
367.321,1,340,0.128043
368.187,1,339.5,0.128737
369.053,1,339,0.129261
369.919,1,338.5,0.129794
370.785,1,338,0.130284
371.651,1,337.5,0.130716
372.517,1,337,0.131089
373.383,1,336.5,0.131404
374.249,1,336,0.13161
375.115,1,335.5,0.131556
375.981,1,335,0.131302
376.847,1,334.5,0.130969
377.713,1,334,0.130557
378.579,1,333.5,0.130065
379.445,1,333,0.129494
380.311,1,332.5,0.128843
381.177,1,332,0.128107
382.043,1,331.5,0.127288
382.909,1,331,0.126386
383.775,1,330.5,0.125892
384.641,1,330,0.125548
385.507,1,329.5,0.125169
386.373,1,329,0.124511
387.239,1,328.5,0.123832
388.105,1,328,0.123143
388.971,1,327.5,0.122446
389.837,1,327,0.121739
390.703,1,326.5,0.121023
391.569,1,326,0.120227
392.435,1,325.5,0.119375
393.301,1,325,0.118732
394.167,1,324.5,0.118157
395.033,1,324,0.117587
395.899,1,323.5,0.117024
396.765,1,323,0.116455
397.631,1,322.5,0.115877
398.497,1,322,0.115318
399.363,1,321.5,0.114778
400.229,1,321,0.114257
401.095,1,320.5,0.113755
401.962,1,320,0.113272
402.828,1,319.5,0.112904
403.694,1,319,0.112571
404.56,1,318.5,0.112247
405.426,1,318,0.111933
406.292,1,317.5,0.111628
407.158,1,317,0.111332
408.024,1,316.5,0.111069
408.89,1,316,0.110826
409.756,1,315.5,0.110592
410.622,1,315,0.110368
411.488,1,314.5,0.110153
412.354,1,314,0.109988
413.22,1,313.5,0.109843
414.086,1,313,0.109715
414.952,1,312.5,0.109593
415.818,1,312,0.109478
416.684,1,311.5,0.109368
417.55,1,311,0.109264
418.416,1,310.5,0.109168
419.282,1,310,0.109105
420.148,1,309.5,0.109047
421.014,1,309,0.108994
421.88,1,308.5,0.108953
422.746,1,308,0.108916
423.612,1,307.5,0.10888
424.478,1,307,0.108856
425.344,1,306.5,0.108837
426.21,1,306,0.10882
427.076,1,305.5,0.108804
427.942,1,305,0.108789
428.808,1,304.5,0.108776
429.674,1,304,0.108768
430.54,1,303.5,0.108766
431.406,1,303,0.108766
432.272,1,302.5,0.108765
433.138,1,302,0.108765
434.004,1,301.5,0.108766
434.87,1,301,0.108767
435.737,1,300.5,0.108773
436.603,1,300,0.108778
437.469,1,299.5,0.108784
438.335,1,299,0.10879
439.201,1,298.5,0.108796
440.067,1,298,0.108801
440.933,1,297.5,0.108807
441.799,1,297,0.108814
442.665,1,296.5,0.10882
443.531,1,296,0.108826
444.397,1,295.5,0.108833
445.263,1,295,0.108839
446.129,1,294.5,0.108846
446.995,1,294,0.108853
447.861,1,293.5,0.108861
448.727,1,293,0.108868
449.593,1,292.5,0.108875
450.459,1,292,0.108881
451.325,1,291.5,0.108887
452.191,1,291,0.108894
453.057,1,290.5,0.108901
453.923,1,290,0.108908
454.789,1,289.5,0.108915
455.655,1,289,0.108921
456.521,1,288.5,0.108927
457.387,1,288,0.108934
458.253,1,287.5,0.108941
459.119,1,287,0.108947
459.985,1,286.5,0.108952
460.851,1,286,0.108956
461.717,1,285.5,0.108961
462.583,1,285,0.108966
463.449,1,284.5,0.108971
464.315,1,284,0.108975
465.181,1,283.5,0.10898
466.047,1,283,0.108984
466.913,1,282.5,0.108989
467.779,1,282,0.108993
468.645,1,281.5,0.108997
469.512,1,281,0.109001
470.378,1,280.5,0.109005
471.244,1,280,0.109009
472.11,1,279.5,0.109013
472.976,1,279,0.109016
473.842,1,278.5,0.10902
474.708,1,278,0.109024
475.574,1,277.5,0.109027
476.44,1,277,0.109031
477.306,1,276.5,0.109034
478.172,1,276,0.109037
479.038,1,275.5,0.109039
479.904,1,275,0.109042
480.77,1,274.5,0.109044
481.636,1,274,0.109047
482.502,1,273.5,0.109049
483.368,1,273,0.109052
484.234,1,272.5,0.109054
485.1,1,272,0.109056
485.966,1,271.5,0.109058
486.832,1,271,0.109061
487.698,1,270.5,0.109063
488.564,1,270,0.109065
489.43,1,269.5,0.109067
490.296,1,269,0.109069
491.162,1,268.5,0.10907
492.028,1,268,0.109072
492.894,1,267.5,0.109074
493.76,1,267,0.109076
494.626,1,266.5,0.109077
495.492,1,266,0.109079
496.358,1,265.5,0.109081
497.224,1,265,0.109082
498.09,1,264.5,0.109084
498.956,1,264,0.109085
499.822,1,263.5,0.109086
500.688,1,263,0.109087
501.554,1,262.5,0.109088
502.42,1,262,0.10909
503.286,1,261.5,0.109091
504.153,1,261,0.109092
505.019,1,260.5,0.109093
505.885,1,260,0.109094
506.751,1,259.5,0.109095
507.617,1,259,0.109096
508.483,1,258.5,0.109097
509.349,1,258,0.109098
510.215,1,257.5,0.109099
511.081,1,257,0.1091
511.947,1,256.5,0.109101
512.813,1,256,0.109102
513.679,1,255.5,0.109103
514.545,1,255,0.109104
515.411,1,254.5,0.109104
516.277,1,254,0.109105
517.143,1,253.5,0.109106
518.009,1,253,0.109106
518.875,1,252.5,0.109107
519.741,1,252,0.109108
520.607,1,251.5,0.109108
521.473,1,251,0.109109
522.339,1,250.5,0.10911
523.205,1,250,0.10911
524.071,1,249.5,0.109111
524.937,1,249,0.109111
525.803,1,248.5,0.109112
526.669,1,248,0.109112
527.535,1,247.5,0.109113
528.401,1,247,0.109114
529.267,1,246.5,0.109114
530.133,1,246,0.109115
530.999,1,245.5,0.109115
531.865,1,245,0.109116
532.731,1,244.5,0.109116
533.597,1,244,0.109116
534.463,1,243.5,0.109117
535.329,1,243,0.109117
536.195,1,242.5,0.109118
537.061,1,242,0.109118
537.928,1,241.5,0.109118
538.794,1,241,0.109119
539.66,1,240.5,0.109119
540.526,1,240,0.109119
541.392,1,239.5,0.10912
542.258,1,239,0.10912
543.124,1,238.5,0.10912
543.99,1,238,0.109121
544.856,1,237.5,0.109121
545.722,1,237,0.109121
546.588,1,236.5,0.109121
547.454,1,236,0.109122
548.32,1,235.5,0.109122
549.186,1,235,0.109122
550.052,1,234.5,0.109123
550.918,1,234,0.109123
551.784,1,233.5,0.109123
552.65,1,233,0.109123
553.516,1,232.5,0.109124
554.382,1,232,0.109124
555.248,1,231.5,0.109124
556.114,1,231,0.109124
556.98,1,230.5,0.109124
557.846,1,230,0.109125
558.712,1,229.5,0.109125
559.578,1,229,0.109125
560.444,1,228.5,0.109125
561.31,1,228,0.109125
562.176,1,227.5,0.109126
563.042,1,227,0.109126
563.908,1,226.5,0.109126
564.774,1,226,0.109126
565.64,1,225.5,0.109126
566.506,1,225,0.109126
567.372,1,224.5,0.109127
568.238,1,224,0.109127
569.104,1,223.5,0.109127
569.97,1,223,0.109127
570.836,1,222.5,0.109127
571.703,1,222,0.109127
572.569,1,221.5,0.109127
573.435,1,221,0.109128
574.301,1,220.5,0.109128
575.167,1,220,0.109128
576.033,1,219.5,0.109128
576.899,1,219,0.109128
577.765,1,218.5,0.109128
578.631,1,218,0.109128
579.497,1,217.5,0.109128
580.363,1,217,0.109128
581.229,1,216.5,0.109128
582.095,1,216,0.109129
582.961,1,215.5,0.109129
583.827,1,215,0.109129
584.693,1,214.5,0.109129
585.559,1,214,0.109129
586.425,1,213.5,0.109129
587.291,1,213,0.109129
588.157,1,212.5,0.109129
589.023,1,212,0.109129
589.889,1,211.5,0.109129
590.755,1,211,0.109129
591.621,1,210.5,0.109129
592.487,1,210,0.109129
593.353,1,209.5,0.109129
594.219,1,209,0.10913
595.085,1,208.5,0.10913
595.951,1,208,0.10913
596.817,1,207.5,0.10913
597.683,1,207,0.10913
598.549,1,206.5,0.10913
599.415,1,206,0.10913
600.281,1,205.5,0.10913
601.147,1,205,0.10913
602.013,1,204.5,0.10913
602.879,1,204,0.10913
603.745,1,203.5,0.10913
604.611,1,203,0.10913
605.477,1,202.5,0.10913
606.344,1,202,0.10913
607.21,1,201.5,0.10913
608.076,1,201,0.10913
608.942,1,200.5,0.10913
609.808,1,200,0.10913
