x,y,z,b
90.1924,1,500,0.109063
91.0584,1,499.5,0.109062
91.9244,1,499,0.109061
92.7905,1,498.5,0.10906
93.6565,1,498,0.109059
94.5225,1,497.5,0.109058
95.3885,1,497,0.109057
96.2546,1,496.5,0.109056
97.1206,1,496,0.109055
97.9866,1,495.5,0.109054
98.8526,1,495,0.109052
99.7187,1,494.5,0.109051
100.585,1,494,0.109049
101.451,1,493.5,0.109048
102.317,1,493,0.109046
103.183,1,492.5,0.109044
104.049,1,492,0.109042
104.915,1,491.5,0.10904
105.781,1,491,0.109039
106.647,1,490.5,0.109037
107.513,1,490,0.109034
108.379,1,489.5,0.109032
109.245,1,489,0.10903
110.111,1,488.5,0.109028
110.977,1,488,0.109025
111.843,1,487.5,0.109023
112.709,1,487,0.10902
113.575,1,486.5,0.109018
114.441,1,486,0.109015
115.307,1,485.5,0.109012
116.173,1,485,0.109009
117.039,1,484.5,0.109006
117.905,1,484,0.109003
118.771,1,483.5,0.109
119.637,1,483,0.108997
120.503,1,482.5,0.108994
121.369,1,482,0.108991
122.235,1,481.5,0.108987
123.101,1,481,0.108984
123.967,1,480.5,0.10898
124.833,1,480,0.108976
125.699,1,479.5,0.108973
126.565,1,479,0.108969
127.431,1,478.5,0.108965
128.297,1,478,0.108961
129.164,1,477.5,0.108956
130.03,1,477,0.108952
130.896,1,476.5,0.108947
131.762,1,476,0.108943
132.628,1,475.5,0.108938
133.494,1,475,0.108933
134.36,1,474.5,0.108928
135.226,1,474,0.108923
136.092,1,473.5,0.108917
136.958,1,473,0.108912
137.824,1,472.5,0.108906
138.69,1,472,0.108901
139.556,1,471.5,0.108895
140.422,1,471,0.108889
141.288,1,470.5,0.108882
142.154,1,470,0.108876
143.02,1,469.5,0.108869
143.886,1,469,0.108862
144.752,1,468.5,0.108856
145.618,1,468,0.108848
146.484,1,467.5,0.10884
147.35,1,467,0.108832
148.216,1,466.5,0.108824
149.082,1,466,0.108816
149.948,1,465.5,0.108808
150.814,1,465,0.108799
151.68,1,464.5,0.10879
152.546,1,464,0.108781
153.412,1,463.5,0.108771
154.278,1,463,0.108761
155.144,1,462.5,0.108752
156.01,1,462,0.108742
156.876,1,461.5,0.10873
157.742,1,461,0.108719
158.608,1,460.5,0.108707
159.474,1,460,0.108696
160.34,1,459.5,0.108684
161.206,1,459,0.108673
162.072,1,458.5,0.108659
162.939,1,458,0.108645
163.805,1,457.5,0.108632
164.671,1,457,0.108618
165.537,1,456.5,0.108604
166.403,1,456,0.10859
167.269,1,455.5,0.108574
168.135,1,455,0.108557
169.001,1,454.5,0.10854
169.867,1,454,0.108523
170.733,1,453.5,0.108506
171.599,1,453,0.108489
172.465,1,452.5,0.108471
173.331,1,452,0.108451
174.197,1,451.5,0.10843
175.063,1,451,0.10841
175.929,1,450.5,0.10839
176.795,1,450,0.108369
177.661,1,449.5,0.108349
178.527,1,449,0.108324
179.393,1,448.5,0.108299
180.259,1,448,0.108274
181.125,1,447.5,0.108249
181.991,1,447,0.108223
182.857,1,446.5,0.108197
183.723,1,446,0.108169
184.589,1,445.5,0.108138
185.455,1,445,0.108108
186.321,1,444.5,0.108077
187.187,1,444,0.108046
188.053,1,443.5,0.108015
188.919,1,443,0.107982
189.785,1,442.5,0.107945
190.651,1,442,0.107907
191.517,1,441.5,0.107868
192.383,1,441,0.10783
193.249,1,440.5,0.107791
194.115,1,440,0.107752
194.981,1,439.5,0.107707
195.847,1,439,0.10766
196.714,1,438.5,0.107614
197.58,1,438,0.107567
198.446,1,437.5,0.107519
199.312,1,437,0.107472
200.178,1,436.5,0.107417
201.044,1,436,0.107359
201.91,1,435.5,0.1073
202.776,1,435,0.107241
203.642,1,434.5,0.107181
204.508,1,434,0.107121
205.374,1,433.5,0.107057
206.24,1,433,0.106985
207.106,1,432.5,0.106913
207.972,1,432,0.10684
208.838,1,431.5,0.106766
209.704,1,431,0.106691
210.57,1,430.5,0.106615
211.436,1,430,0.106524
212.302,1,429.5,0.106432
213.168,1,429,0.10634
214.034,1,428.5,0.106248
214.9,1,428,0.106155
215.766,1,427.5,0.106061
216.632,1,427,0.105953
217.498,1,426.5,0.105839
218.364,1,426,0.105724
219.23,1,425.5,0.105608
220.096,1,425,0.105491
220.962,1,424.5,0.105373
221.828,1,424,0.105243
222.694,1,423.5,0.105098
223.56,1,423,0.104952
224.426,1,422.5,0.104804
225.292,1,422,0.104655
226.158,1,421.5,0.104505
227.024,1,421,0.10435
227.89,1,420.5,0.104167
228.756,1,420,0.103982
229.622,1,419.5,0.103794
230.488,1,419,0.103605
231.355,1,418.5,0.103414
232.221,1,418,0.103224
233.087,1,417.5,0.103002
233.953,1,417,0.102767
234.819,1,416.5,0.10253
235.685,1,416,0.102291
236.551,1,415.5,0.10205
237.417,1,415,0.101806
238.283,1,414.5,0.101537
239.149,1,414,0.101239
240.015,1,413.5,0.100938
240.881,1,413,0.100633
241.747,1,412.5,0.100328
242.613,1,412,0.10002
243.479,1,411.5,0.0997003
244.345,1,411,0.0993274
245.211,1,410.5,0.0989502
246.077,1,410,0.0985688
246.943,1,409.5,0.0981832
247.809,1,409,0.0977934
248.675,1,408.5,0.0973993
249.541,1,408,0.096937
250.407,1,407.5,0.0964537
251.273,1,407,0.0959652
252.139,1,406.5,0.0954665
253.005,1,406,0.0949569
253.871,1,405.5,0.0944365
254.737,1,405,0.0938532
255.603,1,404.5,0.093212
256.469,1,404,0.0925645
257.335,1,403.5,0.0919104
258.201,1,403,0.0912499
259.067,1,402.5,0.0905829
259.933,1,402,0.0900386
260.799,1,401.5,0.0901013
261.665,1,401,0.0902294
262.531,1,400.5,0.0904191
263.397,1,400,0.0906706
264.263,1,399.5,0.0909836
265.13,1,399,0.0913584
265.996,1,398.5,0.0930886
266.862,1,398,0.0951292
267.728,1,397.5,0.0973066
268.594,1,397,0.0996209
269.46,1,396.5,0.102072
270.326,1,396,0.104711
271.192,1,395.5,0.10951
272.058,1,395,0.116758
272.924,1,394.5,0.125116
273.79,1,394,0.134585
274.656,1,393.5,0.145164
275.522,1,393,0.156854
276.388,1,392.5,0.172644
277.254,1,392,0.198437
278.12,1,391.5,0.225167
278.986,1,391,0.252819
279.852,1,390.5,0.279511
280.718,1,390,0.30449
281.584,1,389.5,0.327758
282.45,1,389,0.333908
283.316,1,388.5,0.338212
284.182,1,388,0.341777
285.048,1,387.5,0.344605
285.914,1,387,0.346695
286.78,1,386.5,0.348047
287.646,1,386,0.347551
288.512,1,385.5,0.346139
289.378,1,385,0.344559
290.244,1,384.5,0.343015
291.11,1,384,0.341506
291.976,1,383.5,0.340034
292.842,1,383,0.338782
293.708,1,382.5,0.337989
294.574,1,382,0.337238
295.44,1,381.5,0.33653
296.306,1,381,0.335865
297.172,1,380.5,0.335242
298.038,1,380,0.334678
298.905,1,379.5,0.334213
299.771,1,379,0.333765
300.637,1,378.5,0.333333
301.503,1,378,0.332917
302.369,1,377.5,0.332517
303.235,1,377,0.332134
304.101,1,376.5,0.332095
304.967,1,376,0.332208
305.833,1,375.5,0.332312
306.699,1,375,0.332407
307.565,1,374.5,0.332521
308.431,1,374,0.33271
309.297,1,373.5,0.332937
310.163,1,373,0.333283
311.029,1,372.5,0.333633
311.895,1,372,0.333988
312.761,1,371.5,0.334347
313.627,1,371,0.33471
314.493,1,370.5,0.335077
315.359,1,370,0.335441
316.225,1,369.5,0.335826
317.091,1,369,0.336142
317.957,1,368.5,0.336176
318.823,1,368,0.33612
319.689,1,367.5,0.335974
320.555,1,367,0.335599
321.421,1,366.5,0.335043
322.287,1,366,0.334352
323.153,1,365.5,0.333526
324.019,1,365,0.332564
324.885,1,364.5,0.331466
325.751,1,364,0.329587
326.617,1,363.5,0.325477
327.483,1,363,0.31877
328.349,1,362.5,0.311393
329.215,1,362,0.303345
330.081,1,361.5,0.294627
330.947,1,361,0.285068
331.813,1,360.5,0.273941
332.679,1,360,0.263244
333.546,1,359.5,0.252977
334.412,1,359,0.243139
335.278,1,358.5,0.233732
336.144,1,358,0.228818
337.01,1,357.5,0.232602
337.876,1,357,0.236423
338.742,1,356.5,0.239529
339.608,1,356,0.241919
340.474,1,355.5,0.243593
341.34,1,355,0.244552
342.206,1,354.5,0.245842
343.072,1,354,0.247384
343.938,1,353.5,0.247935
344.804,1,353,0.247495
345.67,1,352.5,0.243068
346.536,1,352,0.234091
347.402,1,351.5,0.228047
348.268,1,351,0.239041
349.134,1,350.5,0.241992
350,1,350,0.236901
350.866,1,349.5,0.223766
351.732,1,349,0.202589
352.598,1,348.5,0.17337
353.464,1,348,0.134521
354.33,1,347.5,0.101488
355.196,1,347,0.0883386
356.062,1,346.5,0.0883799
356.928,1,346,0.0889286
357.794,1,345.5,0.0899847
358.66,1,345,0.0953032
359.526,1,344.5,0.103199
360.392,1,344,0.109916
361.258,1,343.5,0.115454
362.124,1,343,0.119812
362.99,1,342.5,0.122991
363.856,1,342,0.124665
364.722,1,341.5,0.124461
365.588,1,341,0.12411
366.454,1,340.5,0.123721
367.321,1,340,0.123296
368.187,1,339.5,0.122835
369.053,1,339,0.122337
369.919,1,338.5,0.121909
370.785,1,338,0.121575
371.651,1,337.5,0.121327
372.517,1,337,0.121167
373.383,1,336.5,0.121095
374.249,1,336,0.121293
375.115,1,335.5,0.121621
375.981,1,335,0.121954
376.847,1,334.5,0.122273
377.713,1,334,0.122576
378.579,1,333.5,0.122864
379.445,1,333,0.123136
380.311,1,332.5,0.123395
381.177,1,332,0.123642
382.043,1,331.5,0.123873
382.909,1,331,0.124088
383.775,1,330.5,0.124275
384.641,1,330,0.124452
385.507,1,329.5,0.124627
386.373,1,329,0.124752
387.239,1,328.5,0.124876
388.105,1,328,0.125002
388.971,1,327.5,0.12513
389.837,1,327,0.12526
390.703,1,326.5,0.125391
391.569,1,326,0.125469
392.435,1,325.5,0.125518
393.301,1,325,0.125574
394.167,1,324.5,0.125629
395.033,1,324,0.12568
395.899,1,323.5,0.125728
396.765,1,323,0.12575
397.631,1,322.5,0.125726
398.497,1,322,0.125703
399.363,1,321.5,0.125682
400.229,1,321,0.125662
401.095,1,320.5,0.125644
401.962,1,320,0.125627
402.828,1,319.5,0.125582
403.694,1,319,0.125537
404.56,1,318.5,0.125491
405.426,1,318,0.125446
406.292,1,317.5,0.1254
407.158,1,317,0.125353
408.024,1,316.5,0.125297
408.89,1,316,0.125234
409.756,1,315.5,0.125171
410.622,1,315,0.125107
411.488,1,314.5,0.125042
412.354,1,314,0.124983
413.22,1,313.5,0.124921
414.086,1,313,0.124854
414.952,1,312.5,0.124783
415.818,1,312,0.124709
416.684,1,311.5,0.124631
417.55,1,311,0.12455
418.416,1,310.5,0.124465
419.282,1,310,0.124372
420.148,1,309.5,0.124274
421.014,1,309,0.124171
421.88,1,308.5,0.12408
422.746,1,308,0.123986
423.612,1,307.5,0.123889
424.478,1,307,0.123785
425.344,1,306.5,0.123675
426.21,1,306,0.123561
427.076,1,305.5,0.123443
427.942,1,305,0.123321
428.808,1,304.5,0.123194
429.674,1,304,0.123059
430.54,1,303.5,0.122915
431.406,1,303,0.122789
432.272,1,302.5,0.122659
433.138,1,302,0.122525
434.004,1,301.5,0.122388
434.87,1,301,0.122245
435.737,1,300.5,0.122087
436.603,1,300,0.121925
437.469,1,299.5,0.12176
438.335,1,299,0.121591
439.201,1,298.5,0.121418
440.067,1,298,0.121244
440.933,1,297.5,0.121079
441.799,1,297,0.120907
442.665,1,296.5,0.120733
443.531,1,296,0.120556
444.397,1,295.5,0.120377
445.263,1,295,0.120194
446.129,1,294.5,0.120001
446.995,1,294,0.119796
447.861,1,293.5,0.11959
448.727,1,293,0.119381
449.593,1,292.5,0.119176
450.459,1,292,0.118997
451.325,1,291.5,0.118813
452.191,1,291,0.118613
453.057,1,290.5,0.118412
453.923,1,290,0.11821
454.789,1,289.5,0.118007
455.655,1,289,0.117803
456.521,1,288.5,0.117598
457.387,1,288,0.117378
458.253,1,287.5,0.117155
459.119,1,287,0.11694
459.985,1,286.5,0.116752
460.851,1,286,0.116563
461.717,1,285.5,0.116375
462.583,1,285,0.116178
463.449,1,284.5,0.115974
464.315,1,284,0.115771
465.181,1,283.5,0.115569
466.047,1,283,0.115367
466.913,1,282.5,0.115166
467.779,1,282,0.114963
468.645,1,281.5,0.114761
469.512,1,281,0.114586
470.378,1,280.5,0.114412
471.244,1,280,0.114239
472.11,1,279.5,0.114067
472.976,1,279,0.113896
473.842,1,278.5,0.113718
474.708,1,278,0.11354
475.574,1,277.5,0.113364
476.44,1,277,0.11319
477.306,1,276.5,0.113018
478.172,1,276,0.112857
479.038,1,275.5,0.112713
479.904,1,275,0.112568
480.77,1,274.5,0.112424
481.636,1,274,0.112283
482.502,1,273.5,0.112144
483.368,1,273,0.112007
484.234,1,272.5,0.111871
485.1,1,272,0.111733
485.966,1,271.5,0.111598
486.832,1,271,0.111465
487.698,1,270.5,0.111342
488.564,1,270,0.111232
489.43,1,269.5,0.111124
490.296,1,269,0.111017
491.162,1,268.5,0.110912
492.028,1,268,0.110809
492.894,1,267.5,0.110708
493.76,1,267,0.11061
494.626,1,266.5,0.110513
495.492,1,266,0.110419
496.358,1,265.5,0.110327
497.224,1,265,0.110243
498.09,1,264.5,0.110168
498.956,1,264,0.110095
499.822,1,263.5,0.110024
500.688,1,263,0.109955
501.554,1,262.5,0.109889
502.42,1,262,0.109824
503.286,1,261.5,0.109762
504.153,1,261,0.109701
505.019,1,260.5,0.109642
505.885,1,260,0.109585
506.751,1,259.5,0.109535
507.617,1,259,0.10949
508.483,1,258.5,0.109446
509.349,1,258,0.109403
510.215,1,257.5,0.109361
511.081,1,257,0.109321
511.947,1,256.5,0.109283
512.813,1,256,0.109248
513.679,1,255.5,0.109214
514.545,1,255,0.109181
515.411,1,254.5,0.109149
516.277,1,254,0.109121
517.143,1,253.5,0.109097
518.009,1,253,0.109076
518.875,1,252.5,0.109055
519.741,1,252,0.109035
520.607,1,251.5,0.109016
521.473,1,251,0.108998
522.339,1,250.5,0.10898
523.205,1,250,0.108966
524.071,1,249.5,0.108953
524.937,1,249,0.10894
525.803,1,248.5,0.108929
526.669,1,248,0.108918
527.535,1,247.5,0.108908
528.401,1,247,0.1089
529.267,1,246.5,0.108893
530.133,1,246,0.108887
530.999,1,245.5,0.108881
531.865,1,245,0.108875
532.731,1,244.5,0.10887
533.597,1,244,0.108866
534.463,1,243.5,0.108863
535.329,1,243,0.108862
536.195,1,242.5,0.108861
537.061,1,242,0.10886
537.928,1,241.5,0.108859
538.794,1,241,0.108858
539.66,1,240.5,0.108859
540.526,1,240,0.10886
541.392,1,239.5,0.108862
542.258,1,239,0.108863
543.124,1,238.5,0.108864
543.99,1,238,0.108865
544.856,1,237.5,0.108867
545.722,1,237,0.10887
546.588,1,236.5,0.108872
547.454,1,236,0.108874
548.32,1,235.5,0.108876
549.186,1,235,0.108879
550.052,1,234.5,0.108881
550.918,1,234,0.108885
551.784,1,233.5,0.108888
552.65,1,233,0.108891
553.516,1,232.5,0.108894
554.382,1,232,0.108897
555.248,1,231.5,0.1089
556.114,1,231,0.108903
556.98,1,230.5,0.108907
557.846,1,230,0.10891
558.712,1,229.5,0.108913
559.578,1,229,0.108917
560.444,1,228.5,0.10892
561.31,1,228,0.108924
562.176,1,227.5,0.108928
563.042,1,227,0.108932
563.908,1,226.5,0.108935
564.774,1,226,0.108938
565.64,1,225.5,0.108942
566.506,1,225,0.108945
567.372,1,224.5,0.108949
568.238,1,224,0.108953
569.104,1,223.5,0.108956
569.97,1,223,0.10896
570.836,1,222.5,0.108963
571.703,1,222,0.108967
572.569,1,221.5,0.108971
573.435,1,221,0.108974
574.301,1,220.5,0.108977
575.167,1,220,0.108981
576.033,1,219.5,0.108984
576.899,1,219,0.108987
577.765,1,218.5,0.108991
578.631,1,218,0.108994
579.497,1,217.5,0.108997
580.363,1,217,0.109001
581.229,1,216.5,0.109004
582.095,1,216,0.109007
582.961,1,215.5,0.10901
583.827,1,215,0.109013
584.693,1,214.5,0.109017
585.559,1,214,0.10902
586.425,1,213.5,0.109023
587.291,1,213,0.109026
588.157,1,212.5,0.109029
589.023,1,212,0.109032
589.889,1,211.5,0.109035
590.755,1,211,0.109038
591.621,1,210.5,0.109041
592.487,1,210,0.109043
593.353,1,209.5,0.109046
594.219,1,209,0.109049
595.085,1,208.5,0.109051
595.951,1,208,0.109054
596.817,1,207.5,0.109057
597.683,1,207,0.109059
598.549,1,206.5,0.109062
599.415,1,206,0.109064
600.281,1,205.5,0.109067
601.147,1,205,0.109069
602.013,1,204.5,0.109072
602.879,1,204,0.109074
603.745,1,203.5,0.109076
604.611,1,203,0.109079
605.477,1,202.5,0.109081
606.344,1,202,0.109083
607.21,1,201.5,0.109086
608.076,1,201,0.109088
608.942,1,200.5,0.10909
609.808,1,200,0.109093
