x,y,z,b
90.1924,1,500,0.104448
91.0584,1,499.5,0.104473
91.9244,1,499,0.104498
92.7905,1,498.5,0.104524
93.6565,1,498,0.10455
94.5225,1,497.5,0.104577
95.3885,1,497,0.104604
96.2546,1,496.5,0.104622
97.1206,1,496,0.104636
97.9866,1,495.5,0.104651
98.8526,1,495,0.104667
99.7187,1,494.5,0.104683
100.585,1,494,0.1047
101.451,1,493.5,0.104716
102.317,1,493,0.104727
103.183,1,492.5,0.104739
104.049,1,492,0.104752
104.915,1,491.5,0.104765
105.781,1,491,0.104779
106.647,1,490.5,0.104794
107.513,1,490,0.104814
108.379,1,489.5,0.104834
109.245,1,489,0.104856
110.111,1,488.5,0.10488
110.977,1,488,0.104904
111.843,1,487.5,0.104929
112.709,1,487,0.104965
113.575,1,486.5,0.105007
114.441,1,486,0.10505
115.307,1,485.5,0.105094
116.173,1,485,0.105139
117.039,1,484.5,0.105186
117.905,1,484,0.10524
118.771,1,483.5,0.10531
119.637,1,483,0.105381
120.503,1,482.5,0.105454
121.369,1,482,0.105527
122.235,1,481.5,0.105602
123.101,1,481,0.10568
123.967,1,480.5,0.105778
124.833,1,480,0.105878
125.699,1,479.5,0.10598
126.565,1,479,0.106083
127.431,1,478.5,0.106187
128.297,1,478,0.106294
129.164,1,477.5,0.106417
130.03,1,477,0.106546
130.896,1,476.5,0.106677
131.762,1,476,0.106809
132.628,1,475.5,0.106943
133.494,1,475,0.107079
134.36,1,474.5,0.107224
135.226,1,474,0.107381
136.092,1,473.5,0.10754
136.958,1,473,0.1077
137.824,1,472.5,0.107864
138.69,1,472,0.10803
139.556,1,471.5,0.108199
140.422,1,471,0.108384
141.288,1,470.5,0.10857
142.154,1,470,0.108758
143.02,1,469.5,0.108949
143.886,1,469,0.109141
144.752,1,468.5,0.109335
145.618,1,468,0.109541
146.484,1,467.5,0.109753
147.35,1,467,0.109967
148.216,1,466.5,0.110183
149.082,1,466,0.1104
149.948,1,465.5,0.11062
150.814,1,465,0.110846
151.68,1,464.5,0.111078
152.546,1,464,0.111312
153.412,1,463.5,0.111548
154.278,1,463,0.111786
155.144,1,462.5,0.112025
156.01,1,462,0.112268
156.876,1,461.5,0.112517
157.742,1,461,0.112768
158.608,1,460.5,0.113021
159.474,1,460,0.113276
160.34,1,459.5,0.113533
161.206,1,459,0.113791
162.072,1,458.5,0.114049
162.939,1,458,0.114309
163.805,1,457.5,0.11457
164.671,1,457,0.114833
165.537,1,456.5,0.115096
166.403,1,456,0.11536
167.269,1,455.5,0.115621
168.135,1,455,0.11588
169.001,1,454.5,0.11614
169.867,1,454,0.116401
170.733,1,453.5,0.116664
171.599,1,453,0.116928
172.465,1,452.5,0.11719
173.331,1,452,0.117443
174.197,1,451.5,0.117696
175.063,1,451,0.117951
175.929,1,450.5,0.118206
176.795,1,450,0.118462
177.661,1,449.5,0.118719
178.527,1,449,0.118961
179.393,1,448.5,0.119202
180.259,1,448,0.119445
181.125,1,447.5,0.119689
181.991,1,447,0.119934
182.857,1,446.5,0.12018
183.723,1,446,0.120417
184.589,1,445.5,0.120646
185.455,1,445,0.120875
186.321,1,444.5,0.121106
187.187,1,444,0.12134
188.053,1,443.5,0.121575
188.919,1,443,0.121813
189.785,1,442.5,0.122051
190.651,1,442,0.122293
191.517,1,441.5,0.122539
192.383,1,441,0.122788
193.249,1,440.5,0.123041
194.115,1,440,0.123298
194.981,1,439.5,0.123561
195.847,1,439,0.123831
196.714,1,438.5,0.124106
197.58,1,438,0.124387
198.446,1,437.5,0.124674
199.312,1,437,0.124967
200.178,1,436.5,0.125283
201.044,1,436,0.125616
201.91,1,435.5,0.125958
202.776,1,435,0.126309
203.642,1,434.5,0.126669
204.508,1,434,0.127039
205.374,1,433.5,0.127438
206.24,1,433,0.127887
207.106,1,432.5,0.128351
207.972,1,432,0.128829
208.838,1,431.5,0.129322
209.704,1,431,0.12983
210.57,1,430.5,0.130355
211.436,1,430,0.130995
212.302,1,429.5,0.131656
213.168,1,429,0.132337
214.034,1,428.5,0.133037
214.9,1,428,0.133757
215.766,1,427.5,0.134497
216.632,1,427,0.135355
217.498,1,426.5,0.136282
218.364,1,426,0.13724
219.23,1,425.5,0.13823
220.096,1,425,0.139251
220.962,1,424.5,0.140304
221.828,1,424,0.141488
222.694,1,423.5,0.142871
223.56,1,423,0.144298
224.426,1,422.5,0.145768
225.292,1,422,0.147282
226.158,1,421.5,0.148839
227.024,1,421,0.150438
227.89,1,420.5,0.152065
228.756,1,420,0.153723
229.622,1,419.5,0.155412
230.488,1,419,0.157133
231.355,1,418.5,0.158885
232.221,1,418,0.160342
233.087,1,417.5,0.16093
233.953,1,417,0.161247
234.819,1,416.5,0.161498
235.685,1,416,0.161684
236.551,1,415.5,0.161804
237.417,1,415,0.161858
238.283,1,414.5,0.161973
239.149,1,414,0.162278
240.015,1,413.5,0.162658
240.881,1,413,0.163115
241.747,1,412.5,0.163902
242.613,1,412,0.164959
243.479,1,411.5,0.166299
244.345,1,411,0.168222
245.211,1,410.5,0.170256
246.077,1,410,0.172399
246.943,1,409.5,0.174652
247.809,1,409,0.177014
248.675,1,408.5,0.179487
249.541,1,408,0.180873
250.407,1,407.5,0.181947
251.273,1,407,0.18269
252.139,1,406.5,0.183404
253.005,1,406,0.184143
253.871,1,405.5,0.184908
254.737,1,405,0.185447
255.603,1,404.5,0.185753
256.469,1,404,0.186065
257.335,1,403.5,0.186381
258.201,1,403,0.186702
259.067,1,402.5,0.187028
259.933,1,402,0.187328
260.799,1,401.5,0.18757
261.665,1,401,0.187807
262.531,1,400.5,0.188032
263.397,1,400,0.188243
264.263,1,399.5,0.188442
265.13,1,399,0.188628
265.996,1,398.5,0.188193
266.862,1,398,0.187696
267.728,1,397.5,0.187223
268.594,1,397,0.186774
269.46,1,396.5,0.18635
270.326,1,396,0.185792
271.192,1,395.5,0.184881
272.058,1,395,0.183792
272.924,1,394.5,0.182806
273.79,1,394,0.181923
274.656,1,393.5,0.181143
275.522,1,393,0.180467
276.388,1,392.5,0.179936
277.254,1,392,0.179542
278.12,1,391.5,0.1791
278.986,1,391,0.178601
279.852,1,390.5,0.177842
280.718,1,390,0.177163
281.584,1,389.5,0.176563
282.45,1,389,0.177101
283.316,1,388.5,0.177661
284.182,1,388,0.178166
285.048,1,387.5,0.178614
285.914,1,387,0.179007
286.78,1,386.5,0.179345
287.646,1,386,0.180354
288.512,1,385.5,0.181703
289.378,1,385,0.183023
290.244,1,384.5,0.184201
291.11,1,384,0.185237
291.976,1,383.5,0.186132
292.842,1,383,0.18703
293.708,1,382.5,0.188144
294.574,1,382,0.189157
295.44,1,381.5,0.190068
296.306,1,381,0.190878
297.172,1,380.5,0.191586
298.038,1,380,0.192233
298.905,1,379.5,0.193688
299.771,1,379,0.195076
300.637,1,378.5,0.19639
301.503,1,378,0.19763
302.369,1,377.5,0.198796
303.235,1,377,0.199888
304.101,1,376.5,0.201233
304.967,1,376,0.202757
305.833,1,375.5,0.204319
306.699,1,375,0.20592
307.565,1,374.5,0.207515
308.431,1,374,0.208906
309.297,1,373.5,0.210099
310.163,1,373,0.21116
311.029,1,372.5,0.212348
311.895,1,372,0.213661
312.761,1,371.5,0.215101
313.627,1,371,0.216667
314.493,1,370.5,0.21827
315.359,1,370,0.218217
316.225,1,369.5,0.21846
317.091,1,369,0.218798
317.957,1,368.5,0.218861
318.823,1,368,0.219124
319.689,1,367.5,0.219588
320.555,1,367,0.216947
321.421,1,366.5,0.213634
322.287,1,366,0.210916
323.153,1,365.5,0.208794
324.019,1,365,0.207266
324.885,1,364.5,0.206335
325.751,1,364,0.204523
326.617,1,363.5,0.200582
327.483,1,363,0.196696
328.349,1,362.5,0.193165
329.215,1,362,0.189989
330.081,1,361.5,0.187168
330.947,1,361,0.184986
331.813,1,360.5,0.185257
332.679,1,360,0.18517
333.546,1,359.5,0.184726
334.412,1,359,0.183923
335.278,1,358.5,0.182762
336.144,1,358,0.181648
337.01,1,357.5,0.180308
337.876,1,357,0.178363
338.742,1,356.5,0.175969
339.608,1,356,0.173127
340.474,1,355.5,0.169837
341.34,1,355,0.166098
342.206,1,354.5,0.166941
343.072,1,354,0.172058
343.938,1,353.5,0.175504
344.804,1,353,0.177279
345.67,1,352.5,0.178895
346.536,1,352,0.180485
347.402,1,351.5,0.183993
348.268,1,351,0.203739
349.134,1,350.5,0.218766
350,1,350,0.229073
350.866,1,349.5,0.234661
351.732,1,349,0.235529
352.598,1,348.5,0.231677
353.464,1,348,0.220695
354.33,1,347.5,0.211881
355.196,1,347,0.212134
356.062,1,346.5,0.217449
356.928,1,346,0.221672
357.794,1,345.5,0.224803
358.66,1,345,0.225664
359.526,1,344.5,0.225416
360.392,1,344,0.225429
361.258,1,343.5,0.225705
362.124,1,343,0.226242
362.99,1,342.5,0.22704
363.856,1,342,0.228024
364.722,1,341.5,0.229552
365.588,1,341,0.231401
366.454,1,340.5,0.233045
367.321,1,340,0.234486
368.187,1,339.5,0.235722
369.053,1,339,0.236755
369.919,1,338.5,0.237405
370.785,1,338,0.237972
371.651,1,337.5,0.238484
372.517,1,337,0.238941
373.383,1,336.5,0.239343
374.249,1,336,0.239854
375.115,1,335.5,0.240286
375.981,1,335,0.240631
376.847,1,334.5,0.240998
377.713,1,334,0.241388
378.579,1,333.5,0.2418
379.445,1,333,0.242234
380.311,1,332.5,0.242778
381.177,1,332,0.24361
382.043,1,331.5,0.244508
382.909,1,331,0.245473
383.775,1,330.5,0.246533
384.641,1,330,0.247549
385.507,1,329.5,0.248489
386.373,1,329,0.248887
387.239,1,328.5,0.249385
388.105,1,328,0.25001
388.971,1,327.5,0.250761
389.837,1,327,0.251639
390.703,1,326.5,0.252644
391.569,1,326,0.252903
392.435,1,325.5,0.25272
393.301,1,325,0.252073
394.167,1,324.5,0.251325
395.033,1,324,0.250614
395.899,1,323.5,0.249941
396.765,1,323,0.249188
397.631,1,322.5,0.248267
398.497,1,322,0.247437
399.363,1,321.5,0.246698
400.229,1,321,0.246051
401.095,1,320.5,0.245496
401.962,1,320,0.245023
402.828,1,319.5,0.243739
403.694,1,319,0.242576
404.56,1,318.5,0.241554
405.426,1,318,0.240671
406.292,1,317.5,0.239929
407.158,1,317,0.239326
408.024,1,316.5,0.239123
408.89,1,316,0.239068
409.756,1,315.5,0.239031
410.622,1,315,0.239009
411.488,1,314.5,0.239004
412.354,1,314,0.239063
413.22,1,313.5,0.239717
414.086,1,313,0.241081
414.952,1,312.5,0.242043
415.818,1,312,0.242604
416.684,1,311.5,0.242764
417.55,1,311,0.242522
418.416,1,310.5,0.240956
419.282,1,310,0.225267
420.148,1,309.5,0.208163
421.014,1,309,0.189645
421.88,1,308.5,0.171206
422.746,1,308,0.154182
423.612,1,307.5,0.13857
424.478,1,307,0.137124
425.344,1,306.5,0.140848
426.21,1,306,0.145436
427.076,1,305.5,0.150887
427.942,1,305,0.157202
428.808,1,304.5,0.16438
429.674,1,304,0.170173
430.54,1,303.5,0.173113
431.406,1,303,0.174991
432.272,1,302.5,0.176624
433.138,1,302,0.17801
434.004,1,301.5,0.17915
434.87,1,301,0.179746
435.737,1,300.5,0.178049
436.603,1,300,0.176321
437.469,1,299.5,0.174563
438.335,1,299,0.172774
439.201,1,298.5,0.170955
440.067,1,298,0.169133
440.933,1,297.5,0.168421
441.799,1,297,0.168007
442.665,1,296.5,0.167698
443.531,1,296,0.167493
444.397,1,295.5,0.167393
445.263,1,295,0.167396
446.129,1,294.5,0.168485
446.995,1,294,0.170691
447.861,1,293.5,0.172998
448.727,1,293,0.175404
449.593,1,292.5,0.177897
450.459,1,292,0.180352
451.325,1,291.5,0.182599
452.191,1,291,0.183853
453.057,1,290.5,0.18499
453.923,1,290,0.186009
454.789,1,289.5,0.186911
455.655,1,289,0.187695
456.521,1,288.5,0.188362
457.387,1,288,0.187001
458.253,1,287.5,0.185239
459.119,1,287,0.183434
459.985,1,286.5,0.181749
460.851,1,286,0.180029
461.717,1,285.5,0.178274
462.583,1,285,0.175809
463.449,1,284.5,0.172738
464.315,1,284,0.169615
465.181,1,283.5,0.16644
466.047,1,283,0.163213
466.913,1,282.5,0.159935
467.779,1,282,0.156836
468.645,1,281.5,0.154459
469.512,1,281,0.152068
470.378,1,280.5,0.14966
471.244,1,280,0.147235
472.11,1,279.5,0.144793
472.976,1,279,0.142335
473.842,1,278.5,0.141066
474.708,1,278,0.139871
475.574,1,277.5,0.13864
476.44,1,277,0.137373
477.306,1,276.5,0.13607
478.172,1,276,0.134721
479.038,1,275.5,0.13366
479.904,1,275,0.132793
480.77,1,274.5,0.131902
481.636,1,274,0.130986
482.502,1,273.5,0.130047
483.368,1,273,0.129083
484.234,1,272.5,0.128136
485.1,1,272,0.127274
485.966,1,271.5,0.126403
486.832,1,271,0.125522
487.698,1,270.5,0.124617
488.564,1,270,0.123684
489.43,1,269.5,0.12275
490.296,1,269,0.121997
491.162,1,268.5,0.12125
492.028,1,268,0.120506
492.894,1,267.5,0.119763
493.76,1,267,0.119023
494.626,1,266.5,0.118285
495.492,1,266,0.11768
496.358,1,265.5,0.117147
497.224,1,265,0.116611
498.09,1,264.5,0.116073
498.956,1,264,0.115539
499.822,1,263.5,0.115009
500.688,1,263,0.114545
501.554,1,262.5,0.114204
502.42,1,262,0.113864
503.286,1,261.5,0.113527
504.153,1,261,0.113191
505.019,1,260.5,0.112857
505.885,1,260,0.112529
506.751,1,259.5,0.112325
507.617,1,259,0.112118
508.483,1,258.5,0.111912
509.349,1,258,0.111708
510.215,1,257.5,0.111506
511.081,1,257,0.111305
511.947,1,256.5,0.111174
512.813,1,256,0.111072
513.679,1,255.5,0.11097
514.545,1,255,0.110869
515.411,1,254.5,0.110768
516.277,1,254,0.110668
517.143,1,253.5,0.110593
518.009,1,253,0.110553
518.875,1,252.5,0.110513
519.741,1,252,0.110473
520.607,1,251.5,0.110433
521.473,1,251,0.110392
522.339,1,250.5,0.110354
523.205,1,250,0.110355
524.071,1,249.5,0.110355
524.937,1,249,0.110355
525.803,1,248.5,0.110357
526.669,1,248,0.110361
527.535,1,247.5,0.110364
528.401,1,247,0.110377
529.267,1,246.5,0.110393
530.133,1,246,0.110408
530.999,1,245.5,0.110422
531.865,1,245,0.110435
532.731,1,244.5,0.110448
533.597,1,244,0.110462
534.463,1,243.5,0.110476
535.329,1,243,0.110493
536.195,1,242.5,0.11051
537.061,1,242,0.110526
537.928,1,241.5,0.110542
538.794,1,241,0.110557
539.66,1,240.5,0.110571
540.526,1,240,0.110584
541.392,1,239.5,0.110596
542.258,1,239,0.110607
543.124,1,238.5,0.110617
543.99,1,238,0.110626
544.856,1,237.5,0.110638
545.722,1,237,0.110651
546.588,1,236.5,0.110663
547.454,1,236,0.110674
548.32,1,235.5,0.110685
549.186,1,235,0.110694
550.052,1,234.5,0.110703
550.918,1,234,0.11071
551.784,1,233.5,0.110715
552.65,1,233,0.110719
553.516,1,232.5,0.110723
554.382,1,232,0.110728
555.248,1,231.5,0.110732
556.114,1,231,0.110734
556.98,1,230.5,0.110735
557.846,1,230,0.110734
558.712,1,229.5,0.110733
559.578,1,229,0.11073
560.444,1,228.5,0.110726
561.31,1,228,0.110719
562.176,1,227.5,0.11071
563.042,1,227,0.1107
563.908,1,226.5,0.110693
564.774,1,226,0.110685
565.64,1,225.5,0.110676
566.506,1,225,0.110664
567.372,1,224.5,0.11065
568.238,1,224,0.110634
569.104,1,223.5,0.110617
569.97,1,223,0.110599
570.836,1,222.5,0.110579
571.703,1,222,0.110557
572.569,1,221.5,0.110532
573.435,1,221,0.110513
574.301,1,220.5,0.110494
575.167,1,220,0.110473
576.033,1,219.5,0.110452
576.899,1,219,0.110429
577.765,1,218.5,0.110403
578.631,1,218,0.110376
579.497,1,217.5,0.110348
580.363,1,217,0.110319
581.229,1,216.5,0.110289
582.095,1,216,0.110259
582.961,1,215.5,0.110235
583.827,1,215,0.110211
584.693,1,214.5,0.110185
585.559,1,214,0.110158
586.425,1,213.5,0.110131
587.291,1,213,0.110102
588.157,1,212.5,0.110072
589.023,1,212,0.110041
589.889,1,211.5,0.110009
590.755,1,211,0.109976
591.621,1,210.5,0.109944
592.487,1,210,0.109918
593.353,1,209.5,0.10989
594.219,1,209,0.109861
595.085,1,208.5,0.109832
595.951,1,208,0.109803
596.817,1,207.5,0.109773
597.683,1,207,0.109743
598.549,1,206.5,0.109713
599.415,1,206,0.10968
600.281,1,205.5,0.109646
601.147,1,205,0.109613
602.013,1,204.5,0.109584
602.879,1,204,0.109555
603.745,1,203.5,0.109527
604.611,1,203,0.109497
605.477,1,202.5,0.109466
606.344,1,202,0.109436
607.21,1,201.5,0.109405
608.076,1,201,0.109376
608.942,1,200.5,0.109346
609.808,1,200,0.109317
