x,y,z,b
90.1924,1,500,0.109142
91.0584,1,499.5,0.109142
91.9244,1,499,0.109143
92.7905,1,498.5,0.109143
93.6565,1,498,0.109143
94.5225,1,497.5,0.109143
95.3885,1,497,0.109143
96.2546,1,496.5,0.109144
97.1206,1,496,0.109144
97.9866,1,495.5,0.109144
98.8526,1,495,0.109144
99.7187,1,494.5,0.109145
100.585,1,494,0.109145
101.451,1,493.5,0.109145
102.317,1,493,0.109145
103.183,1,492.5,0.109146
104.049,1,492,0.109146
104.915,1,491.5,0.109146
105.781,1,491,0.109146
106.647,1,490.5,0.109147
107.513,1,490,0.109147
108.379,1,489.5,0.109147
109.245,1,489,0.109147
110.111,1,488.5,0.109148
110.977,1,488,0.109148
111.843,1,487.5,0.109148
112.709,1,487,0.109149
113.575,1,486.5,0.109149
114.441,1,486,0.109149
115.307,1,485.5,0.109149
116.173,1,485,0.10915
117.039,1,484.5,0.10915
117.905,1,484,0.10915
118.771,1,483.5,0.109151
119.637,1,483,0.109151
120.503,1,482.5,0.109151
121.369,1,482,0.109152
122.235,1,481.5,0.109152
123.101,1,481,0.109152
123.967,1,480.5,0.109153
124.833,1,480,0.109153
125.699,1,479.5,0.109153
126.565,1,479,0.109154
127.431,1,478.5,0.109154
128.297,1,478,0.109154
129.164,1,477.5,0.109155
130.03,1,477,0.109155
130.896,1,476.5,0.109156
131.762,1,476,0.109156
132.628,1,475.5,0.109156
133.494,1,475,0.109157
134.36,1,474.5,0.109157
135.226,1,474,0.109157
136.092,1,473.5,0.109158
136.958,1,473,0.109158
137.824,1,472.5,0.109159
138.69,1,472,0.109159
139.556,1,471.5,0.10916
140.422,1,471,0.10916
141.288,1,470.5,0.10916
142.154,1,470,0.109161
143.02,1,469.5,0.109161
143.886,1,469,0.109162
144.752,1,468.5,0.109162
145.618,1,468,0.109163
146.484,1,467.5,0.109163
147.35,1,467,0.109164
148.216,1,466.5,0.109164
149.082,1,466,0.109164
149.948,1,465.5,0.109165
150.814,1,465,0.109165
151.68,1,464.5,0.109166
152.546,1,464,0.109167
153.412,1,463.5,0.109167
154.278,1,463,0.109168
155.144,1,462.5,0.109168
156.01,1,462,0.109169
156.876,1,461.5,0.109169
157.742,1,461,0.10917
158.608,1,460.5,0.10917
159.474,1,460,0.109171
160.34,1,459.5,0.109172
161.206,1,459,0.109172
162.072,1,458.5,0.109173
162.939,1,458,0.109173
163.805,1,457.5,0.109174
164.671,1,457,0.109175
165.537,1,456.5,0.109175
166.403,1,456,0.109176
167.269,1,455.5,0.109177
168.135,1,455,0.109177
169.001,1,454.5,0.109178
169.867,1,454,0.109179
170.733,1,453.5,0.10918
171.599,1,453,0.10918
172.465,1,452.5,0.109181
173.331,1,452,0.109182
174.197,1,451.5,0.109183
175.063,1,451,0.109183
175.929,1,450.5,0.109184
176.795,1,450,0.109185
177.661,1,449.5,0.109186
178.527,1,449,0.109187
179.393,1,448.5,0.109188
180.259,1,448,0.109188
181.125,1,447.5,0.109189
181.991,1,447,0.10919
182.857,1,446.5,0.109191
183.723,1,446,0.109192
184.589,1,445.5,0.109193
185.455,1,445,0.109194
186.321,1,444.5,0.109195
187.187,1,444,0.109196
188.053,1,443.5,0.109197
188.919,1,443,0.109198
189.785,1,442.5,0.1092
190.651,1,442,0.109201
191.517,1,441.5,0.109202
192.383,1,441,0.109203
193.249,1,440.5,0.109204
194.115,1,440,0.109206
194.981,1,439.5,0.109207
195.847,1,439,0.109208
196.714,1,438.5,0.109209
197.58,1,438,0.109211
198.446,1,437.5,0.109212
199.312,1,437,0.109214
200.178,1,436.5,0.109215
201.044,1,436,0.109216
201.91,1,435.5,0.109218
202.776,1,435,0.109219
203.642,1,434.5,0.109221
204.508,1,434,0.109223
205.374,1,433.5,0.109224
206.24,1,433,0.109226
207.106,1,432.5,0.109228
207.972,1,432,0.10923
208.838,1,431.5,0.109231
209.704,1,431,0.109233
210.57,1,430.5,0.109235
211.436,1,430,0.109237
212.302,1,429.5,0.109239
213.168,1,429,0.109241
214.034,1,428.5,0.109243
214.9,1,428,0.109245
215.766,1,427.5,0.109247
216.632,1,427,0.10925
217.498,1,426.5,0.109252
218.364,1,426,0.109254
219.23,1,425.5,0.109256
220.096,1,425,0.109259
220.962,1,424.5,0.109261
221.828,1,424,0.109264
222.694,1,423.5,0.109266
223.56,1,423,0.109269
224.426,1,422.5,0.109272
225.292,1,422,0.109274
226.158,1,421.5,0.109277
227.024,1,421,0.10928
227.89,1,420.5,0.109283
228.756,1,420,0.109287
229.622,1,419.5,0.10929
230.488,1,419,0.109293
231.355,1,418.5,0.109296
232.221,1,418,0.1093
233.087,1,417.5,0.109303
233.953,1,417,0.109306
234.819,1,416.5,0.10931
235.685,1,416,0.109313
236.551,1,415.5,0.109317
237.417,1,415,0.109321
238.283,1,414.5,0.109324
239.149,1,414,0.109328
240.015,1,413.5,0.109332
240.881,1,413,0.109336
241.747,1,412.5,0.10934
242.613,1,412,0.109345
243.479,1,411.5,0.10935
244.345,1,411,0.109355
245.211,1,410.5,0.109359
246.077,1,410,0.109364
246.943,1,409.5,0.109369
247.809,1,409,0.109374
248.675,1,408.5,0.109379
249.541,1,408,0.109385
250.407,1,407.5,0.10939
251.273,1,407,0.109396
252.139,1,406.5,0.109401
253.005,1,406,0.109407
253.871,1,405.5,0.109413
254.737,1,405,0.109418
255.603,1,404.5,0.109423
256.469,1,404,0.109429
257.335,1,403.5,0.109434
258.201,1,403,0.109439
259.067,1,402.5,0.109445
259.933,1,402,0.109451
260.799,1,401.5,0.109458
261.665,1,401,0.109466
262.531,1,400.5,0.109474
263.397,1,400,0.109482
264.263,1,399.5,0.10949
265.13,1,399,0.109499
265.996,1,398.5,0.109505
266.862,1,398,0.109512
267.728,1,397.5,0.109518
268.594,1,397,0.109525
269.46,1,396.5,0.109532
270.326,1,396,0.109537
271.192,1,395.5,0.109544
272.058,1,395,0.109551
272.924,1,394.5,0.109558
273.79,1,394,0.109565
274.656,1,393.5,0.109573
275.522,1,393,0.10958
276.388,1,392.5,0.109586
277.254,1,392,0.109588
278.12,1,391.5,0.109589
278.986,1,391,0.10959
279.852,1,390.5,0.109594
280.718,1,390,0.109599
281.584,1,389.5,0.109603
282.45,1,389,0.109607
283.316,1,388.5,0.109611
284.182,1,388,0.109615
285.048,1,387.5,0.109619
285.914,1,387,0.109624
286.78,1,386.5,0.109629
287.646,1,386,0.109626
288.512,1,385.5,0.109617
289.378,1,385,0.109605
290.244,1,384.5,0.109593
291.11,1,384,0.109581
291.976,1,383.5,0.109568
292.842,1,383,0.109552
293.708,1,382.5,0.109529
294.574,1,382,0.109505
295.44,1,381.5,0.10948
296.306,1,381,0.109455
297.172,1,380.5,0.109429
298.038,1,380,0.109403
298.905,1,379.5,0.109357
299.771,1,379,0.109309
300.637,1,378.5,0.109261
301.503,1,378,0.109211
302.369,1,377.5,0.109161
303.235,1,377,0.10911
304.101,1,376.5,0.109031
304.967,1,376,0.108936
305.833,1,375.5,0.108837
306.699,1,375,0.108735
307.565,1,374.5,0.108628
308.431,1,374,0.108517
309.297,1,373.5,0.108398
310.163,1,373,0.10827
311.029,1,372.5,0.108141
311.895,1,372,0.108012
312.761,1,371.5,0.107883
313.627,1,371,0.107753
314.493,1,370.5,0.107614
315.359,1,370,0.107266
316.225,1,369.5,0.106901
317.091,1,369,0.106515
317.957,1,368.5,0.10609
318.823,1,368,0.105638
319.689,1,367.5,0.105161
320.555,1,367,0.104973
321.421,1,366.5,0.104913
322.287,1,366,0.104871
323.153,1,365.5,0.104846
324.019,1,365,0.104839
324.885,1,364.5,0.104849
325.751,1,364,0.104204
326.617,1,363.5,0.102554
327.483,1,363,0.100812
328.349,1,362.5,0.0989414
329.215,1,362,0.0969437
330.081,1,361.5,0.0948184
330.947,1,361,0.0930223
331.813,1,360.5,0.0953019
332.679,1,360,0.0977603
333.546,1,359.5,0.100397
334.412,1,359,0.103213
335.278,1,358.5,0.106208
336.144,1,358,0.109061
337.01,1,357.5,0.106922
337.876,1,357,0.103073
338.742,1,356.5,0.0986767
339.608,1,356,0.0937318
340.474,1,355.5,0.0882386
341.34,1,355,0.082197
342.206,1,354.5,0.0785174
343.072,1,354,0.0768788
343.938,1,353.5,0.073789
344.804,1,353,0.0692481
345.67,1,352.5,0.0629532
346.536,1,352,0.0537275
347.402,1,351.5,0.0460201
348.268,1,351,0.05956
349.134,1,350.5,0.0702092
350,1,350,0.0779678
350.866,1,349.5,0.0828358
351.732,1,349,0.0848131
352.598,1,348.5,0.0838998
353.464,1,348,0.0734037
354.33,1,347.5,0.0657845
355.196,1,347,0.0684817
356.062,1,346.5,0.0771361
356.928,1,346,0.0856822
357.794,1,345.5,0.0941201
358.66,1,345,0.0998684
359.526,1,344.5,0.103425
360.392,1,344,0.107169
361.258,1,343.5,0.1111
362.124,1,343,0.115218
362.99,1,342.5,0.119524
363.856,1,342,0.123261
364.722,1,341.5,0.124434
365.588,1,341,0.125601
366.454,1,340.5,0.126599
367.321,1,340,0.127427
368.187,1,339.5,0.128085
369.053,1,339,0.128575
369.919,1,338.5,0.129008
370.785,1,338,0.129378
371.651,1,337.5,0.129676
372.517,1,337,0.129904
373.383,1,336.5,0.130061
374.249,1,336,0.13028
375.115,1,335.5,0.130441
375.981,1,335,0.130471
376.847,1,334.5,0.130409
377.713,1,334,0.130254
378.579,1,333.5,0.130006
379.445,1,333,0.129665
380.311,1,332.5,0.12923
381.177,1,332,0.128709
382.043,1,331.5,0.128114
382.909,1,331,0.127444
383.775,1,330.5,0.12712
384.641,1,330,0.126916
385.507,1,329.5,0.126673
386.373,1,329,0.126193
387.239,1,328.5,0.125681
388.105,1,328,0.125145
388.971,1,327.5,0.124586
389.837,1,327,0.124003
390.703,1,326.5,0.123397
391.569,1,326,0.122699
392.435,1,325.5,0.121937
393.301,1,325,0.121364
394.167,1,324.5,0.120846
395.033,1,324,0.120321
395.899,1,323.5,0.119792
396.765,1,323,0.119232
397.631,1,322.5,0.118623
398.497,1,322,0.118026
399.363,1,321.5,0.11744
400.229,1,321,0.116865
401.095,1,320.5,0.116302
401.962,1,320,0.115749
402.828,1,319.5,0.115296
403.694,1,319,0.11488
404.56,1,318.5,0.114473
405.426,1,318,0.114073
406.292,1,317.5,0.113681
407.158,1,317,0.113298
408.024,1,316.5,0.112931
408.89,1,316,0.112578
409.756,1,315.5,0.112236
410.622,1,315,0.111903
411.488,1,314.5,0.11158
412.354,1,314,0.111329
413.22,1,313.5,0.111097
414.086,1,313,0.110878
414.952,1,312.5,0.110667
415.818,1,312,0.110464
416.684,1,311.5,0.110269
417.55,1,311,0.110082
418.416,1,310.5,0.109905
419.282,1,310,0.109761
420.148,1,309.5,0.109625
421.014,1,309,0.109496
421.88,1,308.5,0.1094
422.746,1,308,0.109308
423.612,1,307.5,0.109222
424.478,1,307,0.109154
425.344,1,306.5,0.109094
426.21,1,306,0.109039
427.076,1,305.5,0.108987
427.942,1,305,0.108938
428.808,1,304.5,0.108893
429.674,1,304,0.10886
430.54,1,303.5,0.108838
431.406,1,303,0.108822
432.272,1,302.5,0.108807
433.138,1,302,0.108793
434.004,1,301.5,0.10878
434.87,1,301,0.108769
435.737,1,300.5,0.108765
436.603,1,300,0.108762
437.469,1,299.5,0.108759
438.335,1,299,0.108757
439.201,1,298.5,0.108755
440.067,1,298,0.108754
440.933,1,297.5,0.108757
441.799,1,297,0.108761
442.665,1,296.5,0.108764
443.531,1,296,0.108768
444.397,1,295.5,0.108772
445.263,1,295,0.108776
446.129,1,294.5,0.108782
446.995,1,294,0.108789
447.861,1,293.5,0.108797
448.727,1,293,0.108804
449.593,1,292.5,0.108811
450.459,1,292,0.108817
451.325,1,291.5,0.108823
452.191,1,291,0.10883
453.057,1,290.5,0.108838
453.923,1,290,0.108845
454.789,1,289.5,0.108853
455.655,1,289,0.10886
456.521,1,288.5,0.108867
457.387,1,288,0.108875
458.253,1,287.5,0.108883
459.119,1,287,0.10889
459.985,1,286.5,0.108895
460.851,1,286,0.108901
461.717,1,285.5,0.108906
462.583,1,285,0.108912
463.449,1,284.5,0.108918
464.315,1,284,0.108924
465.181,1,283.5,0.10893
466.047,1,283,0.108936
466.913,1,282.5,0.108941
467.779,1,282,0.108947
468.645,1,281.5,0.108953
469.512,1,281,0.108958
470.378,1,280.5,0.108963
471.244,1,280,0.108968
472.11,1,279.5,0.108973
472.976,1,279,0.108977
473.842,1,278.5,0.108982
474.708,1,278,0.108987
475.574,1,277.5,0.108992
476.44,1,277,0.108996
477.306,1,276.5,0.109001
478.172,1,276,0.109005
479.038,1,275.5,0.109008
479.904,1,275,0.109012
480.77,1,274.5,0.109015
481.636,1,274,0.109018
482.502,1,273.5,0.109022
483.368,1,273,0.109025
484.234,1,272.5,0.109028
485.1,1,272,0.109031
485.966,1,271.5,0.109034
486.832,1,271,0.109037
487.698,1,270.5,0.10904
488.564,1,270,0.109043
489.43,1,269.5,0.109046
490.296,1,269,0.109048
491.162,1,268.5,0.109051
492.028,1,268,0.109053
492.894,1,267.5,0.109056
493.76,1,267,0.109058
494.626,1,266.5,0.109061
495.492,1,266,0.109063
496.358,1,265.5,0.109065
497.224,1,265,0.109067
498.09,1,264.5,0.109069
498.956,1,264,0.109071
499.822,1,263.5,0.109073
500.688,1,263,0.109074
501.554,1,262.5,0.109076
502.42,1,262,0.109078
503.286,1,261.5,0.109079
504.153,1,261,0.109081
505.019,1,260.5,0.109082
505.885,1,260,0.109084
506.751,1,259.5,0.109085
507.617,1,259,0.109087
508.483,1,258.5,0.109088
509.349,1,258,0.109089
510.215,1,257.5,0.109091
511.081,1,257,0.109092
511.947,1,256.5,0.109093
512.813,1,256,0.109095
513.679,1,255.5,0.109096
514.545,1,255,0.109097
515.411,1,254.5,0.109098
516.277,1,254,0.109099
517.143,1,253.5,0.1091
518.009,1,253,0.109101
518.875,1,252.5,0.109102
519.741,1,252,0.109103
520.607,1,251.5,0.109104
521.473,1,251,0.109105
522.339,1,250.5,0.109106
523.205,1,250,0.109106
524.071,1,249.5,0.109107
524.937,1,249,0.109108
525.803,1,248.5,0.109109
526.669,1,248,0.10911
527.535,1,247.5,0.10911
528.401,1,247,0.109111
529.267,1,246.5,0.109112
530.133,1,246,0.109112
530.999,1,245.5,0.109113
531.865,1,245,0.109114
532.731,1,244.5,0.109114
533.597,1,244,0.109115
534.463,1,243.5,0.109116
535.329,1,243,0.109116
536.195,1,242.5,0.109117
537.061,1,242,0.109117
537.928,1,241.5,0.109118
538.794,1,241,0.109118
539.66,1,240.5,0.109119
540.526,1,240,0.109119
541.392,1,239.5,0.10912
542.258,1,239,0.10912
543.124,1,238.5,0.10912
543.99,1,238,0.109121
544.856,1,237.5,0.109121
545.722,1,237,0.109122
546.588,1,236.5,0.109122
547.454,1,236,0.109122
548.32,1,235.5,0.109123
549.186,1,235,0.109123
550.052,1,234.5,0.109124
550.918,1,234,0.109124
551.784,1,233.5,0.109124
552.65,1,233,0.109125
553.516,1,232.5,0.109125
554.382,1,232,0.109125
555.248,1,231.5,0.109126
556.114,1,231,0.109126
556.98,1,230.5,0.109126
557.846,1,230,0.109126
558.712,1,229.5,0.109127
559.578,1,229,0.109127
560.444,1,228.5,0.109127
561.31,1,228,0.109128
562.176,1,227.5,0.109128
563.042,1,227,0.109128
563.908,1,226.5,0.109128
564.774,1,226,0.109129
565.64,1,225.5,0.109129
566.506,1,225,0.109129
567.372,1,224.5,0.109129
568.238,1,224,0.109129
569.104,1,223.5,0.10913
569.97,1,223,0.10913
570.836,1,222.5,0.10913
571.703,1,222,0.10913
572.569,1,221.5,0.10913
573.435,1,221,0.109131
574.301,1,220.5,0.109131
575.167,1,220,0.109131
576.033,1,219.5,0.109131
576.899,1,219,0.109131
577.765,1,218.5,0.109131
578.631,1,218,0.109131
579.497,1,217.5,0.109132
580.363,1,217,0.109132
581.229,1,216.5,0.109132
582.095,1,216,0.109132
582.961,1,215.5,0.109132
583.827,1,215,0.109132
584.693,1,214.5,0.109132
585.559,1,214,0.109132
586.425,1,213.5,0.109133
587.291,1,213,0.109133
588.157,1,212.5,0.109133
589.023,1,212,0.109133
589.889,1,211.5,0.109133
590.755,1,211,0.109133
591.621,1,210.5,0.109133
592.487,1,210,0.109133
593.353,1,209.5,0.109133
594.219,1,209,0.109133
595.085,1,208.5,0.109134
595.951,1,208,0.109134
596.817,1,207.5,0.109134
597.683,1,207,0.109134
598.549,1,206.5,0.109134
599.415,1,206,0.109134
600.281,1,205.5,0.109134
601.147,1,205,0.109134
602.013,1,204.5,0.109134
602.879,1,204,0.109134
603.745,1,203.5,0.109134
604.611,1,203,0.109134
605.477,1,202.5,0.109134
606.344,1,202,0.109134
607.21,1,201.5,0.109134
608.076,1,201,0.109134
608.942,1,200.5,0.109135
609.808,1,200,0.109135
