x,y,z,b
90.1924,1,500,0.108831
91.0584,1,499.5,0.108828
91.9244,1,499,0.108824
92.7905,1,498.5,0.108821
93.6565,1,498,0.108817
94.5225,1,497.5,0.108813
95.3885,1,497,0.10881
96.2546,1,496.5,0.108805
97.1206,1,496,0.1088
97.9866,1,495.5,0.108795
98.8526,1,495,0.10879
99.7187,1,494.5,0.108785
100.585,1,494,0.10878
101.451,1,493.5,0.108775
102.317,1,493,0.108769
103.183,1,492.5,0.108762
104.049,1,492,0.108756
104.915,1,491.5,0.108749
105.781,1,491,0.108743
106.647,1,490.5,0.108736
107.513,1,490,0.108729
108.379,1,489.5,0.108721
109.245,1,489,0.108713
110.111,1,488.5,0.108705
110.977,1,488,0.108697
111.843,1,487.5,0.108689
112.709,1,487,0.10868
113.575,1,486.5,0.108671
114.441,1,486,0.108662
115.307,1,485.5,0.108652
116.173,1,485,0.108643
117.039,1,484.5,0.108633
117.905,1,484,0.108623
118.771,1,483.5,0.108613
119.637,1,483,0.108602
120.503,1,482.5,0.108591
121.369,1,482,0.10858
122.235,1,481.5,0.108569
123.101,1,481,0.108558
123.967,1,480.5,0.108546
124.833,1,480,0.108533
125.699,1,479.5,0.10852
126.565,1,479,0.108508
127.431,1,478.5,0.108495
128.297,1,478,0.108482
129.164,1,477.5,0.108467
130.03,1,477,0.108453
130.896,1,476.5,0.108438
131.762,1,476,0.108423
132.628,1,475.5,0.108408
133.494,1,475,0.108393
134.36,1,474.5,0.108376
135.226,1,474,0.108359
136.092,1,473.5,0.108341
136.958,1,473,0.108323
137.824,1,472.5,0.108305
138.69,1,472,0.108287
139.556,1,471.5,0.108269
140.422,1,471,0.108249
141.288,1,470.5,0.108228
142.154,1,470,0.108207
143.02,1,469.5,0.108186
143.886,1,469,0.108165
144.752,1,468.5,0.108144
145.618,1,468,0.10812
146.484,1,467.5,0.108095
147.35,1,467,0.10807
148.216,1,466.5,0.108045
149.082,1,466,0.10802
149.948,1,465.5,0.107995
150.814,1,465,0.107967
151.68,1,464.5,0.107938
152.546,1,464,0.107909
153.412,1,463.5,0.107879
154.278,1,463,0.107849
155.144,1,462.5,0.107819
156.01,1,462,0.107788
156.876,1,461.5,0.107753
157.742,1,461,0.107718
158.608,1,460.5,0.107683
159.474,1,460,0.107647
160.34,1,459.5,0.107611
161.206,1,459,0.107575
162.072,1,458.5,0.107534
162.939,1,458,0.107492
163.805,1,457.5,0.10745
164.671,1,457,0.107407
165.537,1,456.5,0.107364
166.403,1,456,0.107321
167.269,1,455.5,0.107274
168.135,1,455,0.107223
169.001,1,454.5,0.107172
169.867,1,454,0.10712
170.733,1,453.5,0.107067
171.599,1,453,0.107015
172.465,1,452.5,0.10696
173.331,1,452,0.1069
174.197,1,451.5,0.106839
175.063,1,451,0.106777
175.929,1,450.5,0.106715
176.795,1,450,0.106653
177.661,1,449.5,0.10659
178.527,1,449,0.106517
179.393,1,448.5,0.106443
180.259,1,448,0.106368
181.125,1,447.5,0.106292
181.991,1,447,0.106216
182.857,1,446.5,0.106138
183.723,1,446,0.106054
184.589,1,445.5,0.105965
185.455,1,445,0.105874
186.321,1,444.5,0.105783
187.187,1,444,0.105691
188.053,1,443.5,0.105598
188.919,1,443,0.105501
189.785,1,442.5,0.105391
190.651,1,442,0.105281
191.517,1,441.5,0.10517
192.383,1,441,0.105057
193.249,1,440.5,0.104943
194.115,1,440,0.104829
194.981,1,439.5,0.104698
195.847,1,439,0.104564
196.714,1,438.5,0.10443
197.58,1,438,0.104294
198.446,1,437.5,0.104156
199.312,1,437,0.104017
200.178,1,436.5,0.103863
201.044,1,436,0.103699
201.91,1,435.5,0.103534
202.776,1,435,0.103366
203.642,1,434.5,0.103197
204.508,1,434,0.103026
205.374,1,433.5,0.102846
206.24,1,433,0.102647
207.106,1,432.5,0.102446
207.972,1,432,0.102242
208.838,1,431.5,0.102037
209.704,1,431,0.101828
210.57,1,430.5,0.101617
211.436,1,430,0.101374
212.302,1,429.5,0.101129
213.168,1,429,0.100881
214.034,1,428.5,0.10063
214.9,1,428,0.100375
215.766,1,427.5,0.100118
216.632,1,427,0.0998348
217.498,1,426.5,0.0995385
218.364,1,426,0.0992385
219.23,1,425.5,0.0989348
220.096,1,425,0.0986274
220.962,1,424.5,0.0983163
221.828,1,424,0.0979874
222.694,1,423.5,0.097632
223.56,1,423,0.0972714
224.426,1,422.5,0.0969061
225.292,1,422,0.0965362
226.158,1,421.5,0.0961615
227.024,1,421,0.0957797
227.89,1,420.5,0.0953648
228.756,1,420,0.0949444
229.622,1,419.5,0.0945186
230.488,1,419,0.0940873
231.355,1,418.5,0.0936505
232.221,1,418,0.0932065
233.087,1,417.5,0.0927329
233.953,1,417,0.0922473
234.819,1,416.5,0.0917565
235.685,1,416,0.0912605
236.551,1,415.5,0.0907595
237.417,1,415,0.0902533
238.283,1,414.5,0.0898452
239.149,1,414,0.0895821
240.015,1,413.5,0.0893489
240.881,1,413,0.0891456
241.747,1,412.5,0.0890599
242.613,1,412,0.0890433
243.479,1,411.5,0.0891327
244.345,1,411,0.0896531
245.211,1,410.5,0.0902401
246.077,1,410,0.0908939
246.943,1,409.5,0.0916144
247.809,1,409,0.0924015
248.675,1,408.5,0.0932554
249.541,1,408,0.094855
250.407,1,407.5,0.0967036
251.273,1,407,0.0990451
252.139,1,406.5,0.101578
253.005,1,406,0.104232
253.871,1,405.5,0.107007
254.737,1,405,0.110283
255.603,1,404.5,0.113964
256.469,1,404,0.117658
257.335,1,403.5,0.121363
258.201,1,403,0.125081
259.067,1,402.5,0.12881
259.933,1,402,0.132651
260.799,1,401.5,0.137092
261.665,1,401,0.141439
262.531,1,400.5,0.145669
263.397,1,400,0.149781
264.263,1,399.5,0.153776
265.13,1,399,0.157652
265.996,1,398.5,0.161943
266.862,1,398,0.166303
267.728,1,397.5,0.170667
268.594,1,397,0.175035
269.46,1,396.5,0.179407
270.326,1,396,0.183856
271.192,1,395.5,0.18755
272.058,1,395,0.191118
272.924,1,394.5,0.195072
273.79,1,394,0.199411
274.656,1,393.5,0.204137
275.522,1,393,0.209249
276.388,1,392.5,0.21646
277.254,1,392,0.230097
278.12,1,391.5,0.245532
278.986,1,391,0.262811
279.852,1,390.5,0.281304
280.718,1,390,0.297761
281.584,1,389.5,0.312181
282.45,1,389,0.318929
283.316,1,388.5,0.32391
284.182,1,388,0.327543
285.048,1,387.5,0.329827
285.914,1,387,0.330763
286.78,1,386.5,0.330349
287.646,1,386,0.328765
288.512,1,385.5,0.327173
289.378,1,385,0.325917
290.244,1,384.5,0.324793
291.11,1,384,0.323799
291.976,1,383.5,0.322938
292.842,1,383,0.322436
293.708,1,382.5,0.322529
294.574,1,382,0.322664
295.44,1,381.5,0.322841
296.306,1,381,0.323061
297.172,1,380.5,0.323324
298.038,1,380,0.323608
298.905,1,379.5,0.323744
299.771,1,379,0.323882
300.637,1,378.5,0.32402
301.503,1,378,0.32416
302.369,1,377.5,0.324301
303.235,1,377,0.324443
304.101,1,376.5,0.324557
304.967,1,376,0.32468
305.833,1,375.5,0.324829
306.699,1,375,0.325005
307.565,1,374.5,0.325213
308.431,1,374,0.325452
309.297,1,373.5,0.325619
310.163,1,373,0.325677
311.029,1,372.5,0.325769
311.895,1,372,0.325896
312.761,1,371.5,0.326058
313.627,1,371,0.326254
314.493,1,370.5,0.326474
315.359,1,370,0.326498
316.225,1,369.5,0.326572
317.091,1,369,0.326677
317.957,1,368.5,0.326761
318.823,1,368,0.326857
319.689,1,367.5,0.326967
320.555,1,367,0.326971
321.421,1,366.5,0.326983
322.287,1,366,0.327052
323.153,1,365.5,0.327179
324.019,1,365,0.327363
324.885,1,364.5,0.327605
325.751,1,364,0.327702
326.617,1,363.5,0.327491
327.483,1,363,0.32695
328.349,1,362.5,0.326236
329.215,1,362,0.325349
330.081,1,361.5,0.32429
330.947,1,361,0.322282
331.813,1,360.5,0.313251
332.679,1,360,0.304049
333.546,1,359.5,0.294678
334.412,1,359,0.285136
335.278,1,358.5,0.275424
336.144,1,358,0.267056
337.01,1,357.5,0.259572
337.876,1,357,0.252259
338.742,1,356.5,0.24561
339.608,1,356,0.239625
340.474,1,355.5,0.234305
341.34,1,355,0.22965
342.206,1,354.5,0.231465
343.072,1,354,0.237895
343.938,1,353.5,0.241538
344.804,1,353,0.242394
345.67,1,352.5,0.241272
346.536,1,352,0.23972
347.402,1,351.5,0.239807
348.268,1,351,0.248739
349.134,1,350.5,0.25079
350,1,350,0.245962
350.866,1,349.5,0.234255
351.732,1,349,0.215667
352.598,1,348.5,0.1902
353.464,1,348,0.156973
354.33,1,347.5,0.126566
355.196,1,347,0.110897
356.062,1,346.5,0.104609
356.928,1,346,0.0968287
357.794,1,345.5,0.0875548
358.66,1,345,0.0871058
359.526,1,344.5,0.0949696
360.392,1,344,0.102095
361.258,1,343.5,0.108482
362.124,1,343,0.11413
362.99,1,342.5,0.119041
363.856,1,342,0.122304
364.722,1,341.5,0.122345
365.588,1,341,0.122527
366.454,1,340.5,0.12259
367.321,1,340,0.122534
368.187,1,339.5,0.12236
369.053,1,339,0.122067
369.919,1,338.5,0.121854
370.785,1,338,0.121659
371.651,1,337.5,0.121464
372.517,1,337,0.121269
373.383,1,336.5,0.121075
374.249,1,336,0.121009
375.115,1,335.5,0.12104
375.981,1,335,0.121116
376.847,1,334.5,0.121222
377.713,1,334,0.121356
378.579,1,333.5,0.121519
379.445,1,333,0.121712
380.311,1,332.5,0.121874
381.177,1,332,0.121898
382.043,1,331.5,0.121938
382.909,1,331,0.121995
383.775,1,330.5,0.122107
384.641,1,330,0.122236
385.507,1,329.5,0.122365
386.373,1,329,0.12233
387.239,1,328.5,0.1223
388.105,1,328,0.122283
388.971,1,327.5,0.122279
389.837,1,327,0.122289
390.703,1,326.5,0.122313
391.569,1,326,0.122328
392.435,1,325.5,0.122345
393.301,1,325,0.122371
394.167,1,324.5,0.1224
395.033,1,324,0.122433
395.899,1,323.5,0.12247
396.765,1,323,0.122507
397.631,1,322.5,0.122542
398.497,1,322,0.122579
399.363,1,321.5,0.122619
400.229,1,321,0.122662
401.095,1,320.5,0.122708
401.962,1,320,0.122756
402.828,1,319.5,0.122809
403.694,1,319,0.122861
404.56,1,318.5,0.122912
405.426,1,318,0.122962
406.292,1,317.5,0.123011
407.158,1,317,0.123059
408.024,1,316.5,0.123105
408.89,1,316,0.123149
409.756,1,315.5,0.123192
410.622,1,315,0.123234
411.488,1,314.5,0.123274
412.354,1,314,0.123315
413.22,1,313.5,0.123352
414.086,1,313,0.123384
414.952,1,312.5,0.123414
415.818,1,312,0.123441
416.684,1,311.5,0.123466
417.55,1,311,0.123488
418.416,1,310.5,0.123507
419.282,1,310,0.123513
420.148,1,309.5,0.123518
421.014,1,309,0.123519
421.88,1,308.5,0.123519
422.746,1,308,0.123516
423.612,1,307.5,0.12351
424.478,1,307,0.123493
425.344,1,306.5,0.12347
426.21,1,306,0.123444
427.076,1,305.5,0.123415
427.942,1,305,0.123383
428.808,1,304.5,0.123348
429.674,1,304,0.123304
430.54,1,303.5,0.123249
431.406,1,303,0.123193
432.272,1,302.5,0.123135
433.138,1,302,0.123073
434.004,1,301.5,0.123009
434.87,1,301,0.12294
435.737,1,300.5,0.122856
436.603,1,300,0.122769
437.469,1,299.5,0.122679
438.335,1,299,0.122586
439.201,1,298.5,0.122491
440.067,1,298,0.122393
440.933,1,297.5,0.12229
441.799,1,297,0.122181
442.665,1,296.5,0.12207
443.531,1,296,0.121957
444.397,1,295.5,0.121841
445.263,1,295,0.121722
446.129,1,294.5,0.121595
446.995,1,294,0.121458
447.861,1,293.5,0.121319
448.727,1,293,0.121178
449.593,1,292.5,0.121038
450.459,1,292,0.12091
451.325,1,291.5,0.120778
452.191,1,291,0.120634
453.057,1,290.5,0.120488
453.923,1,290,0.12034
454.789,1,289.5,0.120191
455.655,1,289,0.12004
456.521,1,288.5,0.119887
457.387,1,288,0.119721
458.253,1,287.5,0.119553
459.119,1,287,0.119388
459.985,1,286.5,0.11924
460.851,1,286,0.119091
461.717,1,285.5,0.11894
462.583,1,285,0.118783
463.449,1,284.5,0.118619
464.315,1,284,0.118455
465.181,1,283.5,0.11829
466.047,1,283,0.118125
466.913,1,282.5,0.117959
467.779,1,282,0.11779
468.645,1,281.5,0.11762
469.512,1,281,0.117468
470.378,1,280.5,0.117317
471.244,1,280,0.117166
472.11,1,279.5,0.117015
472.976,1,279,0.116865
473.842,1,278.5,0.116704
474.708,1,278,0.116543
475.574,1,277.5,0.116383
476.44,1,277,0.116223
477.306,1,276.5,0.116063
478.172,1,276,0.115911
479.038,1,275.5,0.115767
479.904,1,275,0.11562
480.77,1,274.5,0.115473
481.636,1,274,0.115328
482.502,1,273.5,0.115183
483.368,1,273,0.11504
484.234,1,272.5,0.114894
485.1,1,272,0.114745
485.966,1,271.5,0.114596
486.832,1,271,0.114448
487.698,1,270.5,0.114308
488.564,1,270,0.114179
489.43,1,269.5,0.114051
490.296,1,269,0.113917
491.162,1,268.5,0.113785
492.028,1,268,0.113653
492.894,1,267.5,0.113523
493.76,1,267,0.113394
494.626,1,266.5,0.113267
495.492,1,266,0.113137
496.358,1,265.5,0.113006
497.224,1,265,0.112884
498.09,1,264.5,0.11277
498.956,1,264,0.112658
499.822,1,263.5,0.112547
500.688,1,263,0.112436
501.554,1,262.5,0.112323
502.42,1,262,0.112212
503.286,1,261.5,0.112102
504.153,1,261,0.111994
505.019,1,260.5,0.111887
505.885,1,260,0.111781
506.751,1,259.5,0.111682
507.617,1,259,0.11159
508.483,1,258.5,0.1115
509.349,1,258,0.111411
510.215,1,257.5,0.111323
511.081,1,257,0.111237
511.947,1,256.5,0.11115
512.813,1,256,0.111065
513.679,1,255.5,0.110981
514.545,1,255,0.110898
515.411,1,254.5,0.110816
516.277,1,254,0.110743
517.143,1,253.5,0.110675
518.009,1,253,0.110608
518.875,1,252.5,0.110542
519.741,1,252,0.110477
520.607,1,251.5,0.110413
521.473,1,251,0.11035
522.339,1,250.5,0.110289
523.205,1,250,0.110229
524.071,1,249.5,0.11017
524.937,1,249,0.110112
525.803,1,248.5,0.110059
526.669,1,248,0.11001
527.535,1,247.5,0.109961
528.401,1,247,0.109914
529.267,1,246.5,0.109868
530.133,1,246,0.109823
530.999,1,245.5,0.109778
531.865,1,245,0.109735
532.731,1,244.5,0.109692
533.597,1,244,0.109651
534.463,1,243.5,0.109612
535.329,1,243,0.109577
536.195,1,242.5,0.109544
537.061,1,242,0.109512
537.928,1,241.5,0.109481
538.794,1,241,0.109451
539.66,1,240.5,0.109422
540.526,1,240,0.109395
541.392,1,239.5,0.109368
542.258,1,239,0.109342
543.124,1,238.5,0.109316
543.99,1,238,0.109292
544.856,1,237.5,0.109271
545.722,1,237,0.109251
546.588,1,236.5,0.109232
547.454,1,236,0.109214
548.32,1,235.5,0.109196
549.186,1,235,0.109179
550.052,1,234.5,0.109162
550.918,1,234,0.109147
551.784,1,233.5,0.109132
552.65,1,233,0.109118
553.516,1,232.5,0.109104
554.382,1,232,0.109093
555.248,1,231.5,0.109082
556.114,1,231,0.109074
556.98,1,230.5,0.109065
557.846,1,230,0.109057
558.712,1,229.5,0.109049
559.578,1,229,0.109041
560.444,1,228.5,0.109034
561.31,1,228,0.109028
562.176,1,227.5,0.109022
563.042,1,227,0.109017
563.908,1,226.5,0.109012
564.774,1,226,0.109007
565.64,1,225.5,0.109003
566.506,1,225,0.108999
567.372,1,224.5,0.108996
568.238,1,224,0.108993
569.104,1,223.5,0.108991
569.97,1,223,0.108988
570.836,1,222.5,0.108986
571.703,1,222,0.108984
572.569,1,221.5,0.108983
573.435,1,221,0.108983
574.301,1,220.5,0.108982
575.167,1,220,0.108982
576.033,1,219.5,0.108982
576.899,1,219,0.108982
577.765,1,218.5,0.108982
578.631,1,218,0.108983
579.497,1,217.5,0.108984
580.363,1,217,0.108985
581.229,1,216.5,0.108986
582.095,1,216,0.108988
582.961,1,215.5,0.108989
583.827,1,215,0.108991
584.693,1,214.5,0.108992
585.559,1,214,0.108994
586.425,1,213.5,0.108995
587.291,1,213,0.108997
588.157,1,212.5,0.108999
589.023,1,212,0.109001
589.889,1,211.5,0.109004
590.755,1,211,0.109006
591.621,1,210.5,0.109008
592.487,1,210,0.10901
593.353,1,209.5,0.109012
594.219,1,209,0.109015
595.085,1,208.5,0.109017
595.951,1,208,0.10902
596.817,1,207.5,0.109022
597.683,1,207,0.109025
598.549,1,206.5,0.109027
599.415,1,206,0.10903
600.281,1,205.5,0.109033
601.147,1,205,0.109035
602.013,1,204.5,0.109038
602.879,1,204,0.10904
603.745,1,203.5,0.109043
604.611,1,203,0.109045
605.477,1,202.5,0.109048
606.344,1,202,0.109051
607.21,1,201.5,0.109054
608.076,1,201,0.109056
608.942,1,200.5,0.109059
609.808,1,200,0.109062
