x,y,z,b
90.1924,1,500,0.106126
91.0584,1,499.5,0.106089
91.9244,1,499,0.106051
92.7905,1,498.5,0.106013
93.6565,1,498,0.105975
94.5225,1,497.5,0.105937
95.3885,1,497,0.105898
96.2546,1,496.5,0.105854
97.1206,1,496,0.105807
97.9866,1,495.5,0.105759
98.8526,1,495,0.105711
99.7187,1,494.5,0.105662
100.585,1,494,0.105613
101.451,1,493.5,0.105561
102.317,1,493,0.105503
103.183,1,492.5,0.105444
104.049,1,492,0.105385
104.915,1,491.5,0.105325
105.781,1,491,0.105265
106.647,1,490.5,0.105205
107.513,1,490,0.105138
108.379,1,489.5,0.10507
109.245,1,489,0.105002
110.111,1,488.5,0.104934
110.977,1,488,0.104865
111.843,1,487.5,0.104795
112.709,1,487,0.104722
113.575,1,486.5,0.104646
114.441,1,486,0.104571
115.307,1,485.5,0.104494
116.173,1,485,0.104417
117.039,1,484.5,0.10434
117.905,1,484,0.104261
118.771,1,483.5,0.104179
119.637,1,483,0.104096
120.503,1,482.5,0.104013
121.369,1,482,0.103929
122.235,1,481.5,0.103845
123.101,1,481,0.103759
123.967,1,480.5,0.103671
124.833,1,480,0.103581
125.699,1,479.5,0.103492
126.565,1,479,0.103401
127.431,1,478.5,0.10331
128.297,1,478,0.103218
129.164,1,477.5,0.103125
130.03,1,477,0.103029
130.896,1,476.5,0.102933
131.762,1,476,0.102837
132.628,1,475.5,0.10274
133.494,1,475,0.102642
134.36,1,474.5,0.102543
135.226,1,474,0.102443
136.092,1,473.5,0.102341
136.958,1,473,0.10224
137.824,1,472.5,0.102137
138.69,1,472,0.102034
139.556,1,471.5,0.10193
140.422,1,471,0.101826
141.288,1,470.5,0.101721
142.154,1,470,0.101615
143.02,1,469.5,0.101509
143.886,1,469,0.101402
144.752,1,468.5,0.101294
145.618,1,468,0.101189
146.484,1,467.5,0.101084
147.35,1,467,0.100979
148.216,1,466.5,0.100873
149.082,1,466,0.100767
149.948,1,465.5,0.100661
150.814,1,465,0.100558
151.68,1,464.5,0.10046
152.546,1,464,0.100363
153.412,1,463.5,0.100265
154.278,1,463,0.100168
155.144,1,462.5,0.10007
156.01,1,462,0.0999772
156.876,1,461.5,0.0999026
157.742,1,461,0.099829
158.608,1,460.5,0.0997565
159.474,1,460,0.0996849
160.34,1,459.5,0.0996144
161.206,1,459,0.0995449
162.072,1,458.5,0.0995017
162.939,1,458,0.0994643
163.805,1,457.5,0.0994287
164.671,1,457,0.0993948
165.537,1,456.5,0.0993638
166.403,1,456,0.0993377
167.269,1,455.5,0.0993374
168.135,1,455,0.0993603
169.001,1,454.5,0.0993867
169.867,1,454,0.0994168
170.733,1,453.5,0.0994506
171.599,1,453,0.099488
172.465,1,452.5,0.0995412
173.331,1,452,0.0996398
174.197,1,451.5,0.0997431
175.063,1,451,0.0998546
175.929,1,450.5,0.0999779
176.795,1,450,0.100107
177.661,1,449.5,0.100242
178.527,1,449,0.100446
179.393,1,448.5,0.100662
180.259,1,448,0.100887
181.125,1,447.5,0.101119
181.991,1,447,0.101359
182.857,1,446.5,0.101607
183.723,1,446,0.101907
184.589,1,445.5,0.102253
185.455,1,445,0.102622
186.321,1,444.5,0.103002
187.187,1,444,0.103395
188.053,1,443.5,0.103799
188.919,1,443,0.104238
189.785,1,442.5,0.10475
190.651,1,442,0.105275
191.517,1,441.5,0.105815
192.383,1,441,0.106369
193.249,1,440.5,0.106937
194.115,1,440,0.107537
194.981,1,439.5,0.108251
195.847,1,439,0.108988
196.714,1,438.5,0.109744
197.58,1,438,0.110521
198.446,1,437.5,0.111318
199.312,1,437,0.112135
200.178,1,436.5,0.113023
201.044,1,436,0.113958
201.91,1,435.5,0.114917
202.776,1,435,0.115898
203.642,1,434.5,0.116936
204.508,1,434,0.118031
205.374,1,433.5,0.119172
206.24,1,433,0.12038
207.106,1,432.5,0.121619
207.972,1,432,0.122889
208.838,1,431.5,0.124189
209.704,1,431,0.125521
210.57,1,430.5,0.126885
211.436,1,430,0.128314
212.302,1,429.5,0.129778
213.168,1,429,0.131333
214.034,1,428.5,0.132969
214.9,1,428,0.134648
215.766,1,427.5,0.136369
216.632,1,427,0.138127
217.498,1,426.5,0.139925
218.364,1,426,0.141766
219.23,1,425.5,0.143649
220.096,1,425,0.145574
220.962,1,424.5,0.147542
221.828,1,424,0.149513
222.694,1,423.5,0.151589
223.56,1,423,0.15377
224.426,1,422.5,0.155993
225.292,1,422,0.158256
226.158,1,421.5,0.16056
227.024,1,421,0.162878
227.89,1,420.5,0.164911
228.756,1,420,0.166948
229.622,1,419.5,0.16899
230.488,1,419,0.171037
231.355,1,418.5,0.173089
232.221,1,418,0.174787
233.087,1,417.5,0.175984
233.953,1,417,0.177034
234.819,1,416.5,0.178024
235.685,1,416,0.178955
236.551,1,415.5,0.179826
237.417,1,415,0.180637
238.283,1,414.5,0.181416
239.149,1,414,0.182211
240.015,1,413.5,0.183005
240.881,1,413,0.183799
241.747,1,412.5,0.184381
242.613,1,412,0.185031
243.479,1,411.5,0.185818
244.345,1,411,0.186668
245.211,1,410.5,0.187558
246.077,1,410,0.188489
246.943,1,409.5,0.189461
247.809,1,409,0.190473
248.675,1,408.5,0.191527
249.541,1,408,0.191997
250.407,1,407.5,0.19224
251.273,1,407,0.192736
252.139,1,406.5,0.193175
253.005,1,406,0.193488
253.871,1,405.5,0.193677
254.737,1,405,0.19377
255.603,1,404.5,0.19377
256.469,1,404,0.193646
257.335,1,403.5,0.193399
258.201,1,403,0.193028
259.067,1,402.5,0.192535
259.933,1,402,0.192021
260.799,1,401.5,0.19242
261.665,1,401,0.192744
262.531,1,400.5,0.192931
263.397,1,400,0.19298
264.263,1,399.5,0.192892
265.13,1,399,0.192666
265.996,1,398.5,0.19258
266.862,1,398,0.192431
267.728,1,397.5,0.192184
268.594,1,397,0.19184
269.46,1,396.5,0.191398
270.326,1,396,0.191483
271.192,1,395.5,0.191949
272.058,1,395,0.192711
272.924,1,394.5,0.193423
273.79,1,394,0.194086
274.656,1,393.5,0.194698
275.522,1,393,0.195261
276.388,1,392.5,0.195898
277.254,1,392,0.196917
278.12,1,391.5,0.197984
278.986,1,391,0.199113
279.852,1,390.5,0.200763
280.718,1,390,0.202388
281.584,1,389.5,0.203987
282.45,1,389,0.205447
283.316,1,388.5,0.206953
284.182,1,388,0.208515
285.048,1,387.5,0.210132
285.914,1,387,0.211805
286.78,1,386.5,0.213534
287.646,1,386,0.215474
288.512,1,385.5,0.217666
289.378,1,385,0.220227
290.244,1,384.5,0.222795
291.11,1,384,0.22537
291.976,1,383.5,0.227952
292.842,1,383,0.229676
293.708,1,382.5,0.228907
294.574,1,382,0.227337
295.44,1,381.5,0.224966
296.306,1,381,0.221793
297.172,1,380.5,0.217819
298.038,1,380,0.213089
298.905,1,379.5,0.211504
299.771,1,379,0.210122
300.637,1,378.5,0.208913
301.503,1,378,0.207876
302.369,1,377.5,0.207012
303.235,1,377,0.20632
304.101,1,376.5,0.207301
304.967,1,376,0.209286
305.833,1,375.5,0.211572
306.699,1,375,0.214161
307.565,1,374.5,0.216898
308.431,1,374,0.219325
309.297,1,373.5,0.222054
310.163,1,373,0.225097
311.029,1,372.5,0.228227
311.895,1,372,0.231443
312.761,1,371.5,0.234747
313.627,1,371,0.238137
314.493,1,370.5,0.241582
315.359,1,370,0.244388
316.225,1,369.5,0.247181
317.091,1,369,0.249817
317.957,1,368.5,0.252094
318.823,1,368,0.254395
319.689,1,367.5,0.25672
320.555,1,367,0.258591
321.421,1,366.5,0.260331
322.287,1,366,0.262117
323.153,1,365.5,0.26395
324.019,1,365,0.265829
324.885,1,364.5,0.267755
325.751,1,364,0.269249
326.617,1,363.5,0.27013
327.483,1,363,0.270945
328.349,1,362.5,0.271853
329.215,1,362,0.272852
330.081,1,361.5,0.273942
330.947,1,361,0.274672
331.813,1,360.5,0.271617
332.679,1,360,0.268872
333.546,1,359.5,0.266437
334.412,1,359,0.264312
335.278,1,358.5,0.262497
336.144,1,358,0.260856
337.01,1,357.5,0.257817
337.876,1,357,0.254409
338.742,1,356.5,0.251002
339.608,1,356,0.247596
340.474,1,355.5,0.24419
341.34,1,355,0.240785
342.206,1,354.5,0.239215
343.072,1,354,0.239749
343.938,1,353.5,0.240355
344.804,1,353,0.241034
345.67,1,352.5,0.24141
346.536,1,352,0.241296
347.402,1,351.5,0.244063
348.268,1,351,0.261849
349.134,1,350.5,0.277925
350,1,350,0.292291
350.866,1,349.5,0.304947
351.732,1,349,0.315893
352.598,1,348.5,0.325129
353.464,1,348,0.319144
354.33,1,347.5,0.314067
355.196,1,347,0.310841
356.062,1,346.5,0.307123
356.928,1,346,0.303907
357.794,1,345.5,0.301194
358.66,1,345,0.29932
359.526,1,344.5,0.298157
360.392,1,344,0.297376
361.258,1,343.5,0.296977
362.124,1,343,0.29696
362.99,1,342.5,0.297325
363.856,1,342,0.29804
364.722,1,341.5,0.298819
365.588,1,341,0.299576
366.454,1,340.5,0.30032
367.321,1,340,0.301049
368.187,1,339.5,0.301765
369.053,1,339,0.302466
369.919,1,338.5,0.303195
370.785,1,338,0.303991
371.651,1,337.5,0.304854
372.517,1,337,0.305784
373.383,1,336.5,0.306782
374.249,1,336,0.307913
375.115,1,335.5,0.309163
375.981,1,335,0.310502
376.847,1,334.5,0.311856
377.713,1,334,0.313226
378.579,1,333.5,0.314611
379.445,1,333,0.316011
380.311,1,332.5,0.31726
381.177,1,332,0.318244
382.043,1,331.5,0.31952
382.909,1,331,0.321089
383.775,1,330.5,0.322731
384.641,1,330,0.324471
385.507,1,329.5,0.326379
386.373,1,329,0.326249
387.239,1,328.5,0.326199
388.105,1,328,0.326333
388.971,1,327.5,0.326652
389.837,1,327,0.327157
390.703,1,326.5,0.327847
391.569,1,326,0.327846
392.435,1,325.5,0.32756
393.301,1,325,0.327257
394.167,1,324.5,0.326991
395.033,1,324,0.326812
395.899,1,323.5,0.32672
396.765,1,323,0.325895
397.631,1,322.5,0.323708
398.497,1,322,0.321994
399.363,1,321.5,0.320756
400.229,1,321,0.319991
401.095,1,320.5,0.319701
401.962,1,320,0.319794
402.828,1,319.5,0.31023
403.694,1,319,0.301249
404.56,1,318.5,0.293037
405.426,1,318,0.285595
406.292,1,317.5,0.278923
407.158,1,317,0.273021
408.024,1,316.5,0.261042
408.89,1,316,0.245848
409.756,1,315.5,0.230269
410.622,1,315,0.214305
411.488,1,314.5,0.197956
412.354,1,314,0.179987
413.22,1,313.5,0.166975
414.086,1,313,0.161968
414.952,1,312.5,0.157015
415.818,1,312,0.152114
416.684,1,311.5,0.147267
417.55,1,311,0.142472
418.416,1,310.5,0.137926
419.282,1,310,0.136172
420.148,1,309.5,0.134348
421.014,1,309,0.132454
421.88,1,308.5,0.130429
422.746,1,308,0.128362
423.612,1,307.5,0.126255
424.478,1,307,0.125041
425.344,1,306.5,0.124081
426.21,1,306,0.123064
427.076,1,305.5,0.121988
427.942,1,305,0.120855
428.808,1,304.5,0.119664
429.674,1,304,0.118785
430.54,1,303.5,0.118339
431.406,1,303,0.117851
432.272,1,302.5,0.117332
433.138,1,302,0.116783
434.004,1,301.5,0.116203
434.87,1,301,0.115648
435.737,1,300.5,0.11547
436.603,1,300,0.115275
437.469,1,299.5,0.115061
438.335,1,299,0.114829
439.201,1,298.5,0.114579
440.067,1,298,0.114311
440.933,1,297.5,0.11422
441.799,1,297,0.114167
442.665,1,296.5,0.114108
443.531,1,296,0.114042
444.397,1,295.5,0.113971
445.263,1,295,0.113893
446.129,1,294.5,0.113869
446.995,1,294,0.1139
447.861,1,293.5,0.113926
448.727,1,293,0.113945
449.593,1,292.5,0.11396
450.459,1,292,0.11398
451.325,1,291.5,0.114009
452.191,1,291,0.114094
453.057,1,290.5,0.114176
453.923,1,290,0.114255
454.789,1,289.5,0.114332
455.655,1,289,0.114405
456.521,1,288.5,0.114477
457.387,1,288,0.114553
458.253,1,287.5,0.114626
459.119,1,287,0.114699
459.985,1,286.5,0.114777
460.851,1,286,0.114852
461.717,1,285.5,0.114923
462.583,1,285,0.114991
463.449,1,284.5,0.115057
464.315,1,284,0.11512
465.181,1,283.5,0.11518
466.047,1,283,0.115237
466.913,1,282.5,0.115291
467.779,1,282,0.115343
468.645,1,281.5,0.115394
469.512,1,281,0.115452
470.378,1,280.5,0.115507
471.244,1,280,0.115561
472.11,1,279.5,0.115613
472.976,1,279,0.115663
473.842,1,278.5,0.115704
474.708,1,278,0.115743
475.574,1,277.5,0.11578
476.44,1,277,0.115815
477.306,1,276.5,0.115848
478.172,1,276,0.115881
479.038,1,275.5,0.115908
479.904,1,275,0.115929
480.77,1,274.5,0.115948
481.636,1,274,0.115965
482.502,1,273.5,0.115979
483.368,1,273,0.115991
484.234,1,272.5,0.115998
485.1,1,272,0.115995
485.966,1,271.5,0.11599
486.832,1,271,0.115983
487.698,1,270.5,0.115976
488.564,1,270,0.115972
489.43,1,269.5,0.115966
490.296,1,269,0.115948
491.162,1,268.5,0.115927
492.028,1,268,0.115904
492.894,1,267.5,0.115878
493.76,1,267,0.11585
494.626,1,266.5,0.11582
495.492,1,266,0.115781
496.358,1,265.5,0.115737
497.224,1,265,0.115697
498.09,1,264.5,0.115662
498.956,1,264,0.115625
499.822,1,263.5,0.115586
500.688,1,263,0.115542
501.554,1,262.5,0.11549
502.42,1,262,0.115437
503.286,1,261.5,0.115382
504.153,1,261,0.115325
505.019,1,260.5,0.115266
505.885,1,260,0.115205
506.751,1,259.5,0.115141
507.617,1,259,0.115082
508.483,1,258.5,0.11502
509.349,1,258,0.114958
510.215,1,257.5,0.114893
511.081,1,257,0.114827
511.947,1,256.5,0.114754
512.813,1,256,0.114678
513.679,1,255.5,0.1146
514.545,1,255,0.114522
515.411,1,254.5,0.114442
516.277,1,254,0.114367
517.143,1,253.5,0.114293
518.009,1,253,0.114212
518.875,1,252.5,0.114131
519.741,1,252,0.114048
520.607,1,251.5,0.113966
521.473,1,251,0.113883
522.339,1,250.5,0.113798
523.205,1,250,0.113702
524.071,1,249.5,0.113605
524.937,1,249,0.113509
525.803,1,248.5,0.113421
526.669,1,248,0.113338
527.535,1,247.5,0.113254
528.401,1,247,0.113164
529.267,1,246.5,0.113072
530.133,1,246,0.112981
530.999,1,245.5,0.11289
531.865,1,245,0.1128
532.731,1,244.5,0.11271
533.597,1,244,0.112617
534.463,1,243.5,0.112519
535.329,1,243,0.112432
536.195,1,242.5,0.112351
537.061,1,242,0.11227
537.928,1,241.5,0.11219
538.794,1,241,0.11211
539.66,1,240.5,0.112025
540.526,1,240,0.111942
541.392,1,239.5,0.11186
542.258,1,239,0.111779
543.124,1,238.5,0.1117
543.99,1,238,0.111621
544.856,1,237.5,0.111549
545.722,1,237,0.111479
546.588,1,236.5,0.11141
547.454,1,236,0.111343
548.32,1,235.5,0.111276
549.186,1,235,0.11121
550.052,1,234.5,0.111145
550.918,1,234,0.111079
551.784,1,233.5,0.111015
552.65,1,233,0.110952
553.516,1,232.5,0.110891
554.382,1,232,0.110838
555.248,1,231.5,0.110786
556.114,1,231,0.110735
556.98,1,230.5,0.110684
557.846,1,230,0.110635
558.712,1,229.5,0.110586
559.578,1,229,0.110539
560.444,1,228.5,0.110493
561.31,1,228,0.110447
562.176,1,227.5,0.110403
563.042,1,227,0.110359
563.908,1,226.5,0.110321
564.774,1,226,0.110284
565.64,1,225.5,0.110248
566.506,1,225,0.110212
567.372,1,224.5,0.110175
568.238,1,224,0.110139
569.104,1,223.5,0.110104
569.97,1,223,0.11007
570.836,1,222.5,0.110036
571.703,1,222,0.110003
572.569,1,221.5,0.109971
573.435,1,221,0.109943
574.301,1,220.5,0.109916
575.167,1,220,0.10989
576.033,1,219.5,0.109864
576.899,1,219,0.109839
577.765,1,218.5,0.109815
578.631,1,218,0.109792
579.497,1,217.5,0.10977
580.363,1,217,0.109748
581.229,1,216.5,0.109726
582.095,1,216,0.109706
582.961,1,215.5,0.109688
583.827,1,215,0.10967
584.693,1,214.5,0.109654
585.559,1,214,0.109637
586.425,1,213.5,0.109621
587.291,1,213,0.109606
588.157,1,212.5,0.109591
589.023,1,212,0.109577
589.889,1,211.5,0.109564
590.755,1,211,0.10955
591.621,1,210.5,0.109538
592.487,1,210,0.109526
593.353,1,209.5,0.109515
594.219,1,209,0.109505
595.085,1,208.5,0.109495
595.951,1,208,0.109485
596.817,1,207.5,0.109476
597.683,1,207,0.109467
598.549,1,206.5,0.109458
599.415,1,206,0.10945
600.281,1,205.5,0.109442
601.147,1,205,0.109434
602.013,1,204.5,0.109427
602.879,1,204,0.109421
603.745,1,203.5,0.109415
604.611,1,203,0.109409
605.477,1,202.5,0.109403
606.344,1,202,0.109397
607.21,1,201.5,0.109391
608.076,1,201,0.109386
608.942,1,200.5,0.109381
609.808,1,200,0.109375
