x,y,z,b
90.1924,1,500,0.10464
91.0584,1,499.5,0.104612
91.9244,1,499,0.104584
92.7905,1,498.5,0.104556
93.6565,1,498,0.104527
94.5225,1,497.5,0.104499
95.3885,1,497,0.10447
96.2546,1,496.5,0.104434
97.1206,1,496,0.104394
97.9866,1,495.5,0.104354
98.8526,1,495,0.104314
99.7187,1,494.5,0.104274
100.585,1,494,0.104233
101.451,1,493.5,0.104189
102.317,1,493,0.104139
103.183,1,492.5,0.104088
104.049,1,492,0.104038
104.915,1,491.5,0.103987
105.781,1,491,0.103936
106.647,1,490.5,0.103886
107.513,1,490,0.103834
108.379,1,489.5,0.103783
109.245,1,489,0.103732
110.111,1,488.5,0.103681
110.977,1,488,0.10363
111.843,1,487.5,0.10358
112.709,1,487,0.103535
113.575,1,486.5,0.103493
114.441,1,486,0.103452
115.307,1,485.5,0.10341
116.173,1,485,0.10337
117.039,1,484.5,0.103329
117.905,1,484,0.103293
118.771,1,483.5,0.103267
119.637,1,483,0.103241
120.503,1,482.5,0.103216
121.369,1,482,0.103192
122.235,1,481.5,0.103168
123.101,1,481,0.103146
123.967,1,480.5,0.103139
124.833,1,480,0.103134
125.699,1,479.5,0.10313
126.565,1,479,0.103126
127.431,1,478.5,0.103124
128.297,1,478,0.103123
129.164,1,477.5,0.103137
130.03,1,477,0.103157
130.896,1,476.5,0.103178
131.762,1,476,0.103201
132.628,1,475.5,0.103224
133.494,1,475,0.103249
134.36,1,474.5,0.103285
135.226,1,474,0.103334
136.092,1,473.5,0.103386
136.958,1,473,0.103439
137.824,1,472.5,0.103495
138.69,1,472,0.103553
139.556,1,471.5,0.103616
140.422,1,471,0.103702
141.288,1,470.5,0.10379
142.154,1,470,0.103881
143.02,1,469.5,0.103973
143.886,1,469,0.104068
144.752,1,468.5,0.104164
145.618,1,468,0.104286
146.484,1,467.5,0.104417
147.35,1,467,0.104552
148.216,1,466.5,0.10469
149.082,1,466,0.104831
149.948,1,465.5,0.104974
150.814,1,465,0.105134
151.68,1,464.5,0.105313
152.546,1,464,0.105494
153.412,1,463.5,0.105679
154.278,1,463,0.105866
155.144,1,462.5,0.106057
156.01,1,462,0.106257
156.876,1,461.5,0.106489
157.742,1,461,0.106724
158.608,1,460.5,0.106964
159.474,1,460,0.107206
160.34,1,459.5,0.107453
161.206,1,459,0.107703
162.072,1,458.5,0.10798
162.939,1,458,0.108264
163.805,1,457.5,0.108552
164.671,1,457,0.108844
165.537,1,456.5,0.109141
166.403,1,456,0.109444
167.269,1,455.5,0.109765
168.135,1,455,0.110101
169.001,1,454.5,0.110441
169.867,1,454,0.110785
170.733,1,453.5,0.111134
171.599,1,453,0.111487
172.465,1,452.5,0.111847
173.331,1,452,0.112223
174.197,1,451.5,0.112603
175.063,1,451,0.112989
175.929,1,450.5,0.113382
176.795,1,450,0.11378
177.661,1,449.5,0.114183
178.527,1,449,0.114599
179.393,1,448.5,0.115021
180.259,1,448,0.115447
181.125,1,447.5,0.115877
181.991,1,447,0.116312
182.857,1,446.5,0.116751
183.723,1,446,0.117195
184.589,1,445.5,0.117645
185.455,1,445,0.1181
186.321,1,444.5,0.11856
187.187,1,444,0.119025
188.053,1,443.5,0.119494
188.919,1,443,0.119967
189.785,1,442.5,0.120441
190.651,1,442,0.120921
191.517,1,441.5,0.121405
192.383,1,441,0.121895
193.249,1,440.5,0.12239
194.115,1,440,0.122891
194.981,1,439.5,0.123393
195.847,1,439,0.123902
196.714,1,438.5,0.124417
197.58,1,438,0.124939
198.446,1,437.5,0.125469
199.312,1,437,0.126004
200.178,1,436.5,0.126547
201.044,1,436,0.127097
201.91,1,435.5,0.127656
202.776,1,435,0.128224
203.642,1,434.5,0.128803
204.508,1,434,0.129394
205.374,1,433.5,0.130001
206.24,1,433,0.130635
207.106,1,432.5,0.131284
207.972,1,432,0.13195
208.838,1,431.5,0.132632
209.704,1,431,0.13333
210.57,1,430.5,0.134045
211.436,1,430,0.134813
212.302,1,429.5,0.1356
213.168,1,429,0.136411
214.034,1,428.5,0.137249
214.9,1,428,0.138112
215.766,1,427.5,0.138998
216.632,1,427,0.139985
217.498,1,426.5,0.141041
218.364,1,426,0.14214
219.23,1,425.5,0.143282
220.096,1,425,0.144466
220.962,1,424.5,0.145693
221.828,1,424,0.147051
222.694,1,423.5,0.148657
223.56,1,423,0.150344
224.426,1,422.5,0.152082
225.292,1,422,0.15387
226.158,1,421.5,0.155709
227.024,1,421,0.157581
227.89,1,420.5,0.159291
228.756,1,420,0.161013
229.622,1,419.5,0.162747
230.488,1,419,0.164492
231.355,1,418.5,0.166249
232.221,1,418,0.16777
233.087,1,417.5,0.168679
233.953,1,417,0.169348
234.819,1,416.5,0.169914
235.685,1,416,0.170377
236.551,1,415.5,0.170736
237.417,1,415,0.170991
238.283,1,414.5,0.171123
239.149,1,414,0.171206
240.015,1,413.5,0.171295
240.881,1,413,0.171392
241.747,1,412.5,0.171452
242.613,1,412,0.171601
243.479,1,411.5,0.171902
244.345,1,411,0.172579
245.211,1,410.5,0.173372
246.077,1,410,0.174282
246.943,1,409.5,0.17531
247.809,1,409,0.176454
248.675,1,408.5,0.177716
249.541,1,408,0.178766
250.407,1,407.5,0.179777
251.273,1,407,0.181151
252.139,1,406.5,0.18253
253.005,1,406,0.183844
253.871,1,405.5,0.185095
254.737,1,405,0.185989
255.603,1,404.5,0.186516
256.469,1,404,0.186952
257.335,1,403.5,0.187297
258.201,1,403,0.18755
259.067,1,402.5,0.187712
259.933,1,402,0.187826
260.799,1,401.5,0.188231
261.665,1,401,0.18864
262.531,1,400.5,0.189036
263.397,1,400,0.189418
264.263,1,399.5,0.189786
265.13,1,399,0.190141
265.996,1,398.5,0.190488
266.862,1,398,0.190783
267.728,1,397.5,0.191021
268.594,1,397,0.191202
269.46,1,396.5,0.191327
270.326,1,396,0.191484
271.192,1,395.5,0.191632
272.058,1,395,0.191849
272.924,1,394.5,0.192044
273.79,1,394,0.192218
274.656,1,393.5,0.19237
275.522,1,393,0.192501
276.388,1,392.5,0.192486
277.254,1,392,0.192163
278.12,1,391.5,0.191968
278.986,1,391,0.191897
279.852,1,390.5,0.191751
280.718,1,390,0.191663
281.584,1,389.5,0.191632
282.45,1,389,0.191484
283.316,1,388.5,0.191392
284.182,1,388,0.191369
285.048,1,387.5,0.191416
285.914,1,387,0.191532
286.78,1,386.5,0.191718
287.646,1,386,0.192072
288.512,1,385.5,0.192519
289.378,1,385,0.193327
290.244,1,384.5,0.194047
291.11,1,384,0.19468
291.976,1,383.5,0.195226
292.842,1,383,0.19579
293.708,1,382.5,0.196459
294.574,1,382,0.196965
295.44,1,381.5,0.197308
296.306,1,381,0.197488
297.172,1,380.5,0.197506
298.038,1,380,0.197407
298.905,1,379.5,0.198528
299.771,1,379,0.199477
300.637,1,378.5,0.200242
301.503,1,378,0.200823
302.369,1,377.5,0.20122
303.235,1,377,0.201434
304.101,1,376.5,0.202547
304.967,1,376,0.204033
305.833,1,375.5,0.205376
306.699,1,375,0.206577
307.565,1,374.5,0.207753
308.431,1,374,0.209187
309.297,1,373.5,0.211063
310.163,1,373,0.213862
311.029,1,372.5,0.216528
311.895,1,372,0.21906
312.761,1,371.5,0.221459
313.627,1,371,0.223724
314.493,1,370.5,0.225838
315.359,1,370,0.227579
316.225,1,369.5,0.229438
317.091,1,369,0.231396
317.957,1,368.5,0.233337
318.823,1,368,0.235254
319.689,1,367.5,0.237147
320.555,1,367,0.237437
321.421,1,366.5,0.237424
322.287,1,366,0.237735
323.153,1,365.5,0.23837
324.019,1,365,0.239328
324.885,1,364.5,0.24061
325.751,1,364,0.240985
326.617,1,363.5,0.23977
327.483,1,363,0.23854
328.349,1,362.5,0.2377
329.215,1,362,0.23725
330.081,1,361.5,0.23719
330.947,1,361,0.237032
331.813,1,360.5,0.232857
332.679,1,360,0.228891
333.546,1,359.5,0.225135
334.412,1,359,0.221589
335.278,1,358.5,0.218253
336.144,1,358,0.215169
337.01,1,357.5,0.211403
337.876,1,357,0.206785
338.742,1,356.5,0.201526
339.608,1,356,0.195628
340.474,1,355.5,0.18909
341.34,1,355,0.181913
342.206,1,354.5,0.179566
343.072,1,354,0.182982
343.938,1,353.5,0.186148
344.804,1,353,0.189065
345.67,1,352.5,0.191736
346.536,1,352,0.192714
347.402,1,351.5,0.195614
348.268,1,351,0.218232
349.134,1,350.5,0.238209
350,1,350,0.255547
350.866,1,349.5,0.270245
351.732,1,349,0.282302
352.598,1,348.5,0.29172
353.464,1,348,0.282079
354.33,1,347.5,0.269624
355.196,1,347,0.261184
356.062,1,346.5,0.256122
356.928,1,346,0.251266
357.794,1,345.5,0.246618
358.66,1,345,0.243423
359.526,1,344.5,0.241431
360.392,1,344,0.239492
361.258,1,343.5,0.237605
362.124,1,343,0.235771
362.99,1,342.5,0.23399
363.856,1,342,0.232644
364.722,1,341.5,0.234958
365.588,1,341,0.238516
366.454,1,340.5,0.241821
367.321,1,340,0.244873
368.187,1,339.5,0.24767
369.053,1,339,0.250214
369.919,1,338.5,0.252054
370.785,1,338,0.253665
371.651,1,337.5,0.255102
372.517,1,337,0.256366
373.383,1,336.5,0.257456
374.249,1,336,0.257346
375.115,1,335.5,0.256634
375.981,1,335,0.255952
376.847,1,334.5,0.255362
377.713,1,334,0.254865
378.579,1,333.5,0.25446
379.445,1,333,0.254148
380.311,1,332.5,0.253623
381.177,1,332,0.252427
382.043,1,331.5,0.251427
382.909,1,331,0.250623
383.775,1,330.5,0.250497
384.641,1,330,0.250626
385.507,1,329.5,0.2508
386.373,1,329,0.250603
387.239,1,328.5,0.250399
388.105,1,328,0.250205
388.971,1,327.5,0.250023
389.837,1,327,0.249851
390.703,1,326.5,0.24969
391.569,1,326,0.250121
392.435,1,325.5,0.250822
393.301,1,325,0.251998
394.167,1,324.5,0.253143
395.033,1,324,0.254092
395.899,1,323.5,0.254845
396.765,1,323,0.256362
397.631,1,322.5,0.259438
398.497,1,322,0.261944
399.363,1,321.5,0.263881
400.229,1,321,0.265249
401.095,1,320.5,0.266046
401.962,1,320,0.266313
402.828,1,319.5,0.271028
403.694,1,319,0.275165
404.56,1,318.5,0.27851
405.426,1,318,0.281063
406.292,1,317.5,0.282825
407.158,1,317,0.283795
408.024,1,316.5,0.286069
408.89,1,316,0.289138
409.756,1,315.5,0.292201
410.622,1,315,0.295257
411.488,1,314.5,0.298307
412.354,1,314,0.30145
413.22,1,313.5,0.303408
414.086,1,313,0.304598
414.952,1,312.5,0.30607
415.818,1,312,0.307824
416.684,1,311.5,0.30986
417.55,1,311,0.312177
418.416,1,310.5,0.314086
419.282,1,310,0.305785
420.148,1,309.5,0.296618
421.014,1,309,0.286587
421.88,1,308.5,0.273458
422.746,1,308,0.257516
423.612,1,307.5,0.238804
424.478,1,307,0.212822
425.344,1,306.5,0.186407
426.21,1,306,0.1616
427.076,1,305.5,0.138401
427.942,1,305,0.116809
428.808,1,304.5,0.0968248
429.674,1,304,0.0861307
430.54,1,303.5,0.0875028
431.406,1,303,0.0948688
432.272,1,302.5,0.102716
433.138,1,302,0.111045
434.004,1,301.5,0.119856
434.87,1,301,0.12914
435.737,1,300.5,0.138302
436.603,1,300,0.146969
437.469,1,299.5,0.155143
438.335,1,299,0.162824
439.201,1,298.5,0.17001
440.067,1,298,0.176677
440.933,1,297.5,0.180134
441.799,1,297,0.182732
442.665,1,296.5,0.185096
443.531,1,296,0.187227
444.397,1,295.5,0.189125
445.263,1,295,0.190789
446.129,1,294.5,0.190399
446.995,1,294,0.187942
447.861,1,293.5,0.185318
448.727,1,293,0.182527
449.593,1,292.5,0.179536
450.459,1,292,0.176209
451.325,1,291.5,0.172572
452.191,1,291,0.168132
453.057,1,290.5,0.163667
453.923,1,290,0.159177
454.789,1,289.5,0.154661
455.655,1,289,0.15012
456.521,1,288.5,0.145554
457.387,1,288,0.142593
458.253,1,287.5,0.139931
459.119,1,287,0.137307
459.985,1,286.5,0.134721
460.851,1,286,0.1322
461.717,1,285.5,0.129745
462.583,1,285,0.12806
463.449,1,284.5,0.126967
464.315,1,284,0.125865
465.181,1,283.5,0.124754
466.047,1,283,0.123635
466.913,1,282.5,0.122508
467.779,1,282,0.121463
468.645,1,281.5,0.120702
469.512,1,281,0.119913
470.378,1,280.5,0.119119
471.244,1,280,0.11832
472.11,1,279.5,0.117516
472.976,1,279,0.116707
473.842,1,278.5,0.116214
474.708,1,278,0.11575
475.574,1,277.5,0.115287
476.44,1,277,0.114825
477.306,1,276.5,0.114363
478.172,1,276,0.113901
479.038,1,275.5,0.113582
479.904,1,275,0.113356
480.77,1,274.5,0.11313
481.636,1,274,0.112904
482.502,1,273.5,0.112677
483.368,1,273,0.112451
484.234,1,272.5,0.112264
485.1,1,272,0.112173
485.966,1,271.5,0.112082
486.832,1,271,0.111989
487.698,1,270.5,0.111897
488.564,1,270,0.111805
489.43,1,269.5,0.111713
490.296,1,269,0.111699
491.162,1,268.5,0.111686
492.028,1,268,0.111673
492.894,1,267.5,0.111658
493.76,1,267,0.111643
494.626,1,266.5,0.111627
495.492,1,266,0.111647
496.358,1,265.5,0.111685
497.224,1,265,0.111725
498.09,1,264.5,0.111767
498.956,1,264,0.111808
499.822,1,263.5,0.111849
500.688,1,263,0.111891
501.554,1,262.5,0.111937
502.42,1,262,0.111981
503.286,1,261.5,0.112025
504.153,1,261,0.112068
505.019,1,260.5,0.11211
505.885,1,260,0.11215
506.751,1,259.5,0.112191
507.617,1,259,0.112232
508.483,1,258.5,0.112273
509.349,1,258,0.112313
510.215,1,257.5,0.112351
511.081,1,257,0.112389
511.947,1,256.5,0.112416
512.813,1,256,0.112439
513.679,1,255.5,0.11246
514.545,1,255,0.11248
515.411,1,254.5,0.112499
516.277,1,254,0.112518
517.143,1,253.5,0.112534
518.009,1,253,0.112545
518.875,1,252.5,0.112554
519.741,1,252,0.112562
520.607,1,251.5,0.112569
521.473,1,251,0.112574
522.339,1,250.5,0.112578
523.205,1,250,0.112577
524.071,1,249.5,0.112575
524.937,1,249,0.112571
525.803,1,248.5,0.112568
526.669,1,248,0.112566
527.535,1,247.5,0.112562
528.401,1,247,0.112552
529.267,1,246.5,0.11254
530.133,1,246,0.112525
530.999,1,245.5,0.112509
531.865,1,245,0.11249
532.731,1,244.5,0.11247
533.597,1,244,0.112446
534.463,1,243.5,0.112417
535.329,1,243,0.112395
536.195,1,242.5,0.112375
537.061,1,242,0.112353
537.928,1,241.5,0.112329
538.794,1,241,0.112304
539.66,1,240.5,0.112272
540.526,1,240,0.112239
541.392,1,239.5,0.112205
542.258,1,239,0.112169
543.124,1,238.5,0.112131
543.99,1,238,0.112091
544.856,1,237.5,0.112057
545.722,1,237,0.112025
546.588,1,236.5,0.11199
547.454,1,236,0.111954
548.32,1,235.5,0.111916
549.186,1,235,0.111877
550.052,1,234.5,0.111834
550.918,1,234,0.111788
551.784,1,233.5,0.111741
552.65,1,233,0.111692
553.516,1,232.5,0.111643
554.382,1,232,0.111602
555.248,1,231.5,0.11156
556.114,1,231,0.111514
556.98,1,230.5,0.111467
557.846,1,230,0.111419
558.712,1,229.5,0.111371
559.578,1,229,0.111321
560.444,1,228.5,0.111271
561.31,1,228,0.111217
562.176,1,227.5,0.111162
563.042,1,227,0.111108
563.908,1,226.5,0.111062
564.774,1,226,0.111016
565.64,1,225.5,0.110969
566.506,1,225,0.110919
567.372,1,224.5,0.110866
568.238,1,224,0.110813
569.104,1,223.5,0.110759
569.97,1,223,0.110706
570.836,1,222.5,0.110653
571.703,1,222,0.110598
572.569,1,221.5,0.110539
573.435,1,221,0.11049
574.301,1,220.5,0.110441
575.167,1,220,0.110393
576.033,1,219.5,0.110345
576.899,1,219,0.110297
577.765,1,218.5,0.110246
578.631,1,218,0.110194
579.497,1,217.5,0.110143
580.363,1,217,0.110093
581.229,1,216.5,0.110043
582.095,1,216,0.109994
582.961,1,215.5,0.109951
583.827,1,215,0.109906
584.693,1,214.5,0.109863
585.559,1,214,0.109819
586.425,1,213.5,0.109777
587.291,1,213,0.109735
588.157,1,212.5,0.109692
589.023,1,212,0.10965
589.889,1,211.5,0.109607
590.755,1,211,0.109566
591.621,1,210.5,0.109526
592.487,1,210,0.109493
593.353,1,209.5,0.10946
594.219,1,209,0.109428
595.085,1,208.5,0.109397
595.951,1,208,0.109366
596.817,1,207.5,0.109335
597.683,1,207,0.109306
598.549,1,206.5,0.109276
599.415,1,206,0.109248
600.281,1,205.5,0.10922
601.147,1,205,0.109194
602.013,1,204.5,0.109173
602.879,1,204,0.109153
603.745,1,203.5,0.109133
604.611,1,203,0.109114
605.477,1,202.5,0.109095
606.344,1,202,0.109077
607.21,1,201.5,0.10906
608.076,1,201,0.109043
608.942,1,200.5,0.109027
609.808,1,200,0.109011
