x,y,z,b
90.1924,1,500,0.107262
91.0584,1,499.5,0.107237
91.9244,1,499,0.107213
92.7905,1,498.5,0.107188
93.6565,1,498,0.107163
94.5225,1,497.5,0.107137
95.3885,1,497,0.107112
96.2546,1,496.5,0.107083
97.1206,1,496,0.107051
97.9866,1,495.5,0.10702
98.8526,1,495,0.106988
99.7187,1,494.5,0.106956
100.585,1,494,0.106923
101.451,1,493.5,0.106888
102.317,1,493,0.106849
103.183,1,492.5,0.106809
104.049,1,492,0.106769
104.915,1,491.5,0.106729
105.781,1,491,0.106688
106.647,1,490.5,0.106647
107.513,1,490,0.106601
108.379,1,489.5,0.106554
109.245,1,489,0.106507
110.111,1,488.5,0.106459
110.977,1,488,0.106411
111.843,1,487.5,0.106363
112.709,1,487,0.106311
113.575,1,486.5,0.106257
114.441,1,486,0.106202
115.307,1,485.5,0.106147
116.173,1,485,0.106091
117.039,1,484.5,0.106035
117.905,1,484,0.105977
118.771,1,483.5,0.105915
119.637,1,483,0.105853
120.503,1,482.5,0.10579
121.369,1,482,0.105727
122.235,1,481.5,0.105663
123.101,1,481,0.105599
123.967,1,480.5,0.105529
124.833,1,480,0.105458
125.699,1,479.5,0.105386
126.565,1,479,0.105314
127.431,1,478.5,0.105242
128.297,1,478,0.105169
129.164,1,477.5,0.105091
130.03,1,477,0.105011
130.896,1,476.5,0.104931
131.762,1,476,0.10485
132.628,1,475.5,0.104768
133.494,1,475,0.104685
134.36,1,474.5,0.104599
135.226,1,474,0.104508
136.092,1,473.5,0.104417
136.958,1,473,0.104324
137.824,1,472.5,0.104231
138.69,1,472,0.104137
139.556,1,471.5,0.104041
140.422,1,471,0.103938
141.288,1,470.5,0.103835
142.154,1,470,0.10373
143.02,1,469.5,0.103625
143.886,1,469,0.103519
144.752,1,468.5,0.103412
145.618,1,468,0.103297
146.484,1,467.5,0.10318
147.35,1,467,0.103062
148.216,1,466.5,0.102943
149.082,1,466,0.102822
149.948,1,465.5,0.102701
150.814,1,465,0.102575
151.68,1,464.5,0.102444
152.546,1,464,0.102312
153.412,1,463.5,0.102178
154.278,1,463,0.102044
155.144,1,462.5,0.101908
156.01,1,462,0.10177
156.876,1,461.5,0.101624
157.742,1,461,0.101477
158.608,1,460.5,0.101328
159.474,1,460,0.101178
160.34,1,459.5,0.101027
161.206,1,459,0.100874
162.072,1,458.5,0.100715
162.939,1,458,0.100554
163.805,1,457.5,0.100392
164.671,1,457,0.100228
165.537,1,456.5,0.100063
166.403,1,456,0.0998965
167.269,1,455.5,0.0997266
168.135,1,455,0.0995539
169.001,1,454.5,0.0993798
169.867,1,454,0.0992045
170.733,1,453.5,0.0990277
171.599,1,453,0.0988497
172.465,1,452.5,0.0986714
173.331,1,452,0.0984954
174.197,1,451.5,0.0983182
175.063,1,451,0.0981399
175.929,1,450.5,0.0979603
176.795,1,450,0.0977796
177.661,1,449.5,0.0975978
178.527,1,449,0.0974248
179.393,1,448.5,0.0972523
180.259,1,448,0.0970793
181.125,1,447.5,0.096906
181.991,1,447,0.0967322
182.857,1,446.5,0.0965579
183.723,1,446,0.0964038
184.589,1,445.5,0.0962656
185.455,1,445,0.0961317
186.321,1,444.5,0.0960005
187.187,1,444,0.095872
188.053,1,443.5,0.0957461
188.919,1,443,0.0956413
189.785,1,442.5,0.0955869
190.651,1,442,0.0955375
191.517,1,441.5,0.095493
192.383,1,441,0.0954534
193.249,1,440.5,0.0954187
194.115,1,440,0.0953982
194.981,1,439.5,0.0954918
195.847,1,439,0.0956018
196.714,1,438.5,0.0957255
197.58,1,438,0.095863
198.446,1,437.5,0.096014
199.312,1,437,0.0961788
200.178,1,436.5,0.0964549
201.044,1,436,0.0968023
201.91,1,435.5,0.097171
202.776,1,435,0.0975609
203.642,1,434.5,0.0980151
204.508,1,434,0.0985375
205.374,1,433.5,0.0991569
206.24,1,433,0.0999403
207.106,1,432.5,0.100768
207.972,1,432,0.101641
208.838,1,431.5,0.102559
209.704,1,431,0.103521
210.57,1,430.5,0.104533
211.436,1,430,0.10579
212.302,1,429.5,0.107101
213.168,1,429,0.108602
214.034,1,428.5,0.11027
214.9,1,428,0.112017
215.766,1,427.5,0.113845
216.632,1,427,0.115866
217.498,1,426.5,0.11802
218.364,1,426,0.12026
219.23,1,425.5,0.122587
220.096,1,425,0.125
220.962,1,424.5,0.127499
221.828,1,424,0.130031
222.694,1,423.5,0.13278
223.56,1,423,0.135688
224.426,1,422.5,0.138629
225.292,1,422,0.141604
226.158,1,421.5,0.144612
227.024,1,421,0.147608
227.89,1,420.5,0.150109
228.756,1,420,0.15258
229.622,1,419.5,0.155022
230.488,1,419,0.157433
231.355,1,418.5,0.159814
232.221,1,418,0.162065
233.087,1,417.5,0.163927
233.953,1,417,0.165678
234.819,1,416.5,0.167413
235.685,1,416,0.169131
236.551,1,415.5,0.170833
237.417,1,415,0.172518
238.283,1,414.5,0.17407
239.149,1,414,0.175449
240.015,1,413.5,0.17679
240.881,1,413,0.178094
241.747,1,412.5,0.179546
242.613,1,412,0.180967
243.479,1,411.5,0.182286
244.345,1,411,0.183406
245.211,1,410.5,0.184392
246.077,1,410,0.185246
246.943,1,409.5,0.185968
247.809,1,409,0.186557
248.675,1,408.5,0.187013
249.541,1,408,0.187667
250.407,1,407.5,0.188319
251.273,1,407,0.188959
252.139,1,406.5,0.18951
253.005,1,406,0.18996
253.871,1,405.5,0.190307
254.737,1,405,0.190749
255.603,1,404.5,0.191313
256.469,1,404,0.191822
257.335,1,403.5,0.192276
258.201,1,403,0.192674
259.067,1,402.5,0.193017
259.933,1,402,0.193359
260.799,1,401.5,0.193933
261.665,1,401,0.194434
262.531,1,400.5,0.194854
263.397,1,400,0.195195
264.263,1,399.5,0.195455
265.13,1,399,0.195635
265.996,1,398.5,0.196289
266.862,1,398,0.197018
267.728,1,397.5,0.197751
268.594,1,397,0.198487
269.46,1,396.5,0.199226
270.326,1,396,0.20033
271.192,1,395.5,0.201746
272.058,1,395,0.203402
272.924,1,394.5,0.205086
273.79,1,394,0.206798
274.656,1,393.5,0.208538
275.522,1,393,0.210305
276.388,1,392.5,0.212055
277.254,1,392,0.213724
278.12,1,391.5,0.215463
278.986,1,391,0.217264
279.852,1,390.5,0.218871
280.718,1,390,0.22049
281.584,1,389.5,0.222123
282.45,1,389,0.223728
283.316,1,388.5,0.225353
284.182,1,388,0.227
285.048,1,387.5,0.228671
285.914,1,387,0.230365
286.78,1,386.5,0.232081
287.646,1,386,0.233939
288.512,1,385.5,0.236003
289.378,1,385,0.239002
290.244,1,384.5,0.242336
291.11,1,384,0.246004
291.976,1,383.5,0.250008
292.842,1,383,0.254378
293.708,1,382.5,0.259026
294.574,1,382,0.263808
295.44,1,381.5,0.268726
296.306,1,381,0.273778
297.172,1,380.5,0.278965
298.038,1,380,0.284073
298.905,1,379.5,0.275604
299.771,1,379,0.267121
300.637,1,378.5,0.258745
301.503,1,378,0.250477
302.369,1,377.5,0.242317
303.235,1,377,0.234264
304.101,1,376.5,0.227814
304.967,1,376,0.221563
305.833,1,375.5,0.214671
306.699,1,375,0.207139
307.565,1,374.5,0.199265
308.431,1,374,0.191686
309.297,1,373.5,0.187364
310.163,1,373,0.189614
311.029,1,372.5,0.191235
311.895,1,372,0.192227
312.761,1,371.5,0.19259
313.627,1,371,0.192324
314.493,1,370.5,0.191769
315.359,1,370,0.198076
316.225,1,369.5,0.204629
317.091,1,369,0.21136
317.957,1,368.5,0.217908
318.823,1,368,0.224316
319.689,1,367.5,0.230583
320.555,1,367,0.235139
321.421,1,366.5,0.239374
322.287,1,366,0.243928
323.153,1,365.5,0.248801
324.019,1,365,0.253992
324.885,1,364.5,0.259501
325.751,1,364,0.263477
326.617,1,363.5,0.264866
327.483,1,363,0.266132
328.349,1,362.5,0.267579
329.215,1,362,0.269209
330.081,1,361.5,0.27102
330.947,1,361,0.272764
331.813,1,360.5,0.272413
332.679,1,360,0.272114
333.546,1,359.5,0.27187
334.412,1,359,0.271678
335.278,1,358.5,0.271539
336.144,1,358,0.271458
337.01,1,357.5,0.26918
337.876,1,357,0.266472
338.742,1,356.5,0.263967
339.608,1,356,0.261665
340.474,1,355.5,0.259564
341.34,1,355,0.257667
342.206,1,354.5,0.256102
343.072,1,354,0.254919
343.938,1,353.5,0.253983
344.804,1,353,0.253294
345.67,1,352.5,0.252261
346.536,1,352,0.25057
347.402,1,351.5,0.251663
348.268,1,351,0.267777
349.134,1,350.5,0.283492
350,1,350,0.298808
350.866,1,349.5,0.313724
351.732,1,349,0.32824
352.598,1,348.5,0.342358
353.464,1,348,0.331304
354.33,1,347.5,0.318008
355.196,1,347,0.306326
356.062,1,346.5,0.29592
356.928,1,346,0.287537
357.794,1,345.5,0.281179
358.66,1,345,0.277757
359.526,1,344.5,0.276331
360.392,1,344,0.275824
361.258,1,343.5,0.276235
362.124,1,343,0.277566
362.99,1,342.5,0.279816
363.856,1,342,0.281715
364.722,1,341.5,0.277078
365.588,1,341,0.271832
366.454,1,340.5,0.267809
367.321,1,340,0.26501
368.187,1,339.5,0.263435
369.053,1,339,0.263082
369.919,1,338.5,0.257747
370.785,1,338,0.252069
371.651,1,337.5,0.246705
372.517,1,337,0.241655
373.383,1,336.5,0.236919
374.249,1,336,0.230765
375.115,1,335.5,0.222364
375.981,1,335,0.211828
376.847,1,334.5,0.200283
377.713,1,334,0.18773
378.579,1,333.5,0.174168
379.445,1,333,0.159597
380.311,1,332.5,0.148541
381.177,1,332,0.149046
382.043,1,331.5,0.148952
382.909,1,331,0.148261
383.775,1,330.5,0.14697
384.641,1,330,0.14516
385.507,1,329.5,0.142843
386.373,1,329,0.143186
387.239,1,328.5,0.143722
388.105,1,328,0.144312
388.971,1,327.5,0.144956
389.837,1,327,0.145653
390.703,1,326.5,0.146404
391.569,1,326,0.145782
392.435,1,325.5,0.144416
393.301,1,325,0.143008
394.167,1,324.5,0.141599
395.033,1,324,0.140216
395.899,1,323.5,0.138859
396.765,1,323,0.137371
397.631,1,322.5,0.13558
398.497,1,322,0.133808
399.363,1,321.5,0.132055
400.229,1,321,0.13032
401.095,1,320.5,0.128605
401.962,1,320,0.126914
402.828,1,319.5,0.125726
403.694,1,319,0.124536
404.56,1,318.5,0.123357
405.426,1,318,0.122189
406.292,1,317.5,0.121031
407.158,1,317,0.119884
408.024,1,316.5,0.119198
408.89,1,316,0.118712
409.756,1,315.5,0.118225
410.622,1,315,0.117739
411.488,1,314.5,0.117252
412.354,1,314,0.116752
413.22,1,313.5,0.116392
414.086,1,313,0.116252
414.952,1,312.5,0.11611
415.818,1,312,0.115967
416.684,1,311.5,0.115823
417.55,1,311,0.115677
418.416,1,310.5,0.115539
419.282,1,310,0.115524
420.148,1,309.5,0.115506
421.014,1,309,0.115483
421.88,1,308.5,0.115469
422.746,1,308,0.115454
423.612,1,307.5,0.115437
424.478,1,307,0.115495
425.344,1,306.5,0.115573
426.21,1,306,0.115646
427.076,1,305.5,0.115713
427.942,1,305,0.115775
428.808,1,304.5,0.115831
429.674,1,304,0.115903
430.54,1,303.5,0.115997
431.406,1,303,0.116103
432.272,1,302.5,0.116202
433.138,1,302,0.116295
434.004,1,301.5,0.11638
434.87,1,301,0.116462
435.737,1,300.5,0.116568
436.603,1,300,0.116667
437.469,1,299.5,0.11676
438.335,1,299,0.116847
439.201,1,298.5,0.116929
440.067,1,298,0.117006
440.933,1,297.5,0.117106
441.799,1,297,0.117204
442.665,1,296.5,0.117298
443.531,1,296,0.117386
444.397,1,295.5,0.11747
445.263,1,295,0.117549
446.129,1,294.5,0.117623
446.995,1,294,0.117695
447.861,1,293.5,0.117764
448.727,1,293,0.117831
449.593,1,292.5,0.117897
450.459,1,292,0.117966
451.325,1,291.5,0.118028
452.191,1,291,0.11808
453.057,1,290.5,0.118129
453.923,1,290,0.118176
454.789,1,289.5,0.11822
455.655,1,289,0.118263
456.521,1,288.5,0.118303
457.387,1,288,0.118328
458.253,1,287.5,0.11835
459.119,1,287,0.118371
459.985,1,286.5,0.118394
460.851,1,286,0.118413
461.717,1,285.5,0.118431
462.583,1,285,0.118436
463.449,1,284.5,0.118433
464.315,1,284,0.118427
465.181,1,283.5,0.118421
466.047,1,283,0.118412
466.913,1,282.5,0.118402
467.779,1,282,0.118387
468.645,1,281.5,0.118357
469.512,1,281,0.118331
470.378,1,280.5,0.118303
471.244,1,280,0.118273
472.11,1,279.5,0.118241
472.976,1,279,0.118207
473.842,1,278.5,0.118157
474.708,1,278,0.118104
475.574,1,277.5,0.11805
476.44,1,277,0.117994
477.306,1,276.5,0.117936
478.172,1,276,0.117879
479.038,1,275.5,0.11782
479.904,1,275,0.117755
480.77,1,274.5,0.117688
481.636,1,274,0.11762
482.502,1,273.5,0.117549
483.368,1,273,0.117477
484.234,1,272.5,0.1174
485.1,1,272,0.117316
485.966,1,271.5,0.117229
486.832,1,271,0.117142
487.698,1,270.5,0.117058
488.564,1,270,0.116979
489.43,1,269.5,0.116899
490.296,1,269,0.116804
491.162,1,268.5,0.116708
492.028,1,268,0.116612
492.894,1,267.5,0.116514
493.76,1,267,0.116416
494.626,1,266.5,0.116317
495.492,1,266,0.116207
496.358,1,265.5,0.116092
497.224,1,265,0.115984
498.09,1,264.5,0.115882
498.956,1,264,0.115781
499.822,1,263.5,0.11568
500.688,1,263,0.115574
501.554,1,262.5,0.115461
502.42,1,262,0.115349
503.286,1,261.5,0.115237
504.153,1,261,0.115125
505.019,1,260.5,0.115014
505.885,1,260,0.114902
506.751,1,259.5,0.114786
507.617,1,259,0.114675
508.483,1,258.5,0.114565
509.349,1,258,0.114456
510.215,1,257.5,0.114347
511.081,1,257,0.114239
511.947,1,256.5,0.114126
512.813,1,256,0.114011
513.679,1,255.5,0.113897
514.545,1,255,0.113784
515.411,1,254.5,0.113672
516.277,1,254,0.113568
517.143,1,253.5,0.113469
518.009,1,253,0.113369
518.875,1,252.5,0.113269
519.741,1,252,0.11317
520.607,1,251.5,0.113073
521.473,1,251,0.112976
522.339,1,250.5,0.11288
523.205,1,250,0.112781
524.071,1,249.5,0.112684
524.937,1,249,0.112588
525.803,1,248.5,0.112502
526.669,1,248,0.112423
527.535,1,247.5,0.112344
528.401,1,247,0.112266
529.267,1,246.5,0.112188
530.133,1,246,0.112111
530.999,1,245.5,0.112036
531.865,1,245,0.111962
532.731,1,244.5,0.111889
533.597,1,244,0.111817
534.463,1,243.5,0.111746
535.329,1,243,0.111682
536.195,1,242.5,0.11162
537.061,1,242,0.11156
537.928,1,241.5,0.1115
538.794,1,241,0.111442
539.66,1,240.5,0.111384
540.526,1,240,0.111328
541.392,1,239.5,0.111272
542.258,1,239,0.111217
543.124,1,238.5,0.111164
543.99,1,238,0.111111
544.856,1,237.5,0.111063
545.722,1,237,0.111016
546.588,1,236.5,0.11097
547.454,1,236,0.110925
548.32,1,235.5,0.110881
549.186,1,235,0.110838
550.052,1,234.5,0.110796
550.918,1,234,0.110754
551.784,1,233.5,0.110713
552.65,1,233,0.110673
553.516,1,232.5,0.110633
554.382,1,232,0.110597
555.248,1,231.5,0.110561
556.114,1,231,0.110525
556.98,1,230.5,0.11049
557.846,1,230,0.110455
558.712,1,229.5,0.110421
559.578,1,229,0.110388
560.444,1,228.5,0.110354
561.31,1,228,0.110322
562.176,1,227.5,0.11029
563.042,1,227,0.110258
563.908,1,226.5,0.11023
564.774,1,226,0.110203
565.64,1,225.5,0.110177
566.506,1,225,0.110151
567.372,1,224.5,0.110126
568.238,1,224,0.110102
569.104,1,223.5,0.110078
569.97,1,223,0.110054
570.836,1,222.5,0.110031
571.703,1,222,0.110009
572.569,1,221.5,0.109987
573.435,1,221,0.109967
574.301,1,220.5,0.109948
575.167,1,220,0.109929
576.033,1,219.5,0.10991
576.899,1,219,0.109891
577.765,1,218.5,0.109873
578.631,1,218,0.109855
579.497,1,217.5,0.109838
580.363,1,217,0.109821
581.229,1,216.5,0.109804
582.095,1,216,0.109787
582.961,1,215.5,0.109773
583.827,1,215,0.109759
584.693,1,214.5,0.109745
585.559,1,214,0.109731
586.425,1,213.5,0.109718
587.291,1,213,0.109704
588.157,1,212.5,0.109691
589.023,1,212,0.109679
589.889,1,211.5,0.109666
590.755,1,211,0.109653
591.621,1,210.5,0.109641
592.487,1,210,0.109631
593.353,1,209.5,0.109621
594.219,1,209,0.109611
595.085,1,208.5,0.109601
595.951,1,208,0.109591
596.817,1,207.5,0.109582
597.683,1,207,0.109572
598.549,1,206.5,0.109563
599.415,1,206,0.109554
600.281,1,205.5,0.109545
601.147,1,205,0.109536
602.013,1,204.5,0.109528
602.879,1,204,0.109519
603.745,1,203.5,0.109511
604.611,1,203,0.109503
605.477,1,202.5,0.109495
606.344,1,202,0.109487
607.21,1,201.5,0.10948
608.076,1,201,0.109472
608.942,1,200.5,0.109465
609.808,1,200,0.109458
