x,y,z,b
90.1924,1,500,0.109003
91.0584,1,499.5,0.109001
91.9244,1,499,0.109
92.7905,1,498.5,0.108998
93.6565,1,498,0.108997
94.5225,1,497.5,0.108995
95.3885,1,497,0.108994
96.2546,1,496.5,0.108992
97.1206,1,496,0.108989
97.9866,1,495.5,0.108987
98.8526,1,495,0.108985
99.7187,1,494.5,0.108983
100.585,1,494,0.10898
101.451,1,493.5,0.108978
102.317,1,493,0.108975
103.183,1,492.5,0.108972
104.049,1,492,0.108969
104.915,1,491.5,0.108966
105.781,1,491,0.108963
106.647,1,490.5,0.10896
107.513,1,490,0.108956
108.379,1,489.5,0.108952
109.245,1,489,0.108949
110.111,1,488.5,0.108945
110.977,1,488,0.108941
111.843,1,487.5,0.108937
112.709,1,487,0.108933
113.575,1,486.5,0.108929
114.441,1,486,0.108924
115.307,1,485.5,0.10892
116.173,1,485,0.108915
117.039,1,484.5,0.108911
117.905,1,484,0.108906
118.771,1,483.5,0.108901
119.637,1,483,0.108896
120.503,1,482.5,0.108891
121.369,1,482,0.108886
122.235,1,481.5,0.108881
123.101,1,481,0.108875
123.967,1,480.5,0.108869
124.833,1,480,0.108863
125.699,1,479.5,0.108857
126.565,1,479,0.108851
127.431,1,478.5,0.108845
128.297,1,478,0.108838
129.164,1,477.5,0.108832
130.03,1,477,0.108824
130.896,1,476.5,0.108817
131.762,1,476,0.10881
132.628,1,475.5,0.108803
133.494,1,475,0.108795
134.36,1,474.5,0.108788
135.226,1,474,0.108779
136.092,1,473.5,0.10877
136.958,1,473,0.108762
137.824,1,472.5,0.108753
138.69,1,472,0.108744
139.556,1,471.5,0.108735
140.422,1,471,0.108725
141.288,1,470.5,0.108715
142.154,1,470,0.108705
143.02,1,469.5,0.108695
143.886,1,469,0.108685
144.752,1,468.5,0.108674
145.618,1,468,0.108662
146.484,1,467.5,0.10865
147.35,1,467,0.108638
148.216,1,466.5,0.108626
149.082,1,466,0.108613
149.948,1,465.5,0.108601
150.814,1,465,0.108587
151.68,1,464.5,0.108573
152.546,1,464,0.108558
153.412,1,463.5,0.108544
154.278,1,463,0.108529
155.144,1,462.5,0.108514
156.01,1,462,0.108499
156.876,1,461.5,0.108481
157.742,1,461,0.108464
158.608,1,460.5,0.108446
159.474,1,460,0.108428
160.34,1,459.5,0.10841
161.206,1,459,0.108392
162.072,1,458.5,0.108372
162.939,1,458,0.108351
163.805,1,457.5,0.10833
164.671,1,457,0.108308
165.537,1,456.5,0.108287
166.403,1,456,0.108266
167.269,1,455.5,0.108242
168.135,1,455,0.108216
169.001,1,454.5,0.108191
169.867,1,454,0.108165
170.733,1,453.5,0.108138
171.599,1,453,0.108112
172.465,1,452.5,0.108084
173.331,1,452,0.108054
174.197,1,451.5,0.108023
175.063,1,451,0.107992
175.929,1,450.5,0.107961
176.795,1,450,0.10793
177.661,1,449.5,0.107898
178.527,1,449,0.107861
179.393,1,448.5,0.107823
180.259,1,448,0.107785
181.125,1,447.5,0.107747
181.991,1,447,0.107708
182.857,1,446.5,0.107669
183.723,1,446,0.107626
184.589,1,445.5,0.10758
185.455,1,445,0.107533
186.321,1,444.5,0.107487
187.187,1,444,0.10744
188.053,1,443.5,0.107392
188.919,1,443,0.107342
189.785,1,442.5,0.107285
190.651,1,442,0.107227
191.517,1,441.5,0.10717
192.383,1,441,0.107111
193.249,1,440.5,0.107052
194.115,1,440,0.106993
194.981,1,439.5,0.106924
195.847,1,439,0.106855
196.714,1,438.5,0.106785
197.58,1,438,0.106714
198.446,1,437.5,0.106642
199.312,1,437,0.10657
200.178,1,436.5,0.106489
201.044,1,436,0.106402
201.91,1,435.5,0.106314
202.776,1,435,0.106225
203.642,1,434.5,0.106136
204.508,1,434,0.106046
205.374,1,433.5,0.10595
206.24,1,433,0.105843
207.106,1,432.5,0.105735
207.972,1,432,0.105626
208.838,1,431.5,0.105516
209.704,1,431,0.105405
210.57,1,430.5,0.105292
211.436,1,430,0.105157
212.302,1,429.5,0.105021
213.168,1,429,0.104885
214.034,1,428.5,0.104748
214.9,1,428,0.10461
215.766,1,427.5,0.10447
216.632,1,427,0.104311
217.498,1,426.5,0.104143
218.364,1,426,0.103974
219.23,1,425.5,0.103803
220.096,1,425,0.10363
220.962,1,424.5,0.103455
221.828,1,424,0.103265
222.694,1,423.5,0.103054
223.56,1,423,0.102841
224.426,1,422.5,0.102625
225.292,1,422,0.102407
226.158,1,421.5,0.102186
227.024,1,421,0.10196
227.89,1,420.5,0.101696
228.756,1,420,0.101429
229.622,1,419.5,0.10116
230.488,1,419,0.100887
231.355,1,418.5,0.10061
232.221,1,418,0.100333
233.087,1,417.5,0.100018
233.953,1,417,0.0996864
234.819,1,416.5,0.0993513
235.685,1,416,0.099012
236.551,1,415.5,0.0986687
237.417,1,415,0.0983212
238.283,1,414.5,0.0979464
239.149,1,414,0.0975386
240.015,1,413.5,0.0971254
240.881,1,413,0.0967069
241.747,1,412.5,0.0962841
242.613,1,412,0.0958556
243.479,1,411.5,0.0954116
244.345,1,411,0.0948982
245.211,1,410.5,0.0943732
246.077,1,410,0.0938368
246.943,1,409.5,0.0932889
247.809,1,409,0.0927295
248.675,1,408.5,0.0921586
249.541,1,408,0.0916577
250.407,1,407.5,0.0911841
251.273,1,407,0.0907471
252.139,1,406.5,0.0903453
253.005,1,406,0.0899758
253.871,1,405.5,0.0896387
254.737,1,405,0.089686
255.603,1,404.5,0.0901303
256.469,1,404,0.0906388
257.335,1,403.5,0.0912115
258.201,1,403,0.0918485
259.067,1,402.5,0.0925497
259.933,1,402,0.0936374
260.799,1,401.5,0.0962691
261.665,1,401,0.0990112
262.531,1,400.5,0.101853
263.397,1,400,0.104793
264.263,1,399.5,0.107833
265.13,1,399,0.110972
265.996,1,398.5,0.114776
266.862,1,398,0.118629
267.728,1,397.5,0.122444
268.594,1,397,0.126222
269.46,1,396.5,0.129963
270.326,1,396,0.134995
271.192,1,395.5,0.142574
272.058,1,395,0.15315
272.924,1,394.5,0.165392
273.79,1,394,0.179301
274.656,1,393.5,0.194876
275.522,1,393,0.212118
276.388,1,392.5,0.231019
277.254,1,392,0.250403
278.12,1,391.5,0.269597
278.986,1,391,0.288529
279.852,1,390.5,0.304309
280.718,1,390,0.318452
281.584,1,389.5,0.330958
282.45,1,389,0.335064
283.316,1,388.5,0.337906
284.182,1,388,0.339985
285.048,1,387.5,0.341301
285.914,1,387,0.341855
286.78,1,386.5,0.341645
287.646,1,386,0.340247
288.512,1,385.5,0.338481
289.378,1,385,0.336708
290.244,1,384.5,0.335042
291.11,1,384,0.333481
291.976,1,383.5,0.332026
292.842,1,383,0.330824
293.708,1,382.5,0.330011
294.574,1,382,0.329225
295.44,1,381.5,0.328467
296.306,1,381,0.327735
297.172,1,380.5,0.327031
298.038,1,380,0.32637
298.905,1,379.5,0.326577
299.771,1,379,0.326793
300.637,1,378.5,0.327008
301.503,1,378,0.327225
302.369,1,377.5,0.327442
303.235,1,377,0.327659
304.101,1,376.5,0.327762
304.967,1,376,0.327834
305.833,1,375.5,0.327933
306.699,1,375,0.32806
307.565,1,374.5,0.328227
308.431,1,374,0.328465
309.297,1,373.5,0.328717
310.163,1,373,0.328977
311.029,1,372.5,0.329265
311.895,1,372,0.329579
312.761,1,371.5,0.329921
313.627,1,371,0.330291
314.493,1,370.5,0.330684
315.359,1,370,0.33103
316.225,1,369.5,0.331382
317.091,1,369,0.331727
317.957,1,368.5,0.332034
318.823,1,368,0.332338
319.689,1,367.5,0.332638
320.555,1,367,0.332861
321.421,1,366.5,0.333008
322.287,1,366,0.333101
323.153,1,365.5,0.333139
324.019,1,365,0.333122
324.885,1,364.5,0.333051
325.751,1,364,0.332592
326.617,1,363.5,0.331048
327.483,1,363,0.328219
328.349,1,362.5,0.32493
329.215,1,362,0.321183
330.081,1,361.5,0.316976
330.947,1,361,0.311937
331.813,1,360.5,0.303254
332.679,1,360,0.294312
333.546,1,359.5,0.28511
334.412,1,359,0.275648
335.278,1,358.5,0.265927
336.144,1,358,0.258476
337.01,1,357.5,0.255096
337.876,1,357,0.251975
338.742,1,356.5,0.249089
339.608,1,356,0.246437
340.474,1,355.5,0.24402
341.34,1,355,0.241839
342.206,1,354.5,0.24167
343.072,1,354,0.242136
343.938,1,353.5,0.240681
344.804,1,353,0.237303
345.67,1,352.5,0.231663
346.536,1,352,0.224618
347.402,1,351.5,0.220958
348.268,1,351,0.234359
349.134,1,350.5,0.240026
350,1,350,0.23796
350.866,1,349.5,0.228162
351.732,1,349,0.210631
352.598,1,348.5,0.185367
353.464,1,348,0.148789
354.33,1,347.5,0.115056
355.196,1,347,0.0983697
356.062,1,346.5,0.0940717
356.928,1,346,0.0900965
357.794,1,345.5,0.0864441
358.66,1,345,0.0905408
359.526,1,344.5,0.100114
360.392,1,344,0.108062
361.258,1,343.5,0.114385
362.124,1,343,0.119081
362.99,1,342.5,0.122152
363.856,1,342,0.123265
364.722,1,341.5,0.122711
365.588,1,341,0.122289
366.454,1,340.5,0.121852
367.321,1,340,0.1214
368.187,1,339.5,0.120933
369.053,1,339,0.120451
369.919,1,338.5,0.120186
370.785,1,338,0.119995
371.651,1,337.5,0.119857
372.517,1,337,0.11977
373.383,1,336.5,0.119735
374.249,1,336,0.119926
375.115,1,335.5,0.120288
375.981,1,335,0.120685
376.847,1,334.5,0.121066
377.713,1,334,0.121432
378.579,1,333.5,0.121782
379.445,1,333,0.122117
380.311,1,332.5,0.12241
381.177,1,332,0.122619
382.043,1,331.5,0.122815
382.909,1,331,0.122998
383.775,1,330.5,0.12316
384.641,1,330,0.123317
385.507,1,329.5,0.123474
386.373,1,329,0.123586
387.239,1,328.5,0.1237
388.105,1,328,0.123819
388.971,1,327.5,0.123943
389.837,1,327,0.124072
390.703,1,326.5,0.124206
391.569,1,326,0.124303
392.435,1,325.5,0.124381
393.301,1,325,0.124465
394.167,1,324.5,0.124548
395.033,1,324,0.124629
395.899,1,323.5,0.124707
396.765,1,323,0.124764
397.631,1,322.5,0.12478
398.497,1,322,0.124798
399.363,1,321.5,0.124818
400.229,1,321,0.124839
401.095,1,320.5,0.124862
401.962,1,320,0.124887
402.828,1,319.5,0.12488
403.694,1,319,0.124872
404.56,1,318.5,0.124864
405.426,1,318,0.124855
406.292,1,317.5,0.124846
407.158,1,317,0.124837
408.024,1,316.5,0.124817
408.89,1,316,0.124792
409.756,1,315.5,0.124765
410.622,1,315,0.124738
411.488,1,314.5,0.124709
412.354,1,314,0.124682
413.22,1,313.5,0.124651
414.086,1,313,0.124613
414.952,1,312.5,0.124571
415.818,1,312,0.124527
416.684,1,311.5,0.12448
417.55,1,311,0.124429
418.416,1,310.5,0.124376
419.282,1,310,0.124312
420.148,1,309.5,0.124244
421.014,1,309,0.124172
421.88,1,308.5,0.124108
422.746,1,308,0.12404
423.612,1,307.5,0.12397
424.478,1,307,0.123892
425.344,1,306.5,0.123809
426.21,1,306,0.123722
427.076,1,305.5,0.123632
427.942,1,305,0.123538
428.808,1,304.5,0.123441
429.674,1,304,0.123336
430.54,1,303.5,0.123223
431.406,1,303,0.123118
432.272,1,302.5,0.123011
433.138,1,302,0.1229
434.004,1,301.5,0.122786
434.87,1,301,0.122667
435.737,1,300.5,0.122535
436.603,1,300,0.122399
437.469,1,299.5,0.122261
438.335,1,299,0.122119
439.201,1,298.5,0.121975
440.067,1,298,0.121828
440.933,1,297.5,0.121686
441.799,1,297,0.121538
442.665,1,296.5,0.121387
443.531,1,296,0.121234
444.397,1,295.5,0.121079
445.263,1,295,0.12092
446.129,1,294.5,0.120752
446.995,1,294,0.120574
447.861,1,293.5,0.120394
448.727,1,293,0.120212
449.593,1,292.5,0.120032
450.459,1,292,0.119873
451.325,1,291.5,0.119708
452.191,1,291,0.11953
453.057,1,290.5,0.11935
453.923,1,290,0.119169
454.789,1,289.5,0.118986
455.655,1,289,0.118803
456.521,1,288.5,0.118617
457.387,1,288,0.118418
458.253,1,287.5,0.118215
459.119,1,287,0.118019
459.985,1,286.5,0.117845
460.851,1,286,0.117671
461.717,1,285.5,0.117496
462.583,1,285,0.117312
463.449,1,284.5,0.117121
464.315,1,284,0.116931
465.181,1,283.5,0.11674
466.047,1,283,0.116549
466.913,1,282.5,0.116357
467.779,1,282,0.116163
468.645,1,281.5,0.115969
469.512,1,281,0.1158
470.378,1,280.5,0.115631
471.244,1,280,0.115463
472.11,1,279.5,0.115295
472.976,1,279,0.115128
473.842,1,278.5,0.114951
474.708,1,278,0.114774
475.574,1,277.5,0.114598
476.44,1,277,0.114424
477.306,1,276.5,0.11425
478.172,1,276,0.114086
479.038,1,275.5,0.113936
479.904,1,275,0.113783
480.77,1,274.5,0.113632
481.636,1,274,0.113482
482.502,1,273.5,0.113334
483.368,1,273,0.113187
484.234,1,272.5,0.11304
485.1,1,272,0.112889
485.966,1,271.5,0.11274
486.832,1,271,0.112593
487.698,1,270.5,0.112455
488.564,1,270,0.112331
489.43,1,269.5,0.112208
490.296,1,269,0.112083
491.162,1,268.5,0.111959
492.028,1,268,0.111837
492.894,1,267.5,0.111718
493.76,1,267,0.1116
494.626,1,266.5,0.111484
495.492,1,266,0.111368
496.358,1,265.5,0.111254
497.224,1,265,0.111148
498.09,1,264.5,0.111052
498.956,1,264,0.110958
499.822,1,263.5,0.110866
500.688,1,263,0.110775
501.554,1,262.5,0.110686
502.42,1,262,0.110598
503.286,1,261.5,0.110512
504.153,1,261,0.110428
505.019,1,260.5,0.110346
505.885,1,260,0.110265
506.751,1,259.5,0.110192
507.617,1,259,0.110126
508.483,1,258.5,0.110061
509.349,1,258,0.109998
510.215,1,257.5,0.109936
511.081,1,257,0.109875
511.947,1,256.5,0.109817
512.813,1,256,0.109761
513.679,1,255.5,0.109707
514.545,1,255,0.109654
515.411,1,254.5,0.109602
516.277,1,254,0.109557
517.143,1,253.5,0.109516
518.009,1,253,0.109477
518.875,1,252.5,0.10944
519.741,1,252,0.109403
520.607,1,251.5,0.109367
521.473,1,251,0.109332
522.339,1,250.5,0.109299
523.205,1,250,0.109268
524.071,1,249.5,0.109239
524.937,1,249,0.10921
525.803,1,248.5,0.109185
526.669,1,248,0.109161
527.535,1,247.5,0.109138
528.401,1,247,0.109117
529.267,1,246.5,0.109098
530.133,1,246,0.109079
530.999,1,245.5,0.10906
531.865,1,245,0.109043
532.731,1,244.5,0.109026
533.597,1,244,0.109011
534.463,1,243.5,0.108998
535.329,1,243,0.108986
536.195,1,242.5,0.108976
537.061,1,242,0.108966
537.928,1,241.5,0.108957
538.794,1,241,0.108948
539.66,1,240.5,0.108942
540.526,1,240,0.108935
541.392,1,239.5,0.108929
542.258,1,239,0.108924
543.124,1,238.5,0.108918
543.99,1,238,0.108913
544.856,1,237.5,0.10891
545.722,1,237,0.108908
546.588,1,236.5,0.108905
547.454,1,236,0.108903
548.32,1,235.5,0.108901
549.186,1,235,0.1089
550.052,1,234.5,0.108899
550.918,1,234,0.108899
551.784,1,233.5,0.108899
552.65,1,233,0.108899
553.516,1,232.5,0.1089
554.382,1,232,0.108901
555.248,1,231.5,0.108901
556.114,1,231,0.108903
556.98,1,230.5,0.108905
557.846,1,230,0.108907
558.712,1,229.5,0.108909
559.578,1,229,0.108911
560.444,1,228.5,0.108913
561.31,1,228,0.108915
562.176,1,227.5,0.108918
563.042,1,227,0.10892
563.908,1,226.5,0.108923
564.774,1,226,0.108925
565.64,1,225.5,0.108927
566.506,1,225,0.10893
567.372,1,224.5,0.108933
568.238,1,224,0.108936
569.104,1,223.5,0.108939
569.97,1,223,0.108942
570.836,1,222.5,0.108945
571.703,1,222,0.108948
572.569,1,221.5,0.108951
573.435,1,221,0.108954
574.301,1,220.5,0.108957
575.167,1,220,0.10896
576.033,1,219.5,0.108963
576.899,1,219,0.108966
577.765,1,218.5,0.10897
578.631,1,218,0.108973
579.497,1,217.5,0.108976
580.363,1,217,0.10898
581.229,1,216.5,0.108983
582.095,1,216,0.108986
582.961,1,215.5,0.108989
583.827,1,215,0.108992
584.693,1,214.5,0.108995
585.559,1,214,0.108998
586.425,1,213.5,0.109001
587.291,1,213,0.109004
588.157,1,212.5,0.109007
589.023,1,212,0.109011
589.889,1,211.5,0.109014
590.755,1,211,0.109017
591.621,1,210.5,0.10902
592.487,1,210,0.109023
593.353,1,209.5,0.109025
594.219,1,209,0.109028
595.085,1,208.5,0.109031
595.951,1,208,0.109034
596.817,1,207.5,0.109037
597.683,1,207,0.10904
598.549,1,206.5,0.109043
599.415,1,206,0.109045
600.281,1,205.5,0.109048
601.147,1,205,0.109051
602.013,1,204.5,0.109054
602.879,1,204,0.109056
603.745,1,203.5,0.109059
604.611,1,203,0.109062
605.477,1,202.5,0.109064
606.344,1,202,0.109067
607.21,1,201.5,0.10907
608.076,1,201,0.109073
608.942,1,200.5,0.109075
609.808,1,200,0.109078
