x,y,z,b
90.1924,1,500,0.10882
91.0584,1,499.5,0.108816
91.9244,1,499,0.108812
92.7905,1,498.5,0.108809
93.6565,1,498,0.108805
94.5225,1,497.5,0.108801
95.3885,1,497,0.108797
96.2546,1,496.5,0.108793
97.1206,1,496,0.108788
97.9866,1,495.5,0.108783
98.8526,1,495,0.108777
99.7187,1,494.5,0.108772
100.585,1,494,0.108767
101.451,1,493.5,0.108761
102.317,1,493,0.108755
103.183,1,492.5,0.108748
104.049,1,492,0.108742
104.915,1,491.5,0.108735
105.781,1,491,0.108728
106.647,1,490.5,0.108721
107.513,1,490,0.108713
108.379,1,489.5,0.108705
109.245,1,489,0.108697
110.111,1,488.5,0.108689
110.977,1,488,0.108681
111.843,1,487.5,0.108672
112.709,1,487,0.108663
113.575,1,486.5,0.108654
114.441,1,486,0.108644
115.307,1,485.5,0.108634
116.173,1,485,0.108625
117.039,1,484.5,0.108615
117.905,1,484,0.108604
118.771,1,483.5,0.108593
119.637,1,483,0.108582
120.503,1,482.5,0.108571
121.369,1,482,0.10856
122.235,1,481.5,0.108548
123.101,1,481,0.108537
123.967,1,480.5,0.108524
124.833,1,480,0.108511
125.699,1,479.5,0.108498
126.565,1,479,0.108484
127.431,1,478.5,0.108471
128.297,1,478,0.108458
129.164,1,477.5,0.108443
130.03,1,477,0.108428
130.896,1,476.5,0.108412
131.762,1,476,0.108397
132.628,1,475.5,0.108381
133.494,1,475,0.108365
134.36,1,474.5,0.108348
135.226,1,474,0.10833
136.092,1,473.5,0.108312
136.958,1,473,0.108294
137.824,1,472.5,0.108275
138.69,1,472,0.108256
139.556,1,471.5,0.108237
140.422,1,471,0.108216
141.288,1,470.5,0.108195
142.154,1,470,0.108173
143.02,1,469.5,0.108152
143.886,1,469,0.10813
144.752,1,468.5,0.108108
145.618,1,468,0.108083
146.484,1,467.5,0.108058
147.35,1,467,0.108032
148.216,1,466.5,0.108006
149.082,1,466,0.10798
149.948,1,465.5,0.107954
150.814,1,465,0.107925
151.68,1,464.5,0.107895
152.546,1,464,0.107865
153.412,1,463.5,0.107834
154.278,1,463,0.107804
155.144,1,462.5,0.107772
156.01,1,462,0.10774
156.876,1,461.5,0.107704
157.742,1,461,0.107668
158.608,1,460.5,0.107631
159.474,1,460,0.107595
160.34,1,459.5,0.107557
161.206,1,459,0.10752
162.072,1,458.5,0.107477
162.939,1,458,0.107434
163.805,1,457.5,0.10739
164.671,1,457,0.107346
165.537,1,456.5,0.107302
166.403,1,456,0.107257
167.269,1,455.5,0.107208
168.135,1,455,0.107156
169.001,1,454.5,0.107103
169.867,1,454,0.107049
170.733,1,453.5,0.106995
171.599,1,453,0.106941
172.465,1,452.5,0.106884
173.331,1,452,0.106822
174.197,1,451.5,0.106759
175.063,1,451,0.106695
175.929,1,450.5,0.106632
176.795,1,450,0.106567
177.661,1,449.5,0.106502
178.527,1,449,0.106427
179.393,1,448.5,0.106351
180.259,1,448,0.106273
181.125,1,447.5,0.106195
181.991,1,447,0.106116
182.857,1,446.5,0.106036
183.723,1,446,0.105949
184.589,1,445.5,0.105857
185.455,1,445,0.105764
186.321,1,444.5,0.10567
187.187,1,444,0.105575
188.053,1,443.5,0.105479
188.919,1,443,0.105378
189.785,1,442.5,0.105266
190.651,1,442,0.105152
191.517,1,441.5,0.105037
192.383,1,441,0.104921
193.249,1,440.5,0.104804
194.115,1,440,0.104686
194.981,1,439.5,0.10455
195.847,1,439,0.104413
196.714,1,438.5,0.104274
197.58,1,438,0.104134
198.446,1,437.5,0.103993
199.312,1,437,0.103849
200.178,1,436.5,0.10369
201.044,1,436,0.103522
201.91,1,435.5,0.103352
202.776,1,435,0.10318
203.642,1,434.5,0.103006
204.508,1,434,0.10283
205.374,1,433.5,0.102643
206.24,1,433,0.102439
207.106,1,432.5,0.102233
207.972,1,432,0.102023
208.838,1,431.5,0.101812
209.704,1,431,0.101598
210.57,1,430.5,0.101381
211.436,1,430,0.101132
212.302,1,429.5,0.10088
213.168,1,429,0.100626
214.034,1,428.5,0.100368
214.9,1,428,0.100107
215.766,1,427.5,0.0998432
216.632,1,427,0.0995532
217.498,1,426.5,0.0992501
218.364,1,426,0.0989433
219.23,1,425.5,0.0986326
220.096,1,425,0.0983181
220.962,1,424.5,0.0979998
221.828,1,424,0.0976641
222.694,1,423.5,0.0973022
223.56,1,423,0.0969351
224.426,1,422.5,0.0965632
225.292,1,422,0.0961866
226.158,1,421.5,0.0958052
227.024,1,421,0.0954167
227.89,1,420.5,0.0949969
228.756,1,420,0.0945715
229.622,1,419.5,0.0941405
230.488,1,419,0.0937038
231.355,1,418.5,0.0932616
232.221,1,418,0.0928112
233.087,1,417.5,0.0923366
233.953,1,417,0.091855
234.819,1,416.5,0.0913721
235.685,1,416,0.0908881
236.551,1,415.5,0.0904027
237.417,1,415,0.0899162
238.283,1,414.5,0.0895518
239.149,1,414,0.089361
240.015,1,413.5,0.0892045
240.881,1,413,0.0890823
241.747,1,412.5,0.0890926
242.613,1,412,0.0891756
243.479,1,411.5,0.0893659
244.345,1,411,0.0899971
245.211,1,410.5,0.090703
246.077,1,410,0.0914837
246.943,1,409.5,0.092339
247.809,1,409,0.0932691
248.675,1,408.5,0.0942738
249.541,1,408,0.0960218
250.407,1,407.5,0.0980177
251.273,1,407,0.100537
252.139,1,406.5,0.103239
253.005,1,406,0.106048
253.871,1,405.5,0.108963
254.737,1,405,0.112313
255.603,1,404.5,0.116005
256.469,1,404,0.119694
257.335,1,403.5,0.12338
258.201,1,403,0.127063
259.067,1,402.5,0.130744
259.933,1,402,0.134533
260.799,1,401.5,0.138971
261.665,1,401,0.143314
262.531,1,400.5,0.147537
263.397,1,400,0.151639
264.263,1,399.5,0.155621
265.13,1,399,0.159482
265.996,1,398.5,0.163832
266.862,1,398,0.168267
267.728,1,397.5,0.172711
268.594,1,397,0.177163
269.46,1,396.5,0.181625
270.326,1,396,0.185935
271.192,1,395.5,0.189367
272.058,1,395,0.192561
272.924,1,394.5,0.196098
273.79,1,394,0.199976
274.656,1,393.5,0.204195
275.522,1,393,0.208757
276.388,1,392.5,0.215399
277.254,1,392,0.22857
278.12,1,391.5,0.243613
278.986,1,391,0.260585
279.852,1,390.5,0.279151
280.718,1,390,0.295713
281.584,1,389.5,0.310271
282.45,1,389,0.317382
283.316,1,388.5,0.32269
284.182,1,388,0.326595
285.048,1,387.5,0.329098
285.914,1,387,0.330198
286.78,1,386.5,0.329895
287.646,1,386,0.328342
288.512,1,385.5,0.326757
289.378,1,385,0.32552
290.244,1,384.5,0.324418
291.11,1,384,0.323452
291.976,1,383.5,0.322621
292.842,1,383,0.322151
293.708,1,382.5,0.322266
294.574,1,382,0.322418
295.44,1,381.5,0.322607
296.306,1,381,0.322834
297.172,1,380.5,0.323098
298.038,1,380,0.32338
298.905,1,379.5,0.323536
299.771,1,379,0.323692
300.637,1,378.5,0.323848
301.503,1,378,0.324003
302.369,1,377.5,0.324157
303.235,1,377,0.324312
304.101,1,376.5,0.324442
304.967,1,376,0.324583
305.833,1,375.5,0.32475
306.699,1,375,0.324942
307.565,1,374.5,0.325165
308.431,1,374,0.325417
309.297,1,373.5,0.325588
310.163,1,373,0.325634
311.029,1,372.5,0.325719
311.895,1,372,0.32584
312.761,1,371.5,0.325999
313.627,1,371,0.326195
314.493,1,370.5,0.326416
315.359,1,370,0.326415
316.225,1,369.5,0.326468
317.091,1,369,0.326551
317.957,1,368.5,0.326609
318.823,1,368,0.326682
319.689,1,367.5,0.326771
320.555,1,367,0.326739
321.421,1,366.5,0.326711
322.287,1,366,0.326742
323.153,1,365.5,0.326832
324.019,1,365,0.326981
324.885,1,364.5,0.327189
325.751,1,364,0.327255
326.617,1,363.5,0.327047
327.483,1,363,0.326523
328.349,1,362.5,0.325837
329.215,1,362,0.324989
330.081,1,361.5,0.32398
330.947,1,361,0.32198
331.813,1,360.5,0.312534
332.679,1,360,0.302978
333.546,1,359.5,0.293314
334.412,1,359,0.28354
335.278,1,358.5,0.273657
336.144,1,358,0.265115
337.01,1,357.5,0.258038
337.876,1,357,0.251166
338.742,1,356.5,0.244799
339.608,1,356,0.238938
340.474,1,355.5,0.233581
341.34,1,355,0.228731
342.206,1,354.5,0.230518
343.072,1,354,0.237363
343.938,1,353.5,0.241586
344.804,1,353,0.243184
345.67,1,352.5,0.242977
346.536,1,352,0.242308
347.402,1,351.5,0.242905
348.268,1,351,0.25098
349.134,1,350.5,0.252264
350,1,350,0.246757
350.866,1,349.5,0.234458
351.732,1,349,0.215368
352.598,1,348.5,0.189487
353.464,1,348,0.156462
354.33,1,347.5,0.126422
355.196,1,347,0.111131
356.062,1,346.5,0.105071
356.928,1,346,0.0973646
357.794,1,345.5,0.088012
358.66,1,345,0.0873707
359.526,1,344.5,0.0950722
360.392,1,344,0.102076
361.258,1,343.5,0.108381
362.124,1,343,0.113989
362.99,1,342.5,0.118898
363.856,1,342,0.122206
364.722,1,341.5,0.122328
365.588,1,341,0.122577
366.454,1,340.5,0.122691
367.321,1,340,0.122668
368.187,1,339.5,0.122511
369.053,1,339,0.122217
369.919,1,338.5,0.121969
370.785,1,338,0.121737
371.651,1,337.5,0.12151
372.517,1,337,0.121285
373.383,1,336.5,0.121065
374.249,1,336,0.120999
375.115,1,335.5,0.121033
375.981,1,335,0.121107
376.847,1,334.5,0.12121
377.713,1,334,0.121341
378.579,1,333.5,0.1215
379.445,1,333,0.121688
380.311,1,332.5,0.121845
381.177,1,332,0.121862
382.043,1,331.5,0.121899
382.909,1,331,0.121955
383.775,1,330.5,0.122069
384.641,1,330,0.122202
385.507,1,329.5,0.122335
386.373,1,329,0.12229
387.239,1,328.5,0.122251
388.105,1,328,0.122226
388.971,1,327.5,0.122214
389.837,1,327,0.122217
390.703,1,326.5,0.122234
391.569,1,326,0.122242
392.435,1,325.5,0.122252
393.301,1,325,0.122272
394.167,1,324.5,0.122294
395.033,1,324,0.122321
395.899,1,323.5,0.122353
396.765,1,323,0.122386
397.631,1,322.5,0.122419
398.497,1,322,0.122454
399.363,1,321.5,0.122493
400.229,1,321,0.122535
401.095,1,320.5,0.122579
401.962,1,320,0.122627
402.828,1,319.5,0.122682
403.694,1,319,0.122736
404.56,1,318.5,0.122788
405.426,1,318,0.12284
406.292,1,317.5,0.122891
407.158,1,317,0.122942
408.024,1,316.5,0.12299
408.89,1,316,0.123038
409.756,1,315.5,0.123084
410.622,1,315,0.123128
411.488,1,314.5,0.123172
412.354,1,314,0.123215
413.22,1,313.5,0.123256
414.086,1,313,0.123291
414.952,1,312.5,0.123324
415.818,1,312,0.123355
416.684,1,311.5,0.123383
417.55,1,311,0.123408
418.416,1,310.5,0.123431
419.282,1,310,0.123441
420.148,1,309.5,0.123448
421.014,1,309,0.123453
421.88,1,308.5,0.123457
422.746,1,308,0.123457
423.612,1,307.5,0.123455
424.478,1,307,0.123442
425.344,1,306.5,0.123422
426.21,1,306,0.1234
427.076,1,305.5,0.123374
427.942,1,305,0.123346
428.808,1,304.5,0.123315
429.674,1,304,0.123275
430.54,1,303.5,0.123223
431.406,1,303,0.123171
432.272,1,302.5,0.123116
433.138,1,302,0.123058
434.004,1,301.5,0.122997
434.87,1,301,0.122931
435.737,1,300.5,0.12285
436.603,1,300,0.122766
437.469,1,299.5,0.122679
438.335,1,299,0.122589
439.201,1,298.5,0.122496
440.067,1,298,0.122402
440.933,1,297.5,0.122301
441.799,1,297,0.122195
442.665,1,296.5,0.122086
443.531,1,296,0.121975
444.397,1,295.5,0.121862
445.263,1,295,0.121746
446.129,1,294.5,0.12162
446.995,1,294,0.121486
447.861,1,293.5,0.12135
448.727,1,293,0.121211
449.593,1,292.5,0.121073
450.459,1,292,0.120947
451.325,1,291.5,0.120816
452.191,1,291,0.120674
453.057,1,290.5,0.120529
453.923,1,290,0.120383
454.789,1,289.5,0.120236
455.655,1,289,0.120087
456.521,1,288.5,0.119936
457.387,1,288,0.119772
458.253,1,287.5,0.119605
459.119,1,287,0.119442
459.985,1,286.5,0.119295
460.851,1,286,0.119147
461.717,1,285.5,0.118998
462.583,1,285,0.118841
463.449,1,284.5,0.118679
464.315,1,284,0.118516
465.181,1,283.5,0.118352
466.047,1,283,0.118188
466.913,1,282.5,0.118023
467.779,1,282,0.117855
468.645,1,281.5,0.117686
469.512,1,281,0.117536
470.378,1,280.5,0.117386
471.244,1,280,0.117235
472.11,1,279.5,0.117085
472.976,1,279,0.116935
473.842,1,278.5,0.116775
474.708,1,278,0.116615
475.574,1,277.5,0.116455
476.44,1,277,0.116296
477.306,1,276.5,0.116137
478.172,1,276,0.115986
479.038,1,275.5,0.115842
479.904,1,275,0.115695
480.77,1,274.5,0.11555
481.636,1,274,0.115405
482.502,1,273.5,0.11526
483.368,1,273,0.115117
484.234,1,272.5,0.114972
485.1,1,272,0.114823
485.966,1,271.5,0.114674
486.832,1,271,0.114527
487.698,1,270.5,0.114388
488.564,1,270,0.114259
489.43,1,269.5,0.114131
490.296,1,269,0.113998
491.162,1,268.5,0.113865
492.028,1,268,0.113734
492.894,1,267.5,0.113604
493.76,1,267,0.113475
494.626,1,266.5,0.113347
495.492,1,266,0.113218
496.358,1,265.5,0.113087
497.224,1,265,0.112965
498.09,1,264.5,0.112851
498.956,1,264,0.112738
499.822,1,263.5,0.112627
500.688,1,263,0.112515
501.554,1,262.5,0.112403
502.42,1,262,0.112291
503.286,1,261.5,0.112181
504.153,1,261,0.112072
505.019,1,260.5,0.111964
505.885,1,260,0.111858
506.751,1,259.5,0.111758
507.617,1,259,0.111666
508.483,1,258.5,0.111575
509.349,1,258,0.111486
510.215,1,257.5,0.111397
511.081,1,257,0.11131
511.947,1,256.5,0.111223
512.813,1,256,0.111136
513.679,1,255.5,0.111051
514.545,1,255,0.110967
515.411,1,254.5,0.110885
516.277,1,254,0.110811
517.143,1,253.5,0.110742
518.009,1,253,0.110673
518.875,1,252.5,0.110606
519.741,1,252,0.11054
520.607,1,251.5,0.110475
521.473,1,251,0.110412
522.339,1,250.5,0.110349
523.205,1,250,0.110288
524.071,1,249.5,0.110227
524.937,1,249,0.110168
525.803,1,248.5,0.110114
526.669,1,248,0.110064
527.535,1,247.5,0.110014
528.401,1,247,0.109966
529.267,1,246.5,0.109919
530.133,1,246,0.109872
530.999,1,245.5,0.109827
531.865,1,245,0.109782
532.731,1,244.5,0.109738
533.597,1,244,0.109696
534.463,1,243.5,0.109655
535.329,1,243,0.109619
536.195,1,242.5,0.109585
537.061,1,242,0.109552
537.928,1,241.5,0.10952
538.794,1,241,0.109488
539.66,1,240.5,0.109459
540.526,1,240,0.10943
541.392,1,239.5,0.109402
542.258,1,239,0.109374
543.124,1,238.5,0.109348
543.99,1,238,0.109322
544.856,1,237.5,0.1093
545.722,1,237,0.10928
546.588,1,236.5,0.10926
547.454,1,236,0.10924
548.32,1,235.5,0.109221
549.186,1,235,0.109203
550.052,1,234.5,0.109186
550.918,1,234,0.10917
551.784,1,233.5,0.109154
552.65,1,233,0.109139
553.516,1,232.5,0.109124
554.382,1,232,0.109112
555.248,1,231.5,0.109101
556.114,1,231,0.109091
556.98,1,230.5,0.109082
557.846,1,230,0.109073
558.712,1,229.5,0.109064
559.578,1,229,0.109056
560.444,1,228.5,0.109048
561.31,1,228,0.109041
562.176,1,227.5,0.109035
563.042,1,227,0.109029
563.908,1,226.5,0.109023
564.774,1,226,0.109018
565.64,1,225.5,0.109013
566.506,1,225,0.109009
567.372,1,224.5,0.109005
568.238,1,224,0.109002
569.104,1,223.5,0.108999
569.97,1,223,0.108996
570.836,1,222.5,0.108993
571.703,1,222,0.108991
572.569,1,221.5,0.10899
573.435,1,221,0.108989
574.301,1,220.5,0.108988
575.167,1,220,0.108987
576.033,1,219.5,0.108987
576.899,1,219,0.108986
577.765,1,218.5,0.108986
578.631,1,218,0.108987
579.497,1,217.5,0.108988
580.363,1,217,0.108988
581.229,1,216.5,0.108989
582.095,1,216,0.10899
582.961,1,215.5,0.108991
583.827,1,215,0.108993
584.693,1,214.5,0.108994
585.559,1,214,0.108996
586.425,1,213.5,0.108997
587.291,1,213,0.108999
588.157,1,212.5,0.109001
589.023,1,212,0.109003
589.889,1,211.5,0.109005
590.755,1,211,0.109007
591.621,1,210.5,0.109009
592.487,1,210,0.109011
593.353,1,209.5,0.109013
594.219,1,209,0.109016
595.085,1,208.5,0.109018
595.951,1,208,0.109021
596.817,1,207.5,0.109023
597.683,1,207,0.109025
598.549,1,206.5,0.109028
599.415,1,206,0.10903
600.281,1,205.5,0.109033
601.147,1,205,0.109036
602.013,1,204.5,0.109038
602.879,1,204,0.109041
603.745,1,203.5,0.109043
604.611,1,203,0.109046
605.477,1,202.5,0.109048
606.344,1,202,0.109051
607.21,1,201.5,0.109054
608.076,1,201,0.109056
608.942,1,200.5,0.109059
609.808,1,200,0.109062
