x,y,z,b
90.1924,1,500,0.109163
91.0584,1,499.5,0.109164
91.9244,1,499,0.109164
92.7905,1,498.5,0.109164
93.6565,1,498,0.109164
94.5225,1,497.5,0.109165
95.3885,1,497,0.109165
96.2546,1,496.5,0.109165
97.1206,1,496,0.109165
97.9866,1,495.5,0.109165
98.8526,1,495,0.109166
99.7187,1,494.5,0.109166
100.585,1,494,0.109166
101.451,1,493.5,0.109166
102.317,1,493,0.109166
103.183,1,492.5,0.109166
104.049,1,492,0.109167
104.915,1,491.5,0.109167
105.781,1,491,0.109167
106.647,1,490.5,0.109167
107.513,1,490,0.109167
108.379,1,489.5,0.109167
109.245,1,489,0.109168
110.111,1,488.5,0.109168
110.977,1,488,0.109168
111.843,1,487.5,0.109168
112.709,1,487,0.109168
113.575,1,486.5,0.109168
114.441,1,486,0.109168
115.307,1,485.5,0.109168
116.173,1,485,0.109169
117.039,1,484.5,0.109169
117.905,1,484,0.109169
118.771,1,483.5,0.109169
119.637,1,483,0.109169
120.503,1,482.5,0.109169
121.369,1,482,0.109169
122.235,1,481.5,0.109169
123.101,1,481,0.109169
123.967,1,480.5,0.109169
124.833,1,480,0.109169
125.699,1,479.5,0.10917
126.565,1,479,0.10917
127.431,1,478.5,0.10917
128.297,1,478,0.10917
129.164,1,477.5,0.10917
130.03,1,477,0.10917
130.896,1,476.5,0.10917
131.762,1,476,0.10917
132.628,1,475.5,0.10917
133.494,1,475,0.10917
134.36,1,474.5,0.10917
135.226,1,474,0.10917
136.092,1,473.5,0.10917
136.958,1,473,0.10917
137.824,1,472.5,0.10917
138.69,1,472,0.10917
139.556,1,471.5,0.10917
140.422,1,471,0.10917
141.288,1,470.5,0.109169
142.154,1,470,0.109169
143.02,1,469.5,0.109169
143.886,1,469,0.109169
144.752,1,468.5,0.109169
145.618,1,468,0.109169
146.484,1,467.5,0.109169
147.35,1,467,0.109169
148.216,1,466.5,0.109169
149.082,1,466,0.109168
149.948,1,465.5,0.109168
150.814,1,465,0.109168
151.68,1,464.5,0.109168
152.546,1,464,0.109167
153.412,1,463.5,0.109167
154.278,1,463,0.109167
155.144,1,462.5,0.109167
156.01,1,462,0.109166
156.876,1,461.5,0.109166
157.742,1,461,0.109166
158.608,1,460.5,0.109165
159.474,1,460,0.109165
160.34,1,459.5,0.109164
161.206,1,459,0.109164
162.072,1,458.5,0.109164
162.939,1,458,0.109163
163.805,1,457.5,0.109162
164.671,1,457,0.109162
165.537,1,456.5,0.109161
166.403,1,456,0.109161
167.269,1,455.5,0.10916
168.135,1,455,0.109159
169.001,1,454.5,0.109159
169.867,1,454,0.109158
170.733,1,453.5,0.109157
171.599,1,453,0.109156
172.465,1,452.5,0.109155
173.331,1,452,0.109154
174.197,1,451.5,0.109153
175.063,1,451,0.109152
175.929,1,450.5,0.109151
176.795,1,450,0.10915
177.661,1,449.5,0.109149
178.527,1,449,0.109148
179.393,1,448.5,0.109146
180.259,1,448,0.109145
181.125,1,447.5,0.109143
181.991,1,447,0.109142
182.857,1,446.5,0.109141
183.723,1,446,0.109139
184.589,1,445.5,0.109137
185.455,1,445,0.109135
186.321,1,444.5,0.109133
187.187,1,444,0.109131
188.053,1,443.5,0.109129
188.919,1,443,0.109127
189.785,1,442.5,0.109125
190.651,1,442,0.109122
191.517,1,441.5,0.109119
192.383,1,441,0.109117
193.249,1,440.5,0.109114
194.115,1,440,0.109112
194.981,1,439.5,0.109108
195.847,1,439,0.109105
196.714,1,438.5,0.109102
197.58,1,438,0.109098
198.446,1,437.5,0.109095
199.312,1,437,0.109092
200.178,1,436.5,0.109087
201.044,1,436,0.109083
201.91,1,435.5,0.109078
202.776,1,435,0.109074
203.642,1,434.5,0.109069
204.508,1,434,0.109065
205.374,1,433.5,0.10906
206.24,1,433,0.109054
207.106,1,432.5,0.109048
207.972,1,432,0.109042
208.838,1,431.5,0.109036
209.704,1,431,0.10903
210.57,1,430.5,0.109024
211.436,1,430,0.109015
212.302,1,429.5,0.109007
213.168,1,429,0.108999
214.034,1,428.5,0.108991
214.9,1,428,0.108984
215.766,1,427.5,0.108976
216.632,1,427,0.108966
217.498,1,426.5,0.108956
218.364,1,426,0.108946
219.23,1,425.5,0.108935
220.096,1,425,0.108925
220.962,1,424.5,0.108914
221.828,1,424,0.108902
222.694,1,423.5,0.108888
223.56,1,423,0.108874
224.426,1,422.5,0.10886
225.292,1,422,0.108846
226.158,1,421.5,0.108832
227.024,1,421,0.108817
227.89,1,420.5,0.108798
228.756,1,420,0.10878
229.622,1,419.5,0.108761
230.488,1,419,0.108742
231.355,1,418.5,0.108722
232.221,1,418,0.108704
233.087,1,417.5,0.108681
233.953,1,417,0.108656
234.819,1,416.5,0.108631
235.685,1,416,0.108607
236.551,1,415.5,0.108581
237.417,1,415,0.108556
238.283,1,414.5,0.108527
239.149,1,414,0.108494
240.015,1,413.5,0.108461
240.881,1,413,0.108428
241.747,1,412.5,0.108394
242.613,1,412,0.10836
243.479,1,411.5,0.108325
244.345,1,411,0.108279
245.211,1,410.5,0.108233
246.077,1,410,0.108186
246.943,1,409.5,0.108139
247.809,1,409,0.108092
248.675,1,408.5,0.108044
249.541,1,408,0.107984
250.407,1,407.5,0.107921
251.273,1,407,0.10786
252.139,1,406.5,0.107799
253.005,1,406,0.107738
253.871,1,405.5,0.107676
254.737,1,405,0.107603
255.603,1,404.5,0.107519
256.469,1,404,0.107435
257.335,1,403.5,0.107349
258.201,1,403,0.107263
259.067,1,402.5,0.107176
259.933,1,402,0.107084
260.799,1,401.5,0.106971
261.665,1,401,0.106857
262.531,1,400.5,0.106743
263.397,1,400,0.106628
264.263,1,399.5,0.106512
265.13,1,399,0.106395
265.996,1,398.5,0.106241
266.862,1,398,0.10608
267.728,1,397.5,0.105918
268.594,1,397,0.105754
269.46,1,396.5,0.105589
270.326,1,396,0.105431
271.192,1,395.5,0.105245
272.058,1,395,0.105038
272.924,1,394.5,0.104829
273.79,1,394,0.104619
274.656,1,393.5,0.104409
275.522,1,393,0.104198
276.388,1,392.5,0.103966
277.254,1,392,0.103673
278.12,1,391.5,0.103378
278.986,1,391,0.103082
279.852,1,390.5,0.102796
280.718,1,390,0.10251
281.584,1,389.5,0.102224
282.45,1,389,0.101843
283.316,1,388.5,0.101458
284.182,1,388,0.101074
285.048,1,387.5,0.100691
285.914,1,387,0.100311
286.78,1,386.5,0.0999314
287.646,1,386,0.0993918
288.512,1,385.5,0.0987608
289.378,1,385,0.0981588
290.244,1,384.5,0.0975695
291.11,1,384,0.096993
291.976,1,383.5,0.0964291
292.842,1,383,0.0958363
293.708,1,382.5,0.095133
294.574,1,382,0.0943992
295.44,1,381.5,0.0936349
296.306,1,381,0.0928402
297.172,1,380.5,0.0920151
298.038,1,380,0.0911809
298.905,1,379.5,0.0912749
299.771,1,379,0.0912743
300.637,1,378.5,0.0911704
301.503,1,378,0.0909634
302.369,1,377.5,0.0906531
303.235,1,377,0.0902397
304.101,1,376.5,0.0917004
304.967,1,376,0.0936278
305.833,1,375.5,0.0949984
306.699,1,375,0.0958122
307.565,1,374.5,0.096294
308.431,1,374,0.0972258
309.297,1,373.5,0.101462
310.163,1,373,0.11119
311.029,1,372.5,0.119913
311.895,1,372,0.127632
312.761,1,371.5,0.134345
313.627,1,371,0.140054
314.493,1,370.5,0.145075
315.359,1,370,0.156283
316.225,1,369.5,0.167686
317.091,1,369,0.179224
317.957,1,368.5,0.190254
318.823,1,368,0.200618
319.689,1,367.5,0.210316
320.555,1,367,0.214414
321.421,1,366.5,0.217241
322.287,1,366,0.220799
323.153,1,365.5,0.225088
324.019,1,365,0.230108
324.885,1,364.5,0.235858
325.751,1,364,0.239993
326.617,1,363.5,0.24062
327.483,1,363,0.240464
328.349,1,362.5,0.240771
329.215,1,362,0.241539
330.081,1,361.5,0.242769
330.947,1,361,0.24415
331.813,1,360.5,0.243096
332.679,1,360,0.242234
333.546,1,359.5,0.241564
334.412,1,359,0.241086
335.278,1,358.5,0.2408
336.144,1,358,0.240168
337.01,1,357.5,0.23878
337.876,1,357,0.236843
338.742,1,356.5,0.234346
339.608,1,356,0.23129
340.474,1,355.5,0.227674
341.34,1,355,0.223497
342.206,1,354.5,0.219489
343.072,1,354,0.216234
343.938,1,353.5,0.2131
344.804,1,353,0.210088
345.67,1,352.5,0.205002
346.536,1,352,0.19581
347.402,1,351.5,0.187979
348.268,1,351,0.193639
349.134,1,350.5,0.190866
350,1,350,0.179661
350.866,1,349.5,0.160024
351.732,1,349,0.131956
352.598,1,348.5,0.095455
353.464,1,348,0.0676349
354.33,1,347.5,0.0534454
355.196,1,347,0.0647006
356.062,1,346.5,0.0882563
356.928,1,346,0.108748
357.794,1,345.5,0.126177
358.66,1,345,0.13262
359.526,1,344.5,0.131416
360.392,1,344,0.130422
361.258,1,343.5,0.129639
362.124,1,343,0.129065
362.99,1,342.5,0.128702
363.856,1,342,0.128401
364.722,1,341.5,0.127725
365.588,1,341,0.127154
366.454,1,340.5,0.126668
367.321,1,340,0.126266
368.187,1,339.5,0.125947
369.053,1,339,0.125713
369.919,1,338.5,0.125467
370.785,1,338,0.125265
371.651,1,337.5,0.125115
372.517,1,337,0.125019
373.383,1,336.5,0.124976
374.249,1,336,0.125134
375.115,1,335.5,0.125433
375.981,1,335,0.125754
376.847,1,334.5,0.126034
377.713,1,334,0.126271
378.579,1,333.5,0.126466
379.445,1,333,0.126619
380.311,1,332.5,0.126753
381.177,1,332,0.126917
382.043,1,331.5,0.127056
382.909,1,331,0.127169
383.775,1,330.5,0.127287
384.641,1,330,0.127402
385.507,1,329.5,0.127503
386.373,1,329,0.127517
387.239,1,328.5,0.127523
388.105,1,328,0.127526
388.971,1,327.5,0.127525
389.837,1,327,0.12752
390.703,1,326.5,0.127512
391.569,1,326,0.127463
392.435,1,325.5,0.127392
393.301,1,325,0.127354
394.167,1,324.5,0.12732
395.033,1,324,0.127278
395.899,1,323.5,0.127229
396.765,1,323,0.127152
397.631,1,322.5,0.127027
398.497,1,322,0.126899
399.363,1,321.5,0.12677
400.229,1,321,0.126638
401.095,1,320.5,0.126504
401.962,1,320,0.126367
402.828,1,319.5,0.126235
403.694,1,319,0.126099
404.56,1,318.5,0.125955
405.426,1,318,0.125804
406.292,1,317.5,0.125644
407.158,1,317,0.125477
408.024,1,316.5,0.125281
408.89,1,316,0.125066
409.756,1,315.5,0.124843
410.622,1,315,0.124612
411.488,1,314.5,0.124373
412.354,1,314,0.124184
413.22,1,313.5,0.123986
414.086,1,313,0.123768
414.952,1,312.5,0.123541
415.818,1,312,0.123307
416.684,1,311.5,0.123065
417.55,1,311,0.122816
418.416,1,310.5,0.122557
419.282,1,310,0.122259
420.148,1,309.5,0.121954
421.014,1,309,0.121641
421.88,1,308.5,0.121383
422.746,1,308,0.121123
423.612,1,307.5,0.120857
424.478,1,307,0.120563
425.344,1,306.5,0.120257
426.21,1,306,0.119947
427.076,1,305.5,0.119635
427.942,1,305,0.11932
428.808,1,304.5,0.119002
429.674,1,304,0.118666
430.54,1,303.5,0.118311
431.406,1,303,0.118019
432.272,1,302.5,0.117727
433.138,1,302,0.117435
434.004,1,301.5,0.117142
434.87,1,301,0.116846
435.737,1,300.5,0.116527
436.603,1,300,0.11621
437.469,1,299.5,0.115895
438.335,1,299,0.115582
439.201,1,298.5,0.115271
440.067,1,298,0.114967
440.933,1,297.5,0.114706
441.799,1,297,0.114445
442.665,1,296.5,0.114188
443.531,1,296,0.113933
444.397,1,295.5,0.113682
445.263,1,295,0.113434
446.129,1,294.5,0.113184
446.995,1,294,0.112935
447.861,1,293.5,0.112689
448.727,1,293,0.112448
449.593,1,292.5,0.112218
450.459,1,292,0.112028
451.325,1,291.5,0.111841
452.191,1,291,0.111655
453.057,1,290.5,0.111473
453.923,1,290,0.111296
454.789,1,289.5,0.111123
455.655,1,289,0.110954
456.521,1,288.5,0.110789
457.387,1,288,0.110631
458.253,1,287.5,0.110479
459.119,1,287,0.110337
459.985,1,286.5,0.110223
460.851,1,286,0.110113
461.717,1,285.5,0.110005
462.583,1,285,0.109904
463.449,1,284.5,0.109808
464.315,1,284,0.109715
465.181,1,283.5,0.109626
466.047,1,283,0.10954
466.913,1,282.5,0.109457
467.779,1,282,0.109379
468.645,1,281.5,0.109313
469.512,1,281,0.109257
470.378,1,280.5,0.109204
471.244,1,280,0.109152
472.11,1,279.5,0.109103
472.976,1,279,0.109055
473.842,1,278.5,0.109017
474.708,1,278,0.108981
475.574,1,277.5,0.108946
476.44,1,277,0.108914
477.306,1,276.5,0.108883
478.172,1,276,0.108855
479.038,1,275.5,0.108836
479.904,1,275,0.10882
480.77,1,274.5,0.108805
481.636,1,274,0.108791
482.502,1,273.5,0.108777
483.368,1,273,0.108765
484.234,1,272.5,0.108756
485.1,1,272,0.10875
485.966,1,271.5,0.108746
486.832,1,271,0.108741
487.698,1,270.5,0.108738
488.564,1,270,0.108734
489.43,1,269.5,0.108731
490.296,1,269,0.108731
491.162,1,268.5,0.108732
492.028,1,268,0.108733
492.894,1,267.5,0.108734
493.76,1,267,0.108736
494.626,1,266.5,0.108737
495.492,1,266,0.10874
496.358,1,265.5,0.108745
497.224,1,265,0.108749
498.09,1,264.5,0.108752
498.956,1,264,0.108756
499.822,1,263.5,0.10876
500.688,1,263,0.108765
501.554,1,262.5,0.10877
502.42,1,262,0.108776
503.286,1,261.5,0.108782
504.153,1,261,0.108787
505.019,1,260.5,0.108793
505.885,1,260,0.108799
506.751,1,259.5,0.108805
507.617,1,259,0.108811
508.483,1,258.5,0.108816
509.349,1,258,0.108822
510.215,1,257.5,0.108828
511.081,1,257,0.108833
511.947,1,256.5,0.108839
512.813,1,256,0.108846
513.679,1,255.5,0.108852
514.545,1,255,0.108858
515.411,1,254.5,0.108864
516.277,1,254,0.10887
517.143,1,253.5,0.108875
518.009,1,253,0.10888
518.875,1,252.5,0.108886
519.741,1,252,0.108891
520.607,1,251.5,0.108896
521.473,1,251,0.108901
522.339,1,250.5,0.108906
523.205,1,250,0.108912
524.071,1,249.5,0.108918
524.937,1,249,0.108923
525.803,1,248.5,0.108928
526.669,1,248,0.108933
527.535,1,247.5,0.108937
528.401,1,247,0.108942
529.267,1,246.5,0.108947
530.133,1,246,0.108952
530.999,1,245.5,0.108956
531.865,1,245,0.108961
532.731,1,244.5,0.108965
533.597,1,244,0.10897
534.463,1,243.5,0.108975
535.329,1,243,0.108979
536.195,1,242.5,0.108983
537.061,1,242,0.108986
537.928,1,241.5,0.10899
538.794,1,241,0.108994
539.66,1,240.5,0.108998
540.526,1,240,0.109001
541.392,1,239.5,0.109005
542.258,1,239,0.109009
543.124,1,238.5,0.109012
543.99,1,238,0.109016
544.856,1,237.5,0.109019
545.722,1,237,0.109022
546.588,1,236.5,0.109026
547.454,1,236,0.109029
548.32,1,235.5,0.109032
549.186,1,235,0.109035
550.052,1,234.5,0.109038
550.918,1,234,0.109041
551.784,1,233.5,0.109044
552.65,1,233,0.109047
553.516,1,232.5,0.10905
554.382,1,232,0.109052
555.248,1,231.5,0.109055
556.114,1,231,0.109057
556.98,1,230.5,0.109059
557.846,1,230,0.109062
558.712,1,229.5,0.109064
559.578,1,229,0.109066
560.444,1,228.5,0.109069
561.31,1,228,0.109071
562.176,1,227.5,0.109073
563.042,1,227,0.109075
563.908,1,226.5,0.109077
564.774,1,226,0.109079
565.64,1,225.5,0.109081
566.506,1,225,0.109083
567.372,1,224.5,0.109085
568.238,1,224,0.109087
569.104,1,223.5,0.109089
569.97,1,223,0.109091
570.836,1,222.5,0.109093
571.703,1,222,0.109095
572.569,1,221.5,0.109096
573.435,1,221,0.109098
574.301,1,220.5,0.109099
575.167,1,220,0.109101
576.033,1,219.5,0.109102
576.899,1,219,0.109104
577.765,1,218.5,0.109105
578.631,1,218,0.109107
579.497,1,217.5,0.109108
580.363,1,217,0.109109
581.229,1,216.5,0.109111
582.095,1,216,0.109112
582.961,1,215.5,0.109113
583.827,1,215,0.109114
584.693,1,214.5,0.109116
585.559,1,214,0.109117
586.425,1,213.5,0.109118
587.291,1,213,0.109119
588.157,1,212.5,0.10912
589.023,1,212,0.109122
589.889,1,211.5,0.109123
590.755,1,211,0.109124
591.621,1,210.5,0.109125
592.487,1,210,0.109126
593.353,1,209.5,0.109127
594.219,1,209,0.109128
595.085,1,208.5,0.109128
595.951,1,208,0.109129
596.817,1,207.5,0.10913
597.683,1,207,0.109131
598.549,1,206.5,0.109132
599.415,1,206,0.109133
600.281,1,205.5,0.109134
601.147,1,205,0.109134
602.013,1,204.5,0.109135
602.879,1,204,0.109136
603.745,1,203.5,0.109137
604.611,1,203,0.109137
605.477,1,202.5,0.109138
606.344,1,202,0.109139
607.21,1,201.5,0.10914
608.076,1,201,0.10914
608.942,1,200.5,0.109141
609.808,1,200,0.109142
