x,y,z,b
90.1924,1,500,0.109159
91.0584,1,499.5,0.109159
91.9244,1,499,0.10916
92.7905,1,498.5,0.10916
93.6565,1,498,0.10916
94.5225,1,497.5,0.109161
95.3885,1,497,0.109161
96.2546,1,496.5,0.109161
97.1206,1,496,0.109161
97.9866,1,495.5,0.109162
98.8526,1,495,0.109162
99.7187,1,494.5,0.109162
100.585,1,494,0.109162
101.451,1,493.5,0.109163
102.317,1,493,0.109163
103.183,1,492.5,0.109163
104.049,1,492,0.109164
104.915,1,491.5,0.109164
105.781,1,491,0.109164
106.647,1,490.5,0.109165
107.513,1,490,0.109165
108.379,1,489.5,0.109165
109.245,1,489,0.109166
110.111,1,488.5,0.109166
110.977,1,488,0.109166
111.843,1,487.5,0.109167
112.709,1,487,0.109167
113.575,1,486.5,0.109167
114.441,1,486,0.109168
115.307,1,485.5,0.109168
116.173,1,485,0.109168
117.039,1,484.5,0.109169
117.905,1,484,0.109169
118.771,1,483.5,0.109169
119.637,1,483,0.10917
120.503,1,482.5,0.10917
121.369,1,482,0.109171
122.235,1,481.5,0.109171
123.101,1,481,0.109171
123.967,1,480.5,0.109172
124.833,1,480,0.109172
125.699,1,479.5,0.109173
126.565,1,479,0.109173
127.431,1,478.5,0.109173
128.297,1,478,0.109174
129.164,1,477.5,0.109174
130.03,1,477,0.109175
130.896,1,476.5,0.109175
131.762,1,476,0.109176
132.628,1,475.5,0.109176
133.494,1,475,0.109177
134.36,1,474.5,0.109177
135.226,1,474,0.109178
136.092,1,473.5,0.109178
136.958,1,473,0.109179
137.824,1,472.5,0.109179
138.69,1,472,0.10918
139.556,1,471.5,0.10918
140.422,1,471,0.109181
141.288,1,470.5,0.109181
142.154,1,470,0.109182
143.02,1,469.5,0.109182
143.886,1,469,0.109183
144.752,1,468.5,0.109184
145.618,1,468,0.109184
146.484,1,467.5,0.109185
147.35,1,467,0.109185
148.216,1,466.5,0.109186
149.082,1,466,0.109186
149.948,1,465.5,0.109187
150.814,1,465,0.109188
151.68,1,464.5,0.109188
152.546,1,464,0.109189
153.412,1,463.5,0.10919
154.278,1,463,0.10919
155.144,1,462.5,0.109191
156.01,1,462,0.109192
156.876,1,461.5,0.109192
157.742,1,461,0.109193
158.608,1,460.5,0.109194
159.474,1,460,0.109194
160.34,1,459.5,0.109195
161.206,1,459,0.109196
162.072,1,458.5,0.109197
162.939,1,458,0.109197
163.805,1,457.5,0.109198
164.671,1,457,0.109199
165.537,1,456.5,0.1092
166.403,1,456,0.1092
167.269,1,455.5,0.109201
168.135,1,455,0.109202
169.001,1,454.5,0.109203
169.867,1,454,0.109204
170.733,1,453.5,0.109204
171.599,1,453,0.109205
172.465,1,452.5,0.109206
173.331,1,452,0.109207
174.197,1,451.5,0.109208
175.063,1,451,0.109209
175.929,1,450.5,0.10921
176.795,1,450,0.10921
177.661,1,449.5,0.109211
178.527,1,449,0.109212
179.393,1,448.5,0.109213
180.259,1,448,0.109214
181.125,1,447.5,0.109215
181.991,1,447,0.109216
182.857,1,446.5,0.109217
183.723,1,446,0.109218
184.589,1,445.5,0.109219
185.455,1,445,0.10922
186.321,1,444.5,0.109221
187.187,1,444,0.109222
188.053,1,443.5,0.109224
188.919,1,443,0.109225
189.785,1,442.5,0.109226
190.651,1,442,0.109227
191.517,1,441.5,0.109228
192.383,1,441,0.109229
193.249,1,440.5,0.10923
194.115,1,440,0.109231
194.981,1,439.5,0.109233
195.847,1,439,0.109234
196.714,1,438.5,0.109235
197.58,1,438,0.109236
198.446,1,437.5,0.109238
199.312,1,437,0.109239
200.178,1,436.5,0.10924
201.044,1,436,0.109241
201.91,1,435.5,0.109242
202.776,1,435,0.109244
203.642,1,434.5,0.109245
204.508,1,434,0.109246
205.374,1,433.5,0.109248
206.24,1,433,0.109249
207.106,1,432.5,0.10925
207.972,1,432,0.109252
208.838,1,431.5,0.109253
209.704,1,431,0.109255
210.57,1,430.5,0.109256
211.436,1,430,0.109257
212.302,1,429.5,0.109259
213.168,1,429,0.10926
214.034,1,428.5,0.109261
214.9,1,428,0.109263
215.766,1,427.5,0.109264
216.632,1,427,0.109266
217.498,1,426.5,0.109267
218.364,1,426,0.109268
219.23,1,425.5,0.10927
220.096,1,425,0.109271
220.962,1,424.5,0.109273
221.828,1,424,0.109274
222.694,1,423.5,0.109275
223.56,1,423,0.109277
224.426,1,422.5,0.109278
225.292,1,422,0.109279
226.158,1,421.5,0.109281
227.024,1,421,0.109282
227.89,1,420.5,0.109283
228.756,1,420,0.109284
229.622,1,419.5,0.109285
230.488,1,419,0.109286
231.355,1,418.5,0.109287
232.221,1,418,0.109289
233.087,1,417.5,0.10929
233.953,1,417,0.10929
234.819,1,416.5,0.109291
235.685,1,416,0.109292
236.551,1,415.5,0.109292
237.417,1,415,0.109293
238.283,1,414.5,0.109294
239.149,1,414,0.109293
240.015,1,413.5,0.109293
240.881,1,413,0.109293
241.747,1,412.5,0.109294
242.613,1,412,0.109294
243.479,1,411.5,0.109294
244.345,1,411,0.109293
245.211,1,410.5,0.109291
246.077,1,410,0.10929
246.943,1,409.5,0.109288
247.809,1,409,0.109287
248.675,1,408.5,0.109286
249.541,1,408,0.109283
250.407,1,407.5,0.10928
251.273,1,407,0.109277
252.139,1,406.5,0.109274
253.005,1,406,0.109272
253.871,1,405.5,0.10927
254.737,1,405,0.109266
255.603,1,404.5,0.109259
256.469,1,404,0.109253
257.335,1,403.5,0.109248
258.201,1,403,0.109242
259.067,1,402.5,0.109236
259.933,1,402,0.109229
260.799,1,401.5,0.109219
261.665,1,401,0.109208
262.531,1,400.5,0.109198
263.397,1,400,0.109187
264.263,1,399.5,0.109177
265.13,1,399,0.109166
265.996,1,398.5,0.109149
266.862,1,398,0.10913
267.728,1,397.5,0.109111
268.594,1,397,0.109092
269.46,1,396.5,0.109073
270.326,1,396,0.109055
271.192,1,395.5,0.109033
272.058,1,395,0.109006
272.924,1,394.5,0.108979
273.79,1,394,0.108952
274.656,1,393.5,0.108924
275.522,1,393,0.108897
276.388,1,392.5,0.108865
277.254,1,392,0.10882
278.12,1,391.5,0.108775
278.986,1,391,0.108729
279.852,1,390.5,0.108683
280.718,1,390,0.108636
281.584,1,389.5,0.108589
282.45,1,389,0.108525
283.316,1,388.5,0.108459
284.182,1,388,0.108392
285.048,1,387.5,0.108325
285.914,1,387,0.108257
286.78,1,386.5,0.108188
287.646,1,386,0.108098
288.512,1,385.5,0.107993
289.378,1,385,0.107891
290.244,1,384.5,0.107788
291.11,1,384,0.107684
291.976,1,383.5,0.107579
292.842,1,383,0.107464
293.708,1,382.5,0.107324
294.574,1,382,0.107184
295.44,1,381.5,0.107042
296.306,1,381,0.106899
297.172,1,380.5,0.106755
298.038,1,380,0.10661
298.905,1,379.5,0.106407
299.771,1,379,0.106203
300.637,1,378.5,0.105998
301.503,1,378,0.105792
302.369,1,377.5,0.105586
303.235,1,377,0.105378
304.101,1,376.5,0.105127
304.967,1,376,0.104854
305.833,1,375.5,0.104578
306.699,1,375,0.1043
307.565,1,374.5,0.104022
308.431,1,374,0.103749
309.297,1,373.5,0.103461
310.163,1,373,0.103148
311.029,1,372.5,0.102839
311.895,1,372,0.102532
312.761,1,371.5,0.102227
313.627,1,371,0.101925
314.493,1,370.5,0.101617
315.359,1,370,0.10113
316.225,1,369.5,0.100634
317.091,1,369,0.100135
317.957,1,368.5,0.0996424
318.823,1,368,0.099141
319.689,1,367.5,0.0986306
320.555,1,367,0.0985267
321.421,1,366.5,0.0985953
322.287,1,366,0.0986879
323.153,1,365.5,0.0988046
324.019,1,365,0.0989453
324.885,1,364.5,0.0991101
325.751,1,364,0.0993238
326.617,1,363.5,0.0996099
327.483,1,363,0.099942
328.349,1,362.5,0.100186
329.215,1,362,0.100341
330.081,1,361.5,0.100407
330.947,1,361,0.101
331.813,1,360.5,0.106703
332.679,1,360,0.111883
333.546,1,359.5,0.11654
334.412,1,359,0.120673
335.278,1,358.5,0.124283
336.144,1,358,0.127579
337.01,1,357.5,0.133441
337.876,1,357,0.139263
338.742,1,356.5,0.144278
339.608,1,356,0.148488
340.474,1,355.5,0.151892
341.34,1,355,0.154489
342.206,1,354.5,0.151737
343.072,1,354,0.143381
343.938,1,353.5,0.1346
344.804,1,353,0.125394
345.67,1,352.5,0.115017
346.536,1,352,0.103025
347.402,1,351.5,0.0947601
348.268,1,351,0.10693
349.134,1,350.5,0.112302
350,1,350,0.110876
350.866,1,349.5,0.102652
351.732,1,349,0.0876289
352.598,1,348.5,0.065808
353.464,1,348,0.0483276
354.33,1,347.5,0.0408376
355.196,1,347,0.0519133
356.062,1,346.5,0.072139
356.928,1,346,0.0906773
357.794,1,345.5,0.107528
358.66,1,345,0.115093
359.526,1,344.5,0.115737
360.392,1,344,0.11674
361.258,1,343.5,0.118102
362.124,1,343,0.119822
362.99,1,342.5,0.121901
363.856,1,342,0.124048
364.722,1,341.5,0.124661
365.588,1,341,0.124913
366.454,1,340.5,0.125162
367.321,1,340,0.125407
368.187,1,339.5,0.125649
369.053,1,339,0.125888
369.919,1,338.5,0.126011
370.785,1,338,0.12612
371.651,1,337.5,0.126228
372.517,1,337,0.126335
373.383,1,336.5,0.12644
374.249,1,336,0.126641
375.115,1,335.5,0.126917
375.981,1,335,0.127186
376.847,1,334.5,0.127412
377.713,1,334,0.127594
378.579,1,333.5,0.127734
379.445,1,333,0.12783
380.311,1,332.5,0.127905
381.177,1,332,0.128004
382.043,1,331.5,0.128069
382.909,1,331,0.1281
383.775,1,330.5,0.128184
384.641,1,330,0.128273
385.507,1,329.5,0.128332
386.373,1,329,0.128278
387.239,1,328.5,0.128192
388.105,1,328,0.128077
388.971,1,327.5,0.127934
389.837,1,327,0.127762
390.703,1,326.5,0.127562
391.569,1,326,0.127318
392.435,1,325.5,0.12704
393.301,1,325,0.126864
394.167,1,324.5,0.126706
395.033,1,324,0.126528
395.899,1,323.5,0.126332
396.765,1,323,0.126089
397.631,1,322.5,0.125769
398.497,1,322,0.125434
399.363,1,321.5,0.125083
400.229,1,321,0.124717
401.095,1,320.5,0.124334
401.962,1,320,0.123936
402.828,1,319.5,0.123558
403.694,1,319,0.12319
404.56,1,318.5,0.122815
405.426,1,318,0.122433
406.292,1,317.5,0.122043
407.158,1,317,0.121645
408.024,1,316.5,0.121196
408.89,1,316,0.120723
409.756,1,315.5,0.120247
410.622,1,315,0.119768
411.488,1,314.5,0.119287
412.354,1,314,0.118913
413.22,1,313.5,0.118529
414.086,1,313,0.118113
414.952,1,312.5,0.117699
415.818,1,312,0.117286
416.684,1,311.5,0.116875
417.55,1,311,0.116466
418.416,1,310.5,0.116057
419.282,1,310,0.115627
420.148,1,309.5,0.115202
421.014,1,309,0.114782
421.88,1,308.5,0.114465
422.746,1,308,0.114155
423.612,1,307.5,0.11385
424.478,1,307,0.113539
425.344,1,306.5,0.113231
426.21,1,306,0.112929
427.076,1,305.5,0.112633
427.942,1,305,0.112344
428.808,1,304.5,0.112062
429.674,1,304,0.111787
430.54,1,303.5,0.111523
431.406,1,303,0.111316
432.272,1,302.5,0.111115
433.138,1,302,0.11092
434.004,1,301.5,0.110731
434.87,1,301,0.11055
435.737,1,300.5,0.110383
436.603,1,300,0.110222
437.469,1,299.5,0.110068
438.335,1,299,0.109919
439.201,1,298.5,0.109777
440.067,1,298,0.109644
440.933,1,297.5,0.109551
441.799,1,297,0.109465
442.665,1,296.5,0.109382
443.531,1,296,0.109303
444.397,1,295.5,0.109227
445.263,1,295,0.109154
446.129,1,294.5,0.109093
446.995,1,294,0.109041
447.861,1,293.5,0.108993
448.727,1,293,0.108947
449.593,1,292.5,0.108906
450.459,1,292,0.108872
451.325,1,291.5,0.108842
452.191,1,291,0.108822
453.057,1,290.5,0.108803
453.923,1,290,0.108786
454.789,1,289.5,0.10877
455.655,1,289,0.108756
456.521,1,288.5,0.108742
457.387,1,288,0.108736
458.253,1,287.5,0.108731
459.119,1,287,0.108727
459.985,1,286.5,0.108724
460.851,1,286,0.10872
461.717,1,285.5,0.108718
462.583,1,285,0.108718
463.449,1,284.5,0.10872
464.315,1,284,0.108723
465.181,1,283.5,0.108725
466.047,1,283,0.108728
466.913,1,282.5,0.108731
467.779,1,282,0.108735
468.645,1,281.5,0.108741
469.512,1,281,0.108746
470.378,1,280.5,0.108752
471.244,1,280,0.108757
472.11,1,279.5,0.108762
472.976,1,279,0.108767
473.842,1,278.5,0.108775
474.708,1,278,0.108782
475.574,1,277.5,0.10879
476.44,1,277,0.108797
477.306,1,276.5,0.108804
478.172,1,276,0.108811
479.038,1,275.5,0.108817
479.904,1,275,0.108824
480.77,1,274.5,0.108831
481.636,1,274,0.108837
482.502,1,273.5,0.108844
483.368,1,273,0.108851
484.234,1,272.5,0.108857
485.1,1,272,0.108864
485.966,1,271.5,0.108871
486.832,1,271,0.108878
487.698,1,270.5,0.108884
488.564,1,270,0.10889
489.43,1,269.5,0.108896
490.296,1,269,0.108902
491.162,1,268.5,0.108908
492.028,1,268,0.108914
492.894,1,267.5,0.10892
493.76,1,267,0.108926
494.626,1,266.5,0.108931
495.492,1,266,0.108937
496.358,1,265.5,0.108943
497.224,1,265,0.108948
498.09,1,264.5,0.108953
498.956,1,264,0.108958
499.822,1,263.5,0.108962
500.688,1,263,0.108967
501.554,1,262.5,0.108971
502.42,1,262,0.108976
503.286,1,261.5,0.10898
504.153,1,261,0.108985
505.019,1,260.5,0.108989
505.885,1,260,0.108993
506.751,1,259.5,0.108998
507.617,1,259,0.109001
508.483,1,258.5,0.109005
509.349,1,258,0.109009
510.215,1,257.5,0.109013
511.081,1,257,0.109016
511.947,1,256.5,0.10902
512.813,1,256,0.109023
513.679,1,255.5,0.109027
514.545,1,255,0.10903
515.411,1,254.5,0.109034
516.277,1,254,0.109037
517.143,1,253.5,0.10904
518.009,1,253,0.109042
518.875,1,252.5,0.109045
519.741,1,252,0.109048
520.607,1,251.5,0.10905
521.473,1,251,0.109053
522.339,1,250.5,0.109056
523.205,1,250,0.109058
524.071,1,249.5,0.109061
524.937,1,249,0.109063
525.803,1,248.5,0.109066
526.669,1,248,0.109068
527.535,1,247.5,0.10907
528.401,1,247,0.109072
529.267,1,246.5,0.109074
530.133,1,246,0.109076
530.999,1,245.5,0.109078
531.865,1,245,0.10908
532.731,1,244.5,0.109082
533.597,1,244,0.109084
534.463,1,243.5,0.109086
535.329,1,243,0.109088
536.195,1,242.5,0.109089
537.061,1,242,0.109091
537.928,1,241.5,0.109092
538.794,1,241,0.109094
539.66,1,240.5,0.109095
540.526,1,240,0.109096
541.392,1,239.5,0.109098
542.258,1,239,0.109099
543.124,1,238.5,0.109101
543.99,1,238,0.109102
544.856,1,237.5,0.109103
545.722,1,237,0.109104
546.588,1,236.5,0.109106
547.454,1,236,0.109107
548.32,1,235.5,0.109108
549.186,1,235,0.109109
550.052,1,234.5,0.10911
550.918,1,234,0.109111
551.784,1,233.5,0.109112
552.65,1,233,0.109114
553.516,1,232.5,0.109115
554.382,1,232,0.109116
555.248,1,231.5,0.109116
556.114,1,231,0.109117
556.98,1,230.5,0.109118
557.846,1,230,0.109119
558.712,1,229.5,0.10912
559.578,1,229,0.109121
560.444,1,228.5,0.109121
561.31,1,228,0.109122
562.176,1,227.5,0.109123
563.042,1,227,0.109124
563.908,1,226.5,0.109124
564.774,1,226,0.109125
565.64,1,225.5,0.109126
566.506,1,225,0.109127
567.372,1,224.5,0.109127
568.238,1,224,0.109128
569.104,1,223.5,0.109129
569.97,1,223,0.109129
570.836,1,222.5,0.10913
571.703,1,222,0.10913
572.569,1,221.5,0.109131
573.435,1,221,0.109131
574.301,1,220.5,0.109132
575.167,1,220,0.109132
576.033,1,219.5,0.109133
576.899,1,219,0.109133
577.765,1,218.5,0.109134
578.631,1,218,0.109134
579.497,1,217.5,0.109135
580.363,1,217,0.109135
581.229,1,216.5,0.109136
582.095,1,216,0.109136
582.961,1,215.5,0.109136
583.827,1,215,0.109137
584.693,1,214.5,0.109137
585.559,1,214,0.109138
586.425,1,213.5,0.109138
587.291,1,213,0.109138
588.157,1,212.5,0.109139
589.023,1,212,0.109139
589.889,1,211.5,0.109139
590.755,1,211,0.10914
591.621,1,210.5,0.10914
592.487,1,210,0.10914
593.353,1,209.5,0.109141
594.219,1,209,0.109141
595.085,1,208.5,0.109141
595.951,1,208,0.109142
596.817,1,207.5,0.109142
597.683,1,207,0.109142
598.549,1,206.5,0.109142
599.415,1,206,0.109143
600.281,1,205.5,0.109143
601.147,1,205,0.109143
602.013,1,204.5,0.109143
602.879,1,204,0.109144
603.745,1,203.5,0.109144
604.611,1,203,0.109144
605.477,1,202.5,0.109144
606.344,1,202,0.109144
607.21,1,201.5,0.109145
608.076,1,201,0.109145
608.942,1,200.5,0.109145
609.808,1,200,0.109145
