x,y,z,b
90.1924,1,500,0.108914
91.0584,1,499.5,0.108911
91.9244,1,499,0.108909
92.7905,1,498.5,0.108906
93.6565,1,498,0.108904
94.5225,1,497.5,0.108901
95.3885,1,497,0.108898
96.2546,1,496.5,0.108895
97.1206,1,496,0.108892
97.9866,1,495.5,0.108888
98.8526,1,495,0.108884
99.7187,1,494.5,0.108881
100.585,1,494,0.108877
101.451,1,493.5,0.108873
102.317,1,493,0.108868
103.183,1,492.5,0.108863
104.049,1,492,0.108859
104.915,1,491.5,0.108854
105.781,1,491,0.108849
106.647,1,490.5,0.108844
107.513,1,490,0.108838
108.379,1,489.5,0.108833
109.245,1,489,0.108827
110.111,1,488.5,0.108821
110.977,1,488,0.108815
111.843,1,487.5,0.108809
112.709,1,487,0.108802
113.575,1,486.5,0.108796
114.441,1,486,0.108789
115.307,1,485.5,0.108782
116.173,1,485,0.108775
117.039,1,484.5,0.108767
117.905,1,484,0.10876
118.771,1,483.5,0.108752
119.637,1,483,0.108744
120.503,1,482.5,0.108736
121.369,1,482,0.108728
122.235,1,481.5,0.10872
123.101,1,481,0.108712
123.967,1,480.5,0.108702
124.833,1,480,0.108693
125.699,1,479.5,0.108683
126.565,1,479,0.108674
127.431,1,478.5,0.108664
128.297,1,478,0.108654
129.164,1,477.5,0.108644
130.03,1,477,0.108633
130.896,1,476.5,0.108621
131.762,1,476,0.10861
132.628,1,475.5,0.108599
133.494,1,475,0.108587
134.36,1,474.5,0.108575
135.226,1,474,0.108562
136.092,1,473.5,0.108549
136.958,1,473,0.108535
137.824,1,472.5,0.108522
138.69,1,472,0.108508
139.556,1,471.5,0.108495
140.422,1,471,0.108479
141.288,1,470.5,0.108464
142.154,1,470,0.108448
143.02,1,469.5,0.108432
143.886,1,469,0.108416
144.752,1,468.5,0.1084
145.618,1,468,0.108382
146.484,1,467.5,0.108364
147.35,1,467,0.108345
148.216,1,466.5,0.108326
149.082,1,466,0.108307
149.948,1,465.5,0.108288
150.814,1,465,0.108267
151.68,1,464.5,0.108245
152.546,1,464,0.108223
153.412,1,463.5,0.108201
154.278,1,463,0.108178
155.144,1,462.5,0.108155
156.01,1,462,0.108132
156.876,1,461.5,0.108106
157.742,1,461,0.108079
158.608,1,460.5,0.108052
159.474,1,460,0.108025
160.34,1,459.5,0.107998
161.206,1,459,0.10797
162.072,1,458.5,0.107939
162.939,1,458,0.107907
163.805,1,457.5,0.107875
164.671,1,457,0.107843
165.537,1,456.5,0.10781
166.403,1,456,0.107778
167.269,1,455.5,0.107742
168.135,1,455,0.107703
169.001,1,454.5,0.107664
169.867,1,454,0.107625
170.733,1,453.5,0.107586
171.599,1,453,0.107546
172.465,1,452.5,0.107504
173.331,1,452,0.107458
174.197,1,451.5,0.107411
175.063,1,451,0.107364
175.929,1,450.5,0.107317
176.795,1,450,0.10727
177.661,1,449.5,0.107222
178.527,1,449,0.107166
179.393,1,448.5,0.107109
180.259,1,448,0.107051
181.125,1,447.5,0.106993
181.991,1,447,0.106934
182.857,1,446.5,0.106875
183.723,1,446,0.10681
184.589,1,445.5,0.106742
185.455,1,445,0.106672
186.321,1,444.5,0.106602
187.187,1,444,0.106532
188.053,1,443.5,0.10646
188.919,1,443,0.106385
189.785,1,442.5,0.1063
190.651,1,442,0.106215
191.517,1,441.5,0.106129
192.383,1,441,0.106042
193.249,1,440.5,0.105954
194.115,1,440,0.105866
194.981,1,439.5,0.105764
195.847,1,439,0.105661
196.714,1,438.5,0.105557
197.58,1,438,0.105451
198.446,1,437.5,0.105345
199.312,1,437,0.105237
200.178,1,436.5,0.105117
201.044,1,436,0.104989
201.91,1,435.5,0.10486
202.776,1,435,0.104729
203.642,1,434.5,0.104597
204.508,1,434,0.104464
205.374,1,433.5,0.104323
206.24,1,433,0.104166
207.106,1,432.5,0.104008
207.972,1,432,0.103848
208.838,1,431.5,0.103686
209.704,1,431,0.103523
210.57,1,430.5,0.103357
211.436,1,430,0.103163
212.302,1,429.5,0.102966
213.168,1,429,0.102768
214.034,1,428.5,0.102569
214.9,1,428,0.102367
215.766,1,427.5,0.102163
216.632,1,427,0.101934
217.498,1,426.5,0.101694
218.364,1,426,0.10145
219.23,1,425.5,0.101204
220.096,1,425,0.100956
220.962,1,424.5,0.100704
221.828,1,424,0.100434
222.694,1,423.5,0.100138
223.56,1,423,0.0998378
224.426,1,422.5,0.0995339
225.292,1,422,0.0992262
226.158,1,421.5,0.0989147
227.024,1,421,0.0985961
227.89,1,420.5,0.098236
228.756,1,420,0.0978711
229.622,1,419.5,0.0975016
230.488,1,419,0.0971274
231.355,1,418.5,0.0967485
232.221,1,418,0.0963657
233.087,1,417.5,0.0959459
233.953,1,417,0.09551
234.819,1,416.5,0.0950673
235.685,1,416,0.0946178
236.551,1,415.5,0.0941617
237.417,1,415,0.0936988
238.283,1,414.5,0.093207
239.149,1,414,0.0926798
240.015,1,413.5,0.0921436
240.881,1,413,0.0915985
241.747,1,412.5,0.0910576
242.613,1,412,0.0905194
243.479,1,411.5,0.0900183
244.345,1,411,0.0897733
245.211,1,410.5,0.0895685
246.077,1,410,0.0894041
246.943,1,409.5,0.08928
247.809,1,409,0.0891963
248.675,1,408.5,0.0891528
249.541,1,408,0.0896317
250.407,1,407.5,0.0902737
251.273,1,407,0.0911305
252.139,1,406.5,0.0921142
253.005,1,406,0.0931998
253.871,1,405.5,0.0943871
254.737,1,405,0.0963743
255.603,1,404.5,0.0991729
256.469,1,404,0.102119
257.335,1,403.5,0.105213
258.201,1,403,0.108455
259.067,1,402.5,0.111844
259.933,1,402,0.115508
260.799,1,401.5,0.11979
261.665,1,401,0.124005
262.531,1,400.5,0.128147
263.397,1,400,0.132214
264.263,1,399.5,0.136208
265.13,1,399,0.140127
265.996,1,398.5,0.143909
266.862,1,398,0.147635
267.728,1,397.5,0.151316
268.594,1,397,0.154951
269.46,1,396.5,0.158541
270.326,1,396,0.164288
271.192,1,395.5,0.170779
272.058,1,395,0.178171
272.924,1,394.5,0.18627
273.79,1,394,0.195074
274.656,1,393.5,0.204585
275.522,1,393,0.214802
276.388,1,392.5,0.226917
277.254,1,392,0.243365
278.12,1,391.5,0.260587
278.986,1,391,0.278558
279.852,1,390.5,0.295147
280.718,1,390,0.309897
281.584,1,389.5,0.322807
282.45,1,389,0.327831
283.316,1,388.5,0.33132
284.182,1,388,0.333721
285.048,1,387.5,0.335035
285.914,1,387,0.335261
286.78,1,386.5,0.3344
287.646,1,386,0.332728
288.512,1,385.5,0.331153
289.378,1,385,0.329785
290.244,1,384.5,0.328481
291.11,1,384,0.32724
291.976,1,383.5,0.326063
292.842,1,383,0.32517
293.708,1,382.5,0.324873
294.574,1,382,0.324683
295.44,1,381.5,0.324599
296.306,1,381,0.324622
297.172,1,380.5,0.324752
298.038,1,380,0.324968
298.905,1,379.5,0.325032
299.771,1,379,0.325103
300.637,1,378.5,0.325179
301.503,1,378,0.325263
302.369,1,377.5,0.325352
303.235,1,377,0.325449
304.101,1,376.5,0.325498
304.967,1,376,0.325549
305.833,1,375.5,0.325633
306.699,1,375,0.32575
307.565,1,374.5,0.325904
308.431,1,374,0.326096
309.297,1,373.5,0.326265
310.163,1,373,0.326395
311.029,1,372.5,0.326555
311.895,1,372,0.326745
312.761,1,371.5,0.326965
313.627,1,371,0.327215
314.493,1,370.5,0.32749
315.359,1,370,0.327689
316.225,1,369.5,0.327906
317.091,1,369,0.328138
317.957,1,368.5,0.328372
318.823,1,368,0.328615
319.689,1,367.5,0.328868
320.555,1,367,0.329092
321.421,1,366.5,0.329333
322.287,1,366,0.329608
323.153,1,365.5,0.329915
324.019,1,365,0.330256
324.885,1,364.5,0.330631
325.751,1,364,0.330769
326.617,1,363.5,0.330285
327.483,1,363,0.329223
328.349,1,362.5,0.327931
329.215,1,362,0.326407
330.081,1,361.5,0.324652
330.947,1,361,0.322139
331.813,1,360.5,0.314657
332.679,1,360,0.306784
333.546,1,359.5,0.298522
334.412,1,359,0.289871
335.278,1,358.5,0.28083
336.144,1,358,0.273139
337.01,1,357.5,0.264971
337.876,1,357,0.256975
338.742,1,356.5,0.25013
339.608,1,356,0.244438
340.474,1,355.5,0.239897
341.34,1,355,0.236509
342.206,1,354.5,0.237766
343.072,1,354,0.24104
343.938,1,353.5,0.241336
344.804,1,353,0.238653
345.67,1,352.5,0.233609
346.536,1,352,0.228282
347.402,1,351.5,0.226157
348.268,1,351,0.238393
349.134,1,350.5,0.243642
350,1,350,0.241904
350.866,1,349.5,0.233179
351.732,1,349,0.217467
352.598,1,348.5,0.194768
353.464,1,348,0.160951
354.33,1,347.5,0.128523
355.196,1,347,0.110266
356.062,1,346.5,0.102251
356.928,1,346,0.0937744
357.794,1,345.5,0.0848358
358.66,1,345,0.0857846
359.526,1,344.5,0.0949458
360.392,1,344,0.102882
361.258,1,343.5,0.109593
362.124,1,343,0.115079
362.99,1,342.5,0.11934
363.856,1,342,0.121645
364.722,1,341.5,0.121298
365.588,1,341,0.121237
366.454,1,340.5,0.121135
367.321,1,340,0.120991
368.187,1,339.5,0.120805
369.053,1,339,0.120578
369.919,1,338.5,0.120563
370.785,1,338,0.120572
371.651,1,337.5,0.120576
372.517,1,337,0.120576
373.383,1,336.5,0.120572
374.249,1,336,0.120615
375.115,1,335.5,0.120757
375.981,1,335,0.120954
376.847,1,334.5,0.121162
377.713,1,334,0.121383
378.579,1,333.5,0.121616
379.445,1,333,0.121861
380.311,1,332.5,0.122074
381.177,1,332,0.122169
382.043,1,331.5,0.122264
382.909,1,331,0.122359
383.775,1,330.5,0.122469
384.641,1,330,0.122587
385.507,1,329.5,0.122705
386.373,1,329,0.122737
387.239,1,328.5,0.122775
388.105,1,328,0.122822
388.971,1,327.5,0.122881
389.837,1,327,0.122949
390.703,1,326.5,0.123028
391.569,1,326,0.123092
392.435,1,325.5,0.123153
393.301,1,325,0.12322
394.167,1,324.5,0.123288
395.033,1,324,0.123357
395.899,1,323.5,0.123427
396.765,1,323,0.123487
397.631,1,322.5,0.123525
398.497,1,322,0.123564
399.363,1,321.5,0.123606
400.229,1,321,0.12365
401.095,1,320.5,0.123696
401.962,1,320,0.123743
402.828,1,319.5,0.123775
403.694,1,319,0.123806
404.56,1,318.5,0.123836
405.426,1,318,0.123866
406.292,1,317.5,0.123896
407.158,1,317,0.123924
408.024,1,316.5,0.123946
408.89,1,316,0.123963
409.756,1,315.5,0.12398
410.622,1,315,0.123995
411.488,1,314.5,0.124009
412.354,1,314,0.124024
413.22,1,313.5,0.124033
414.086,1,313,0.124036
414.952,1,312.5,0.124036
415.818,1,312,0.124033
416.684,1,311.5,0.124028
417.55,1,311,0.12402
418.416,1,310.5,0.124008
419.282,1,310,0.123984
420.148,1,309.5,0.123957
421.014,1,309,0.123927
421.88,1,308.5,0.123897
422.746,1,308,0.123864
423.612,1,307.5,0.123829
424.478,1,307,0.123784
425.344,1,306.5,0.123733
426.21,1,306,0.123679
427.076,1,305.5,0.123622
427.942,1,305,0.123561
428.808,1,304.5,0.123498
429.674,1,304,0.123427
430.54,1,303.5,0.123345
431.406,1,303,0.123267
432.272,1,302.5,0.123185
433.138,1,302,0.123101
434.004,1,301.5,0.123013
434.87,1,301,0.122921
435.737,1,300.5,0.122815
436.603,1,300,0.122706
437.469,1,299.5,0.122594
438.335,1,299,0.12248
439.201,1,298.5,0.122362
440.067,1,298,0.122243
440.933,1,297.5,0.122122
441.799,1,297,0.121996
442.665,1,296.5,0.121868
443.531,1,296,0.121737
444.397,1,295.5,0.121603
445.263,1,295,0.121467
446.129,1,294.5,0.121322
446.995,1,294,0.121168
447.861,1,293.5,0.121012
448.727,1,293,0.120854
449.593,1,292.5,0.120697
450.459,1,292,0.120556
451.325,1,291.5,0.12041
452.191,1,291,0.120252
453.057,1,290.5,0.120092
453.923,1,290,0.119931
454.789,1,289.5,0.119768
455.655,1,289,0.119604
456.521,1,288.5,0.119437
457.387,1,288,0.119258
458.253,1,287.5,0.119076
459.119,1,287,0.118898
459.985,1,286.5,0.11874
460.851,1,286,0.118581
461.717,1,285.5,0.118421
462.583,1,285,0.118254
463.449,1,284.5,0.11808
464.315,1,284,0.117906
465.181,1,283.5,0.117731
466.047,1,283,0.117556
466.913,1,282.5,0.117381
467.779,1,282,0.117201
468.645,1,281.5,0.117021
469.512,1,281,0.116862
470.378,1,280.5,0.116704
471.244,1,280,0.116545
472.11,1,279.5,0.116387
472.976,1,279,0.116229
473.842,1,278.5,0.116062
474.708,1,278,0.115895
475.574,1,277.5,0.115728
476.44,1,277,0.115561
477.306,1,276.5,0.115395
478.172,1,276,0.115237
479.038,1,275.5,0.115089
479.904,1,275,0.114939
480.77,1,274.5,0.114789
481.636,1,274,0.11464
482.502,1,273.5,0.114492
483.368,1,273,0.114345
484.234,1,272.5,0.114197
485.1,1,272,0.114044
485.966,1,271.5,0.113893
486.832,1,271,0.113743
487.698,1,270.5,0.113601
488.564,1,270,0.113471
489.43,1,269.5,0.113342
490.296,1,269,0.113209
491.162,1,268.5,0.113076
492.028,1,268,0.112946
492.894,1,267.5,0.112817
493.76,1,267,0.112689
494.626,1,266.5,0.112563
495.492,1,266,0.112435
496.358,1,265.5,0.112307
497.224,1,265,0.112188
498.09,1,264.5,0.112079
498.956,1,264,0.11197
499.822,1,263.5,0.111864
500.688,1,263,0.111758
501.554,1,262.5,0.111651
502.42,1,262,0.111546
503.286,1,261.5,0.111443
504.153,1,261,0.111341
505.019,1,260.5,0.111241
505.885,1,260,0.111142
506.751,1,259.5,0.11105
507.617,1,259,0.110966
508.483,1,258.5,0.110883
509.349,1,258,0.110802
510.215,1,257.5,0.110722
511.081,1,257,0.110644
511.947,1,256.5,0.110566
512.813,1,256,0.11049
513.679,1,255.5,0.110416
514.545,1,255,0.110343
515.411,1,254.5,0.110271
516.277,1,254,0.110208
517.143,1,253.5,0.11015
518.009,1,253,0.110093
518.875,1,252.5,0.110037
519.741,1,252,0.109983
520.607,1,251.5,0.10993
521.473,1,251,0.109878
522.339,1,250.5,0.109827
523.205,1,250,0.109778
524.071,1,249.5,0.109731
524.937,1,249,0.109684
525.803,1,248.5,0.109642
526.669,1,248,0.109602
527.535,1,247.5,0.109564
528.401,1,247,0.109527
529.267,1,246.5,0.109491
530.133,1,246,0.109457
530.999,1,245.5,0.109423
531.865,1,245,0.10939
532.731,1,244.5,0.109358
533.597,1,244,0.109328
534.463,1,243.5,0.1093
535.329,1,243,0.109275
536.195,1,242.5,0.109252
537.061,1,242,0.10923
537.928,1,241.5,0.109209
538.794,1,241,0.109188
539.66,1,240.5,0.109169
540.526,1,240,0.109151
541.392,1,239.5,0.109133
542.258,1,239,0.109116
543.124,1,238.5,0.1091
543.99,1,238,0.109084
544.856,1,237.5,0.109071
545.722,1,237,0.109059
546.588,1,236.5,0.109048
547.454,1,236,0.109037
548.32,1,235.5,0.109027
549.186,1,235,0.109017
550.052,1,234.5,0.109008
550.918,1,234,0.109
551.784,1,233.5,0.108992
552.65,1,233,0.108985
553.516,1,232.5,0.108978
554.382,1,232,0.108972
555.248,1,231.5,0.108968
556.114,1,231,0.108964
556.98,1,230.5,0.108961
557.846,1,230,0.108958
558.712,1,229.5,0.108955
559.578,1,229,0.108953
560.444,1,228.5,0.108951
561.31,1,228,0.108949
562.176,1,227.5,0.108948
563.042,1,227,0.108948
563.908,1,226.5,0.108947
564.774,1,226,0.108946
565.64,1,225.5,0.108946
566.506,1,225,0.108946
567.372,1,224.5,0.108947
568.238,1,224,0.108948
569.104,1,223.5,0.108948
569.97,1,223,0.108949
570.836,1,222.5,0.108951
571.703,1,222,0.108952
572.569,1,221.5,0.108954
573.435,1,221,0.108955
574.301,1,220.5,0.108957
575.167,1,220,0.108959
576.033,1,219.5,0.108961
576.899,1,219,0.108963
577.765,1,218.5,0.108965
578.631,1,218,0.108968
579.497,1,217.5,0.10897
580.363,1,217,0.108973
581.229,1,216.5,0.108975
582.095,1,216,0.108977
582.961,1,215.5,0.10898
583.827,1,215,0.108982
584.693,1,214.5,0.108985
585.559,1,214,0.108988
586.425,1,213.5,0.10899
587.291,1,213,0.108993
588.157,1,212.5,0.108995
589.023,1,212,0.108998
589.889,1,211.5,0.109001
590.755,1,211,0.109004
591.621,1,210.5,0.109007
592.487,1,210,0.10901
593.353,1,209.5,0.109012
594.219,1,209,0.109015
595.085,1,208.5,0.109018
595.951,1,208,0.109021
596.817,1,207.5,0.109023
597.683,1,207,0.109026
598.549,1,206.5,0.109029
599.415,1,206,0.109032
600.281,1,205.5,0.109035
601.147,1,205,0.109038
602.013,1,204.5,0.10904
602.879,1,204,0.109043
603.745,1,203.5,0.109046
604.611,1,203,0.109048
605.477,1,202.5,0.109051
606.344,1,202,0.109054
607.21,1,201.5,0.109057
608.076,1,201,0.10906
608.942,1,200.5,0.109063
609.808,1,200,0.109065
