x,y,z,b
90.1924,1,500,0.108268
91.0584,1,499.5,0.108258
91.9244,1,499,0.108247
92.7905,1,498.5,0.108236
93.6565,1,498,0.108225
94.5225,1,497.5,0.108214
95.3885,1,497,0.108203
96.2546,1,496.5,0.10819
97.1206,1,496,0.108176
97.9866,1,495.5,0.108161
98.8526,1,495,0.108147
99.7187,1,494.5,0.108133
100.585,1,494,0.108118
101.451,1,493.5,0.108102
102.317,1,493,0.108084
103.183,1,492.5,0.108066
104.049,1,492,0.108048
104.915,1,491.5,0.10803
105.781,1,491,0.108011
106.647,1,490.5,0.107992
107.513,1,490,0.107971
108.379,1,489.5,0.107949
109.245,1,489,0.107927
110.111,1,488.5,0.107905
110.977,1,488,0.107883
111.843,1,487.5,0.10786
112.709,1,487,0.107835
113.575,1,486.5,0.10781
114.441,1,486,0.107784
115.307,1,485.5,0.107757
116.173,1,485,0.107731
117.039,1,484.5,0.107704
117.905,1,484,0.107677
118.771,1,483.5,0.107647
119.637,1,483,0.107617
120.503,1,482.5,0.107587
121.369,1,482,0.107556
122.235,1,481.5,0.107526
123.101,1,481,0.107495
123.967,1,480.5,0.10746
124.833,1,480,0.107425
125.699,1,479.5,0.10739
126.565,1,479,0.107355
127.431,1,478.5,0.107319
128.297,1,478,0.107283
129.164,1,477.5,0.107244
130.03,1,477,0.107204
130.896,1,476.5,0.107163
131.762,1,476,0.107122
132.628,1,475.5,0.107081
133.494,1,475,0.107039
134.36,1,474.5,0.106995
135.226,1,474,0.106948
136.092,1,473.5,0.1069
136.958,1,473,0.106852
137.824,1,472.5,0.106804
138.69,1,472,0.106755
139.556,1,471.5,0.106705
140.422,1,471,0.10665
141.288,1,470.5,0.106595
142.154,1,470,0.106539
143.02,1,469.5,0.106482
143.886,1,469,0.106426
144.752,1,468.5,0.106368
145.618,1,468,0.106305
146.484,1,467.5,0.10624
147.35,1,467,0.106174
148.216,1,466.5,0.106108
149.082,1,466,0.106041
149.948,1,465.5,0.105973
150.814,1,465,0.105901
151.68,1,464.5,0.105825
152.546,1,464,0.105749
153.412,1,463.5,0.105671
154.278,1,463,0.105593
155.144,1,462.5,0.105514
156.01,1,462,0.105433
156.876,1,461.5,0.105343
157.742,1,461,0.105253
158.608,1,460.5,0.105161
159.474,1,460,0.105069
160.34,1,459.5,0.104975
161.206,1,459,0.104881
162.072,1,458.5,0.104778
162.939,1,458,0.104672
163.805,1,457.5,0.104565
164.671,1,457,0.104457
165.537,1,456.5,0.104348
166.403,1,456,0.104238
167.269,1,455.5,0.104119
168.135,1,455,0.103994
169.001,1,454.5,0.103868
169.867,1,454,0.10374
170.733,1,453.5,0.103611
171.599,1,453,0.10348
172.465,1,452.5,0.103346
173.331,1,452,0.103201
174.197,1,451.5,0.103054
175.063,1,451,0.102906
175.929,1,450.5,0.102756
176.795,1,450,0.102605
177.661,1,449.5,0.102452
178.527,1,449,0.102281
179.393,1,448.5,0.102107
180.259,1,448,0.101932
181.125,1,447.5,0.101754
181.991,1,447,0.101574
182.857,1,446.5,0.101393
183.723,1,446,0.101201
184.589,1,445.5,0.101
185.455,1,445,0.100796
186.321,1,444.5,0.100589
187.187,1,444,0.100381
188.053,1,443.5,0.10017
188.919,1,443,0.0999518
189.785,1,442.5,0.0997193
190.651,1,442,0.0994842
191.517,1,441.5,0.0992465
192.383,1,441,0.0990063
193.249,1,440.5,0.0987634
194.115,1,440,0.0985171
194.981,1,439.5,0.0982538
195.847,1,439,0.097987
196.714,1,438.5,0.0977171
197.58,1,438,0.0974442
198.446,1,437.5,0.0971682
199.312,1,437,0.0968892
200.178,1,436.5,0.096602
201.044,1,436,0.096309
201.91,1,435.5,0.096013
202.776,1,435,0.095714
203.642,1,434.5,0.0954106
204.508,1,434,0.0951028
205.374,1,433.5,0.0947942
206.24,1,433,0.0944869
207.106,1,432.5,0.0941769
207.972,1,432,0.0938642
208.838,1,431.5,0.0935488
209.704,1,431,0.0932305
210.57,1,430.5,0.0929105
211.436,1,430,0.092621
212.302,1,429.5,0.092331
213.168,1,429,0.0920503
214.034,1,428.5,0.0917861
214.9,1,428,0.0915345
215.766,1,427.5,0.0912952
216.632,1,427,0.0911907
217.498,1,426.5,0.0911593
218.364,1,426,0.0911532
219.23,1,425.5,0.0911725
220.096,1,425,0.0912173
220.962,1,424.5,0.0912874
221.828,1,424,0.0914811
222.694,1,423.5,0.091974
223.56,1,423,0.092607
224.426,1,422.5,0.093328
225.292,1,422,0.0941368
226.158,1,421.5,0.0950336
227.024,1,421,0.0960474
227.89,1,420.5,0.0974828
228.756,1,420,0.0990222
229.622,1,419.5,0.100666
230.488,1,419,0.102413
231.355,1,418.5,0.104265
232.221,1,418,0.106834
233.087,1,417.5,0.10983
233.953,1,417,0.112944
234.819,1,416.5,0.116165
235.685,1,416,0.119491
236.551,1,415.5,0.122923
237.417,1,415,0.126461
238.283,1,414.5,0.129764
239.149,1,414,0.132655
240.015,1,413.5,0.135509
240.881,1,413,0.138326
241.747,1,412.5,0.141552
242.613,1,412,0.144724
243.479,1,411.5,0.147636
244.345,1,411,0.14996
245.211,1,410.5,0.152104
246.077,1,410,0.154068
246.943,1,409.5,0.155852
247.809,1,409,0.157457
248.675,1,408.5,0.158882
249.541,1,408,0.160405
250.407,1,407.5,0.161883
251.273,1,407,0.162712
252.139,1,406.5,0.163454
253.005,1,406,0.164222
253.871,1,405.5,0.165013
254.737,1,405,0.166227
255.603,1,404.5,0.16791
256.469,1,404,0.169698
257.335,1,403.5,0.171593
258.201,1,403,0.173594
259.067,1,402.5,0.1757
259.933,1,402,0.178021
260.799,1,401.5,0.179578
261.665,1,401,0.181195
262.531,1,400.5,0.183011
263.397,1,400,0.185027
264.263,1,399.5,0.187244
265.13,1,399,0.18966
265.996,1,398.5,0.192394
266.862,1,398,0.195466
267.728,1,397.5,0.198866
268.594,1,397,0.202595
269.46,1,396.5,0.206653
270.326,1,396,0.210164
271.192,1,395.5,0.213663
272.058,1,395,0.216984
272.924,1,394.5,0.220019
273.79,1,394,0.222767
274.656,1,393.5,0.225229
275.522,1,393,0.227403
276.388,1,392.5,0.228881
277.254,1,392,0.228961
278.12,1,391.5,0.228948
278.986,1,391,0.228918
279.852,1,390.5,0.231562
280.718,1,390,0.234844
281.584,1,389.5,0.238764
282.45,1,389,0.244485
283.316,1,388.5,0.250923
284.182,1,388,0.257996
285.048,1,387.5,0.265706
285.914,1,387,0.274051
286.78,1,386.5,0.283031
287.646,1,386,0.291588
288.512,1,385.5,0.298952
289.378,1,385,0.303072
290.244,1,384.5,0.306665
291.11,1,384,0.309733
291.976,1,383.5,0.312275
292.842,1,383,0.313866
293.708,1,382.5,0.314261
294.574,1,382,0.314586
295.44,1,381.5,0.314841
296.306,1,381,0.315025
297.172,1,380.5,0.315139
298.038,1,380,0.315167
298.905,1,379.5,0.315292
299.771,1,379,0.315438
300.637,1,378.5,0.315604
301.503,1,378,0.315789
302.369,1,377.5,0.315994
303.235,1,377,0.316219
304.101,1,376.5,0.31662
304.967,1,376,0.317127
305.833,1,375.5,0.317668
306.699,1,375,0.318241
307.565,1,374.5,0.318864
308.431,1,374,0.319544
309.297,1,373.5,0.319489
310.163,1,373,0.318302
311.029,1,372.5,0.317299
311.895,1,372,0.316481
312.761,1,371.5,0.315848
313.627,1,371,0.3154
314.493,1,370.5,0.314572
315.359,1,370,0.30243
316.225,1,369.5,0.29086
317.091,1,369,0.279924
317.957,1,368.5,0.269948
318.823,1,368,0.260899
319.689,1,367.5,0.252778
320.555,1,367,0.24573
321.421,1,366.5,0.238178
322.287,1,366,0.22984
323.153,1,365.5,0.220715
324.019,1,365,0.210804
324.885,1,364.5,0.200106
325.751,1,364,0.194877
326.617,1,363.5,0.198258
327.483,1,363,0.201621
328.349,1,362.5,0.204028
329.215,1,362,0.205478
330.081,1,361.5,0.205972
330.947,1,361,0.205992
331.813,1,360.5,0.210034
332.679,1,360,0.2144
333.546,1,359.5,0.21909
334.412,1,359,0.224105
335.278,1,358.5,0.229443
336.144,1,358,0.234669
337.01,1,357.5,0.236967
337.876,1,357,0.238875
338.742,1,356.5,0.241039
339.608,1,356,0.243459
340.474,1,355.5,0.246134
341.34,1,355,0.249065
342.206,1,354.5,0.252982
343.072,1,354,0.259028
343.938,1,353.5,0.266767
344.804,1,353,0.276199
345.67,1,352.5,0.28408
346.536,1,352,0.288108
347.402,1,351.5,0.290958
348.268,1,351,0.28872
349.134,1,350.5,0.281325
350,1,350,0.268771
350.866,1,349.5,0.251061
351.732,1,349,0.228192
352.598,1,348.5,0.200166
353.464,1,348,0.166231
354.33,1,347.5,0.136032
355.196,1,347,0.119209
356.062,1,346.5,0.110676
356.928,1,346,0.101495
357.794,1,345.5,0.0916628
358.66,1,345,0.0907384
359.526,1,344.5,0.0977798
360.392,1,344,0.104259
361.258,1,343.5,0.110176
362.124,1,343,0.11553
362.99,1,342.5,0.120322
363.856,1,342,0.124188
364.722,1,341.5,0.12716
365.588,1,341,0.130202
366.454,1,340.5,0.132704
367.321,1,340,0.134664
368.187,1,339.5,0.136085
369.053,1,339,0.136964
369.919,1,338.5,0.137238
370.785,1,338,0.137363
371.651,1,337.5,0.137368
372.517,1,337,0.137252
373.383,1,336.5,0.137017
374.249,1,336,0.136763
375.115,1,335.5,0.136141
375.981,1,335,0.135281
376.847,1,334.5,0.134401
377.713,1,334,0.133502
378.579,1,333.5,0.132582
379.445,1,333,0.131643
380.311,1,332.5,0.130677
381.177,1,332,0.129719
382.043,1,331.5,0.128814
382.909,1,331,0.12796
383.775,1,330.5,0.12718
384.641,1,330,0.126437
385.507,1,329.5,0.12572
386.373,1,329,0.125081
387.239,1,328.5,0.124487
388.105,1,328,0.123936
388.971,1,327.5,0.123427
389.837,1,327,0.12296
390.703,1,326.5,0.122536
391.569,1,326,0.122135
392.435,1,325.5,0.12176
393.301,1,325,0.121423
394.167,1,324.5,0.121111
395.033,1,324,0.120825
395.899,1,323.5,0.120562
396.765,1,323,0.120316
397.631,1,322.5,0.120073
398.497,1,322,0.119848
399.363,1,321.5,0.11964
400.229,1,321,0.119451
401.095,1,320.5,0.119281
401.962,1,320,0.119129
402.828,1,319.5,0.119062
403.694,1,319,0.118998
404.56,1,318.5,0.118938
405.426,1,318,0.118883
406.292,1,317.5,0.118832
407.158,1,317,0.118785
408.024,1,316.5,0.11881
408.89,1,316,0.118865
409.756,1,315.5,0.118918
410.622,1,315,0.11897
411.488,1,314.5,0.11902
412.354,1,314,0.119069
413.22,1,313.5,0.119137
414.086,1,313,0.119238
414.952,1,312.5,0.119334
415.818,1,312,0.119426
416.684,1,311.5,0.119514
417.55,1,311,0.119597
418.416,1,310.5,0.119678
419.282,1,310,0.119779
420.148,1,309.5,0.119876
421.014,1,309,0.119969
421.88,1,308.5,0.12006
422.746,1,308,0.120147
423.612,1,307.5,0.12023
424.478,1,307,0.120311
425.344,1,306.5,0.120391
426.21,1,306,0.120468
427.076,1,305.5,0.120542
427.942,1,305,0.120613
428.808,1,304.5,0.120682
429.674,1,304,0.120743
430.54,1,303.5,0.120796
431.406,1,303,0.12085
432.272,1,302.5,0.120902
433.138,1,302,0.12095
434.004,1,301.5,0.120997
434.87,1,301,0.121038
435.737,1,300.5,0.121064
436.603,1,300,0.121088
437.469,1,299.5,0.121109
438.335,1,299,0.121129
439.201,1,298.5,0.121147
440.067,1,298,0.121163
440.933,1,297.5,0.121164
441.799,1,297,0.12116
442.665,1,296.5,0.121155
443.531,1,296,0.121147
444.397,1,295.5,0.121137
445.263,1,295,0.121126
446.129,1,294.5,0.121103
446.995,1,294,0.121069
447.861,1,293.5,0.121033
448.727,1,293,0.120996
449.593,1,292.5,0.120957
450.459,1,292,0.12092
451.325,1,291.5,0.120878
452.191,1,291,0.120819
453.057,1,290.5,0.120758
453.923,1,290,0.120697
454.789,1,289.5,0.120633
455.655,1,289,0.120568
456.521,1,288.5,0.120502
457.387,1,288,0.12042
458.253,1,287.5,0.120335
459.119,1,287,0.120249
459.985,1,286.5,0.120164
460.851,1,286,0.120077
461.717,1,285.5,0.119989
462.583,1,285,0.119891
463.449,1,284.5,0.119783
464.315,1,284,0.119675
465.181,1,283.5,0.119565
466.047,1,283,0.119454
466.913,1,282.5,0.119341
467.779,1,282,0.119224
468.645,1,281.5,0.119096
469.512,1,281,0.118974
470.378,1,280.5,0.118852
471.244,1,280,0.118728
472.11,1,279.5,0.118604
472.976,1,279,0.118478
473.842,1,278.5,0.118341
474.708,1,278,0.118203
475.574,1,277.5,0.118064
476.44,1,277,0.117924
477.306,1,276.5,0.117784
478.172,1,276,0.11765
479.038,1,275.5,0.117522
479.904,1,275,0.11739
480.77,1,274.5,0.117258
481.636,1,274,0.117126
482.502,1,273.5,0.116994
483.368,1,273,0.116862
484.234,1,272.5,0.116727
485.1,1,272,0.116585
485.966,1,271.5,0.116443
486.832,1,271,0.116301
487.698,1,270.5,0.116168
488.564,1,270,0.116047
489.43,1,269.5,0.115926
490.296,1,269,0.115799
491.162,1,268.5,0.115672
492.028,1,268,0.115546
492.894,1,267.5,0.115421
493.76,1,267,0.115297
494.626,1,266.5,0.115174
495.492,1,266,0.115048
496.358,1,265.5,0.114922
497.224,1,265,0.114802
498.09,1,264.5,0.114689
498.956,1,264,0.114577
499.822,1,263.5,0.114466
500.688,1,263,0.114354
501.554,1,262.5,0.11424
502.42,1,262,0.114127
503.286,1,261.5,0.114015
504.153,1,261,0.113904
505.019,1,260.5,0.113794
505.885,1,260,0.113686
506.751,1,259.5,0.113581
507.617,1,259,0.113483
508.483,1,258.5,0.113387
509.349,1,258,0.113291
510.215,1,257.5,0.113197
511.081,1,257,0.113103
511.947,1,256.5,0.113009
512.813,1,256,0.112915
513.679,1,255.5,0.112823
514.545,1,255,0.112732
515.411,1,254.5,0.112642
516.277,1,254,0.112558
517.143,1,253.5,0.112477
518.009,1,253,0.112397
518.875,1,252.5,0.112317
519.741,1,252,0.112239
520.607,1,251.5,0.112162
521.473,1,251,0.112085
522.339,1,250.5,0.11201
523.205,1,250,0.111934
524.071,1,249.5,0.111859
524.937,1,249,0.111785
525.803,1,248.5,0.111716
526.669,1,248,0.111651
527.535,1,247.5,0.111587
528.401,1,247,0.111523
529.267,1,246.5,0.111459
530.133,1,246,0.111397
530.999,1,245.5,0.111335
531.865,1,245,0.111273
532.731,1,244.5,0.111213
533.597,1,244,0.111153
534.463,1,243.5,0.111093
535.329,1,243,0.111037
536.195,1,242.5,0.110983
537.061,1,242,0.11093
537.928,1,241.5,0.110878
538.794,1,241,0.110826
539.66,1,240.5,0.110773
540.526,1,240,0.110722
541.392,1,239.5,0.110671
542.258,1,239,0.110621
543.124,1,238.5,0.110572
543.99,1,238,0.110523
544.856,1,237.5,0.110479
545.722,1,237,0.110437
546.588,1,236.5,0.110395
547.454,1,236,0.110354
548.32,1,235.5,0.110313
549.186,1,235,0.110273
550.052,1,234.5,0.110233
550.918,1,234,0.110193
551.784,1,233.5,0.110155
552.65,1,233,0.110117
553.516,1,232.5,0.110079
554.382,1,232,0.110046
555.248,1,231.5,0.110014
556.114,1,231,0.109984
556.98,1,230.5,0.109953
557.846,1,230,0.109923
558.712,1,229.5,0.109894
559.578,1,229,0.109865
560.444,1,228.5,0.109837
561.31,1,228,0.10981
562.176,1,227.5,0.109782
563.042,1,227,0.109756
563.908,1,226.5,0.109732
564.774,1,226,0.109709
565.64,1,225.5,0.109686
566.506,1,225,0.109663
567.372,1,224.5,0.109642
568.238,1,224,0.10962
569.104,1,223.5,0.109599
569.97,1,223,0.109579
570.836,1,222.5,0.109559
571.703,1,222,0.109539
572.569,1,221.5,0.10952
573.435,1,221,0.109503
574.301,1,220.5,0.109487
575.167,1,220,0.109471
576.033,1,219.5,0.109455
576.899,1,219,0.10944
577.765,1,218.5,0.109425
578.631,1,218,0.109411
579.497,1,217.5,0.109397
580.363,1,217,0.109383
581.229,1,216.5,0.10937
582.095,1,216,0.109357
582.961,1,215.5,0.109346
583.827,1,215,0.109335
584.693,1,214.5,0.109324
585.559,1,214,0.109314
586.425,1,213.5,0.109304
587.291,1,213,0.109294
588.157,1,212.5,0.109285
589.023,1,212,0.109276
589.889,1,211.5,0.109267
590.755,1,211,0.109259
591.621,1,210.5,0.109251
592.487,1,210,0.109245
593.353,1,209.5,0.109239
594.219,1,209,0.109233
595.085,1,208.5,0.109228
595.951,1,208,0.109223
596.817,1,207.5,0.109217
597.683,1,207,0.109213
598.549,1,206.5,0.109208
599.415,1,206,0.109204
600.281,1,205.5,0.1092
601.147,1,205,0.109196
602.013,1,204.5,0.109192
602.879,1,204,0.109189
603.745,1,203.5,0.109185
604.611,1,203,0.109182
605.477,1,202.5,0.10918
606.344,1,202,0.109177
607.21,1,201.5,0.109175
608.076,1,201,0.109173
608.942,1,200.5,0.109171
609.808,1,200,0.109169
