x,y,z,b
90.1924,1,500,0.109147
91.0584,1,499.5,0.109148
91.9244,1,499,0.109148
92.7905,1,498.5,0.109148
93.6565,1,498,0.109148
94.5225,1,497.5,0.109149
95.3885,1,497,0.109149
96.2546,1,496.5,0.109149
97.1206,1,496,0.109149
97.9866,1,495.5,0.10915
98.8526,1,495,0.10915
99.7187,1,494.5,0.10915
100.585,1,494,0.10915
101.451,1,493.5,0.109151
102.317,1,493,0.109151
103.183,1,492.5,0.109151
104.049,1,492,0.109151
104.915,1,491.5,0.109152
105.781,1,491,0.109152
106.647,1,490.5,0.109152
107.513,1,490,0.109153
108.379,1,489.5,0.109153
109.245,1,489,0.109153
110.111,1,488.5,0.109153
110.977,1,488,0.109154
111.843,1,487.5,0.109154
112.709,1,487,0.109154
113.575,1,486.5,0.109155
114.441,1,486,0.109155
115.307,1,485.5,0.109155
116.173,1,485,0.109156
117.039,1,484.5,0.109156
117.905,1,484,0.109156
118.771,1,483.5,0.109157
119.637,1,483,0.109157
120.503,1,482.5,0.109157
121.369,1,482,0.109158
122.235,1,481.5,0.109158
123.101,1,481,0.109158
123.967,1,480.5,0.109159
124.833,1,480,0.109159
125.699,1,479.5,0.10916
126.565,1,479,0.10916
127.431,1,478.5,0.10916
128.297,1,478,0.109161
129.164,1,477.5,0.109161
130.03,1,477,0.109162
130.896,1,476.5,0.109162
131.762,1,476,0.109162
132.628,1,475.5,0.109163
133.494,1,475,0.109163
134.36,1,474.5,0.109164
135.226,1,474,0.109164
136.092,1,473.5,0.109165
136.958,1,473,0.109165
137.824,1,472.5,0.109166
138.69,1,472,0.109166
139.556,1,471.5,0.109167
140.422,1,471,0.109167
141.288,1,470.5,0.109168
142.154,1,470,0.109168
143.02,1,469.5,0.109169
143.886,1,469,0.109169
144.752,1,468.5,0.10917
145.618,1,468,0.10917
146.484,1,467.5,0.109171
147.35,1,467,0.109171
148.216,1,466.5,0.109172
149.082,1,466,0.109172
149.948,1,465.5,0.109173
150.814,1,465,0.109173
151.68,1,464.5,0.109174
152.546,1,464,0.109175
153.412,1,463.5,0.109175
154.278,1,463,0.109176
155.144,1,462.5,0.109176
156.01,1,462,0.109177
156.876,1,461.5,0.109178
157.742,1,461,0.109178
158.608,1,460.5,0.109179
159.474,1,460,0.10918
160.34,1,459.5,0.10918
161.206,1,459,0.109181
162.072,1,458.5,0.109182
162.939,1,458,0.109182
163.805,1,457.5,0.109183
164.671,1,457,0.109184
165.537,1,456.5,0.109184
166.403,1,456,0.109185
167.269,1,455.5,0.109186
168.135,1,455,0.109187
169.001,1,454.5,0.109188
169.867,1,454,0.109188
170.733,1,453.5,0.109189
171.599,1,453,0.10919
172.465,1,452.5,0.109191
173.331,1,452,0.109192
174.197,1,451.5,0.109193
175.063,1,451,0.109193
175.929,1,450.5,0.109194
176.795,1,450,0.109195
177.661,1,449.5,0.109196
178.527,1,449,0.109197
179.393,1,448.5,0.109198
180.259,1,448,0.109199
181.125,1,447.5,0.1092
181.991,1,447,0.109201
182.857,1,446.5,0.109202
183.723,1,446,0.109203
184.589,1,445.5,0.109204
185.455,1,445,0.109205
186.321,1,444.5,0.109206
187.187,1,444,0.109208
188.053,1,443.5,0.109209
188.919,1,443,0.10921
189.785,1,442.5,0.109211
190.651,1,442,0.109212
191.517,1,441.5,0.109214
192.383,1,441,0.109215
193.249,1,440.5,0.109216
194.115,1,440,0.109218
194.981,1,439.5,0.109219
195.847,1,439,0.10922
196.714,1,438.5,0.109222
197.58,1,438,0.109223
198.446,1,437.5,0.109225
199.312,1,437,0.109226
200.178,1,436.5,0.109228
201.044,1,436,0.109229
201.91,1,435.5,0.109231
202.776,1,435,0.109232
203.642,1,434.5,0.109234
204.508,1,434,0.109236
205.374,1,433.5,0.109238
206.24,1,433,0.109239
207.106,1,432.5,0.109241
207.972,1,432,0.109243
208.838,1,431.5,0.109245
209.704,1,431,0.109247
210.57,1,430.5,0.109249
211.436,1,430,0.109251
212.302,1,429.5,0.109253
213.168,1,429,0.109255
214.034,1,428.5,0.109257
214.9,1,428,0.109259
215.766,1,427.5,0.109261
216.632,1,427,0.109263
217.498,1,426.5,0.109266
218.364,1,426,0.109268
219.23,1,425.5,0.10927
220.096,1,425,0.109273
220.962,1,424.5,0.109275
221.828,1,424,0.109277
222.694,1,423.5,0.10928
223.56,1,423,0.109283
224.426,1,422.5,0.109285
225.292,1,422,0.109288
226.158,1,421.5,0.109291
227.024,1,421,0.109294
227.89,1,420.5,0.109297
228.756,1,420,0.1093
229.622,1,419.5,0.109303
230.488,1,419,0.109306
231.355,1,418.5,0.109309
232.221,1,418,0.109313
233.087,1,417.5,0.109316
233.953,1,417,0.109319
234.819,1,416.5,0.109322
235.685,1,416,0.109326
236.551,1,415.5,0.109329
237.417,1,415,0.109332
238.283,1,414.5,0.109336
239.149,1,414,0.109339
240.015,1,413.5,0.109343
240.881,1,413,0.109347
241.747,1,412.5,0.109351
242.613,1,412,0.109355
243.479,1,411.5,0.10936
244.345,1,411,0.109364
245.211,1,410.5,0.109368
246.077,1,410,0.109372
246.943,1,409.5,0.109376
247.809,1,409,0.109381
248.675,1,408.5,0.109385
249.541,1,408,0.10939
250.407,1,407.5,0.109394
251.273,1,407,0.109399
252.139,1,406.5,0.109404
253.005,1,406,0.109409
253.871,1,405.5,0.109414
254.737,1,405,0.109419
255.603,1,404.5,0.109422
256.469,1,404,0.109426
257.335,1,403.5,0.10943
258.201,1,403,0.109434
259.067,1,402.5,0.109438
259.933,1,402,0.109442
260.799,1,401.5,0.109447
261.665,1,401,0.109453
262.531,1,400.5,0.109458
263.397,1,400,0.109464
264.263,1,399.5,0.109469
265.13,1,399,0.109476
265.996,1,398.5,0.109479
266.862,1,398,0.109482
267.728,1,397.5,0.109485
268.594,1,397,0.109488
269.46,1,396.5,0.109491
270.326,1,396,0.109494
271.192,1,395.5,0.109496
272.058,1,395,0.109498
272.924,1,394.5,0.109499
273.79,1,394,0.109501
274.656,1,393.5,0.109502
275.522,1,393,0.109504
276.388,1,392.5,0.109504
277.254,1,392,0.109499
278.12,1,391.5,0.109494
278.986,1,391,0.109489
279.852,1,390.5,0.109485
280.718,1,390,0.109482
281.584,1,389.5,0.109478
282.45,1,389,0.109469
283.316,1,388.5,0.109459
284.182,1,388,0.109448
285.048,1,387.5,0.109438
285.914,1,387,0.109428
286.78,1,386.5,0.109417
287.646,1,386,0.109397
288.512,1,385.5,0.10937
289.378,1,385,0.109343
290.244,1,384.5,0.109315
291.11,1,384,0.109287
291.976,1,383.5,0.109258
292.842,1,383,0.109223
293.708,1,382.5,0.109176
294.574,1,382,0.109127
295.44,1,381.5,0.109078
296.306,1,381,0.109028
297.172,1,380.5,0.108978
298.038,1,380,0.108926
298.905,1,379.5,0.108845
299.771,1,379,0.108762
300.637,1,378.5,0.108679
301.503,1,378,0.108595
302.369,1,377.5,0.10851
303.235,1,377,0.108424
304.101,1,376.5,0.108299
304.967,1,376,0.108153
305.833,1,375.5,0.108002
306.699,1,375,0.107847
307.565,1,374.5,0.107689
308.431,1,374,0.107531
309.297,1,373.5,0.107366
310.163,1,373,0.107194
311.029,1,372.5,0.107022
311.895,1,372,0.106851
312.761,1,371.5,0.10668
313.627,1,371,0.10651
314.493,1,370.5,0.106329
315.359,1,370,0.1059
316.225,1,369.5,0.105455
317.091,1,369,0.104988
317.957,1,368.5,0.104486
318.823,1,368,0.103958
319.689,1,367.5,0.103405
320.555,1,367,0.103216
321.421,1,366.5,0.103188
322.287,1,366,0.103186
323.153,1,365.5,0.10321
324.019,1,365,0.10326
324.885,1,364.5,0.103337
325.751,1,364,0.102695
326.617,1,363.5,0.100957
327.483,1,363,0.0991454
328.349,1,362.5,0.0972407
329.215,1,362,0.0952428
330.081,1,361.5,0.0931519
330.947,1,361,0.0914519
331.813,1,360.5,0.0940832
332.679,1,360,0.0968903
333.546,1,359.5,0.0998732
334.412,1,359,0.103032
335.278,1,358.5,0.106367
336.144,1,358,0.109537
337.01,1,357.5,0.109078
337.876,1,357,0.107199
338.742,1,356.5,0.104674
339.608,1,356,0.101503
340.474,1,355.5,0.0976857
341.34,1,355,0.093222
342.206,1,354.5,0.0903351
343.072,1,354,0.0893953
343.938,1,353.5,0.0879562
344.804,1,353,0.0860177
345.67,1,352.5,0.0820257
346.536,1,352,0.0741395
347.402,1,351.5,0.0672178
348.268,1,351,0.0770947
349.134,1,350.5,0.0838605
350,1,350,0.0875153
350.866,1,349.5,0.088059
351.732,1,349,0.0854917
352.598,1,348.5,0.0798133
353.464,1,348,0.0669566
354.33,1,347.5,0.0581846
355.196,1,347,0.0609871
356.062,1,346.5,0.0705306
356.928,1,346,0.0802145
357.794,1,345.5,0.0900387
358.66,1,345,0.0971196
359.526,1,344.5,0.101588
360.392,1,344,0.105969
361.258,1,343.5,0.110263
362.124,1,343,0.114471
362.99,1,342.5,0.118591
363.856,1,342,0.122058
364.722,1,341.5,0.123367
365.588,1,341,0.124566
366.454,1,340.5,0.125597
367.321,1,340,0.126461
368.187,1,339.5,0.127157
369.053,1,339,0.127687
369.919,1,338.5,0.128019
370.785,1,338,0.128266
371.651,1,337.5,0.128435
372.517,1,337,0.128526
373.383,1,336.5,0.12854
374.249,1,336,0.128691
375.115,1,335.5,0.128933
375.981,1,335,0.129123
376.847,1,334.5,0.129229
377.713,1,334,0.129254
378.579,1,333.5,0.129196
379.445,1,333,0.129055
380.311,1,332.5,0.128844
381.177,1,332,0.128593
382.043,1,331.5,0.128278
382.909,1,331,0.127897
383.775,1,330.5,0.127738
384.641,1,330,0.127648
385.507,1,329.5,0.127519
386.373,1,329,0.127207
387.239,1,328.5,0.126857
388.105,1,328,0.126477
388.971,1,327.5,0.126066
389.837,1,327,0.125624
390.703,1,326.5,0.125151
391.569,1,326,0.124597
392.435,1,325.5,0.123984
393.301,1,325,0.123533
394.167,1,324.5,0.12312
395.033,1,324,0.122693
395.899,1,323.5,0.122252
396.765,1,323,0.121763
397.631,1,322.5,0.1212
398.497,1,322,0.120637
399.363,1,321.5,0.120074
400.229,1,321,0.119512
401.095,1,320.5,0.11895
401.962,1,320,0.118388
402.828,1,319.5,0.117901
403.694,1,319,0.117448
404.56,1,318.5,0.116998
405.426,1,318,0.116552
406.292,1,317.5,0.116111
407.158,1,317,0.115673
408.024,1,316.5,0.11523
408.89,1,316,0.114789
409.756,1,315.5,0.114356
410.622,1,315,0.113931
411.488,1,314.5,0.113514
412.354,1,314,0.11319
413.22,1,313.5,0.112877
414.086,1,313,0.112565
414.952,1,312.5,0.112263
415.818,1,312,0.111969
416.684,1,311.5,0.111684
417.55,1,311,0.111408
418.416,1,310.5,0.111142
419.282,1,310,0.110901
420.148,1,309.5,0.110671
421.014,1,309,0.110449
421.88,1,308.5,0.110283
422.746,1,308,0.110125
423.612,1,307.5,0.109972
424.478,1,307,0.109837
425.344,1,306.5,0.109713
426.21,1,306,0.109593
427.076,1,305.5,0.10948
427.942,1,305,0.109372
428.808,1,304.5,0.109269
429.674,1,304,0.109182
430.54,1,303.5,0.109112
431.406,1,303,0.10906
432.272,1,302.5,0.109011
433.138,1,302,0.108965
434.004,1,301.5,0.108921
434.87,1,301,0.108883
435.737,1,300.5,0.108859
436.603,1,300,0.108837
437.469,1,299.5,0.108816
438.335,1,299,0.108797
439.201,1,298.5,0.10878
440.067,1,298,0.108765
440.933,1,297.5,0.108758
441.799,1,297,0.108754
442.665,1,296.5,0.10875
443.531,1,296,0.108746
444.397,1,295.5,0.108743
445.263,1,295,0.10874
446.129,1,294.5,0.108741
446.995,1,294,0.108744
447.861,1,293.5,0.108748
448.727,1,293,0.108751
449.593,1,292.5,0.108755
450.459,1,292,0.108758
451.325,1,291.5,0.108761
452.191,1,291,0.108768
453.057,1,290.5,0.108775
453.923,1,290,0.108781
454.789,1,289.5,0.108788
455.655,1,289,0.108794
456.521,1,288.5,0.108801
457.387,1,288,0.108809
458.253,1,287.5,0.108817
459.119,1,287,0.108825
459.985,1,286.5,0.108832
460.851,1,286,0.108838
461.717,1,285.5,0.108844
462.583,1,285,0.10885
463.449,1,284.5,0.108857
464.315,1,284,0.108864
465.181,1,283.5,0.108871
466.047,1,283,0.108877
466.913,1,282.5,0.108884
467.779,1,282,0.10889
468.645,1,281.5,0.108897
469.512,1,281,0.108904
470.378,1,280.5,0.10891
471.244,1,280,0.108915
472.11,1,279.5,0.108921
472.976,1,279,0.108927
473.842,1,278.5,0.108933
474.708,1,278,0.108939
475.574,1,277.5,0.108945
476.44,1,277,0.108951
477.306,1,276.5,0.108956
478.172,1,276,0.108962
479.038,1,275.5,0.108966
479.904,1,275,0.108971
480.77,1,274.5,0.108975
481.636,1,274,0.10898
482.502,1,273.5,0.108984
483.368,1,273,0.108988
484.234,1,272.5,0.108993
485.1,1,272,0.108997
485.966,1,271.5,0.109001
486.832,1,271,0.109005
487.698,1,270.5,0.109009
488.564,1,270,0.109013
489.43,1,269.5,0.109016
490.296,1,269,0.10902
491.162,1,268.5,0.109023
492.028,1,268,0.109026
492.894,1,267.5,0.10903
493.76,1,267,0.109033
494.626,1,266.5,0.109036
495.492,1,266,0.109039
496.358,1,265.5,0.109043
497.224,1,265,0.109045
498.09,1,264.5,0.109048
498.956,1,264,0.10905
499.822,1,263.5,0.109053
500.688,1,263,0.109055
501.554,1,262.5,0.109057
502.42,1,262,0.109059
503.286,1,261.5,0.109062
504.153,1,261,0.109064
505.019,1,260.5,0.109066
505.885,1,260,0.109068
506.751,1,259.5,0.10907
507.617,1,259,0.109072
508.483,1,258.5,0.109074
509.349,1,258,0.109076
510.215,1,257.5,0.109078
511.081,1,257,0.109079
511.947,1,256.5,0.109081
512.813,1,256,0.109083
513.679,1,255.5,0.109085
514.545,1,255,0.109086
515.411,1,254.5,0.109088
516.277,1,254,0.109089
517.143,1,253.5,0.109091
518.009,1,253,0.109092
518.875,1,252.5,0.109093
519.741,1,252,0.109094
520.607,1,251.5,0.109096
521.473,1,251,0.109097
522.339,1,250.5,0.109098
523.205,1,250,0.109099
524.071,1,249.5,0.1091
524.937,1,249,0.109102
525.803,1,248.5,0.109103
526.669,1,248,0.109104
527.535,1,247.5,0.109105
528.401,1,247,0.109106
529.267,1,246.5,0.109107
530.133,1,246,0.109108
530.999,1,245.5,0.109109
531.865,1,245,0.10911
532.731,1,244.5,0.10911
533.597,1,244,0.109111
534.463,1,243.5,0.109112
535.329,1,243,0.109113
536.195,1,242.5,0.109114
537.061,1,242,0.109114
537.928,1,241.5,0.109115
538.794,1,241,0.109116
539.66,1,240.5,0.109116
540.526,1,240,0.109117
541.392,1,239.5,0.109118
542.258,1,239,0.109118
543.124,1,238.5,0.109119
543.99,1,238,0.109119
544.856,1,237.5,0.10912
545.722,1,237,0.10912
546.588,1,236.5,0.109121
547.454,1,236,0.109122
548.32,1,235.5,0.109122
549.186,1,235,0.109123
550.052,1,234.5,0.109123
550.918,1,234,0.109124
551.784,1,233.5,0.109124
552.65,1,233,0.109125
553.516,1,232.5,0.109125
554.382,1,232,0.109125
555.248,1,231.5,0.109126
556.114,1,231,0.109126
556.98,1,230.5,0.109127
557.846,1,230,0.109127
558.712,1,229.5,0.109127
559.578,1,229,0.109128
560.444,1,228.5,0.109128
561.31,1,228,0.109128
562.176,1,227.5,0.109129
563.042,1,227,0.109129
563.908,1,226.5,0.10913
564.774,1,226,0.10913
565.64,1,225.5,0.10913
566.506,1,225,0.10913
567.372,1,224.5,0.109131
568.238,1,224,0.109131
569.104,1,223.5,0.109131
569.97,1,223,0.109132
570.836,1,222.5,0.109132
571.703,1,222,0.109132
572.569,1,221.5,0.109132
573.435,1,221,0.109133
574.301,1,220.5,0.109133
575.167,1,220,0.109133
576.033,1,219.5,0.109133
576.899,1,219,0.109134
577.765,1,218.5,0.109134
578.631,1,218,0.109134
579.497,1,217.5,0.109134
580.363,1,217,0.109134
581.229,1,216.5,0.109134
582.095,1,216,0.109135
582.961,1,215.5,0.109135
583.827,1,215,0.109135
584.693,1,214.5,0.109135
585.559,1,214,0.109135
586.425,1,213.5,0.109136
587.291,1,213,0.109136
588.157,1,212.5,0.109136
589.023,1,212,0.109136
589.889,1,211.5,0.109136
590.755,1,211,0.109136
591.621,1,210.5,0.109136
592.487,1,210,0.109137
593.353,1,209.5,0.109137
594.219,1,209,0.109137
595.085,1,208.5,0.109137
595.951,1,208,0.109137
596.817,1,207.5,0.109137
597.683,1,207,0.109137
598.549,1,206.5,0.109137
599.415,1,206,0.109137
600.281,1,205.5,0.109137
601.147,1,205,0.109138
602.013,1,204.5,0.109138
602.879,1,204,0.109138
603.745,1,203.5,0.109138
604.611,1,203,0.109138
605.477,1,202.5,0.109138
606.344,1,202,0.109138
607.21,1,201.5,0.109138
608.076,1,201,0.109138
608.942,1,200.5,0.109138
609.808,1,200,0.109138
