x,y,z,b
90.1924,1,500,0.109146
91.0584,1,499.5,0.109146
91.9244,1,499,0.109146
92.7905,1,498.5,0.109146
93.6565,1,498,0.109146
94.5225,1,497.5,0.109146
95.3885,1,497,0.109146
96.2546,1,496.5,0.109146
97.1206,1,496,0.109146
97.9866,1,495.5,0.109146
98.8526,1,495,0.109146
99.7187,1,494.5,0.109146
100.585,1,494,0.109146
101.451,1,493.5,0.109146
102.317,1,493,0.109145
103.183,1,492.5,0.109145
104.049,1,492,0.109145
104.915,1,491.5,0.109145
105.781,1,491,0.109145
106.647,1,490.5,0.109144
107.513,1,490,0.109144
108.379,1,489.5,0.109144
109.245,1,489,0.109143
110.111,1,488.5,0.109143
110.977,1,488,0.109143
111.843,1,487.5,0.109142
112.709,1,487,0.109142
113.575,1,486.5,0.109141
114.441,1,486,0.109141
115.307,1,485.5,0.109141
116.173,1,485,0.10914
117.039,1,484.5,0.10914
117.905,1,484,0.109139
118.771,1,483.5,0.109139
119.637,1,483,0.109138
120.503,1,482.5,0.109138
121.369,1,482,0.109137
122.235,1,481.5,0.109137
123.101,1,481,0.109136
123.967,1,480.5,0.109135
124.833,1,480,0.109135
125.699,1,479.5,0.109134
126.565,1,479,0.109133
127.431,1,478.5,0.109132
128.297,1,478,0.109132
129.164,1,477.5,0.109131
130.03,1,477,0.10913
130.896,1,476.5,0.109129
131.762,1,476,0.109128
132.628,1,475.5,0.109127
133.494,1,475,0.109126
134.36,1,474.5,0.109125
135.226,1,474,0.109124
136.092,1,473.5,0.109123
136.958,1,473,0.109122
137.824,1,472.5,0.10912
138.69,1,472,0.109119
139.556,1,471.5,0.109118
140.422,1,471,0.109117
141.288,1,470.5,0.109115
142.154,1,470,0.109114
143.02,1,469.5,0.109113
143.886,1,469,0.109111
144.752,1,468.5,0.10911
145.618,1,468,0.109108
146.484,1,467.5,0.109106
147.35,1,467,0.109105
148.216,1,466.5,0.109103
149.082,1,466,0.109101
149.948,1,465.5,0.109099
150.814,1,465,0.109097
151.68,1,464.5,0.109095
152.546,1,464,0.109093
153.412,1,463.5,0.109091
154.278,1,463,0.109088
155.144,1,462.5,0.109086
156.01,1,462,0.109084
156.876,1,461.5,0.109081
157.742,1,461,0.109079
158.608,1,460.5,0.109076
159.474,1,460,0.109073
160.34,1,459.5,0.109071
161.206,1,459,0.109068
162.072,1,458.5,0.109065
162.939,1,458,0.109061
163.805,1,457.5,0.109058
164.671,1,457,0.109055
165.537,1,456.5,0.109052
166.403,1,456,0.109048
167.269,1,455.5,0.109045
168.135,1,455,0.10904
169.001,1,454.5,0.109036
169.867,1,454,0.109032
170.733,1,453.5,0.109028
171.599,1,453,0.109024
172.465,1,452.5,0.109019
173.331,1,452,0.109014
174.197,1,451.5,0.109009
175.063,1,451,0.109004
175.929,1,450.5,0.109
176.795,1,450,0.108995
177.661,1,449.5,0.10899
178.527,1,449,0.108984
179.393,1,448.5,0.108977
180.259,1,448,0.108971
181.125,1,447.5,0.108964
181.991,1,447,0.108958
182.857,1,446.5,0.108952
183.723,1,446,0.108944
184.589,1,445.5,0.108936
185.455,1,445,0.108929
186.321,1,444.5,0.108921
187.187,1,444,0.108913
188.053,1,443.5,0.108905
188.919,1,443,0.108897
189.785,1,442.5,0.108887
190.651,1,442,0.108877
191.517,1,441.5,0.108867
192.383,1,441,0.108857
193.249,1,440.5,0.108846
194.115,1,440,0.108836
194.981,1,439.5,0.108824
195.847,1,439,0.108812
196.714,1,438.5,0.1088
197.58,1,438,0.108788
198.446,1,437.5,0.108775
199.312,1,437,0.108763
200.178,1,436.5,0.108748
201.044,1,436,0.108733
201.91,1,435.5,0.108717
202.776,1,435,0.108701
203.642,1,434.5,0.108685
204.508,1,434,0.108669
205.374,1,433.5,0.108652
206.24,1,433,0.108632
207.106,1,432.5,0.108612
207.972,1,432,0.108592
208.838,1,431.5,0.108572
209.704,1,431,0.108552
210.57,1,430.5,0.108531
211.436,1,430,0.108506
212.302,1,429.5,0.10848
213.168,1,429,0.108454
214.034,1,428.5,0.108429
214.9,1,428,0.108403
215.766,1,427.5,0.108378
216.632,1,427,0.108348
217.498,1,426.5,0.108316
218.364,1,426,0.108283
219.23,1,425.5,0.108251
220.096,1,425,0.108218
220.962,1,424.5,0.108185
221.828,1,424,0.108148
222.694,1,423.5,0.108106
223.56,1,423,0.108064
224.426,1,422.5,0.108022
225.292,1,422,0.107979
226.158,1,421.5,0.107936
227.024,1,421,0.107892
227.89,1,420.5,0.107837
228.756,1,420,0.107782
229.622,1,419.5,0.107727
230.488,1,419,0.107671
231.355,1,418.5,0.107615
232.221,1,418,0.10756
233.087,1,417.5,0.107493
233.953,1,417,0.107423
234.819,1,416.5,0.107352
235.685,1,416,0.10728
236.551,1,415.5,0.107208
237.417,1,415,0.107135
238.283,1,414.5,0.107054
239.149,1,414,0.106962
240.015,1,413.5,0.106869
240.881,1,413,0.106775
241.747,1,412.5,0.106682
242.613,1,412,0.106589
243.479,1,411.5,0.106491
244.345,1,411,0.106369
245.211,1,410.5,0.106247
246.077,1,410,0.106123
246.943,1,409.5,0.105999
247.809,1,409,0.105873
248.675,1,408.5,0.105747
249.541,1,408,0.105593
250.407,1,407.5,0.105431
251.273,1,407,0.105273
252.139,1,406.5,0.105115
253.005,1,406,0.104957
253.871,1,405.5,0.104797
254.737,1,405,0.104612
255.603,1,404.5,0.104403
256.469,1,404,0.104191
257.335,1,403.5,0.103979
258.201,1,403,0.103764
259.067,1,402.5,0.103549
259.933,1,402,0.10332
260.799,1,401.5,0.10305
261.665,1,401,0.102779
262.531,1,400.5,0.102507
263.397,1,400,0.102233
264.263,1,399.5,0.101957
265.13,1,399,0.10168
265.996,1,398.5,0.101328
266.862,1,398,0.100963
267.728,1,397.5,0.100595
268.594,1,397,0.100225
269.46,1,396.5,0.0998514
270.326,1,396,0.099491
271.192,1,395.5,0.0990459
272.058,1,395,0.098535
272.924,1,394.5,0.0980236
273.79,1,394,0.0975115
274.656,1,393.5,0.0969989
275.522,1,393,0.0964856
276.388,1,392.5,0.0958999
277.254,1,392,0.0950884
278.12,1,391.5,0.0942627
278.986,1,391,0.0934238
279.852,1,390.5,0.092612
280.718,1,390,0.0917962
281.584,1,389.5,0.0909765
282.45,1,389,0.090364
283.316,1,388.5,0.0897229
284.182,1,388,0.0890368
285.048,1,387.5,0.0883059
285.914,1,387,0.0875301
286.78,1,386.5,0.0867095
287.646,1,386,0.087036
288.512,1,385.5,0.0881029
289.378,1,385,0.089182
290.244,1,384.5,0.0902011
291.11,1,384,0.0911603
291.976,1,383.5,0.0920596
292.842,1,383,0.0967697
293.708,1,382.5,0.110168
294.574,1,382,0.123401
295.44,1,381.5,0.136468
296.306,1,381,0.14937
297.172,1,380.5,0.162106
298.038,1,380,0.174315
298.905,1,379.5,0.191987
299.771,1,379,0.209866
300.637,1,378.5,0.227877
301.503,1,378,0.24602
302.369,1,377.5,0.264296
303.235,1,377,0.282704
304.101,1,376.5,0.290127
304.967,1,376,0.292748
305.833,1,375.5,0.295985
306.699,1,375,0.299839
307.565,1,374.5,0.304203
308.431,1,374,0.309168
309.297,1,373.5,0.313148
310.163,1,373,0.313715
311.029,1,372.5,0.314414
311.895,1,372,0.315245
312.761,1,371.5,0.316209
313.627,1,371,0.317306
314.493,1,370.5,0.318483
315.359,1,370,0.318643
316.225,1,369.5,0.318781
317.091,1,369,0.318854
317.957,1,368.5,0.318846
318.823,1,368,0.318896
319.689,1,367.5,0.319003
320.555,1,367,0.318482
321.421,1,366.5,0.317757
322.287,1,366,0.317078
323.153,1,365.5,0.316446
324.019,1,365,0.315859
324.885,1,364.5,0.315319
325.751,1,364,0.313349
326.617,1,363.5,0.309405
327.483,1,363,0.306203
328.349,1,362.5,0.303655
329.215,1,362,0.301762
330.081,1,361.5,0.300524
330.947,1,361,0.299649
331.813,1,360.5,0.296983
332.679,1,360,0.29519
333.546,1,359.5,0.29427
334.412,1,359,0.294224
335.278,1,358.5,0.295052
336.144,1,358,0.294585
337.01,1,357.5,0.290058
337.876,1,357,0.285833
338.742,1,356.5,0.282341
339.608,1,356,0.279581
340.474,1,355.5,0.277553
341.34,1,355,0.276256
342.206,1,354.5,0.275398
343.072,1,354,0.274935
343.938,1,353.5,0.275196
344.804,1,353,0.276181
345.67,1,352.5,0.268743
346.536,1,352,0.248914
347.402,1,351.5,0.227694
348.268,1,351,0.212476
349.134,1,350.5,0.194755
350,1,350,0.174531
350.866,1,349.5,0.151804
351.732,1,349,0.126574
352.598,1,348.5,0.0988412
353.464,1,348,0.0816923
354.33,1,347.5,0.0743675
355.196,1,347,0.0846519
356.062,1,346.5,0.10327
356.928,1,346,0.119438
357.794,1,345.5,0.133157
358.66,1,345,0.137884
359.526,1,344.5,0.136367
360.392,1,344,0.135093
361.258,1,343.5,0.134064
362.124,1,343,0.133278
362.99,1,342.5,0.132737
363.856,1,342,0.132139
364.722,1,341.5,0.130837
365.588,1,341,0.129794
366.454,1,340.5,0.128852
367.321,1,340,0.128011
368.187,1,339.5,0.12727
369.053,1,339,0.12663
369.919,1,338.5,0.126307
370.785,1,338,0.126048
371.651,1,337.5,0.125824
372.517,1,337,0.125636
373.383,1,336.5,0.125484
374.249,1,336,0.125492
375.115,1,335.5,0.125632
375.981,1,335,0.125806
376.847,1,334.5,0.125959
377.713,1,334,0.12609
378.579,1,333.5,0.126199
379.445,1,333,0.126287
380.311,1,332.5,0.126385
381.177,1,332,0.12655
382.043,1,331.5,0.126688
382.909,1,331,0.126801
383.775,1,330.5,0.126898
384.641,1,330,0.126989
385.507,1,329.5,0.127074
386.373,1,329,0.127099
387.239,1,328.5,0.127119
388.105,1,328,0.127138
388.971,1,327.5,0.127156
389.837,1,327,0.127172
390.703,1,326.5,0.127186
391.569,1,326,0.127152
392.435,1,325.5,0.127094
393.301,1,325,0.127065
394.167,1,324.5,0.12704
395.033,1,324,0.127011
395.899,1,323.5,0.126977
396.765,1,323,0.126919
397.631,1,322.5,0.126818
398.497,1,322,0.12672
399.363,1,321.5,0.126624
400.229,1,321,0.12653
401.095,1,320.5,0.12644
401.962,1,320,0.126352
402.828,1,319.5,0.126255
403.694,1,319,0.126157
404.56,1,318.5,0.126055
405.426,1,318,0.125951
406.292,1,317.5,0.125843
407.158,1,317,0.125733
408.024,1,316.5,0.125609
408.89,1,316,0.125478
409.756,1,315.5,0.125342
410.622,1,315,0.125203
411.488,1,314.5,0.125059
412.354,1,314,0.124941
413.22,1,313.5,0.12482
414.086,1,313,0.124692
414.952,1,312.5,0.124557
415.818,1,312,0.124416
416.684,1,311.5,0.124269
417.55,1,311,0.124115
418.416,1,310.5,0.123954
419.282,1,310,0.123775
420.148,1,309.5,0.123588
421.014,1,309,0.123394
421.88,1,308.5,0.123226
422.746,1,308,0.123052
423.612,1,307.5,0.122872
424.478,1,307,0.122675
425.344,1,306.5,0.122468
426.21,1,306,0.122255
427.076,1,305.5,0.122036
427.942,1,305,0.121811
428.808,1,304.5,0.121581
429.674,1,304,0.121334
430.54,1,303.5,0.121069
431.406,1,303,0.12085
432.272,1,302.5,0.120627
433.138,1,302,0.120399
434.004,1,301.5,0.120167
434.87,1,301,0.119928
435.737,1,300.5,0.119663
436.603,1,300,0.119394
437.469,1,299.5,0.119124
438.335,1,299,0.11885
439.201,1,298.5,0.118574
440.067,1,298,0.118301
440.933,1,297.5,0.118053
441.799,1,297,0.117799
442.665,1,296.5,0.117545
443.531,1,296,0.117291
444.397,1,295.5,0.117036
445.263,1,295,0.116781
446.129,1,294.5,0.116515
446.995,1,294,0.116239
447.861,1,293.5,0.115965
448.727,1,293,0.115691
449.593,1,292.5,0.115426
450.459,1,292,0.115205
451.325,1,291.5,0.114982
452.191,1,291,0.114746
453.057,1,290.5,0.114512
453.923,1,290,0.114281
454.789,1,289.5,0.114051
455.655,1,289,0.113824
456.521,1,288.5,0.113598
457.387,1,288,0.113366
458.253,1,287.5,0.113136
459.119,1,287,0.112919
459.985,1,286.5,0.112738
460.851,1,286,0.11256
461.717,1,285.5,0.112384
462.583,1,285,0.112208
463.449,1,284.5,0.112032
464.315,1,284,0.111859
465.181,1,283.5,0.111689
466.047,1,283,0.111523
466.913,1,282.5,0.11136
467.779,1,282,0.1112
468.645,1,281.5,0.111051
469.512,1,281,0.110922
470.378,1,280.5,0.110797
471.244,1,280,0.110674
472.11,1,279.5,0.110554
472.976,1,279,0.110438
473.842,1,278.5,0.110326
474.708,1,278,0.110217
475.574,1,277.5,0.110111
476.44,1,277,0.110008
477.306,1,276.5,0.109909
478.172,1,276,0.109818
479.038,1,275.5,0.109742
479.904,1,275,0.109671
480.77,1,274.5,0.109602
481.636,1,274,0.109535
482.502,1,273.5,0.109471
483.368,1,273,0.109408
484.234,1,272.5,0.109349
485.1,1,272,0.109296
485.966,1,271.5,0.109244
486.832,1,271,0.109195
487.698,1,270.5,0.10915
488.564,1,270,0.10911
489.43,1,269.5,0.109072
490.296,1,269,0.109041
491.162,1,268.5,0.10901
492.028,1,268,0.108981
492.894,1,267.5,0.108953
493.76,1,267,0.108927
494.626,1,266.5,0.108901
495.492,1,266,0.10888
496.358,1,265.5,0.108862
497.224,1,265,0.108847
498.09,1,264.5,0.108834
498.956,1,264,0.108822
499.822,1,263.5,0.10881
500.688,1,263,0.108801
501.554,1,262.5,0.108795
502.42,1,262,0.10879
503.286,1,261.5,0.108786
504.153,1,261,0.108781
505.019,1,260.5,0.108778
505.885,1,260,0.108775
506.751,1,259.5,0.108774
507.617,1,259,0.108774
508.483,1,258.5,0.108773
509.349,1,258,0.108773
510.215,1,257.5,0.108773
511.081,1,257,0.108773
511.947,1,256.5,0.108775
512.813,1,256,0.108778
513.679,1,255.5,0.108781
514.545,1,255,0.108784
515.411,1,254.5,0.108787
516.277,1,254,0.108789
517.143,1,253.5,0.108792
518.009,1,253,0.108796
518.875,1,252.5,0.1088
519.741,1,252,0.108803
520.607,1,251.5,0.108807
521.473,1,251,0.108811
522.339,1,250.5,0.108815
523.205,1,250,0.10882
524.071,1,249.5,0.108825
524.937,1,249,0.108831
525.803,1,248.5,0.108835
526.669,1,248,0.10884
527.535,1,247.5,0.108844
528.401,1,247,0.108849
529.267,1,246.5,0.108854
530.133,1,246,0.108859
530.999,1,245.5,0.108864
531.865,1,245,0.108868
532.731,1,244.5,0.108873
533.597,1,244,0.108878
534.463,1,243.5,0.108884
535.329,1,243,0.108889
536.195,1,242.5,0.108893
537.061,1,242,0.108898
537.928,1,241.5,0.108903
538.794,1,241,0.108907
539.66,1,240.5,0.108912
540.526,1,240,0.108917
541.392,1,239.5,0.108922
542.258,1,239,0.108927
543.124,1,238.5,0.108931
543.99,1,238,0.108936
544.856,1,237.5,0.10894
545.722,1,237,0.108945
546.588,1,236.5,0.108949
547.454,1,236,0.108953
548.32,1,235.5,0.108957
549.186,1,235,0.108961
550.052,1,234.5,0.108965
550.918,1,234,0.10897
551.784,1,233.5,0.108974
552.65,1,233,0.108978
553.516,1,232.5,0.108982
554.382,1,232,0.108986
555.248,1,231.5,0.108989
556.114,1,231,0.108993
556.98,1,230.5,0.108996
557.846,1,230,0.109
558.712,1,229.5,0.109003
559.578,1,229,0.109006
560.444,1,228.5,0.10901
561.31,1,228,0.109013
562.176,1,227.5,0.109017
563.042,1,227,0.10902
563.908,1,226.5,0.109023
564.774,1,226,0.109026
565.64,1,225.5,0.109029
566.506,1,225,0.109032
567.372,1,224.5,0.109035
568.238,1,224,0.109038
569.104,1,223.5,0.109041
569.97,1,223,0.109044
570.836,1,222.5,0.109047
571.703,1,222,0.109049
572.569,1,221.5,0.109052
573.435,1,221,0.109055
574.301,1,220.5,0.109057
575.167,1,220,0.10906
576.033,1,219.5,0.109062
576.899,1,219,0.109064
577.765,1,218.5,0.109066
578.631,1,218,0.109069
579.497,1,217.5,0.109071
580.363,1,217,0.109073
581.229,1,216.5,0.109076
582.095,1,216,0.109078
582.961,1,215.5,0.10908
583.827,1,215,0.109082
584.693,1,214.5,0.109084
585.559,1,214,0.109086
586.425,1,213.5,0.109088
587.291,1,213,0.10909
588.157,1,212.5,0.109092
589.023,1,212,0.109093
589.889,1,211.5,0.109095
590.755,1,211,0.109097
591.621,1,210.5,0.109099
592.487,1,210,0.109101
593.353,1,209.5,0.109102
594.219,1,209,0.109104
595.085,1,208.5,0.109105
595.951,1,208,0.109107
596.817,1,207.5,0.109108
597.683,1,207,0.10911
598.549,1,206.5,0.109111
599.415,1,206,0.109113
600.281,1,205.5,0.109114
601.147,1,205,0.109115
602.013,1,204.5,0.109117
602.879,1,204,0.109118
603.745,1,203.5,0.109119
604.611,1,203,0.109121
605.477,1,202.5,0.109122
606.344,1,202,0.109123
607.21,1,201.5,0.109125
608.076,1,201,0.109126
608.942,1,200.5,0.109127
609.808,1,200,0.109128
