x,y,z,b
90.1924,1,500,0.104432
91.0584,1,499.5,0.104419
91.9244,1,499,0.104405
92.7905,1,498.5,0.104391
93.6565,1,498,0.104378
94.5225,1,497.5,0.104364
95.3885,1,497,0.104351
96.2546,1,496.5,0.104331
97.1206,1,496,0.104307
97.9866,1,495.5,0.104284
98.8526,1,495,0.104261
99.7187,1,494.5,0.104238
100.585,1,494,0.104216
101.451,1,493.5,0.104192
102.317,1,493,0.104162
103.183,1,492.5,0.104133
104.049,1,492,0.104104
104.915,1,491.5,0.104076
105.781,1,491,0.104047
106.647,1,490.5,0.104019
107.513,1,490,0.103995
108.379,1,489.5,0.103971
109.245,1,489,0.103947
110.111,1,488.5,0.103925
110.977,1,488,0.103903
111.843,1,487.5,0.103881
112.709,1,487,0.103869
113.575,1,486.5,0.103862
114.441,1,486,0.103855
115.307,1,485.5,0.10385
116.173,1,485,0.103845
117.039,1,484.5,0.103841
117.905,1,484,0.103844
118.771,1,483.5,0.103859
119.637,1,483,0.103876
120.503,1,482.5,0.103893
121.369,1,482,0.103912
122.235,1,481.5,0.103931
123.101,1,481,0.103953
123.967,1,480.5,0.103994
124.833,1,480,0.104037
125.699,1,479.5,0.104081
126.565,1,479,0.104126
127.431,1,478.5,0.104173
128.297,1,478,0.104222
129.164,1,477.5,0.104288
130.03,1,477,0.10436
130.896,1,476.5,0.104435
131.762,1,476,0.104511
132.628,1,475.5,0.104588
133.494,1,475,0.104668
134.36,1,474.5,0.104758
135.226,1,474,0.104864
136.092,1,473.5,0.104971
136.958,1,473,0.10508
137.824,1,472.5,0.105193
138.69,1,472,0.105308
139.556,1,471.5,0.105428
140.422,1,471,0.105569
141.288,1,470.5,0.105713
142.154,1,470,0.105859
143.02,1,469.5,0.106008
143.886,1,469,0.106159
144.752,1,468.5,0.106312
145.618,1,468,0.106487
146.484,1,467.5,0.106669
147.35,1,467,0.106856
148.216,1,466.5,0.107045
149.082,1,466,0.107237
149.948,1,465.5,0.107432
150.814,1,465,0.107639
151.68,1,464.5,0.107861
152.546,1,464,0.108085
153.412,1,463.5,0.108313
154.278,1,463,0.108543
155.144,1,462.5,0.108775
156.01,1,462,0.109015
156.876,1,461.5,0.109277
157.742,1,461,0.109542
158.608,1,460.5,0.10981
159.474,1,460,0.11008
160.34,1,459.5,0.110354
161.206,1,459,0.110631
162.072,1,458.5,0.110923
162.939,1,458,0.111221
163.805,1,457.5,0.111521
164.671,1,457,0.111824
165.537,1,456.5,0.112131
166.403,1,456,0.112441
167.269,1,455.5,0.112759
168.135,1,455,0.113084
169.001,1,454.5,0.113413
169.867,1,454,0.113744
170.733,1,453.5,0.114078
171.599,1,453,0.114415
172.465,1,452.5,0.114755
173.331,1,452,0.115097
174.197,1,451.5,0.115443
175.063,1,451,0.115792
175.929,1,450.5,0.116145
176.795,1,450,0.1165
177.661,1,449.5,0.116859
178.527,1,449,0.117216
179.393,1,448.5,0.117575
180.259,1,448,0.117936
181.125,1,447.5,0.118301
181.991,1,447,0.118668
182.857,1,446.5,0.119038
183.723,1,446,0.119404
184.589,1,445.5,0.119767
185.455,1,445,0.120132
186.321,1,444.5,0.1205
187.187,1,444,0.120871
188.053,1,443.5,0.121245
188.919,1,443,0.121618
189.785,1,442.5,0.121985
190.651,1,442,0.122355
191.517,1,441.5,0.122729
192.383,1,441,0.123107
193.249,1,440.5,0.123488
194.115,1,440,0.123873
194.981,1,439.5,0.124252
195.847,1,439,0.124637
196.714,1,438.5,0.125026
197.58,1,438,0.125422
198.446,1,437.5,0.125822
199.312,1,437,0.126229
200.178,1,436.5,0.126645
201.044,1,436,0.127072
201.91,1,435.5,0.127508
202.776,1,435,0.127952
203.642,1,434.5,0.128407
204.508,1,434,0.128872
205.374,1,433.5,0.129361
206.24,1,433,0.129888
207.106,1,432.5,0.13043
207.972,1,432,0.130987
208.838,1,431.5,0.131559
209.704,1,431,0.132145
210.57,1,430.5,0.132749
211.436,1,430,0.133433
212.302,1,429.5,0.134137
213.168,1,429,0.134862
214.034,1,428.5,0.135608
214.9,1,428,0.136377
215.766,1,427.5,0.137166
216.632,1,427,0.138063
217.498,1,426.5,0.13903
218.364,1,426,0.140036
219.23,1,425.5,0.14108
220.096,1,425,0.142163
220.962,1,424.5,0.143284
221.828,1,424,0.144551
222.694,1,423.5,0.146066
223.56,1,423,0.14765
224.426,1,422.5,0.149283
225.292,1,422,0.150966
226.158,1,421.5,0.152699
227.024,1,421,0.15447
227.89,1,420.5,0.156141
228.756,1,420,0.157829
229.622,1,419.5,0.159534
230.488,1,419,0.161256
231.355,1,418.5,0.162996
232.221,1,418,0.164478
233.087,1,417.5,0.165243
233.953,1,417,0.165744
234.819,1,416.5,0.166148
235.685,1,416,0.166453
236.551,1,415.5,0.166659
237.417,1,415,0.166767
238.283,1,414.5,0.166792
239.149,1,414,0.166834
240.015,1,413.5,0.166911
240.881,1,413,0.167025
241.747,1,412.5,0.167275
242.613,1,412,0.167695
243.479,1,411.5,0.168332
244.345,1,411,0.169507
245.211,1,410.5,0.170834
246.077,1,410,0.172312
246.943,1,409.5,0.173941
247.809,1,409,0.175721
248.675,1,408.5,0.177653
249.541,1,408,0.179033
250.407,1,407.5,0.180253
251.273,1,407,0.181474
252.139,1,406.5,0.182661
253.005,1,406,0.183809
253.871,1,405.5,0.184918
254.737,1,405,0.185701
255.603,1,404.5,0.186165
256.469,1,404,0.186585
257.335,1,403.5,0.186961
258.201,1,403,0.187293
259.067,1,402.5,0.187582
259.933,1,402,0.187843
260.799,1,401.5,0.188267
261.665,1,401,0.188691
262.531,1,400.5,0.189103
263.397,1,400,0.189502
264.263,1,399.5,0.189888
265.13,1,399,0.190261
265.996,1,398.5,0.190426
266.862,1,398,0.19054
267.728,1,397.5,0.190629
268.594,1,397,0.190695
269.46,1,396.5,0.190736
270.326,1,396,0.190647
271.192,1,395.5,0.190278
272.058,1,395,0.189819
272.924,1,394.5,0.189431
273.79,1,394,0.189113
274.656,1,393.5,0.188866
275.522,1,393,0.188689
276.388,1,392.5,0.188426
277.254,1,392,0.187772
278.12,1,391.5,0.187204
278.986,1,391,0.186711
279.852,1,390.5,0.185968
280.718,1,390,0.185331
281.584,1,389.5,0.184798
282.45,1,389,0.184786
283.316,1,388.5,0.184825
284.182,1,388,0.184886
285.048,1,387.5,0.184966
285.914,1,387,0.185067
286.78,1,386.5,0.185188
287.646,1,386,0.185684
288.512,1,385.5,0.186353
289.378,1,385,0.187171
290.244,1,384.5,0.187864
291.11,1,384,0.188433
291.976,1,383.5,0.188878
292.842,1,383,0.189501
293.708,1,382.5,0.19068
294.574,1,382,0.191718
295.44,1,381.5,0.192616
296.306,1,381,0.193372
297.172,1,380.5,0.193988
298.038,1,380,0.1945
298.905,1,379.5,0.196086
299.771,1,379,0.197524
300.637,1,378.5,0.198803
301.503,1,378,0.199925
302.369,1,377.5,0.200889
303.235,1,377,0.201694
304.101,1,376.5,0.202961
304.967,1,376,0.204445
305.833,1,375.5,0.205866
306.699,1,375,0.207222
307.565,1,374.5,0.208532
308.431,1,374,0.209775
309.297,1,373.5,0.211198
310.163,1,373,0.213176
311.029,1,372.5,0.215129
311.895,1,372,0.217057
312.761,1,371.5,0.218961
313.627,1,371,0.220839
314.493,1,370.5,0.222641
315.359,1,370,0.223471
316.225,1,369.5,0.2245
317.091,1,369,0.225673
317.957,1,368.5,0.226858
318.823,1,368,0.228175
319.689,1,367.5,0.229622
320.555,1,367,0.229003
321.421,1,366.5,0.227916
322.287,1,366,0.2272
323.153,1,365.5,0.226856
324.019,1,365,0.226882
324.885,1,364.5,0.22728
325.751,1,364,0.226535
326.617,1,363.5,0.223914
327.483,1,363,0.221614
328.349,1,362.5,0.219843
329.215,1,362,0.218601
330.081,1,361.5,0.217887
330.947,1,361,0.217456
331.813,1,360.5,0.215006
332.679,1,360,0.212398
333.546,1,359.5,0.209632
334.412,1,359,0.206708
335.278,1,358.5,0.203625
336.144,1,358,0.200577
337.01,1,357.5,0.196514
337.876,1,357,0.191805
338.742,1,356.5,0.186807
339.608,1,356,0.18152
340.474,1,355.5,0.175944
341.34,1,355,0.170079
342.206,1,354.5,0.169913
343.072,1,354,0.175786
343.938,1,353.5,0.180874
344.804,1,353,0.185175
345.67,1,352.5,0.188734
346.536,1,352,0.190351
347.402,1,351.5,0.193856
348.268,1,351,0.217431
349.134,1,350.5,0.237556
350,1,350,0.254233
350.866,1,349.5,0.26746
351.732,1,349,0.277238
352.598,1,348.5,0.283566
353.464,1,348,0.271384
354.33,1,347.5,0.257357
355.196,1,347,0.249064
356.062,1,346.5,0.244997
356.928,1,346,0.240984
357.794,1,345.5,0.237025
358.66,1,345,0.233882
359.526,1,344.5,0.231617
360.392,1,344,0.22959
361.258,1,343.5,0.227801
362.124,1,343,0.22625
362.99,1,342.5,0.224937
363.856,1,342,0.224151
364.722,1,341.5,0.22639
365.588,1,341,0.229606
366.454,1,340.5,0.232565
367.321,1,340,0.235268
368.187,1,339.5,0.237713
369.053,1,339,0.239902
369.919,1,338.5,0.241629
370.785,1,338,0.243106
371.651,1,337.5,0.244358
372.517,1,337,0.245385
373.383,1,336.5,0.246187
374.249,1,336,0.246366
375.115,1,335.5,0.246475
375.981,1,335,0.246691
376.847,1,334.5,0.246925
377.713,1,334,0.247176
378.579,1,333.5,0.247445
379.445,1,333,0.247731
380.311,1,332.5,0.247822
381.177,1,332,0.247432
382.043,1,331.5,0.247179
382.909,1,331,0.247063
383.775,1,330.5,0.247617
384.641,1,330,0.248471
385.507,1,329.5,0.24941
386.373,1,329,0.249231
387.239,1,328.5,0.249031
388.105,1,328,0.248866
388.971,1,327.5,0.248736
389.837,1,327,0.248642
390.703,1,326.5,0.248584
391.569,1,326,0.247958
392.435,1,325.5,0.24703
393.301,1,325,0.24656
394.167,1,324.5,0.246353
395.033,1,324,0.246302
395.899,1,323.5,0.246409
396.765,1,323,0.246494
397.631,1,322.5,0.246165
398.497,1,322,0.245694
399.363,1,321.5,0.245082
400.229,1,321,0.244327
401.095,1,320.5,0.243431
401.962,1,320,0.242413
402.828,1,319.5,0.243849
403.694,1,319,0.245065
404.56,1,318.5,0.245939
405.426,1,318,0.246471
406.292,1,317.5,0.24666
407.158,1,317,0.246507
408.024,1,316.5,0.248718
408.89,1,316,0.251325
409.756,1,315.5,0.253059
410.622,1,315,0.253919
411.488,1,314.5,0.253905
412.354,1,314,0.255231
413.22,1,313.5,0.258345
414.086,1,313,0.263961
414.952,1,312.5,0.268893
415.818,1,312,0.273139
416.684,1,311.5,0.276699
417.55,1,311,0.279575
418.416,1,310.5,0.280857
419.282,1,310,0.267578
420.148,1,309.5,0.251936
421.014,1,309,0.233931
421.88,1,308.5,0.215438
422.746,1,308,0.195214
423.612,1,307.5,0.173209
424.478,1,307,0.155657
425.344,1,306.5,0.141755
426.21,1,306,0.129909
427.076,1,305.5,0.120119
427.942,1,305,0.112386
428.808,1,304.5,0.10671
429.674,1,304,0.106207
430.54,1,303.5,0.111023
431.406,1,303,0.118387
432.272,1,302.5,0.125689
433.138,1,302,0.132929
434.004,1,301.5,0.140107
434.87,1,301,0.146763
435.737,1,300.5,0.149871
436.603,1,300,0.152655
437.469,1,299.5,0.155115
438.335,1,299,0.157251
439.201,1,298.5,0.159062
440.067,1,298,0.160535
440.933,1,297.5,0.163787
441.799,1,297,0.167502
442.665,1,296.5,0.171178
443.531,1,296,0.174815
444.397,1,295.5,0.178412
445.263,1,295,0.18197
446.129,1,294.5,0.184712
446.995,1,294,0.186484
447.861,1,293.5,0.188047
448.727,1,293,0.189401
449.593,1,292.5,0.190562
450.459,1,292,0.19163
451.325,1,291.5,0.191963
452.191,1,291,0.189444
453.057,1,290.5,0.186851
453.923,1,290,0.184183
454.789,1,289.5,0.181441
455.655,1,289,0.178624
456.521,1,288.5,0.175733
457.387,1,288,0.172061
458.253,1,287.5,0.168212
459.119,1,287,0.164282
459.985,1,286.5,0.160257
460.851,1,286,0.156217
461.717,1,285.5,0.152162
462.583,1,285,0.148898
463.449,1,284.5,0.146301
464.315,1,284,0.143709
465.181,1,283.5,0.141121
466.047,1,283,0.138539
466.913,1,282.5,0.135963
467.779,1,282,0.133723
468.645,1,281.5,0.132564
469.512,1,281,0.131374
470.378,1,280.5,0.130173
471.244,1,280,0.128961
472.11,1,279.5,0.127737
472.976,1,279,0.126501
473.842,1,278.5,0.125609
474.708,1,278,0.124733
475.574,1,277.5,0.12384
476.44,1,277,0.122932
477.306,1,276.5,0.122008
478.172,1,276,0.12106
479.038,1,275.5,0.120247
479.904,1,275,0.119538
480.77,1,274.5,0.118829
481.636,1,274,0.118121
482.502,1,273.5,0.117412
483.368,1,273,0.116704
484.234,1,272.5,0.116074
485.1,1,272,0.115636
485.966,1,271.5,0.115199
486.832,1,271,0.114763
487.698,1,270.5,0.114325
488.564,1,270,0.113885
489.43,1,269.5,0.11345
490.296,1,269,0.113205
491.162,1,268.5,0.112965
492.028,1,268,0.112726
492.894,1,267.5,0.112488
493.76,1,267,0.112251
494.626,1,266.5,0.112015
495.492,1,266,0.111864
496.358,1,265.5,0.111757
497.224,1,265,0.111649
498.09,1,264.5,0.111542
498.956,1,264,0.111434
499.822,1,263.5,0.111328
500.688,1,263,0.111247
501.554,1,262.5,0.111216
502.42,1,262,0.111184
503.286,1,261.5,0.111152
504.153,1,261,0.111119
505.019,1,260.5,0.111086
505.885,1,260,0.111054
506.751,1,259.5,0.111075
507.617,1,259,0.111095
508.483,1,258.5,0.111115
509.349,1,258,0.111136
510.215,1,257.5,0.111156
511.081,1,257,0.111177
511.947,1,256.5,0.111206
512.813,1,256,0.111238
513.679,1,255.5,0.111269
514.545,1,255,0.1113
515.411,1,254.5,0.11133
516.277,1,254,0.11136
517.143,1,253.5,0.11139
518.009,1,253,0.111419
518.875,1,252.5,0.111447
519.741,1,252,0.111475
520.607,1,251.5,0.111501
521.473,1,251,0.111527
522.339,1,250.5,0.111551
523.205,1,250,0.11157
524.071,1,249.5,0.111589
524.937,1,249,0.111606
525.803,1,248.5,0.111625
526.669,1,248,0.111643
527.535,1,247.5,0.111661
528.401,1,247,0.111672
529.267,1,246.5,0.11168
530.133,1,246,0.111686
530.999,1,245.5,0.111691
531.865,1,245,0.111695
532.731,1,244.5,0.111697
533.597,1,244,0.111697
534.463,1,243.5,0.111693
535.329,1,243,0.111694
536.195,1,242.5,0.111696
537.061,1,242,0.111697
537.928,1,241.5,0.111696
538.794,1,241,0.111694
539.66,1,240.5,0.111688
540.526,1,240,0.11168
541.392,1,239.5,0.11167
542.258,1,239,0.111658
543.124,1,238.5,0.111645
543.99,1,238,0.111631
544.856,1,237.5,0.111621
545.722,1,237,0.111612
546.588,1,236.5,0.111601
547.454,1,236,0.111589
548.32,1,235.5,0.111575
549.186,1,235,0.11156
550.052,1,234.5,0.111541
550.918,1,234,0.111519
551.784,1,233.5,0.111495
552.65,1,233,0.11147
553.516,1,232.5,0.111443
554.382,1,232,0.111422
555.248,1,231.5,0.1114
556.114,1,231,0.111373
556.98,1,230.5,0.111346
557.846,1,230,0.111317
558.712,1,229.5,0.111287
559.578,1,229,0.111256
560.444,1,228.5,0.111223
561.31,1,228,0.111186
562.176,1,227.5,0.111148
563.042,1,227,0.11111
563.908,1,226.5,0.111077
564.774,1,226,0.111044
565.64,1,225.5,0.11101
566.506,1,225,0.110973
567.372,1,224.5,0.110933
568.238,1,224,0.110892
569.104,1,223.5,0.110851
569.97,1,223,0.110808
570.836,1,222.5,0.110764
571.703,1,222,0.110719
572.569,1,221.5,0.110671
573.435,1,221,0.110632
574.301,1,220.5,0.110593
575.167,1,220,0.110553
576.033,1,219.5,0.110512
576.899,1,219,0.110471
577.765,1,218.5,0.110426
578.631,1,218,0.11038
579.497,1,217.5,0.110335
580.363,1,217,0.110289
581.229,1,216.5,0.110244
582.095,1,216,0.110199
582.961,1,215.5,0.110158
583.827,1,215,0.110116
584.693,1,214.5,0.110074
585.559,1,214,0.110032
586.425,1,213.5,0.10999
587.291,1,213,0.109948
588.157,1,212.5,0.109905
589.023,1,212,0.10986
589.889,1,211.5,0.109815
590.755,1,211,0.109771
591.621,1,210.5,0.109727
592.487,1,210,0.109691
593.353,1,209.5,0.109655
594.219,1,209,0.109617
595.085,1,208.5,0.10958
595.951,1,208,0.109542
596.817,1,207.5,0.109506
597.683,1,207,0.109469
598.549,1,206.5,0.109434
599.415,1,206,0.109397
600.281,1,205.5,0.10936
601.147,1,205,0.109325
602.013,1,204.5,0.109296
602.879,1,204,0.109268
603.745,1,203.5,0.109241
604.611,1,203,0.109214
605.477,1,202.5,0.109187
606.344,1,202,0.109161
607.21,1,201.5,0.109135
608.076,1,201,0.10911
608.942,1,200.5,0.109085
609.808,1,200,0.109062
