x,y,z,b
90.1924,1,500,0.106699
91.0584,1,499.5,0.106668
91.9244,1,499,0.106636
92.7905,1,498.5,0.106604
93.6565,1,498,0.106572
94.5225,1,497.5,0.106539
95.3885,1,497,0.106506
96.2546,1,496.5,0.106468
97.1206,1,496,0.106428
97.9866,1,495.5,0.106388
98.8526,1,495,0.106347
99.7187,1,494.5,0.106305
100.585,1,494,0.106264
101.451,1,493.5,0.106219
102.317,1,493,0.106169
103.183,1,492.5,0.106119
104.049,1,492,0.106068
104.915,1,491.5,0.106017
105.781,1,491,0.105966
106.647,1,490.5,0.105914
107.513,1,490,0.105856
108.379,1,489.5,0.105797
109.245,1,489,0.105738
110.111,1,488.5,0.105678
110.977,1,488,0.105618
111.843,1,487.5,0.105557
112.709,1,487,0.105493
113.575,1,486.5,0.105426
114.441,1,486,0.105358
115.307,1,485.5,0.10529
116.173,1,485,0.105222
117.039,1,484.5,0.105153
117.905,1,484,0.105081
118.771,1,483.5,0.105007
119.637,1,483,0.104931
120.503,1,482.5,0.104855
121.369,1,482,0.104778
122.235,1,481.5,0.104701
123.101,1,481,0.104623
123.967,1,480.5,0.104539
124.833,1,480,0.104455
125.699,1,479.5,0.104371
126.565,1,479,0.104285
127.431,1,478.5,0.104199
128.297,1,478,0.104112
129.164,1,477.5,0.104021
130.03,1,477,0.103928
130.896,1,476.5,0.103835
131.762,1,476,0.10374
132.628,1,475.5,0.103645
133.494,1,475,0.103549
134.36,1,474.5,0.10345
135.226,1,474,0.103347
136.092,1,473.5,0.103244
136.958,1,473,0.103139
137.824,1,472.5,0.103034
138.69,1,472,0.102928
139.556,1,471.5,0.10282
140.422,1,471,0.102707
141.288,1,470.5,0.102593
142.154,1,470,0.102479
143.02,1,469.5,0.102363
143.886,1,469,0.102247
144.752,1,468.5,0.10213
145.618,1,468,0.102008
146.484,1,467.5,0.101885
147.35,1,467,0.101761
148.216,1,466.5,0.101636
149.082,1,466,0.101509
149.948,1,465.5,0.101382
150.814,1,465,0.101253
151.68,1,464.5,0.101122
152.546,1,464,0.10099
153.412,1,463.5,0.100858
154.278,1,463,0.100724
155.144,1,462.5,0.100589
156.01,1,462,0.100454
156.876,1,461.5,0.100318
157.742,1,461,0.100182
158.608,1,460.5,0.100045
159.474,1,460,0.0999064
160.34,1,459.5,0.0997675
161.206,1,459,0.0996278
162.072,1,458.5,0.0994925
162.939,1,458,0.0993576
163.805,1,457.5,0.0992221
164.671,1,457,0.0990862
165.537,1,456.5,0.09895
166.403,1,456,0.098814
167.269,1,455.5,0.0986876
168.135,1,455,0.0985699
169.001,1,454.5,0.0984529
169.867,1,454,0.0983367
170.733,1,453.5,0.0982212
171.599,1,453,0.0981064
172.465,1,452.5,0.0980008
173.331,1,452,0.0979247
174.197,1,451.5,0.0978505
175.063,1,451,0.0977797
175.929,1,450.5,0.0977142
176.795,1,450,0.0976511
177.661,1,449.5,0.0975907
178.527,1,449,0.0975785
179.393,1,448.5,0.0975749
180.259,1,448,0.0975757
181.125,1,447.5,0.0975809
181.991,1,447,0.0975905
182.857,1,446.5,0.0976045
183.723,1,446,0.0976671
184.589,1,445.5,0.0977708
185.455,1,445,0.0978909
186.321,1,444.5,0.0980197
187.187,1,444,0.0981572
188.053,1,443.5,0.0983033
188.919,1,443,0.0984854
189.785,1,442.5,0.098747
190.651,1,442,0.0990209
191.517,1,441.5,0.0993071
192.383,1,441,0.0996057
193.249,1,440.5,0.0999167
194.115,1,440,0.100258
194.981,1,439.5,0.100748
195.847,1,439,0.101263
196.714,1,438.5,0.101801
197.58,1,438,0.10236
198.446,1,437.5,0.102942
199.312,1,437,0.103545
200.178,1,436.5,0.104259
201.044,1,436,0.105045
201.91,1,435.5,0.105858
202.776,1,435,0.106699
203.642,1,434.5,0.107617
204.508,1,434,0.108612
205.374,1,433.5,0.109685
206.24,1,433,0.110879
207.106,1,432.5,0.112116
207.972,1,432,0.113395
208.838,1,431.5,0.114716
209.704,1,431,0.116079
210.57,1,430.5,0.117486
211.436,1,430,0.119029
212.302,1,429.5,0.120617
213.168,1,429,0.122352
214.034,1,428.5,0.124214
214.9,1,428,0.126138
215.766,1,427.5,0.128122
216.632,1,427,0.13019
217.498,1,426.5,0.132326
218.364,1,426,0.134521
219.23,1,425.5,0.136775
220.096,1,425,0.139088
220.962,1,424.5,0.14146
221.828,1,424,0.143812
222.694,1,423.5,0.146231
223.56,1,423,0.148748
224.426,1,422.5,0.151286
225.292,1,422,0.153845
226.158,1,421.5,0.156426
227.024,1,421,0.158991
227.89,1,420.5,0.161126
228.756,1,420,0.163241
229.622,1,419.5,0.165335
230.488,1,419,0.167408
231.355,1,418.5,0.169461
232.221,1,418,0.171174
233.087,1,417.5,0.172445
233.953,1,417,0.173613
234.819,1,416.5,0.174756
235.685,1,416,0.175874
236.551,1,415.5,0.176969
237.417,1,415,0.178039
238.283,1,414.5,0.179102
239.149,1,414,0.180195
240.015,1,413.5,0.18131
240.881,1,413,0.182446
241.747,1,412.5,0.183759
242.613,1,412,0.185188
243.479,1,411.5,0.186661
244.345,1,411,0.187889
245.211,1,410.5,0.189025
246.077,1,410,0.190068
246.943,1,409.5,0.191018
247.809,1,409,0.191875
248.675,1,408.5,0.19264
249.541,1,408,0.193195
250.407,1,407.5,0.19363
251.273,1,407,0.194109
252.139,1,406.5,0.194441
253.005,1,406,0.194593
253.871,1,405.5,0.194567
254.737,1,405,0.194573
255.603,1,404.5,0.194686
256.469,1,404,0.194726
257.335,1,403.5,0.194695
258.201,1,403,0.194592
259.067,1,402.5,0.194418
259.933,1,402,0.194243
260.799,1,401.5,0.194695
261.665,1,401,0.195058
262.531,1,400.5,0.19529
263.397,1,400,0.195391
264.263,1,399.5,0.19536
265.13,1,399,0.195198
265.996,1,398.5,0.195179
266.862,1,398,0.195124
267.728,1,397.5,0.194999
268.594,1,397,0.194803
269.46,1,396.5,0.194536
270.326,1,396,0.194649
271.192,1,395.5,0.195165
272.058,1,395,0.196025
272.924,1,394.5,0.196905
273.79,1,394,0.197805
274.656,1,393.5,0.198723
275.522,1,393,0.199662
276.388,1,392.5,0.200697
277.254,1,392,0.202007
278.12,1,391.5,0.203373
278.986,1,391,0.204809
279.852,1,390.5,0.206677
280.718,1,390,0.208556
281.584,1,389.5,0.210444
282.45,1,389,0.212162
283.316,1,388.5,0.21392
284.182,1,388,0.215733
285.048,1,387.5,0.217599
285.914,1,387,0.21952
286.78,1,386.5,0.221495
287.646,1,386,0.223726
288.512,1,385.5,0.226206
289.378,1,385,0.229083
290.244,1,384.5,0.232218
291.11,1,384,0.23561
291.976,1,383.5,0.239261
292.842,1,383,0.24228
293.708,1,382.5,0.242878
294.574,1,382,0.242736
295.44,1,381.5,0.241853
296.306,1,381,0.240228
297.172,1,380.5,0.237862
298.038,1,380,0.234814
298.905,1,379.5,0.229284
299.771,1,379,0.22359
300.637,1,378.5,0.217755
301.503,1,378,0.21178
302.369,1,377.5,0.205665
303.235,1,377,0.19941
304.101,1,376.5,0.197834
304.967,1,376,0.198688
305.833,1,375.5,0.199704
306.699,1,375,0.200884
307.565,1,374.5,0.202129
308.431,1,374,0.202884
309.297,1,373.5,0.204696
310.163,1,373,0.20899
311.029,1,372.5,0.213455
311.895,1,372,0.21809
312.761,1,371.5,0.222895
313.627,1,371,0.227871
314.493,1,370.5,0.232929
315.359,1,370,0.236275
316.225,1,369.5,0.239687
317.091,1,369,0.242902
317.957,1,368.5,0.245756
318.823,1,368,0.24906
319.689,1,367.5,0.252815
320.555,1,367,0.255623
321.421,1,366.5,0.258072
322.287,1,366,0.260628
323.153,1,365.5,0.263291
324.019,1,365,0.266061
324.885,1,364.5,0.268939
325.751,1,364,0.271127
326.617,1,363.5,0.272149
327.483,1,363,0.273028
328.349,1,362.5,0.274046
329.215,1,362,0.275203
330.081,1,361.5,0.276501
330.947,1,361,0.277646
331.813,1,360.5,0.276397
332.679,1,360,0.275358
333.546,1,359.5,0.274529
334.412,1,359,0.27391
335.278,1,358.5,0.273501
336.144,1,358,0.273089
337.01,1,357.5,0.270208
337.876,1,357,0.266842
338.742,1,356.5,0.263618
339.608,1,356,0.260535
340.474,1,355.5,0.257594
341.34,1,355,0.254794
342.206,1,354.5,0.252825
343.072,1,354,0.251603
343.938,1,353.5,0.250297
344.804,1,353,0.248909
345.67,1,352.5,0.247185
346.536,1,352,0.245049
347.402,1,351.5,0.245813
348.268,1,351,0.262393
349.134,1,350.5,0.278247
350,1,350,0.293375
350.866,1,349.5,0.307777
351.732,1,349,0.321454
352.598,1,348.5,0.334405
353.464,1,348,0.330351
354.33,1,347.5,0.326451
355.196,1,347,0.323233
356.062,1,346.5,0.319116
356.928,1,346,0.316027
357.794,1,345.5,0.313966
358.66,1,345,0.313028
359.526,1,344.5,0.312908
360.392,1,344,0.313431
361.258,1,343.5,0.314596
362.124,1,343,0.316404
362.99,1,342.5,0.318855
363.856,1,342,0.321404
364.722,1,341.5,0.321455
365.588,1,341,0.321114
366.454,1,340.5,0.321144
367.321,1,340,0.321547
368.187,1,339.5,0.322322
369.053,1,339,0.323469
369.919,1,338.5,0.322793
370.785,1,338,0.32234
371.651,1,337.5,0.322365
372.517,1,337,0.322869
373.383,1,336.5,0.32385
374.249,1,336,0.324251
375.115,1,335.5,0.322697
375.981,1,335,0.320379
376.847,1,334.5,0.318547
377.713,1,334,0.317199
378.579,1,333.5,0.316336
379.445,1,333,0.315957
380.311,1,332.5,0.314549
381.177,1,332,0.309988
382.043,1,331.5,0.306676
382.909,1,331,0.304615
383.775,1,330.5,0.301682
384.641,1,330,0.298596
385.507,1,329.5,0.296093
386.373,1,329,0.284209
387.239,1,328.5,0.272629
388.105,1,328,0.261839
388.971,1,327.5,0.251839
389.837,1,327,0.242629
390.703,1,326.5,0.234208
391.569,1,326,0.226099
392.435,1,325.5,0.216774
393.301,1,325,0.205321
394.167,1,324.5,0.192931
395.033,1,324,0.179905
395.899,1,323.5,0.16624
396.765,1,323,0.156258
397.631,1,322.5,0.154967
398.497,1,322,0.15355
399.363,1,321.5,0.152006
400.229,1,321,0.150336
401.095,1,320.5,0.148539
401.962,1,320,0.14662
402.828,1,319.5,0.145012
403.694,1,319,0.143384
404.56,1,318.5,0.141744
405.426,1,318,0.14009
406.292,1,317.5,0.138424
407.158,1,317,0.136745
408.024,1,316.5,0.135072
408.89,1,316,0.133384
409.756,1,315.5,0.131671
410.622,1,315,0.12993
411.488,1,314.5,0.128164
412.354,1,314,0.126326
413.22,1,313.5,0.124805
414.086,1,313,0.123795
414.952,1,312.5,0.12276
415.818,1,312,0.1217
416.684,1,311.5,0.120614
417.55,1,311,0.119502
418.416,1,310.5,0.118415
419.282,1,310,0.118009
420.148,1,309.5,0.117579
421.014,1,309,0.117125
421.88,1,308.5,0.116643
422.746,1,308,0.116148
423.612,1,307.5,0.11564
424.478,1,307,0.115427
425.344,1,306.5,0.115306
426.21,1,306,0.115175
427.076,1,305.5,0.115033
427.942,1,305,0.114882
428.808,1,304.5,0.11472
429.674,1,304,0.114619
430.54,1,303.5,0.114603
431.406,1,303,0.114589
432.272,1,302.5,0.114571
433.138,1,302,0.114547
434.004,1,301.5,0.114519
434.87,1,301,0.114499
435.737,1,300.5,0.114572
436.603,1,300,0.11464
437.469,1,299.5,0.114702
438.335,1,299,0.114759
439.201,1,298.5,0.114811
440.067,1,298,0.11486
440.933,1,297.5,0.114955
441.799,1,297,0.115054
442.665,1,296.5,0.115147
443.531,1,296,0.115236
444.397,1,295.5,0.11532
445.263,1,295,0.115398
446.129,1,294.5,0.115481
446.995,1,294,0.115569
447.861,1,293.5,0.115652
448.727,1,293,0.11573
449.593,1,292.5,0.115805
450.459,1,292,0.11589
451.325,1,291.5,0.115972
452.191,1,291,0.116059
453.057,1,290.5,0.116141
453.923,1,290,0.11622
454.789,1,289.5,0.116295
455.655,1,289,0.116365
456.521,1,288.5,0.116431
457.387,1,288,0.116493
458.253,1,287.5,0.116551
459.119,1,287,0.11661
459.985,1,286.5,0.116673
460.851,1,286,0.116733
461.717,1,285.5,0.11679
462.583,1,285,0.116839
463.449,1,284.5,0.116882
464.315,1,284,0.116922
465.181,1,283.5,0.11696
466.047,1,283,0.116995
466.913,1,282.5,0.117028
467.779,1,282,0.117055
468.645,1,281.5,0.117075
469.512,1,281,0.1171
470.378,1,280.5,0.117123
471.244,1,280,0.117144
472.11,1,279.5,0.117163
472.976,1,279,0.117179
473.842,1,278.5,0.117179
474.708,1,278,0.117177
475.574,1,277.5,0.117173
476.44,1,277,0.117166
477.306,1,276.5,0.117157
478.172,1,276,0.117149
479.038,1,275.5,0.117135
479.904,1,275,0.117113
480.77,1,274.5,0.117089
481.636,1,274,0.117063
482.502,1,273.5,0.117035
483.368,1,273,0.117004
484.234,1,272.5,0.116968
485.1,1,272,0.116923
485.966,1,271.5,0.116876
486.832,1,271,0.116826
487.698,1,270.5,0.116779
488.564,1,270,0.116736
489.43,1,269.5,0.11669
490.296,1,269,0.116632
491.162,1,268.5,0.116573
492.028,1,268,0.116511
492.894,1,267.5,0.116447
493.76,1,267,0.116381
494.626,1,266.5,0.116313
495.492,1,266,0.116237
496.358,1,265.5,0.116155
497.224,1,265,0.116079
498.09,1,264.5,0.11601
498.956,1,264,0.115939
499.822,1,263.5,0.115866
500.688,1,263,0.115789
501.554,1,262.5,0.115704
502.42,1,262,0.115618
503.286,1,261.5,0.115531
504.153,1,261,0.115443
505.019,1,260.5,0.115354
505.885,1,260,0.115264
506.751,1,259.5,0.115167
507.617,1,259,0.115074
508.483,1,258.5,0.114981
509.349,1,258,0.114888
510.215,1,257.5,0.114794
511.081,1,257,0.114701
511.947,1,256.5,0.114598
512.813,1,256,0.114492
513.679,1,255.5,0.114386
514.545,1,255,0.114279
515.411,1,254.5,0.114173
516.277,1,254,0.114076
517.143,1,253.5,0.11398
518.009,1,253,0.113879
518.875,1,252.5,0.113778
519.741,1,252,0.113678
520.607,1,251.5,0.113579
521.473,1,251,0.113479
522.339,1,250.5,0.11338
523.205,1,250,0.113272
524.071,1,249.5,0.113164
524.937,1,249,0.113058
525.803,1,248.5,0.112963
526.669,1,248,0.112873
527.535,1,247.5,0.112785
528.401,1,247,0.112694
529.267,1,246.5,0.112602
530.133,1,246,0.112512
530.999,1,245.5,0.112423
531.865,1,245,0.112335
532.731,1,244.5,0.112248
533.597,1,244,0.11216
534.463,1,243.5,0.112072
535.329,1,243,0.111994
536.195,1,242.5,0.111919
537.061,1,242,0.111846
537.928,1,241.5,0.111774
538.794,1,241,0.111704
539.66,1,240.5,0.111633
540.526,1,240,0.111563
541.392,1,239.5,0.111495
542.258,1,239,0.111428
543.124,1,238.5,0.111363
543.99,1,238,0.111299
544.856,1,237.5,0.11124
545.722,1,237,0.111184
546.588,1,236.5,0.111129
547.454,1,236,0.111075
548.32,1,235.5,0.111021
549.186,1,235,0.110969
550.052,1,234.5,0.110918
550.918,1,234,0.110868
551.784,1,233.5,0.110819
552.65,1,233,0.110771
553.516,1,232.5,0.110724
554.382,1,232,0.110681
555.248,1,231.5,0.110639
556.114,1,231,0.110598
556.98,1,230.5,0.110557
557.846,1,230,0.110518
558.712,1,229.5,0.110479
559.578,1,229,0.110441
560.444,1,228.5,0.110404
561.31,1,228,0.110366
562.176,1,227.5,0.11033
563.042,1,227,0.110294
563.908,1,226.5,0.110262
564.774,1,226,0.110231
565.64,1,225.5,0.110201
566.506,1,225,0.110171
567.372,1,224.5,0.110142
568.238,1,224,0.110114
569.104,1,223.5,0.110086
569.97,1,223,0.110059
570.836,1,222.5,0.110033
571.703,1,222,0.110007
572.569,1,221.5,0.109983
573.435,1,221,0.109961
574.301,1,220.5,0.10994
575.167,1,220,0.109919
576.033,1,219.5,0.109899
576.899,1,219,0.109879
577.765,1,218.5,0.10986
578.631,1,218,0.109841
579.497,1,217.5,0.109823
580.363,1,217,0.109805
581.229,1,216.5,0.109788
582.095,1,216,0.109771
582.961,1,215.5,0.109757
583.827,1,215,0.109743
584.693,1,214.5,0.109729
585.559,1,214,0.109715
586.425,1,213.5,0.109702
587.291,1,213,0.109689
588.157,1,212.5,0.109676
589.023,1,212,0.109664
589.889,1,211.5,0.109652
590.755,1,211,0.10964
591.621,1,210.5,0.109629
592.487,1,210,0.109619
593.353,1,209.5,0.109609
594.219,1,209,0.1096
595.085,1,208.5,0.109591
595.951,1,208,0.109582
596.817,1,207.5,0.109573
597.683,1,207,0.109564
598.549,1,206.5,0.109556
599.415,1,206,0.109547
600.281,1,205.5,0.109539
601.147,1,205,0.109531
602.013,1,204.5,0.109524
602.879,1,204,0.109517
603.745,1,203.5,0.10951
604.611,1,203,0.109502
605.477,1,202.5,0.109496
606.344,1,202,0.109489
607.21,1,201.5,0.109482
608.076,1,201,0.109475
608.942,1,200.5,0.109469
609.808,1,200,0.109463
