x,y,z,b
90.1924,1,500,0.108454
91.0584,1,499.5,0.108446
91.9244,1,499,0.108438
92.7905,1,498.5,0.10843
93.6565,1,498,0.108421
94.5225,1,497.5,0.108413
95.3885,1,497,0.108404
96.2546,1,496.5,0.108394
97.1206,1,496,0.108383
97.9866,1,495.5,0.108372
98.8526,1,495,0.108361
99.7187,1,494.5,0.108349
100.585,1,494,0.108338
101.451,1,493.5,0.108326
102.317,1,493,0.108312
103.183,1,492.5,0.108298
104.049,1,492,0.108283
104.915,1,491.5,0.108269
105.781,1,491,0.108254
106.647,1,490.5,0.10824
107.513,1,490,0.108223
108.379,1,489.5,0.108206
109.245,1,489,0.108188
110.111,1,488.5,0.108171
110.977,1,488,0.108154
111.843,1,487.5,0.108136
112.709,1,487,0.108117
113.575,1,486.5,0.108096
114.441,1,486,0.108076
115.307,1,485.5,0.108055
116.173,1,485,0.108035
117.039,1,484.5,0.108014
117.905,1,484,0.107992
118.771,1,483.5,0.107969
119.637,1,483,0.107945
120.503,1,482.5,0.107921
121.369,1,482,0.107897
122.235,1,481.5,0.107873
123.101,1,481,0.107849
123.967,1,480.5,0.107822
124.833,1,480,0.107794
125.699,1,479.5,0.107766
126.565,1,479,0.107738
127.431,1,478.5,0.10771
128.297,1,478,0.107682
129.164,1,477.5,0.107651
130.03,1,477,0.107619
130.896,1,476.5,0.107587
131.762,1,476,0.107555
132.628,1,475.5,0.107522
133.494,1,475,0.10749
134.36,1,474.5,0.107455
135.226,1,474,0.107417
136.092,1,473.5,0.10738
136.958,1,473,0.107342
137.824,1,472.5,0.107303
138.69,1,472,0.107265
139.556,1,471.5,0.107225
140.422,1,471,0.107181
141.288,1,470.5,0.107137
142.154,1,470,0.107093
143.02,1,469.5,0.107048
143.886,1,469,0.107002
144.752,1,468.5,0.106957
145.618,1,468,0.106906
146.484,1,467.5,0.106854
147.35,1,467,0.106801
148.216,1,466.5,0.106748
149.082,1,466,0.106694
149.948,1,465.5,0.10664
150.814,1,465,0.106583
151.68,1,464.5,0.106522
152.546,1,464,0.10646
153.412,1,463.5,0.106398
154.278,1,463,0.106335
155.144,1,462.5,0.106271
156.01,1,462,0.106206
156.876,1,461.5,0.106133
157.742,1,461,0.10606
158.608,1,460.5,0.105986
159.474,1,460,0.105911
160.34,1,459.5,0.105836
161.206,1,459,0.10576
162.072,1,458.5,0.105676
162.939,1,458,0.10559
163.805,1,457.5,0.105503
164.671,1,457,0.105415
165.537,1,456.5,0.105326
166.403,1,456,0.105237
167.269,1,455.5,0.10514
168.135,1,455,0.105037
169.001,1,454.5,0.104934
169.867,1,454,0.104829
170.733,1,453.5,0.104723
171.599,1,453,0.104616
172.465,1,452.5,0.104506
173.331,1,452,0.104385
174.197,1,451.5,0.104264
175.063,1,451,0.104141
175.929,1,450.5,0.104017
176.795,1,450,0.103892
177.661,1,449.5,0.103765
178.527,1,449,0.103622
179.393,1,448.5,0.103477
180.259,1,448,0.103329
181.125,1,447.5,0.10318
181.991,1,447,0.10303
182.857,1,446.5,0.102878
183.723,1,446,0.102715
184.589,1,445.5,0.102543
185.455,1,445,0.102369
186.321,1,444.5,0.102194
187.187,1,444,0.102016
188.053,1,443.5,0.101836
188.919,1,443,0.101649
189.785,1,442.5,0.101446
190.651,1,442,0.10124
191.517,1,441.5,0.101033
192.383,1,441,0.100823
193.249,1,440.5,0.10061
194.115,1,440,0.100395
194.981,1,439.5,0.100158
195.847,1,439,0.0999174
196.714,1,438.5,0.0996741
197.58,1,438,0.0994279
198.446,1,437.5,0.0991788
199.312,1,437,0.0989268
200.178,1,436.5,0.0986591
201.044,1,436,0.0983815
201.91,1,435.5,0.0981007
202.776,1,435,0.0978167
203.642,1,434.5,0.097528
204.508,1,434,0.0972347
205.374,1,433.5,0.096933
206.24,1,433,0.0966183
207.106,1,432.5,0.0962999
207.972,1,432,0.0959778
208.838,1,431.5,0.095652
209.704,1,431,0.0953226
210.57,1,430.5,0.0949894
211.436,1,430,0.0946514
212.302,1,429.5,0.0943102
213.168,1,429,0.0939634
214.034,1,428.5,0.0936112
214.9,1,428,0.0932549
215.766,1,427.5,0.0928945
216.632,1,427,0.0925458
217.498,1,426.5,0.0922022
218.364,1,426,0.0918581
219.23,1,425.5,0.0915133
220.096,1,425,0.091168
220.962,1,424.5,0.090822
221.828,1,424,0.0905503
222.694,1,423.5,0.0904576
223.56,1,423,0.0904216
224.426,1,422.5,0.0904181
225.292,1,422,0.090447
226.158,1,421.5,0.0905082
227.024,1,421,0.0906245
227.89,1,420.5,0.0910377
228.756,1,420,0.0915056
229.622,1,419.5,0.0920282
230.488,1,419,0.0926056
231.355,1,418.5,0.0932378
232.221,1,418,0.0942565
233.087,1,417.5,0.0958146
233.953,1,417,0.0975921
234.819,1,416.5,0.0995015
235.685,1,416,0.101543
236.551,1,415.5,0.103716
237.417,1,415,0.106021
238.283,1,414.5,0.108426
239.149,1,414,0.110879
240.015,1,413.5,0.113403
240.881,1,413,0.115999
241.747,1,412.5,0.119537
242.613,1,412,0.123328
243.479,1,411.5,0.127038
244.345,1,411,0.130156
245.211,1,410.5,0.133118
246.077,1,410,0.135922
246.943,1,409.5,0.138568
247.809,1,409,0.141058
248.675,1,408.5,0.143389
249.541,1,408,0.145491
250.407,1,407.5,0.147445
251.273,1,407,0.14916
252.139,1,406.5,0.15081
253.005,1,406,0.152424
253.871,1,405.5,0.154002
254.737,1,405,0.155931
255.603,1,404.5,0.158237
256.469,1,404,0.160559
257.335,1,403.5,0.162896
258.201,1,403,0.165248
259.067,1,402.5,0.167616
259.933,1,402,0.170136
260.799,1,401.5,0.171717
261.665,1,401,0.173386
262.531,1,400.5,0.175313
263.397,1,400,0.177496
264.263,1,399.5,0.179938
265.13,1,399,0.182636
265.996,1,398.5,0.186539
266.862,1,398,0.190965
267.728,1,397.5,0.195791
268.594,1,397,0.201018
269.46,1,396.5,0.206646
270.326,1,396,0.211035
271.192,1,395.5,0.214445
272.058,1,395,0.216969
272.924,1,394.5,0.219088
273.79,1,394,0.220801
274.656,1,393.5,0.222109
275.522,1,393,0.223011
276.388,1,392.5,0.223311
277.254,1,392,0.223056
278.12,1,391.5,0.223106
278.986,1,391,0.223651
279.852,1,390.5,0.23074
280.718,1,390,0.238799
281.584,1,389.5,0.247828
282.45,1,389,0.259856
283.316,1,388.5,0.271314
284.182,1,388,0.282001
285.048,1,387.5,0.291918
285.914,1,387,0.301066
286.78,1,386.5,0.309443
287.646,1,386,0.315369
288.512,1,385.5,0.318823
289.378,1,385,0.318486
290.244,1,384.5,0.31813
291.11,1,384,0.317755
291.976,1,383.5,0.317361
292.842,1,383,0.316972
293.708,1,382.5,0.316664
294.574,1,382,0.316411
295.44,1,381.5,0.316214
296.306,1,381,0.316071
297.172,1,380.5,0.315984
298.038,1,380,0.315965
298.905,1,379.5,0.316362
299.771,1,379,0.316764
300.637,1,378.5,0.317167
301.503,1,378,0.317572
302.369,1,377.5,0.317978
303.235,1,377,0.318385
304.101,1,376.5,0.318933
304.967,1,376,0.31955
305.833,1,375.5,0.320168
306.699,1,375,0.320788
307.565,1,374.5,0.321416
308.431,1,374,0.32205
309.297,1,373.5,0.322393
310.163,1,373,0.322296
311.029,1,372.5,0.322239
311.895,1,372,0.322223
312.761,1,371.5,0.322249
313.627,1,371,0.322315
314.493,1,370.5,0.322255
315.359,1,370,0.319033
316.225,1,369.5,0.316411
317.091,1,369,0.314287
317.957,1,368.5,0.312351
318.823,1,368,0.310782
319.689,1,367.5,0.309579
320.555,1,367,0.301109
321.421,1,366.5,0.29062
322.287,1,366,0.280984
323.153,1,365.5,0.2722
324.019,1,365,0.264269
324.885,1,364.5,0.257191
325.751,1,364,0.250994
326.617,1,363.5,0.244354
327.483,1,363,0.237129
328.349,1,362.5,0.229217
329.215,1,362,0.220619
330.081,1,361.5,0.211333
330.947,1,361,0.202721
331.813,1,360.5,0.205483
332.679,1,360,0.207635
333.546,1,359.5,0.209176
334.412,1,359,0.210107
335.278,1,358.5,0.210427
336.144,1,358,0.210051
337.01,1,357.5,0.215491
337.876,1,357,0.222552
338.742,1,356.5,0.229391
339.608,1,356,0.236009
340.474,1,355.5,0.242405
341.34,1,355,0.248579
342.206,1,354.5,0.253592
343.072,1,354,0.258436
343.938,1,353.5,0.264555
344.804,1,353,0.27195
345.67,1,352.5,0.279028
346.536,1,352,0.284111
347.402,1,351.5,0.287656
348.268,1,351,0.282892
349.134,1,350.5,0.271882
350,1,350,0.254625
350.866,1,349.5,0.231123
351.732,1,349,0.201374
352.598,1,348.5,0.165379
353.464,1,348,0.133741
354.33,1,347.5,0.108128
355.196,1,347,0.0987924
356.062,1,346.5,0.0987438
356.928,1,346,0.0962305
357.794,1,345.5,0.0912524
358.66,1,345,0.0916829
359.526,1,344.5,0.0979808
360.392,1,344,0.103502
361.258,1,343.5,0.108246
362.124,1,343,0.112214
362.99,1,342.5,0.115404
363.856,1,342,0.117787
364.722,1,341.5,0.120351
365.588,1,341,0.123013
366.454,1,340.5,0.125233
367.321,1,340,0.127012
368.187,1,339.5,0.128349
369.053,1,339,0.129243
369.919,1,338.5,0.129493
370.785,1,338,0.129597
371.651,1,337.5,0.129595
372.517,1,337,0.129489
373.383,1,336.5,0.129277
374.249,1,336,0.129114
375.115,1,335.5,0.128705
375.981,1,335,0.128137
376.847,1,334.5,0.127581
377.713,1,334,0.127039
378.579,1,333.5,0.12651
379.445,1,333,0.125994
380.311,1,332.5,0.125485
381.177,1,332,0.124995
382.043,1,331.5,0.124553
382.909,1,331,0.124158
383.775,1,330.5,0.123838
384.641,1,330,0.123555
385.507,1,329.5,0.123293
386.373,1,329,0.122948
387.239,1,328.5,0.122634
388.105,1,328,0.122356
388.971,1,327.5,0.122114
389.837,1,327,0.121909
390.703,1,326.5,0.12174
391.569,1,326,0.121512
392.435,1,325.5,0.121261
393.301,1,325,0.121043
394.167,1,324.5,0.120844
395.033,1,324,0.120664
395.899,1,323.5,0.1205
396.765,1,323,0.120357
397.631,1,322.5,0.120231
398.497,1,322,0.120115
399.363,1,321.5,0.120009
400.229,1,321,0.119912
401.095,1,320.5,0.119826
401.962,1,320,0.11975
402.828,1,319.5,0.119762
403.694,1,319,0.119775
404.56,1,318.5,0.119789
405.426,1,318,0.119804
406.292,1,317.5,0.11982
407.158,1,317,0.119838
408.024,1,316.5,0.119901
408.89,1,316,0.119983
409.756,1,315.5,0.120062
410.622,1,315,0.120139
411.488,1,314.5,0.120215
412.354,1,314,0.120286
413.22,1,313.5,0.120366
414.086,1,313,0.120462
414.952,1,312.5,0.120555
415.818,1,312,0.120645
416.684,1,311.5,0.120731
417.55,1,311,0.120815
418.416,1,310.5,0.120895
419.282,1,310,0.12098
420.148,1,309.5,0.121061
421.014,1,309,0.12114
421.88,1,308.5,0.121214
422.746,1,308,0.121286
423.612,1,307.5,0.121354
424.478,1,307,0.121415
425.344,1,306.5,0.121473
426.21,1,306,0.121527
427.076,1,305.5,0.121579
427.942,1,305,0.121629
428.808,1,304.5,0.121675
429.674,1,304,0.121713
430.54,1,303.5,0.121741
431.406,1,303,0.121766
432.272,1,302.5,0.121789
433.138,1,302,0.12181
434.004,1,301.5,0.121828
434.87,1,301,0.121842
435.737,1,300.5,0.121838
436.603,1,300,0.121832
437.469,1,299.5,0.121825
438.335,1,299,0.121815
439.201,1,298.5,0.121802
440.067,1,298,0.121789
440.933,1,297.5,0.12176
441.799,1,297,0.121726
442.665,1,296.5,0.12169
443.531,1,296,0.121653
444.397,1,295.5,0.121613
445.263,1,295,0.121572
446.129,1,294.5,0.121519
446.995,1,294,0.121456
447.861,1,293.5,0.121391
448.727,1,293,0.121325
449.593,1,292.5,0.121258
450.459,1,292,0.121194
451.325,1,291.5,0.121125
452.191,1,291,0.12104
453.057,1,290.5,0.120953
453.923,1,290,0.120864
454.789,1,289.5,0.120773
455.655,1,289,0.120681
456.521,1,288.5,0.120587
457.387,1,288,0.120477
458.253,1,287.5,0.120364
459.119,1,287,0.120251
459.985,1,286.5,0.120142
460.851,1,286,0.120032
461.717,1,285.5,0.119921
462.583,1,285,0.1198
463.449,1,284.5,0.119671
464.315,1,284,0.119542
465.181,1,283.5,0.119411
466.047,1,283,0.11928
466.913,1,282.5,0.119147
467.779,1,282,0.119011
468.645,1,281.5,0.118866
469.512,1,281,0.118732
470.378,1,280.5,0.118597
471.244,1,280,0.118461
472.11,1,279.5,0.118325
472.976,1,279,0.118188
473.842,1,278.5,0.118043
474.708,1,278,0.117897
475.574,1,277.5,0.11775
476.44,1,277,0.117604
477.306,1,276.5,0.117458
478.172,1,276,0.117318
479.038,1,275.5,0.117184
479.904,1,275,0.117045
480.77,1,274.5,0.116907
481.636,1,274,0.11677
482.502,1,273.5,0.116633
483.368,1,273,0.116496
484.234,1,272.5,0.116357
485.1,1,272,0.116213
485.966,1,271.5,0.116069
486.832,1,271,0.115927
487.698,1,270.5,0.115792
488.564,1,270,0.115669
489.43,1,269.5,0.115547
490.296,1,269,0.11542
491.162,1,268.5,0.115293
492.028,1,268,0.115168
492.894,1,267.5,0.115043
493.76,1,267,0.114919
494.626,1,266.5,0.114796
495.492,1,266,0.114671
496.358,1,265.5,0.114545
497.224,1,265,0.114426
498.09,1,264.5,0.114313
498.956,1,264,0.114202
499.822,1,263.5,0.114091
500.688,1,263,0.11398
501.554,1,262.5,0.113867
502.42,1,262,0.113755
503.286,1,261.5,0.113644
504.153,1,261,0.113535
505.019,1,260.5,0.113426
505.885,1,260,0.113318
506.751,1,259.5,0.113216
507.617,1,259,0.11312
508.483,1,258.5,0.113025
509.349,1,258,0.112932
510.215,1,257.5,0.112839
511.081,1,257,0.112748
511.947,1,256.5,0.112655
512.813,1,256,0.112563
513.679,1,255.5,0.112472
514.545,1,255,0.112382
515.411,1,254.5,0.112293
516.277,1,254,0.11221
517.143,1,253.5,0.112131
518.009,1,253,0.112052
518.875,1,252.5,0.111974
519.741,1,252,0.111897
520.607,1,251.5,0.11182
521.473,1,251,0.111745
522.339,1,250.5,0.111671
523.205,1,250,0.111595
524.071,1,249.5,0.111521
524.937,1,249,0.111447
525.803,1,248.5,0.11138
526.669,1,248,0.111315
527.535,1,247.5,0.111251
528.401,1,247,0.111187
529.267,1,246.5,0.111124
530.133,1,246,0.111061
530.999,1,245.5,0.111
531.865,1,245,0.110939
532.731,1,244.5,0.110879
533.597,1,244,0.110819
534.463,1,243.5,0.11076
535.329,1,243,0.110705
536.195,1,242.5,0.110653
537.061,1,242,0.110601
537.928,1,241.5,0.11055
538.794,1,241,0.1105
539.66,1,240.5,0.110449
540.526,1,240,0.1104
541.392,1,239.5,0.110351
542.258,1,239,0.110304
543.124,1,238.5,0.110257
543.99,1,238,0.110211
544.856,1,237.5,0.110169
545.722,1,237,0.110129
546.588,1,236.5,0.11009
547.454,1,236,0.110051
548.32,1,235.5,0.110013
549.186,1,235,0.109976
550.052,1,234.5,0.109939
550.918,1,234,0.109903
551.784,1,233.5,0.109868
552.65,1,233,0.109834
553.516,1,232.5,0.1098
554.382,1,232,0.109771
555.248,1,231.5,0.109743
556.114,1,231,0.109716
556.98,1,230.5,0.10969
557.846,1,230,0.109664
558.712,1,229.5,0.109639
559.578,1,229,0.109614
560.444,1,228.5,0.10959
561.31,1,228,0.109567
562.176,1,227.5,0.109544
563.042,1,227,0.109521
563.908,1,226.5,0.109501
564.774,1,226,0.109482
565.64,1,225.5,0.109463
566.506,1,225,0.109444
567.372,1,224.5,0.109427
568.238,1,224,0.109409
569.104,1,223.5,0.109392
569.97,1,223,0.109376
570.836,1,222.5,0.10936
571.703,1,222,0.109344
572.569,1,221.5,0.109329
573.435,1,221,0.109316
574.301,1,220.5,0.109304
575.167,1,220,0.109292
576.033,1,219.5,0.10928
576.899,1,219,0.109268
577.765,1,218.5,0.109258
578.631,1,218,0.109248
579.497,1,217.5,0.109238
580.363,1,217,0.109228
581.229,1,216.5,0.109219
582.095,1,216,0.109209
582.961,1,215.5,0.109202
583.827,1,215,0.109194
584.693,1,214.5,0.109187
585.559,1,214,0.10918
586.425,1,213.5,0.109174
587.291,1,213,0.109167
588.157,1,212.5,0.109161
589.023,1,212,0.109156
589.889,1,211.5,0.109151
590.755,1,211,0.109146
591.621,1,210.5,0.109141
592.487,1,210,0.109138
593.353,1,209.5,0.109135
594.219,1,209,0.109132
595.085,1,208.5,0.109129
595.951,1,208,0.109127
596.817,1,207.5,0.109125
597.683,1,207,0.109122
598.549,1,206.5,0.10912
599.415,1,206,0.109119
600.281,1,205.5,0.109117
601.147,1,205,0.109116
602.013,1,204.5,0.109115
602.879,1,204,0.109113
603.745,1,203.5,0.109112
604.611,1,203,0.109112
605.477,1,202.5,0.109112
606.344,1,202,0.109111
607.21,1,201.5,0.109111
608.076,1,201,0.109111
608.942,1,200.5,0.109112
609.808,1,200,0.109112
