x,y,z,b
90.1924,1,500,0.107191
91.0584,1,499.5,0.107165
91.9244,1,499,0.10714
92.7905,1,498.5,0.107114
93.6565,1,498,0.107088
94.5225,1,497.5,0.107062
95.3885,1,497,0.107035
96.2546,1,496.5,0.107005
97.1206,1,496,0.106973
97.9866,1,495.5,0.10694
98.8526,1,495,0.106906
99.7187,1,494.5,0.106873
100.585,1,494,0.106839
101.451,1,493.5,0.106803
102.317,1,493,0.106762
103.183,1,492.5,0.106721
104.049,1,492,0.10668
104.915,1,491.5,0.106638
105.781,1,491,0.106596
106.647,1,490.5,0.106553
107.513,1,490,0.106505
108.379,1,489.5,0.106457
109.245,1,489,0.106408
110.111,1,488.5,0.106359
110.977,1,488,0.106309
111.843,1,487.5,0.106259
112.709,1,487,0.106205
113.575,1,486.5,0.106149
114.441,1,486,0.106093
115.307,1,485.5,0.106036
116.173,1,485,0.105979
117.039,1,484.5,0.105921
117.905,1,484,0.105861
118.771,1,483.5,0.105797
119.637,1,483,0.105733
120.503,1,482.5,0.105668
121.369,1,482,0.105603
122.235,1,481.5,0.105537
123.101,1,481,0.105471
123.967,1,480.5,0.105398
124.833,1,480,0.105326
125.699,1,479.5,0.105252
126.565,1,479,0.105178
127.431,1,478.5,0.105104
128.297,1,478,0.105028
129.164,1,477.5,0.104948
130.03,1,477,0.104867
130.896,1,476.5,0.104784
131.762,1,476,0.104701
132.628,1,475.5,0.104616
133.494,1,475,0.104532
134.36,1,474.5,0.104443
135.226,1,474,0.104351
136.092,1,473.5,0.104257
136.958,1,473,0.104162
137.824,1,472.5,0.104067
138.69,1,472,0.103971
139.556,1,471.5,0.103873
140.422,1,471,0.103768
141.288,1,470.5,0.103662
142.154,1,470,0.103555
143.02,1,469.5,0.103448
143.886,1,469,0.10334
144.752,1,468.5,0.10323
145.618,1,468,0.103114
146.484,1,467.5,0.102995
147.35,1,467,0.102875
148.216,1,466.5,0.102753
149.082,1,466,0.102631
149.948,1,465.5,0.102508
150.814,1,465,0.10238
151.68,1,464.5,0.102248
152.546,1,464,0.102114
153.412,1,463.5,0.101979
154.278,1,463,0.101843
155.144,1,462.5,0.101706
156.01,1,462,0.101567
156.876,1,461.5,0.10142
157.742,1,461,0.101272
158.608,1,460.5,0.101123
159.474,1,460,0.100972
160.34,1,459.5,0.10082
161.206,1,459,0.100667
162.072,1,458.5,0.100509
162.939,1,458,0.100349
163.805,1,457.5,0.100187
164.671,1,457,0.100024
165.537,1,456.5,0.0998601
166.403,1,456,0.0996943
167.269,1,455.5,0.0995264
168.135,1,455,0.0993567
169.001,1,454.5,0.0991858
169.867,1,454,0.0990136
170.733,1,453.5,0.0988403
171.599,1,453,0.0986658
172.465,1,452.5,0.0984916
173.331,1,452,0.0983218
174.197,1,451.5,0.098151
175.063,1,451,0.0979792
175.929,1,450.5,0.0978067
176.795,1,450,0.0976334
177.661,1,449.5,0.0974592
178.527,1,449,0.0972983
179.393,1,448.5,0.0971388
180.259,1,448,0.0969794
181.125,1,447.5,0.0968202
181.991,1,447,0.0966612
182.857,1,446.5,0.0965023
183.723,1,446,0.0963699
184.589,1,445.5,0.0962588
185.455,1,445,0.0961536
186.321,1,444.5,0.0960519
187.187,1,444,0.0959537
188.053,1,443.5,0.095859
188.919,1,443,0.0957871
189.785,1,442.5,0.0957688
190.651,1,442,0.0957567
191.517,1,441.5,0.0957507
192.383,1,441,0.0957508
193.249,1,440.5,0.0957571
194.115,1,440,0.0957798
194.981,1,439.5,0.0959265
195.847,1,439,0.0960917
196.714,1,438.5,0.0962722
197.58,1,438,0.0964681
198.446,1,437.5,0.0966794
199.312,1,437,0.096906
200.178,1,436.5,0.0972477
201.044,1,436,0.0976633
201.91,1,435.5,0.0981018
202.776,1,435,0.0985632
203.642,1,434.5,0.0990934
204.508,1,434,0.0996961
205.374,1,433.5,0.100396
206.24,1,433,0.101259
207.106,1,432.5,0.102167
207.972,1,432,0.103121
208.838,1,431.5,0.104121
209.704,1,431,0.105166
210.57,1,430.5,0.106262
211.436,1,430,0.10759
212.302,1,429.5,0.108971
213.168,1,429,0.11054
214.034,1,428.5,0.112275
214.9,1,428,0.114088
215.766,1,427.5,0.115979
216.632,1,427,0.118048
217.498,1,426.5,0.120239
218.364,1,426,0.122514
219.23,1,425.5,0.124871
220.096,1,425,0.127311
220.962,1,424.5,0.129834
221.828,1,424,0.132376
222.694,1,423.5,0.135096
223.56,1,423,0.13796
224.426,1,422.5,0.140852
225.292,1,422,0.143771
226.158,1,421.5,0.146718
227.024,1,421,0.149649
227.89,1,420.5,0.152077
228.756,1,420,0.154473
229.622,1,419.5,0.156835
230.488,1,419,0.159165
231.355,1,418.5,0.161463
232.221,1,418,0.163597
233.087,1,417.5,0.165352
233.953,1,417,0.167003
234.819,1,416.5,0.168639
235.685,1,416,0.170261
236.551,1,415.5,0.171866
237.417,1,415,0.173457
238.283,1,414.5,0.174939
239.149,1,414,0.176285
240.015,1,413.5,0.177605
240.881,1,413,0.178898
241.747,1,412.5,0.180362
242.613,1,412,0.181812
243.479,1,411.5,0.183168
244.345,1,411,0.184309
245.211,1,410.5,0.185322
246.077,1,410,0.186207
246.943,1,409.5,0.186964
247.809,1,409,0.187593
248.675,1,408.5,0.188094
249.541,1,408,0.188739
250.407,1,407.5,0.189366
251.273,1,407,0.189987
252.139,1,406.5,0.190509
253.005,1,406,0.190919
253.871,1,405.5,0.191214
254.737,1,405,0.191602
255.603,1,404.5,0.192118
256.469,1,404,0.192577
257.335,1,403.5,0.192979
258.201,1,403,0.193323
259.067,1,402.5,0.193609
259.933,1,402,0.19389
260.799,1,401.5,0.194427
261.665,1,401,0.194879
262.531,1,400.5,0.195232
263.397,1,400,0.195488
264.263,1,399.5,0.195646
265.13,1,399,0.195706
265.996,1,398.5,0.1962
266.862,1,398,0.196761
267.728,1,397.5,0.197322
268.594,1,397,0.197881
269.46,1,396.5,0.198441
270.326,1,396,0.199372
271.192,1,395.5,0.200639
272.058,1,395,0.202172
272.924,1,394.5,0.203735
273.79,1,394,0.20533
274.656,1,393.5,0.206955
275.522,1,393,0.208611
276.388,1,392.5,0.210274
277.254,1,392,0.211911
278.12,1,391.5,0.213607
278.986,1,391,0.21536
279.852,1,390.5,0.217026
280.718,1,390,0.218705
281.584,1,389.5,0.220397
282.45,1,389,0.222031
283.316,1,388.5,0.223692
284.182,1,388,0.225385
285.048,1,387.5,0.227111
285.914,1,387,0.228869
286.78,1,386.5,0.230659
287.646,1,386,0.232612
288.512,1,385.5,0.23476
289.378,1,385,0.237698
290.244,1,384.5,0.24096
291.11,1,384,0.244546
291.976,1,383.5,0.248456
292.842,1,383,0.252625
293.708,1,382.5,0.256795
294.574,1,382,0.261022
295.44,1,381.5,0.265307
296.306,1,381,0.26965
297.172,1,380.5,0.27405
298.038,1,380,0.278362
298.905,1,379.5,0.269537
299.771,1,379,0.260488
300.637,1,378.5,0.251338
301.503,1,378,0.242085
302.369,1,377.5,0.232729
303.235,1,377,0.223271
304.101,1,376.5,0.217306
304.967,1,376,0.212645
305.833,1,375.5,0.2075
306.699,1,375,0.201869
307.565,1,374.5,0.196014
308.431,1,374,0.190224
309.297,1,373.5,0.187087
310.163,1,373,0.189959
311.029,1,372.5,0.192393
311.895,1,372,0.194388
312.761,1,371.5,0.195944
313.627,1,371,0.197061
314.493,1,370.5,0.197988
315.359,1,370,0.203995
316.225,1,369.5,0.210277
317.091,1,369,0.21669
317.957,1,368.5,0.222882
318.823,1,368,0.229156
319.689,1,367.5,0.235513
320.555,1,367,0.239871
321.421,1,366.5,0.243725
322.287,1,366,0.247867
323.153,1,365.5,0.252297
324.019,1,365,0.257016
324.885,1,364.5,0.262024
325.751,1,364,0.265659
326.617,1,363.5,0.26694
327.483,1,363,0.268058
328.349,1,362.5,0.269375
329.215,1,362,0.27089
330.081,1,361.5,0.272604
330.947,1,361,0.274265
331.813,1,360.5,0.273838
332.679,1,360,0.273471
333.546,1,359.5,0.273163
334.412,1,359,0.272914
335.278,1,358.5,0.272725
336.144,1,358,0.272574
337.01,1,357.5,0.270102
337.876,1,357,0.267144
338.742,1,356.5,0.264352
339.608,1,356,0.261726
340.474,1,355.5,0.259265
341.34,1,355,0.256971
342.206,1,354.5,0.255177
343.072,1,354,0.253983
343.938,1,353.5,0.253035
344.804,1,353,0.252334
345.67,1,352.5,0.25134
346.536,1,352,0.249716
347.402,1,351.5,0.250868
348.268,1,351,0.267276
349.134,1,350.5,0.283396
350,1,350,0.299229
350.866,1,349.5,0.314775
351.732,1,349,0.330034
352.598,1,348.5,0.345005
353.464,1,348,0.334919
354.33,1,347.5,0.322618
355.196,1,347,0.311643
356.062,1,346.5,0.301633
356.928,1,346,0.29359
357.794,1,345.5,0.287515
358.66,1,345,0.28463
359.526,1,344.5,0.283895
360.392,1,344,0.283933
361.258,1,343.5,0.284746
362.124,1,343,0.286332
362.99,1,342.5,0.288692
363.856,1,342,0.290808
364.722,1,341.5,0.287501
365.588,1,341,0.283404
366.454,1,340.5,0.280273
367.321,1,340,0.278111
368.187,1,339.5,0.276916
369.053,1,339,0.276688
369.919,1,338.5,0.271249
370.785,1,338,0.266182
371.651,1,337.5,0.262193
372.517,1,337,0.259282
373.383,1,336.5,0.257447
374.249,1,336,0.25407
375.115,1,335.5,0.245386
375.981,1,335,0.233215
376.847,1,334.5,0.220783
377.713,1,334,0.20809
378.579,1,333.5,0.195137
379.445,1,333,0.181924
380.311,1,332.5,0.17174
381.177,1,332,0.16965
382.043,1,331.5,0.166363
382.909,1,331,0.161879
383.775,1,330.5,0.155894
384.641,1,330,0.149029
385.507,1,329.5,0.141475
386.373,1,329,0.142014
387.239,1,328.5,0.143004
388.105,1,328,0.144039
388.971,1,327.5,0.145118
389.837,1,327,0.146242
390.703,1,326.5,0.14741
391.569,1,326,0.147079
392.435,1,325.5,0.145943
393.301,1,325,0.144783
394.167,1,324.5,0.143626
395.033,1,324,0.142492
395.899,1,323.5,0.141381
396.765,1,323,0.14004
397.631,1,322.5,0.138194
398.497,1,322,0.136371
399.363,1,321.5,0.134572
400.229,1,321,0.132796
401.095,1,320.5,0.131043
401.962,1,320,0.129318
402.828,1,319.5,0.127935
403.694,1,319,0.126546
404.56,1,318.5,0.125166
405.426,1,318,0.123795
406.292,1,317.5,0.122433
407.158,1,317,0.121081
408.024,1,316.5,0.12025
408.89,1,316,0.119641
409.756,1,315.5,0.119028
410.622,1,315,0.118411
411.488,1,314.5,0.117791
412.354,1,314,0.117149
413.22,1,313.5,0.116679
414.086,1,313,0.116485
414.952,1,312.5,0.116288
415.818,1,312,0.116089
416.684,1,311.5,0.115888
417.55,1,311,0.115685
418.416,1,310.5,0.115492
419.282,1,310,0.115458
420.148,1,309.5,0.115419
421.014,1,309,0.115375
421.88,1,308.5,0.115339
422.746,1,308,0.115301
423.612,1,307.5,0.115261
424.478,1,307,0.115301
425.344,1,306.5,0.115364
426.21,1,306,0.115421
427.076,1,305.5,0.115473
427.942,1,305,0.115521
428.808,1,304.5,0.115563
429.674,1,304,0.115627
430.54,1,303.5,0.115719
431.406,1,303,0.115823
432.272,1,302.5,0.11592
433.138,1,302,0.11601
434.004,1,301.5,0.116094
434.87,1,301,0.116175
435.737,1,300.5,0.116281
436.603,1,300,0.116379
437.469,1,299.5,0.116472
438.335,1,299,0.116558
439.201,1,298.5,0.116638
440.067,1,298,0.116713
440.933,1,297.5,0.116815
441.799,1,297,0.116916
442.665,1,296.5,0.117012
443.531,1,296,0.117103
444.397,1,295.5,0.117188
445.263,1,295,0.117268
446.129,1,294.5,0.117346
446.995,1,294,0.117422
447.861,1,293.5,0.117495
448.727,1,293,0.117565
449.593,1,292.5,0.117634
450.459,1,292,0.117707
451.325,1,291.5,0.117774
452.191,1,291,0.117832
453.057,1,290.5,0.117887
453.923,1,290,0.117939
454.789,1,289.5,0.117988
455.655,1,289,0.118035
456.521,1,288.5,0.118079
457.387,1,288,0.11811
458.253,1,287.5,0.118138
459.119,1,287,0.118165
459.985,1,286.5,0.118194
460.851,1,286,0.118221
461.717,1,285.5,0.118244
462.583,1,285,0.118256
463.449,1,284.5,0.118259
464.315,1,284,0.11826
465.181,1,283.5,0.11826
466.047,1,283,0.118258
466.913,1,282.5,0.118254
467.779,1,282,0.118245
468.645,1,281.5,0.118222
469.512,1,281,0.118203
470.378,1,280.5,0.118182
471.244,1,280,0.118159
472.11,1,279.5,0.118134
472.976,1,279,0.118107
473.842,1,278.5,0.118064
474.708,1,278,0.118017
475.574,1,277.5,0.117969
476.44,1,277,0.117919
477.306,1,276.5,0.117868
478.172,1,276,0.117818
479.038,1,275.5,0.117764
479.904,1,275,0.117704
480.77,1,274.5,0.117643
481.636,1,274,0.117579
482.502,1,273.5,0.117514
483.368,1,273,0.117447
484.234,1,272.5,0.117375
485.1,1,272,0.117295
485.966,1,271.5,0.117213
486.832,1,271,0.11713
487.698,1,270.5,0.11705
488.564,1,270,0.116976
489.43,1,269.5,0.1169
490.296,1,269,0.11681
491.162,1,268.5,0.116719
492.028,1,268,0.116627
492.894,1,267.5,0.116535
493.76,1,267,0.11644
494.626,1,266.5,0.116345
495.492,1,266,0.11624
496.358,1,265.5,0.116128
497.224,1,265,0.116023
498.09,1,264.5,0.115925
498.956,1,264,0.115827
499.822,1,263.5,0.115728
500.688,1,263,0.115626
501.554,1,262.5,0.115515
502.42,1,262,0.115405
503.286,1,261.5,0.115294
504.153,1,261,0.115184
505.019,1,260.5,0.115074
505.885,1,260,0.114964
506.751,1,259.5,0.11485
507.617,1,259,0.114741
508.483,1,258.5,0.114632
509.349,1,258,0.114524
510.215,1,257.5,0.114416
511.081,1,257,0.114309
511.947,1,256.5,0.114196
512.813,1,256,0.114081
513.679,1,255.5,0.113966
514.545,1,255,0.113852
515.411,1,254.5,0.11374
516.277,1,254,0.113636
517.143,1,253.5,0.113536
518.009,1,253,0.113434
518.875,1,252.5,0.113333
519.741,1,252,0.113233
520.607,1,251.5,0.113134
521.473,1,251,0.113036
522.339,1,250.5,0.112939
523.205,1,250,0.112838
524.071,1,249.5,0.112739
524.937,1,249,0.112641
525.803,1,248.5,0.112554
526.669,1,248,0.112473
527.535,1,247.5,0.112393
528.401,1,247,0.112313
529.267,1,246.5,0.112233
530.133,1,246,0.112154
530.999,1,245.5,0.112077
531.865,1,245,0.112001
532.731,1,244.5,0.111927
533.597,1,244,0.111853
534.463,1,243.5,0.11178
535.329,1,243,0.111714
536.195,1,242.5,0.111651
537.061,1,242,0.111589
537.928,1,241.5,0.111528
538.794,1,241,0.111469
539.66,1,240.5,0.11141
540.526,1,240,0.111352
541.392,1,239.5,0.111295
542.258,1,239,0.11124
543.124,1,238.5,0.111185
543.99,1,238,0.111131
544.856,1,237.5,0.111082
545.722,1,237,0.111034
546.588,1,236.5,0.110988
547.454,1,236,0.110942
548.32,1,235.5,0.110897
549.186,1,235,0.110853
550.052,1,234.5,0.11081
550.918,1,234,0.110767
551.784,1,233.5,0.110725
552.65,1,233,0.110685
553.516,1,232.5,0.110645
554.382,1,232,0.110607
555.248,1,231.5,0.110571
556.114,1,231,0.110535
556.98,1,230.5,0.110499
557.846,1,230,0.110464
558.712,1,229.5,0.11043
559.578,1,229,0.110396
560.444,1,228.5,0.110362
561.31,1,228,0.110329
562.176,1,227.5,0.110297
563.042,1,227,0.110265
563.908,1,226.5,0.110237
564.774,1,226,0.110209
565.64,1,225.5,0.110182
566.506,1,225,0.110156
567.372,1,224.5,0.110131
568.238,1,224,0.110106
569.104,1,223.5,0.110082
569.97,1,223,0.110058
570.836,1,222.5,0.110035
571.703,1,222,0.110012
572.569,1,221.5,0.109991
573.435,1,221,0.109971
574.301,1,220.5,0.109951
575.167,1,220,0.109932
576.033,1,219.5,0.109913
576.899,1,219,0.109895
577.765,1,218.5,0.109876
578.631,1,218,0.109859
579.497,1,217.5,0.109841
580.363,1,217,0.109824
581.229,1,216.5,0.109807
582.095,1,216,0.109791
582.961,1,215.5,0.109776
583.827,1,215,0.109762
584.693,1,214.5,0.109749
585.559,1,214,0.109735
586.425,1,213.5,0.109722
587.291,1,213,0.109709
588.157,1,212.5,0.109696
589.023,1,212,0.109683
589.889,1,211.5,0.10967
590.755,1,211,0.109658
591.621,1,210.5,0.109646
592.487,1,210,0.109636
593.353,1,209.5,0.109625
594.219,1,209,0.109615
595.085,1,208.5,0.109606
595.951,1,208,0.109596
596.817,1,207.5,0.109587
597.683,1,207,0.109577
598.549,1,206.5,0.109568
599.415,1,206,0.109559
600.281,1,205.5,0.10955
601.147,1,205,0.109542
602.013,1,204.5,0.109533
602.879,1,204,0.109525
603.745,1,203.5,0.109517
604.611,1,203,0.109509
605.477,1,202.5,0.109501
606.344,1,202,0.109493
607.21,1,201.5,0.109486
608.076,1,201,0.109479
608.942,1,200.5,0.109471
609.808,1,200,0.109464
