x,y,z,b
90.1924,1,500,0.109126
91.0584,1,499.5,0.109126
91.9244,1,499,0.109126
92.7905,1,498.5,0.109126
93.6565,1,498,0.109126
94.5225,1,497.5,0.109126
95.3885,1,497,0.109127
96.2546,1,496.5,0.109127
97.1206,1,496,0.109127
97.9866,1,495.5,0.109127
98.8526,1,495,0.109127
99.7187,1,494.5,0.109127
100.585,1,494,0.109127
101.451,1,493.5,0.109127
102.317,1,493,0.109127
103.183,1,492.5,0.109128
104.049,1,492,0.109128
104.915,1,491.5,0.109128
105.781,1,491,0.109128
106.647,1,490.5,0.109128
107.513,1,490,0.109128
108.379,1,489.5,0.109128
109.245,1,489,0.109128
110.111,1,488.5,0.109129
110.977,1,488,0.109129
111.843,1,487.5,0.109129
112.709,1,487,0.109129
113.575,1,486.5,0.109129
114.441,1,486,0.109129
115.307,1,485.5,0.109129
116.173,1,485,0.109129
117.039,1,484.5,0.10913
117.905,1,484,0.10913
118.771,1,483.5,0.10913
119.637,1,483,0.10913
120.503,1,482.5,0.10913
121.369,1,482,0.10913
122.235,1,481.5,0.10913
123.101,1,481,0.109131
123.967,1,480.5,0.109131
124.833,1,480,0.109131
125.699,1,479.5,0.109131
126.565,1,479,0.109131
127.431,1,478.5,0.109131
128.297,1,478,0.109132
129.164,1,477.5,0.109132
130.03,1,477,0.109132
130.896,1,476.5,0.109132
131.762,1,476,0.109132
132.628,1,475.5,0.109133
133.494,1,475,0.109133
134.36,1,474.5,0.109133
135.226,1,474,0.109133
136.092,1,473.5,0.109133
136.958,1,473,0.109134
137.824,1,472.5,0.109134
138.69,1,472,0.109134
139.556,1,471.5,0.109134
140.422,1,471,0.109134
141.288,1,470.5,0.109135
142.154,1,470,0.109135
143.02,1,469.5,0.109135
143.886,1,469,0.109135
144.752,1,468.5,0.109135
145.618,1,468,0.109136
146.484,1,467.5,0.109136
147.35,1,467,0.109136
148.216,1,466.5,0.109136
149.082,1,466,0.109137
149.948,1,465.5,0.109137
150.814,1,465,0.109137
151.68,1,464.5,0.109137
152.546,1,464,0.109138
153.412,1,463.5,0.109138
154.278,1,463,0.109138
155.144,1,462.5,0.109139
156.01,1,462,0.109139
156.876,1,461.5,0.109139
157.742,1,461,0.109139
158.608,1,460.5,0.10914
159.474,1,460,0.10914
160.34,1,459.5,0.10914
161.206,1,459,0.109141
162.072,1,458.5,0.109141
162.939,1,458,0.109141
163.805,1,457.5,0.109142
164.671,1,457,0.109142
165.537,1,456.5,0.109142
166.403,1,456,0.109143
167.269,1,455.5,0.109143
168.135,1,455,0.109143
169.001,1,454.5,0.109144
169.867,1,454,0.109144
170.733,1,453.5,0.109145
171.599,1,453,0.109145
172.465,1,452.5,0.109145
173.331,1,452,0.109146
174.197,1,451.5,0.109146
175.063,1,451,0.109147
175.929,1,450.5,0.109147
176.795,1,450,0.109147
177.661,1,449.5,0.109148
178.527,1,449,0.109148
179.393,1,448.5,0.109149
180.259,1,448,0.109149
181.125,1,447.5,0.10915
181.991,1,447,0.10915
182.857,1,446.5,0.109151
183.723,1,446,0.109151
184.589,1,445.5,0.109152
185.455,1,445,0.109152
186.321,1,444.5,0.109153
187.187,1,444,0.109153
188.053,1,443.5,0.109154
188.919,1,443,0.109155
189.785,1,442.5,0.109155
190.651,1,442,0.109156
191.517,1,441.5,0.109157
192.383,1,441,0.109157
193.249,1,440.5,0.109158
194.115,1,440,0.109159
194.981,1,439.5,0.109159
195.847,1,439,0.10916
196.714,1,438.5,0.109161
197.58,1,438,0.109162
198.446,1,437.5,0.109162
199.312,1,437,0.109163
200.178,1,436.5,0.109164
201.044,1,436,0.109165
201.91,1,435.5,0.109166
202.776,1,435,0.109167
203.642,1,434.5,0.109167
204.508,1,434,0.109168
205.374,1,433.5,0.109169
206.24,1,433,0.10917
207.106,1,432.5,0.109171
207.972,1,432,0.109172
208.838,1,431.5,0.109173
209.704,1,431,0.109175
210.57,1,430.5,0.109176
211.436,1,430,0.109177
212.302,1,429.5,0.109178
213.168,1,429,0.109179
214.034,1,428.5,0.109181
214.9,1,428,0.109182
215.766,1,427.5,0.109183
216.632,1,427,0.109184
217.498,1,426.5,0.109186
218.364,1,426,0.109187
219.23,1,425.5,0.109189
220.096,1,425,0.10919
220.962,1,424.5,0.109191
221.828,1,424,0.109193
222.694,1,423.5,0.109195
223.56,1,423,0.109196
224.426,1,422.5,0.109198
225.292,1,422,0.1092
226.158,1,421.5,0.109202
227.024,1,421,0.109204
227.89,1,420.5,0.109206
228.756,1,420,0.109208
229.622,1,419.5,0.10921
230.488,1,419,0.109212
231.355,1,418.5,0.109214
232.221,1,418,0.109216
233.087,1,417.5,0.109218
233.953,1,417,0.109221
234.819,1,416.5,0.109223
235.685,1,416,0.109226
236.551,1,415.5,0.109228
237.417,1,415,0.109231
238.283,1,414.5,0.109233
239.149,1,414,0.109236
240.015,1,413.5,0.109239
240.881,1,413,0.109242
241.747,1,412.5,0.109245
242.613,1,412,0.109248
243.479,1,411.5,0.109251
244.345,1,411,0.109255
245.211,1,410.5,0.109258
246.077,1,410,0.109262
246.943,1,409.5,0.109266
247.809,1,409,0.10927
248.675,1,408.5,0.109274
249.541,1,408,0.109278
250.407,1,407.5,0.109283
251.273,1,407,0.109287
252.139,1,406.5,0.109291
253.005,1,406,0.109296
253.871,1,405.5,0.1093
254.737,1,405,0.109305
255.603,1,404.5,0.109309
256.469,1,404,0.109314
257.335,1,403.5,0.109319
258.201,1,403,0.109324
259.067,1,402.5,0.109329
259.933,1,402,0.109334
260.799,1,401.5,0.109341
261.665,1,401,0.109348
262.531,1,400.5,0.109356
263.397,1,400,0.109363
264.263,1,399.5,0.109371
265.13,1,399,0.10938
265.996,1,398.5,0.109388
266.862,1,398,0.109396
267.728,1,397.5,0.109404
268.594,1,397,0.109413
269.46,1,396.5,0.109422
270.326,1,396,0.109429
271.192,1,395.5,0.109438
272.058,1,395,0.109448
272.924,1,394.5,0.109457
273.79,1,394,0.109467
274.656,1,393.5,0.109477
275.522,1,393,0.109487
276.388,1,392.5,0.109497
277.254,1,392,0.109505
278.12,1,391.5,0.109514
278.986,1,391,0.109522
279.852,1,390.5,0.109535
280.718,1,390,0.109548
281.584,1,389.5,0.109562
282.45,1,389,0.10958
283.316,1,388.5,0.109599
284.182,1,388,0.109619
285.048,1,387.5,0.10964
285.914,1,387,0.109661
286.78,1,386.5,0.109684
287.646,1,386,0.109702
288.512,1,385.5,0.109716
289.378,1,385,0.109724
290.244,1,384.5,0.109731
291.11,1,384,0.109738
291.976,1,383.5,0.109746
292.842,1,383,0.109756
293.708,1,382.5,0.109771
294.574,1,382,0.109786
295.44,1,381.5,0.109801
296.306,1,381,0.109815
297.172,1,380.5,0.10983
298.038,1,380,0.109846
298.905,1,379.5,0.109855
299.771,1,379,0.109863
300.637,1,378.5,0.10987
301.503,1,378,0.109876
302.369,1,377.5,0.109882
303.235,1,377,0.109887
304.101,1,376.5,0.109898
304.967,1,376,0.109911
305.833,1,375.5,0.109924
306.699,1,375,0.109936
307.565,1,374.5,0.109943
308.431,1,374,0.109934
309.297,1,373.5,0.109915
310.163,1,373,0.109882
311.029,1,372.5,0.109849
311.895,1,372,0.109816
312.761,1,371.5,0.109782
313.627,1,371,0.109749
314.493,1,370.5,0.109712
315.359,1,370,0.109592
316.225,1,369.5,0.109465
317.091,1,369,0.109325
317.957,1,368.5,0.109157
318.823,1,368,0.108967
319.689,1,367.5,0.108756
320.555,1,367,0.108655
321.421,1,366.5,0.108607
322.287,1,366,0.108567
323.153,1,365.5,0.108536
324.019,1,365,0.108512
324.885,1,364.5,0.108497
325.751,1,364,0.108121
326.617,1,363.5,0.107169
327.483,1,363,0.106087
328.349,1,362.5,0.104875
329.215,1,362,0.103533
330.081,1,361.5,0.10206
330.947,1,361,0.100759
331.813,1,360.5,0.102181
332.679,1,360,0.103814
333.546,1,359.5,0.105658
334.412,1,359,0.107712
335.278,1,358.5,0.109978
336.144,1,358,0.111946
337.01,1,357.5,0.105136
337.876,1,357,0.095745
338.742,1,356.5,0.0858981
339.608,1,356,0.0755959
340.474,1,355.5,0.0648382
341.34,1,355,0.0536252
342.206,1,354.5,0.0503757
343.072,1,354,0.0559483
343.938,1,353.5,0.0608825
344.804,1,353,0.0651783
345.67,1,352.5,0.0676854
346.536,1,352,0.0652026
347.402,1,351.5,0.0621911
348.268,1,351,0.078466
349.134,1,350.5,0.0921418
350,1,350,0.103219
350.866,1,349.5,0.111696
351.732,1,349,0.117575
352.598,1,348.5,0.120855
353.464,1,348,0.109419
354.33,1,347.5,0.0982091
355.196,1,347,0.0964
356.062,1,346.5,0.100505
356.928,1,346,0.103973
357.794,1,345.5,0.106805
358.66,1,345,0.107968
359.526,1,344.5,0.108587
360.392,1,344,0.109902
361.258,1,343.5,0.111912
362.124,1,343,0.114618
362.99,1,342.5,0.118019
363.856,1,342,0.121024
364.722,1,341.5,0.12134
365.588,1,341,0.122284
366.454,1,340.5,0.123054
367.321,1,340,0.123648
368.187,1,339.5,0.124067
369.053,1,339,0.124311
369.919,1,338.5,0.124857
370.785,1,338,0.125354
371.651,1,337.5,0.125753
372.517,1,337,0.126053
373.383,1,336.5,0.126253
374.249,1,336,0.126294
375.115,1,335.5,0.125945
375.981,1,335,0.125343
376.847,1,334.5,0.124731
377.713,1,334,0.124109
378.579,1,333.5,0.123477
379.445,1,333,0.122835
380.311,1,332.5,0.122184
381.177,1,332,0.121503
382.043,1,331.5,0.120774
382.909,1,331,0.119999
383.775,1,330.5,0.119359
384.641,1,330,0.118785
385.507,1,329.5,0.118212
386.373,1,329,0.117563
387.239,1,328.5,0.116917
388.105,1,328,0.116276
388.971,1,327.5,0.115641
389.837,1,327,0.115012
390.703,1,326.5,0.114389
391.569,1,326,0.113756
392.435,1,325.5,0.113123
393.301,1,325,0.112667
394.167,1,324.5,0.112275
395.033,1,324,0.111898
395.899,1,323.5,0.111537
396.765,1,323,0.111206
397.631,1,322.5,0.110921
398.497,1,322,0.110652
399.363,1,321.5,0.110399
400.229,1,321,0.110162
401.095,1,320.5,0.109941
401.962,1,320,0.109736
402.828,1,319.5,0.109604
403.694,1,319,0.109487
404.56,1,318.5,0.109376
405.426,1,318,0.109271
406.292,1,317.5,0.109172
407.158,1,317,0.109079
408.024,1,316.5,0.109018
408.89,1,316,0.108972
409.756,1,315.5,0.108929
410.622,1,315,0.10889
411.488,1,314.5,0.108856
412.354,1,314,0.10883
413.22,1,313.5,0.108811
414.086,1,313,0.108801
414.952,1,312.5,0.108792
415.818,1,312,0.108784
416.684,1,311.5,0.108776
417.55,1,311,0.10877
418.416,1,310.5,0.108765
419.282,1,310,0.10877
420.148,1,309.5,0.108776
421.014,1,309,0.108782
421.88,1,308.5,0.108784
422.746,1,308,0.108786
423.612,1,307.5,0.108789
424.478,1,307,0.108794
425.344,1,306.5,0.1088
426.21,1,306,0.108806
427.076,1,305.5,0.108813
427.942,1,305,0.108819
428.808,1,304.5,0.108826
429.674,1,304,0.108834
430.54,1,303.5,0.108843
431.406,1,303,0.108851
432.272,1,302.5,0.108859
433.138,1,302,0.108866
434.004,1,301.5,0.108874
434.87,1,301,0.108881
435.737,1,300.5,0.10889
436.603,1,300,0.108899
437.469,1,299.5,0.108907
438.335,1,299,0.108915
439.201,1,298.5,0.108922
440.067,1,298,0.108929
440.933,1,297.5,0.108935
441.799,1,297,0.10894
442.665,1,296.5,0.108946
443.531,1,296,0.108951
444.397,1,295.5,0.108957
445.263,1,295,0.108962
446.129,1,294.5,0.108967
446.995,1,294,0.108972
447.861,1,293.5,0.108977
448.727,1,293,0.108982
449.593,1,292.5,0.108987
450.459,1,292,0.108991
451.325,1,291.5,0.108996
452.191,1,291,0.109
453.057,1,290.5,0.109004
453.923,1,290,0.109008
454.789,1,289.5,0.109012
455.655,1,289,0.109016
456.521,1,288.5,0.10902
457.387,1,288,0.109024
458.253,1,287.5,0.109027
459.119,1,287,0.109031
459.985,1,286.5,0.109033
460.851,1,286,0.109036
461.717,1,285.5,0.109038
462.583,1,285,0.109041
463.449,1,284.5,0.109043
464.315,1,284,0.109046
465.181,1,283.5,0.109048
466.047,1,283,0.109051
466.913,1,282.5,0.109053
467.779,1,282,0.109055
468.645,1,281.5,0.109057
469.512,1,281,0.109059
470.378,1,280.5,0.109061
471.244,1,280,0.109063
472.11,1,279.5,0.109065
472.976,1,279,0.109067
473.842,1,278.5,0.109068
474.708,1,278,0.10907
475.574,1,277.5,0.109072
476.44,1,277,0.109074
477.306,1,276.5,0.109075
478.172,1,276,0.109077
479.038,1,275.5,0.109078
479.904,1,275,0.109079
480.77,1,274.5,0.10908
481.636,1,274,0.109082
482.502,1,273.5,0.109083
483.368,1,273,0.109084
484.234,1,272.5,0.109085
485.1,1,272,0.109086
485.966,1,271.5,0.109087
486.832,1,271,0.109088
487.698,1,270.5,0.109089
488.564,1,270,0.10909
489.43,1,269.5,0.109091
490.296,1,269,0.109092
491.162,1,268.5,0.109093
492.028,1,268,0.109094
492.894,1,267.5,0.109094
493.76,1,267,0.109095
494.626,1,266.5,0.109096
495.492,1,266,0.109097
496.358,1,265.5,0.109098
497.224,1,265,0.109098
498.09,1,264.5,0.109099
498.956,1,264,0.1091
499.822,1,263.5,0.1091
500.688,1,263,0.109101
501.554,1,262.5,0.109101
502.42,1,262,0.109102
503.286,1,261.5,0.109102
504.153,1,261,0.109103
505.019,1,260.5,0.109103
505.885,1,260,0.109104
506.751,1,259.5,0.109104
507.617,1,259,0.109105
508.483,1,258.5,0.109105
509.349,1,258,0.109106
510.215,1,257.5,0.109106
511.081,1,257,0.109107
511.947,1,256.5,0.109107
512.813,1,256,0.109108
513.679,1,255.5,0.109108
514.545,1,255,0.109108
515.411,1,254.5,0.109109
516.277,1,254,0.109109
517.143,1,253.5,0.10911
518.009,1,253,0.10911
518.875,1,252.5,0.10911
519.741,1,252,0.10911
520.607,1,251.5,0.109111
521.473,1,251,0.109111
522.339,1,250.5,0.109111
523.205,1,250,0.109112
524.071,1,249.5,0.109112
524.937,1,249,0.109112
525.803,1,248.5,0.109112
526.669,1,248,0.109113
527.535,1,247.5,0.109113
528.401,1,247,0.109113
529.267,1,246.5,0.109113
530.133,1,246,0.109114
530.999,1,245.5,0.109114
531.865,1,245,0.109114
532.731,1,244.5,0.109114
533.597,1,244,0.109115
534.463,1,243.5,0.109115
535.329,1,243,0.109115
536.195,1,242.5,0.109115
537.061,1,242,0.109115
537.928,1,241.5,0.109116
538.794,1,241,0.109116
539.66,1,240.5,0.109116
540.526,1,240,0.109116
541.392,1,239.5,0.109116
542.258,1,239,0.109116
543.124,1,238.5,0.109116
543.99,1,238,0.109117
544.856,1,237.5,0.109117
545.722,1,237,0.109117
546.588,1,236.5,0.109117
547.454,1,236,0.109117
548.32,1,235.5,0.109117
549.186,1,235,0.109117
550.052,1,234.5,0.109118
550.918,1,234,0.109118
551.784,1,233.5,0.109118
552.65,1,233,0.109118
553.516,1,232.5,0.109118
554.382,1,232,0.109118
555.248,1,231.5,0.109118
556.114,1,231,0.109118
556.98,1,230.5,0.109118
557.846,1,230,0.109118
558.712,1,229.5,0.109119
559.578,1,229,0.109119
560.444,1,228.5,0.109119
561.31,1,228,0.109119
562.176,1,227.5,0.109119
563.042,1,227,0.109119
563.908,1,226.5,0.109119
564.774,1,226,0.109119
565.64,1,225.5,0.109119
566.506,1,225,0.109119
567.372,1,224.5,0.109119
568.238,1,224,0.109119
569.104,1,223.5,0.10912
569.97,1,223,0.10912
570.836,1,222.5,0.10912
571.703,1,222,0.10912
572.569,1,221.5,0.10912
573.435,1,221,0.10912
574.301,1,220.5,0.10912
575.167,1,220,0.10912
576.033,1,219.5,0.10912
576.899,1,219,0.10912
577.765,1,218.5,0.10912
578.631,1,218,0.10912
579.497,1,217.5,0.10912
580.363,1,217,0.10912
581.229,1,216.5,0.10912
582.095,1,216,0.10912
582.961,1,215.5,0.10912
583.827,1,215,0.10912
584.693,1,214.5,0.10912
585.559,1,214,0.10912
586.425,1,213.5,0.10912
587.291,1,213,0.10912
588.157,1,212.5,0.10912
589.023,1,212,0.10912
589.889,1,211.5,0.109121
590.755,1,211,0.109121
591.621,1,210.5,0.109121
592.487,1,210,0.109121
593.353,1,209.5,0.109121
594.219,1,209,0.109121
595.085,1,208.5,0.109121
595.951,1,208,0.109121
596.817,1,207.5,0.109121
597.683,1,207,0.109121
598.549,1,206.5,0.109121
599.415,1,206,0.109121
600.281,1,205.5,0.109121
601.147,1,205,0.109121
602.013,1,204.5,0.109121
602.879,1,204,0.109121
603.745,1,203.5,0.109121
604.611,1,203,0.109121
605.477,1,202.5,0.109121
606.344,1,202,0.109121
607.21,1,201.5,0.109121
608.076,1,201,0.109121
608.942,1,200.5,0.109121
609.808,1,200,0.109121
