x,y,z,b
90.1924,1,500,0.104394
91.0584,1,499.5,0.104404
91.9244,1,499,0.104414
92.7905,1,498.5,0.104424
93.6565,1,498,0.104435
94.5225,1,497.5,0.104446
95.3885,1,497,0.104458
96.2546,1,496.5,0.104462
97.1206,1,496,0.104463
97.9866,1,495.5,0.104464
98.8526,1,495,0.104465
99.7187,1,494.5,0.104467
100.585,1,494,0.10447
101.451,1,493.5,0.104471
102.317,1,493,0.104468
103.183,1,492.5,0.104466
104.049,1,492,0.104464
104.915,1,491.5,0.104462
105.781,1,491,0.104462
106.647,1,490.5,0.104462
107.513,1,490,0.104467
108.379,1,489.5,0.104473
109.245,1,489,0.10448
110.111,1,488.5,0.104487
110.977,1,488,0.104496
111.843,1,487.5,0.104506
112.709,1,487,0.104526
113.575,1,486.5,0.104552
114.441,1,486,0.104579
115.307,1,485.5,0.104607
116.173,1,485,0.104636
117.039,1,484.5,0.104666
117.905,1,484,0.104704
118.771,1,483.5,0.104757
119.637,1,483,0.104812
120.503,1,482.5,0.104867
121.369,1,482,0.104924
122.235,1,481.5,0.104982
123.101,1,481,0.105042
123.967,1,480.5,0.105124
124.833,1,480,0.105207
125.699,1,479.5,0.105292
126.565,1,479,0.105378
127.431,1,478.5,0.105465
128.297,1,478,0.105555
129.164,1,477.5,0.105662
130.03,1,477,0.105775
130.896,1,476.5,0.105891
131.762,1,476,0.106007
132.628,1,475.5,0.106126
133.494,1,475,0.106246
134.36,1,474.5,0.106377
135.226,1,474,0.10652
136.092,1,473.5,0.106666
136.958,1,473,0.106813
137.824,1,472.5,0.106965
138.69,1,472,0.107118
139.556,1,471.5,0.107275
140.422,1,471,0.10745
141.288,1,470.5,0.107627
142.154,1,470,0.107806
143.02,1,469.5,0.107987
143.886,1,469,0.108171
144.752,1,468.5,0.108356
145.618,1,468,0.108558
146.484,1,467.5,0.108765
147.35,1,467,0.108975
148.216,1,466.5,0.109188
149.082,1,466,0.109403
149.948,1,465.5,0.10962
150.814,1,465,0.109846
151.68,1,464.5,0.11008
152.546,1,464,0.110318
153.412,1,463.5,0.110557
154.278,1,463,0.110798
155.144,1,462.5,0.111042
156.01,1,462,0.11129
156.876,1,461.5,0.11155
157.742,1,461,0.111812
158.608,1,460.5,0.112076
159.474,1,460,0.112342
160.34,1,459.5,0.112611
161.206,1,459,0.112881
162.072,1,458.5,0.113157
162.939,1,458,0.113435
163.805,1,457.5,0.113715
164.671,1,457,0.113997
165.537,1,456.5,0.114281
166.403,1,456,0.114566
167.269,1,455.5,0.114851
168.135,1,455,0.115137
169.001,1,454.5,0.115425
169.867,1,454,0.115715
170.733,1,453.5,0.116006
171.599,1,453,0.1163
172.465,1,452.5,0.116592
173.331,1,452,0.116879
174.197,1,451.5,0.117167
175.063,1,451,0.117457
175.929,1,450.5,0.117748
176.795,1,450,0.118041
177.661,1,449.5,0.118335
178.527,1,449,0.118618
179.393,1,448.5,0.118901
180.259,1,448,0.119185
181.125,1,447.5,0.119471
181.991,1,447,0.119759
182.857,1,446.5,0.120048
183.723,1,446,0.120329
184.589,1,445.5,0.120603
185.455,1,445,0.120876
186.321,1,444.5,0.121151
187.187,1,444,0.121429
188.053,1,443.5,0.121708
188.919,1,443,0.121986
189.785,1,442.5,0.122256
190.651,1,442,0.12253
191.517,1,441.5,0.122806
192.383,1,441,0.123086
193.249,1,440.5,0.12337
194.115,1,440,0.123657
194.981,1,439.5,0.123954
195.847,1,439,0.124258
196.714,1,438.5,0.124567
197.58,1,438,0.124883
198.446,1,437.5,0.125204
199.312,1,437,0.125531
200.178,1,436.5,0.125875
201.044,1,436,0.126233
201.91,1,435.5,0.126599
202.776,1,435,0.126974
203.642,1,434.5,0.127358
204.508,1,434,0.127752
205.374,1,433.5,0.128173
206.24,1,433,0.128639
207.106,1,432.5,0.12912
207.972,1,432,0.129615
208.838,1,431.5,0.130124
209.704,1,431,0.130648
210.57,1,430.5,0.131189
211.436,1,430,0.131834
212.302,1,429.5,0.1325
213.168,1,429,0.133188
214.034,1,428.5,0.133895
214.9,1,428,0.134622
215.766,1,427.5,0.135369
216.632,1,427,0.13623
217.498,1,426.5,0.137161
218.364,1,426,0.138126
219.23,1,425.5,0.139125
220.096,1,425,0.140157
220.962,1,424.5,0.141223
221.828,1,424,0.142428
222.694,1,423.5,0.143853
223.56,1,423,0.14533
224.426,1,422.5,0.146855
225.292,1,422,0.148426
226.158,1,421.5,0.150045
227.024,1,421,0.151705
227.89,1,420.5,0.15335
228.756,1,420,0.155023
229.622,1,419.5,0.156722
230.488,1,419,0.158449
231.355,1,418.5,0.160202
232.221,1,418,0.161668
233.087,1,417.5,0.162293
233.953,1,417,0.162642
234.819,1,416.5,0.162916
235.685,1,416,0.163112
236.551,1,415.5,0.163232
237.417,1,415,0.163276
238.283,1,414.5,0.163334
239.149,1,414,0.163525
240.015,1,413.5,0.163776
240.881,1,413,0.164088
241.747,1,412.5,0.164671
242.613,1,412,0.165495
243.479,1,411.5,0.166583
244.345,1,411,0.168273
245.211,1,410.5,0.170103
246.077,1,410,0.172073
246.943,1,409.5,0.174183
247.809,1,409,0.176433
248.675,1,408.5,0.178823
249.541,1,408,0.180281
250.407,1,407.5,0.181463
251.273,1,407,0.182372
252.139,1,406.5,0.18324
253.005,1,406,0.184111
253.871,1,405.5,0.184983
254.737,1,405,0.185597
255.603,1,404.5,0.185957
256.469,1,404,0.186312
257.335,1,403.5,0.186661
258.201,1,403,0.187004
259.067,1,402.5,0.187342
259.933,1,402,0.187659
260.799,1,401.5,0.187992
261.665,1,401,0.188321
262.531,1,400.5,0.188633
263.397,1,400,0.188931
264.263,1,399.5,0.189213
265.13,1,399,0.189479
265.996,1,398.5,0.189272
266.862,1,398,0.189013
267.728,1,397.5,0.188766
268.594,1,397,0.188533
269.46,1,396.5,0.188313
270.326,1,396,0.187921
271.192,1,395.5,0.187107
272.058,1,395,0.186096
272.924,1,394.5,0.185202
273.79,1,394,0.184426
274.656,1,393.5,0.183767
275.522,1,393,0.183226
276.388,1,392.5,0.182774
277.254,1,392,0.182278
278.12,1,391.5,0.181778
278.986,1,391,0.181262
279.852,1,390.5,0.180443
280.718,1,390,0.179721
281.584,1,389.5,0.179096
282.45,1,389,0.179394
283.316,1,388.5,0.179729
284.182,1,388,0.18004
285.048,1,387.5,0.180326
285.914,1,387,0.180588
286.78,1,386.5,0.180825
287.646,1,386,0.1817
288.512,1,385.5,0.182876
289.378,1,385,0.184044
290.244,1,384.5,0.185076
291.11,1,384,0.185972
291.976,1,383.5,0.186732
292.842,1,383,0.187562
293.708,1,382.5,0.188741
294.574,1,382,0.189809
295.44,1,381.5,0.190766
296.306,1,381,0.191613
297.172,1,380.5,0.19235
298.038,1,380,0.193018
298.905,1,379.5,0.194698
299.771,1,379,0.196263
300.637,1,378.5,0.197706
301.503,1,378,0.199025
302.369,1,377.5,0.200221
303.235,1,377,0.201294
304.101,1,376.5,0.202644
304.967,1,376,0.204189
305.833,1,375.5,0.205761
306.699,1,375,0.20736
307.565,1,374.5,0.208943
308.431,1,374,0.210299
309.297,1,373.5,0.211519
310.163,1,373,0.212776
311.029,1,372.5,0.214149
311.895,1,372,0.215638
312.761,1,371.5,0.217242
313.627,1,371,0.218963
314.493,1,370.5,0.220717
315.359,1,370,0.22094
316.225,1,369.5,0.221381
317.091,1,369,0.221872
317.957,1,368.5,0.222153
318.823,1,368,0.222654
319.689,1,367.5,0.223373
320.555,1,367,0.22146
321.421,1,366.5,0.218977
322.287,1,366,0.217015
323.153,1,365.5,0.215573
324.019,1,365,0.214652
324.885,1,364.5,0.214251
325.751,1,364,0.21268
326.617,1,363.5,0.208794
327.483,1,363,0.205115
328.349,1,362.5,0.201935
329.215,1,362,0.199256
330.081,1,361.5,0.197078
330.947,1,361,0.195518
331.813,1,360.5,0.195046
332.679,1,360,0.194242
333.546,1,359.5,0.193105
334.412,1,359,0.191636
335.278,1,358.5,0.189834
336.144,1,358,0.188016
337.01,1,357.5,0.185112
337.876,1,357,0.181535
338.742,1,356.5,0.177672
339.608,1,356,0.173522
340.474,1,355.5,0.169085
341.34,1,355,0.164361
342.206,1,354.5,0.165189
343.072,1,354,0.171373
343.938,1,353.5,0.17607
344.804,1,353,0.179279
345.67,1,352.5,0.182004
346.536,1,352,0.183958
347.402,1,351.5,0.187795
348.268,1,351,0.209164
349.134,1,350.5,0.225876
350,1,350,0.237931
350.866,1,349.5,0.245329
351.732,1,349,0.248068
352.598,1,348.5,0.246151
353.464,1,348,0.233993
354.33,1,347.5,0.222966
355.196,1,347,0.220693
356.062,1,346.5,0.223714
356.928,1,346,0.225895
357.794,1,345.5,0.227238
358.66,1,345,0.226941
359.526,1,344.5,0.225974
360.392,1,344,0.225325
361.258,1,343.5,0.224994
362.124,1,343,0.224981
362.99,1,342.5,0.225286
363.856,1,342,0.225929
364.722,1,341.5,0.227666
365.588,1,341,0.229814
366.454,1,340.5,0.231751
367.321,1,340,0.233477
368.187,1,339.5,0.234991
369.053,1,339,0.236294
369.919,1,338.5,0.237264
370.785,1,338,0.238133
371.651,1,337.5,0.23892
372.517,1,337,0.239626
373.383,1,336.5,0.240251
374.249,1,336,0.240747
375.115,1,335.5,0.241105
375.981,1,335,0.241437
376.847,1,334.5,0.24184
377.713,1,334,0.242315
378.579,1,333.5,0.242862
379.445,1,333,0.24348
380.311,1,332.5,0.244223
381.177,1,332,0.245204
382.043,1,331.5,0.246297
382.909,1,331,0.247502
383.775,1,330.5,0.248914
384.641,1,330,0.250377
385.507,1,329.5,0.251835
386.373,1,329,0.251926
387.239,1,328.5,0.252053
388.105,1,328,0.252282
388.971,1,327.5,0.252615
389.837,1,327,0.25305
390.703,1,326.5,0.253589
391.569,1,326,0.2537
392.435,1,325.5,0.253563
393.301,1,325,0.253241
394.167,1,324.5,0.252909
395.033,1,324,0.252631
395.899,1,323.5,0.252408
396.765,1,323,0.252055
397.631,1,322.5,0.251417
398.497,1,322,0.250902
399.363,1,321.5,0.250511
400.229,1,321,0.250244
401.095,1,320.5,0.2501
401.962,1,320,0.250067
402.828,1,319.5,0.248523
403.694,1,319,0.247134
404.56,1,318.5,0.245972
405.426,1,318,0.245037
406.292,1,317.5,0.244329
407.158,1,317,0.243848
408.024,1,316.5,0.244134
408.89,1,316,0.244598
409.756,1,315.5,0.244949
410.622,1,315,0.245189
411.488,1,314.5,0.245317
412.354,1,314,0.245298
413.22,1,313.5,0.246259
414.086,1,313,0.248606
414.952,1,312.5,0.250605
415.818,1,312,0.252258
416.684,1,311.5,0.253563
417.55,1,311,0.254521
418.416,1,310.5,0.254149
419.282,1,310,0.238395
420.148,1,309.5,0.220423
421.014,1,309,0.200235
421.88,1,308.5,0.18003
422.746,1,308,0.160315
423.612,1,307.5,0.141063
424.478,1,307,0.135121
425.344,1,306.5,0.134732
426.21,1,306,0.135745
427.076,1,305.5,0.138158
427.942,1,305,0.141973
428.808,1,304.5,0.147189
429.674,1,304,0.152398
430.54,1,303.5,0.156051
431.406,1,303,0.159112
432.272,1,302.5,0.161879
433.138,1,302,0.16435
434.004,1,301.5,0.166525
434.87,1,301,0.168217
435.737,1,300.5,0.168372
436.603,1,300,0.168457
437.469,1,299.5,0.168473
438.335,1,299,0.168421
439.201,1,298.5,0.168299
440.067,1,298,0.168129
440.933,1,297.5,0.168126
441.799,1,297,0.168198
442.665,1,296.5,0.168354
443.531,1,296,0.168594
444.397,1,295.5,0.168919
445.263,1,295,0.169327
446.129,1,294.5,0.171065
446.995,1,294,0.174078
447.861,1,293.5,0.177046
448.727,1,293,0.179968
449.593,1,292.5,0.182841
450.459,1,292,0.185637
451.325,1,291.5,0.187932
452.191,1,291,0.188079
453.057,1,290.5,0.188141
453.923,1,290,0.188118
454.789,1,289.5,0.18801
455.655,1,289,0.187817
456.521,1,288.5,0.187539
457.387,1,288,0.185389
458.253,1,287.5,0.182859
459.119,1,287,0.180264
459.985,1,286.5,0.177704
460.851,1,286,0.175089
461.717,1,285.5,0.172418
462.583,1,285,0.169354
463.449,1,284.5,0.165975
464.315,1,284,0.162562
465.181,1,283.5,0.159116
466.047,1,283,0.155637
466.913,1,282.5,0.152126
467.779,1,282,0.14895
468.645,1,281.5,0.146946
469.512,1,281,0.144897
470.378,1,280.5,0.142837
471.244,1,280,0.140766
472.11,1,279.5,0.138685
472.976,1,279,0.136593
473.842,1,278.5,0.135533
474.708,1,278,0.134538
475.574,1,277.5,0.133513
476.44,1,277,0.132459
477.306,1,276.5,0.131374
478.172,1,276,0.130247
479.038,1,275.5,0.129253
479.904,1,275,0.12836
480.77,1,274.5,0.127452
481.636,1,274,0.12653
482.502,1,273.5,0.125592
483.368,1,273,0.12464
484.234,1,272.5,0.123728
485.1,1,272,0.122941
485.966,1,271.5,0.122151
486.832,1,271,0.121356
487.698,1,270.5,0.120547
488.564,1,270,0.11972
489.43,1,269.5,0.118897
490.296,1,269,0.118287
491.162,1,268.5,0.117688
492.028,1,268,0.117092
492.894,1,267.5,0.116501
493.76,1,267,0.115914
494.626,1,266.5,0.11533
495.492,1,266,0.11489
496.358,1,265.5,0.114524
497.224,1,265,0.114156
498.09,1,264.5,0.113785
498.956,1,264,0.113417
499.822,1,263.5,0.113052
500.688,1,263,0.11274
501.554,1,262.5,0.112526
502.42,1,262,0.112314
503.286,1,261.5,0.112102
504.153,1,261,0.111891
505.019,1,260.5,0.111682
505.885,1,260,0.111476
506.751,1,259.5,0.111372
507.617,1,259,0.111266
508.483,1,258.5,0.111161
509.349,1,258,0.111057
510.215,1,257.5,0.110954
511.081,1,257,0.110851
511.947,1,256.5,0.110795
512.813,1,256,0.110757
513.679,1,255.5,0.110719
514.545,1,255,0.110681
515.411,1,254.5,0.110643
516.277,1,254,0.110605
517.143,1,253.5,0.110585
518.009,1,253,0.110592
518.875,1,252.5,0.110599
519.741,1,252,0.110606
520.607,1,251.5,0.110612
521.473,1,251,0.110619
522.339,1,250.5,0.110627
523.205,1,250,0.110646
524.071,1,249.5,0.110665
524.937,1,249,0.110683
525.803,1,248.5,0.110703
526.669,1,248,0.110723
527.535,1,247.5,0.110742
528.401,1,247,0.110762
529.267,1,246.5,0.110783
530.133,1,246,0.110802
530.999,1,245.5,0.11082
531.865,1,245,0.110837
532.731,1,244.5,0.110853
533.597,1,244,0.110868
534.463,1,243.5,0.110881
535.329,1,243,0.110896
536.195,1,242.5,0.110912
537.061,1,242,0.110927
537.928,1,241.5,0.110941
538.794,1,241,0.110953
539.66,1,240.5,0.110962
540.526,1,240,0.110969
541.392,1,239.5,0.110974
542.258,1,239,0.110979
543.124,1,238.5,0.110982
543.99,1,238,0.110984
544.856,1,237.5,0.110992
545.722,1,237,0.111
546.588,1,236.5,0.111008
547.454,1,236,0.111014
548.32,1,235.5,0.111019
549.186,1,235,0.111023
550.052,1,234.5,0.111024
550.918,1,234,0.111023
551.784,1,233.5,0.111021
552.65,1,233,0.111017
553.516,1,232.5,0.111012
554.382,1,232,0.11101
555.248,1,231.5,0.111007
556.114,1,231,0.111
556.98,1,230.5,0.110992
557.846,1,230,0.110983
558.712,1,229.5,0.110973
559.578,1,229,0.110961
560.444,1,228.5,0.110948
561.31,1,228,0.110931
562.176,1,227.5,0.110912
563.042,1,227,0.110893
563.908,1,226.5,0.110877
564.774,1,226,0.11086
565.64,1,225.5,0.110842
566.506,1,225,0.110822
567.372,1,224.5,0.110798
568.238,1,224,0.110773
569.104,1,223.5,0.110747
569.97,1,223,0.11072
570.836,1,222.5,0.110691
571.703,1,222,0.11066
572.569,1,221.5,0.110626
573.435,1,221,0.1106
574.301,1,220.5,0.110573
575.167,1,220,0.110545
576.033,1,219.5,0.110516
576.899,1,219,0.110486
577.765,1,218.5,0.110452
578.631,1,218,0.110418
579.497,1,217.5,0.110383
580.363,1,217,0.110348
581.229,1,216.5,0.110312
582.095,1,216,0.110275
582.961,1,215.5,0.110245
583.827,1,215,0.110214
584.693,1,214.5,0.110183
585.559,1,214,0.11015
586.425,1,213.5,0.110117
587.291,1,213,0.110083
588.157,1,212.5,0.110047
589.023,1,212,0.11001
589.889,1,211.5,0.109973
590.755,1,211,0.109935
591.621,1,210.5,0.109898
592.487,1,210,0.109867
593.353,1,209.5,0.109837
594.219,1,209,0.109802
595.085,1,208.5,0.109767
595.951,1,208,0.109732
596.817,1,207.5,0.109698
597.683,1,207,0.109664
598.549,1,206.5,0.109629
599.415,1,206,0.109593
600.281,1,205.5,0.109555
601.147,1,205,0.109519
602.013,1,204.5,0.109488
602.879,1,204,0.109457
603.745,1,203.5,0.109427
604.611,1,203,0.109397
605.477,1,202.5,0.109365
606.344,1,202,0.109335
607.21,1,201.5,0.109304
608.076,1,201,0.109274
608.942,1,200.5,0.109244
609.808,1,200,0.109215
