x,y,z,b
90.1924,1,500,0.10515
91.0584,1,499.5,0.105112
91.9244,1,499,0.105073
92.7905,1,498.5,0.105034
93.6565,1,498,0.104995
94.5225,1,497.5,0.104955
95.3885,1,497,0.104915
96.2546,1,496.5,0.104869
97.1206,1,496,0.104819
97.9866,1,495.5,0.104768
98.8526,1,495,0.104717
99.7187,1,494.5,0.104666
100.585,1,494,0.104614
101.451,1,493.5,0.104559
102.317,1,493,0.104497
103.183,1,492.5,0.104435
104.049,1,492,0.104372
104.915,1,491.5,0.10431
105.781,1,491,0.104246
106.647,1,490.5,0.104183
107.513,1,490,0.104115
108.379,1,489.5,0.104046
109.245,1,489,0.103978
110.111,1,488.5,0.103908
110.977,1,488,0.103839
111.843,1,487.5,0.103769
112.709,1,487,0.103699
113.575,1,486.5,0.103629
114.441,1,486,0.103558
115.307,1,485.5,0.103487
116.173,1,485,0.103416
117.039,1,484.5,0.103344
117.905,1,484,0.103273
118.771,1,483.5,0.103204
119.637,1,483,0.103134
120.503,1,482.5,0.103064
121.369,1,482,0.102994
122.235,1,481.5,0.102924
123.101,1,481,0.102854
123.967,1,480.5,0.102789
124.833,1,480,0.102724
125.699,1,479.5,0.102659
126.565,1,479,0.102594
127.431,1,478.5,0.102529
128.297,1,478,0.102465
129.164,1,477.5,0.102409
130.03,1,477,0.102356
130.896,1,476.5,0.102303
131.762,1,476,0.102251
132.628,1,475.5,0.102199
133.494,1,475,0.102147
134.36,1,474.5,0.102103
135.226,1,474,0.102067
136.092,1,473.5,0.102033
136.958,1,473,0.101999
137.824,1,472.5,0.101967
138.69,1,472,0.101936
139.556,1,471.5,0.101907
140.422,1,471,0.101896
141.288,1,470.5,0.101887
142.154,1,470,0.101878
143.02,1,469.5,0.101871
143.886,1,469,0.101865
144.752,1,468.5,0.101861
145.618,1,468,0.101879
146.484,1,467.5,0.101904
147.35,1,467,0.101934
148.216,1,466.5,0.101965
149.082,1,466,0.101998
149.948,1,465.5,0.102034
150.814,1,465,0.102086
151.68,1,464.5,0.102156
152.546,1,464,0.102229
153.412,1,463.5,0.102305
154.278,1,463,0.102383
155.144,1,462.5,0.102464
156.01,1,462,0.102554
156.876,1,461.5,0.102683
157.742,1,461,0.102815
158.608,1,460.5,0.102951
159.474,1,460,0.103091
160.34,1,459.5,0.103234
161.206,1,459,0.10338
162.072,1,458.5,0.103565
162.939,1,458,0.103759
163.805,1,457.5,0.103958
164.671,1,457,0.10416
165.537,1,456.5,0.104369
166.403,1,456,0.104587
167.269,1,455.5,0.104834
168.135,1,455,0.105107
169.001,1,454.5,0.105385
169.867,1,454,0.105669
170.733,1,453.5,0.105958
171.599,1,453,0.106252
172.465,1,452.5,0.106561
173.331,1,452,0.106905
174.197,1,451.5,0.107254
175.063,1,451,0.107614
175.929,1,450.5,0.107985
176.795,1,450,0.108364
177.661,1,449.5,0.108749
178.527,1,449,0.109176
179.393,1,448.5,0.109614
180.259,1,448,0.110058
181.125,1,447.5,0.11051
181.991,1,447,0.110969
182.857,1,446.5,0.111435
183.723,1,446,0.111925
184.589,1,445.5,0.112439
185.455,1,445,0.112966
186.321,1,444.5,0.113501
187.187,1,444,0.114045
188.053,1,443.5,0.114597
188.919,1,443,0.115164
189.785,1,442.5,0.115755
190.651,1,442,0.116355
191.517,1,441.5,0.116963
192.383,1,441,0.117581
193.249,1,440.5,0.118207
194.115,1,440,0.118849
194.981,1,439.5,0.11952
195.847,1,439,0.120202
196.714,1,438.5,0.120895
197.58,1,438,0.121599
198.446,1,437.5,0.122314
199.312,1,437,0.123039
200.178,1,436.5,0.123782
201.044,1,436,0.12454
201.91,1,435.5,0.125311
202.776,1,435,0.126094
203.642,1,434.5,0.126898
204.508,1,434,0.127725
205.374,1,433.5,0.12857
206.24,1,433,0.129439
207.106,1,432.5,0.130325
207.972,1,432,0.13123
208.838,1,431.5,0.132152
209.704,1,431,0.133092
210.57,1,430.5,0.13405
211.436,1,430,0.135042
212.302,1,429.5,0.136055
213.168,1,429,0.137107
214.034,1,428.5,0.138201
214.9,1,428,0.139324
215.766,1,427.5,0.140475
216.632,1,427,0.141704
217.498,1,426.5,0.142993
218.364,1,426,0.144324
219.23,1,425.5,0.145697
220.096,1,425,0.147112
220.962,1,424.5,0.148569
221.828,1,424,0.150099
222.694,1,423.5,0.151806
223.56,1,423,0.153604
224.426,1,422.5,0.155449
225.292,1,422,0.157341
226.158,1,421.5,0.15928
227.024,1,421,0.161248
227.89,1,420.5,0.163043
228.756,1,420,0.164862
229.622,1,419.5,0.166705
230.488,1,419,0.168573
231.355,1,418.5,0.170465
232.221,1,418,0.17213
233.087,1,417.5,0.173272
233.953,1,417,0.174214
234.819,1,416.5,0.175064
235.685,1,416,0.175823
236.551,1,415.5,0.176491
237.417,1,415,0.177067
238.283,1,414.5,0.177509
239.149,1,414,0.17785
240.015,1,413.5,0.178155
240.881,1,413,0.178424
241.747,1,412.5,0.178364
242.613,1,412,0.178267
243.479,1,411.5,0.178251
244.345,1,411,0.178495
245.211,1,410.5,0.178862
246.077,1,410,0.179353
246.943,1,409.5,0.179967
247.809,1,409,0.180704
248.675,1,408.5,0.181565
249.541,1,408,0.182253
250.407,1,407.5,0.182912
251.273,1,407,0.184106
252.139,1,406.5,0.185313
253.005,1,406,0.186431
253.871,1,405.5,0.18746
254.737,1,405,0.18817
255.603,1,404.5,0.188546
256.469,1,404,0.188806
257.335,1,403.5,0.188951
258.201,1,403,0.188979
259.067,1,402.5,0.18889
259.933,1,402,0.188734
260.799,1,401.5,0.189054
261.665,1,401,0.189359
262.531,1,400.5,0.189611
263.397,1,400,0.189811
264.263,1,399.5,0.189959
265.13,1,399,0.190056
265.996,1,398.5,0.190294
266.862,1,398,0.190473
267.728,1,397.5,0.190562
268.594,1,397,0.190562
269.46,1,396.5,0.190472
270.326,1,396,0.190731
271.192,1,395.5,0.191257
272.058,1,395,0.191992
272.924,1,394.5,0.192633
273.79,1,394,0.193181
274.656,1,393.5,0.193635
275.522,1,393,0.193996
276.388,1,392.5,0.194307
277.254,1,392,0.194757
278.12,1,391.5,0.195281
278.986,1,391,0.195884
279.852,1,390.5,0.196698
280.718,1,390,0.197472
281.584,1,389.5,0.198207
282.45,1,389,0.198714
283.316,1,388.5,0.199304
284.182,1,388,0.199994
285.048,1,387.5,0.200784
285.914,1,387,0.201674
286.78,1,386.5,0.202665
287.646,1,386,0.203588
288.512,1,385.5,0.204504
289.378,1,385,0.205685
290.244,1,384.5,0.206756
291.11,1,384,0.207717
291.976,1,383.5,0.208569
292.842,1,383,0.209256
293.708,1,382.5,0.209683
294.574,1,382,0.209959
295.44,1,381.5,0.210085
296.306,1,381,0.21006
297.172,1,380.5,0.209884
298.038,1,380,0.209496
298.905,1,379.5,0.209021
299.771,1,379,0.208741
300.637,1,378.5,0.208655
301.503,1,378,0.208763
302.369,1,377.5,0.209064
303.235,1,377,0.209559
304.101,1,376.5,0.210635
304.967,1,376,0.2118
305.833,1,375.5,0.212812
306.699,1,375,0.21367
307.565,1,374.5,0.214434
308.431,1,374,0.21545
309.297,1,373.5,0.217458
310.163,1,373,0.220888
311.029,1,372.5,0.224178
311.895,1,372,0.227328
312.761,1,371.5,0.230337
313.627,1,371,0.233206
314.493,1,370.5,0.235918
315.359,1,370,0.238235
316.225,1,369.5,0.240555
317.091,1,369,0.242764
317.957,1,368.5,0.24467
318.823,1,368,0.246559
319.689,1,367.5,0.248429
320.555,1,367,0.249561
321.421,1,366.5,0.250593
322.287,1,366,0.251815
323.153,1,365.5,0.253229
324.019,1,365,0.254834
324.885,1,364.5,0.256631
325.751,1,364,0.257737
326.617,1,363.5,0.257592
327.483,1,363,0.257245
328.349,1,362.5,0.257138
329.215,1,362,0.257269
330.081,1,361.5,0.25764
330.947,1,361,0.257686
331.813,1,360.5,0.253093
332.679,1,360,0.248948
333.546,1,359.5,0.245251
334.412,1,359,0.242002
335.278,1,358.5,0.239201
336.144,1,358,0.236531
337.01,1,357.5,0.2322
337.876,1,357,0.226564
338.742,1,356.5,0.219917
339.608,1,356,0.212259
340.474,1,355.5,0.203591
341.34,1,355,0.193911
342.206,1,354.5,0.189411
343.072,1,354,0.191943
343.938,1,353.5,0.19499
344.804,1,353,0.198553
345.67,1,352.5,0.203797
346.536,1,352,0.210189
347.402,1,351.5,0.218872
348.268,1,351,0.24064
349.134,1,350.5,0.260222
350,1,350,0.277616
350.866,1,349.5,0.292824
351.732,1,349,0.305845
352.598,1,348.5,0.316678
353.464,1,348,0.313041
354.33,1,347.5,0.306999
355.196,1,347,0.300964
356.062,1,346.5,0.294996
356.928,1,346,0.289164
357.794,1,345.5,0.283467
358.66,1,345,0.27885
359.526,1,344.5,0.275193
360.392,1,344,0.271648
361.258,1,343.5,0.268214
362.124,1,343,0.264891
362.99,1,342.5,0.26168
363.856,1,342,0.258797
364.722,1,341.5,0.25923
365.588,1,341,0.261082
366.454,1,340.5,0.262666
367.321,1,340,0.263984
368.187,1,339.5,0.265034
369.053,1,339,0.265817
369.919,1,338.5,0.26643
370.785,1,338,0.266884
371.651,1,337.5,0.267173
372.517,1,337,0.267297
373.383,1,336.5,0.267256
374.249,1,336,0.267876
375.115,1,335.5,0.26864
375.981,1,335,0.269209
376.847,1,334.5,0.269794
377.713,1,334,0.270397
378.579,1,333.5,0.271017
379.445,1,333,0.271654
380.311,1,332.5,0.272268
381.177,1,332,0.272817
382.043,1,331.5,0.273428
382.909,1,331,0.2741
383.775,1,330.5,0.27544
384.641,1,330,0.2771
385.507,1,329.5,0.278844
386.373,1,329,0.281872
387.239,1,328.5,0.28505
388.105,1,328,0.28832
388.971,1,327.5,0.291682
389.837,1,327,0.295137
390.703,1,326.5,0.298684
391.569,1,326,0.302749
392.435,1,325.5,0.30715
393.301,1,325,0.310031
394.167,1,324.5,0.312437
395.033,1,324,0.314806
395.899,1,323.5,0.317138
396.765,1,323,0.319395
397.631,1,322.5,0.321725
398.497,1,322,0.324306
399.363,1,321.5,0.327139
400.229,1,321,0.330222
401.095,1,320.5,0.333556
401.962,1,320,0.337115
402.828,1,319.5,0.337095
403.694,1,319,0.337354
404.56,1,318.5,0.33813
405.426,1,318,0.339423
406.292,1,317.5,0.341235
407.158,1,317,0.343564
408.024,1,316.5,0.344201
408.89,1,316,0.344025
409.756,1,315.5,0.343941
410.622,1,315,0.343949
411.488,1,314.5,0.344049
412.354,1,314,0.343659
413.22,1,313.5,0.342521
414.086,1,313,0.339928
414.952,1,312.5,0.337371
415.818,1,312,0.334849
416.684,1,311.5,0.332363
417.55,1,311,0.329913
418.416,1,310.5,0.327188
419.282,1,310,0.319793
420.148,1,309.5,0.311938
421.014,1,309,0.303623
421.88,1,308.5,0.293218
422.746,1,308,0.281783
423.612,1,307.5,0.269363
424.478,1,307,0.248449
425.344,1,306.5,0.2253
426.21,1,306,0.202587
427.076,1,305.5,0.180311
427.942,1,305,0.158471
428.808,1,304.5,0.137068
429.674,1,304,0.126228
430.54,1,303.5,0.12978
431.406,1,303,0.137714
432.272,1,302.5,0.145646
433.138,1,302,0.153577
434.004,1,301.5,0.161506
434.87,1,301,0.168598
435.737,1,300.5,0.16939
436.603,1,300,0.169753
437.469,1,299.5,0.169687
438.335,1,299,0.169191
439.201,1,298.5,0.168266
440.067,1,298,0.166861
440.933,1,297.5,0.162873
441.799,1,297,0.158391
442.665,1,296.5,0.153852
443.531,1,296,0.149257
444.397,1,295.5,0.144605
445.263,1,295,0.139897
446.129,1,294.5,0.136258
446.995,1,294,0.133812
447.861,1,293.5,0.131423
448.727,1,293,0.12909
449.593,1,292.5,0.126812
450.459,1,292,0.124591
451.325,1,291.5,0.122684
452.191,1,291,0.121874
453.057,1,290.5,0.121044
453.923,1,290,0.120192
454.789,1,289.5,0.119321
455.655,1,289,0.118428
456.521,1,288.5,0.117515
457.387,1,288,0.116969
458.253,1,287.5,0.116473
459.119,1,287,0.115967
459.985,1,286.5,0.11546
460.851,1,286,0.114948
461.717,1,285.5,0.114431
462.583,1,285,0.114082
463.449,1,284.5,0.113874
464.315,1,284,0.113666
465.181,1,283.5,0.113456
466.047,1,283,0.113245
466.913,1,282.5,0.113034
467.779,1,282,0.112857
468.645,1,281.5,0.112801
469.512,1,281,0.112746
470.378,1,280.5,0.11269
471.244,1,280,0.112631
472.11,1,279.5,0.112569
472.976,1,279,0.112506
473.842,1,278.5,0.112527
474.708,1,278,0.112553
475.574,1,277.5,0.112577
476.44,1,277,0.112598
477.306,1,276.5,0.112618
478.172,1,276,0.112637
479.038,1,275.5,0.112684
479.904,1,275,0.112748
480.77,1,274.5,0.11281
481.636,1,274,0.112871
482.502,1,273.5,0.112931
483.368,1,273,0.11299
484.234,1,272.5,0.113048
485.1,1,272,0.113107
485.966,1,271.5,0.113164
486.832,1,271,0.113221
487.698,1,270.5,0.113279
488.564,1,270,0.113339
489.43,1,269.5,0.113398
490.296,1,269,0.113441
491.162,1,268.5,0.113483
492.028,1,268,0.113524
492.894,1,267.5,0.113564
493.76,1,267,0.113604
494.626,1,266.5,0.113643
495.492,1,266,0.113671
496.358,1,265.5,0.113692
497.224,1,265,0.113716
498.09,1,264.5,0.113743
498.956,1,264,0.113769
499.822,1,263.5,0.113793
500.688,1,263,0.113814
501.554,1,262.5,0.113829
502.42,1,262,0.113842
503.286,1,261.5,0.113854
504.153,1,261,0.113864
505.019,1,260.5,0.113873
505.885,1,260,0.11388
506.751,1,259.5,0.113882
507.617,1,259,0.113886
508.483,1,258.5,0.113889
509.349,1,258,0.11389
510.215,1,257.5,0.11389
511.081,1,257,0.113888
511.947,1,256.5,0.113879
512.813,1,256,0.113866
513.679,1,255.5,0.113851
514.545,1,255,0.113835
515.411,1,254.5,0.113816
516.277,1,254,0.113799
517.143,1,253.5,0.11378
518.009,1,253,0.113756
518.875,1,252.5,0.113729
519.741,1,252,0.113701
520.607,1,251.5,0.113671
521.473,1,251,0.113639
522.339,1,250.5,0.113605
523.205,1,250,0.113563
524.071,1,249.5,0.11352
524.937,1,249,0.113475
525.803,1,248.5,0.113434
526.669,1,248,0.113393
527.535,1,247.5,0.113351
528.401,1,247,0.113302
529.267,1,246.5,0.113251
530.133,1,246,0.113197
530.999,1,245.5,0.113142
531.865,1,245,0.113086
532.731,1,244.5,0.113027
533.597,1,244,0.112965
534.463,1,243.5,0.112899
535.329,1,243,0.112842
536.195,1,242.5,0.112788
537.061,1,242,0.112733
537.928,1,241.5,0.112677
538.794,1,241,0.112619
539.66,1,240.5,0.112554
540.526,1,240,0.112489
541.392,1,239.5,0.112424
542.258,1,239,0.112358
543.124,1,238.5,0.112291
543.99,1,238,0.112223
544.856,1,237.5,0.11216
545.722,1,237,0.112097
546.588,1,236.5,0.112034
547.454,1,236,0.111971
548.32,1,235.5,0.111908
549.186,1,235,0.111844
550.052,1,234.5,0.111775
550.918,1,234,0.111703
551.784,1,233.5,0.11163
552.65,1,233,0.111558
553.516,1,232.5,0.111487
554.382,1,232,0.111426
555.248,1,231.5,0.111366
556.114,1,231,0.111301
556.98,1,230.5,0.111236
557.846,1,230,0.111172
558.712,1,229.5,0.111109
559.578,1,229,0.111046
560.444,1,228.5,0.110983
561.31,1,228,0.110916
562.176,1,227.5,0.11085
563.042,1,227,0.110785
563.908,1,226.5,0.110732
564.774,1,226,0.11068
565.64,1,225.5,0.110628
566.506,1,225,0.110575
567.372,1,224.5,0.11052
568.238,1,224,0.110465
569.104,1,223.5,0.11041
569.97,1,223,0.110357
570.836,1,222.5,0.110303
571.703,1,222,0.110249
572.569,1,221.5,0.110194
573.435,1,221,0.110149
574.301,1,220.5,0.110104
575.167,1,220,0.11006
576.033,1,219.5,0.110016
576.899,1,219,0.109974
577.765,1,218.5,0.109931
578.631,1,218,0.10989
579.497,1,217.5,0.109849
580.363,1,217,0.109809
581.229,1,216.5,0.10977
582.095,1,216,0.109733
582.961,1,215.5,0.1097
583.827,1,215,0.109667
584.693,1,214.5,0.109635
585.559,1,214,0.109604
586.425,1,213.5,0.109574
587.291,1,213,0.109544
588.157,1,212.5,0.109516
589.023,1,212,0.109488
589.889,1,211.5,0.10946
590.755,1,211,0.109434
591.621,1,210.5,0.109409
592.487,1,210,0.109387
593.353,1,209.5,0.109365
594.219,1,209,0.109345
595.085,1,208.5,0.109325
595.951,1,208,0.109306
596.817,1,207.5,0.109287
597.683,1,207,0.109269
598.549,1,206.5,0.109251
599.415,1,206,0.109235
600.281,1,205.5,0.109219
601.147,1,205,0.109204
602.013,1,204.5,0.109192
602.879,1,204,0.109181
603.745,1,203.5,0.109171
604.611,1,203,0.109161
605.477,1,202.5,0.109151
606.344,1,202,0.109142
607.21,1,201.5,0.109133
608.076,1,201,0.109124
608.942,1,200.5,0.109116
609.808,1,200,0.109108
