x,y,z,b
90.1924,1,500,0.109152
91.0584,1,499.5,0.109152
91.9244,1,499,0.109152
92.7905,1,498.5,0.109152
93.6565,1,498,0.109153
94.5225,1,497.5,0.109153
95.3885,1,497,0.109153
96.2546,1,496.5,0.109153
97.1206,1,496,0.109154
97.9866,1,495.5,0.109154
98.8526,1,495,0.109154
99.7187,1,494.5,0.109154
100.585,1,494,0.109155
101.451,1,493.5,0.109155
102.317,1,493,0.109155
103.183,1,492.5,0.109156
104.049,1,492,0.109156
104.915,1,491.5,0.109156
105.781,1,491,0.109156
106.647,1,490.5,0.109157
107.513,1,490,0.109157
108.379,1,489.5,0.109157
109.245,1,489,0.109158
110.111,1,488.5,0.109158
110.977,1,488,0.109158
111.843,1,487.5,0.109159
112.709,1,487,0.109159
113.575,1,486.5,0.109159
114.441,1,486,0.10916
115.307,1,485.5,0.10916
116.173,1,485,0.10916
117.039,1,484.5,0.109161
117.905,1,484,0.109161
118.771,1,483.5,0.109161
119.637,1,483,0.109162
120.503,1,482.5,0.109162
121.369,1,482,0.109163
122.235,1,481.5,0.109163
123.101,1,481,0.109163
123.967,1,480.5,0.109164
124.833,1,480,0.109164
125.699,1,479.5,0.109164
126.565,1,479,0.109165
127.431,1,478.5,0.109165
128.297,1,478,0.109166
129.164,1,477.5,0.109166
130.03,1,477,0.109167
130.896,1,476.5,0.109167
131.762,1,476,0.109168
132.628,1,475.5,0.109168
133.494,1,475,0.109168
134.36,1,474.5,0.109169
135.226,1,474,0.109169
136.092,1,473.5,0.10917
136.958,1,473,0.10917
137.824,1,472.5,0.109171
138.69,1,472,0.109171
139.556,1,471.5,0.109172
140.422,1,471,0.109172
141.288,1,470.5,0.109173
142.154,1,470,0.109173
143.02,1,469.5,0.109174
143.886,1,469,0.109175
144.752,1,468.5,0.109175
145.618,1,468,0.109176
146.484,1,467.5,0.109176
147.35,1,467,0.109177
148.216,1,466.5,0.109177
149.082,1,466,0.109178
149.948,1,465.5,0.109179
150.814,1,465,0.109179
151.68,1,464.5,0.10918
152.546,1,464,0.10918
153.412,1,463.5,0.109181
154.278,1,463,0.109182
155.144,1,462.5,0.109182
156.01,1,462,0.109183
156.876,1,461.5,0.109184
157.742,1,461,0.109184
158.608,1,460.5,0.109185
159.474,1,460,0.109186
160.34,1,459.5,0.109186
161.206,1,459,0.109187
162.072,1,458.5,0.109188
162.939,1,458,0.109189
163.805,1,457.5,0.109189
164.671,1,457,0.10919
165.537,1,456.5,0.109191
166.403,1,456,0.109192
167.269,1,455.5,0.109193
168.135,1,455,0.109193
169.001,1,454.5,0.109194
169.867,1,454,0.109195
170.733,1,453.5,0.109196
171.599,1,453,0.109197
172.465,1,452.5,0.109198
173.331,1,452,0.109199
174.197,1,451.5,0.109199
175.063,1,451,0.1092
175.929,1,450.5,0.109201
176.795,1,450,0.109202
177.661,1,449.5,0.109203
178.527,1,449,0.109204
179.393,1,448.5,0.109205
180.259,1,448,0.109206
181.125,1,447.5,0.109207
181.991,1,447,0.109208
182.857,1,446.5,0.109209
183.723,1,446,0.10921
184.589,1,445.5,0.109212
185.455,1,445,0.109213
186.321,1,444.5,0.109214
187.187,1,444,0.109215
188.053,1,443.5,0.109216
188.919,1,443,0.109218
189.785,1,442.5,0.109219
190.651,1,442,0.10922
191.517,1,441.5,0.109221
192.383,1,441,0.109223
193.249,1,440.5,0.109224
194.115,1,440,0.109225
194.981,1,439.5,0.109227
195.847,1,439,0.109228
196.714,1,438.5,0.10923
197.58,1,438,0.109231
198.446,1,437.5,0.109232
199.312,1,437,0.109234
200.178,1,436.5,0.109235
201.044,1,436,0.109237
201.91,1,435.5,0.109239
202.776,1,435,0.10924
203.642,1,434.5,0.109242
204.508,1,434,0.109244
205.374,1,433.5,0.109245
206.24,1,433,0.109247
207.106,1,432.5,0.109249
207.972,1,432,0.109251
208.838,1,431.5,0.109253
209.704,1,431,0.109254
210.57,1,430.5,0.109256
211.436,1,430,0.109258
212.302,1,429.5,0.10926
213.168,1,429,0.109262
214.034,1,428.5,0.109264
214.9,1,428,0.109266
215.766,1,427.5,0.109268
216.632,1,427,0.109271
217.498,1,426.5,0.109273
218.364,1,426,0.109275
219.23,1,425.5,0.109277
220.096,1,425,0.109279
220.962,1,424.5,0.109282
221.828,1,424,0.109284
222.694,1,423.5,0.109286
223.56,1,423,0.109289
224.426,1,422.5,0.109291
225.292,1,422,0.109294
226.158,1,421.5,0.109297
227.024,1,421,0.109299
227.89,1,420.5,0.109302
228.756,1,420,0.109305
229.622,1,419.5,0.109308
230.488,1,419,0.10931
231.355,1,418.5,0.109313
232.221,1,418,0.109316
233.087,1,417.5,0.109319
233.953,1,417,0.109322
234.819,1,416.5,0.109325
235.685,1,416,0.109327
236.551,1,415.5,0.10933
237.417,1,415,0.109333
238.283,1,414.5,0.109336
239.149,1,414,0.109339
240.015,1,413.5,0.109342
240.881,1,413,0.109345
241.747,1,412.5,0.109349
242.613,1,412,0.109352
243.479,1,411.5,0.109356
244.345,1,411,0.109359
245.211,1,410.5,0.109362
246.077,1,410,0.109365
246.943,1,409.5,0.109368
247.809,1,409,0.109372
248.675,1,408.5,0.109375
249.541,1,408,0.109378
250.407,1,407.5,0.109381
251.273,1,407,0.109384
252.139,1,406.5,0.109388
253.005,1,406,0.109391
253.871,1,405.5,0.109395
254.737,1,405,0.109398
255.603,1,404.5,0.1094
256.469,1,404,0.109402
257.335,1,403.5,0.109404
258.201,1,403,0.109406
259.067,1,402.5,0.109409
259.933,1,402,0.109411
260.799,1,401.5,0.109412
261.665,1,401,0.109414
262.531,1,400.5,0.109415
263.397,1,400,0.109417
264.263,1,399.5,0.109419
265.13,1,399,0.109421
265.996,1,398.5,0.10942
266.862,1,398,0.109418
267.728,1,397.5,0.109417
268.594,1,397,0.109415
269.46,1,396.5,0.109413
270.326,1,396,0.109412
271.192,1,395.5,0.109409
272.058,1,395,0.109404
272.924,1,394.5,0.109398
273.79,1,394,0.109393
274.656,1,393.5,0.109388
275.522,1,393,0.109382
276.388,1,392.5,0.109375
277.254,1,392,0.10936
278.12,1,391.5,0.109346
278.986,1,391,0.109331
279.852,1,390.5,0.109318
280.718,1,390,0.109304
281.584,1,389.5,0.10929
282.45,1,389,0.109266
283.316,1,388.5,0.109241
284.182,1,388,0.109216
285.048,1,387.5,0.109191
285.914,1,387,0.109165
286.78,1,386.5,0.109139
287.646,1,386,0.1091
288.512,1,385.5,0.109053
289.378,1,385,0.109007
290.244,1,384.5,0.10896
291.11,1,384,0.108913
291.976,1,383.5,0.108865
292.842,1,383,0.10881
293.708,1,382.5,0.108738
294.574,1,382,0.108665
295.44,1,381.5,0.108591
296.306,1,381,0.108516
297.172,1,380.5,0.10844
298.038,1,380,0.108364
298.905,1,379.5,0.108248
299.771,1,379,0.10813
300.637,1,378.5,0.108012
301.503,1,378,0.107893
302.369,1,377.5,0.107774
303.235,1,377,0.107653
304.101,1,376.5,0.107489
304.967,1,376,0.107302
305.833,1,375.5,0.10711
306.699,1,375,0.106915
307.565,1,374.5,0.106718
308.431,1,374,0.106523
309.297,1,373.5,0.106321
310.163,1,373,0.106112
311.029,1,372.5,0.105904
311.895,1,372,0.105697
312.761,1,371.5,0.105492
313.627,1,371,0.105288
314.493,1,370.5,0.105073
315.359,1,370,0.1046
316.225,1,369.5,0.104113
317.091,1,369,0.103607
317.957,1,368.5,0.103073
318.823,1,368,0.102516
319.689,1,367.5,0.101937
320.555,1,367,0.101778
321.421,1,366.5,0.101809
322.287,1,366,0.101874
323.153,1,365.5,0.101973
324.019,1,365,0.102105
324.885,1,364.5,0.10227
325.751,1,364,0.101731
326.617,1,363.5,0.100113
327.483,1,363,0.0984426
328.349,1,362.5,0.0966955
329.215,1,362,0.0948719
330.081,1,361.5,0.092972
330.947,1,361,0.0915069
331.813,1,360.5,0.0946419
332.679,1,360,0.0979934
333.546,1,359.5,0.101562
334.412,1,359,0.105346
335.278,1,358.5,0.109347
336.144,1,358,0.113186
337.01,1,357.5,0.113956
337.876,1,357,0.113436
338.742,1,356.5,0.112236
339.608,1,356,0.110357
340.474,1,355.5,0.107798
341.34,1,355,0.104561
342.206,1,354.5,0.102696
343.072,1,354,0.102772
343.938,1,353.5,0.102612
344.804,1,353,0.102214
345.67,1,352.5,0.0996165
346.536,1,352,0.0929627
347.402,1,351.5,0.0869677
348.268,1,351,0.0946868
349.134,1,350.5,0.0994818
350,1,350,0.101352
350.866,1,349.5,0.100299
351.732,1,349,0.0963211
352.598,1,348.5,0.089419
353.464,1,348,0.0758582
354.33,1,347.5,0.0667391
355.196,1,347,0.0685075
356.062,1,346.5,0.0765296
356.928,1,346,0.0851046
357.794,1,345.5,0.0942325
358.66,1,345,0.100466
359.526,1,344.5,0.10376
360.392,1,344,0.107072
361.258,1,343.5,0.110404
362.124,1,343,0.113755
362.99,1,342.5,0.117124
363.856,1,342,0.120135
364.722,1,341.5,0.121604
365.588,1,341,0.122902
366.454,1,340.5,0.124055
367.321,1,340,0.125062
368.187,1,339.5,0.125925
369.053,1,339,0.126643
369.919,1,338.5,0.126967
370.785,1,338,0.127197
371.651,1,337.5,0.127366
372.517,1,337,0.127474
373.383,1,336.5,0.127521
374.249,1,336,0.127682
375.115,1,335.5,0.127946
375.981,1,335,0.128186
376.847,1,334.5,0.12836
377.713,1,334,0.128468
378.579,1,333.5,0.128509
379.445,1,333,0.128484
380.311,1,332.5,0.128412
381.177,1,332,0.128335
382.043,1,331.5,0.128208
382.909,1,331,0.128031
383.775,1,330.5,0.127988
384.641,1,330,0.127981
385.507,1,329.5,0.127937
386.373,1,329,0.127749
387.239,1,328.5,0.127522
388.105,1,328,0.127261
388.971,1,327.5,0.126964
389.837,1,327,0.126634
390.703,1,326.5,0.126268
391.569,1,326,0.125833
392.435,1,325.5,0.125348
393.301,1,325,0.125004
394.167,1,324.5,0.124688
395.033,1,324,0.124355
395.899,1,323.5,0.124003
396.765,1,323,0.123598
397.631,1,322.5,0.123108
398.497,1,322,0.12261
399.363,1,321.5,0.122105
400.229,1,321,0.121592
401.095,1,320.5,0.121071
401.962,1,320,0.120542
402.828,1,319.5,0.120067
403.694,1,319,0.119618
404.56,1,318.5,0.119169
405.426,1,318,0.118719
406.292,1,317.5,0.11827
407.158,1,317,0.117821
408.024,1,316.5,0.117344
408.89,1,316,0.11686
409.756,1,315.5,0.11638
410.622,1,315,0.115905
411.488,1,314.5,0.115435
412.354,1,314,0.115069
413.22,1,313.5,0.114707
414.086,1,313,0.114333
414.952,1,312.5,0.113967
415.818,1,312,0.113608
416.684,1,311.5,0.113257
417.55,1,311,0.112914
418.416,1,310.5,0.112579
419.282,1,310,0.112256
420.148,1,309.5,0.111943
421.014,1,309,0.11164
421.88,1,308.5,0.111413
422.746,1,308,0.111194
423.612,1,307.5,0.110982
424.478,1,307,0.110783
425.344,1,306.5,0.110593
426.21,1,306,0.110409
427.076,1,305.5,0.110233
427.942,1,305,0.110063
428.808,1,304.5,0.1099
429.674,1,304,0.109753
430.54,1,303.5,0.109623
431.406,1,303,0.109524
432.272,1,302.5,0.109429
433.138,1,302,0.109339
434.004,1,301.5,0.109253
434.87,1,301,0.109173
435.737,1,300.5,0.109112
436.603,1,300,0.109055
437.469,1,299.5,0.109002
438.335,1,299,0.108952
439.201,1,298.5,0.108906
440.067,1,298,0.108865
440.933,1,297.5,0.108843
441.799,1,297,0.108824
442.665,1,296.5,0.108806
443.531,1,296,0.10879
444.397,1,295.5,0.108775
445.263,1,295,0.108761
446.129,1,294.5,0.108752
446.995,1,294,0.108747
447.861,1,293.5,0.108742
448.727,1,293,0.108739
449.593,1,292.5,0.108736
450.459,1,292,0.108733
451.325,1,291.5,0.108731
452.191,1,291,0.108733
453.057,1,290.5,0.108736
453.923,1,290,0.10874
454.789,1,289.5,0.108743
455.655,1,289,0.108746
456.521,1,288.5,0.10875
457.387,1,288,0.108757
458.253,1,287.5,0.108764
459.119,1,287,0.108771
459.985,1,286.5,0.108776
460.851,1,286,0.108781
461.717,1,285.5,0.108787
462.583,1,285,0.108793
463.449,1,284.5,0.1088
464.315,1,284,0.108808
465.181,1,283.5,0.108815
466.047,1,283,0.108822
466.913,1,282.5,0.108829
467.779,1,282,0.108836
468.645,1,281.5,0.108844
469.512,1,281,0.10885
470.378,1,280.5,0.108857
471.244,1,280,0.108863
472.11,1,279.5,0.10887
472.976,1,279,0.108876
473.842,1,278.5,0.108883
474.708,1,278,0.10889
475.574,1,277.5,0.108897
476.44,1,277,0.108904
477.306,1,276.5,0.10891
478.172,1,276,0.108916
479.038,1,275.5,0.108921
479.904,1,275,0.108927
480.77,1,274.5,0.108933
481.636,1,274,0.108938
482.502,1,273.5,0.108943
483.368,1,273,0.108948
484.234,1,272.5,0.108953
485.1,1,272,0.108959
485.966,1,271.5,0.108964
486.832,1,271,0.108969
487.698,1,270.5,0.108974
488.564,1,270,0.108978
489.43,1,269.5,0.108983
490.296,1,269,0.108987
491.162,1,268.5,0.108991
492.028,1,268,0.108996
492.894,1,267.5,0.109
493.76,1,267,0.109004
494.626,1,266.5,0.109008
495.492,1,266,0.109012
496.358,1,265.5,0.109016
497.224,1,265,0.10902
498.09,1,264.5,0.109023
498.956,1,264,0.109026
499.822,1,263.5,0.109029
500.688,1,263,0.109032
501.554,1,262.5,0.109035
502.42,1,262,0.109038
503.286,1,261.5,0.109041
504.153,1,261,0.109044
505.019,1,260.5,0.109046
505.885,1,260,0.109049
506.751,1,259.5,0.109052
507.617,1,259,0.109054
508.483,1,258.5,0.109057
509.349,1,258,0.109059
510.215,1,257.5,0.109061
511.081,1,257,0.109064
511.947,1,256.5,0.109066
512.813,1,256,0.109068
513.679,1,255.5,0.10907
514.545,1,255,0.109072
515.411,1,254.5,0.109075
516.277,1,254,0.109076
517.143,1,253.5,0.109078
518.009,1,253,0.10908
518.875,1,252.5,0.109082
519.741,1,252,0.109083
520.607,1,251.5,0.109085
521.473,1,251,0.109086
522.339,1,250.5,0.109088
523.205,1,250,0.109089
524.071,1,249.5,0.109091
524.937,1,249,0.109093
525.803,1,248.5,0.109094
526.669,1,248,0.109095
527.535,1,247.5,0.109097
528.401,1,247,0.109098
529.267,1,246.5,0.109099
530.133,1,246,0.109101
530.999,1,245.5,0.109102
531.865,1,245,0.109103
532.731,1,244.5,0.109104
533.597,1,244,0.109105
534.463,1,243.5,0.109107
535.329,1,243,0.109107
536.195,1,242.5,0.109108
537.061,1,242,0.109109
537.928,1,241.5,0.10911
538.794,1,241,0.109111
539.66,1,240.5,0.109112
540.526,1,240,0.109113
541.392,1,239.5,0.109114
542.258,1,239,0.109114
543.124,1,238.5,0.109115
543.99,1,238,0.109116
544.856,1,237.5,0.109117
545.722,1,237,0.109117
546.588,1,236.5,0.109118
547.454,1,236,0.109119
548.32,1,235.5,0.10912
549.186,1,235,0.10912
550.052,1,234.5,0.109121
550.918,1,234,0.109122
551.784,1,233.5,0.109122
552.65,1,233,0.109123
553.516,1,232.5,0.109123
554.382,1,232,0.109124
555.248,1,231.5,0.109125
556.114,1,231,0.109125
556.98,1,230.5,0.109126
557.846,1,230,0.109126
558.712,1,229.5,0.109127
559.578,1,229,0.109127
560.444,1,228.5,0.109128
561.31,1,228,0.109128
562.176,1,227.5,0.109128
563.042,1,227,0.109129
563.908,1,226.5,0.109129
564.774,1,226,0.10913
565.64,1,225.5,0.10913
566.506,1,225,0.109131
567.372,1,224.5,0.109131
568.238,1,224,0.109131
569.104,1,223.5,0.109132
569.97,1,223,0.109132
570.836,1,222.5,0.109132
571.703,1,222,0.109133
572.569,1,221.5,0.109133
573.435,1,221,0.109133
574.301,1,220.5,0.109134
575.167,1,220,0.109134
576.033,1,219.5,0.109134
576.899,1,219,0.109135
577.765,1,218.5,0.109135
578.631,1,218,0.109135
579.497,1,217.5,0.109135
580.363,1,217,0.109136
581.229,1,216.5,0.109136
582.095,1,216,0.109136
582.961,1,215.5,0.109136
583.827,1,215,0.109137
584.693,1,214.5,0.109137
585.559,1,214,0.109137
586.425,1,213.5,0.109137
587.291,1,213,0.109137
588.157,1,212.5,0.109138
589.023,1,212,0.109138
589.889,1,211.5,0.109138
590.755,1,211,0.109138
591.621,1,210.5,0.109138
592.487,1,210,0.109139
593.353,1,209.5,0.109139
594.219,1,209,0.109139
595.085,1,208.5,0.109139
595.951,1,208,0.109139
596.817,1,207.5,0.109139
597.683,1,207,0.10914
598.549,1,206.5,0.10914
599.415,1,206,0.10914
600.281,1,205.5,0.10914
601.147,1,205,0.10914
602.013,1,204.5,0.10914
602.879,1,204,0.10914
603.745,1,203.5,0.10914
604.611,1,203,0.109141
605.477,1,202.5,0.109141
606.344,1,202,0.109141
607.21,1,201.5,0.109141
608.076,1,201,0.109141
608.942,1,200.5,0.109141
609.808,1,200,0.109141
