x,y,z,b
90.1924,1,500,0.107155
91.0584,1,499.5,0.107129
91.9244,1,499,0.107103
92.7905,1,498.5,0.107077
93.6565,1,498,0.10705
94.5225,1,497.5,0.107023
95.3885,1,497,0.106996
96.2546,1,496.5,0.106966
97.1206,1,496,0.106932
97.9866,1,495.5,0.106899
98.8526,1,495,0.106865
99.7187,1,494.5,0.106831
100.585,1,494,0.106797
101.451,1,493.5,0.10676
102.317,1,493,0.106718
103.183,1,492.5,0.106677
104.049,1,492,0.106635
104.915,1,491.5,0.106592
105.781,1,491,0.106549
106.647,1,490.5,0.106506
107.513,1,490,0.106457
108.379,1,489.5,0.106408
109.245,1,489,0.106358
110.111,1,488.5,0.106308
110.977,1,488,0.106258
111.843,1,487.5,0.106207
112.709,1,487,0.106152
113.575,1,486.5,0.106095
114.441,1,486,0.106038
115.307,1,485.5,0.10598
116.173,1,485,0.105922
117.039,1,484.5,0.105863
117.905,1,484,0.105802
118.771,1,483.5,0.105737
119.637,1,483,0.105672
120.503,1,482.5,0.105607
121.369,1,482,0.10554
122.235,1,481.5,0.105474
123.101,1,481,0.105406
123.967,1,480.5,0.105333
124.833,1,480,0.105259
125.699,1,479.5,0.105185
126.565,1,479,0.10511
127.431,1,478.5,0.105034
128.297,1,478,0.104958
129.164,1,477.5,0.104877
130.03,1,477,0.104794
130.896,1,476.5,0.10471
131.762,1,476,0.104626
132.628,1,475.5,0.104541
133.494,1,475,0.104455
134.36,1,474.5,0.104366
135.226,1,474,0.104272
136.092,1,473.5,0.104177
136.958,1,473,0.104081
137.824,1,472.5,0.103985
138.69,1,472,0.103887
139.556,1,471.5,0.103788
140.422,1,471,0.103683
141.288,1,470.5,0.103576
142.154,1,470,0.103468
143.02,1,469.5,0.10336
143.886,1,469,0.10325
144.752,1,468.5,0.10314
145.618,1,468,0.103023
146.484,1,467.5,0.102903
147.35,1,467,0.102782
148.216,1,466.5,0.10266
149.082,1,466,0.102537
149.948,1,465.5,0.102412
150.814,1,465,0.102284
151.68,1,464.5,0.102151
152.546,1,464,0.102017
153.412,1,463.5,0.101881
154.278,1,463,0.101745
155.144,1,462.5,0.101607
156.01,1,462,0.101467
156.876,1,461.5,0.101321
157.742,1,461,0.101172
158.608,1,460.5,0.101023
159.474,1,460,0.100872
160.34,1,459.5,0.10072
161.206,1,459,0.100567
162.072,1,458.5,0.100409
162.939,1,458,0.10025
163.805,1,457.5,0.100089
164.671,1,457,0.0999269
165.537,1,456.5,0.0997634
166.403,1,456,0.0995984
167.269,1,455.5,0.0994319
168.135,1,455,0.0992641
169.001,1,454.5,0.0990951
169.867,1,454,0.098925
170.733,1,453.5,0.0987538
171.599,1,453,0.0985814
172.465,1,452.5,0.0984098
173.331,1,452,0.0982436
174.197,1,451.5,0.0980765
175.063,1,451,0.0979087
175.929,1,450.5,0.0977403
176.795,1,450,0.0975713
177.661,1,449.5,0.0974016
178.527,1,449,0.097248
179.393,1,448.5,0.0970964
180.259,1,448,0.0969453
181.125,1,447.5,0.0967947
181.991,1,447,0.0966446
182.857,1,446.5,0.096495
183.723,1,446,0.0963748
184.589,1,445.5,0.0962782
185.455,1,445,0.0961882
186.321,1,444.5,0.096102
187.187,1,444,0.0960195
188.053,1,443.5,0.0959408
188.919,1,443,0.0958858
189.785,1,442.5,0.0958866
190.651,1,442,0.0958942
191.517,1,441.5,0.0959086
192.383,1,441,0.0959298
193.249,1,440.5,0.0959579
194.115,1,440,0.0960037
194.981,1,439.5,0.0961776
195.847,1,439,0.0963708
196.714,1,438.5,0.0965801
197.58,1,438,0.0968056
198.446,1,437.5,0.0970472
199.312,1,437,0.097305
200.178,1,436.5,0.0976793
201.044,1,436,0.0981285
201.91,1,435.5,0.0986014
202.776,1,435,0.099098
203.642,1,434.5,0.0996653
204.508,1,434,0.100307
205.374,1,433.5,0.101046
206.24,1,433,0.101946
207.106,1,432.5,0.102892
207.972,1,432,0.103884
208.838,1,431.5,0.104921
209.704,1,431,0.106005
210.57,1,430.5,0.107139
211.436,1,430,0.108499
212.302,1,429.5,0.109911
213.168,1,429,0.11151
214.034,1,428.5,0.113273
214.9,1,428,0.115113
215.766,1,427.5,0.11703
216.632,1,427,0.119117
217.498,1,426.5,0.121322
218.364,1,426,0.123607
219.23,1,425.5,0.125974
220.096,1,425,0.128422
220.962,1,424.5,0.130951
221.828,1,424,0.133492
222.694,1,423.5,0.136195
223.56,1,423,0.139035
224.426,1,422.5,0.141901
225.292,1,422,0.144792
226.158,1,421.5,0.147709
227.024,1,421,0.150606
227.89,1,420.5,0.153
228.756,1,420,0.155361
229.622,1,419.5,0.157688
230.488,1,419,0.159982
231.355,1,418.5,0.162242
232.221,1,418,0.164323
233.087,1,417.5,0.166027
233.953,1,417,0.167631
234.819,1,416.5,0.16922
235.685,1,416,0.170794
236.551,1,415.5,0.172353
237.417,1,415,0.173898
238.283,1,414.5,0.175345
239.149,1,414,0.176675
240.015,1,413.5,0.177982
240.881,1,413,0.179269
241.747,1,412.5,0.180737
242.613,1,412,0.1822
243.479,1,411.5,0.183575
244.345,1,411,0.184728
245.211,1,410.5,0.185754
246.077,1,410,0.186655
246.943,1,409.5,0.18743
247.809,1,409,0.188079
248.675,1,408.5,0.188602
249.541,1,408,0.189241
250.407,1,407.5,0.189854
251.273,1,407,0.190464
252.139,1,406.5,0.190971
253.005,1,406,0.191358
253.871,1,405.5,0.191624
254.737,1,405,0.191983
255.603,1,404.5,0.192473
256.469,1,404,0.192904
257.335,1,403.5,0.193277
258.201,1,403,0.193592
259.067,1,402.5,0.193849
259.933,1,402,0.194097
260.799,1,401.5,0.194622
261.665,1,401,0.195055
262.531,1,400.5,0.195382
263.397,1,400,0.195604
264.263,1,399.5,0.19572
265.13,1,399,0.195731
265.996,1,398.5,0.196156
266.862,1,398,0.196645
267.728,1,397.5,0.197132
268.594,1,397,0.197615
269.46,1,396.5,0.198097
270.326,1,396,0.198951
271.192,1,395.5,0.200142
272.058,1,395,0.2016
272.924,1,394.5,0.203091
273.79,1,394,0.204615
274.656,1,393.5,0.20617
275.522,1,393,0.207758
276.388,1,392.5,0.209368
277.254,1,392,0.210992
278.12,1,391.5,0.212672
278.986,1,391,0.214405
279.852,1,390.5,0.216104
280.718,1,390,0.217817
281.584,1,389.5,0.219542
282.45,1,389,0.221188
283.316,1,388.5,0.222864
284.182,1,388,0.224576
285.048,1,387.5,0.226327
285.914,1,387,0.228114
286.78,1,386.5,0.229938
287.646,1,386,0.231936
288.512,1,385.5,0.234127
289.378,1,385,0.237043
290.244,1,384.5,0.240278
291.11,1,384,0.243832
291.976,1,383.5,0.247706
292.842,1,383,0.251776
293.708,1,382.5,0.255683
294.574,1,382,0.259596
295.44,1,381.5,0.263518
296.306,1,381,0.267447
297.172,1,380.5,0.271383
298.038,1,380,0.275215
298.905,1,379.5,0.266354
299.771,1,379,0.257175
300.637,1,378.5,0.247798
301.503,1,378,0.238221
302.369,1,377.5,0.228445
303.235,1,377,0.21847
304.101,1,376.5,0.212755
304.967,1,376,0.208814
305.833,1,375.5,0.204468
306.699,1,375,0.19972
307.565,1,374.5,0.194815
308.431,1,374,0.189914
309.297,1,373.5,0.187403
310.163,1,373,0.190594
311.029,1,372.5,0.193425
311.895,1,372,0.195894
312.761,1,371.5,0.198003
313.627,1,371,0.199751
314.493,1,370.5,0.201341
315.359,1,370,0.20713
316.225,1,369.5,0.213199
317.091,1,369,0.219365
317.957,1,368.5,0.225285
318.823,1,368,0.231395
319.689,1,367.5,0.237694
320.555,1,367,0.241939
321.421,1,366.5,0.245622
322.287,1,366,0.249576
323.153,1,365.5,0.253802
324.019,1,365,0.2583
324.885,1,364.5,0.26307
325.751,1,364,0.266539
326.617,1,363.5,0.267759
327.483,1,363,0.268801
328.349,1,362.5,0.270046
329.215,1,362,0.271496
330.081,1,361.5,0.273149
330.947,1,361,0.274756
331.813,1,360.5,0.274276
332.679,1,360,0.273859
333.546,1,359.5,0.273505
334.412,1,359,0.273215
335.278,1,358.5,0.272989
336.144,1,358,0.272792
337.01,1,357.5,0.270272
337.876,1,357,0.267262
338.742,1,356.5,0.264406
339.608,1,356,0.261706
340.474,1,355.5,0.259161
341.34,1,355,0.256771
342.206,1,354.5,0.254907
343.072,1,354,0.253658
343.938,1,353.5,0.252629
344.804,1,353,0.251818
345.67,1,352.5,0.25074
346.536,1,352,0.249087
347.402,1,351.5,0.250213
348.268,1,351,0.266622
349.134,1,350.5,0.282761
350,1,350,0.298628
350.866,1,349.5,0.314224
351.732,1,349,0.32955
352.598,1,348.5,0.344604
353.464,1,348,0.33515
354.33,1,347.5,0.323639
355.196,1,347,0.313386
356.062,1,346.5,0.303939
356.928,1,346,0.296387
357.794,1,345.5,0.29073
358.66,1,345,0.288192
359.526,1,344.5,0.28774
360.392,1,344,0.287998
361.258,1,343.5,0.288965
362.124,1,343,0.290642
362.99,1,342.5,0.293029
363.856,1,342,0.295226
364.722,1,341.5,0.292579
365.588,1,341,0.289075
366.454,1,340.5,0.286394
367.321,1,340,0.284537
368.187,1,339.5,0.283504
369.053,1,339,0.283295
369.919,1,338.5,0.277796
370.785,1,338,0.272925
371.651,1,337.5,0.269402
372.517,1,337,0.267226
373.383,1,336.5,0.266397
374.249,1,336,0.263941
375.115,1,335.5,0.255374
375.981,1,335,0.243198
376.847,1,334.5,0.23118
377.713,1,334,0.219319
378.579,1,333.5,0.207614
379.445,1,333,0.196067
380.311,1,332.5,0.186914
381.177,1,332,0.182976
382.043,1,331.5,0.177568
382.909,1,331,0.170691
383.775,1,330.5,0.161918
384.641,1,330,0.152121
385.507,1,329.5,0.141567
386.373,1,329,0.142108
387.239,1,328.5,0.14321
388.105,1,328,0.14432
388.971,1,327.5,0.145438
389.837,1,327,0.146564
390.703,1,326.5,0.147697
391.569,1,326,0.147433
392.435,1,325.5,0.146439
393.301,1,325,0.145439
394.167,1,324.5,0.144447
395.033,1,324,0.143479
395.899,1,323.5,0.142536
396.765,1,323,0.141308
397.631,1,322.5,0.139463
398.497,1,322,0.137645
399.363,1,321.5,0.135853
400.229,1,321,0.134089
401.095,1,320.5,0.132351
401.962,1,320,0.130643
402.828,1,319.5,0.129166
403.694,1,319,0.127679
404.56,1,318.5,0.126201
405.426,1,318,0.124732
406.292,1,317.5,0.123272
407.158,1,317,0.121822
408.024,1,316.5,0.120911
408.89,1,316,0.12023
409.756,1,315.5,0.119543
410.622,1,315,0.11885
411.488,1,314.5,0.118151
412.354,1,314,0.117427
413.22,1,313.5,0.116893
414.086,1,313,0.116664
414.952,1,312.5,0.116432
415.818,1,312,0.116198
416.684,1,311.5,0.115961
417.55,1,311,0.115721
418.416,1,310.5,0.115493
419.282,1,310,0.115448
420.148,1,309.5,0.115399
421.014,1,309,0.115344
421.88,1,308.5,0.115295
422.746,1,308,0.115245
423.612,1,307.5,0.115193
424.478,1,307,0.115223
425.344,1,306.5,0.115276
426.21,1,306,0.115323
427.076,1,305.5,0.115366
427.942,1,305,0.115403
428.808,1,304.5,0.115436
429.674,1,304,0.115494
430.54,1,303.5,0.115583
431.406,1,303,0.115686
432.272,1,302.5,0.115782
433.138,1,302,0.115871
434.004,1,301.5,0.115954
434.87,1,301,0.116034
435.737,1,300.5,0.116139
436.603,1,300,0.116238
437.469,1,299.5,0.116329
438.335,1,299,0.116415
439.201,1,298.5,0.116493
440.067,1,298,0.116567
440.933,1,297.5,0.116671
441.799,1,297,0.116773
442.665,1,296.5,0.11687
443.531,1,296,0.116961
444.397,1,295.5,0.117047
445.263,1,295,0.117128
446.129,1,294.5,0.117206
446.995,1,294,0.117284
447.861,1,293.5,0.117358
448.727,1,293,0.11743
449.593,1,292.5,0.1175
450.459,1,292,0.117575
451.325,1,291.5,0.117644
452.191,1,291,0.117705
453.057,1,290.5,0.117763
453.923,1,290,0.117818
454.789,1,289.5,0.11787
455.655,1,289,0.117918
456.521,1,288.5,0.117965
457.387,1,288,0.117998
458.253,1,287.5,0.118028
459.119,1,287,0.118059
459.985,1,286.5,0.118091
460.851,1,286,0.118121
461.717,1,285.5,0.118147
462.583,1,285,0.118163
463.449,1,284.5,0.118169
464.315,1,284,0.118174
465.181,1,283.5,0.118176
466.047,1,283,0.118177
466.913,1,282.5,0.118177
467.779,1,282,0.11817
468.645,1,281.5,0.118151
469.512,1,281,0.118135
470.378,1,280.5,0.118118
471.244,1,280,0.118098
472.11,1,279.5,0.118077
472.976,1,279,0.118053
473.842,1,278.5,0.118013
474.708,1,278,0.11797
475.574,1,277.5,0.117925
476.44,1,277,0.117879
477.306,1,276.5,0.11783
478.172,1,276,0.117783
479.038,1,275.5,0.117733
479.904,1,275,0.117676
480.77,1,274.5,0.117616
481.636,1,274,0.117556
482.502,1,273.5,0.117493
483.368,1,273,0.117428
484.234,1,272.5,0.117359
485.1,1,272,0.117281
485.966,1,271.5,0.117202
486.832,1,271,0.117121
487.698,1,270.5,0.117044
488.564,1,270,0.116971
489.43,1,269.5,0.116897
490.296,1,269,0.116811
491.162,1,268.5,0.116722
492.028,1,268,0.116632
492.894,1,267.5,0.116542
493.76,1,267,0.11645
494.626,1,266.5,0.116357
495.492,1,266,0.116253
496.358,1,265.5,0.116143
497.224,1,265,0.11604
498.09,1,264.5,0.115944
498.956,1,264,0.115848
499.822,1,263.5,0.115751
500.688,1,263,0.11565
501.554,1,262.5,0.11554
502.42,1,262,0.115431
503.286,1,261.5,0.115322
504.153,1,261,0.115213
505.019,1,260.5,0.115103
505.885,1,260,0.114994
506.751,1,259.5,0.114881
507.617,1,259,0.114772
508.483,1,258.5,0.114665
509.349,1,258,0.114557
510.215,1,257.5,0.11445
511.081,1,257,0.114344
511.947,1,256.5,0.114231
512.813,1,256,0.114115
513.679,1,255.5,0.114001
514.545,1,255,0.113887
515.411,1,254.5,0.113774
516.277,1,254,0.11367
517.143,1,253.5,0.11357
518.009,1,253,0.113468
518.875,1,252.5,0.113366
519.741,1,252,0.113266
520.607,1,251.5,0.113166
521.473,1,251,0.113067
522.339,1,250.5,0.112969
523.205,1,250,0.112868
524.071,1,249.5,0.112768
524.937,1,249,0.112669
525.803,1,248.5,0.112581
526.669,1,248,0.1125
527.535,1,247.5,0.112419
528.401,1,247,0.112338
529.267,1,246.5,0.112257
530.133,1,246,0.112177
530.999,1,245.5,0.112099
531.865,1,245,0.112022
532.731,1,244.5,0.111947
533.597,1,244,0.111872
534.463,1,243.5,0.111798
535.329,1,243,0.111731
536.195,1,242.5,0.111667
537.061,1,242,0.111605
537.928,1,241.5,0.111543
538.794,1,241,0.111483
539.66,1,240.5,0.111423
540.526,1,240,0.111365
541.392,1,239.5,0.111308
542.258,1,239,0.111251
543.124,1,238.5,0.111196
543.99,1,238,0.111141
544.856,1,237.5,0.111092
545.722,1,237,0.111044
546.588,1,236.5,0.110996
547.454,1,236,0.11095
548.32,1,235.5,0.110905
549.186,1,235,0.11086
550.052,1,234.5,0.110817
550.918,1,234,0.110774
551.784,1,233.5,0.110732
552.65,1,233,0.11069
553.516,1,232.5,0.11065
554.382,1,232,0.110612
555.248,1,231.5,0.110576
556.114,1,231,0.11054
556.98,1,230.5,0.110504
557.846,1,230,0.110468
558.712,1,229.5,0.110434
559.578,1,229,0.110399
560.444,1,228.5,0.110366
561.31,1,228,0.110333
562.176,1,227.5,0.1103
563.042,1,227,0.110268
563.908,1,226.5,0.110239
564.774,1,226,0.110212
565.64,1,225.5,0.110185
566.506,1,225,0.110158
567.372,1,224.5,0.110133
568.238,1,224,0.110108
569.104,1,223.5,0.110084
569.97,1,223,0.11006
570.836,1,222.5,0.110036
571.703,1,222,0.110014
572.569,1,221.5,0.109992
573.435,1,221,0.109972
574.301,1,220.5,0.109952
575.167,1,220,0.109933
576.033,1,219.5,0.109914
576.899,1,219,0.109896
577.765,1,218.5,0.109877
578.631,1,218,0.10986
579.497,1,217.5,0.109842
580.363,1,217,0.109825
581.229,1,216.5,0.109808
582.095,1,216,0.109792
582.961,1,215.5,0.109778
583.827,1,215,0.109764
584.693,1,214.5,0.10975
585.559,1,214,0.109736
586.425,1,213.5,0.109723
587.291,1,213,0.10971
588.157,1,212.5,0.109697
589.023,1,212,0.109684
589.889,1,211.5,0.109672
590.755,1,211,0.10966
591.621,1,210.5,0.109648
592.487,1,210,0.109637
593.353,1,209.5,0.109627
594.219,1,209,0.109617
595.085,1,208.5,0.109607
595.951,1,208,0.109598
596.817,1,207.5,0.109589
597.683,1,207,0.109579
598.549,1,206.5,0.10957
599.415,1,206,0.109561
600.281,1,205.5,0.109552
601.147,1,205,0.109544
602.013,1,204.5,0.109535
602.879,1,204,0.109527
603.745,1,203.5,0.109519
604.611,1,203,0.109511
605.477,1,202.5,0.109503
606.344,1,202,0.109496
607.21,1,201.5,0.109488
608.076,1,201,0.109481
608.942,1,200.5,0.109474
609.808,1,200,0.109467
