x,y,z,b
90.1924,1,500,0.107564
91.0584,1,499.5,0.107543
91.9244,1,499,0.107523
92.7905,1,498.5,0.107502
93.6565,1,498,0.107481
94.5225,1,497.5,0.10746
95.3885,1,497,0.107439
96.2546,1,496.5,0.107414
97.1206,1,496,0.107388
97.9866,1,495.5,0.107362
98.8526,1,495,0.107335
99.7187,1,494.5,0.107308
100.585,1,494,0.107281
101.451,1,493.5,0.107252
102.317,1,493,0.107219
103.183,1,492.5,0.107186
104.049,1,492,0.107152
104.915,1,491.5,0.107118
105.781,1,491,0.107084
106.647,1,490.5,0.10705
107.513,1,490,0.107011
108.379,1,489.5,0.106971
109.245,1,489,0.106931
110.111,1,488.5,0.106891
110.977,1,488,0.10685
111.843,1,487.5,0.10681
112.709,1,487,0.106765
113.575,1,486.5,0.106719
114.441,1,486,0.106672
115.307,1,485.5,0.106625
116.173,1,485,0.106578
117.039,1,484.5,0.10653
117.905,1,484,0.10648
118.771,1,483.5,0.106427
119.637,1,483,0.106374
120.503,1,482.5,0.10632
121.369,1,482,0.106266
122.235,1,481.5,0.106211
123.101,1,481,0.106156
123.967,1,480.5,0.106095
124.833,1,480,0.106034
125.699,1,479.5,0.105972
126.565,1,479,0.10591
127.431,1,478.5,0.105847
128.297,1,478,0.105784
129.164,1,477.5,0.105716
130.03,1,477,0.105647
130.896,1,476.5,0.105577
131.762,1,476,0.105506
132.628,1,475.5,0.105434
133.494,1,475,0.105362
134.36,1,474.5,0.105287
135.226,1,474,0.105207
136.092,1,473.5,0.105126
136.958,1,473,0.105045
137.824,1,472.5,0.104963
138.69,1,472,0.10488
139.556,1,471.5,0.104795
140.422,1,471,0.104704
141.288,1,470.5,0.104612
142.154,1,470,0.104518
143.02,1,469.5,0.104425
143.886,1,469,0.10433
144.752,1,468.5,0.104234
145.618,1,468,0.104131
146.484,1,467.5,0.104025
147.35,1,467,0.103918
148.216,1,466.5,0.10381
149.082,1,466,0.103701
149.948,1,465.5,0.103591
150.814,1,465,0.103476
151.68,1,464.5,0.103356
152.546,1,464,0.103234
153.412,1,463.5,0.103111
154.278,1,463,0.102987
155.144,1,462.5,0.102862
156.01,1,462,0.102734
156.876,1,461.5,0.102597
157.742,1,461,0.102458
158.608,1,460.5,0.102318
159.474,1,460,0.102176
160.34,1,459.5,0.102033
161.206,1,459,0.101889
162.072,1,458.5,0.101735
162.939,1,458,0.101579
163.805,1,457.5,0.101421
164.671,1,457,0.101262
165.537,1,456.5,0.101102
166.403,1,456,0.100939
167.269,1,455.5,0.10077
168.135,1,455,0.100595
169.001,1,454.5,0.100418
169.867,1,454,0.10024
170.733,1,453.5,0.100059
171.599,1,453,0.0998777
172.465,1,452.5,0.0996934
173.331,1,452,0.0995045
174.197,1,451.5,0.0993138
175.063,1,451,0.0991211
175.929,1,450.5,0.098926
176.795,1,450,0.0987292
177.661,1,449.5,0.0985306
178.527,1,449,0.0983274
179.393,1,448.5,0.0981223
180.259,1,448,0.0979156
181.125,1,447.5,0.0977072
181.991,1,447,0.0974972
182.857,1,446.5,0.0972856
183.723,1,446,0.0970776
184.589,1,445.5,0.0968716
185.455,1,445,0.0966642
186.321,1,444.5,0.0964558
187.187,1,444,0.0962462
188.053,1,443.5,0.0960357
188.919,1,443,0.0958307
189.785,1,442.5,0.0956424
190.651,1,442,0.0954543
191.517,1,441.5,0.0952666
192.383,1,441,0.0950793
193.249,1,440.5,0.0948923
194.115,1,440,0.0947087
194.981,1,439.5,0.0945967
195.847,1,439,0.0944933
196.714,1,438.5,0.0943966
197.58,1,438,0.0943068
198.446,1,437.5,0.0942236
199.312,1,437,0.0941473
200.178,1,436.5,0.0941489
201.044,1,436,0.0941993
201.91,1,435.5,0.0942621
202.776,1,435,0.0943374
203.642,1,434.5,0.0944512
204.508,1,434,0.0946067
205.374,1,433.5,0.0948435
206.24,1,433,0.0952271
207.106,1,432.5,0.0956452
207.972,1,432,0.0960978
208.838,1,431.5,0.0965848
209.704,1,431,0.0971064
210.57,1,430.5,0.0976688
211.436,1,430,0.0985035
212.302,1,429.5,0.0993852
213.168,1,429,0.100435
214.034,1,428.5,0.101638
214.9,1,428,0.102919
215.766,1,427.5,0.104276
216.632,1,427,0.10589
217.498,1,426.5,0.107667
218.364,1,426,0.109537
219.23,1,425.5,0.1115
220.096,1,425,0.113556
220.962,1,424.5,0.115704
221.828,1,424,0.117973
222.694,1,423.5,0.120693
223.56,1,423,0.123659
224.426,1,422.5,0.1267
225.292,1,422,0.129817
226.158,1,421.5,0.133009
227.024,1,421,0.136239
227.89,1,420.5,0.139087
228.756,1,420,0.141937
229.622,1,419.5,0.144789
230.488,1,419,0.147643
231.355,1,418.5,0.1505
232.221,1,418,0.153421
233.087,1,417.5,0.155889
233.953,1,417,0.15818
234.819,1,416.5,0.160429
235.685,1,416,0.162635
236.551,1,415.5,0.164799
237.417,1,415,0.166919
238.283,1,414.5,0.168799
239.149,1,414,0.170371
240.015,1,413.5,0.171864
240.881,1,413,0.17328
241.747,1,412.5,0.17471
242.613,1,412,0.176056
243.479,1,411.5,0.177283
244.345,1,411,0.178347
245.211,1,410.5,0.179263
246.077,1,410,0.18003
246.943,1,409.5,0.180649
247.809,1,409,0.181119
248.675,1,408.5,0.181441
249.541,1,408,0.182131
250.407,1,407.5,0.182871
251.273,1,407,0.183502
252.139,1,406.5,0.184068
253.005,1,406,0.184578
253.871,1,405.5,0.185034
254.737,1,405,0.185618
255.603,1,404.5,0.186337
256.469,1,404,0.187019
257.335,1,403.5,0.187664
258.201,1,403,0.188272
259.067,1,402.5,0.188844
259.933,1,402,0.189505
260.799,1,401.5,0.190586
261.665,1,401,0.191633
262.531,1,400.5,0.192654
263.397,1,400,0.19365
264.263,1,399.5,0.194621
265.13,1,399,0.195566
265.996,1,398.5,0.197038
266.862,1,398,0.198656
267.728,1,397.5,0.200349
268.594,1,397,0.202119
269.46,1,396.5,0.203965
270.326,1,396,0.206
271.192,1,395.5,0.207847
272.058,1,395,0.209578
272.924,1,394.5,0.211367
273.79,1,394,0.213213
274.656,1,393.5,0.215116
275.522,1,393,0.217076
276.388,1,392.5,0.219081
277.254,1,392,0.221129
278.12,1,391.5,0.223268
278.986,1,391,0.225475
279.852,1,390.5,0.226989
280.718,1,390,0.228488
281.584,1,389.5,0.229973
282.45,1,389,0.231199
283.316,1,388.5,0.232446
284.182,1,388,0.233733
285.048,1,387.5,0.23506
285.914,1,387,0.236427
286.78,1,386.5,0.237833
287.646,1,386,0.239446
288.512,1,385.5,0.241436
289.378,1,385,0.245209
290.244,1,384.5,0.249358
291.11,1,384,0.253882
291.976,1,383.5,0.258782
292.842,1,383,0.264285
293.708,1,382.5,0.270465
294.574,1,382,0.27669
295.44,1,381.5,0.282962
296.306,1,381,0.28928
297.172,1,380.5,0.295645
298.038,1,380,0.301648
298.905,1,379.5,0.298668
299.771,1,379,0.296064
300.637,1,378.5,0.293903
301.503,1,378,0.292186
302.369,1,377.5,0.290913
303.235,1,377,0.290083
304.101,1,376.5,0.282131
304.967,1,376,0.270555
305.833,1,375.5,0.258906
306.699,1,375,0.247183
307.565,1,374.5,0.235691
308.431,1,374,0.225919
309.297,1,373.5,0.219309
310.163,1,373,0.215876
311.029,1,372.5,0.211177
311.895,1,372,0.205209
312.761,1,371.5,0.197974
313.627,1,371,0.189472
314.493,1,370.5,0.180387
315.359,1,370,0.18473
316.225,1,369.5,0.188772
317.091,1,369,0.192718
317.957,1,368.5,0.196463
318.823,1,368,0.199248
319.689,1,367.5,0.201072
320.555,1,367,0.206303
321.421,1,366.5,0.213229
322.287,1,366,0.220405
323.153,1,365.5,0.227832
324.019,1,365,0.23551
324.885,1,364.5,0.243439
325.751,1,364,0.249122
326.617,1,363.5,0.251362
327.483,1,363,0.253585
328.349,1,362.5,0.256
329.215,1,362,0.258606
330.081,1,361.5,0.261404
330.947,1,361,0.264075
331.813,1,360.5,0.264043
332.679,1,360,0.264055
333.546,1,359.5,0.264111
334.412,1,359,0.264211
335.278,1,358.5,0.264354
336.144,1,358,0.264613
337.01,1,357.5,0.263672
337.876,1,357,0.262483
338.742,1,356.5,0.26143
339.608,1,356,0.260514
340.474,1,355.5,0.259734
341.34,1,355,0.259092
342.206,1,354.5,0.257799
343.072,1,354,0.256005
343.938,1,353.5,0.254674
344.804,1,353,0.253805
345.67,1,352.5,0.252549
346.536,1,352,0.25036
347.402,1,351.5,0.250787
348.268,1,351,0.265183
349.134,1,350.5,0.278446
350,1,350,0.290577
350.866,1,349.5,0.301576
351.732,1,349,0.311443
352.598,1,348.5,0.320177
353.464,1,348,0.305058
354.33,1,347.5,0.288279
355.196,1,347,0.275197
356.062,1,346.5,0.264921
356.928,1,346,0.256506
357.794,1,345.5,0.249952
358.66,1,345,0.244508
359.526,1,344.5,0.239827
360.392,1,344,0.236445
361.258,1,343.5,0.234365
362.124,1,343,0.233584
362.99,1,342.5,0.234104
363.856,1,342,0.234009
364.722,1,341.5,0.224545
365.588,1,341,0.214197
366.454,1,340.5,0.204476
367.321,1,340,0.195382
368.187,1,339.5,0.186915
369.053,1,339,0.179076
369.919,1,338.5,0.176659
370.785,1,338,0.172661
371.651,1,337.5,0.166391
372.517,1,337,0.157851
373.383,1,336.5,0.147039
374.249,1,336,0.134783
375.115,1,335.5,0.131723
375.981,1,335,0.134869
376.847,1,334.5,0.137427
377.713,1,334,0.139397
378.579,1,333.5,0.14078
379.445,1,333,0.141575
380.311,1,332.5,0.141937
381.177,1,332,0.142531
382.043,1,331.5,0.14317
382.909,1,331,0.143852
383.775,1,330.5,0.144615
384.641,1,330,0.145343
385.507,1,329.5,0.146007
386.373,1,329,0.144703
387.239,1,328.5,0.143332
388.105,1,328,0.141988
388.971,1,327.5,0.140671
389.837,1,327,0.139382
390.703,1,326.5,0.138119
391.569,1,326,0.136611
392.435,1,325.5,0.134969
393.301,1,325,0.133275
394.167,1,324.5,0.131581
395.033,1,324,0.129905
395.899,1,323.5,0.12825
396.765,1,323,0.126787
397.631,1,322.5,0.125707
398.497,1,322,0.124649
399.363,1,321.5,0.123612
400.229,1,321,0.122598
401.095,1,320.5,0.121604
401.962,1,320,0.120637
402.828,1,319.5,0.120093
403.694,1,319,0.119559
404.56,1,318.5,0.119042
405.426,1,318,0.118542
406.292,1,317.5,0.118058
407.158,1,317,0.117591
408.024,1,316.5,0.117324
408.89,1,316,0.117145
409.756,1,315.5,0.116973
410.622,1,315,0.116807
411.488,1,314.5,0.116648
412.354,1,314,0.116488
413.22,1,313.5,0.116381
414.086,1,313,0.11635
414.952,1,312.5,0.116318
415.818,1,312,0.116286
416.684,1,311.5,0.116254
417.55,1,311,0.11622
418.416,1,310.5,0.116194
419.282,1,310,0.11626
420.148,1,309.5,0.116321
421.014,1,309,0.116375
421.88,1,308.5,0.116439
422.746,1,308,0.116499
423.612,1,307.5,0.116554
424.478,1,307,0.116653
425.344,1,306.5,0.116759
426.21,1,306,0.116857
427.076,1,305.5,0.116946
427.942,1,305,0.117028
428.808,1,304.5,0.117101
429.674,1,304,0.117183
430.54,1,303.5,0.117281
431.406,1,303,0.117391
432.272,1,302.5,0.117495
433.138,1,302,0.117592
434.004,1,301.5,0.117684
434.87,1,301,0.117771
435.737,1,300.5,0.117866
436.603,1,300,0.117957
437.469,1,299.5,0.118045
438.335,1,299,0.118128
439.201,1,298.5,0.118208
440.067,1,298,0.118285
440.933,1,297.5,0.118367
441.799,1,297,0.118445
442.665,1,296.5,0.11852
443.531,1,296,0.118592
444.397,1,295.5,0.118662
445.263,1,295,0.118728
446.129,1,294.5,0.118785
446.995,1,294,0.118835
447.861,1,293.5,0.118882
448.727,1,293,0.118929
449.593,1,292.5,0.118974
450.459,1,292,0.119019
451.325,1,291.5,0.119059
452.191,1,291,0.119081
453.057,1,290.5,0.119103
453.923,1,290,0.119123
454.789,1,289.5,0.119141
455.655,1,289,0.119157
456.521,1,288.5,0.119173
457.387,1,288,0.11917
458.253,1,287.5,0.119164
459.119,1,287,0.119158
459.985,1,286.5,0.11915
460.851,1,286,0.11914
461.717,1,285.5,0.119129
462.583,1,285,0.119106
463.449,1,284.5,0.119073
464.315,1,284,0.119038
465.181,1,283.5,0.119002
466.047,1,283,0.118964
466.913,1,282.5,0.118925
467.779,1,282,0.11888
468.645,1,281.5,0.118822
469.512,1,281,0.118766
470.378,1,280.5,0.118708
471.244,1,280,0.118649
472.11,1,279.5,0.118588
472.976,1,279,0.118525
473.842,1,278.5,0.118449
474.708,1,278,0.11837
475.574,1,277.5,0.118289
476.44,1,277,0.118206
477.306,1,276.5,0.118122
478.172,1,276,0.11804
479.038,1,275.5,0.117959
479.904,1,275,0.117872
480.77,1,274.5,0.117784
481.636,1,274,0.117695
482.502,1,273.5,0.117604
483.368,1,273,0.117512
484.234,1,272.5,0.117415
485.1,1,272,0.117306
485.966,1,271.5,0.117197
486.832,1,271,0.117086
487.698,1,270.5,0.116981
488.564,1,270,0.116884
489.43,1,269.5,0.116786
490.296,1,269,0.116673
491.162,1,268.5,0.11656
492.028,1,268,0.116447
492.894,1,267.5,0.116334
493.76,1,267,0.11622
494.626,1,266.5,0.116107
495.492,1,266,0.115986
496.358,1,265.5,0.115862
497.224,1,265,0.115744
498.09,1,264.5,0.115633
498.956,1,264,0.115522
499.822,1,263.5,0.115412
500.688,1,263,0.115299
501.554,1,262.5,0.115179
502.42,1,262,0.11506
503.286,1,261.5,0.114941
504.153,1,261,0.114823
505.019,1,260.5,0.114706
505.885,1,260,0.11459
506.751,1,259.5,0.114474
507.617,1,259,0.114363
508.483,1,258.5,0.114253
509.349,1,258,0.114145
510.215,1,257.5,0.114037
511.081,1,257,0.11393
511.947,1,256.5,0.11382
512.813,1,256,0.11371
513.679,1,255.5,0.113602
514.545,1,255,0.113494
515.411,1,254.5,0.113388
516.277,1,254,0.11329
517.143,1,253.5,0.113197
518.009,1,253,0.113102
518.875,1,252.5,0.113008
519.741,1,252,0.112915
520.607,1,251.5,0.112824
521.473,1,251,0.112734
522.339,1,250.5,0.112645
523.205,1,250,0.112555
524.071,1,249.5,0.112466
524.937,1,249,0.112378
525.803,1,248.5,0.1123
526.669,1,248,0.112227
527.535,1,247.5,0.112155
528.401,1,247,0.112084
529.267,1,246.5,0.112013
530.133,1,246,0.111944
530.999,1,245.5,0.111876
531.865,1,245,0.111809
532.731,1,244.5,0.111743
533.597,1,244,0.111678
534.463,1,243.5,0.111614
535.329,1,243,0.111555
536.195,1,242.5,0.111498
537.061,1,242,0.111441
537.928,1,241.5,0.111386
538.794,1,241,0.111332
539.66,1,240.5,0.111278
540.526,1,240,0.111226
541.392,1,239.5,0.111174
542.258,1,239,0.111123
543.124,1,238.5,0.111073
543.99,1,238,0.111024
544.856,1,237.5,0.110978
545.722,1,237,0.110935
546.588,1,236.5,0.110892
547.454,1,236,0.11085
548.32,1,235.5,0.110809
549.186,1,235,0.110768
550.052,1,234.5,0.110728
550.918,1,234,0.110688
551.784,1,233.5,0.110649
552.65,1,233,0.11061
553.516,1,232.5,0.110572
554.382,1,232,0.110537
555.248,1,231.5,0.110502
556.114,1,231,0.110468
556.98,1,230.5,0.110434
557.846,1,230,0.110401
558.712,1,229.5,0.110368
559.578,1,229,0.110335
560.444,1,228.5,0.110303
561.31,1,228,0.110272
562.176,1,227.5,0.110242
563.042,1,227,0.110212
563.908,1,226.5,0.110185
564.774,1,226,0.110159
565.64,1,225.5,0.110134
566.506,1,225,0.110109
567.372,1,224.5,0.110084
568.238,1,224,0.110061
569.104,1,223.5,0.110037
569.97,1,223,0.110014
570.836,1,222.5,0.109991
571.703,1,222,0.109969
572.569,1,221.5,0.109947
573.435,1,221,0.109927
574.301,1,220.5,0.109907
575.167,1,220,0.109888
576.033,1,219.5,0.109869
576.899,1,219,0.10985
577.765,1,218.5,0.109832
578.631,1,218,0.109813
579.497,1,217.5,0.109795
580.363,1,217,0.109778
581.229,1,216.5,0.10976
582.095,1,216,0.109743
582.961,1,215.5,0.109728
583.827,1,215,0.109713
584.693,1,214.5,0.109699
585.559,1,214,0.109684
586.425,1,213.5,0.10967
587.291,1,213,0.109656
588.157,1,212.5,0.109643
589.023,1,212,0.109629
589.889,1,211.5,0.109616
590.755,1,211,0.109603
591.621,1,210.5,0.10959
592.487,1,210,0.109579
593.353,1,209.5,0.109568
594.219,1,209,0.109558
595.085,1,208.5,0.109548
595.951,1,208,0.109538
596.817,1,207.5,0.109528
597.683,1,207,0.109518
598.549,1,206.5,0.109509
599.415,1,206,0.109499
600.281,1,205.5,0.10949
601.147,1,205,0.109481
602.013,1,204.5,0.109473
602.879,1,204,0.109464
603.745,1,203.5,0.109456
604.611,1,203,0.109448
605.477,1,202.5,0.10944
606.344,1,202,0.109432
607.21,1,201.5,0.109425
608.076,1,201,0.109418
608.942,1,200.5,0.10941
609.808,1,200,0.109404
