x,y,z,b
90.1924,1,500,0.109117
91.0584,1,499.5,0.109117
91.9244,1,499,0.109118
92.7905,1,498.5,0.109118
93.6565,1,498,0.109118
94.5225,1,497.5,0.109118
95.3885,1,497,0.109118
96.2546,1,496.5,0.109118
97.1206,1,496,0.109118
97.9866,1,495.5,0.109118
98.8526,1,495,0.109118
99.7187,1,494.5,0.109118
100.585,1,494,0.109118
101.451,1,493.5,0.109118
102.317,1,493,0.109118
103.183,1,492.5,0.109118
104.049,1,492,0.109118
104.915,1,491.5,0.109119
105.781,1,491,0.109119
106.647,1,490.5,0.109119
107.513,1,490,0.109119
108.379,1,489.5,0.109119
109.245,1,489,0.109119
110.111,1,488.5,0.109119
110.977,1,488,0.109119
111.843,1,487.5,0.109119
112.709,1,487,0.109119
113.575,1,486.5,0.109119
114.441,1,486,0.109119
115.307,1,485.5,0.109119
116.173,1,485,0.109119
117.039,1,484.5,0.10912
117.905,1,484,0.10912
118.771,1,483.5,0.10912
119.637,1,483,0.10912
120.503,1,482.5,0.10912
121.369,1,482,0.10912
122.235,1,481.5,0.10912
123.101,1,481,0.10912
123.967,1,480.5,0.10912
124.833,1,480,0.10912
125.699,1,479.5,0.10912
126.565,1,479,0.10912
127.431,1,478.5,0.109121
128.297,1,478,0.109121
129.164,1,477.5,0.109121
130.03,1,477,0.109121
130.896,1,476.5,0.109121
131.762,1,476,0.109121
132.628,1,475.5,0.109121
133.494,1,475,0.109121
134.36,1,474.5,0.109121
135.226,1,474,0.109121
136.092,1,473.5,0.109121
136.958,1,473,0.109122
137.824,1,472.5,0.109122
138.69,1,472,0.109122
139.556,1,471.5,0.109122
140.422,1,471,0.109122
141.288,1,470.5,0.109122
142.154,1,470,0.109122
143.02,1,469.5,0.109122
143.886,1,469,0.109122
144.752,1,468.5,0.109122
145.618,1,468,0.109123
146.484,1,467.5,0.109123
147.35,1,467,0.109123
148.216,1,466.5,0.109123
149.082,1,466,0.109123
149.948,1,465.5,0.109123
150.814,1,465,0.109124
151.68,1,464.5,0.109124
152.546,1,464,0.109124
153.412,1,463.5,0.109124
154.278,1,463,0.109124
155.144,1,462.5,0.109124
156.01,1,462,0.109124
156.876,1,461.5,0.109125
157.742,1,461,0.109125
158.608,1,460.5,0.109125
159.474,1,460,0.109125
160.34,1,459.5,0.109125
161.206,1,459,0.109126
162.072,1,458.5,0.109126
162.939,1,458,0.109126
163.805,1,457.5,0.109126
164.671,1,457,0.109126
165.537,1,456.5,0.109127
166.403,1,456,0.109127
167.269,1,455.5,0.109127
168.135,1,455,0.109127
169.001,1,454.5,0.109127
169.867,1,454,0.109128
170.733,1,453.5,0.109128
171.599,1,453,0.109128
172.465,1,452.5,0.109128
173.331,1,452,0.109129
174.197,1,451.5,0.109129
175.063,1,451,0.109129
175.929,1,450.5,0.109129
176.795,1,450,0.10913
177.661,1,449.5,0.10913
178.527,1,449,0.10913
179.393,1,448.5,0.109131
180.259,1,448,0.109131
181.125,1,447.5,0.109131
181.991,1,447,0.109131
182.857,1,446.5,0.109132
183.723,1,446,0.109132
184.589,1,445.5,0.109132
185.455,1,445,0.109133
186.321,1,444.5,0.109133
187.187,1,444,0.109133
188.053,1,443.5,0.109134
188.919,1,443,0.109134
189.785,1,442.5,0.109134
190.651,1,442,0.109135
191.517,1,441.5,0.109135
192.383,1,441,0.109136
193.249,1,440.5,0.109136
194.115,1,440,0.109137
194.981,1,439.5,0.109137
195.847,1,439,0.109137
196.714,1,438.5,0.109138
197.58,1,438,0.109138
198.446,1,437.5,0.109139
199.312,1,437,0.109139
200.178,1,436.5,0.10914
201.044,1,436,0.10914
201.91,1,435.5,0.109141
202.776,1,435,0.109141
203.642,1,434.5,0.109142
204.508,1,434,0.109142
205.374,1,433.5,0.109143
206.24,1,433,0.109144
207.106,1,432.5,0.109144
207.972,1,432,0.109145
208.838,1,431.5,0.109146
209.704,1,431,0.109146
210.57,1,430.5,0.109147
211.436,1,430,0.109148
212.302,1,429.5,0.109148
213.168,1,429,0.109149
214.034,1,428.5,0.10915
214.9,1,428,0.109151
215.766,1,427.5,0.109152
216.632,1,427,0.109152
217.498,1,426.5,0.109153
218.364,1,426,0.109154
219.23,1,425.5,0.109155
220.096,1,425,0.109156
220.962,1,424.5,0.109157
221.828,1,424,0.109158
222.694,1,423.5,0.109159
223.56,1,423,0.10916
224.426,1,422.5,0.109161
225.292,1,422,0.109162
226.158,1,421.5,0.109163
227.024,1,421,0.109164
227.89,1,420.5,0.109166
228.756,1,420,0.109167
229.622,1,419.5,0.109168
230.488,1,419,0.10917
231.355,1,418.5,0.109171
232.221,1,418,0.109172
233.087,1,417.5,0.109174
233.953,1,417,0.109175
234.819,1,416.5,0.109177
235.685,1,416,0.109178
236.551,1,415.5,0.10918
237.417,1,415,0.109182
238.283,1,414.5,0.109183
239.149,1,414,0.109185
240.015,1,413.5,0.109187
240.881,1,413,0.109189
241.747,1,412.5,0.109191
242.613,1,412,0.109193
243.479,1,411.5,0.109195
244.345,1,411,0.109197
245.211,1,410.5,0.109199
246.077,1,410,0.109202
246.943,1,409.5,0.109204
247.809,1,409,0.109207
248.675,1,408.5,0.109209
249.541,1,408,0.109212
250.407,1,407.5,0.109215
251.273,1,407,0.109218
252.139,1,406.5,0.10922
253.005,1,406,0.109223
253.871,1,405.5,0.109226
254.737,1,405,0.109229
255.603,1,404.5,0.109233
256.469,1,404,0.109236
257.335,1,403.5,0.109239
258.201,1,403,0.109243
259.067,1,402.5,0.109246
259.933,1,402,0.10925
260.799,1,401.5,0.109254
261.665,1,401,0.109259
262.531,1,400.5,0.109264
263.397,1,400,0.109269
264.263,1,399.5,0.109274
265.13,1,399,0.109279
265.996,1,398.5,0.109285
266.862,1,398,0.109291
267.728,1,397.5,0.109296
268.594,1,397,0.109302
269.46,1,396.5,0.109308
270.326,1,396,0.109314
271.192,1,395.5,0.10932
272.058,1,395,0.109327
272.924,1,394.5,0.109334
273.79,1,394,0.109342
274.656,1,393.5,0.109349
275.522,1,393,0.109356
276.388,1,392.5,0.109364
277.254,1,392,0.109371
278.12,1,391.5,0.109378
278.986,1,391,0.109386
279.852,1,390.5,0.109396
280.718,1,390,0.109406
281.584,1,389.5,0.109416
282.45,1,389,0.10943
283.316,1,388.5,0.109444
284.182,1,388,0.109459
285.048,1,387.5,0.109475
285.914,1,387,0.109492
286.78,1,386.5,0.109509
287.646,1,386,0.109524
288.512,1,385.5,0.109538
289.378,1,385,0.109548
290.244,1,384.5,0.109557
291.11,1,384,0.109567
291.976,1,383.5,0.109577
292.842,1,383,0.109589
293.708,1,382.5,0.109606
294.574,1,382,0.109622
295.44,1,381.5,0.109638
296.306,1,381,0.109654
297.172,1,380.5,0.109669
298.038,1,380,0.109687
298.905,1,379.5,0.109705
299.771,1,379,0.109722
300.637,1,378.5,0.109739
301.503,1,378,0.109756
302.369,1,377.5,0.109772
303.235,1,377,0.109787
304.101,1,376.5,0.109812
304.967,1,376,0.109843
305.833,1,375.5,0.109876
306.699,1,375,0.10991
307.565,1,374.5,0.109941
308.431,1,374,0.109954
309.297,1,373.5,0.109955
310.163,1,373,0.109936
311.029,1,372.5,0.109919
311.895,1,372,0.109903
312.761,1,371.5,0.109887
313.627,1,371,0.109873
314.493,1,370.5,0.109858
315.359,1,370,0.109812
316.225,1,369.5,0.109762
317.091,1,369,0.109704
317.957,1,368.5,0.109625
318.823,1,368,0.109531
319.689,1,367.5,0.109422
320.555,1,367,0.109361
321.421,1,366.5,0.109321
322.287,1,366,0.109282
323.153,1,365.5,0.109243
324.019,1,365,0.109206
324.885,1,364.5,0.10917
325.751,1,364,0.108872
326.617,1,363.5,0.108163
327.483,1,363,0.107397
328.349,1,362.5,0.106569
329.215,1,362,0.105678
330.081,1,361.5,0.104723
330.947,1,361,0.1039
331.813,1,360.5,0.104832
332.679,1,360,0.105879
333.546,1,359.5,0.107044
334.412,1,359,0.108325
335.278,1,358.5,0.109723
336.144,1,358,0.110803
337.01,1,357.5,0.104997
337.876,1,357,0.0966729
338.742,1,356.5,0.0874239
339.608,1,356,0.0772506
340.474,1,355.5,0.0661528
341.34,1,355,0.0541306
342.206,1,354.5,0.049481
343.072,1,354,0.0539504
343.938,1,353.5,0.0585385
344.804,1,353,0.0632451
345.67,1,352.5,0.067436
346.536,1,352,0.067594
347.402,1,351.5,0.0672919
348.268,1,351,0.0849101
349.134,1,350.5,0.0989215
350,1,350,0.109326
350.866,1,349.5,0.116124
351.732,1,349,0.119314
352.598,1,348.5,0.118898
353.464,1,348,0.107507
354.33,1,347.5,0.0972186
355.196,1,347,0.0976997
356.062,1,346.5,0.10478
356.928,1,346,0.110606
357.794,1,345.5,0.115177
358.66,1,345,0.117172
359.526,1,344.5,0.117655
360.392,1,344,0.118092
361.258,1,343.5,0.118484
362.124,1,343,0.118831
362.99,1,342.5,0.119133
363.856,1,342,0.118756
364.722,1,341.5,0.118144
365.588,1,341,0.118821
366.454,1,340.5,0.119133
367.321,1,340,0.119082
368.187,1,339.5,0.118666
369.053,1,339,0.117886
369.919,1,338.5,0.117194
370.785,1,338,0.116384
371.651,1,337.5,0.115417
372.517,1,337,0.114292
373.383,1,336.5,0.113008
374.249,1,336,0.11263
375.115,1,335.5,0.112679
375.981,1,335,0.112637
376.847,1,334.5,0.112573
377.713,1,334,0.112488
378.579,1,333.5,0.11238
379.445,1,333,0.112251
380.311,1,332.5,0.112124
381.177,1,332,0.112026
382.043,1,331.5,0.111883
382.909,1,331,0.111695
383.775,1,330.5,0.111463
384.641,1,330,0.11122
385.507,1,329.5,0.110973
386.373,1,329,0.11075
387.239,1,328.5,0.110527
388.105,1,328,0.110305
388.971,1,327.5,0.110082
389.837,1,327,0.109859
390.703,1,326.5,0.109636
391.569,1,326,0.109429
392.435,1,325.5,0.109244
393.301,1,325,0.109137
394.167,1,324.5,0.109053
395.033,1,324,0.108975
395.899,1,323.5,0.108901
396.765,1,323,0.108845
397.631,1,322.5,0.108818
398.497,1,322,0.108794
399.363,1,321.5,0.108772
400.229,1,321,0.108754
401.095,1,320.5,0.108738
401.962,1,320,0.108726
402.828,1,319.5,0.108722
403.694,1,319,0.108718
404.56,1,318.5,0.108714
405.426,1,318,0.108711
406.292,1,317.5,0.108708
407.158,1,317,0.108706
408.024,1,316.5,0.108709
408.89,1,316,0.108715
409.756,1,315.5,0.108722
410.622,1,315,0.108729
411.488,1,314.5,0.108736
412.354,1,314,0.108745
413.22,1,313.5,0.108755
414.086,1,313,0.108768
414.952,1,312.5,0.10878
415.818,1,312,0.108792
416.684,1,311.5,0.108803
417.55,1,311,0.108814
418.416,1,310.5,0.108825
419.282,1,310,0.108838
420.148,1,309.5,0.10885
421.014,1,309,0.108863
421.88,1,308.5,0.10887
422.746,1,308,0.108878
423.612,1,307.5,0.108885
424.478,1,307,0.108893
425.344,1,306.5,0.1089
426.21,1,306,0.108908
427.076,1,305.5,0.108915
427.942,1,305,0.108923
428.808,1,304.5,0.10893
429.674,1,304,0.108937
430.54,1,303.5,0.108944
431.406,1,303,0.10895
432.272,1,302.5,0.108957
433.138,1,302,0.108963
434.004,1,301.5,0.108969
434.87,1,301,0.108975
435.737,1,300.5,0.108981
436.603,1,300,0.108987
437.469,1,299.5,0.108992
438.335,1,299,0.108997
439.201,1,298.5,0.109002
440.067,1,298,0.109007
440.933,1,297.5,0.10901
441.799,1,297,0.109014
442.665,1,296.5,0.109017
443.531,1,296,0.109021
444.397,1,295.5,0.109024
445.263,1,295,0.109027
446.129,1,294.5,0.10903
446.995,1,294,0.109033
447.861,1,293.5,0.109036
448.727,1,293,0.109039
449.593,1,292.5,0.109042
450.459,1,292,0.109044
451.325,1,291.5,0.109047
452.191,1,291,0.109049
453.057,1,290.5,0.109051
453.923,1,290,0.109054
454.789,1,289.5,0.109056
455.655,1,289,0.109058
456.521,1,288.5,0.10906
457.387,1,288,0.109062
458.253,1,287.5,0.109064
459.119,1,287,0.109066
459.985,1,286.5,0.109067
460.851,1,286,0.109069
461.717,1,285.5,0.10907
462.583,1,285,0.109072
463.449,1,284.5,0.109073
464.315,1,284,0.109074
465.181,1,283.5,0.109076
466.047,1,283,0.109077
466.913,1,282.5,0.109078
467.779,1,282,0.109079
468.645,1,281.5,0.10908
469.512,1,281,0.109081
470.378,1,280.5,0.109082
471.244,1,280,0.109083
472.11,1,279.5,0.109084
472.976,1,279,0.109085
473.842,1,278.5,0.109086
474.708,1,278,0.109087
475.574,1,277.5,0.109088
476.44,1,277,0.109089
477.306,1,276.5,0.10909
478.172,1,276,0.109091
479.038,1,275.5,0.109091
479.904,1,275,0.109092
480.77,1,274.5,0.109093
481.636,1,274,0.109093
482.502,1,273.5,0.109094
483.368,1,273,0.109094
484.234,1,272.5,0.109095
485.1,1,272,0.109096
485.966,1,271.5,0.109096
486.832,1,271,0.109097
487.698,1,270.5,0.109097
488.564,1,270,0.109098
489.43,1,269.5,0.109098
490.296,1,269,0.109099
491.162,1,268.5,0.109099
492.028,1,268,0.1091
492.894,1,267.5,0.1091
493.76,1,267,0.1091
494.626,1,266.5,0.109101
495.492,1,266,0.109101
496.358,1,265.5,0.109102
497.224,1,265,0.109102
498.09,1,264.5,0.109102
498.956,1,264,0.109103
499.822,1,263.5,0.109103
500.688,1,263,0.109103
501.554,1,262.5,0.109104
502.42,1,262,0.109104
503.286,1,261.5,0.109104
504.153,1,261,0.109104
505.019,1,260.5,0.109105
505.885,1,260,0.109105
506.751,1,259.5,0.109105
507.617,1,259,0.109105
508.483,1,258.5,0.109106
509.349,1,258,0.109106
510.215,1,257.5,0.109106
511.081,1,257,0.109106
511.947,1,256.5,0.109107
512.813,1,256,0.109107
513.679,1,255.5,0.109107
514.545,1,255,0.109107
515.411,1,254.5,0.109108
516.277,1,254,0.109108
517.143,1,253.5,0.109108
518.009,1,253,0.109108
518.875,1,252.5,0.109108
519.741,1,252,0.109108
520.607,1,251.5,0.109109
521.473,1,251,0.109109
522.339,1,250.5,0.109109
523.205,1,250,0.109109
524.071,1,249.5,0.109109
524.937,1,249,0.109109
525.803,1,248.5,0.109109
526.669,1,248,0.10911
527.535,1,247.5,0.10911
528.401,1,247,0.10911
529.267,1,246.5,0.10911
530.133,1,246,0.10911
530.999,1,245.5,0.10911
531.865,1,245,0.10911
532.731,1,244.5,0.10911
533.597,1,244,0.109111
534.463,1,243.5,0.109111
535.329,1,243,0.109111
536.195,1,242.5,0.109111
537.061,1,242,0.109111
537.928,1,241.5,0.109111
538.794,1,241,0.109111
539.66,1,240.5,0.109111
540.526,1,240,0.109111
541.392,1,239.5,0.109111
542.258,1,239,0.109111
543.124,1,238.5,0.109112
543.99,1,238,0.109112
544.856,1,237.5,0.109112
545.722,1,237,0.109112
546.588,1,236.5,0.109112
547.454,1,236,0.109112
548.32,1,235.5,0.109112
549.186,1,235,0.109112
550.052,1,234.5,0.109112
550.918,1,234,0.109112
551.784,1,233.5,0.109112
552.65,1,233,0.109112
553.516,1,232.5,0.109112
554.382,1,232,0.109112
555.248,1,231.5,0.109112
556.114,1,231,0.109112
556.98,1,230.5,0.109112
557.846,1,230,0.109113
558.712,1,229.5,0.109113
559.578,1,229,0.109113
560.444,1,228.5,0.109113
561.31,1,228,0.109113
562.176,1,227.5,0.109113
563.042,1,227,0.109113
563.908,1,226.5,0.109113
564.774,1,226,0.109113
565.64,1,225.5,0.109113
566.506,1,225,0.109113
567.372,1,224.5,0.109113
568.238,1,224,0.109113
569.104,1,223.5,0.109113
569.97,1,223,0.109113
570.836,1,222.5,0.109113
571.703,1,222,0.109113
572.569,1,221.5,0.109113
573.435,1,221,0.109113
574.301,1,220.5,0.109113
575.167,1,220,0.109113
576.033,1,219.5,0.109113
576.899,1,219,0.109113
577.765,1,218.5,0.109113
578.631,1,218,0.109113
579.497,1,217.5,0.109113
580.363,1,217,0.109113
581.229,1,216.5,0.109113
582.095,1,216,0.109113
582.961,1,215.5,0.109113
583.827,1,215,0.109113
584.693,1,214.5,0.109113
585.559,1,214,0.109113
586.425,1,213.5,0.109113
587.291,1,213,0.109113
588.157,1,212.5,0.109114
589.023,1,212,0.109114
589.889,1,211.5,0.109114
590.755,1,211,0.109114
591.621,1,210.5,0.109114
592.487,1,210,0.109114
593.353,1,209.5,0.109114
594.219,1,209,0.109114
595.085,1,208.5,0.109114
595.951,1,208,0.109114
596.817,1,207.5,0.109114
597.683,1,207,0.109114
598.549,1,206.5,0.109114
599.415,1,206,0.109114
600.281,1,205.5,0.109114
601.147,1,205,0.109114
602.013,1,204.5,0.109114
602.879,1,204,0.109114
603.745,1,203.5,0.109114
604.611,1,203,0.109114
605.477,1,202.5,0.109114
606.344,1,202,0.109114
607.21,1,201.5,0.109114
608.076,1,201,0.109114
608.942,1,200.5,0.109114
609.808,1,200,0.109114
