x,y,z,b
90.1924,1,500,0.107433
91.0584,1,499.5,0.107411
91.9244,1,499,0.107389
92.7905,1,498.5,0.107366
93.6565,1,498,0.107343
94.5225,1,497.5,0.10732
95.3885,1,497,0.107297
96.2546,1,496.5,0.107271
97.1206,1,496,0.107242
97.9866,1,495.5,0.107214
98.8526,1,495,0.107185
99.7187,1,494.5,0.107155
100.585,1,494,0.107126
101.451,1,493.5,0.107094
102.317,1,493,0.107058
103.183,1,492.5,0.107023
104.049,1,492,0.106986
104.915,1,491.5,0.10695
105.781,1,491,0.106913
106.647,1,490.5,0.106875
107.513,1,490,0.106833
108.379,1,489.5,0.10679
109.245,1,489,0.106747
110.111,1,488.5,0.106704
110.977,1,488,0.10666
111.843,1,487.5,0.106616
112.709,1,487,0.106568
113.575,1,486.5,0.106518
114.441,1,486,0.106468
115.307,1,485.5,0.106417
116.173,1,485,0.106366
117.039,1,484.5,0.106315
117.905,1,484,0.106261
118.771,1,483.5,0.106204
119.637,1,483,0.106147
120.503,1,482.5,0.106089
121.369,1,482,0.106031
122.235,1,481.5,0.105972
123.101,1,481,0.105913
123.967,1,480.5,0.105848
124.833,1,480,0.105782
125.699,1,479.5,0.105716
126.565,1,479,0.10565
127.431,1,478.5,0.105582
128.297,1,478,0.105515
129.164,1,477.5,0.105442
130.03,1,477,0.105368
130.896,1,476.5,0.105293
131.762,1,476,0.105218
132.628,1,475.5,0.105142
133.494,1,475,0.105065
134.36,1,474.5,0.104984
135.226,1,474,0.1049
136.092,1,473.5,0.104814
136.958,1,473,0.104728
137.824,1,472.5,0.10464
138.69,1,472,0.104552
139.556,1,471.5,0.104462
140.422,1,471,0.104366
141.288,1,470.5,0.104268
142.154,1,470,0.10417
143.02,1,469.5,0.10407
143.886,1,469,0.10397
144.752,1,468.5,0.103869
145.618,1,468,0.103761
146.484,1,467.5,0.103649
147.35,1,467,0.103537
148.216,1,466.5,0.103423
149.082,1,466,0.103309
149.948,1,465.5,0.103193
150.814,1,465,0.103073
151.68,1,464.5,0.102947
152.546,1,464,0.10282
153.412,1,463.5,0.102692
154.278,1,463,0.102563
155.144,1,462.5,0.102432
156.01,1,462,0.102299
156.876,1,461.5,0.102156
157.742,1,461,0.102013
158.608,1,460.5,0.101868
159.474,1,460,0.101721
160.34,1,459.5,0.101574
161.206,1,459,0.101424
162.072,1,458.5,0.101267
162.939,1,458,0.101108
163.805,1,457.5,0.100947
164.671,1,457,0.100784
165.537,1,456.5,0.10062
166.403,1,456,0.100454
167.269,1,455.5,0.100282
168.135,1,455,0.100106
169.001,1,454.5,0.0999286
169.867,1,454,0.0997494
170.733,1,453.5,0.0995686
171.599,1,453,0.0993863
172.465,1,452.5,0.0992023
173.331,1,452,0.0990163
174.197,1,451.5,0.0988288
175.063,1,451,0.0986396
175.929,1,450.5,0.0984483
176.795,1,450,0.0982555
177.661,1,449.5,0.0980612
178.527,1,449,0.0978675
179.393,1,448.5,0.0976728
180.259,1,448,0.0974769
181.125,1,447.5,0.0972797
181.991,1,447,0.0970814
182.857,1,446.5,0.0968818
183.723,1,446,0.0966908
184.589,1,445.5,0.0965059
185.455,1,445,0.0963211
186.321,1,444.5,0.0961364
187.187,1,444,0.0959515
188.053,1,443.5,0.0957666
188.919,1,443,0.0955943
189.785,1,442.5,0.0954558
190.651,1,442,0.0953203
191.517,1,441.5,0.0951878
192.383,1,441,0.0950582
193.249,1,440.5,0.0949316
194.115,1,440,0.0948136
194.981,1,439.5,0.094785
195.847,1,439,0.0947683
196.714,1,438.5,0.0947612
197.58,1,438,0.0947637
198.446,1,437.5,0.0947758
199.312,1,437,0.0947975
200.178,1,436.5,0.0949145
201.044,1,436,0.0950915
201.91,1,435.5,0.0952848
202.776,1,435,0.0954944
203.642,1,434.5,0.0957543
204.508,1,434,0.0960688
205.374,1,433.5,0.0964749
206.24,1,433,0.0970414
207.106,1,432.5,0.0976479
207.972,1,432,0.0982943
208.838,1,431.5,0.0989807
209.704,1,431,0.099707
210.57,1,430.5,0.100479
211.436,1,430,0.101519
212.302,1,429.5,0.10261
213.168,1,429,0.103885
214.034,1,428.5,0.105325
214.9,1,428,0.106845
215.766,1,427.5,0.108446
216.632,1,427,0.110281
217.498,1,426.5,0.112268
218.364,1,426,0.114347
219.23,1,425.5,0.116518
220.096,1,425,0.118782
220.962,1,424.5,0.121137
221.828,1,424,0.123572
222.694,1,423.5,0.12635
223.56,1,423,0.129332
224.426,1,422.5,0.132366
225.292,1,422,0.135452
226.158,1,421.5,0.138591
227.024,1,421,0.141741
227.89,1,420.5,0.144439
228.756,1,420,0.147122
229.622,1,419.5,0.149789
230.488,1,419,0.152441
231.355,1,418.5,0.155078
232.221,1,418,0.157678
233.087,1,417.5,0.159849
233.953,1,417,0.161877
234.819,1,416.5,0.163879
235.685,1,416,0.165856
236.551,1,415.5,0.167807
237.417,1,415,0.169732
238.283,1,414.5,0.171461
239.149,1,414,0.172933
240.015,1,413.5,0.174343
240.881,1,413,0.175689
241.747,1,412.5,0.177113
242.613,1,412,0.178476
243.479,1,411.5,0.179725
244.345,1,411,0.180799
245.211,1,410.5,0.181729
246.077,1,410,0.182516
246.943,1,409.5,0.183158
247.809,1,409,0.183656
248.675,1,408.5,0.18401
249.541,1,408,0.184683
250.407,1,407.5,0.18539
251.273,1,407,0.186051
252.139,1,406.5,0.186641
253.005,1,406,0.187155
253.871,1,405.5,0.187593
254.737,1,405,0.188133
255.603,1,404.5,0.188788
256.469,1,404,0.189394
257.335,1,403.5,0.18995
258.201,1,403,0.190457
259.067,1,402.5,0.190914
259.933,1,402,0.191408
260.799,1,401.5,0.192199
261.665,1,401,0.192939
262.531,1,400.5,0.193627
263.397,1,400,0.194265
264.263,1,399.5,0.194852
265.13,1,399,0.195388
265.996,1,398.5,0.196526
266.862,1,398,0.197788
267.728,1,397.5,0.199091
268.594,1,397,0.200434
269.46,1,396.5,0.201817
270.326,1,396,0.203485
271.192,1,395.5,0.205195
272.058,1,395,0.206944
272.924,1,394.5,0.208728
273.79,1,394,0.210547
274.656,1,393.5,0.2124
275.522,1,393,0.214289
276.388,1,392.5,0.21617
277.254,1,392,0.217996
278.12,1,391.5,0.219914
278.986,1,391,0.221908
279.852,1,390.5,0.223435
280.718,1,390,0.224964
281.584,1,389.5,0.226496
282.45,1,389,0.227963
283.316,1,388.5,0.229438
284.182,1,388,0.230924
285.048,1,387.5,0.232423
285.914,1,387,0.233934
286.78,1,386.5,0.235458
287.646,1,386,0.237108
288.512,1,385.5,0.239032
289.378,1,385,0.242339
290.244,1,384.5,0.24601
291.11,1,384,0.250043
291.976,1,383.5,0.254441
292.842,1,383,0.259383
293.708,1,382.5,0.264978
294.574,1,382,0.270747
295.44,1,381.5,0.276689
296.306,1,381,0.282804
297.172,1,380.5,0.289093
298.038,1,380,0.295202
298.905,1,379.5,0.289297
299.771,1,379,0.283797
300.637,1,378.5,0.278804
301.503,1,378,0.274317
302.369,1,377.5,0.270337
303.235,1,377,0.266864
304.101,1,376.5,0.259199
304.967,1,376,0.248774
305.833,1,375.5,0.23765
306.699,1,375,0.225827
307.565,1,374.5,0.213727
308.431,1,374,0.203103
309.297,1,373.5,0.19695
310.163,1,373,0.197323
311.029,1,372.5,0.196472
311.895,1,372,0.194399
312.761,1,371.5,0.191103
313.627,1,371,0.186583
314.493,1,370.5,0.181406
315.359,1,370,0.187381
316.225,1,369.5,0.193369
317.091,1,369,0.199458
317.957,1,368.5,0.205348
318.823,1,368,0.210568
319.689,1,367.5,0.215118
320.555,1,367,0.22007
321.421,1,366.5,0.225628
322.287,1,366,0.231535
323.153,1,365.5,0.237792
324.019,1,365,0.244398
324.885,1,364.5,0.251353
325.751,1,364,0.256332
326.617,1,363.5,0.258137
327.483,1,363,0.259917
328.349,1,362.5,0.261864
329.215,1,362,0.263978
330.081,1,361.5,0.266261
330.947,1,361,0.268434
331.813,1,360.5,0.268266
332.679,1,360,0.268141
333.546,1,359.5,0.26806
334.412,1,359,0.268021
335.278,1,358.5,0.268026
336.144,1,358,0.268122
337.01,1,357.5,0.266531
337.876,1,357,0.264606
338.742,1,356.5,0.262859
339.608,1,356,0.26129
340.474,1,355.5,0.2599
341.34,1,355,0.258687
342.206,1,354.5,0.257374
343.072,1,354,0.256109
343.938,1,353.5,0.255266
344.804,1,353,0.254845
345.67,1,352.5,0.254041
346.536,1,352,0.252374
347.402,1,351.5,0.253307
348.268,1,351,0.268148
349.134,1,350.5,0.282224
350,1,350,0.295538
350.866,1,349.5,0.308087
351.732,1,349,0.319872
352.598,1,348.5,0.330893
353.464,1,348,0.318137
354.33,1,347.5,0.303582
355.196,1,347,0.291644
356.062,1,346.5,0.281601
356.928,1,346,0.273368
357.794,1,345.5,0.266945
358.66,1,345,0.261791
359.526,1,344.5,0.257744
360.392,1,344,0.25522
361.258,1,343.5,0.254218
362.124,1,343,0.25474
362.99,1,342.5,0.256784
363.856,1,342,0.258392
364.722,1,341.5,0.250442
365.588,1,341,0.242009
366.454,1,340.5,0.23506
367.321,1,340,0.229596
368.187,1,339.5,0.225616
369.053,1,339,0.22312
369.919,1,338.5,0.218204
370.785,1,338,0.211027
371.651,1,337.5,0.201855
372.517,1,337,0.190687
373.383,1,336.5,0.177523
374.249,1,336,0.162717
375.115,1,335.5,0.156512
375.981,1,335,0.155566
376.847,1,334.5,0.153499
377.713,1,334,0.150312
378.579,1,333.5,0.146005
379.445,1,333,0.140578
380.311,1,332.5,0.136341
381.177,1,332,0.137974
382.043,1,331.5,0.139601
382.909,1,331,0.141222
383.775,1,330.5,0.14299
384.641,1,330,0.144664
385.507,1,329.5,0.14616
386.373,1,329,0.14556
387.239,1,328.5,0.144898
388.105,1,328,0.144273
388.971,1,327.5,0.143682
389.837,1,327,0.143128
390.703,1,326.5,0.142609
391.569,1,326,0.141306
392.435,1,325.5,0.139569
393.301,1,325,0.137774
394.167,1,324.5,0.13598
395.033,1,324,0.134214
395.899,1,323.5,0.132475
396.765,1,323,0.13085
397.631,1,322.5,0.129427
398.497,1,322,0.128019
399.363,1,321.5,0.126626
400.229,1,321,0.125248
401.095,1,320.5,0.123885
401.962,1,320,0.122543
402.828,1,319.5,0.121778
403.694,1,319,0.12102
404.56,1,318.5,0.120278
405.426,1,318,0.119551
406.292,1,317.5,0.118839
407.158,1,317,0.118143
408.024,1,316.5,0.117737
408.89,1,316,0.117459
409.756,1,315.5,0.117187
410.622,1,315,0.116921
411.488,1,314.5,0.116662
412.354,1,314,0.116399
413.22,1,313.5,0.116216
414.086,1,313,0.116152
414.952,1,312.5,0.116088
415.818,1,312,0.116023
416.684,1,311.5,0.115958
417.55,1,311,0.115892
418.416,1,310.5,0.115833
419.282,1,310,0.115865
420.148,1,309.5,0.115893
421.014,1,309,0.115916
421.88,1,308.5,0.11595
422.746,1,308,0.115984
423.612,1,307.5,0.116017
424.478,1,307,0.116106
425.344,1,306.5,0.116206
426.21,1,306,0.116299
427.076,1,305.5,0.116383
427.942,1,305,0.116459
428.808,1,304.5,0.116527
429.674,1,304,0.116606
430.54,1,303.5,0.116703
431.406,1,303,0.116813
432.272,1,302.5,0.116917
433.138,1,302,0.117014
434.004,1,301.5,0.117103
434.87,1,301,0.117189
435.737,1,300.5,0.117291
436.603,1,300,0.117387
437.469,1,299.5,0.117479
438.335,1,299,0.117566
439.201,1,298.5,0.117649
440.067,1,298,0.117728
440.933,1,297.5,0.117818
441.799,1,297,0.117907
442.665,1,296.5,0.117991
443.531,1,296,0.118072
444.397,1,295.5,0.118149
445.263,1,295,0.118222
446.129,1,294.5,0.118288
446.995,1,294,0.118348
447.861,1,293.5,0.118407
448.727,1,293,0.118463
449.593,1,292.5,0.118519
450.459,1,292,0.118575
451.325,1,291.5,0.118626
452.191,1,291,0.118662
453.057,1,290.5,0.118695
453.923,1,290,0.118728
454.789,1,289.5,0.118758
455.655,1,289,0.118787
456.521,1,288.5,0.118814
457.387,1,288,0.118824
458.253,1,287.5,0.118831
459.119,1,287,0.118836
459.985,1,286.5,0.118842
460.851,1,286,0.118845
461.717,1,285.5,0.118847
462.583,1,285,0.118836
463.449,1,284.5,0.118816
464.315,1,284,0.118795
465.181,1,283.5,0.118772
466.047,1,283,0.118747
466.913,1,282.5,0.118721
467.779,1,282,0.118689
468.645,1,281.5,0.118643
469.512,1,281,0.1186
470.378,1,280.5,0.118555
471.244,1,280,0.118508
472.11,1,279.5,0.118459
472.976,1,279,0.118409
473.842,1,278.5,0.118344
474.708,1,278,0.118276
475.574,1,277.5,0.118206
476.44,1,277,0.118135
477.306,1,276.5,0.118062
478.172,1,276,0.117991
479.038,1,275.5,0.117919
479.904,1,275,0.117841
480.77,1,274.5,0.117762
481.636,1,274,0.117682
482.502,1,273.5,0.1176
483.368,1,273,0.117516
484.234,1,272.5,0.117428
485.1,1,272,0.11733
485.966,1,271.5,0.117231
486.832,1,271,0.117132
487.698,1,270.5,0.117036
488.564,1,270,0.116948
489.43,1,269.5,0.116858
490.296,1,269,0.116752
491.162,1,268.5,0.116645
492.028,1,268,0.116537
492.894,1,267.5,0.116429
493.76,1,267,0.116322
494.626,1,266.5,0.116213
495.492,1,266,0.116097
496.358,1,265.5,0.115976
497.224,1,265,0.115861
498.09,1,264.5,0.115754
498.956,1,264,0.115647
499.822,1,263.5,0.11554
500.688,1,263,0.115429
501.554,1,262.5,0.115312
502.42,1,262,0.115195
503.286,1,261.5,0.115078
504.153,1,261,0.114963
505.019,1,260.5,0.114847
505.885,1,260,0.114732
506.751,1,259.5,0.114615
507.617,1,259,0.114503
508.483,1,258.5,0.114392
509.349,1,258,0.114282
510.215,1,257.5,0.114173
511.081,1,257,0.114064
511.947,1,256.5,0.113952
512.813,1,256,0.11384
513.679,1,255.5,0.113729
514.545,1,255,0.113619
515.411,1,254.5,0.11351
516.277,1,254,0.113409
517.143,1,253.5,0.113313
518.009,1,253,0.113215
518.875,1,252.5,0.113119
519.741,1,252,0.113023
520.607,1,251.5,0.112929
521.473,1,251,0.112836
522.339,1,250.5,0.112744
523.205,1,250,0.11265
524.071,1,249.5,0.112557
524.937,1,249,0.112465
525.803,1,248.5,0.112384
526.669,1,248,0.112308
527.535,1,247.5,0.112234
528.401,1,247,0.112159
529.267,1,246.5,0.112086
530.133,1,246,0.112013
530.999,1,245.5,0.111942
531.865,1,245,0.111873
532.731,1,244.5,0.111804
533.597,1,244,0.111737
534.463,1,243.5,0.11167
535.329,1,243,0.111609
536.195,1,242.5,0.11155
537.061,1,242,0.111492
537.928,1,241.5,0.111435
538.794,1,241,0.111379
539.66,1,240.5,0.111324
540.526,1,240,0.11127
541.392,1,239.5,0.111217
542.258,1,239,0.111165
543.124,1,238.5,0.111113
543.99,1,238,0.111063
544.856,1,237.5,0.111016
545.722,1,237,0.110972
546.588,1,236.5,0.110928
547.454,1,236,0.110885
548.32,1,235.5,0.110843
549.186,1,235,0.110801
550.052,1,234.5,0.11076
550.918,1,234,0.11072
551.784,1,233.5,0.11068
552.65,1,233,0.110641
553.516,1,232.5,0.110602
554.382,1,232,0.110567
555.248,1,231.5,0.110532
556.114,1,231,0.110497
556.98,1,230.5,0.110462
557.846,1,230,0.110429
558.712,1,229.5,0.110395
559.578,1,229,0.110362
560.444,1,228.5,0.11033
561.31,1,228,0.110298
562.176,1,227.5,0.110267
563.042,1,227,0.110236
563.908,1,226.5,0.110209
564.774,1,226,0.110183
565.64,1,225.5,0.110157
566.506,1,225,0.110132
567.372,1,224.5,0.110108
568.238,1,224,0.110084
569.104,1,223.5,0.11006
569.97,1,223,0.110037
570.836,1,222.5,0.110014
571.703,1,222,0.109992
572.569,1,221.5,0.10997
573.435,1,221,0.10995
574.301,1,220.5,0.109931
575.167,1,220,0.109912
576.033,1,219.5,0.109893
576.899,1,219,0.109874
577.765,1,218.5,0.109856
578.631,1,218,0.109838
579.497,1,217.5,0.109821
580.363,1,217,0.109803
581.229,1,216.5,0.109786
582.095,1,216,0.109769
582.961,1,215.5,0.109755
583.827,1,215,0.10974
584.693,1,214.5,0.109726
585.559,1,214,0.109712
586.425,1,213.5,0.109698
587.291,1,213,0.109685
588.157,1,212.5,0.109671
589.023,1,212,0.109658
589.889,1,211.5,0.109645
590.755,1,211,0.109632
591.621,1,210.5,0.10962
592.487,1,210,0.109609
593.353,1,209.5,0.109599
594.219,1,209,0.109588
595.085,1,208.5,0.109578
595.951,1,208,0.109568
596.817,1,207.5,0.109558
597.683,1,207,0.109549
598.549,1,206.5,0.109539
599.415,1,206,0.10953
600.281,1,205.5,0.109521
601.147,1,205,0.109511
602.013,1,204.5,0.109503
602.879,1,204,0.109494
603.745,1,203.5,0.109486
604.611,1,203,0.109478
605.477,1,202.5,0.10947
606.344,1,202,0.109462
607.21,1,201.5,0.109454
608.076,1,201,0.109447
608.942,1,200.5,0.109439
609.808,1,200,0.109432
