x,y,z,b
90.1924,1,500,0.109165
91.0584,1,499.5,0.109166
91.9244,1,499,0.109166
92.7905,1,498.5,0.109166
93.6565,1,498,0.109166
94.5225,1,497.5,0.109167
95.3885,1,497,0.109167
96.2546,1,496.5,0.109167
97.1206,1,496,0.109168
97.9866,1,495.5,0.109168
98.8526,1,495,0.109168
99.7187,1,494.5,0.109168
100.585,1,494,0.109169
101.451,1,493.5,0.109169
102.317,1,493,0.109169
103.183,1,492.5,0.109169
104.049,1,492,0.10917
104.915,1,491.5,0.10917
105.781,1,491,0.10917
106.647,1,490.5,0.10917
107.513,1,490,0.109171
108.379,1,489.5,0.109171
109.245,1,489,0.109171
110.111,1,488.5,0.109171
110.977,1,488,0.109172
111.843,1,487.5,0.109172
112.709,1,487,0.109172
113.575,1,486.5,0.109173
114.441,1,486,0.109173
115.307,1,485.5,0.109173
116.173,1,485,0.109173
117.039,1,484.5,0.109174
117.905,1,484,0.109174
118.771,1,483.5,0.109174
119.637,1,483,0.109174
120.503,1,482.5,0.109175
121.369,1,482,0.109175
122.235,1,481.5,0.109175
123.101,1,481,0.109176
123.967,1,480.5,0.109176
124.833,1,480,0.109176
125.699,1,479.5,0.109176
126.565,1,479,0.109177
127.431,1,478.5,0.109177
128.297,1,478,0.109177
129.164,1,477.5,0.109178
130.03,1,477,0.109178
130.896,1,476.5,0.109178
131.762,1,476,0.109179
132.628,1,475.5,0.109179
133.494,1,475,0.109179
134.36,1,474.5,0.10918
135.226,1,474,0.10918
136.092,1,473.5,0.10918
136.958,1,473,0.10918
137.824,1,472.5,0.109181
138.69,1,472,0.109181
139.556,1,471.5,0.109181
140.422,1,471,0.109182
141.288,1,470.5,0.109182
142.154,1,470,0.109182
143.02,1,469.5,0.109183
143.886,1,469,0.109183
144.752,1,468.5,0.109184
145.618,1,468,0.109184
146.484,1,467.5,0.109184
147.35,1,467,0.109184
148.216,1,466.5,0.109185
149.082,1,466,0.109185
149.948,1,465.5,0.109185
150.814,1,465,0.109186
151.68,1,464.5,0.109186
152.546,1,464,0.109186
153.412,1,463.5,0.109187
154.278,1,463,0.109187
155.144,1,462.5,0.109187
156.01,1,462,0.109188
156.876,1,461.5,0.109188
157.742,1,461,0.109188
158.608,1,460.5,0.109189
159.474,1,460,0.109189
160.34,1,459.5,0.109189
161.206,1,459,0.10919
162.072,1,458.5,0.10919
162.939,1,458,0.10919
163.805,1,457.5,0.10919
164.671,1,457,0.109191
165.537,1,456.5,0.109191
166.403,1,456,0.109191
167.269,1,455.5,0.109192
168.135,1,455,0.109192
169.001,1,454.5,0.109192
169.867,1,454,0.109192
170.733,1,453.5,0.109192
171.599,1,453,0.109193
172.465,1,452.5,0.109193
173.331,1,452,0.109193
174.197,1,451.5,0.109193
175.063,1,451,0.109193
175.929,1,450.5,0.109194
176.795,1,450,0.109194
177.661,1,449.5,0.109194
178.527,1,449,0.109194
179.393,1,448.5,0.109194
180.259,1,448,0.109194
181.125,1,447.5,0.109194
181.991,1,447,0.109194
182.857,1,446.5,0.109194
183.723,1,446,0.109194
184.589,1,445.5,0.109194
185.455,1,445,0.109194
186.321,1,444.5,0.109194
187.187,1,444,0.109194
188.053,1,443.5,0.109194
188.919,1,443,0.109194
189.785,1,442.5,0.109194
190.651,1,442,0.109193
191.517,1,441.5,0.109193
192.383,1,441,0.109193
193.249,1,440.5,0.109192
194.115,1,440,0.109192
194.981,1,439.5,0.109191
195.847,1,439,0.109191
196.714,1,438.5,0.10919
197.58,1,438,0.10919
198.446,1,437.5,0.109189
199.312,1,437,0.109189
200.178,1,436.5,0.109188
201.044,1,436,0.109187
201.91,1,435.5,0.109185
202.776,1,435,0.109184
203.642,1,434.5,0.109183
204.508,1,434,0.109182
205.374,1,433.5,0.109181
206.24,1,433,0.10918
207.106,1,432.5,0.109178
207.972,1,432,0.109176
208.838,1,431.5,0.109175
209.704,1,431,0.109173
210.57,1,430.5,0.109172
211.436,1,430,0.109169
212.302,1,429.5,0.109166
213.168,1,429,0.109164
214.034,1,428.5,0.109162
214.9,1,428,0.10916
215.766,1,427.5,0.109157
216.632,1,427,0.109154
217.498,1,426.5,0.109151
218.364,1,426,0.109147
219.23,1,425.5,0.109144
220.096,1,425,0.109141
220.962,1,424.5,0.109137
221.828,1,424,0.109133
222.694,1,423.5,0.109128
223.56,1,423,0.109123
224.426,1,422.5,0.109118
225.292,1,422,0.109113
226.158,1,421.5,0.109108
227.024,1,421,0.109103
227.89,1,420.5,0.109095
228.756,1,420,0.109088
229.622,1,419.5,0.109081
230.488,1,419,0.109073
231.355,1,418.5,0.109066
232.221,1,418,0.109059
233.087,1,417.5,0.10905
233.953,1,417,0.10904
234.819,1,416.5,0.10903
235.685,1,416,0.10902
236.551,1,415.5,0.10901
237.417,1,415,0.109
238.283,1,414.5,0.108988
239.149,1,414,0.108975
240.015,1,413.5,0.10896
240.881,1,413,0.108946
241.747,1,412.5,0.108932
242.613,1,412,0.108918
243.479,1,411.5,0.108903
244.345,1,411,0.108883
245.211,1,410.5,0.108862
246.077,1,410,0.108842
246.943,1,409.5,0.108821
247.809,1,409,0.1088
248.675,1,408.5,0.108779
249.541,1,408,0.108752
250.407,1,407.5,0.108723
251.273,1,407,0.108696
252.139,1,406.5,0.108669
253.005,1,406,0.108642
253.871,1,405.5,0.108614
254.737,1,405,0.108581
255.603,1,404.5,0.108542
256.469,1,404,0.108503
257.335,1,403.5,0.108463
258.201,1,403,0.108424
259.067,1,402.5,0.108383
259.933,1,402,0.10834
260.799,1,401.5,0.108285
261.665,1,401,0.10823
262.531,1,400.5,0.108174
263.397,1,400,0.108118
264.263,1,399.5,0.108062
265.13,1,399,0.108005
265.996,1,398.5,0.107927
266.862,1,398,0.107846
267.728,1,397.5,0.107765
268.594,1,397,0.107682
269.46,1,396.5,0.107599
270.326,1,396,0.107519
271.192,1,395.5,0.107424
272.058,1,395,0.107318
272.924,1,394.5,0.107211
273.79,1,394,0.107103
274.656,1,393.5,0.106994
275.522,1,393,0.106885
276.388,1,392.5,0.106763
277.254,1,392,0.106605
278.12,1,391.5,0.106446
278.986,1,391,0.106285
279.852,1,390.5,0.106126
280.718,1,390,0.105967
281.584,1,389.5,0.105806
282.45,1,389,0.1056
283.316,1,388.5,0.105389
284.182,1,388,0.105176
285.048,1,387.5,0.104962
285.914,1,387,0.104746
286.78,1,386.5,0.104528
287.646,1,386,0.104251
288.512,1,385.5,0.103936
289.378,1,385,0.103632
290.244,1,384.5,0.103328
291.11,1,384,0.103022
291.976,1,383.5,0.102716
292.842,1,383,0.102375
293.708,1,382.5,0.101959
294.574,1,382,0.10154
295.44,1,381.5,0.101118
296.306,1,381,0.100693
297.172,1,380.5,0.100266
298.038,1,380,0.0998418
298.905,1,379.5,0.0991194
299.771,1,379,0.0984037
300.637,1,378.5,0.0976982
301.503,1,378,0.0970027
302.369,1,377.5,0.0963173
303.235,1,377,0.0956421
304.101,1,376.5,0.0950883
304.967,1,376,0.0945524
305.833,1,375.5,0.0939721
306.699,1,375,0.0933472
307.565,1,374.5,0.0926983
308.431,1,374,0.0920865
309.297,1,373.5,0.092281
310.163,1,373,0.0937623
311.029,1,372.5,0.0949684
311.895,1,372,0.0958994
312.761,1,371.5,0.0965551
313.627,1,371,0.0969356
314.493,1,370.5,0.0974788
315.359,1,370,0.106424
316.225,1,369.5,0.114323
317.091,1,369,0.12128
317.957,1,368.5,0.127382
318.823,1,368,0.132321
319.689,1,367.5,0.136097
320.555,1,367,0.142637
321.421,1,366.5,0.150253
322.287,1,366,0.157628
323.153,1,365.5,0.164759
324.019,1,365,0.171649
324.885,1,364.5,0.178296
325.751,1,364,0.182681
326.617,1,363.5,0.184285
327.483,1,363,0.185667
328.349,1,362.5,0.187036
329.215,1,362,0.188393
330.081,1,361.5,0.189738
330.947,1,361,0.190932
331.813,1,360.5,0.191186
332.679,1,360,0.191964
333.546,1,359.5,0.193267
334.412,1,359,0.195095
335.278,1,358.5,0.197447
336.144,1,358,0.199846
337.01,1,357.5,0.196577
337.876,1,357,0.192208
338.742,1,356.5,0.188132
339.608,1,356,0.184351
340.474,1,355.5,0.180864
341.34,1,355,0.177671
342.206,1,354.5,0.173735
343.072,1,354,0.16794
343.938,1,353.5,0.161089
344.804,1,353,0.153184
345.67,1,352.5,0.143907
346.536,1,352,0.133384
347.402,1,351.5,0.127831
348.268,1,351,0.146556
349.134,1,350.5,0.154208
350,1,350,0.150785
350.866,1,349.5,0.136288
351.732,1,349,0.110717
352.598,1,348.5,0.074072
353.464,1,348,0.0430471
354.33,1,347.5,0.0261266
355.196,1,347,0.0380247
356.062,1,346.5,0.0645516
356.928,1,346,0.0878659
357.794,1,345.5,0.107968
358.66,1,345,0.117913
359.526,1,344.5,0.12067
360.392,1,344,0.123141
361.258,1,343.5,0.125325
362.124,1,343,0.127222
362.99,1,342.5,0.128832
363.856,1,342,0.129815
364.722,1,341.5,0.129206
365.588,1,341,0.128515
366.454,1,340.5,0.127908
367.321,1,340,0.127386
368.187,1,339.5,0.126947
369.053,1,339,0.126592
369.919,1,338.5,0.126177
370.785,1,338,0.125829
371.651,1,337.5,0.125563
372.517,1,337,0.125382
373.383,1,336.5,0.125283
374.249,1,336,0.125448
375.115,1,335.5,0.125769
375.981,1,335,0.126108
376.847,1,334.5,0.126405
377.713,1,334,0.126659
378.579,1,333.5,0.126872
379.445,1,333,0.127043
380.311,1,332.5,0.127186
381.177,1,332,0.127335
382.043,1,331.5,0.127457
382.909,1,331,0.127552
383.775,1,330.5,0.12767
384.641,1,330,0.127789
385.507,1,329.5,0.12789
386.373,1,329,0.127889
387.239,1,328.5,0.127875
388.105,1,328,0.127854
388.971,1,327.5,0.127825
389.837,1,327,0.127789
390.703,1,326.5,0.127745
391.569,1,326,0.127672
392.435,1,325.5,0.127576
393.301,1,325,0.12752
394.167,1,324.5,0.127468
395.033,1,324,0.127404
395.899,1,323.5,0.127329
396.765,1,323,0.127221
397.631,1,322.5,0.127057
398.497,1,322,0.126885
399.363,1,321.5,0.126703
400.229,1,321,0.126512
401.095,1,320.5,0.126312
401.962,1,320,0.126102
402.828,1,319.5,0.125903
403.694,1,319,0.125702
404.56,1,318.5,0.125491
405.426,1,318,0.12527
406.292,1,317.5,0.125039
407.158,1,317,0.124798
408.024,1,316.5,0.124514
408.89,1,316,0.124205
409.756,1,315.5,0.123887
410.622,1,315,0.12356
411.488,1,314.5,0.123223
412.354,1,314,0.122961
413.22,1,313.5,0.122685
414.086,1,313,0.122377
414.952,1,312.5,0.122063
415.818,1,312,0.121742
416.684,1,311.5,0.121414
417.55,1,311,0.12108
418.416,1,310.5,0.120736
419.282,1,310,0.120347
420.148,1,309.5,0.119954
421.014,1,309,0.119557
421.88,1,308.5,0.119243
422.746,1,308,0.118931
423.612,1,307.5,0.118617
424.478,1,307,0.118275
425.344,1,306.5,0.117923
426.21,1,306,0.117572
427.076,1,305.5,0.117221
427.942,1,305,0.116871
428.808,1,304.5,0.116521
429.674,1,304,0.11616
430.54,1,303.5,0.115787
431.406,1,303,0.115485
432.272,1,302.5,0.115187
433.138,1,302,0.114891
434.004,1,301.5,0.114599
434.87,1,301,0.114307
435.737,1,300.5,0.114006
436.603,1,300,0.11371
437.469,1,299.5,0.113419
438.335,1,299,0.113133
439.201,1,298.5,0.112852
440.067,1,298,0.112581
440.933,1,297.5,0.112362
441.799,1,297,0.112146
442.665,1,296.5,0.111935
443.531,1,296,0.111729
444.397,1,295.5,0.111528
445.263,1,295,0.111331
446.129,1,294.5,0.111141
446.995,1,294,0.110957
447.861,1,293.5,0.110778
448.727,1,293,0.110605
449.593,1,292.5,0.110442
450.459,1,292,0.110307
451.325,1,291.5,0.110178
452.191,1,291,0.110058
453.057,1,290.5,0.109943
453.923,1,290,0.109831
454.789,1,289.5,0.109724
455.655,1,289,0.10962
456.521,1,288.5,0.109521
457.387,1,288,0.109433
458.253,1,287.5,0.109351
459.119,1,287,0.109276
459.985,1,286.5,0.109216
460.851,1,286,0.109159
461.717,1,285.5,0.109104
462.583,1,285,0.109056
463.449,1,284.5,0.109015
464.315,1,284,0.108976
465.181,1,283.5,0.108939
466.047,1,283,0.108904
466.913,1,282.5,0.108871
467.779,1,282,0.108842
468.645,1,281.5,0.108822
469.512,1,281,0.108805
470.378,1,280.5,0.108789
471.244,1,280,0.108774
472.11,1,279.5,0.10876
472.976,1,279,0.108747
473.842,1,278.5,0.10874
474.708,1,278,0.108735
475.574,1,277.5,0.10873
476.44,1,277,0.108726
477.306,1,276.5,0.108722
478.172,1,276,0.108719
479.038,1,275.5,0.108719
479.904,1,275,0.10872
480.77,1,274.5,0.108721
481.636,1,274,0.108722
482.502,1,273.5,0.108724
483.368,1,273,0.108726
484.234,1,272.5,0.108728
485.1,1,272,0.108733
485.966,1,271.5,0.108738
486.832,1,271,0.108743
487.698,1,270.5,0.108747
488.564,1,270,0.108751
489.43,1,269.5,0.108755
490.296,1,269,0.108761
491.162,1,268.5,0.108767
492.028,1,268,0.108773
492.894,1,267.5,0.108779
493.76,1,267,0.108785
494.626,1,266.5,0.108791
495.492,1,266,0.108798
496.358,1,265.5,0.108805
497.224,1,265,0.108812
498.09,1,264.5,0.108818
498.956,1,264,0.108824
499.822,1,263.5,0.108829
500.688,1,263,0.108835
501.554,1,262.5,0.108842
502.42,1,262,0.108848
503.286,1,261.5,0.108855
504.153,1,261,0.108861
505.019,1,260.5,0.108867
505.885,1,260,0.108874
506.751,1,259.5,0.10888
507.617,1,259,0.108886
508.483,1,258.5,0.108891
509.349,1,258,0.108897
510.215,1,257.5,0.108902
511.081,1,257,0.108908
511.947,1,256.5,0.108913
512.813,1,256,0.108919
513.679,1,255.5,0.108925
514.545,1,255,0.10893
515.411,1,254.5,0.108936
516.277,1,254,0.108941
517.143,1,253.5,0.108945
518.009,1,253,0.10895
518.875,1,252.5,0.108955
519.741,1,252,0.108959
520.607,1,251.5,0.108964
521.473,1,251,0.108968
522.339,1,250.5,0.108973
523.205,1,250,0.108977
524.071,1,249.5,0.108982
524.937,1,249,0.108986
525.803,1,248.5,0.10899
526.669,1,248,0.108994
527.535,1,247.5,0.108998
528.401,1,247,0.109002
529.267,1,246.5,0.109006
530.133,1,246,0.10901
530.999,1,245.5,0.109013
531.865,1,245,0.109017
532.731,1,244.5,0.10902
533.597,1,244,0.109024
534.463,1,243.5,0.109027
535.329,1,243,0.109031
536.195,1,242.5,0.109033
537.061,1,242,0.109036
537.928,1,241.5,0.109039
538.794,1,241,0.109042
539.66,1,240.5,0.109045
540.526,1,240,0.109047
541.392,1,239.5,0.10905
542.258,1,239,0.109053
543.124,1,238.5,0.109055
543.99,1,238,0.109058
544.856,1,237.5,0.10906
545.722,1,237,0.109063
546.588,1,236.5,0.109065
547.454,1,236,0.109067
548.32,1,235.5,0.10907
549.186,1,235,0.109072
550.052,1,234.5,0.109074
550.918,1,234,0.109076
551.784,1,233.5,0.109078
552.65,1,233,0.10908
553.516,1,232.5,0.109083
554.382,1,232,0.109084
555.248,1,231.5,0.109086
556.114,1,231,0.109088
556.98,1,230.5,0.109089
557.846,1,230,0.109091
558.712,1,229.5,0.109093
559.578,1,229,0.109094
560.444,1,228.5,0.109096
561.31,1,228,0.109098
562.176,1,227.5,0.109099
563.042,1,227,0.109101
563.908,1,226.5,0.109102
564.774,1,226,0.109104
565.64,1,225.5,0.109105
566.506,1,225,0.109106
567.372,1,224.5,0.109108
568.238,1,224,0.109109
569.104,1,223.5,0.10911
569.97,1,223,0.109112
570.836,1,222.5,0.109113
571.703,1,222,0.109114
572.569,1,221.5,0.109115
573.435,1,221,0.109116
574.301,1,220.5,0.109117
575.167,1,220,0.109118
576.033,1,219.5,0.109119
576.899,1,219,0.10912
577.765,1,218.5,0.109121
578.631,1,218,0.109122
579.497,1,217.5,0.109123
580.363,1,217,0.109124
581.229,1,216.5,0.109125
582.095,1,216,0.109126
582.961,1,215.5,0.109127
583.827,1,215,0.109128
584.693,1,214.5,0.109128
585.559,1,214,0.109129
586.425,1,213.5,0.10913
587.291,1,213,0.109131
588.157,1,212.5,0.109132
589.023,1,212,0.109132
589.889,1,211.5,0.109133
590.755,1,211,0.109134
591.621,1,210.5,0.109134
592.487,1,210,0.109135
593.353,1,209.5,0.109136
594.219,1,209,0.109136
595.085,1,208.5,0.109137
595.951,1,208,0.109138
596.817,1,207.5,0.109138
597.683,1,207,0.109139
598.549,1,206.5,0.109139
599.415,1,206,0.10914
600.281,1,205.5,0.10914
601.147,1,205,0.109141
602.013,1,204.5,0.109141
602.879,1,204,0.109142
603.745,1,203.5,0.109142
604.611,1,203,0.109143
605.477,1,202.5,0.109143
606.344,1,202,0.109144
607.21,1,201.5,0.109144
608.076,1,201,0.109145
608.942,1,200.5,0.109145
609.808,1,200,0.109146
