x,y,z,b
90.1924,1,500,0.109052
91.0584,1,499.5,0.109051
91.9244,1,499,0.10905
92.7905,1,498.5,0.109049
93.6565,1,498,0.109048
94.5225,1,497.5,0.109047
95.3885,1,497,0.109046
96.2546,1,496.5,0.109045
97.1206,1,496,0.109043
97.9866,1,495.5,0.109042
98.8526,1,495,0.10904
99.7187,1,494.5,0.109039
100.585,1,494,0.109037
101.451,1,493.5,0.109036
102.317,1,493,0.109034
103.183,1,492.5,0.109032
104.049,1,492,0.109029
104.915,1,491.5,0.109027
105.781,1,491,0.109025
106.647,1,490.5,0.109023
107.513,1,490,0.109021
108.379,1,489.5,0.109018
109.245,1,489,0.109016
110.111,1,488.5,0.109013
110.977,1,488,0.109011
111.843,1,487.5,0.109008
112.709,1,487,0.109005
113.575,1,486.5,0.109002
114.441,1,486,0.108999
115.307,1,485.5,0.108996
116.173,1,485,0.108993
117.039,1,484.5,0.10899
117.905,1,484,0.108986
118.771,1,483.5,0.108983
119.637,1,483,0.108979
120.503,1,482.5,0.108976
121.369,1,482,0.108972
122.235,1,481.5,0.108969
123.101,1,481,0.108965
123.967,1,480.5,0.108961
124.833,1,480,0.108957
125.699,1,479.5,0.108952
126.565,1,479,0.108948
127.431,1,478.5,0.108944
128.297,1,478,0.108939
129.164,1,477.5,0.108935
130.03,1,477,0.10893
130.896,1,476.5,0.108925
131.762,1,476,0.10892
132.628,1,475.5,0.108914
133.494,1,475,0.108909
134.36,1,474.5,0.108904
135.226,1,474,0.108898
136.092,1,473.5,0.108892
136.958,1,473,0.108886
137.824,1,472.5,0.108879
138.69,1,472,0.108873
139.556,1,471.5,0.108867
140.422,1,471,0.10886
141.288,1,470.5,0.108853
142.154,1,470,0.108846
143.02,1,469.5,0.108839
143.886,1,469,0.108831
144.752,1,468.5,0.108824
145.618,1,468,0.108816
146.484,1,467.5,0.108807
147.35,1,467,0.108798
148.216,1,466.5,0.10879
149.082,1,466,0.108781
149.948,1,465.5,0.108772
150.814,1,465,0.108762
151.68,1,464.5,0.108752
152.546,1,464,0.108742
153.412,1,463.5,0.108731
154.278,1,463,0.108721
155.144,1,462.5,0.10871
156.01,1,462,0.108699
156.876,1,461.5,0.108687
157.742,1,461,0.108674
158.608,1,460.5,0.108662
159.474,1,460,0.108649
160.34,1,459.5,0.108636
161.206,1,459,0.108623
162.072,1,458.5,0.108609
162.939,1,458,0.108594
163.805,1,457.5,0.108579
164.671,1,457,0.108564
165.537,1,456.5,0.108548
166.403,1,456,0.108533
167.269,1,455.5,0.108516
168.135,1,455,0.108498
169.001,1,454.5,0.108479
169.867,1,454,0.108461
170.733,1,453.5,0.108442
171.599,1,453,0.108423
172.465,1,452.5,0.108403
173.331,1,452,0.108381
174.197,1,451.5,0.108359
175.063,1,451,0.108337
175.929,1,450.5,0.108314
176.795,1,450,0.108292
177.661,1,449.5,0.10827
178.527,1,449,0.108243
179.393,1,448.5,0.108216
180.259,1,448,0.108188
181.125,1,447.5,0.108161
181.991,1,447,0.108133
182.857,1,446.5,0.108104
183.723,1,446,0.108073
184.589,1,445.5,0.10804
185.455,1,445,0.108007
186.321,1,444.5,0.107974
187.187,1,444,0.10794
188.053,1,443.5,0.107906
188.919,1,443,0.10787
189.785,1,442.5,0.107829
190.651,1,442,0.107788
191.517,1,441.5,0.107746
192.383,1,441,0.107704
193.249,1,440.5,0.107661
194.115,1,440,0.107619
194.981,1,439.5,0.107569
195.847,1,439,0.107519
196.714,1,438.5,0.107468
197.58,1,438,0.107417
198.446,1,437.5,0.107365
199.312,1,437,0.107313
200.178,1,436.5,0.107253
201.044,1,436,0.10719
201.91,1,435.5,0.107126
202.776,1,435,0.107062
203.642,1,434.5,0.106997
204.508,1,434,0.106931
205.374,1,433.5,0.106862
206.24,1,433,0.106784
207.106,1,432.5,0.106705
207.972,1,432,0.106625
208.838,1,431.5,0.106545
209.704,1,431,0.106464
210.57,1,430.5,0.106381
211.436,1,430,0.106282
212.302,1,429.5,0.106182
213.168,1,429,0.106082
214.034,1,428.5,0.105982
214.9,1,428,0.105881
215.766,1,427.5,0.105779
216.632,1,427,0.105662
217.498,1,426.5,0.105539
218.364,1,426,0.105414
219.23,1,425.5,0.105288
220.096,1,425,0.105161
220.962,1,424.5,0.105032
221.828,1,424,0.104892
222.694,1,423.5,0.104735
223.56,1,423,0.104577
224.426,1,422.5,0.104417
225.292,1,422,0.104255
226.158,1,421.5,0.104092
227.024,1,421,0.103925
227.89,1,420.5,0.103727
228.756,1,420,0.103526
229.622,1,419.5,0.103324
230.488,1,419,0.10312
231.355,1,418.5,0.102913
232.221,1,418,0.102707
233.087,1,417.5,0.102467
233.953,1,417,0.102215
234.819,1,416.5,0.10196
235.685,1,416,0.101702
236.551,1,415.5,0.101441
237.417,1,415,0.101178
238.283,1,414.5,0.100889
239.149,1,414,0.10057
240.015,1,413.5,0.100246
240.881,1,413,0.0999196
241.747,1,412.5,0.0995915
242.613,1,412,0.0992606
243.479,1,411.5,0.0989181
244.345,1,411,0.0985214
245.211,1,410.5,0.0981199
246.077,1,410,0.0977135
246.943,1,409.5,0.0973023
247.809,1,409,0.0968862
248.675,1,408.5,0.0964653
249.541,1,408,0.0959664
250.407,1,407.5,0.0954423
251.273,1,407,0.0949072
252.139,1,406.5,0.0943576
253.005,1,406,0.0937934
253.871,1,405.5,0.0932146
254.737,1,405,0.0926373
255.603,1,404.5,0.0920824
256.469,1,404,0.0915416
257.335,1,403.5,0.0910148
258.201,1,403,0.090502
259.067,1,402.5,0.0900032
259.933,1,402,0.0896809
260.799,1,401.5,0.09013
261.665,1,401,0.0906588
262.531,1,400.5,0.0912626
263.397,1,400,0.0919414
264.263,1,399.5,0.0926952
265.13,1,399,0.0935239
265.996,1,398.5,0.0958853
266.862,1,398,0.0985807
267.728,1,397.5,0.101413
268.594,1,397,0.104382
269.46,1,396.5,0.107489
270.326,1,396,0.110844
271.192,1,395.5,0.116438
272.058,1,395,0.12487
272.924,1,394.5,0.134844
273.79,1,394,0.146362
274.656,1,393.5,0.159424
275.522,1,393,0.174028
276.388,1,392.5,0.192084
277.254,1,392,0.216616
278.12,1,391.5,0.241396
278.986,1,391,0.266402
279.852,1,390.5,0.289776
280.718,1,390,0.311128
281.584,1,389.5,0.330457
282.45,1,389,0.33562
283.316,1,388.5,0.339207
284.182,1,388,0.342114
285.048,1,387.5,0.344339
285.914,1,387,0.345882
286.78,1,386.5,0.346745
287.646,1,386,0.345993
288.512,1,385.5,0.344463
289.378,1,385,0.342763
290.244,1,384.5,0.341136
291.11,1,384,0.339584
291.976,1,383.5,0.338105
292.842,1,383,0.336877
293.708,1,382.5,0.336096
294.574,1,382,0.335341
295.44,1,381.5,0.33461
296.306,1,381,0.333906
297.172,1,380.5,0.333226
298.038,1,380,0.33259
298.905,1,379.5,0.332194
299.771,1,379,0.331816
300.637,1,378.5,0.331456
301.503,1,378,0.331112
302.369,1,377.5,0.330786
303.235,1,377,0.330476
304.101,1,376.5,0.330526
304.967,1,376,0.330744
305.833,1,375.5,0.330961
306.699,1,375,0.331178
307.565,1,374.5,0.331412
308.431,1,374,0.331689
309.297,1,373.5,0.331954
310.163,1,373,0.332253
311.029,1,372.5,0.332573
311.895,1,372,0.332913
312.761,1,371.5,0.333273
313.627,1,371,0.333654
314.493,1,370.5,0.334052
315.359,1,370,0.334403
316.225,1,369.5,0.334772
317.091,1,369,0.335096
317.957,1,368.5,0.335218
318.823,1,368,0.335274
319.689,1,367.5,0.335265
320.555,1,367,0.335071
321.421,1,366.5,0.334713
322.287,1,366,0.334226
323.153,1,365.5,0.33361
324.019,1,365,0.332866
324.885,1,364.5,0.331993
325.751,1,364,0.330478
326.617,1,363.5,0.327084
327.483,1,363,0.321346
328.349,1,362.5,0.314935
329.215,1,362,0.307852
330.081,1,361.5,0.300096
330.947,1,361,0.291442
331.813,1,360.5,0.280641
332.679,1,360,0.270104
333.546,1,359.5,0.259832
334.412,1,359,0.249825
335.278,1,358.5,0.240083
336.144,1,358,0.234325
337.01,1,357.5,0.236632
337.876,1,357,0.239074
338.742,1,356.5,0.240939
339.608,1,356,0.242226
340.474,1,355.5,0.242936
341.34,1,355,0.243068
342.206,1,354.5,0.243749
343.072,1,354,0.24474
343.938,1,353.5,0.244653
344.804,1,353,0.243485
345.67,1,352.5,0.239083
346.536,1,352,0.231111
347.402,1,351.5,0.226245
348.268,1,351,0.238813
349.134,1,350.5,0.243015
350,1,350,0.23885
350.866,1,349.5,0.226319
351.732,1,349,0.205422
352.598,1,348.5,0.176159
353.464,1,348,0.137017
354.33,1,347.5,0.103342
355.196,1,347,0.0894207
356.062,1,346.5,0.0888041
356.928,1,346,0.0886857
357.794,1,345.5,0.0890653
358.66,1,345,0.0942564
359.526,1,344.5,0.102462
360.392,1,344,0.109408
361.258,1,343.5,0.115095
362.124,1,343,0.119524
362.99,1,342.5,0.122694
363.856,1,342,0.124285
364.722,1,341.5,0.124046
365.588,1,341,0.123691
366.454,1,340.5,0.123296
367.321,1,340,0.122861
368.187,1,339.5,0.122385
369.053,1,339,0.12187
369.919,1,338.5,0.121439
370.785,1,338,0.121104
371.651,1,337.5,0.120856
372.517,1,337,0.120697
373.383,1,336.5,0.120626
374.249,1,336,0.120836
375.115,1,335.5,0.121197
375.981,1,335,0.121568
376.847,1,334.5,0.12192
377.713,1,334,0.122253
378.579,1,333.5,0.122567
379.445,1,333,0.122862
380.311,1,332.5,0.123134
381.177,1,332,0.123378
382.043,1,331.5,0.123607
382.909,1,331,0.123821
383.775,1,330.5,0.124008
384.641,1,330,0.124187
385.507,1,329.5,0.124363
386.373,1,329,0.124493
387.239,1,328.5,0.124622
388.105,1,328,0.124753
388.971,1,327.5,0.124886
389.837,1,327,0.12502
390.703,1,326.5,0.125156
391.569,1,326,0.125242
392.435,1,325.5,0.125299
393.301,1,325,0.125364
394.167,1,324.5,0.125427
395.033,1,324,0.125486
395.899,1,323.5,0.125542
396.765,1,323,0.125572
397.631,1,322.5,0.125557
398.497,1,322,0.125543
399.363,1,321.5,0.125531
400.229,1,321,0.12552
401.095,1,320.5,0.12551
401.962,1,320,0.125502
402.828,1,319.5,0.125464
403.694,1,319,0.125426
404.56,1,318.5,0.125388
405.426,1,318,0.125349
406.292,1,317.5,0.125311
407.158,1,317,0.125272
408.024,1,316.5,0.125222
408.89,1,316,0.125166
409.756,1,315.5,0.12511
410.622,1,315,0.125053
411.488,1,314.5,0.124994
412.354,1,314,0.124941
413.22,1,313.5,0.124884
414.086,1,313,0.124822
414.952,1,312.5,0.124757
415.818,1,312,0.124688
416.684,1,311.5,0.124616
417.55,1,311,0.12454
418.416,1,310.5,0.124461
419.282,1,310,0.124373
420.148,1,309.5,0.124281
421.014,1,309,0.124185
421.88,1,308.5,0.124098
422.746,1,308,0.12401
423.612,1,307.5,0.123917
424.478,1,307,0.123818
425.344,1,306.5,0.123714
426.21,1,306,0.123606
427.076,1,305.5,0.123493
427.942,1,305,0.123377
428.808,1,304.5,0.123256
429.674,1,304,0.123128
430.54,1,303.5,0.12299
431.406,1,303,0.122869
432.272,1,302.5,0.122743
433.138,1,302,0.122614
434.004,1,301.5,0.122482
434.87,1,301,0.122344
435.737,1,300.5,0.122192
436.603,1,300,0.122036
437.469,1,299.5,0.121877
438.335,1,299,0.121714
439.201,1,298.5,0.121547
440.067,1,298,0.121379
440.933,1,297.5,0.121218
441.799,1,297,0.121052
442.665,1,296.5,0.120883
443.531,1,296,0.120712
444.397,1,295.5,0.120537
445.263,1,295,0.12036
446.129,1,294.5,0.120172
446.995,1,294,0.119974
447.861,1,293.5,0.119773
448.727,1,293,0.11957
449.593,1,292.5,0.11937
450.459,1,292,0.119195
451.325,1,291.5,0.119015
452.191,1,291,0.11882
453.057,1,290.5,0.118624
453.923,1,290,0.118426
454.789,1,289.5,0.118227
455.655,1,289,0.118028
456.521,1,288.5,0.117827
457.387,1,288,0.11761
458.253,1,287.5,0.117392
459.119,1,287,0.11718
459.985,1,286.5,0.116994
460.851,1,286,0.116808
461.717,1,285.5,0.116622
462.583,1,285,0.116427
463.449,1,284.5,0.116226
464.315,1,284,0.116025
465.181,1,283.5,0.115824
466.047,1,283,0.115624
466.913,1,282.5,0.115424
467.779,1,282,0.115222
468.645,1,281.5,0.115022
469.512,1,281,0.114847
470.378,1,280.5,0.114673
471.244,1,280,0.1145
472.11,1,279.5,0.114328
472.976,1,279,0.114157
473.842,1,278.5,0.113978
474.708,1,278,0.1138
475.574,1,277.5,0.113623
476.44,1,277,0.113448
477.306,1,276.5,0.113274
478.172,1,276,0.113112
479.038,1,275.5,0.112965
479.904,1,275,0.112818
480.77,1,274.5,0.112672
481.636,1,274,0.112529
482.502,1,273.5,0.112387
483.368,1,273,0.112247
484.234,1,272.5,0.112107
485.1,1,272,0.111966
485.966,1,271.5,0.111827
486.832,1,271,0.11169
487.698,1,270.5,0.111563
488.564,1,270,0.11145
489.43,1,269.5,0.111338
490.296,1,269,0.111226
491.162,1,268.5,0.111117
492.028,1,268,0.111009
492.894,1,267.5,0.110904
493.76,1,267,0.110801
494.626,1,266.5,0.1107
495.492,1,266,0.1106
496.358,1,265.5,0.110503
497.224,1,265,0.110414
498.09,1,264.5,0.110335
498.956,1,264,0.110257
499.822,1,263.5,0.110181
500.688,1,263,0.110107
501.554,1,262.5,0.110036
502.42,1,262,0.109967
503.286,1,261.5,0.109899
504.153,1,261,0.109833
505.019,1,260.5,0.109769
505.885,1,260,0.109707
506.751,1,259.5,0.109652
507.617,1,259,0.109603
508.483,1,258.5,0.109554
509.349,1,258,0.109507
510.215,1,257.5,0.109462
511.081,1,257,0.109417
511.947,1,256.5,0.109376
512.813,1,256,0.109336
513.679,1,255.5,0.109298
514.545,1,255,0.109261
515.411,1,254.5,0.109225
516.277,1,254,0.109194
517.143,1,253.5,0.109167
518.009,1,253,0.109142
518.875,1,252.5,0.109118
519.741,1,252,0.109094
520.607,1,251.5,0.109072
521.473,1,251,0.109051
522.339,1,250.5,0.10903
523.205,1,250,0.109013
524.071,1,249.5,0.108997
524.937,1,249,0.108981
525.803,1,248.5,0.108967
526.669,1,248,0.108954
527.535,1,247.5,0.108942
528.401,1,247,0.108932
529.267,1,246.5,0.108922
530.133,1,246,0.108914
530.999,1,245.5,0.108905
531.865,1,245,0.108897
532.731,1,244.5,0.10889
533.597,1,244,0.108884
534.463,1,243.5,0.10888
535.329,1,243,0.108877
536.195,1,242.5,0.108874
537.061,1,242,0.108872
537.928,1,241.5,0.108869
538.794,1,241,0.108868
539.66,1,240.5,0.108867
540.526,1,240,0.108868
541.392,1,239.5,0.108868
542.258,1,239,0.108868
543.124,1,238.5,0.108869
543.99,1,238,0.108869
544.856,1,237.5,0.108871
545.722,1,237,0.108872
546.588,1,236.5,0.108874
547.454,1,236,0.108875
548.32,1,235.5,0.108877
549.186,1,235,0.108879
550.052,1,234.5,0.108881
550.918,1,234,0.108884
551.784,1,233.5,0.108887
552.65,1,233,0.108889
553.516,1,232.5,0.108892
554.382,1,232,0.108895
555.248,1,231.5,0.108897
556.114,1,231,0.108901
556.98,1,230.5,0.108904
557.846,1,230,0.108907
558.712,1,229.5,0.10891
559.578,1,229,0.108913
560.444,1,228.5,0.108917
561.31,1,228,0.10892
562.176,1,227.5,0.108924
563.042,1,227,0.108928
563.908,1,226.5,0.108931
564.774,1,226,0.108934
565.64,1,225.5,0.108937
566.506,1,225,0.108941
567.372,1,224.5,0.108944
568.238,1,224,0.108948
569.104,1,223.5,0.108951
569.97,1,223,0.108955
570.836,1,222.5,0.108958
571.703,1,222,0.108962
572.569,1,221.5,0.108966
573.435,1,221,0.108969
574.301,1,220.5,0.108972
575.167,1,220,0.108976
576.033,1,219.5,0.108979
576.899,1,219,0.108982
577.765,1,218.5,0.108986
578.631,1,218,0.108989
579.497,1,217.5,0.108992
580.363,1,217,0.108996
581.229,1,216.5,0.108999
582.095,1,216,0.109002
582.961,1,215.5,0.109005
583.827,1,215,0.109009
584.693,1,214.5,0.109012
585.559,1,214,0.109015
586.425,1,213.5,0.109018
587.291,1,213,0.109021
588.157,1,212.5,0.109024
589.023,1,212,0.109027
589.889,1,211.5,0.10903
590.755,1,211,0.109033
591.621,1,210.5,0.109036
592.487,1,210,0.109039
593.353,1,209.5,0.109042
594.219,1,209,0.109044
595.085,1,208.5,0.109047
595.951,1,208,0.10905
596.817,1,207.5,0.109052
597.683,1,207,0.109055
598.549,1,206.5,0.109058
599.415,1,206,0.10906
600.281,1,205.5,0.109063
601.147,1,205,0.109065
602.013,1,204.5,0.109068
602.879,1,204,0.10907
603.745,1,203.5,0.109073
604.611,1,203,0.109075
605.477,1,202.5,0.109078
606.344,1,202,0.10908
607.21,1,201.5,0.109082
608.076,1,201,0.109085
608.942,1,200.5,0.109087
609.808,1,200,0.10909
