x,y,z,b
90.1924,1,500,0.107008
91.0584,1,499.5,0.10698
91.9244,1,499,0.106952
92.7905,1,498.5,0.106924
93.6565,1,498,0.106895
94.5225,1,497.5,0.106867
95.3885,1,497,0.106838
96.2546,1,496.5,0.106805
97.1206,1,496,0.106769
97.9866,1,495.5,0.106733
98.8526,1,495,0.106697
99.7187,1,494.5,0.10666
100.585,1,494,0.106623
101.451,1,493.5,0.106584
102.317,1,493,0.10654
103.183,1,492.5,0.106495
104.049,1,492,0.10645
104.915,1,491.5,0.106405
105.781,1,491,0.106359
106.647,1,490.5,0.106313
107.513,1,490,0.106261
108.379,1,489.5,0.106208
109.245,1,489,0.106155
110.111,1,488.5,0.106102
110.977,1,488,0.106048
111.843,1,487.5,0.105994
112.709,1,487,0.105936
113.575,1,486.5,0.105875
114.441,1,486,0.105814
115.307,1,485.5,0.105753
116.173,1,485,0.105691
117.039,1,484.5,0.105629
117.905,1,484,0.105564
118.771,1,483.5,0.105496
119.637,1,483,0.105427
120.503,1,482.5,0.105358
121.369,1,482,0.105288
122.235,1,481.5,0.105217
123.101,1,481,0.105146
123.967,1,480.5,0.105069
124.833,1,480,0.104991
125.699,1,479.5,0.104913
126.565,1,479,0.104834
127.431,1,478.5,0.104755
128.297,1,478,0.104675
129.164,1,477.5,0.10459
130.03,1,477,0.104503
130.896,1,476.5,0.104415
131.762,1,476,0.104327
132.628,1,475.5,0.104238
133.494,1,475,0.104148
134.36,1,474.5,0.104055
135.226,1,474,0.103957
136.092,1,473.5,0.103859
136.958,1,473,0.10376
137.824,1,472.5,0.103659
138.69,1,472,0.103558
139.556,1,471.5,0.103455
140.422,1,471,0.103346
141.288,1,470.5,0.103236
142.154,1,470,0.103125
143.02,1,469.5,0.103013
143.886,1,469,0.1029
144.752,1,468.5,0.102786
145.618,1,468,0.102666
146.484,1,467.5,0.102544
147.35,1,467,0.10242
148.216,1,466.5,0.102295
149.082,1,466,0.10217
149.948,1,465.5,0.102043
150.814,1,465,0.101912
151.68,1,464.5,0.101778
152.546,1,464,0.101642
153.412,1,463.5,0.101506
154.278,1,463,0.101368
155.144,1,462.5,0.101229
156.01,1,462,0.101089
156.876,1,461.5,0.100943
157.742,1,461,0.100796
158.608,1,460.5,0.100648
159.474,1,460,0.100498
160.34,1,459.5,0.100348
161.206,1,459,0.100196
162.072,1,458.5,0.100042
162.939,1,458,0.0998871
163.805,1,457.5,0.0997309
164.671,1,457,0.0995736
165.537,1,456.5,0.0994152
166.403,1,456,0.0992557
167.269,1,455.5,0.0990972
168.135,1,455,0.0989396
169.001,1,454.5,0.0987813
169.867,1,454,0.0986222
170.733,1,453.5,0.0984623
171.599,1,453,0.0983016
172.465,1,452.5,0.0981434
173.331,1,452,0.097996
174.197,1,451.5,0.0978485
175.063,1,451,0.0977012
175.929,1,450.5,0.0975549
176.795,1,450,0.0974089
177.661,1,449.5,0.0972632
178.527,1,449,0.0971486
179.393,1,448.5,0.0970388
180.259,1,448,0.0969311
181.125,1,447.5,0.0968255
181.991,1,447,0.0967219
182.857,1,446.5,0.0966203
183.723,1,446,0.0965541
184.589,1,445.5,0.0965167
185.455,1,445,0.096489
186.321,1,444.5,0.0964667
187.187,1,444,0.0964496
188.053,1,443.5,0.0964378
188.919,1,443,0.0964554
189.785,1,442.5,0.0965408
190.651,1,442,0.096635
191.517,1,441.5,0.0967381
192.383,1,441,0.0968501
193.249,1,440.5,0.0969709
194.115,1,440,0.0971143
194.981,1,439.5,0.097398
195.847,1,439,0.097704
196.714,1,438.5,0.098029
197.58,1,438,0.098373
198.446,1,437.5,0.0987359
199.312,1,437,0.0991178
200.178,1,436.5,0.0996187
201.044,1,436,0.100197
201.91,1,435.5,0.100801
202.776,1,435,0.101432
203.642,1,434.5,0.102138
204.508,1,434,0.102923
205.374,1,433.5,0.103802
206.24,1,433,0.104833
207.106,1,432.5,0.105909
207.972,1,432,0.107032
208.838,1,431.5,0.1082
209.704,1,431,0.109415
210.57,1,430.5,0.110679
211.436,1,430,0.112138
212.302,1,429.5,0.113648
213.168,1,429,0.115335
214.034,1,428.5,0.117177
214.9,1,428,0.119092
215.766,1,427.5,0.121079
216.632,1,427,0.123203
217.498,1,426.5,0.125427
218.364,1,426,0.127724
219.23,1,425.5,0.130093
220.096,1,425,0.132536
220.962,1,424.5,0.135052
221.828,1,424,0.137563
222.694,1,423.5,0.140185
223.56,1,423,0.142922
224.426,1,422.5,0.145679
225.292,1,422,0.148455
226.158,1,421.5,0.151249
227.024,1,421,0.154019
227.89,1,420.5,0.156295
228.756,1,420,0.158538
229.622,1,419.5,0.16075
230.488,1,419,0.16293
231.355,1,418.5,0.165077
232.221,1,418,0.166984
233.087,1,417.5,0.168506
233.953,1,417,0.169934
234.819,1,416.5,0.171347
235.685,1,416,0.172746
236.551,1,415.5,0.174131
237.417,1,415,0.175501
238.283,1,414.5,0.176816
239.149,1,414,0.178073
240.015,1,413.5,0.179328
240.881,1,413,0.180581
241.747,1,412.5,0.182043
242.613,1,412,0.183541
243.479,1,411.5,0.184986
244.345,1,411,0.186185
245.211,1,410.5,0.187265
246.077,1,410,0.188226
246.943,1,409.5,0.189068
247.809,1,409,0.18979
248.675,1,408.5,0.190394
249.541,1,408,0.191007
250.407,1,407.5,0.191563
251.273,1,407,0.192124
252.139,1,406.5,0.19256
253.005,1,406,0.192848
253.871,1,405.5,0.192989
254.737,1,405,0.193215
255.603,1,404.5,0.193584
256.469,1,404,0.193891
257.335,1,403.5,0.194138
258.201,1,403,0.194323
259.067,1,402.5,0.194447
259.933,1,402,0.19456
260.799,1,401.5,0.195039
261.665,1,401,0.195421
262.531,1,400.5,0.195679
263.397,1,400,0.195814
264.263,1,399.5,0.195826
265.13,1,399,0.195715
265.996,1,398.5,0.195942
266.862,1,398,0.196205
267.728,1,397.5,0.196446
268.594,1,397,0.196667
269.46,1,396.5,0.196866
270.326,1,396,0.197433
271.192,1,395.5,0.198331
272.058,1,395,0.199505
272.924,1,394.5,0.200713
273.79,1,394,0.201954
274.656,1,393.5,0.203228
275.522,1,393,0.204537
276.388,1,392.5,0.205922
277.254,1,392,0.207478
278.12,1,391.5,0.209082
278.986,1,391,0.210738
279.852,1,390.5,0.21256
280.718,1,390,0.214394
281.584,1,389.5,0.216239
282.45,1,389,0.217925
283.316,1,388.5,0.219649
284.182,1,388,0.221425
285.048,1,387.5,0.223254
285.914,1,387,0.225134
286.78,1,386.5,0.227065
287.646,1,386,0.229214
288.512,1,385.5,0.231561
289.378,1,385,0.234431
290.244,1,384.5,0.237603
291.11,1,384,0.241076
291.976,1,383.5,0.244849
292.842,1,383,0.248541
293.708,1,382.5,0.25131
294.574,1,382,0.253842
295.44,1,381.5,0.256136
296.306,1,381,0.258193
297.172,1,380.5,0.260012
298.038,1,380,0.261586
298.905,1,379.5,0.253252
299.771,1,379,0.244423
300.637,1,378.5,0.235191
301.503,1,378,0.225558
302.369,1,377.5,0.215522
303.235,1,377,0.205085
304.101,1,376.5,0.200626
304.967,1,376,0.199071
305.833,1,375.5,0.197399
306.699,1,375,0.195612
307.565,1,374.5,0.193857
308.431,1,374,0.191872
309.297,1,373.5,0.191479
310.163,1,373,0.195557
311.029,1,372.5,0.199568
311.895,1,372,0.203512
312.761,1,371.5,0.20739
313.627,1,371,0.2112
314.493,1,370.5,0.214988
315.359,1,370,0.219765
316.225,1,369.5,0.224762
317.091,1,369,0.229673
317.957,1,368.5,0.234208
318.823,1,368,0.239254
319.689,1,367.5,0.244809
320.555,1,367,0.248556
321.421,1,366.5,0.251701
322.287,1,366,0.255057
323.153,1,365.5,0.258624
324.019,1,365,0.262402
324.885,1,364.5,0.266391
325.751,1,364,0.269326
326.617,1,363.5,0.270399
327.483,1,363,0.271257
328.349,1,362.5,0.272328
329.215,1,362,0.273613
330.081,1,361.5,0.275112
330.947,1,361,0.27657
331.813,1,360.5,0.275932
332.679,1,360,0.275385
333.546,1,359.5,0.274932
334.412,1,359,0.274571
335.278,1,358.5,0.274302
336.144,1,358,0.274026
337.01,1,357.5,0.271317
337.876,1,357,0.268108
338.742,1,356.5,0.26505
339.608,1,356,0.262144
340.474,1,355.5,0.25939
341.34,1,355,0.256786
342.206,1,354.5,0.254708
343.072,1,354,0.253123
343.938,1,353.5,0.251586
344.804,1,353,0.250098
345.67,1,352.5,0.248386
346.536,1,352,0.246332
347.402,1,351.5,0.247235
348.268,1,351,0.264063
349.134,1,350.5,0.2805
350,1,350,0.296544
350.866,1,349.5,0.312198
351.732,1,349,0.327459
352.598,1,348.5,0.342329
353.464,1,348,0.335055
354.33,1,347.5,0.326546
355.196,1,347,0.319116
356.062,1,346.5,0.311896
356.928,1,346,0.306329
357.794,1,345.5,0.302416
358.66,1,345,0.300741
359.526,1,344.5,0.300429
360.392,1,344,0.300705
361.258,1,343.5,0.301569
362.124,1,343,0.303021
362.99,1,342.5,0.305062
363.856,1,342,0.307194
364.722,1,341.5,0.306485
365.588,1,341,0.304864
366.454,1,340.5,0.30367
367.321,1,340,0.302903
368.187,1,339.5,0.302563
369.053,1,339,0.30265
369.919,1,338.5,0.298344
370.785,1,338,0.295031
371.651,1,337.5,0.293314
372.517,1,337,0.293195
373.383,1,336.5,0.294674
374.249,1,336,0.294525
375.115,1,335.5,0.288311
375.981,1,335,0.279433
376.847,1,334.5,0.271616
377.713,1,334,0.264858
378.579,1,333.5,0.259161
379.445,1,333,0.254524
380.311,1,332.5,0.249112
381.177,1,332,0.238241
382.043,1,331.5,0.226021
382.909,1,331,0.212452
383.775,1,330.5,0.197176
384.641,1,330,0.181512
385.507,1,329.5,0.16578
386.373,1,329,0.164278
387.239,1,328.5,0.162742
388.105,1,328,0.160468
388.971,1,327.5,0.157455
389.837,1,327,0.153704
390.703,1,326.5,0.149215
391.569,1,326,0.147191
392.435,1,325.5,0.146917
393.301,1,325,0.146706
394.167,1,324.5,0.146544
395.033,1,324,0.146435
395.899,1,323.5,0.146377
396.765,1,323,0.145832
397.631,1,322.5,0.144195
398.497,1,322,0.142584
399.363,1,321.5,0.140996
400.229,1,321,0.139434
401.095,1,320.5,0.137896
401.962,1,320,0.136381
402.828,1,319.5,0.134592
403.694,1,319,0.13279
404.56,1,318.5,0.131001
405.426,1,318,0.129224
406.292,1,317.5,0.12746
407.158,1,317,0.125709
408.024,1,316.5,0.124475
408.89,1,316,0.123451
409.756,1,315.5,0.12241
410.622,1,315,0.121352
411.488,1,314.5,0.120277
412.354,1,314,0.119157
413.22,1,313.5,0.118308
414.086,1,313,0.117894
414.952,1,312.5,0.117473
415.818,1,312,0.117044
416.684,1,311.5,0.116608
417.55,1,311,0.116165
418.416,1,310.5,0.115739
419.282,1,310,0.115636
420.148,1,309.5,0.115526
421.014,1,309,0.115407
421.88,1,308.5,0.115288
422.746,1,308,0.115168
423.612,1,307.5,0.115046
424.478,1,307,0.115022
425.344,1,306.5,0.115027
426.21,1,306,0.115026
427.076,1,305.5,0.11502
427.942,1,305,0.115009
428.808,1,304.5,0.114992
429.674,1,304,0.115015
430.54,1,303.5,0.11509
431.406,1,303,0.115174
432.272,1,302.5,0.115255
433.138,1,302,0.115331
434.004,1,301.5,0.115403
434.87,1,301,0.115476
435.737,1,300.5,0.115578
436.603,1,300,0.115674
437.469,1,299.5,0.115762
438.335,1,299,0.115844
439.201,1,298.5,0.115919
440.067,1,298,0.115988
440.933,1,297.5,0.116093
441.799,1,297,0.116196
442.665,1,296.5,0.116294
443.531,1,296,0.116387
444.397,1,295.5,0.116473
445.263,1,295,0.116554
446.129,1,294.5,0.116635
446.995,1,294,0.116719
447.861,1,293.5,0.116799
448.727,1,293,0.116875
449.593,1,292.5,0.116949
450.459,1,292,0.11703
451.325,1,291.5,0.117106
452.191,1,291,0.117178
453.057,1,290.5,0.117246
453.923,1,290,0.117311
454.789,1,289.5,0.117372
455.655,1,289,0.11743
456.521,1,288.5,0.117484
457.387,1,288,0.117527
458.253,1,287.5,0.117568
459.119,1,287,0.117608
459.985,1,286.5,0.117652
460.851,1,286,0.117693
461.717,1,285.5,0.117731
462.583,1,285,0.117759
463.449,1,284.5,0.117779
464.315,1,284,0.117796
465.181,1,283.5,0.117811
466.047,1,283,0.117824
466.913,1,282.5,0.117834
467.779,1,282,0.117839
468.645,1,281.5,0.117834
469.512,1,281,0.117833
470.378,1,280.5,0.11783
471.244,1,280,0.117824
472.11,1,279.5,0.117816
472.976,1,279,0.117806
473.842,1,278.5,0.11778
474.708,1,278,0.11775
475.574,1,277.5,0.117719
476.44,1,277,0.117686
477.306,1,276.5,0.117651
478.172,1,276,0.117617
479.038,1,275.5,0.117578
479.904,1,275,0.117532
480.77,1,274.5,0.117485
481.636,1,274,0.117435
482.502,1,273.5,0.117383
483.368,1,273,0.117329
484.234,1,272.5,0.117271
485.1,1,272,0.117203
485.966,1,271.5,0.117134
486.832,1,271,0.117063
487.698,1,270.5,0.116995
488.564,1,270,0.116931
489.43,1,269.5,0.116866
490.296,1,269,0.116789
491.162,1,268.5,0.11671
492.028,1,268,0.116629
492.894,1,267.5,0.116546
493.76,1,267,0.116462
494.626,1,266.5,0.116376
495.492,1,266,0.116281
496.358,1,265.5,0.116181
497.224,1,265,0.116087
498.09,1,264.5,0.116
498.956,1,264,0.115913
499.822,1,263.5,0.115824
500.688,1,263,0.11573
501.554,1,262.5,0.115627
502.42,1,262,0.115523
503.286,1,261.5,0.115419
504.153,1,261,0.115315
505.019,1,260.5,0.11521
505.885,1,260,0.115106
506.751,1,259.5,0.114996
507.617,1,259,0.114892
508.483,1,258.5,0.114788
509.349,1,258,0.114684
510.215,1,257.5,0.11458
511.081,1,257,0.114476
511.947,1,256.5,0.114365
512.813,1,256,0.114251
513.679,1,255.5,0.114138
514.545,1,255,0.114025
515.411,1,254.5,0.113913
516.277,1,254,0.11381
517.143,1,253.5,0.11371
518.009,1,253,0.113606
518.875,1,252.5,0.113503
519.741,1,252,0.113401
520.607,1,251.5,0.113299
521.473,1,251,0.113198
522.339,1,250.5,0.113098
523.205,1,250,0.112993
524.071,1,249.5,0.11289
524.937,1,249,0.112788
525.803,1,248.5,0.112697
526.669,1,248,0.112612
527.535,1,247.5,0.112529
528.401,1,247,0.112444
529.267,1,246.5,0.112359
530.133,1,246,0.112276
530.999,1,245.5,0.112194
531.865,1,245,0.112113
532.731,1,244.5,0.112034
533.597,1,244,0.111955
534.463,1,243.5,0.111877
535.329,1,243,0.111806
536.195,1,242.5,0.111739
537.061,1,242,0.111673
537.928,1,241.5,0.111608
538.794,1,241,0.111545
539.66,1,240.5,0.111482
540.526,1,240,0.111421
541.392,1,239.5,0.11136
542.258,1,239,0.111301
543.124,1,238.5,0.111243
543.99,1,238,0.111186
544.856,1,237.5,0.111134
545.722,1,237,0.111084
546.588,1,236.5,0.111034
547.454,1,236,0.110986
548.32,1,235.5,0.110938
549.186,1,235,0.110891
550.052,1,234.5,0.110846
550.918,1,234,0.110801
551.784,1,233.5,0.110757
552.65,1,233,0.110714
553.516,1,232.5,0.110672
554.382,1,232,0.110633
555.248,1,231.5,0.110595
556.114,1,231,0.110557
556.98,1,230.5,0.11052
557.846,1,230,0.110484
558.712,1,229.5,0.110448
559.578,1,229,0.110413
560.444,1,228.5,0.110378
561.31,1,228,0.110344
562.176,1,227.5,0.11031
563.042,1,227,0.110277
563.908,1,226.5,0.110248
564.774,1,226,0.110219
565.64,1,225.5,0.110192
566.506,1,225,0.110164
567.372,1,224.5,0.110138
568.238,1,224,0.110112
569.104,1,223.5,0.110087
569.97,1,223,0.110062
570.836,1,222.5,0.110038
571.703,1,222,0.110015
572.569,1,221.5,0.109993
573.435,1,221,0.109972
574.301,1,220.5,0.109953
575.167,1,220,0.109933
576.033,1,219.5,0.109914
576.899,1,219,0.109895
577.765,1,218.5,0.109877
578.631,1,218,0.109859
579.497,1,217.5,0.109842
580.363,1,217,0.109825
581.229,1,216.5,0.109808
582.095,1,216,0.109791
582.961,1,215.5,0.109777
583.827,1,215,0.109763
584.693,1,214.5,0.10975
585.559,1,214,0.109736
586.425,1,213.5,0.109723
587.291,1,213,0.10971
588.157,1,212.5,0.109697
589.023,1,212,0.109685
589.889,1,211.5,0.109673
590.755,1,211,0.109661
591.621,1,210.5,0.109649
592.487,1,210,0.109639
593.353,1,209.5,0.109629
594.219,1,209,0.109619
595.085,1,208.5,0.10961
595.951,1,208,0.1096
596.817,1,207.5,0.109591
597.683,1,207,0.109582
598.549,1,206.5,0.109573
599.415,1,206,0.109565
600.281,1,205.5,0.109556
601.147,1,205,0.109547
602.013,1,204.5,0.109539
602.879,1,204,0.109531
603.745,1,203.5,0.109523
604.611,1,203,0.109516
605.477,1,202.5,0.109508
606.344,1,202,0.109501
607.21,1,201.5,0.109493
608.076,1,201,0.109486
608.942,1,200.5,0.109479
609.808,1,200,0.109472
