x,y,z,b
90.1924,1,500,0.108629
91.0584,1,499.5,0.108623
91.9244,1,499,0.108617
92.7905,1,498.5,0.10861
93.6565,1,498,0.108604
94.5225,1,497.5,0.108598
95.3885,1,497,0.108592
96.2546,1,496.5,0.108584
97.1206,1,496,0.108576
97.9866,1,495.5,0.108568
98.8526,1,495,0.10856
99.7187,1,494.5,0.108551
100.585,1,494,0.108543
101.451,1,493.5,0.108534
102.317,1,493,0.108523
103.183,1,492.5,0.108513
104.049,1,492,0.108502
104.915,1,491.5,0.108492
105.781,1,491,0.108481
106.647,1,490.5,0.10847
107.513,1,490,0.108457
108.379,1,489.5,0.108445
109.245,1,489,0.108432
110.111,1,488.5,0.108419
110.977,1,488,0.108406
111.843,1,487.5,0.108393
112.709,1,487,0.108378
113.575,1,486.5,0.108363
114.441,1,486,0.108348
115.307,1,485.5,0.108333
116.173,1,485,0.108317
117.039,1,484.5,0.108301
117.905,1,484,0.108285
118.771,1,483.5,0.108268
119.637,1,483,0.10825
120.503,1,482.5,0.108232
121.369,1,482,0.108215
122.235,1,481.5,0.108197
123.101,1,481,0.108178
123.967,1,480.5,0.108158
124.833,1,480,0.108137
125.699,1,479.5,0.108117
126.565,1,479,0.108096
127.431,1,478.5,0.108075
128.297,1,478,0.108053
129.164,1,477.5,0.10803
130.03,1,477,0.108006
130.896,1,476.5,0.107982
131.762,1,476,0.107958
132.628,1,475.5,0.107934
133.494,1,475,0.107909
134.36,1,474.5,0.107883
135.226,1,474,0.107854
136.092,1,473.5,0.107826
136.958,1,473,0.107797
137.824,1,472.5,0.107768
138.69,1,472,0.107739
139.556,1,471.5,0.107709
140.422,1,471,0.107676
141.288,1,470.5,0.107643
142.154,1,470,0.10761
143.02,1,469.5,0.107576
143.886,1,469,0.107542
144.752,1,468.5,0.107507
145.618,1,468,0.107469
146.484,1,467.5,0.10743
147.35,1,467,0.10739
148.216,1,466.5,0.10735
149.082,1,466,0.107309
149.948,1,465.5,0.107268
150.814,1,465,0.107225
151.68,1,464.5,0.107178
152.546,1,464,0.107131
153.412,1,463.5,0.107083
154.278,1,463,0.107036
155.144,1,462.5,0.106987
156.01,1,462,0.106937
156.876,1,461.5,0.106882
157.742,1,461,0.106826
158.608,1,460.5,0.106769
159.474,1,460,0.106712
160.34,1,459.5,0.106655
161.206,1,459,0.106596
162.072,1,458.5,0.106532
162.939,1,458,0.106466
163.805,1,457.5,0.106399
164.671,1,457,0.106331
165.537,1,456.5,0.106263
166.403,1,456,0.106194
167.269,1,455.5,0.10612
168.135,1,455,0.10604
169.001,1,454.5,0.10596
169.867,1,454,0.105879
170.733,1,453.5,0.105797
171.599,1,453,0.105714
172.465,1,452.5,0.105629
173.331,1,452,0.105535
174.197,1,451.5,0.10544
175.063,1,451,0.105344
175.929,1,450.5,0.105248
176.795,1,450,0.105151
177.661,1,449.5,0.105052
178.527,1,449,0.10494
179.393,1,448.5,0.104825
180.259,1,448,0.104709
181.125,1,447.5,0.104592
181.991,1,447,0.104474
182.857,1,446.5,0.104354
183.723,1,446,0.104225
184.589,1,445.5,0.104089
185.455,1,445,0.10395
186.321,1,444.5,0.103811
187.187,1,444,0.10367
188.053,1,443.5,0.103527
188.919,1,443,0.103378
189.785,1,442.5,0.103213
190.651,1,442,0.103047
191.517,1,441.5,0.102879
192.383,1,441,0.102709
193.249,1,440.5,0.102537
194.115,1,440,0.102364
194.981,1,439.5,0.102168
195.847,1,439,0.10197
196.714,1,438.5,0.101769
197.58,1,438,0.101566
198.446,1,437.5,0.101361
199.312,1,437,0.101153
200.178,1,436.5,0.100928
201.044,1,436,0.100691
201.91,1,435.5,0.100451
202.776,1,435,0.100209
203.642,1,434.5,0.0999631
204.508,1,434,0.0997137
205.374,1,433.5,0.0994531
206.24,1,433,0.0991735
207.106,1,432.5,0.0988905
207.972,1,432,0.0986039
208.838,1,431.5,0.0983138
209.704,1,431,0.0980203
210.57,1,430.5,0.0977226
211.436,1,430,0.0973988
212.302,1,429.5,0.0970711
213.168,1,429,0.0967381
214.034,1,428.5,0.0963999
214.9,1,428,0.0960575
215.766,1,427.5,0.0957108
216.632,1,427,0.0953498
217.498,1,426.5,0.0949804
218.364,1,426,0.0946067
219.23,1,425.5,0.0942289
220.096,1,425,0.0938468
220.962,1,424.5,0.0934605
221.828,1,424,0.093069
222.694,1,423.5,0.0926693
223.56,1,423,0.0922653
224.426,1,422.5,0.0918584
225.292,1,422,0.0914486
226.158,1,421.5,0.091036
227.024,1,421,0.090632
227.89,1,420.5,0.0903695
228.756,1,420,0.0901329
229.622,1,419.5,0.0899221
230.488,1,419,0.0897372
231.355,1,418.5,0.0895782
232.221,1,418,0.0895341
233.087,1,417.5,0.0897794
233.953,1,417,0.0901521
234.819,1,416.5,0.0905895
235.685,1,416,0.0910916
236.551,1,415.5,0.0916583
237.417,1,415,0.0922897
238.283,1,414.5,0.0931733
239.149,1,414,0.0943654
240.015,1,413.5,0.0956457
240.881,1,413,0.0970142
241.747,1,412.5,0.0990215
242.613,1,412,0.101323
243.479,1,411.5,0.103792
244.345,1,411,0.106477
245.211,1,410.5,0.109213
246.077,1,410,0.112
246.943,1,409.5,0.114837
247.809,1,409,0.117725
248.675,1,408.5,0.120663
249.541,1,408,0.1233
250.407,1,407.5,0.125811
251.273,1,407,0.12883
252.139,1,406.5,0.131803
253.005,1,406,0.134617
253.871,1,405.5,0.137272
254.737,1,405,0.1401
255.603,1,404.5,0.143145
256.469,1,404,0.146102
257.335,1,403.5,0.148971
258.201,1,403,0.151752
259.067,1,402.5,0.154444
259.933,1,402,0.157265
260.799,1,401.5,0.160044
261.665,1,401,0.162829
262.531,1,400.5,0.165717
263.397,1,400,0.168708
264.263,1,399.5,0.171802
265.13,1,399,0.174999
265.996,1,398.5,0.179738
266.862,1,398,0.18497
267.728,1,397.5,0.19051
268.594,1,397,0.196357
269.46,1,396.5,0.202513
270.326,1,396,0.206901
271.192,1,395.5,0.209387
272.058,1,395,0.210561
272.924,1,394.5,0.211506
273.79,1,394,0.212223
274.656,1,393.5,0.212712
275.522,1,393,0.212972
276.388,1,392.5,0.213714
277.254,1,392,0.21729
278.12,1,391.5,0.222118
278.986,1,391,0.22842
279.852,1,390.5,0.24213
280.718,1,390,0.255692
281.584,1,389.5,0.269107
282.45,1,389,0.283701
283.316,1,388.5,0.296143
284.182,1,388,0.306269
285.048,1,387.5,0.314079
285.914,1,387,0.319573
286.78,1,386.5,0.322752
287.646,1,386,0.323146
288.512,1,385.5,0.322619
289.378,1,385,0.321522
290.244,1,384.5,0.320532
291.11,1,384,0.319649
291.976,1,383.5,0.318872
292.842,1,383,0.318351
293.708,1,382.5,0.318251
294.574,1,382,0.318219
295.44,1,381.5,0.318254
296.306,1,381,0.318357
297.172,1,380.5,0.318528
298.038,1,380,0.318767
298.905,1,379.5,0.319222
299.771,1,379,0.319673
300.637,1,378.5,0.320117
301.503,1,378,0.320554
302.369,1,377.5,0.320984
303.235,1,377,0.321409
304.101,1,376.5,0.321886
304.967,1,376,0.322386
305.833,1,375.5,0.32288
306.699,1,375,0.323369
307.565,1,374.5,0.323852
308.431,1,374,0.32432
309.297,1,373.5,0.324562
310.163,1,373,0.324468
311.029,1,372.5,0.324421
311.895,1,372,0.324421
312.761,1,371.5,0.324469
313.627,1,371,0.324565
314.493,1,370.5,0.324673
315.359,1,370,0.324137
316.225,1,369.5,0.323728
317.091,1,369,0.323421
317.957,1,368.5,0.323132
318.823,1,368,0.322897
319.689,1,367.5,0.322715
320.555,1,367,0.32097
321.421,1,366.5,0.319048
322.287,1,366,0.3176
323.153,1,365.5,0.316625
324.019,1,365,0.316123
324.885,1,364.5,0.316095
325.751,1,364,0.313157
326.617,1,363.5,0.305861
327.483,1,363,0.298758
328.349,1,362.5,0.292663
329.215,1,362,0.287575
330.081,1,361.5,0.283494
330.947,1,361,0.279698
331.813,1,360.5,0.269477
332.679,1,360,0.258363
333.546,1,359.5,0.246357
334.412,1,359,0.233458
335.278,1,358.5,0.219668
336.144,1,358,0.206082
337.01,1,357.5,0.210859
337.876,1,357,0.218999
338.742,1,356.5,0.225809
339.608,1,356,0.231289
340.474,1,355.5,0.235439
341.34,1,355,0.23826
342.206,1,354.5,0.242223
343.072,1,354,0.248576
343.938,1,353.5,0.254899
344.804,1,353,0.261192
345.67,1,352.5,0.267687
346.536,1,352,0.273545
347.402,1,351.5,0.27784
348.268,1,351,0.276416
349.134,1,350.5,0.26919
350,1,350,0.256164
350.866,1,349.5,0.237337
351.732,1,349,0.212708
352.598,1,348.5,0.182279
353.464,1,348,0.151879
354.33,1,347.5,0.125778
355.196,1,347,0.114372
356.062,1,346.5,0.111022
356.928,1,346,0.104629
357.794,1,345.5,0.0951923
358.66,1,345,0.0929214
359.526,1,344.5,0.0986158
360.392,1,344,0.103723
361.258,1,343.5,0.108245
362.124,1,343,0.112179
362.99,1,342.5,0.115527
363.856,1,342,0.117924
364.722,1,341.5,0.119256
365.588,1,341,0.120719
366.454,1,340.5,0.12187
367.321,1,340,0.12271
368.187,1,339.5,0.123238
369.053,1,339,0.123455
369.919,1,338.5,0.123545
370.785,1,338,0.123558
371.651,1,337.5,0.123484
372.517,1,337,0.123324
373.383,1,336.5,0.123077
374.249,1,336,0.123049
375.115,1,335.5,0.123017
375.981,1,335,0.122907
376.847,1,334.5,0.122793
377.713,1,334,0.122675
378.579,1,333.5,0.122554
379.445,1,333,0.122429
380.311,1,332.5,0.122301
381.177,1,332,0.122203
382.043,1,331.5,0.122149
382.909,1,331,0.122142
383.775,1,330.5,0.122207
384.641,1,330,0.122298
385.507,1,329.5,0.122396
386.373,1,329,0.122196
387.239,1,328.5,0.122008
388.105,1,328,0.121849
388.971,1,327.5,0.121716
389.837,1,327,0.121612
390.703,1,326.5,0.121535
391.569,1,326,0.121428
392.435,1,325.5,0.121308
393.301,1,325,0.121204
394.167,1,324.5,0.12111
395.033,1,324,0.121027
395.899,1,323.5,0.120955
396.765,1,323,0.120903
397.631,1,322.5,0.120876
398.497,1,322,0.120855
399.363,1,321.5,0.120838
400.229,1,321,0.120827
401.095,1,320.5,0.120821
401.962,1,320,0.120821
402.828,1,319.5,0.120877
403.694,1,319,0.120933
404.56,1,318.5,0.120988
405.426,1,318,0.121043
406.292,1,317.5,0.121097
407.158,1,317,0.121151
408.024,1,316.5,0.121224
408.89,1,316,0.121304
409.756,1,315.5,0.121382
410.622,1,315,0.121459
411.488,1,314.5,0.121535
412.354,1,314,0.121607
413.22,1,313.5,0.121681
414.086,1,313,0.121759
414.952,1,312.5,0.121834
415.818,1,312,0.121906
416.684,1,311.5,0.121976
417.55,1,311,0.122043
418.416,1,310.5,0.122107
419.282,1,310,0.122164
420.148,1,309.5,0.122219
421.014,1,309,0.122272
421.88,1,308.5,0.12232
422.746,1,308,0.122366
423.612,1,307.5,0.122408
424.478,1,307,0.12244
425.344,1,306.5,0.122466
426.21,1,306,0.12249
427.076,1,305.5,0.122511
427.942,1,305,0.12253
428.808,1,304.5,0.122546
429.674,1,304,0.122553
430.54,1,303.5,0.122548
431.406,1,303,0.122541
432.272,1,302.5,0.122532
433.138,1,302,0.122521
434.004,1,301.5,0.122507
434.87,1,301,0.122489
435.737,1,300.5,0.122453
436.603,1,300,0.122415
437.469,1,299.5,0.122375
438.335,1,299,0.122332
439.201,1,298.5,0.122287
440.067,1,298,0.12224
440.933,1,297.5,0.122181
441.799,1,297,0.122115
442.665,1,296.5,0.122047
443.531,1,296,0.121977
444.397,1,295.5,0.121904
445.263,1,295,0.12183
446.129,1,294.5,0.121745
446.995,1,294,0.121649
447.861,1,293.5,0.121551
448.727,1,293,0.121451
449.593,1,292.5,0.12135
450.459,1,292,0.121256
451.325,1,291.5,0.121156
452.191,1,291,0.121042
453.057,1,290.5,0.120927
453.923,1,290,0.12081
454.789,1,289.5,0.120691
455.655,1,289,0.120571
456.521,1,288.5,0.120448
457.387,1,288,0.120312
458.253,1,287.5,0.120173
459.119,1,287,0.120036
459.985,1,286.5,0.119908
460.851,1,286,0.119779
461.717,1,285.5,0.119649
462.583,1,285,0.11951
463.449,1,284.5,0.119364
464.315,1,284,0.119218
465.181,1,283.5,0.119071
466.047,1,283,0.118923
466.913,1,282.5,0.118775
467.779,1,282,0.118623
468.645,1,281.5,0.118468
469.512,1,281,0.118325
470.378,1,280.5,0.118183
471.244,1,280,0.11804
472.11,1,279.5,0.117898
472.976,1,279,0.117755
473.842,1,278.5,0.117604
474.708,1,278,0.117452
475.574,1,277.5,0.117301
476.44,1,277,0.11715
477.306,1,276.5,0.116999
478.172,1,276,0.116855
479.038,1,275.5,0.116717
479.904,1,275,0.116575
480.77,1,274.5,0.116433
481.636,1,274,0.116292
482.502,1,273.5,0.116152
483.368,1,273,0.116012
484.234,1,272.5,0.115871
485.1,1,272,0.115726
485.966,1,271.5,0.115582
486.832,1,271,0.115439
487.698,1,270.5,0.115304
488.564,1,270,0.11518
489.43,1,269.5,0.115057
490.296,1,269,0.114927
491.162,1,268.5,0.114799
492.028,1,268,0.114672
492.894,1,267.5,0.114545
493.76,1,267,0.11442
494.626,1,266.5,0.114296
495.492,1,266,0.114169
496.358,1,265.5,0.114041
497.224,1,265,0.113921
498.09,1,264.5,0.113808
498.956,1,264,0.113696
499.822,1,263.5,0.113584
500.688,1,263,0.113473
501.554,1,262.5,0.113359
502.42,1,262,0.113247
503.286,1,261.5,0.113135
504.153,1,261,0.113025
505.019,1,260.5,0.112915
505.885,1,260,0.112807
506.751,1,259.5,0.112704
507.617,1,259,0.112609
508.483,1,258.5,0.112515
509.349,1,258,0.112421
510.215,1,257.5,0.112329
511.081,1,257,0.112238
511.947,1,256.5,0.112145
512.813,1,256,0.112053
513.679,1,255.5,0.111962
514.545,1,255,0.111872
515.411,1,254.5,0.111783
516.277,1,254,0.111702
517.143,1,253.5,0.111625
518.009,1,253,0.111547
518.875,1,252.5,0.111471
519.741,1,252,0.111396
520.607,1,251.5,0.111321
521.473,1,251,0.111248
522.339,1,250.5,0.111176
523.205,1,250,0.111103
524.071,1,249.5,0.111031
524.937,1,249,0.11096
525.803,1,248.5,0.110894
526.669,1,248,0.110832
527.535,1,247.5,0.110771
528.401,1,247,0.110711
529.267,1,246.5,0.110651
530.133,1,246,0.110591
530.999,1,245.5,0.110533
531.865,1,245,0.110476
532.731,1,244.5,0.11042
533.597,1,244,0.110364
534.463,1,243.5,0.11031
535.329,1,243,0.11026
536.195,1,242.5,0.110213
537.061,1,242,0.110166
537.928,1,241.5,0.110121
538.794,1,241,0.110076
539.66,1,240.5,0.110031
540.526,1,240,0.109988
541.392,1,239.5,0.109945
542.258,1,239,0.109903
543.124,1,238.5,0.109862
543.99,1,238,0.109822
544.856,1,237.5,0.109787
545.722,1,237,0.109753
546.588,1,236.5,0.109721
547.454,1,236,0.109689
548.32,1,235.5,0.109657
549.186,1,235,0.109626
550.052,1,234.5,0.109597
550.918,1,234,0.109568
551.784,1,233.5,0.10954
552.65,1,233,0.109512
553.516,1,232.5,0.109485
554.382,1,232,0.109462
555.248,1,231.5,0.109441
556.114,1,231,0.10942
556.98,1,230.5,0.1094
557.846,1,230,0.109381
558.712,1,229.5,0.109362
559.578,1,229,0.109344
560.444,1,228.5,0.109326
561.31,1,228,0.109309
562.176,1,227.5,0.109293
563.042,1,227,0.109277
563.908,1,226.5,0.109262
564.774,1,226,0.109249
565.64,1,225.5,0.109235
566.506,1,225,0.109223
567.372,1,224.5,0.109211
568.238,1,224,0.109199
569.104,1,223.5,0.109188
569.97,1,223,0.109177
570.836,1,222.5,0.109167
571.703,1,222,0.109157
572.569,1,221.5,0.109148
573.435,1,221,0.10914
574.301,1,220.5,0.109132
575.167,1,220,0.109125
576.033,1,219.5,0.109118
576.899,1,219,0.109112
577.765,1,218.5,0.109106
578.631,1,218,0.109101
579.497,1,217.5,0.109096
580.363,1,217,0.109091
581.229,1,216.5,0.109086
582.095,1,216,0.109082
582.961,1,215.5,0.109078
583.827,1,215,0.109075
584.693,1,214.5,0.109072
585.559,1,214,0.109069
586.425,1,213.5,0.109066
587.291,1,213,0.109064
588.157,1,212.5,0.109062
589.023,1,212,0.10906
589.889,1,211.5,0.109059
590.755,1,211,0.109057
591.621,1,210.5,0.109056
592.487,1,210,0.109056
593.353,1,209.5,0.109055
594.219,1,209,0.109055
595.085,1,208.5,0.109056
595.951,1,208,0.109056
596.817,1,207.5,0.109056
597.683,1,207,0.109057
598.549,1,206.5,0.109057
599.415,1,206,0.109058
600.281,1,205.5,0.109059
601.147,1,205,0.10906
602.013,1,204.5,0.109061
602.879,1,204,0.109062
603.745,1,203.5,0.109064
604.611,1,203,0.109065
605.477,1,202.5,0.109067
606.344,1,202,0.109068
607.21,1,201.5,0.10907
608.076,1,201,0.109072
608.942,1,200.5,0.109074
609.808,1,200,0.109076
