x,y,z,b
90.1924,1,500,0.104396
91.0584,1,499.5,0.10439
91.9244,1,499,0.104384
92.7905,1,498.5,0.104378
93.6565,1,498,0.104373
94.5225,1,497.5,0.104368
95.3885,1,497,0.104363
96.2546,1,496.5,0.104352
97.1206,1,496,0.104338
97.9866,1,495.5,0.104325
98.8526,1,495,0.104311
99.7187,1,494.5,0.104298
100.585,1,494,0.104286
101.451,1,493.5,0.104271
102.317,1,493,0.104251
103.183,1,492.5,0.104232
104.049,1,492,0.104213
104.915,1,491.5,0.104194
105.781,1,491,0.104176
106.647,1,490.5,0.104158
107.513,1,490,0.104145
108.379,1,489.5,0.104133
109.245,1,489,0.104122
110.111,1,488.5,0.104111
110.977,1,488,0.104102
111.843,1,487.5,0.104093
112.709,1,487,0.104094
113.575,1,486.5,0.1041
114.441,1,486,0.104108
115.307,1,485.5,0.104116
116.173,1,485,0.104124
117.039,1,484.5,0.104134
117.905,1,484,0.104151
118.771,1,483.5,0.104182
119.637,1,483,0.104213
120.503,1,482.5,0.104246
121.369,1,482,0.10428
122.235,1,481.5,0.104315
123.101,1,481,0.104353
123.967,1,480.5,0.104411
124.833,1,480,0.104471
125.699,1,479.5,0.104532
126.565,1,479,0.104595
127.431,1,478.5,0.104659
128.297,1,478,0.104725
129.164,1,477.5,0.104809
130.03,1,477,0.104899
130.896,1,476.5,0.104991
131.762,1,476,0.105084
132.628,1,475.5,0.10518
133.494,1,475,0.105277
134.36,1,474.5,0.105385
135.226,1,474,0.105507
136.092,1,473.5,0.105632
136.958,1,473,0.105758
137.824,1,472.5,0.105888
138.69,1,472,0.10602
139.556,1,471.5,0.106157
140.422,1,471,0.106314
141.288,1,470.5,0.106473
142.154,1,470,0.106635
143.02,1,469.5,0.106799
143.886,1,469,0.106965
144.752,1,468.5,0.107134
145.618,1,468,0.107322
146.484,1,467.5,0.107517
147.35,1,467,0.107716
148.216,1,466.5,0.107917
149.082,1,466,0.108121
149.948,1,465.5,0.108327
150.814,1,465,0.108545
151.68,1,464.5,0.108775
152.546,1,464,0.109008
153.412,1,463.5,0.109243
154.278,1,463,0.10948
155.144,1,462.5,0.10972
156.01,1,462,0.109966
156.876,1,461.5,0.110231
157.742,1,461,0.110498
158.608,1,460.5,0.110767
159.474,1,460,0.11104
160.34,1,459.5,0.111315
161.206,1,459,0.111593
162.072,1,458.5,0.111881
162.939,1,458,0.112174
163.805,1,457.5,0.112469
164.671,1,457,0.112767
165.537,1,456.5,0.113068
166.403,1,456,0.113371
167.269,1,455.5,0.113679
168.135,1,455,0.113992
169.001,1,454.5,0.114306
169.867,1,454,0.114624
170.733,1,453.5,0.114944
171.599,1,453,0.115266
172.465,1,452.5,0.11559
173.331,1,452,0.115912
174.197,1,451.5,0.116237
175.063,1,451,0.116565
175.929,1,450.5,0.116895
176.795,1,450,0.117228
177.661,1,449.5,0.117563
178.527,1,449,0.117891
179.393,1,448.5,0.118221
180.259,1,448,0.118554
181.125,1,447.5,0.118888
181.991,1,447,0.119225
182.857,1,446.5,0.119564
183.723,1,446,0.119896
184.589,1,445.5,0.120224
185.455,1,445,0.120553
186.321,1,444.5,0.120884
187.187,1,444,0.121218
188.053,1,443.5,0.121554
188.919,1,443,0.121889
189.785,1,442.5,0.122216
190.651,1,442,0.122547
191.517,1,441.5,0.12288
192.383,1,441,0.123217
193.249,1,440.5,0.123557
194.115,1,440,0.1239
194.981,1,439.5,0.124237
195.847,1,439,0.124581
196.714,1,438.5,0.12493
197.58,1,438,0.125286
198.446,1,437.5,0.125647
199.312,1,437,0.126015
200.178,1,436.5,0.1264
201.044,1,436,0.126799
201.91,1,435.5,0.127207
202.776,1,435,0.127623
203.642,1,434.5,0.128049
204.508,1,434,0.128484
205.374,1,433.5,0.128943
206.24,1,433,0.12944
207.106,1,432.5,0.129952
207.972,1,432,0.130479
208.838,1,431.5,0.13102
209.704,1,431,0.131577
210.57,1,430.5,0.13215
211.436,1,430,0.132815
212.302,1,429.5,0.1335
213.168,1,429,0.134207
214.034,1,428.5,0.134934
214.9,1,428,0.135682
215.766,1,427.5,0.136451
216.632,1,427,0.137328
217.498,1,426.5,0.138276
218.364,1,426,0.13926
219.23,1,425.5,0.140281
220.096,1,425,0.141339
220.962,1,424.5,0.142433
221.828,1,424,0.143672
222.694,1,423.5,0.145151
223.56,1,423,0.146692
224.426,1,422.5,0.148282
225.292,1,422,0.149922
226.158,1,421.5,0.151611
227.024,1,421,0.15334
227.89,1,420.5,0.155001
228.756,1,420,0.156682
229.622,1,419.5,0.158384
230.488,1,419,0.160107
231.355,1,418.5,0.16185
232.221,1,418,0.163324
233.087,1,417.5,0.164028
233.953,1,417,0.164463
234.819,1,416.5,0.164807
235.685,1,416,0.16506
236.551,1,415.5,0.165222
237.417,1,415,0.165294
238.283,1,414.5,0.165318
239.149,1,414,0.165402
240.015,1,413.5,0.165531
240.881,1,413,0.165705
241.747,1,412.5,0.166071
242.613,1,412,0.166636
243.479,1,411.5,0.167437
244.345,1,411,0.168818
245.211,1,410.5,0.170354
246.077,1,410,0.172046
246.943,1,409.5,0.173893
247.809,1,409,0.175896
248.675,1,408.5,0.178053
249.541,1,408,0.179499
250.407,1,407.5,0.180733
251.273,1,407,0.181839
252.139,1,406.5,0.182902
253.005,1,406,0.183941
253.871,1,405.5,0.184956
254.737,1,405,0.185672
255.603,1,404.5,0.186096
256.469,1,404,0.186494
257.335,1,403.5,0.186864
258.201,1,403,0.187208
259.067,1,402.5,0.187525
259.933,1,402,0.18782
260.799,1,401.5,0.188224
261.665,1,401,0.188625
262.531,1,400.5,0.189012
263.397,1,400,0.189384
264.263,1,399.5,0.189742
265.13,1,399,0.190086
265.996,1,398.5,0.190124
266.862,1,398,0.190113
267.728,1,397.5,0.190095
268.594,1,397,0.190068
269.46,1,396.5,0.190034
270.326,1,396,0.189832
271.192,1,395.5,0.189253
272.058,1,395,0.188523
272.924,1,394.5,0.187894
273.79,1,394,0.187367
274.656,1,393.5,0.186941
275.522,1,393,0.186617
276.388,1,392.5,0.186279
277.254,1,392,0.185662
278.12,1,391.5,0.185094
278.986,1,391,0.184565
279.852,1,390.5,0.183742
280.718,1,390,0.183026
281.584,1,389.5,0.182417
282.45,1,389,0.182505
283.316,1,388.5,0.182642
284.182,1,388,0.182782
285.048,1,387.5,0.182925
285.914,1,387,0.183071
286.78,1,386.5,0.183221
287.646,1,386,0.183866
288.512,1,385.5,0.184741
289.378,1,385,0.185688
290.244,1,384.5,0.186505
291.11,1,384,0.18719
291.976,1,383.5,0.187743
292.842,1,383,0.188452
293.708,1,382.5,0.189682
294.574,1,382,0.190785
295.44,1,381.5,0.191762
296.306,1,381,0.192613
297.172,1,380.5,0.193337
298.038,1,380,0.193971
298.905,1,379.5,0.195653
299.771,1,379,0.19719
300.637,1,378.5,0.198572
301.503,1,378,0.199798
302.369,1,377.5,0.200869
303.235,1,377,0.201785
304.101,1,376.5,0.203081
304.967,1,376,0.204603
305.833,1,375.5,0.206118
306.699,1,375,0.207625
307.565,1,374.5,0.209108
308.431,1,374,0.210412
309.297,1,373.5,0.211726
310.163,1,373,0.213361
311.029,1,372.5,0.215044
311.895,1,372,0.216774
312.761,1,371.5,0.218551
313.627,1,371,0.220377
314.493,1,370.5,0.222183
315.359,1,370,0.222733
316.225,1,369.5,0.223484
317.091,1,369,0.224331
317.957,1,368.5,0.225103
318.823,1,368,0.226062
319.689,1,367.5,0.227209
320.555,1,367,0.226114
321.421,1,366.5,0.224517
322.287,1,366,0.223343
323.153,1,365.5,0.222591
324.019,1,365,0.222261
324.885,1,364.5,0.222353
325.751,1,364,0.221218
326.617,1,363.5,0.217966
327.483,1,363,0.215047
328.349,1,362.5,0.212686
329.215,1,362,0.210885
330.081,1,361.5,0.209643
330.947,1,361,0.208855
331.813,1,360.5,0.207257
332.679,1,360,0.205407
333.546,1,359.5,0.203304
334.412,1,359,0.200948
335.278,1,358.5,0.19834
336.144,1,358,0.195696
337.01,1,357.5,0.191818
337.876,1,357,0.187282
338.742,1,356.5,0.182501
339.608,1,356,0.177477
340.474,1,355.5,0.172209
341.34,1,355,0.166697
342.206,1,354.5,0.16697
343.072,1,354,0.173138
343.938,1,353.5,0.178248
344.804,1,353,0.1823
345.67,1,352.5,0.185681
346.536,1,352,0.187521
347.402,1,351.5,0.19146
348.268,1,351,0.215497
349.134,1,350.5,0.23514
350,1,350,0.25039
350.866,1,349.5,0.261246
351.732,1,349,0.267709
352.598,1,348.5,0.269777
353.464,1,348,0.256136
354.33,1,347.5,0.242068
355.196,1,347,0.235856
356.062,1,346.5,0.234881
356.928,1,346,0.233559
357.794,1,345.5,0.231891
358.66,1,345,0.229962
359.526,1,344.5,0.228252
360.392,1,344,0.226831
361.258,1,343.5,0.225701
362.124,1,343,0.224861
362.99,1,342.5,0.224312
363.856,1,342,0.224215
364.722,1,341.5,0.226242
365.588,1,341,0.228987
366.454,1,340.5,0.231506
367.321,1,340,0.233797
368.187,1,339.5,0.235863
369.053,1,339,0.237702
369.919,1,338.5,0.239141
370.785,1,338,0.240397
371.651,1,337.5,0.241492
372.517,1,337,0.242425
373.383,1,336.5,0.243198
374.249,1,336,0.243539
375.115,1,335.5,0.243767
375.981,1,335,0.244049
376.847,1,334.5,0.244389
377.713,1,334,0.244787
378.579,1,333.5,0.245245
379.445,1,333,0.24576
380.311,1,332.5,0.246248
381.177,1,332,0.246602
382.043,1,331.5,0.24708
382.909,1,331,0.247683
383.775,1,330.5,0.24873
384.641,1,330,0.249962
385.507,1,329.5,0.251245
386.373,1,329,0.251155
387.239,1,328.5,0.251044
388.105,1,328,0.250982
388.971,1,327.5,0.250968
389.837,1,327,0.251001
390.703,1,326.5,0.251083
391.569,1,326,0.250844
392.435,1,325.5,0.250504
393.301,1,325,0.250383
394.167,1,324.5,0.250369
395.033,1,324,0.250429
395.899,1,323.5,0.250563
396.765,1,323,0.250338
397.631,1,322.5,0.249339
398.497,1,322,0.24849
399.363,1,321.5,0.247792
400.229,1,321,0.247245
401.095,1,320.5,0.246848
401.962,1,320,0.246602
402.828,1,319.5,0.246325
403.694,1,319,0.245997
404.56,1,318.5,0.245632
405.426,1,318,0.245228
406.292,1,317.5,0.244787
407.158,1,317,0.244307
408.024,1,316.5,0.245579
408.89,1,316,0.24718
409.756,1,315.5,0.24825
410.622,1,315,0.248788
411.488,1,314.5,0.248796
412.354,1,314,0.249377
413.22,1,313.5,0.251615
414.086,1,313,0.256134
414.952,1,312.5,0.260046
415.818,1,312,0.263353
416.684,1,311.5,0.266053
417.55,1,311,0.268148
418.416,1,310.5,0.268696
419.282,1,310,0.254124
420.148,1,309.5,0.236952
421.014,1,309,0.217179
421.88,1,308.5,0.197459
422.746,1,308,0.176901
423.612,1,307.5,0.155444
424.478,1,307,0.142791
425.344,1,306.5,0.134909
426.21,1,306,0.128924
427.076,1,305.5,0.124836
427.942,1,305,0.122645
428.808,1,304.5,0.122351
429.674,1,304,0.124983
430.54,1,303.5,0.129703
431.406,1,303,0.135317
432.272,1,302.5,0.140759
433.138,1,302,0.14603
434.004,1,301.5,0.151129
434.87,1,301,0.155707
435.737,1,300.5,0.157545
436.603,1,300,0.159135
437.469,1,299.5,0.160478
438.335,1,299,0.161572
439.201,1,298.5,0.162419
440.067,1,298,0.163023
440.933,1,297.5,0.164731
441.799,1,297,0.166761
442.665,1,296.5,0.168831
443.531,1,296,0.170943
444.397,1,295.5,0.173096
445.263,1,295,0.175291
446.129,1,294.5,0.177947
446.995,1,294,0.180904
447.861,1,293.5,0.18367
448.727,1,293,0.186243
449.593,1,292.5,0.188635
450.459,1,292,0.19093
451.325,1,291.5,0.192472
452.191,1,291,0.190989
453.057,1,290.5,0.189443
453.923,1,290,0.187833
454.789,1,289.5,0.186161
455.655,1,289,0.184425
456.521,1,288.5,0.182626
457.387,1,288,0.179411
458.253,1,287.5,0.175892
459.119,1,287,0.172281
459.985,1,286.5,0.168598
460.851,1,286,0.164869
461.717,1,285.5,0.161095
462.583,1,285,0.157683
463.449,1,284.5,0.15459
464.315,1,284,0.151487
465.181,1,283.5,0.148373
466.047,1,283,0.145249
466.913,1,282.5,0.142115
467.779,1,282,0.13937
468.645,1,281.5,0.137923
469.512,1,281,0.136442
470.378,1,280.5,0.134954
471.244,1,280,0.13346
472.11,1,279.5,0.131959
472.976,1,279,0.130452
473.842,1,278.5,0.129507
474.708,1,278,0.128591
475.574,1,277.5,0.127652
476.44,1,277,0.12669
477.306,1,276.5,0.125705
478.172,1,276,0.124685
479.038,1,275.5,0.12377
479.904,1,275,0.122941
480.77,1,274.5,0.122108
481.636,1,274,0.12127
482.502,1,273.5,0.120427
483.368,1,273,0.119579
484.234,1,272.5,0.118798
485.1,1,272,0.118189
485.966,1,271.5,0.117581
486.832,1,271,0.116974
487.698,1,270.5,0.116361
488.564,1,270,0.115744
489.43,1,269.5,0.115132
490.296,1,269,0.114756
491.162,1,268.5,0.114389
492.028,1,268,0.114023
492.894,1,267.5,0.11366
493.76,1,267,0.113298
494.626,1,266.5,0.112938
495.492,1,266,0.112685
496.358,1,265.5,0.112487
497.224,1,265,0.112288
498.09,1,264.5,0.112087
498.956,1,264,0.111887
499.822,1,263.5,0.111689
500.688,1,263,0.111529
501.554,1,262.5,0.111443
502.42,1,262,0.111356
503.286,1,261.5,0.11127
504.153,1,261,0.111184
505.019,1,260.5,0.111098
505.885,1,260,0.111014
506.751,1,259.5,0.11099
507.617,1,259,0.110966
508.483,1,258.5,0.110941
509.349,1,258,0.110917
510.215,1,257.5,0.110893
511.081,1,257,0.110869
511.947,1,256.5,0.110877
512.813,1,256,0.110897
513.679,1,255.5,0.110917
514.545,1,255,0.110938
515.411,1,254.5,0.110958
516.277,1,254,0.110979
517.143,1,253.5,0.111002
518.009,1,253,0.111029
518.875,1,252.5,0.111054
519.741,1,252,0.111079
520.607,1,251.5,0.111103
521.473,1,251,0.111127
522.339,1,250.5,0.11115
523.205,1,250,0.111174
524.071,1,249.5,0.111198
524.937,1,249,0.11122
525.803,1,248.5,0.111244
526.669,1,248,0.111268
527.535,1,247.5,0.111291
528.401,1,247,0.111308
529.267,1,246.5,0.111323
530.133,1,246,0.111337
530.999,1,245.5,0.11135
531.865,1,245,0.111361
532.731,1,244.5,0.111371
533.597,1,244,0.111378
534.463,1,243.5,0.11138
535.329,1,243,0.111387
536.195,1,242.5,0.111394
537.061,1,242,0.1114
537.928,1,241.5,0.111405
538.794,1,241,0.111409
539.66,1,240.5,0.11141
540.526,1,240,0.111409
541.392,1,239.5,0.111407
542.258,1,239,0.111403
543.124,1,238.5,0.111398
543.99,1,238,0.111391
544.856,1,237.5,0.11139
545.722,1,237,0.111389
546.588,1,236.5,0.111386
547.454,1,236,0.111382
548.32,1,235.5,0.111377
549.186,1,235,0.11137
550.052,1,234.5,0.11136
550.918,1,234,0.111347
551.784,1,233.5,0.111332
552.65,1,233,0.111316
553.516,1,232.5,0.111298
554.382,1,232,0.111285
555.248,1,231.5,0.111271
556.114,1,231,0.111252
556.98,1,230.5,0.111233
557.846,1,230,0.111212
558.712,1,229.5,0.111189
559.578,1,229,0.111166
560.444,1,228.5,0.111141
561.31,1,228,0.111112
562.176,1,227.5,0.111081
563.042,1,227,0.11105
563.908,1,226.5,0.111024
564.774,1,226,0.110997
565.64,1,225.5,0.110969
566.506,1,225,0.110938
567.372,1,224.5,0.110904
568.238,1,224,0.110869
569.104,1,223.5,0.110833
569.97,1,223,0.110796
570.836,1,222.5,0.110757
571.703,1,222,0.110717
572.569,1,221.5,0.110674
573.435,1,221,0.11064
574.301,1,220.5,0.110605
575.167,1,220,0.110569
576.033,1,219.5,0.110533
576.899,1,219,0.110495
577.765,1,218.5,0.110455
578.631,1,218,0.110413
579.497,1,217.5,0.110372
580.363,1,217,0.11033
581.229,1,216.5,0.110288
582.095,1,216,0.110245
582.961,1,215.5,0.110209
583.827,1,215,0.110171
584.693,1,214.5,0.110133
585.559,1,214,0.110094
586.425,1,213.5,0.110055
587.291,1,213,0.110016
588.157,1,212.5,0.109976
589.023,1,212,0.109932
589.889,1,211.5,0.109889
590.755,1,211,0.109845
591.621,1,210.5,0.109803
592.487,1,210,0.109768
593.353,1,209.5,0.109733
594.219,1,209,0.109695
595.085,1,208.5,0.109658
595.951,1,208,0.10962
596.817,1,207.5,0.109583
597.683,1,207,0.109547
598.549,1,206.5,0.10951
599.415,1,206,0.109473
600.281,1,205.5,0.109435
601.147,1,205,0.109398
602.013,1,204.5,0.109368
602.879,1,204,0.109339
603.745,1,203.5,0.10931
604.611,1,203,0.10928
605.477,1,202.5,0.109251
606.344,1,202,0.109222
607.21,1,201.5,0.109194
608.076,1,201,0.109166
608.942,1,200.5,0.109139
609.808,1,200,0.109112
