x,y,z,b
90.1924,1,500,0.107331
91.0584,1,499.5,0.107308
91.9244,1,499,0.107284
92.7905,1,498.5,0.10726
93.6565,1,498,0.107236
94.5225,1,497.5,0.107212
95.3885,1,497,0.107187
96.2546,1,496.5,0.107159
97.1206,1,496,0.107129
97.9866,1,495.5,0.107098
98.8526,1,495,0.107068
99.7187,1,494.5,0.107037
100.585,1,494,0.107005
101.451,1,493.5,0.106972
102.317,1,493,0.106934
103.183,1,492.5,0.106896
104.049,1,492,0.106857
104.915,1,491.5,0.106818
105.781,1,491,0.106779
106.647,1,490.5,0.10674
107.513,1,490,0.106695
108.379,1,489.5,0.10665
109.245,1,489,0.106604
110.111,1,488.5,0.106558
110.977,1,488,0.106512
111.843,1,487.5,0.106465
112.709,1,487,0.106415
113.575,1,486.5,0.106362
114.441,1,486,0.10631
115.307,1,485.5,0.106256
116.173,1,485,0.106202
117.039,1,484.5,0.106148
117.905,1,484,0.106092
118.771,1,483.5,0.106032
119.637,1,483,0.105972
120.503,1,482.5,0.105911
121.369,1,482,0.10585
122.235,1,481.5,0.105788
123.101,1,481,0.105725
123.967,1,480.5,0.105657
124.833,1,480,0.105589
125.699,1,479.5,0.105519
126.565,1,479,0.10545
127.431,1,478.5,0.105379
128.297,1,478,0.105308
129.164,1,477.5,0.105233
130.03,1,477,0.105155
130.896,1,476.5,0.105077
131.762,1,476,0.104998
132.628,1,475.5,0.104918
133.494,1,475,0.104838
134.36,1,474.5,0.104754
135.226,1,474,0.104665
136.092,1,473.5,0.104576
136.958,1,473,0.104486
137.824,1,472.5,0.104395
138.69,1,472,0.104303
139.556,1,471.5,0.10421
140.422,1,471,0.10411
141.288,1,470.5,0.104008
142.154,1,470,0.103906
143.02,1,469.5,0.103803
143.886,1,469,0.103699
144.752,1,468.5,0.103594
145.618,1,468,0.103482
146.484,1,467.5,0.103367
147.35,1,467,0.103251
148.216,1,466.5,0.103134
149.082,1,466,0.103016
149.948,1,465.5,0.102896
150.814,1,465,0.102772
151.68,1,464.5,0.102643
152.546,1,464,0.102513
153.412,1,463.5,0.102382
154.278,1,463,0.102249
155.144,1,462.5,0.102115
156.01,1,462,0.101979
156.876,1,461.5,0.101834
157.742,1,461,0.101687
158.608,1,460.5,0.10154
159.474,1,460,0.101391
160.34,1,459.5,0.101241
161.206,1,459,0.101089
162.072,1,458.5,0.10093
162.939,1,458,0.10077
163.805,1,457.5,0.100607
164.671,1,457,0.100444
165.537,1,456.5,0.100279
166.403,1,456,0.100111
167.269,1,455.5,0.0999403
168.135,1,455,0.0997655
169.001,1,454.5,0.0995894
169.867,1,454,0.0994117
170.733,1,453.5,0.0992327
171.599,1,453,0.0990522
172.465,1,452.5,0.0988708
173.331,1,452,0.0986899
174.197,1,451.5,0.0985078
175.063,1,451,0.0983241
175.929,1,450.5,0.0981389
176.795,1,450,0.0979523
177.661,1,449.5,0.0977645
178.527,1,449,0.0975819
179.393,1,448.5,0.0973991
180.259,1,448,0.0972155
181.125,1,447.5,0.0970311
181.991,1,447,0.0968459
182.857,1,446.5,0.09666
183.723,1,446,0.0964883
184.589,1,445.5,0.0963276
185.455,1,445,0.0961692
186.321,1,444.5,0.0960125
187.187,1,444,0.0958572
188.053,1,443.5,0.0957035
188.919,1,443,0.0955684
189.785,1,442.5,0.0954793
190.651,1,442,0.0953945
191.517,1,441.5,0.0953138
192.383,1,441,0.0952374
193.249,1,440.5,0.0951651
194.115,1,440,0.0951047
194.981,1,439.5,0.0951469
195.847,1,439,0.0952036
196.714,1,438.5,0.0952722
197.58,1,438,0.0953527
198.446,1,437.5,0.0954452
199.312,1,437,0.0955497
200.178,1,436.5,0.0957606
201.044,1,436,0.0960392
201.91,1,435.5,0.0963373
202.776,1,435,0.0966549
203.642,1,434.5,0.0970316
204.508,1,434,0.0974714
205.374,1,433.5,0.0980068
206.24,1,433,0.098706
207.106,1,432.5,0.0994483
207.972,1,432,0.100234
208.838,1,431.5,0.101062
209.704,1,431,0.101934
210.57,1,430.5,0.102855
211.436,1,430,0.104032
212.302,1,429.5,0.105262
213.168,1,429,0.106681
214.034,1,428.5,0.108268
214.9,1,428,0.109936
215.766,1,427.5,0.111684
216.632,1,427,0.113643
217.498,1,426.5,0.115743
218.364,1,426,0.117932
219.23,1,425.5,0.120211
220.096,1,425,0.122578
220.962,1,424.5,0.125035
221.828,1,424,0.127542
222.694,1,423.5,0.130312
223.56,1,423,0.133258
224.426,1,422.5,0.136243
225.292,1,422,0.139269
226.158,1,421.5,0.142334
227.024,1,421,0.145395
227.89,1,420.5,0.147974
228.756,1,420,0.150527
229.622,1,419.5,0.153055
230.488,1,419,0.155557
231.355,1,418.5,0.158035
232.221,1,418,0.160416
233.087,1,417.5,0.162394
233.953,1,417,0.16425
234.819,1,416.5,0.166088
235.685,1,416,0.167907
236.551,1,415.5,0.169707
237.417,1,415,0.171488
238.283,1,414.5,0.173111
239.149,1,414,0.174524
240.015,1,413.5,0.175888
240.881,1,413,0.177204
241.747,1,412.5,0.178641
242.613,1,412,0.180036
243.479,1,411.5,0.181325
244.345,1,411,0.182424
245.211,1,410.5,0.183386
246.077,1,410,0.184209
246.943,1,409.5,0.184894
247.809,1,409,0.185441
248.675,1,408.5,0.18585
249.541,1,408,0.18651
250.407,1,407.5,0.187187
251.273,1,407,0.187843
252.139,1,406.5,0.188417
253.005,1,406,0.1889
253.871,1,405.5,0.189293
254.737,1,405,0.18978
255.603,1,404.5,0.190386
256.469,1,404,0.190938
257.335,1,403.5,0.191438
258.201,1,403,0.191884
259.067,1,402.5,0.192276
259.933,1,402,0.192679
260.799,1,401.5,0.193315
261.665,1,401,0.193888
262.531,1,400.5,0.194396
263.397,1,400,0.19484
264.263,1,399.5,0.195218
265.13,1,399,0.195531
265.996,1,398.5,0.19637
266.862,1,398,0.197299
267.728,1,397.5,0.198241
268.594,1,397,0.199196
269.46,1,396.5,0.200164
270.326,1,396,0.201477
271.192,1,395.5,0.20303
272.058,1,395,0.204762
272.924,1,394.5,0.206519
273.79,1,394,0.208303
274.656,1,393.5,0.210114
275.522,1,393,0.21195
276.388,1,392.5,0.213762
277.254,1,392,0.21548
278.12,1,391.5,0.217278
278.986,1,391,0.219145
279.852,1,390.5,0.220709
280.718,1,390,0.222283
281.584,1,389.5,0.223867
282.45,1,389,0.225432
283.316,1,388.5,0.22701
284.182,1,388,0.228604
285.048,1,387.5,0.230212
285.914,1,387,0.231836
286.78,1,386.5,0.233475
287.646,1,386,0.23524
288.512,1,385.5,0.237232
289.378,1,385,0.240325
290.244,1,384.5,0.243764
291.11,1,384,0.247549
291.976,1,383.5,0.25168
292.842,1,383,0.256264
293.708,1,382.5,0.261328
294.574,1,382,0.26657
295.44,1,381.5,0.271989
296.306,1,381,0.277586
297.172,1,380.5,0.28336
298.038,1,380,0.289035
298.905,1,379.5,0.281313
299.771,1,379,0.273787
300.637,1,378.5,0.266575
301.503,1,378,0.259678
302.369,1,377.5,0.253094
303.235,1,377,0.246825
304.101,1,376.5,0.239897
304.967,1,376,0.231922
305.833,1,375.5,0.223194
306.699,1,375,0.213715
307.565,1,374.5,0.203834
308.431,1,374,0.194659
309.297,1,373.5,0.189376
310.163,1,373,0.191005
311.029,1,372.5,0.191769
311.895,1,372,0.191669
312.761,1,371.5,0.190704
313.627,1,371,0.188874
314.493,1,370.5,0.186611
315.359,1,370,0.192996
316.225,1,369.5,0.19956
317.091,1,369,0.206299
317.957,1,368.5,0.212864
318.823,1,368,0.219071
319.689,1,367.5,0.224921
320.555,1,367,0.229649
321.421,1,366.5,0.234345
322.287,1,366,0.239384
323.153,1,365.5,0.244764
324.019,1,365,0.250488
324.885,1,364.5,0.256553
325.751,1,364,0.260915
326.617,1,363.5,0.262456
327.483,1,363,0.263918
328.349,1,362.5,0.265551
329.215,1,362,0.267355
330.081,1,361.5,0.269331
330.947,1,361,0.271223
331.813,1,360.5,0.270962
332.679,1,360,0.270752
333.546,1,359.5,0.270593
334.412,1,359,0.270484
335.278,1,358.5,0.270426
336.144,1,358,0.270433
337.01,1,357.5,0.268368
337.876,1,357,0.265904
338.742,1,356.5,0.263642
339.608,1,356,0.261584
340.474,1,355.5,0.259729
341.34,1,355,0.258077
342.206,1,354.5,0.256639
343.072,1,354,0.255506
343.938,1,353.5,0.254699
344.804,1,353,0.254216
345.67,1,352.5,0.253381
346.536,1,352,0.25182
347.402,1,351.5,0.252955
348.268,1,351,0.268503
349.134,1,350.5,0.283516
350,1,350,0.297994
350.866,1,349.5,0.311937
351.732,1,349,0.325346
352.598,1,348.5,0.33822
353.464,1,348,0.326585
354.33,1,347.5,0.312887
355.196,1,347,0.301144
356.062,1,346.5,0.290894
356.928,1,346,0.282597
357.794,1,345.5,0.276255
358.66,1,345,0.272094
359.526,1,344.5,0.269475
360.392,1,344,0.268005
361.258,1,343.5,0.267686
362.124,1,343,0.268517
362.99,1,342.5,0.270498
363.856,1,342,0.2721
364.722,1,341.5,0.266092
365.588,1,341,0.259684
366.454,1,340.5,0.254742
367.321,1,340,0.251264
368.187,1,339.5,0.249251
369.053,1,339,0.248702
369.919,1,338.5,0.243497
370.785,1,338,0.237021
371.651,1,337.5,0.229856
372.517,1,337,0.222002
373.383,1,336.5,0.21346
374.249,1,336,0.203353
375.115,1,335.5,0.195522
375.981,1,335,0.188419
376.847,1,334.5,0.180006
377.713,1,334,0.170284
378.579,1,333.5,0.159251
379.445,1,333,0.146907
380.311,1,332.5,0.137515
381.177,1,332,0.139114
382.043,1,331.5,0.14052
382.909,1,331,0.141731
383.775,1,330.5,0.142918
384.641,1,330,0.143859
385.507,1,329.5,0.14447
386.373,1,329,0.14449
387.239,1,328.5,0.144532
388.105,1,328,0.144619
388.971,1,327.5,0.14475
389.837,1,327,0.144925
390.703,1,326.5,0.145143
391.569,1,326,0.144203
392.435,1,325.5,0.142632
393.301,1,325,0.141003
394.167,1,324.5,0.13938
395.033,1,324,0.137788
395.899,1,323.5,0.13623
396.765,1,323,0.134651
397.631,1,322.5,0.132983
398.497,1,322,0.131331
399.363,1,321.5,0.129693
400.229,1,321,0.128069
401.095,1,320.5,0.12646
401.962,1,320,0.124872
402.828,1,319.5,0.123872
403.694,1,319,0.122873
404.56,1,318.5,0.121887
405.426,1,318,0.120913
406.292,1,317.5,0.119953
407.158,1,317,0.119005
408.024,1,316.5,0.118445
408.89,1,316,0.118056
409.756,1,315.5,0.11767
410.622,1,315,0.117287
411.488,1,314.5,0.116908
412.354,1,314,0.116519
413.22,1,313.5,0.116244
414.086,1,313,0.116144
414.952,1,312.5,0.116042
415.818,1,312,0.115939
416.684,1,311.5,0.115835
417.55,1,311,0.115731
418.416,1,310.5,0.115633
419.282,1,310,0.115637
420.148,1,309.5,0.115637
421.014,1,309,0.115633
421.88,1,308.5,0.115639
422.746,1,308,0.115645
423.612,1,307.5,0.11565
424.478,1,307,0.115723
425.344,1,306.5,0.115813
426.21,1,306,0.115896
427.076,1,305.5,0.115973
427.942,1,305,0.116042
428.808,1,304.5,0.116105
429.674,1,304,0.116181
430.54,1,303.5,0.116277
431.406,1,303,0.116385
432.272,1,302.5,0.116486
433.138,1,302,0.116581
434.004,1,301.5,0.116668
434.87,1,301,0.116752
435.737,1,300.5,0.116856
436.603,1,300,0.116955
437.469,1,299.5,0.117048
438.335,1,299,0.117136
439.201,1,298.5,0.117219
440.067,1,298,0.117297
440.933,1,297.5,0.117394
441.799,1,297,0.117489
442.665,1,296.5,0.117579
443.531,1,296,0.117665
444.397,1,295.5,0.117746
445.263,1,295,0.117823
446.129,1,294.5,0.117894
446.995,1,294,0.117962
447.861,1,293.5,0.118027
448.727,1,293,0.11809
449.593,1,292.5,0.118152
450.459,1,292,0.118217
451.325,1,291.5,0.118275
452.191,1,291,0.11832
453.057,1,290.5,0.118363
453.923,1,290,0.118404
454.789,1,289.5,0.118443
455.655,1,289,0.11848
456.521,1,288.5,0.118516
457.387,1,288,0.118535
458.253,1,287.5,0.118551
459.119,1,287,0.118566
459.985,1,286.5,0.118581
460.851,1,286,0.118595
461.717,1,285.5,0.118606
462.583,1,285,0.118605
463.449,1,284.5,0.118595
464.315,1,284,0.118583
465.181,1,283.5,0.11857
466.047,1,283,0.118555
466.913,1,282.5,0.118538
467.779,1,282,0.118516
468.645,1,281.5,0.11848
469.512,1,281,0.118447
470.378,1,280.5,0.118412
471.244,1,280,0.118375
472.11,1,279.5,0.118336
472.976,1,279,0.118296
473.842,1,278.5,0.11824
474.708,1,278,0.118181
475.574,1,277.5,0.11812
476.44,1,277,0.118057
477.306,1,276.5,0.117993
478.172,1,276,0.117931
479.038,1,275.5,0.117867
479.904,1,275,0.117796
480.77,1,274.5,0.117724
481.636,1,274,0.117651
482.502,1,273.5,0.117576
483.368,1,273,0.117499
484.234,1,272.5,0.117418
485.1,1,272,0.117328
485.966,1,271.5,0.117237
486.832,1,271,0.117144
487.698,1,270.5,0.117056
488.564,1,270,0.116974
489.43,1,269.5,0.11689
490.296,1,269,0.11679
491.162,1,268.5,0.116689
492.028,1,268,0.116588
492.894,1,267.5,0.116486
493.76,1,267,0.116383
494.626,1,266.5,0.11628
495.492,1,266,0.116168
496.358,1,265.5,0.11605
497.224,1,265,0.115939
498.09,1,264.5,0.115834
498.956,1,264,0.11573
499.822,1,263.5,0.115626
500.688,1,263,0.115519
501.554,1,262.5,0.115404
502.42,1,262,0.11529
503.286,1,261.5,0.115176
504.153,1,261,0.115062
505.019,1,260.5,0.114949
505.885,1,260,0.114836
506.751,1,259.5,0.114719
507.617,1,259,0.114608
508.483,1,258.5,0.114497
509.349,1,258,0.114387
510.215,1,257.5,0.114277
511.081,1,257,0.114169
511.947,1,256.5,0.114056
512.813,1,256,0.113942
513.679,1,255.5,0.113829
514.545,1,255,0.113717
515.411,1,254.5,0.113606
516.277,1,254,0.113503
517.143,1,253.5,0.113405
518.009,1,253,0.113306
518.875,1,252.5,0.113207
519.741,1,252,0.11311
520.607,1,251.5,0.113013
521.473,1,251,0.112918
522.339,1,250.5,0.112824
523.205,1,250,0.112727
524.071,1,249.5,0.112631
524.937,1,249,0.112537
525.803,1,248.5,0.112453
526.669,1,248,0.112375
527.535,1,247.5,0.112298
528.401,1,247,0.112221
529.267,1,246.5,0.112145
530.133,1,246,0.11207
530.999,1,245.5,0.111997
531.865,1,245,0.111925
532.731,1,244.5,0.111854
533.597,1,244,0.111784
534.463,1,243.5,0.111715
535.329,1,243,0.111652
536.195,1,242.5,0.111591
537.061,1,242,0.111532
537.928,1,241.5,0.111473
538.794,1,241,0.111416
539.66,1,240.5,0.11136
540.526,1,240,0.111304
541.392,1,239.5,0.111249
542.258,1,239,0.111196
543.124,1,238.5,0.111143
543.99,1,238,0.111091
544.856,1,237.5,0.111044
545.722,1,237,0.110998
546.588,1,236.5,0.110953
547.454,1,236,0.110909
548.32,1,235.5,0.110866
549.186,1,235,0.110824
550.052,1,234.5,0.110782
550.918,1,234,0.110741
551.784,1,233.5,0.1107
552.65,1,233,0.110661
553.516,1,232.5,0.110622
554.382,1,232,0.110585
555.248,1,231.5,0.11055
556.114,1,231,0.110515
556.98,1,230.5,0.11048
557.846,1,230,0.110446
558.712,1,229.5,0.110412
559.578,1,229,0.110378
560.444,1,228.5,0.110345
561.31,1,228,0.110313
562.176,1,227.5,0.110282
563.042,1,227,0.110251
563.908,1,226.5,0.110223
564.774,1,226,0.110196
565.64,1,225.5,0.11017
566.506,1,225,0.110145
567.372,1,224.5,0.11012
568.238,1,224,0.110096
569.104,1,223.5,0.110072
569.97,1,223,0.110049
570.836,1,222.5,0.110026
571.703,1,222,0.110003
572.569,1,221.5,0.109982
573.435,1,221,0.109962
574.301,1,220.5,0.109942
575.167,1,220,0.109923
576.033,1,219.5,0.109905
576.899,1,219,0.109886
577.765,1,218.5,0.109868
578.631,1,218,0.10985
579.497,1,217.5,0.109832
580.363,1,217,0.109815
581.229,1,216.5,0.109798
582.095,1,216,0.109782
582.961,1,215.5,0.109767
583.827,1,215,0.109753
584.693,1,214.5,0.109739
585.559,1,214,0.109725
586.425,1,213.5,0.109712
587.291,1,213,0.109698
588.157,1,212.5,0.109685
589.023,1,212,0.109672
589.889,1,211.5,0.109659
590.755,1,211,0.109647
591.621,1,210.5,0.109635
592.487,1,210,0.109624
593.353,1,209.5,0.109614
594.219,1,209,0.109604
595.085,1,208.5,0.109594
595.951,1,208,0.109584
596.817,1,207.5,0.109574
597.683,1,207,0.109565
598.549,1,206.5,0.109556
599.415,1,206,0.109546
600.281,1,205.5,0.109537
601.147,1,205,0.109528
602.013,1,204.5,0.10952
602.879,1,204,0.109511
603.745,1,203.5,0.109503
604.611,1,203,0.109495
605.477,1,202.5,0.109487
606.344,1,202,0.109479
607.21,1,201.5,0.109471
608.076,1,201,0.109464
608.942,1,200.5,0.109456
609.808,1,200,0.109449
