x,y,z,b
90.1924,1,500,0.109091
91.0584,1,499.5,0.109091
91.9244,1,499,0.109091
92.7905,1,498.5,0.109091
93.6565,1,498,0.109091
94.5225,1,497.5,0.109091
95.3885,1,497,0.109091
96.2546,1,496.5,0.109091
97.1206,1,496,0.109091
97.9866,1,495.5,0.109091
98.8526,1,495,0.109091
99.7187,1,494.5,0.109091
100.585,1,494,0.109091
101.451,1,493.5,0.109091
102.317,1,493,0.109091
103.183,1,492.5,0.109091
104.049,1,492,0.109091
104.915,1,491.5,0.109091
105.781,1,491,0.109091
106.647,1,490.5,0.109091
107.513,1,490,0.109091
108.379,1,489.5,0.109091
109.245,1,489,0.109091
110.111,1,488.5,0.109091
110.977,1,488,0.109091
111.843,1,487.5,0.109091
112.709,1,487,0.109091
113.575,1,486.5,0.109091
114.441,1,486,0.109091
115.307,1,485.5,0.109091
116.173,1,485,0.109091
117.039,1,484.5,0.109091
117.905,1,484,0.109091
118.771,1,483.5,0.109091
119.637,1,483,0.109091
120.503,1,482.5,0.109091
121.369,1,482,0.109091
122.235,1,481.5,0.109091
123.101,1,481,0.109091
123.967,1,480.5,0.109091
124.833,1,480,0.109091
125.699,1,479.5,0.109091
126.565,1,479,0.109091
127.431,1,478.5,0.109091
128.297,1,478,0.109091
129.164,1,477.5,0.109091
130.03,1,477,0.109091
130.896,1,476.5,0.109091
131.762,1,476,0.109091
132.628,1,475.5,0.109091
133.494,1,475,0.109091
134.36,1,474.5,0.109091
135.226,1,474,0.109091
136.092,1,473.5,0.109091
136.958,1,473,0.109091
137.824,1,472.5,0.109091
138.69,1,472,0.109091
139.556,1,471.5,0.109091
140.422,1,471,0.109091
141.288,1,470.5,0.109091
142.154,1,470,0.109091
143.02,1,469.5,0.109091
143.886,1,469,0.109091
144.752,1,468.5,0.109091
145.618,1,468,0.109091
146.484,1,467.5,0.109091
147.35,1,467,0.109091
148.216,1,466.5,0.109091
149.082,1,466,0.109091
149.948,1,465.5,0.109091
150.814,1,465,0.109091
151.68,1,464.5,0.109091
152.546,1,464,0.109091
153.412,1,463.5,0.109091
154.278,1,463,0.109091
155.144,1,462.5,0.109091
156.01,1,462,0.109091
156.876,1,461.5,0.109091
157.742,1,461,0.109091
158.608,1,460.5,0.109091
159.474,1,460,0.109091
160.34,1,459.5,0.109091
161.206,1,459,0.109091
162.072,1,458.5,0.109091
162.939,1,458,0.109091
163.805,1,457.5,0.109091
164.671,1,457,0.109091
165.537,1,456.5,0.109091
166.403,1,456,0.109091
167.269,1,455.5,0.109091
168.135,1,455,0.109091
169.001,1,454.5,0.109091
169.867,1,454,0.109091
170.733,1,453.5,0.109091
171.599,1,453,0.109091
172.465,1,452.5,0.109091
173.331,1,452,0.109091
174.197,1,451.5,0.109091
175.063,1,451,0.109091
175.929,1,450.5,0.109091
176.795,1,450,0.109091
177.661,1,449.5,0.109091
178.527,1,449,0.109091
179.393,1,448.5,0.109091
180.259,1,448,0.109091
181.125,1,447.5,0.109091
181.991,1,447,0.109091
182.857,1,446.5,0.109091
183.723,1,446,0.109091
184.589,1,445.5,0.109091
185.455,1,445,0.109091
186.321,1,444.5,0.109091
187.187,1,444,0.109091
188.053,1,443.5,0.109091
188.919,1,443,0.109091
189.785,1,442.5,0.109091
190.651,1,442,0.109091
191.517,1,441.5,0.109091
192.383,1,441,0.109091
193.249,1,440.5,0.109091
194.115,1,440,0.109091
194.981,1,439.5,0.109091
195.847,1,439,0.109091
196.714,1,438.5,0.109091
197.58,1,438,0.109091
198.446,1,437.5,0.109091
199.312,1,437,0.109092
200.178,1,436.5,0.109092
201.044,1,436,0.109092
201.91,1,435.5,0.109092
202.776,1,435,0.109092
203.642,1,434.5,0.109092
204.508,1,434,0.109092
205.374,1,433.5,0.109092
206.24,1,433,0.109092
207.106,1,432.5,0.109092
207.972,1,432,0.109092
208.838,1,431.5,0.109092
209.704,1,431,0.109092
210.57,1,430.5,0.109092
211.436,1,430,0.109092
212.302,1,429.5,0.109092
213.168,1,429,0.109092
214.034,1,428.5,0.109092
214.9,1,428,0.109092
215.766,1,427.5,0.109092
216.632,1,427,0.109092
217.498,1,426.5,0.109092
218.364,1,426,0.109092
219.23,1,425.5,0.109092
220.096,1,425,0.109092
220.962,1,424.5,0.109092
221.828,1,424,0.109092
222.694,1,423.5,0.109092
223.56,1,423,0.109092
224.426,1,422.5,0.109092
225.292,1,422,0.109092
226.158,1,421.5,0.109092
227.024,1,421,0.109092
227.89,1,420.5,0.109092
228.756,1,420,0.109092
229.622,1,419.5,0.109092
230.488,1,419,0.109092
231.355,1,418.5,0.109093
232.221,1,418,0.109093
233.087,1,417.5,0.109093
233.953,1,417,0.109093
234.819,1,416.5,0.109093
235.685,1,416,0.109093
236.551,1,415.5,0.109093
237.417,1,415,0.109093
238.283,1,414.5,0.109093
239.149,1,414,0.109093
240.015,1,413.5,0.109093
240.881,1,413,0.109093
241.747,1,412.5,0.109093
242.613,1,412,0.109093
243.479,1,411.5,0.109094
244.345,1,411,0.109094
245.211,1,410.5,0.109094
246.077,1,410,0.109094
246.943,1,409.5,0.109094
247.809,1,409,0.109094
248.675,1,408.5,0.109094
249.541,1,408,0.109094
250.407,1,407.5,0.109094
251.273,1,407,0.109095
252.139,1,406.5,0.109095
253.005,1,406,0.109095
253.871,1,405.5,0.109095
254.737,1,405,0.109095
255.603,1,404.5,0.109095
256.469,1,404,0.109096
257.335,1,403.5,0.109096
258.201,1,403,0.109096
259.067,1,402.5,0.109096
259.933,1,402,0.109096
260.799,1,401.5,0.109096
261.665,1,401,0.109096
262.531,1,400.5,0.109097
263.397,1,400,0.109097
264.263,1,399.5,0.109097
265.13,1,399,0.109097
265.996,1,398.5,0.109097
266.862,1,398,0.109097
267.728,1,397.5,0.109098
268.594,1,397,0.109098
269.46,1,396.5,0.109098
270.326,1,396,0.109098
271.192,1,395.5,0.109098
272.058,1,395,0.109098
272.924,1,394.5,0.109098
273.79,1,394,0.109099
274.656,1,393.5,0.109099
275.522,1,393,0.109099
276.388,1,392.5,0.109099
277.254,1,392,0.109099
278.12,1,391.5,0.109099
278.986,1,391,0.109099
279.852,1,390.5,0.109099
280.718,1,390,0.109099
281.584,1,389.5,0.109099
282.45,1,389,0.109099
283.316,1,388.5,0.109099
284.182,1,388,0.109099
285.048,1,387.5,0.109099
285.914,1,387,0.109099
286.78,1,386.5,0.109099
287.646,1,386,0.109099
288.512,1,385.5,0.109099
289.378,1,385,0.109099
290.244,1,384.5,0.109099
291.11,1,384,0.109099
291.976,1,383.5,0.109099
292.842,1,383,0.1091
293.708,1,382.5,0.1091
294.574,1,382,0.1091
295.44,1,381.5,0.109101
296.306,1,381,0.109101
297.172,1,380.5,0.109102
298.038,1,380,0.109102
298.905,1,379.5,0.109103
299.771,1,379,0.109103
300.637,1,378.5,0.109103
301.503,1,378,0.109104
302.369,1,377.5,0.109104
303.235,1,377,0.109104
304.101,1,376.5,0.109104
304.967,1,376,0.109103
305.833,1,375.5,0.109102
306.699,1,375,0.109101
307.565,1,374.5,0.1091
308.431,1,374,0.109099
309.297,1,373.5,0.109098
310.163,1,373,0.109097
311.029,1,372.5,0.109096
311.895,1,372,0.109095
312.761,1,371.5,0.109093
313.627,1,371,0.109091
314.493,1,370.5,0.10909
315.359,1,370,0.109091
316.225,1,369.5,0.109092
317.091,1,369,0.109092
317.957,1,368.5,0.109085
318.823,1,368,0.109078
319.689,1,367.5,0.10907
320.555,1,367,0.109065
321.421,1,366.5,0.10906
322.287,1,366,0.109054
323.153,1,365.5,0.109047
324.019,1,365,0.109039
324.885,1,364.5,0.109029
325.751,1,364,0.109031
326.617,1,363.5,0.109053
327.483,1,363,0.109082
328.349,1,362.5,0.109111
329.215,1,362,0.109141
330.081,1,361.5,0.109172
330.947,1,361,0.109208
331.813,1,360.5,0.109283
332.679,1,360,0.109363
333.546,1,359.5,0.109451
334.412,1,359,0.109545
335.278,1,358.5,0.109645
336.144,1,358,0.109744
337.01,1,357.5,0.109767
337.876,1,357,0.109752
338.742,1,356.5,0.109714
339.608,1,356,0.109654
340.474,1,355.5,0.109571
341.34,1,355,0.109466
342.206,1,354.5,0.11038
343.072,1,354,0.112811
343.938,1,353.5,0.115725
344.804,1,353,0.119124
345.67,1,352.5,0.122137
346.536,1,352,0.124012
347.402,1,351.5,0.125657
348.268,1,351,0.127612
349.134,1,350.5,0.128978
350,1,350,0.129758
350.866,1,349.5,0.12995
351.732,1,349,0.129555
352.598,1,348.5,0.128572
353.464,1,348,0.124022
354.33,1,347.5,0.119688
355.196,1,347,0.116775
356.062,1,346.5,0.114759
356.928,1,346,0.113026
357.794,1,345.5,0.111577
358.66,1,345,0.110656
359.526,1,344.5,0.110102
360.392,1,344,0.109655
361.258,1,343.5,0.109316
362.124,1,343,0.109085
362.99,1,342.5,0.108962
363.856,1,342,0.108957
364.722,1,341.5,0.108976
365.588,1,341,0.108963
366.454,1,340.5,0.108954
367.321,1,340,0.10895
368.187,1,339.5,0.10895
369.053,1,339,0.108954
369.919,1,338.5,0.108949
370.785,1,338,0.108946
371.651,1,337.5,0.108947
372.517,1,337,0.108952
373.383,1,336.5,0.10896
374.249,1,336,0.108987
375.115,1,335.5,0.109015
375.981,1,335,0.109039
376.847,1,334.5,0.109062
377.713,1,334,0.109083
378.579,1,333.5,0.109104
379.445,1,333,0.109123
380.311,1,332.5,0.109135
381.177,1,332,0.109129
382.043,1,331.5,0.109124
382.909,1,331,0.10912
383.775,1,330.5,0.109117
384.641,1,330,0.109114
385.507,1,329.5,0.109113
386.373,1,329,0.109109
387.239,1,328.5,0.109106
388.105,1,328,0.109102
388.971,1,327.5,0.1091
389.837,1,327,0.109098
390.703,1,326.5,0.109096
391.569,1,326,0.109093
392.435,1,325.5,0.109089
393.301,1,325,0.109088
394.167,1,324.5,0.109087
395.033,1,324,0.109087
395.899,1,323.5,0.109087
396.765,1,323,0.109086
397.631,1,322.5,0.109086
398.497,1,322,0.109086
399.363,1,321.5,0.109086
400.229,1,321,0.109086
401.095,1,320.5,0.109087
401.962,1,320,0.109087
402.828,1,319.5,0.109087
403.694,1,319,0.109087
404.56,1,318.5,0.109086
405.426,1,318,0.109086
406.292,1,317.5,0.109086
407.158,1,317,0.109086
408.024,1,316.5,0.109086
408.89,1,316,0.109086
409.756,1,315.5,0.109086
410.622,1,315,0.109086
411.488,1,314.5,0.109086
412.354,1,314,0.109086
413.22,1,313.5,0.109086
414.086,1,313,0.109086
414.952,1,312.5,0.109086
415.818,1,312,0.109086
416.684,1,311.5,0.109086
417.55,1,311,0.109086
418.416,1,310.5,0.109086
419.282,1,310,0.109086
420.148,1,309.5,0.109086
421.014,1,309,0.109086
421.88,1,308.5,0.109086
422.746,1,308,0.109086
423.612,1,307.5,0.109086
424.478,1,307,0.109086
425.344,1,306.5,0.109086
426.21,1,306,0.109086
427.076,1,305.5,0.109086
427.942,1,305,0.109086
428.808,1,304.5,0.109086
429.674,1,304,0.109086
430.54,1,303.5,0.109086
431.406,1,303,0.109087
432.272,1,302.5,0.109087
433.138,1,302,0.109087
434.004,1,301.5,0.109087
434.87,1,301,0.109087
435.737,1,300.5,0.109087
436.603,1,300,0.109087
437.469,1,299.5,0.109087
438.335,1,299,0.109087
439.201,1,298.5,0.109087
440.067,1,298,0.109087
440.933,1,297.5,0.109087
441.799,1,297,0.109088
442.665,1,296.5,0.109088
443.531,1,296,0.109088
444.397,1,295.5,0.109088
445.263,1,295,0.109088
446.129,1,294.5,0.109088
446.995,1,294,0.109088
447.861,1,293.5,0.109088
448.727,1,293,0.109088
449.593,1,292.5,0.109088
450.459,1,292,0.109088
451.325,1,291.5,0.109088
452.191,1,291,0.109088
453.057,1,290.5,0.109089
453.923,1,290,0.109089
454.789,1,289.5,0.109089
455.655,1,289,0.109089
456.521,1,288.5,0.109089
457.387,1,288,0.109089
458.253,1,287.5,0.109089
459.119,1,287,0.109089
459.985,1,286.5,0.109089
460.851,1,286,0.109089
461.717,1,285.5,0.109089
462.583,1,285,0.109089
463.449,1,284.5,0.109089
464.315,1,284,0.109089
465.181,1,283.5,0.109089
466.047,1,283,0.109089
466.913,1,282.5,0.109089
467.779,1,282,0.109089
468.645,1,281.5,0.109089
469.512,1,281,0.10909
470.378,1,280.5,0.10909
471.244,1,280,0.10909
472.11,1,279.5,0.10909
472.976,1,279,0.10909
473.842,1,278.5,0.10909
474.708,1,278,0.10909
475.574,1,277.5,0.10909
476.44,1,277,0.10909
477.306,1,276.5,0.10909
478.172,1,276,0.10909
479.038,1,275.5,0.10909
479.904,1,275,0.10909
480.77,1,274.5,0.10909
481.636,1,274,0.10909
482.502,1,273.5,0.10909
483.368,1,273,0.10909
484.234,1,272.5,0.10909
485.1,1,272,0.10909
485.966,1,271.5,0.10909
486.832,1,271,0.10909
487.698,1,270.5,0.10909
488.564,1,270,0.10909
489.43,1,269.5,0.10909
490.296,1,269,0.10909
491.162,1,268.5,0.10909
492.028,1,268,0.10909
492.894,1,267.5,0.10909
493.76,1,267,0.10909
494.626,1,266.5,0.10909
495.492,1,266,0.10909
496.358,1,265.5,0.10909
497.224,1,265,0.10909
498.09,1,264.5,0.10909
498.956,1,264,0.10909
499.822,1,263.5,0.10909
500.688,1,263,0.10909
501.554,1,262.5,0.10909
502.42,1,262,0.10909
503.286,1,261.5,0.10909
504.153,1,261,0.10909
505.019,1,260.5,0.10909
505.885,1,260,0.10909
506.751,1,259.5,0.10909
507.617,1,259,0.10909
508.483,1,258.5,0.10909
509.349,1,258,0.10909
510.215,1,257.5,0.10909
511.081,1,257,0.10909
511.947,1,256.5,0.10909
512.813,1,256,0.10909
513.679,1,255.5,0.10909
514.545,1,255,0.10909
515.411,1,254.5,0.10909
516.277,1,254,0.10909
517.143,1,253.5,0.10909
518.009,1,253,0.10909
518.875,1,252.5,0.10909
519.741,1,252,0.10909
520.607,1,251.5,0.10909
521.473,1,251,0.10909
522.339,1,250.5,0.10909
523.205,1,250,0.10909
524.071,1,249.5,0.10909
524.937,1,249,0.10909
525.803,1,248.5,0.10909
526.669,1,248,0.10909
527.535,1,247.5,0.10909
528.401,1,247,0.10909
529.267,1,246.5,0.10909
530.133,1,246,0.10909
530.999,1,245.5,0.10909
531.865,1,245,0.10909
532.731,1,244.5,0.10909
533.597,1,244,0.10909
534.463,1,243.5,0.10909
535.329,1,243,0.10909
536.195,1,242.5,0.10909
537.061,1,242,0.10909
537.928,1,241.5,0.10909
538.794,1,241,0.10909
539.66,1,240.5,0.10909
540.526,1,240,0.10909
541.392,1,239.5,0.10909
542.258,1,239,0.10909
543.124,1,238.5,0.10909
543.99,1,238,0.10909
544.856,1,237.5,0.10909
545.722,1,237,0.10909
546.588,1,236.5,0.10909
547.454,1,236,0.10909
548.32,1,235.5,0.10909
549.186,1,235,0.10909
550.052,1,234.5,0.10909
550.918,1,234,0.10909
551.784,1,233.5,0.10909
552.65,1,233,0.10909
553.516,1,232.5,0.10909
554.382,1,232,0.10909
555.248,1,231.5,0.10909
556.114,1,231,0.10909
556.98,1,230.5,0.10909
557.846,1,230,0.10909
558.712,1,229.5,0.10909
559.578,1,229,0.10909
560.444,1,228.5,0.10909
561.31,1,228,0.10909
562.176,1,227.5,0.10909
563.042,1,227,0.10909
563.908,1,226.5,0.10909
564.774,1,226,0.10909
565.64,1,225.5,0.10909
566.506,1,225,0.10909
567.372,1,224.5,0.10909
568.238,1,224,0.10909
569.104,1,223.5,0.10909
569.97,1,223,0.109091
570.836,1,222.5,0.109091
571.703,1,222,0.109091
572.569,1,221.5,0.109091
573.435,1,221,0.109091
574.301,1,220.5,0.109091
575.167,1,220,0.109091
576.033,1,219.5,0.109091
576.899,1,219,0.109091
577.765,1,218.5,0.109091
578.631,1,218,0.109091
579.497,1,217.5,0.109091
580.363,1,217,0.109091
581.229,1,216.5,0.109091
582.095,1,216,0.109091
582.961,1,215.5,0.109091
583.827,1,215,0.109091
584.693,1,214.5,0.109091
585.559,1,214,0.109091
586.425,1,213.5,0.109091
587.291,1,213,0.109091
588.157,1,212.5,0.109091
589.023,1,212,0.109091
589.889,1,211.5,0.109091
590.755,1,211,0.109091
591.621,1,210.5,0.109091
592.487,1,210,0.109091
593.353,1,209.5,0.109091
594.219,1,209,0.109091
595.085,1,208.5,0.109091
595.951,1,208,0.109091
596.817,1,207.5,0.109091
597.683,1,207,0.109091
598.549,1,206.5,0.109091
599.415,1,206,0.109091
600.281,1,205.5,0.109091
601.147,1,205,0.109091
602.013,1,204.5,0.109091
602.879,1,204,0.109091
603.745,1,203.5,0.109091
604.611,1,203,0.109091
605.477,1,202.5,0.109091
606.344,1,202,0.109091
607.21,1,201.5,0.109091
608.076,1,201,0.109091
608.942,1,200.5,0.109091
609.808,1,200,0.109091
