x,y,z,b
90.1924,1,500,0.104592
91.0584,1,499.5,0.104566
91.9244,1,499,0.10454
92.7905,1,498.5,0.104514
93.6565,1,498,0.104488
94.5225,1,497.5,0.104462
95.3885,1,497,0.104435
96.2546,1,496.5,0.104402
97.1206,1,496,0.104364
97.9866,1,495.5,0.104326
98.8526,1,495,0.104288
99.7187,1,494.5,0.10425
100.585,1,494,0.104212
101.451,1,493.5,0.10417
102.317,1,493,0.104123
103.183,1,492.5,0.104075
104.049,1,492,0.104027
104.915,1,491.5,0.103979
105.781,1,491,0.103931
106.647,1,490.5,0.103883
107.513,1,490,0.103836
108.379,1,489.5,0.103789
109.245,1,489,0.103742
110.111,1,488.5,0.103696
110.977,1,488,0.10365
111.843,1,487.5,0.103604
112.709,1,487,0.103565
113.575,1,486.5,0.103529
114.441,1,486,0.103493
115.307,1,485.5,0.103458
116.173,1,485,0.103423
117.039,1,484.5,0.103389
117.905,1,484,0.10336
118.771,1,483.5,0.10334
119.637,1,483,0.103322
120.503,1,482.5,0.103304
121.369,1,482,0.103287
122.235,1,481.5,0.103271
123.101,1,481,0.103256
123.967,1,480.5,0.103259
124.833,1,480,0.103263
125.699,1,479.5,0.103267
126.565,1,479,0.103273
127.431,1,478.5,0.103279
128.297,1,478,0.103288
129.164,1,477.5,0.103312
130.03,1,477,0.103341
130.896,1,476.5,0.103372
131.762,1,476,0.103404
132.628,1,475.5,0.103438
133.494,1,475,0.103473
134.36,1,474.5,0.103519
135.226,1,474,0.103579
136.092,1,473.5,0.103641
136.958,1,473,0.103705
137.824,1,472.5,0.103773
138.69,1,472,0.103842
139.556,1,471.5,0.103916
140.422,1,471,0.104013
141.288,1,470.5,0.104113
142.154,1,470,0.104215
143.02,1,469.5,0.104318
143.886,1,469,0.104424
144.752,1,468.5,0.104533
145.618,1,468,0.104666
146.484,1,467.5,0.104808
147.35,1,467,0.104954
148.216,1,466.5,0.105103
149.082,1,466,0.105255
149.948,1,465.5,0.105409
150.814,1,465,0.105581
151.68,1,464.5,0.105769
152.546,1,464,0.10596
153.412,1,463.5,0.106155
154.278,1,463,0.106352
155.144,1,462.5,0.106553
156.01,1,462,0.106763
156.876,1,461.5,0.107003
157.742,1,461,0.107246
158.608,1,460.5,0.107493
159.474,1,460,0.107744
160.34,1,459.5,0.107998
161.206,1,459,0.108256
162.072,1,458.5,0.108538
162.939,1,458,0.108828
163.805,1,457.5,0.109121
164.671,1,457,0.109418
165.537,1,456.5,0.10972
166.403,1,456,0.110027
167.269,1,455.5,0.11035
168.135,1,455,0.110687
169.001,1,454.5,0.111028
169.867,1,454,0.111374
170.733,1,453.5,0.111723
171.599,1,453,0.112076
172.465,1,452.5,0.112435
173.331,1,452,0.112808
174.197,1,451.5,0.113184
175.063,1,451,0.113566
175.929,1,450.5,0.113955
176.795,1,450,0.114349
177.661,1,449.5,0.114746
178.527,1,449,0.115154
179.393,1,448.5,0.115566
180.259,1,448,0.115983
181.125,1,447.5,0.116403
181.991,1,447,0.116828
182.857,1,446.5,0.117257
183.723,1,446,0.117689
184.589,1,445.5,0.118125
185.455,1,445,0.118565
186.321,1,444.5,0.11901
187.187,1,444,0.119459
188.053,1,443.5,0.119912
188.919,1,443,0.120368
189.785,1,442.5,0.120824
190.651,1,442,0.121284
191.517,1,441.5,0.121749
192.383,1,441,0.122219
193.249,1,440.5,0.122694
194.115,1,440,0.123174
194.981,1,439.5,0.123654
195.847,1,439,0.124139
196.714,1,438.5,0.124631
197.58,1,438,0.125129
198.446,1,437.5,0.125634
199.312,1,437,0.126146
200.178,1,436.5,0.126664
201.044,1,436,0.127189
201.91,1,435.5,0.127723
202.776,1,435,0.128266
203.642,1,434.5,0.128818
204.508,1,434,0.129382
205.374,1,433.5,0.129963
206.24,1,433,0.130572
207.106,1,432.5,0.131197
207.972,1,432,0.131839
208.838,1,431.5,0.132497
209.704,1,431,0.133172
210.57,1,430.5,0.133863
211.436,1,430,0.134612
212.302,1,429.5,0.135378
213.168,1,429,0.136168
214.034,1,428.5,0.136983
214.9,1,428,0.137823
215.766,1,427.5,0.138687
216.632,1,427,0.139653
217.498,1,426.5,0.140689
218.364,1,426,0.141768
219.23,1,425.5,0.142889
220.096,1,425,0.144051
220.962,1,424.5,0.145255
221.828,1,424,0.146596
222.694,1,423.5,0.148187
223.56,1,423,0.149857
224.426,1,422.5,0.151578
225.292,1,422,0.15335
226.158,1,421.5,0.155172
227.024,1,421,0.157028
227.89,1,420.5,0.15873
228.756,1,420,0.160445
229.622,1,419.5,0.162172
230.488,1,419,0.16391
231.355,1,418.5,0.16566
232.221,1,418,0.167173
233.087,1,417.5,0.168059
233.953,1,417,0.168702
234.819,1,416.5,0.169239
235.685,1,416,0.169672
236.551,1,415.5,0.17
237.417,1,415,0.170224
238.283,1,414.5,0.170322
239.149,1,414,0.170376
240.015,1,413.5,0.170444
240.881,1,413,0.170526
241.747,1,412.5,0.170606
242.613,1,412,0.170791
243.479,1,411.5,0.171143
244.345,1,411,0.171906
245.211,1,410.5,0.17279
246.077,1,410,0.173796
246.943,1,409.5,0.174925
247.809,1,409,0.176174
248.675,1,408.5,0.177546
249.541,1,408,0.178661
250.407,1,407.5,0.179721
251.273,1,407,0.181087
252.139,1,406.5,0.182451
253.005,1,406,0.183755
253.871,1,405.5,0.184998
254.737,1,405,0.185885
255.603,1,404.5,0.186409
256.469,1,404,0.18685
257.335,1,403.5,0.187207
258.201,1,403,0.18748
259.067,1,402.5,0.18767
259.933,1,402,0.187815
260.799,1,401.5,0.18823
261.665,1,401,0.18865
262.531,1,400.5,0.189057
263.397,1,400,0.189452
264.263,1,399.5,0.189835
265.13,1,399,0.190207
265.996,1,398.5,0.190538
266.862,1,398,0.190816
267.728,1,397.5,0.191042
268.594,1,397,0.191216
269.46,1,396.5,0.191338
270.326,1,396,0.191457
271.192,1,395.5,0.191527
272.058,1,395,0.191642
272.924,1,394.5,0.19175
273.79,1,394,0.191851
274.656,1,393.5,0.191945
275.522,1,393,0.192032
276.388,1,392.5,0.191967
277.254,1,392,0.19154
278.12,1,391.5,0.191242
278.986,1,391,0.191064
279.852,1,390.5,0.190782
280.718,1,390,0.190569
281.584,1,389.5,0.190426
282.45,1,389,0.190281
283.316,1,388.5,0.190191
284.182,1,388,0.19016
285.048,1,387.5,0.190188
285.914,1,387,0.190275
286.78,1,386.5,0.190421
287.646,1,386,0.190761
288.512,1,385.5,0.191205
289.378,1,385,0.191986
290.244,1,384.5,0.192672
291.11,1,384,0.193263
291.976,1,383.5,0.193758
292.842,1,383,0.194312
293.708,1,382.5,0.195073
294.574,1,382,0.195669
295.44,1,381.5,0.196099
296.306,1,381,0.196364
297.172,1,380.5,0.196463
298.038,1,380,0.196448
298.905,1,379.5,0.197716
299.771,1,379,0.198803
300.637,1,378.5,0.199697
301.503,1,378,0.200397
302.369,1,377.5,0.200904
303.235,1,377,0.201218
304.101,1,376.5,0.202354
304.967,1,376,0.203834
305.833,1,375.5,0.205179
306.699,1,375,0.20639
307.565,1,374.5,0.207571
308.431,1,374,0.208971
309.297,1,373.5,0.210769
310.163,1,373,0.213431
311.029,1,372.5,0.215969
311.895,1,372,0.218382
312.761,1,371.5,0.22067
313.627,1,371,0.222833
314.493,1,370.5,0.22485
315.359,1,370,0.226446
316.225,1,369.5,0.228178
317.091,1,369,0.230038
317.957,1,368.5,0.231915
318.823,1,368,0.233784
319.689,1,367.5,0.235646
320.555,1,367,0.235812
321.421,1,366.5,0.235642
322.287,1,366,0.235799
323.153,1,365.5,0.236284
324.019,1,365,0.237097
324.885,1,364.5,0.238238
325.751,1,364,0.238438
326.617,1,363.5,0.23703
327.483,1,363,0.235677
328.349,1,362.5,0.234736
329.215,1,362,0.234206
330.081,1,361.5,0.234088
330.947,1,361,0.233924
331.813,1,360.5,0.229968
332.679,1,360,0.226145
333.546,1,359.5,0.222455
334.412,1,359,0.218898
335.278,1,358.5,0.215474
336.144,1,358,0.212284
337.01,1,357.5,0.20852
337.876,1,357,0.203971
338.742,1,356.5,0.198843
339.608,1,356,0.193138
340.474,1,355.5,0.186854
341.34,1,355,0.179993
342.206,1,354.5,0.178134
343.072,1,354,0.182123
343.938,1,353.5,0.185789
344.804,1,353,0.189131
345.67,1,352.5,0.192044
346.536,1,352,0.193026
347.402,1,351.5,0.195742
348.268,1,351,0.217892
349.134,1,350.5,0.237577
350,1,350,0.254798
350.866,1,349.5,0.269554
351.732,1,349,0.281845
352.598,1,348.5,0.291671
353.464,1,348,0.282156
354.33,1,347.5,0.269709
355.196,1,347,0.261019
356.062,1,346.5,0.25555
356.928,1,346,0.250338
357.794,1,345.5,0.245381
358.66,1,345,0.241947
359.526,1,344.5,0.239769
360.392,1,344,0.237676
361.258,1,343.5,0.235666
362.124,1,343,0.233741
362.99,1,342.5,0.231899
363.856,1,342,0.230542
364.722,1,341.5,0.232943
365.588,1,341,0.236584
366.454,1,340.5,0.23996
367.321,1,340,0.243071
368.187,1,339.5,0.245918
369.053,1,339,0.2485
369.919,1,338.5,0.250452
370.785,1,338,0.252149
371.651,1,337.5,0.253636
372.517,1,337,0.254911
373.383,1,336.5,0.255976
374.249,1,336,0.255893
375.115,1,335.5,0.255319
375.981,1,335,0.254789
376.847,1,334.5,0.254303
377.713,1,334,0.253861
378.579,1,333.5,0.253462
379.445,1,333,0.253108
380.311,1,332.5,0.252487
381.177,1,332,0.251153
382.043,1,331.5,0.250005
382.909,1,331,0.249042
383.775,1,330.5,0.248919
384.641,1,330,0.249126
385.507,1,329.5,0.249391
386.373,1,329,0.249047
387.239,1,328.5,0.248671
388.105,1,328,0.248292
388.971,1,327.5,0.24791
389.837,1,327,0.247526
390.703,1,326.5,0.24714
391.569,1,326,0.247089
392.435,1,325.5,0.24717
393.301,1,325,0.247869
394.167,1,324.5,0.248626
395.033,1,324,0.249242
395.899,1,323.5,0.249717
396.765,1,323,0.250855
397.631,1,322.5,0.253281
398.497,1,322,0.255195
399.363,1,321.5,0.256597
400.229,1,321,0.257486
401.095,1,320.5,0.257863
401.962,1,320,0.25777
402.828,1,319.5,0.262361
403.694,1,319,0.266378
404.56,1,318.5,0.269615
405.426,1,318,0.272069
406.292,1,317.5,0.273742
407.158,1,317,0.274633
408.024,1,316.5,0.277213
408.89,1,316,0.280476
409.756,1,315.5,0.283405
410.622,1,315,0.286001
411.488,1,314.5,0.288264
412.354,1,314,0.291156
413.22,1,313.5,0.293592
414.086,1,313,0.296153
414.952,1,312.5,0.298757
415.818,1,312,0.301403
416.684,1,311.5,0.304092
417.55,1,311,0.306824
418.416,1,310.5,0.30886
419.282,1,310,0.299787
420.148,1,309.5,0.289648
421.014,1,309,0.278442
421.88,1,308.5,0.264387
422.746,1,308,0.247405
423.612,1,307.5,0.227525
424.478,1,307,0.202024
425.344,1,306.5,0.176945
426.21,1,306,0.153796
427.076,1,305.5,0.132577
427.942,1,305,0.113288
428.808,1,304.5,0.095928
429.674,1,304,0.0870617
430.54,1,303.5,0.0887365
431.406,1,303,0.095814
432.272,1,302.5,0.10332
433.138,1,302,0.111253
434.004,1,301.5,0.119615
434.87,1,301,0.128386
435.737,1,300.5,0.136932
436.603,1,300,0.144989
437.469,1,299.5,0.152556
438.335,1,299,0.159634
439.201,1,298.5,0.166223
440.067,1,298,0.172301
440.933,1,297.5,0.17635
441.799,1,297,0.179819
442.665,1,296.5,0.183063
443.531,1,296,0.186081
444.397,1,295.5,0.188875
445.263,1,295,0.191443
446.129,1,294.5,0.191857
446.995,1,294,0.190098
447.861,1,293.5,0.18818
448.727,1,293,0.186102
449.593,1,292.5,0.183844
450.459,1,292,0.181316
451.325,1,291.5,0.178353
452.191,1,291,0.174015
453.057,1,290.5,0.169626
453.923,1,290,0.165185
454.789,1,289.5,0.160693
455.655,1,289,0.15615
456.521,1,288.5,0.151555
457.387,1,288,0.14823
458.253,1,287.5,0.145134
459.119,1,287,0.142052
459.985,1,286.5,0.138983
460.851,1,286,0.135977
461.717,1,285.5,0.133033
462.583,1,285,0.131022
463.449,1,284.5,0.129744
464.315,1,284,0.128465
465.181,1,283.5,0.127185
466.047,1,283,0.125904
466.913,1,282.5,0.124623
467.779,1,282,0.12345
468.645,1,281.5,0.122617
469.512,1,281,0.12175
470.378,1,280.5,0.120873
471.244,1,280,0.119987
472.11,1,279.5,0.119093
472.976,1,279,0.118189
473.842,1,278.5,0.117591
474.708,1,278,0.117021
475.574,1,277.5,0.11645
476.44,1,277,0.115879
477.306,1,276.5,0.115307
478.172,1,276,0.114735
479.038,1,275.5,0.114327
479.904,1,275,0.114029
480.77,1,274.5,0.113731
481.636,1,274,0.113433
482.502,1,273.5,0.113136
483.368,1,273,0.112839
484.234,1,272.5,0.112589
485.1,1,272,0.112455
485.966,1,271.5,0.112319
486.832,1,271,0.112182
487.698,1,270.5,0.112045
488.564,1,270,0.111909
489.43,1,269.5,0.111774
490.296,1,269,0.11173
491.162,1,268.5,0.111688
492.028,1,268,0.111646
492.894,1,267.5,0.111602
493.76,1,267,0.111558
494.626,1,266.5,0.111513
495.492,1,266,0.111512
496.358,1,265.5,0.111534
497.224,1,265,0.111557
498.09,1,264.5,0.111581
498.956,1,264,0.111605
499.822,1,263.5,0.11163
500.688,1,263,0.111661
501.554,1,262.5,0.111705
502.42,1,262,0.111748
503.286,1,261.5,0.11179
504.153,1,261,0.111831
505.019,1,260.5,0.111872
505.885,1,260,0.111912
506.751,1,259.5,0.111953
507.617,1,259,0.111994
508.483,1,258.5,0.112035
509.349,1,258,0.112075
510.215,1,257.5,0.112114
511.081,1,257,0.112153
511.947,1,256.5,0.112185
512.813,1,256,0.112214
513.679,1,255.5,0.112242
514.545,1,255,0.11227
515.411,1,254.5,0.112296
516.277,1,254,0.112322
517.143,1,253.5,0.112343
518.009,1,253,0.112356
518.875,1,252.5,0.112369
519.741,1,252,0.11238
520.607,1,251.5,0.11239
521.473,1,251,0.112399
522.339,1,250.5,0.112406
523.205,1,250,0.112409
524.071,1,249.5,0.11241
524.937,1,249,0.11241
525.803,1,248.5,0.112412
526.669,1,248,0.112413
527.535,1,247.5,0.112413
528.401,1,247,0.112408
529.267,1,246.5,0.1124
530.133,1,246,0.11239
530.999,1,245.5,0.112379
531.865,1,245,0.112365
532.731,1,244.5,0.11235
533.597,1,244,0.11233
534.463,1,243.5,0.112307
535.329,1,243,0.112289
536.195,1,242.5,0.112274
537.061,1,242,0.112256
537.928,1,241.5,0.112237
538.794,1,241,0.112216
539.66,1,240.5,0.112189
540.526,1,240,0.112161
541.392,1,239.5,0.112131
542.258,1,239,0.112099
543.124,1,238.5,0.112066
543.99,1,238,0.112031
544.856,1,237.5,0.112001
545.722,1,237,0.111973
546.588,1,236.5,0.111943
547.454,1,236,0.111911
548.32,1,235.5,0.111877
549.186,1,235,0.111842
550.052,1,234.5,0.111803
550.918,1,234,0.111761
551.784,1,233.5,0.111718
552.65,1,233,0.111673
553.516,1,232.5,0.111627
554.382,1,232,0.111589
555.248,1,231.5,0.111551
556.114,1,231,0.111508
556.98,1,230.5,0.111464
557.846,1,230,0.11142
558.712,1,229.5,0.111374
559.578,1,229,0.111328
560.444,1,228.5,0.11128
561.31,1,228,0.111229
562.176,1,227.5,0.111177
563.042,1,227,0.111124
563.908,1,226.5,0.111081
564.774,1,226,0.111037
565.64,1,225.5,0.110992
566.506,1,225,0.110943
567.372,1,224.5,0.110893
568.238,1,224,0.110842
569.104,1,223.5,0.11079
569.97,1,223,0.110738
570.836,1,222.5,0.110686
571.703,1,222,0.110633
572.569,1,221.5,0.110575
573.435,1,221,0.110527
574.301,1,220.5,0.110479
575.167,1,220,0.110432
576.033,1,219.5,0.110384
576.899,1,219,0.110337
577.765,1,218.5,0.110286
578.631,1,218,0.110235
579.497,1,217.5,0.110184
580.363,1,217,0.110134
581.229,1,216.5,0.110084
582.095,1,216,0.110035
582.961,1,215.5,0.109992
583.827,1,215,0.109947
584.693,1,214.5,0.109903
585.559,1,214,0.109859
586.425,1,213.5,0.109816
587.291,1,213,0.109773
588.157,1,212.5,0.10973
589.023,1,212,0.109686
589.889,1,211.5,0.109642
590.755,1,211,0.109599
591.621,1,210.5,0.109558
592.487,1,210,0.109523
593.353,1,209.5,0.10949
594.219,1,209,0.109456
595.085,1,208.5,0.109423
595.951,1,208,0.10939
596.817,1,207.5,0.109358
597.683,1,207,0.109327
598.549,1,206.5,0.109296
599.415,1,206,0.109266
600.281,1,205.5,0.109236
601.147,1,205,0.109208
602.013,1,204.5,0.109185
602.879,1,204,0.109164
603.745,1,203.5,0.109143
604.611,1,203,0.109122
605.477,1,202.5,0.109102
606.344,1,202,0.109083
607.21,1,201.5,0.109065
608.076,1,201,0.109046
608.942,1,200.5,0.109029
609.808,1,200,0.109012
