x,y,z,b
90.1924,1,500,0.104548
91.0584,1,499.5,0.104525
91.9244,1,499,0.104501
92.7905,1,498.5,0.104477
93.6565,1,498,0.104454
94.5225,1,497.5,0.10443
95.3885,1,497,0.104406
96.2546,1,496.5,0.104375
97.1206,1,496,0.104339
97.9866,1,495.5,0.104304
98.8526,1,495,0.104268
99.7187,1,494.5,0.104233
100.585,1,494,0.104197
101.451,1,493.5,0.104159
102.317,1,493,0.104114
103.183,1,492.5,0.10407
104.049,1,492,0.104025
104.915,1,491.5,0.103981
105.781,1,491,0.103936
106.647,1,490.5,0.103892
107.513,1,490,0.103849
108.379,1,489.5,0.103807
109.245,1,489,0.103766
110.111,1,488.5,0.103724
110.977,1,488,0.103683
111.843,1,487.5,0.103643
112.709,1,487,0.103609
113.575,1,486.5,0.103579
114.441,1,486,0.103549
115.307,1,485.5,0.10352
116.173,1,485,0.103491
117.039,1,484.5,0.103463
117.905,1,484,0.103441
118.771,1,483.5,0.103429
119.637,1,483,0.103418
120.503,1,482.5,0.103408
121.369,1,482,0.103399
122.235,1,481.5,0.10339
123.101,1,481,0.103384
123.967,1,480.5,0.103395
124.833,1,480,0.103408
125.699,1,479.5,0.103421
126.565,1,479,0.103436
127.431,1,478.5,0.103451
128.297,1,478,0.103469
129.164,1,477.5,0.103502
130.03,1,477,0.103542
130.896,1,476.5,0.103582
131.762,1,476,0.103625
132.628,1,475.5,0.103668
133.494,1,475,0.103713
134.36,1,474.5,0.103769
135.226,1,474,0.10384
136.092,1,473.5,0.103913
136.958,1,473,0.103988
137.824,1,472.5,0.104066
138.69,1,472,0.104146
139.556,1,471.5,0.104231
140.422,1,471,0.104339
141.288,1,470.5,0.10445
142.154,1,470,0.104562
143.02,1,469.5,0.104677
143.886,1,469,0.104794
144.752,1,468.5,0.104913
145.618,1,468,0.105057
146.484,1,467.5,0.105209
147.35,1,467,0.105366
148.216,1,466.5,0.105526
149.082,1,466,0.105688
149.948,1,465.5,0.105853
150.814,1,465,0.106033
151.68,1,464.5,0.106231
152.546,1,464,0.106431
153.412,1,463.5,0.106635
154.278,1,463,0.106842
155.144,1,462.5,0.107051
156.01,1,462,0.107269
156.876,1,461.5,0.107516
157.742,1,461,0.107767
158.608,1,460.5,0.10802
159.474,1,460,0.108278
160.34,1,459.5,0.108538
161.206,1,459,0.108803
162.072,1,458.5,0.109089
162.939,1,458,0.109383
163.805,1,457.5,0.10968
164.671,1,457,0.10998
165.537,1,456.5,0.110285
166.403,1,456,0.110595
167.269,1,455.5,0.11092
168.135,1,455,0.111257
169.001,1,454.5,0.111597
169.867,1,454,0.111942
170.733,1,453.5,0.11229
171.599,1,453,0.112641
172.465,1,452.5,0.112999
173.331,1,452,0.113367
174.197,1,451.5,0.113739
175.063,1,451,0.114116
175.929,1,450.5,0.114499
176.795,1,450,0.114886
177.661,1,449.5,0.115276
178.527,1,449,0.115674
179.393,1,448.5,0.116077
180.259,1,448,0.116483
181.125,1,447.5,0.116893
181.991,1,447,0.117306
182.857,1,446.5,0.117724
183.723,1,446,0.118142
184.589,1,445.5,0.118563
185.455,1,445,0.118988
186.321,1,444.5,0.119416
187.187,1,444,0.119849
188.053,1,443.5,0.120286
188.919,1,443,0.120724
189.785,1,442.5,0.12116
190.651,1,442,0.121601
191.517,1,441.5,0.122046
192.383,1,441,0.122496
193.249,1,440.5,0.12295
194.115,1,440,0.12341
194.981,1,439.5,0.123866
195.847,1,439,0.124329
196.714,1,438.5,0.124798
197.58,1,438,0.125273
198.446,1,437.5,0.125754
199.312,1,437,0.126241
200.178,1,436.5,0.126735
201.044,1,436,0.127236
201.91,1,435.5,0.127745
202.776,1,435,0.128262
203.642,1,434.5,0.128789
204.508,1,434,0.129327
205.374,1,433.5,0.129883
206.24,1,433,0.13047
207.106,1,432.5,0.131074
207.972,1,432,0.131693
208.838,1,431.5,0.132329
209.704,1,431,0.132982
210.57,1,430.5,0.133651
211.436,1,430,0.134382
212.302,1,429.5,0.135132
213.168,1,429,0.135904
214.034,1,428.5,0.136701
214.9,1,428,0.137521
215.766,1,427.5,0.138365
216.632,1,427,0.139312
217.498,1,426.5,0.14033
218.364,1,426,0.14139
219.23,1,425.5,0.14249
220.096,1,425,0.143633
220.962,1,424.5,0.144816
221.828,1,424,0.146139
222.694,1,423.5,0.147715
223.56,1,423,0.149367
224.426,1,422.5,0.15107
225.292,1,422,0.152823
226.158,1,421.5,0.154627
227.024,1,421,0.156465
227.89,1,420.5,0.158159
228.756,1,420,0.159866
229.622,1,419.5,0.161586
230.488,1,419,0.163318
231.355,1,418.5,0.165063
232.221,1,418,0.166567
233.087,1,417.5,0.167431
233.953,1,417,0.168045
234.819,1,416.5,0.168554
235.685,1,416,0.168959
236.551,1,415.5,0.169258
237.417,1,415,0.169453
238.283,1,414.5,0.169524
239.149,1,414,0.16956
240.015,1,413.5,0.169615
240.881,1,413,0.169691
241.747,1,412.5,0.169797
242.613,1,412,0.170024
243.479,1,411.5,0.170431
244.345,1,411,0.17128
245.211,1,410.5,0.172258
246.077,1,410,0.173364
246.943,1,409.5,0.174598
247.809,1,409,0.17596
248.675,1,408.5,0.17745
249.541,1,408,0.178631
250.407,1,407.5,0.179737
251.273,1,407,0.181087
252.139,1,406.5,0.182428
253.005,1,406,0.183712
253.871,1,405.5,0.184939
254.737,1,405,0.185813
255.603,1,404.5,0.186329
256.469,1,404,0.18677
257.335,1,403.5,0.187136
258.201,1,403,0.187427
259.067,1,402.5,0.187642
259.933,1,402,0.187818
260.799,1,401.5,0.18824
261.665,1,401,0.188666
262.531,1,400.5,0.189081
263.397,1,400,0.189485
264.263,1,399.5,0.189878
265.13,1,399,0.19026
265.996,1,398.5,0.190568
266.862,1,398,0.190822
267.728,1,397.5,0.191029
268.594,1,397,0.191189
269.46,1,396.5,0.191302
270.326,1,396,0.191378
271.192,1,395.5,0.19136
272.058,1,395,0.191363
272.924,1,394.5,0.191374
273.79,1,394,0.191394
274.656,1,393.5,0.191423
275.522,1,393,0.19146
276.388,1,392.5,0.191346
277.254,1,392,0.190832
278.12,1,391.5,0.190443
278.986,1,391,0.19017
279.852,1,390.5,0.18976
280.718,1,390,0.18943
281.584,1,389.5,0.18918
282.45,1,389,0.189051
283.316,1,388.5,0.188976
284.182,1,388,0.188951
285.048,1,387.5,0.188976
285.914,1,387,0.189051
286.78,1,386.5,0.189176
287.646,1,386,0.18952
288.512,1,385.5,0.189978
289.378,1,385,0.190738
290.244,1,384.5,0.191395
291.11,1,384,0.191951
291.976,1,383.5,0.192405
292.842,1,383,0.192958
293.708,1,382.5,0.193826
294.574,1,382,0.194531
295.44,1,381.5,0.195071
296.306,1,381,0.195446
297.172,1,380.5,0.195658
298.038,1,380,0.195754
298.905,1,379.5,0.197123
299.771,1,379,0.198314
300.637,1,378.5,0.199318
301.503,1,378,0.200133
302.369,1,377.5,0.200761
303.235,1,377,0.2012
304.101,1,376.5,0.202364
304.967,1,376,0.203824
305.833,1,375.5,0.205153
306.699,1,375,0.206348
307.565,1,374.5,0.207506
308.431,1,374,0.208851
309.297,1,373.5,0.210577
310.163,1,373,0.213128
311.029,1,372.5,0.215559
311.895,1,372,0.217869
312.761,1,371.5,0.220059
313.627,1,371,0.222128
314.493,1,370.5,0.224052
315.359,1,370,0.225481
316.225,1,369.5,0.227068
317.091,1,369,0.228804
317.957,1,368.5,0.230585
318.823,1,368,0.23238
319.689,1,367.5,0.234191
320.555,1,367,0.234219
321.421,1,366.5,0.233876
322.287,1,366,0.233866
323.153,1,365.5,0.234188
324.019,1,365,0.234843
324.885,1,364.5,0.235831
325.751,1,364,0.235839
326.617,1,363.5,0.234207
327.483,1,363,0.232704
328.349,1,362.5,0.231637
329.215,1,362,0.231008
330.081,1,361.5,0.230817
330.947,1,361,0.23064
331.813,1,360.5,0.22695
332.679,1,360,0.223319
333.546,1,359.5,0.219746
334.412,1,359,0.216231
335.278,1,358.5,0.212774
336.144,1,358,0.209516
337.01,1,357.5,0.205687
337.876,1,357,0.201127
338.742,1,356.5,0.196057
339.608,1,356,0.190478
340.474,1,355.5,0.184389
341.34,1,355,0.17779
342.206,1,354.5,0.176398
343.072,1,354,0.180956
343.938,1,353.5,0.185101
344.804,1,353,0.188833
345.67,1,352.5,0.192
346.536,1,352,0.193108
347.402,1,351.5,0.195838
348.268,1,351,0.217812
349.134,1,350.5,0.237373
350,1,350,0.25452
350.866,1,349.5,0.269255
351.732,1,349,0.281576
352.598,1,348.5,0.291483
353.464,1,348,0.281882
354.33,1,347.5,0.269324
355.196,1,347,0.260434
356.062,1,346.5,0.254699
356.928,1,346,0.24925
357.794,1,345.5,0.244086
358.66,1,345,0.240458
359.526,1,344.5,0.23811
360.392,1,344,0.235884
361.258,1,343.5,0.233782
362.124,1,343,0.231804
362.99,1,342.5,0.229948
363.856,1,342,0.228616
364.722,1,341.5,0.231037
365.588,1,341,0.234674
366.454,1,340.5,0.238042
367.321,1,340,0.241139
368.187,1,339.5,0.243967
369.053,1,339,0.246525
369.919,1,338.5,0.248509
370.785,1,338,0.250219
371.651,1,337.5,0.251692
372.517,1,337,0.252926
373.383,1,336.5,0.253922
374.249,1,336,0.253874
375.115,1,335.5,0.253469
375.981,1,335,0.253135
376.847,1,334.5,0.252813
377.713,1,334,0.252505
378.579,1,333.5,0.252209
379.445,1,333,0.251926
380.311,1,332.5,0.251348
381.177,1,332,0.250035
382.043,1,331.5,0.248876
382.909,1,331,0.247872
383.775,1,330.5,0.247789
384.641,1,330,0.248096
385.507,1,329.5,0.248481
386.373,1,329,0.248091
387.239,1,328.5,0.247658
388.105,1,328,0.247223
388.971,1,327.5,0.246784
389.837,1,327,0.246342
390.703,1,326.5,0.245896
391.569,1,326,0.245534
392.435,1,325.5,0.245165
393.301,1,325,0.245448
394.167,1,324.5,0.245848
395.033,1,324,0.246162
395.899,1,323.5,0.24639
396.765,1,323,0.247133
397.631,1,322.5,0.24883
398.497,1,322,0.250122
399.363,1,321.5,0.251007
400.229,1,321,0.251485
401.095,1,320.5,0.251558
401.962,1,320,0.251262
402.828,1,319.5,0.25529
403.694,1,319,0.258806
404.56,1,318.5,0.26163
405.426,1,318,0.263763
406.292,1,317.5,0.265204
407.158,1,317,0.265953
408.024,1,316.5,0.268799
408.89,1,316,0.272203
409.756,1,315.5,0.274947
410.622,1,315,0.277029
411.488,1,314.5,0.27845
412.354,1,314,0.280991
413.22,1,313.5,0.283854
414.086,1,313,0.287724
414.952,1,312.5,0.291387
415.818,1,312,0.294844
416.684,1,311.5,0.298093
417.55,1,311,0.301135
418.416,1,310.5,0.303183
419.282,1,310,0.293165
420.148,1,309.5,0.281811
421.014,1,309,0.269119
421.88,1,308.5,0.254003
422.746,1,308,0.235989
423.612,1,307.5,0.215088
424.478,1,307,0.190583
425.344,1,306.5,0.167347
426.21,1,306,0.146244
427.076,1,305.5,0.127274
427.942,1,305,0.110438
428.808,1,304.5,0.095736
429.674,1,304,0.0887802
430.54,1,303.5,0.0910302
431.406,1,303,0.098126
432.272,1,302.5,0.105555
433.138,1,302,0.113318
434.004,1,301.5,0.121415
434.87,1,301,0.129753
435.737,1,300.5,0.137313
436.603,1,300,0.144403
437.469,1,299.5,0.151022
438.335,1,299,0.15717
439.201,1,298.5,0.162849
440.067,1,298,0.168036
440.933,1,297.5,0.172433
441.799,1,297,0.17656
442.665,1,296.5,0.180481
443.531,1,296,0.184196
444.397,1,295.5,0.187705
445.263,1,295,0.191009
446.129,1,294.5,0.192156
446.995,1,294,0.191116
447.861,1,293.5,0.189917
448.727,1,293,0.188558
449.593,1,292.5,0.187034
450.459,1,292,0.18532
451.325,1,291.5,0.183084
452.191,1,291,0.179014
453.057,1,290.5,0.174865
453.923,1,290,0.170638
454.789,1,289.5,0.166333
455.655,1,289,0.16195
456.521,1,288.5,0.157489
457.387,1,288,0.153898
458.253,1,287.5,0.150459
459.119,1,287,0.147014
459.985,1,286.5,0.143558
460.851,1,286,0.140143
461.717,1,285.5,0.136771
462.583,1,285,0.134419
463.449,1,284.5,0.132894
464.315,1,284,0.131377
465.181,1,283.5,0.129871
466.047,1,283,0.128374
466.913,1,282.5,0.126887
467.779,1,282,0.125549
468.645,1,281.5,0.124655
469.512,1,281,0.123722
470.378,1,280.5,0.122776
471.244,1,280,0.121819
472.11,1,279.5,0.12085
472.976,1,279,0.11987
473.842,1,278.5,0.119177
474.708,1,278,0.118508
475.574,1,277.5,0.117836
476.44,1,277,0.117162
477.306,1,276.5,0.116485
478.172,1,276,0.115804
479.038,1,275.5,0.115298
479.904,1,275,0.114912
480.77,1,274.5,0.114528
481.636,1,274,0.114146
482.502,1,273.5,0.113765
483.368,1,273,0.113386
484.234,1,272.5,0.113063
485.1,1,272,0.112875
485.966,1,271.5,0.112686
486.832,1,271,0.112496
487.698,1,270.5,0.112305
488.564,1,270,0.112115
489.43,1,269.5,0.111925
490.296,1,269,0.11185
491.162,1,268.5,0.111777
492.028,1,268,0.111704
492.894,1,267.5,0.111631
493.76,1,267,0.111557
494.626,1,266.5,0.111482
495.492,1,266,0.111454
496.358,1,265.5,0.111451
497.224,1,265,0.111449
498.09,1,264.5,0.111448
498.956,1,264,0.111446
499.822,1,263.5,0.111445
500.688,1,263,0.111458
501.554,1,262.5,0.111496
502.42,1,262,0.111535
503.286,1,261.5,0.111573
504.153,1,261,0.11161
505.019,1,260.5,0.111647
505.885,1,260,0.111683
506.751,1,259.5,0.111723
507.617,1,259,0.111764
508.483,1,258.5,0.111804
509.349,1,258,0.111843
510.215,1,257.5,0.111882
511.081,1,257,0.11192
511.947,1,256.5,0.111956
512.813,1,256,0.111991
513.679,1,255.5,0.112024
514.545,1,255,0.112057
515.411,1,254.5,0.112089
516.277,1,254,0.112121
517.143,1,253.5,0.112146
518.009,1,253,0.112163
518.875,1,252.5,0.112178
519.741,1,252,0.112193
520.607,1,251.5,0.112206
521.473,1,251,0.112218
522.339,1,250.5,0.112229
523.205,1,250,0.112235
524.071,1,249.5,0.11224
524.937,1,249,0.112243
525.803,1,248.5,0.112248
526.669,1,248,0.112253
527.535,1,247.5,0.112256
528.401,1,247,0.112255
529.267,1,246.5,0.112251
530.133,1,246,0.112246
530.999,1,245.5,0.112239
531.865,1,245,0.11223
532.731,1,244.5,0.112219
533.597,1,244,0.112204
534.463,1,243.5,0.112186
535.329,1,243,0.112173
536.195,1,242.5,0.112162
537.061,1,242,0.112149
537.928,1,241.5,0.112134
538.794,1,241,0.112117
539.66,1,240.5,0.112095
540.526,1,240,0.112072
541.392,1,239.5,0.112047
542.258,1,239,0.112019
543.124,1,238.5,0.111991
543.99,1,238,0.11196
544.856,1,237.5,0.111935
545.722,1,237,0.111911
546.588,1,236.5,0.111885
547.454,1,236,0.111857
548.32,1,235.5,0.111828
549.186,1,235,0.111797
550.052,1,234.5,0.111763
550.918,1,234,0.111725
551.784,1,233.5,0.111685
552.65,1,233,0.111645
553.516,1,232.5,0.111603
554.382,1,232,0.111568
555.248,1,231.5,0.111534
556.114,1,231,0.111494
556.98,1,230.5,0.111454
557.846,1,230,0.111412
558.712,1,229.5,0.11137
559.578,1,229,0.111326
560.444,1,228.5,0.111282
561.31,1,228,0.111233
562.176,1,227.5,0.111184
563.042,1,227,0.111134
563.908,1,226.5,0.111092
564.774,1,226,0.111051
565.64,1,225.5,0.111008
566.506,1,225,0.110962
567.372,1,224.5,0.110913
568.238,1,224,0.110864
569.104,1,223.5,0.110815
569.97,1,223,0.110765
570.836,1,222.5,0.110714
571.703,1,222,0.110662
572.569,1,221.5,0.110606
573.435,1,221,0.110559
574.301,1,220.5,0.110513
575.167,1,220,0.110467
576.033,1,219.5,0.110421
576.899,1,219,0.110375
577.765,1,218.5,0.110324
578.631,1,218,0.110273
579.497,1,217.5,0.110223
580.363,1,217,0.110173
581.229,1,216.5,0.110123
582.095,1,216,0.110074
582.961,1,215.5,0.110031
583.827,1,215,0.109987
584.693,1,214.5,0.109943
585.559,1,214,0.109899
586.425,1,213.5,0.109856
587.291,1,213,0.109813
588.157,1,212.5,0.10977
589.023,1,212,0.109724
589.889,1,211.5,0.109679
590.755,1,211,0.109635
591.621,1,210.5,0.109593
592.487,1,210,0.109558
593.353,1,209.5,0.109523
594.219,1,209,0.109488
595.085,1,208.5,0.109453
595.951,1,208,0.109419
596.817,1,207.5,0.109385
597.683,1,207,0.109352
598.549,1,206.5,0.10932
599.415,1,206,0.109288
600.281,1,205.5,0.109256
601.147,1,205,0.109226
602.013,1,204.5,0.109202
602.879,1,204,0.109179
603.745,1,203.5,0.109156
604.611,1,203,0.109135
605.477,1,202.5,0.109113
606.344,1,202,0.109093
607.21,1,201.5,0.109073
608.076,1,201,0.109053
608.942,1,200.5,0.109034
609.808,1,200,0.109016
