x,y,z,b
90.1924,1,500,0.108958
91.0584,1,499.5,0.108956
91.9244,1,499,0.108954
92.7905,1,498.5,0.108952
93.6565,1,498,0.10895
94.5225,1,497.5,0.108947
95.3885,1,497,0.108945
96.2546,1,496.5,0.108943
97.1206,1,496,0.10894
97.9866,1,495.5,0.108937
98.8526,1,495,0.108934
99.7187,1,494.5,0.108931
100.585,1,494,0.108928
101.451,1,493.5,0.108924
102.317,1,493,0.108921
103.183,1,492.5,0.108917
104.049,1,492,0.108913
104.915,1,491.5,0.108909
105.781,1,491,0.108905
106.647,1,490.5,0.108901
107.513,1,490,0.108896
108.379,1,489.5,0.108892
109.245,1,489,0.108887
110.111,1,488.5,0.108882
110.977,1,488,0.108877
111.843,1,487.5,0.108872
112.709,1,487,0.108867
113.575,1,486.5,0.108861
114.441,1,486,0.108855
115.307,1,485.5,0.10885
116.173,1,485,0.108844
117.039,1,484.5,0.108838
117.905,1,484,0.108832
118.771,1,483.5,0.108825
119.637,1,483,0.108819
120.503,1,482.5,0.108812
121.369,1,482,0.108806
122.235,1,481.5,0.108799
123.101,1,481,0.108792
123.967,1,480.5,0.108785
124.833,1,480,0.108777
125.699,1,479.5,0.108769
126.565,1,479,0.108761
127.431,1,478.5,0.108753
128.297,1,478,0.108745
129.164,1,477.5,0.108736
130.03,1,477,0.108727
130.896,1,476.5,0.108718
131.762,1,476,0.108709
132.628,1,475.5,0.108699
133.494,1,475,0.10869
134.36,1,474.5,0.10868
135.226,1,474,0.108669
136.092,1,473.5,0.108658
136.958,1,473,0.108647
137.824,1,472.5,0.108636
138.69,1,472,0.108625
139.556,1,471.5,0.108613
140.422,1,471,0.108601
141.288,1,470.5,0.108588
142.154,1,470,0.108575
143.02,1,469.5,0.108562
143.886,1,469,0.108549
144.752,1,468.5,0.108535
145.618,1,468,0.108521
146.484,1,467.5,0.108505
147.35,1,467,0.10849
148.216,1,466.5,0.108474
149.082,1,466,0.108458
149.948,1,465.5,0.108442
150.814,1,465,0.108425
151.68,1,464.5,0.108407
152.546,1,464,0.108388
153.412,1,463.5,0.10837
154.278,1,463,0.108351
155.144,1,462.5,0.108332
156.01,1,462,0.108313
156.876,1,461.5,0.108291
157.742,1,461,0.108269
158.608,1,460.5,0.108246
159.474,1,460,0.108224
160.34,1,459.5,0.108201
161.206,1,459,0.108178
162.072,1,458.5,0.108152
162.939,1,458,0.108126
163.805,1,457.5,0.108099
164.671,1,457,0.108072
165.537,1,456.5,0.108045
166.403,1,456,0.108018
167.269,1,455.5,0.107988
168.135,1,455,0.107956
169.001,1,454.5,0.107924
169.867,1,454,0.107891
170.733,1,453.5,0.107858
171.599,1,453,0.107825
172.465,1,452.5,0.10779
173.331,1,452,0.107752
174.197,1,451.5,0.107713
175.063,1,451,0.107674
175.929,1,450.5,0.107635
176.795,1,450,0.107595
177.661,1,449.5,0.107555
178.527,1,449,0.107509
179.393,1,448.5,0.107461
180.259,1,448,0.107413
181.125,1,447.5,0.107364
181.991,1,447,0.107315
182.857,1,446.5,0.107266
183.723,1,446,0.107211
184.589,1,445.5,0.107154
185.455,1,445,0.107096
186.321,1,444.5,0.107037
187.187,1,444,0.106978
188.053,1,443.5,0.106918
188.919,1,443,0.106855
189.785,1,442.5,0.106784
190.651,1,442,0.106712
191.517,1,441.5,0.10664
192.383,1,441,0.106567
193.249,1,440.5,0.106493
194.115,1,440,0.106419
194.981,1,439.5,0.106334
195.847,1,439,0.106247
196.714,1,438.5,0.106159
197.58,1,438,0.106071
198.446,1,437.5,0.105981
199.312,1,437,0.105891
200.178,1,436.5,0.105789
201.044,1,436,0.105681
201.91,1,435.5,0.105572
202.776,1,435,0.105462
203.642,1,434.5,0.105351
204.508,1,434,0.105239
205.374,1,433.5,0.105119
206.24,1,433,0.104987
207.106,1,432.5,0.104853
207.972,1,432,0.104717
208.838,1,431.5,0.10458
209.704,1,431,0.104442
210.57,1,430.5,0.104302
211.436,1,430,0.104136
212.302,1,429.5,0.103968
213.168,1,429,0.1038
214.034,1,428.5,0.10363
214.9,1,428,0.103459
215.766,1,427.5,0.103286
216.632,1,427,0.10309
217.498,1,426.5,0.102884
218.364,1,426,0.102676
219.23,1,425.5,0.102465
220.096,1,425,0.102252
220.962,1,424.5,0.102037
221.828,1,424,0.101805
222.694,1,423.5,0.101548
223.56,1,423,0.101288
224.426,1,422.5,0.101025
225.292,1,422,0.100758
226.158,1,421.5,0.100489
227.024,1,421,0.100213
227.89,1,420.5,0.0998964
228.756,1,420,0.0995754
229.622,1,419.5,0.0992505
230.488,1,419,0.0989215
231.355,1,418.5,0.0985886
232.221,1,418,0.0982531
233.087,1,417.5,0.0978782
233.953,1,417,0.0974874
234.819,1,416.5,0.0970913
235.685,1,416,0.0966901
236.551,1,415.5,0.0962837
237.417,1,415,0.095872
238.283,1,414.5,0.095431
239.149,1,414,0.0949535
240.015,1,413.5,0.094468
240.881,1,413,0.0939745
241.747,1,412.5,0.0934698
242.613,1,412,0.0929541
243.479,1,411.5,0.0924276
244.345,1,411,0.0918974
245.211,1,410.5,0.0913755
246.077,1,410,0.0908619
246.943,1,409.5,0.0903565
247.809,1,409,0.0898593
248.675,1,408.5,0.0893704
249.541,1,408,0.0893176
250.407,1,407.5,0.0893971
251.273,1,407,0.0895977
252.139,1,406.5,0.0898659
253.005,1,406,0.090188
253.871,1,405.5,0.0905642
254.737,1,405,0.0915447
255.603,1,404.5,0.0931813
256.469,1,404,0.0949647
257.335,1,403.5,0.096895
258.201,1,403,0.098972
259.067,1,402.5,0.101196
259.933,1,402,0.103849
260.799,1,401.5,0.107866
261.665,1,401,0.111871
262.531,1,400.5,0.115848
263.397,1,400,0.119799
264.263,1,399.5,0.123722
265.13,1,399,0.127619
265.996,1,398.5,0.131227
266.862,1,398,0.134689
267.728,1,397.5,0.138037
268.594,1,397,0.14127
269.46,1,396.5,0.144388
270.326,1,396,0.15005
271.192,1,395.5,0.157775
272.058,1,395,0.167425
272.924,1,394.5,0.178111
273.79,1,394,0.189832
274.656,1,393.5,0.202588
275.522,1,393,0.21638
276.388,1,392.5,0.2318
277.254,1,392,0.24949
278.12,1,391.5,0.267337
278.986,1,391,0.285286
279.852,1,390.5,0.300785
280.718,1,390,0.314686
281.584,1,389.5,0.326989
282.45,1,389,0.331545
283.316,1,388.5,0.334673
284.182,1,388,0.336825
285.048,1,387.5,0.338
285.914,1,387,0.338197
286.78,1,386.5,0.337418
287.646,1,386,0.335795
288.512,1,385.5,0.334182
289.378,1,385,0.332697
290.244,1,384.5,0.33126
291.11,1,384,0.329873
291.976,1,383.5,0.328534
292.842,1,383,0.327427
293.708,1,382.5,0.326821
294.574,1,382,0.326325
295.44,1,381.5,0.325937
296.306,1,381,0.325659
297.172,1,380.5,0.325489
298.038,1,380,0.325422
298.905,1,379.5,0.325569
299.771,1,379,0.325714
300.637,1,378.5,0.325855
301.503,1,378,0.325991
302.369,1,377.5,0.326122
303.235,1,377,0.326249
304.101,1,376.5,0.326298
304.967,1,376,0.326337
305.833,1,375.5,0.326408
306.699,1,375,0.326512
307.565,1,374.5,0.326659
308.431,1,374,0.326864
309.297,1,373.5,0.327067
310.163,1,373,0.327259
311.029,1,372.5,0.327482
311.895,1,372,0.327734
312.761,1,371.5,0.328017
313.627,1,371,0.328329
314.493,1,370.5,0.328669
315.359,1,370,0.328962
316.225,1,369.5,0.329265
317.091,1,369,0.329574
317.957,1,368.5,0.329885
318.823,1,368,0.330203
319.689,1,367.5,0.330531
320.555,1,367,0.330808
321.421,1,366.5,0.33107
322.287,1,366,0.331338
323.153,1,365.5,0.33161
324.019,1,365,0.331887
324.885,1,364.5,0.332169
325.751,1,364,0.332134
326.617,1,363.5,0.331269
327.483,1,363,0.329604
328.349,1,362.5,0.327611
329.215,1,362,0.325291
330.081,1,361.5,0.322642
330.947,1,361,0.319228
331.813,1,360.5,0.311581
332.679,1,360,0.303526
333.546,1,359.5,0.295064
334.412,1,359,0.286195
335.278,1,358.5,0.276918
336.144,1,358,0.269247
337.01,1,357.5,0.262719
337.876,1,357,0.25641
338.742,1,356.5,0.250935
339.608,1,356,0.246295
340.474,1,355.5,0.242489
341.34,1,355,0.239518
342.206,1,354.5,0.23994
343.072,1,354,0.241546
343.938,1,353.5,0.240575
344.804,1,353,0.237028
345.67,1,352.5,0.231253
346.536,1,352,0.224952
347.402,1,351.5,0.222038
348.268,1,351,0.23481
349.134,1,350.5,0.240601
350,1,350,0.239412
350.866,1,349.5,0.231241
351.732,1,349,0.21609
352.598,1,348.5,0.193957
353.464,1,348,0.159479
354.33,1,347.5,0.126228
355.196,1,347,0.107506
356.062,1,346.5,0.0997744
356.928,1,346,0.0922054
357.794,1,345.5,0.0847988
358.66,1,345,0.087159
359.526,1,344.5,0.0969609
360.392,1,344,0.105208
361.258,1,343.5,0.111901
362.124,1,343,0.117039
362.99,1,342.5,0.120623
363.856,1,342,0.122161
364.722,1,341.5,0.12165
365.588,1,341,0.121377
366.454,1,340.5,0.121092
367.321,1,340,0.120796
368.187,1,339.5,0.120488
369.053,1,339,0.120168
369.919,1,338.5,0.120089
370.785,1,338,0.120056
371.651,1,337.5,0.12004
372.517,1,337,0.120043
373.383,1,336.5,0.120064
374.249,1,336,0.120188
375.115,1,335.5,0.12044
375.981,1,335,0.12074
376.847,1,334.5,0.121037
377.713,1,334,0.121333
378.579,1,333.5,0.121627
379.445,1,333,0.121919
380.311,1,332.5,0.122174
381.177,1,332,0.122326
382.043,1,331.5,0.122471
382.909,1,331,0.122609
383.775,1,330.5,0.12274
384.641,1,330,0.122872
385.507,1,329.5,0.123005
386.373,1,329,0.123076
387.239,1,328.5,0.123151
388.105,1,328,0.123236
388.971,1,327.5,0.123328
389.837,1,327,0.123429
390.703,1,326.5,0.123538
391.569,1,326,0.123623
392.435,1,325.5,0.123698
393.301,1,325,0.123779
394.167,1,324.5,0.12386
395.033,1,324,0.12394
395.899,1,323.5,0.124019
396.765,1,323,0.124083
397.631,1,322.5,0.124115
398.497,1,322,0.124149
399.363,1,321.5,0.124185
400.229,1,321,0.124222
401.095,1,320.5,0.124262
401.962,1,320,0.124303
402.828,1,319.5,0.124318
403.694,1,319,0.124332
404.56,1,318.5,0.124345
405.426,1,318,0.124359
406.292,1,317.5,0.124372
407.158,1,317,0.124384
408.024,1,316.5,0.124388
408.89,1,316,0.124386
409.756,1,315.5,0.124384
410.622,1,315,0.124381
411.488,1,314.5,0.124377
412.354,1,314,0.124372
413.22,1,313.5,0.124363
414.086,1,313,0.124346
414.952,1,312.5,0.124326
415.818,1,312,0.124303
416.684,1,311.5,0.124278
417.55,1,311,0.12425
418.416,1,310.5,0.124218
419.282,1,310,0.124175
420.148,1,309.5,0.124128
421.014,1,309,0.124078
421.88,1,308.5,0.124031
422.746,1,308,0.123982
423.612,1,307.5,0.12393
424.478,1,307,0.123869
425.344,1,306.5,0.123802
426.21,1,306,0.123733
427.076,1,305.5,0.12366
427.942,1,305,0.123584
428.808,1,304.5,0.123505
429.674,1,304,0.123418
430.54,1,303.5,0.123322
431.406,1,303,0.123231
432.272,1,302.5,0.123137
433.138,1,302,0.12304
434.004,1,301.5,0.122939
434.87,1,301,0.122834
435.737,1,300.5,0.122716
436.603,1,300,0.122595
437.469,1,299.5,0.122471
438.335,1,299,0.122344
439.201,1,298.5,0.122214
440.067,1,298,0.122082
440.933,1,297.5,0.121952
441.799,1,297,0.121816
442.665,1,296.5,0.121678
443.531,1,296,0.121537
444.397,1,295.5,0.121393
445.263,1,295,0.121247
446.129,1,294.5,0.121092
446.995,1,294,0.120927
447.861,1,293.5,0.120761
448.727,1,293,0.120592
449.593,1,292.5,0.120425
450.459,1,292,0.120276
451.325,1,291.5,0.120122
452.191,1,291,0.119955
453.057,1,290.5,0.119787
453.923,1,290,0.119617
454.789,1,289.5,0.119445
455.655,1,289,0.119272
456.521,1,288.5,0.119097
457.387,1,288,0.118909
458.253,1,287.5,0.118718
459.119,1,287,0.118533
459.985,1,286.5,0.118368
460.851,1,286,0.118203
461.717,1,285.5,0.118036
462.583,1,285,0.117861
463.449,1,284.5,0.11768
464.315,1,284,0.117499
465.181,1,283.5,0.117317
466.047,1,283,0.117134
466.913,1,282.5,0.116951
467.779,1,282,0.116764
468.645,1,281.5,0.116577
469.512,1,281,0.116414
470.378,1,280.5,0.116251
471.244,1,280,0.116088
472.11,1,279.5,0.115926
472.976,1,279,0.115763
473.842,1,278.5,0.115591
474.708,1,278,0.115419
475.574,1,277.5,0.115248
476.44,1,277,0.115077
477.306,1,276.5,0.114907
478.172,1,276,0.114745
479.038,1,275.5,0.114596
479.904,1,275,0.114443
480.77,1,274.5,0.114292
481.636,1,274,0.114142
482.502,1,273.5,0.113993
483.368,1,273,0.113845
484.234,1,272.5,0.113696
485.1,1,272,0.113543
485.966,1,271.5,0.113391
486.832,1,271,0.113241
487.698,1,270.5,0.1131
488.564,1,270,0.112972
489.43,1,269.5,0.112844
490.296,1,269,0.112713
491.162,1,268.5,0.112583
492.028,1,268,0.112455
492.894,1,267.5,0.112329
493.76,1,267,0.112205
494.626,1,266.5,0.112082
495.492,1,266,0.111958
496.358,1,265.5,0.111835
497.224,1,265,0.11172
498.09,1,264.5,0.111616
498.956,1,264,0.111513
499.822,1,263.5,0.111411
500.688,1,263,0.111311
501.554,1,262.5,0.111211
502.42,1,262,0.111112
503.286,1,261.5,0.111016
504.153,1,261,0.110921
505.019,1,260.5,0.110827
505.885,1,260,0.110736
506.751,1,259.5,0.110651
507.617,1,259,0.110574
508.483,1,258.5,0.110499
509.349,1,258,0.110425
510.215,1,257.5,0.110352
511.081,1,257,0.110281
511.947,1,256.5,0.110211
512.813,1,256,0.110144
513.679,1,255.5,0.110077
514.545,1,255,0.110013
515.411,1,254.5,0.10995
516.277,1,254,0.109894
517.143,1,253.5,0.109843
518.009,1,253,0.109795
518.875,1,252.5,0.109747
519.741,1,252,0.109701
520.607,1,251.5,0.109655
521.473,1,251,0.109611
522.339,1,250.5,0.109568
523.205,1,250,0.109527
524.071,1,249.5,0.109487
524.937,1,249,0.109448
525.803,1,248.5,0.109414
526.669,1,248,0.109381
527.535,1,247.5,0.109349
528.401,1,247,0.10932
529.267,1,246.5,0.109292
530.133,1,246,0.109264
530.999,1,245.5,0.109238
531.865,1,245,0.109212
532.731,1,244.5,0.109187
533.597,1,244,0.109164
534.463,1,243.5,0.109143
535.329,1,243,0.109124
536.195,1,242.5,0.109107
537.061,1,242,0.109091
537.928,1,241.5,0.109075
538.794,1,241,0.10906
539.66,1,240.5,0.109047
540.526,1,240,0.109035
541.392,1,239.5,0.109023
542.258,1,239,0.109011
543.124,1,238.5,0.109
543.99,1,238,0.10899
544.856,1,237.5,0.108982
545.722,1,237,0.108974
546.588,1,236.5,0.108967
547.454,1,236,0.108961
548.32,1,235.5,0.108955
549.186,1,235,0.108949
550.052,1,234.5,0.108944
550.918,1,234,0.10894
551.784,1,233.5,0.108936
552.65,1,233,0.108933
553.516,1,232.5,0.108929
554.382,1,232,0.108927
555.248,1,231.5,0.108925
556.114,1,231,0.108925
556.98,1,230.5,0.108925
557.846,1,230,0.108924
558.712,1,229.5,0.108924
559.578,1,229,0.108924
560.444,1,228.5,0.108924
561.31,1,228,0.108926
562.176,1,227.5,0.108927
563.042,1,227,0.108928
563.908,1,226.5,0.108929
564.774,1,226,0.10893
565.64,1,225.5,0.108932
566.506,1,225,0.108933
567.372,1,224.5,0.108935
568.238,1,224,0.108937
569.104,1,223.5,0.108939
569.97,1,223,0.108941
570.836,1,222.5,0.108944
571.703,1,222,0.108946
572.569,1,221.5,0.108949
573.435,1,221,0.108951
574.301,1,220.5,0.108954
575.167,1,220,0.108956
576.033,1,219.5,0.108959
576.899,1,219,0.108961
577.765,1,218.5,0.108964
578.631,1,218,0.108967
579.497,1,217.5,0.10897
580.363,1,217,0.108973
581.229,1,216.5,0.108976
582.095,1,216,0.108979
582.961,1,215.5,0.108982
583.827,1,215,0.108985
584.693,1,214.5,0.108987
585.559,1,214,0.10899
586.425,1,213.5,0.108993
587.291,1,213,0.108996
588.157,1,212.5,0.108999
589.023,1,212,0.109002
589.889,1,211.5,0.109005
590.755,1,211,0.109008
591.621,1,210.5,0.109011
592.487,1,210,0.109014
593.353,1,209.5,0.109017
594.219,1,209,0.10902
595.085,1,208.5,0.109022
595.951,1,208,0.109025
596.817,1,207.5,0.109028
597.683,1,207,0.109031
598.549,1,206.5,0.109034
599.415,1,206,0.109037
600.281,1,205.5,0.10904
601.147,1,205,0.109043
602.013,1,204.5,0.109045
602.879,1,204,0.109048
603.745,1,203.5,0.109051
604.611,1,203,0.109053
605.477,1,202.5,0.109056
606.344,1,202,0.109059
607.21,1,201.5,0.109062
608.076,1,201,0.109065
608.942,1,200.5,0.109067
609.808,1,200,0.10907
