x,y,z,b
90.1924,1,500,0.104386
91.0584,1,499.5,0.10439
91.9244,1,499,0.104395
92.7905,1,498.5,0.1044
93.6565,1,498,0.104405
94.5225,1,497.5,0.10441
95.3885,1,497,0.104416
96.2546,1,496.5,0.104415
97.1206,1,496,0.104411
97.9866,1,495.5,0.104407
98.8526,1,495,0.104403
99.7187,1,494.5,0.1044
100.585,1,494,0.104398
101.451,1,493.5,0.104394
102.317,1,493,0.104385
103.183,1,492.5,0.104376
104.049,1,492,0.104368
104.915,1,491.5,0.104361
105.781,1,491,0.104354
106.647,1,490.5,0.104348
107.513,1,490,0.104347
108.379,1,489.5,0.104347
109.245,1,489,0.104348
110.111,1,488.5,0.10435
110.977,1,488,0.104353
111.843,1,487.5,0.104356
112.709,1,487,0.10437
113.575,1,486.5,0.10439
114.441,1,486,0.10441
115.307,1,485.5,0.104431
116.173,1,485,0.104454
117.039,1,484.5,0.104477
117.905,1,484,0.104508
118.771,1,483.5,0.104554
119.637,1,483,0.104601
120.503,1,482.5,0.104649
121.369,1,482,0.104698
122.235,1,481.5,0.104749
123.101,1,481,0.104802
123.967,1,480.5,0.104876
124.833,1,480,0.104952
125.699,1,479.5,0.105029
126.565,1,479,0.105108
127.431,1,478.5,0.105188
128.297,1,478,0.10527
129.164,1,477.5,0.10537
130.03,1,477,0.105476
130.896,1,476.5,0.105584
131.762,1,476,0.105693
132.628,1,475.5,0.105805
133.494,1,475,0.105917
134.36,1,474.5,0.106041
135.226,1,474,0.106178
136.092,1,473.5,0.106317
136.958,1,473,0.106459
137.824,1,472.5,0.106603
138.69,1,472,0.10675
139.556,1,471.5,0.106901
140.422,1,471,0.107071
141.288,1,470.5,0.107243
142.154,1,470,0.107417
143.02,1,469.5,0.107593
143.886,1,469,0.107772
144.752,1,468.5,0.107952
145.618,1,468,0.10815
146.484,1,467.5,0.108355
147.35,1,467,0.108562
148.216,1,466.5,0.108772
149.082,1,466,0.108984
149.948,1,465.5,0.109198
150.814,1,465,0.109422
151.68,1,464.5,0.109656
152.546,1,464,0.109893
153.412,1,463.5,0.110132
154.278,1,463,0.110373
155.144,1,462.5,0.110617
156.01,1,462,0.110865
156.876,1,461.5,0.111128
157.742,1,461,0.111392
158.608,1,460.5,0.111659
159.474,1,460,0.111929
160.34,1,459.5,0.1122
161.206,1,459,0.112474
162.072,1,458.5,0.112755
162.939,1,458,0.113039
163.805,1,457.5,0.113325
164.671,1,457,0.113614
165.537,1,456.5,0.113904
166.403,1,456,0.114196
167.269,1,455.5,0.11449
168.135,1,455,0.114785
169.001,1,454.5,0.115083
169.867,1,454,0.115383
170.733,1,453.5,0.115685
171.599,1,453,0.115988
172.465,1,452.5,0.116292
173.331,1,452,0.116592
174.197,1,451.5,0.116893
175.063,1,451,0.117196
175.929,1,450.5,0.1175
176.795,1,450,0.117807
177.661,1,449.5,0.118116
178.527,1,449,0.118414
179.393,1,448.5,0.118713
180.259,1,448,0.119014
181.125,1,447.5,0.119316
181.991,1,447,0.119621
182.857,1,446.5,0.119927
183.723,1,446,0.120225
184.589,1,445.5,0.120517
185.455,1,445,0.120809
186.321,1,444.5,0.121103
187.187,1,444,0.121399
188.053,1,443.5,0.121697
188.919,1,443,0.121994
189.785,1,442.5,0.122282
190.651,1,442,0.122572
191.517,1,441.5,0.122866
192.383,1,441,0.123162
193.249,1,440.5,0.123462
194.115,1,440,0.123764
194.981,1,439.5,0.124074
195.847,1,439,0.12439
196.714,1,438.5,0.124712
197.58,1,438,0.125041
198.446,1,437.5,0.125376
199.312,1,437,0.125716
200.178,1,436.5,0.126074
201.044,1,436,0.126445
201.91,1,435.5,0.126823
202.776,1,435,0.127211
203.642,1,434.5,0.127607
204.508,1,434,0.128013
205.374,1,433.5,0.128445
206.24,1,433,0.12892
207.106,1,432.5,0.12941
207.972,1,432,0.129914
208.838,1,431.5,0.130433
209.704,1,431,0.130966
210.57,1,430.5,0.131516
211.436,1,430,0.132166
212.302,1,429.5,0.132837
213.168,1,429,0.13353
214.034,1,428.5,0.134242
214.9,1,428,0.134975
215.766,1,427.5,0.135728
216.632,1,427,0.136593
217.498,1,426.5,0.137528
218.364,1,426,0.138498
219.23,1,425.5,0.139502
220.096,1,425,0.140541
220.962,1,424.5,0.141615
221.828,1,424,0.142831
222.694,1,423.5,0.144273
223.56,1,423,0.145772
224.426,1,422.5,0.147318
225.292,1,422,0.148913
226.158,1,421.5,0.150555
227.024,1,421,0.152239
227.89,1,420.5,0.153889
228.756,1,420,0.155565
229.622,1,419.5,0.157265
230.488,1,419,0.15899
231.355,1,418.5,0.16074
232.221,1,418,0.162208
233.087,1,417.5,0.162857
233.953,1,417,0.163232
234.819,1,416.5,0.163526
235.685,1,416,0.163738
236.551,1,415.5,0.163868
237.417,1,415,0.163916
238.283,1,414.5,0.163958
239.149,1,414,0.164108
240.015,1,413.5,0.164314
240.881,1,413,0.164574
241.747,1,412.5,0.165081
242.613,1,412,0.165814
243.479,1,411.5,0.166803
244.345,1,411,0.168391
245.211,1,410.5,0.170128
246.077,1,410,0.172013
246.943,1,409.5,0.174045
247.809,1,409,0.176226
248.675,1,408.5,0.178555
249.541,1,408,0.18002
250.407,1,407.5,0.18123
251.273,1,407,0.182206
252.139,1,406.5,0.183139
253.005,1,406,0.184065
253.871,1,405.5,0.184984
254.737,1,405,0.185632
255.603,1,404.5,0.186013
256.469,1,404,0.186383
257.335,1,403.5,0.186741
258.201,1,403,0.187087
259.067,1,402.5,0.187422
259.933,1,402,0.187735
260.799,1,401.5,0.188098
261.665,1,401,0.188456
262.531,1,400.5,0.188798
263.397,1,400,0.189124
264.263,1,399.5,0.189436
265.13,1,399,0.189731
265.996,1,398.5,0.189611
266.862,1,398,0.189441
267.728,1,397.5,0.189278
268.594,1,397,0.189121
269.46,1,396.5,0.188972
270.326,1,396,0.188645
271.192,1,395.5,0.187896
272.058,1,395,0.186957
272.924,1,394.5,0.186134
273.79,1,394,0.185427
274.656,1,393.5,0.184837
275.522,1,393,0.184363
276.388,1,392.5,0.183947
277.254,1,392,0.183408
278.12,1,391.5,0.182884
278.986,1,391,0.182362
279.852,1,390.5,0.181531
280.718,1,390,0.180802
281.584,1,389.5,0.180175
282.45,1,389,0.180392
283.316,1,388.5,0.180651
284.182,1,388,0.180895
285.048,1,387.5,0.181125
285.914,1,387,0.181341
286.78,1,386.5,0.181542
287.646,1,386,0.182345
288.512,1,385.5,0.18343
289.378,1,385,0.184529
290.244,1,384.5,0.185492
291.11,1,384,0.186321
291.976,1,383.5,0.187015
292.842,1,383,0.187807
293.708,1,382.5,0.189011
294.574,1,382,0.190101
295.44,1,381.5,0.191079
296.306,1,381,0.191945
297.172,1,380.5,0.192699
298.038,1,380,0.193378
298.905,1,379.5,0.195081
299.771,1,379,0.196656
300.637,1,378.5,0.198093
301.503,1,378,0.199393
302.369,1,377.5,0.200555
303.235,1,377,0.20158
304.101,1,376.5,0.202914
304.967,1,376,0.204458
305.833,1,375.5,0.206024
306.699,1,375,0.207611
307.565,1,374.5,0.209181
308.431,1,374,0.210528
309.297,1,373.5,0.211773
310.163,1,373,0.213136
311.029,1,372.5,0.214598
311.895,1,372,0.21616
312.761,1,371.5,0.217821
313.627,1,371,0.219581
314.493,1,370.5,0.221362
315.359,1,370,0.221685
316.225,1,369.5,0.222214
317.091,1,369,0.2228
317.957,1,368.5,0.223216
318.823,1,368,0.22385
319.689,1,367.5,0.224702
320.555,1,367,0.223073
321.421,1,366.5,0.220903
322.287,1,366,0.21922
323.153,1,365.5,0.218023
324.019,1,365,0.217312
324.885,1,364.5,0.217087
325.751,1,364,0.215642
326.617,1,363.5,0.211907
327.483,1,363,0.208437
328.349,1,362.5,0.205502
329.215,1,362,0.203103
330.081,1,361.5,0.20124
330.947,1,361,0.199958
331.813,1,360.5,0.199147
332.679,1,360,0.198019
333.546,1,359.5,0.196577
334.412,1,359,0.194818
335.278,1,358.5,0.192744
336.144,1,358,0.190633
337.01,1,357.5,0.18731
337.876,1,357,0.183313
338.742,1,356.5,0.179058
339.608,1,356,0.174546
340.474,1,355.5,0.169777
341.34,1,355,0.164751
342.206,1,354.5,0.165419
343.072,1,354,0.171679
343.938,1,353.5,0.176585
344.804,1,353,0.180137
345.67,1,352.5,0.183129
346.536,1,352,0.185083
347.402,1,351.5,0.188993
348.268,1,351,0.21131
349.134,1,350.5,0.228998
350,1,350,0.242058
350.866,1,349.5,0.25049
351.732,1,349,0.254293
352.598,1,348.5,0.253467
353.464,1,348,0.240702
354.33,1,347.5,0.228591
355.196,1,347,0.225063
356.062,1,346.5,0.226899
356.928,1,346,0.22804
357.794,1,345.5,0.228487
358.66,1,345,0.227686
359.526,1,344.5,0.226472
360.392,1,344,0.225578
361.258,1,343.5,0.225003
362.124,1,343,0.224747
362.99,1,342.5,0.224812
363.856,1,342,0.225259
364.722,1,341.5,0.227089
365.588,1,341,0.229408
366.454,1,340.5,0.231514
367.321,1,340,0.233408
368.187,1,339.5,0.23509
369.053,1,339,0.236559
369.919,1,338.5,0.237682
370.785,1,338,0.238684
371.651,1,337.5,0.239587
372.517,1,337,0.24039
373.383,1,336.5,0.241093
374.249,1,336,0.24156
375.115,1,335.5,0.241866
375.981,1,335,0.242165
376.847,1,334.5,0.242547
377.713,1,334,0.24301
378.579,1,333.5,0.243555
379.445,1,333,0.244183
380.311,1,332.5,0.244907
381.177,1,332,0.245768
382.043,1,331.5,0.24674
382.909,1,331,0.247822
383.775,1,330.5,0.249182
384.641,1,330,0.250641
385.507,1,329.5,0.252123
386.373,1,329,0.25215
387.239,1,328.5,0.252177
388.105,1,328,0.252277
388.971,1,327.5,0.252449
389.837,1,327,0.252693
390.703,1,326.5,0.25301
391.569,1,326,0.253017
392.435,1,325.5,0.252878
393.301,1,325,0.252708
394.167,1,324.5,0.252557
395.033,1,324,0.252452
395.899,1,323.5,0.252392
396.765,1,323,0.252099
397.631,1,322.5,0.251367
398.497,1,322,0.250823
399.363,1,321.5,0.250467
400.229,1,321,0.250299
401.095,1,320.5,0.25032
401.962,1,320,0.250514
402.828,1,319.5,0.248979
403.694,1,319,0.247573
404.56,1,318.5,0.246391
405.426,1,318,0.245433
406.292,1,317.5,0.244699
407.158,1,317,0.244188
408.024,1,316.5,0.244793
408.89,1,316,0.24562
409.756,1,315.5,0.246209
410.622,1,315,0.246558
411.488,1,314.5,0.246668
412.354,1,314,0.24674
413.22,1,313.5,0.248038
414.086,1,313,0.251043
414.952,1,312.5,0.253619
415.818,1,312,0.255767
416.684,1,311.5,0.257487
417.55,1,311,0.258779
418.416,1,310.5,0.258671
419.282,1,310,0.243185
420.148,1,309.5,0.225274
421.014,1,309,0.204937
421.88,1,308.5,0.18468
422.746,1,308,0.164471
423.612,1,307.5,0.144267
424.478,1,307,0.136242
425.344,1,306.5,0.133661
426.21,1,306,0.132677
427.076,1,305.5,0.133291
427.942,1,305,0.135503
428.808,1,304.5,0.139313
429.674,1,304,0.143946
430.54,1,303.5,0.147964
431.406,1,303,0.151735
432.272,1,302.5,0.155233
433.138,1,302,0.158459
434.004,1,301.5,0.161412
434.87,1,301,0.163885
435.737,1,300.5,0.164666
436.603,1,300,0.165324
437.469,1,299.5,0.165859
438.335,1,299,0.16627
439.201,1,298.5,0.166559
440.067,1,298,0.166745
440.933,1,297.5,0.167207
441.799,1,297,0.167764
442.665,1,296.5,0.16839
443.531,1,296,0.169084
444.397,1,295.5,0.169848
445.263,1,295,0.170681
446.129,1,294.5,0.172743
446.995,1,294,0.175949
447.861,1,293.5,0.179051
448.727,1,293,0.182051
449.593,1,292.5,0.184949
450.459,1,292,0.187764
451.325,1,291.5,0.18996
452.191,1,291,0.189569
453.057,1,290.5,0.189103
453.923,1,290,0.188564
454.789,1,289.5,0.18795
455.655,1,289,0.187262
456.521,1,288.5,0.1865
457.387,1,288,0.183983
458.253,1,287.5,0.181101
459.119,1,287,0.178143
459.985,1,286.5,0.17518
460.851,1,286,0.172158
461.717,1,285.5,0.169078
462.583,1,285,0.165835
463.449,1,284.5,0.162473
464.315,1,284,0.159086
465.181,1,283.5,0.155674
466.047,1,283,0.152238
466.913,1,282.5,0.148777
467.779,1,282,0.145688
468.645,1,281.5,0.143871
469.512,1,281,0.142009
470.378,1,280.5,0.140139
471.244,1,280,0.138259
472.11,1,279.5,0.13637
472.976,1,279,0.134472
473.842,1,278.5,0.133464
474.708,1,278,0.13251
475.574,1,277.5,0.131529
476.44,1,277,0.13052
477.306,1,276.5,0.129485
478.172,1,276,0.128409
479.038,1,275.5,0.127438
479.904,1,275,0.126551
480.77,1,274.5,0.125653
481.636,1,274,0.124744
482.502,1,273.5,0.123824
483.368,1,273,0.122893
484.234,1,272.5,0.122011
485.1,1,272,0.121274
485.966,1,271.5,0.120534
486.832,1,271,0.119792
487.698,1,270.5,0.119038
488.564,1,270,0.118272
489.43,1,269.5,0.11751
490.296,1,269,0.116976
491.162,1,268.5,0.116452
492.028,1,268,0.115932
492.894,1,267.5,0.115415
493.76,1,267,0.114903
494.626,1,266.5,0.114395
495.492,1,266,0.11402
496.358,1,265.5,0.113713
497.224,1,265,0.113405
498.09,1,264.5,0.113095
498.956,1,264,0.112787
499.822,1,263.5,0.112481
500.688,1,263,0.112223
501.554,1,262.5,0.112056
502.42,1,262,0.111889
503.286,1,261.5,0.111724
504.153,1,261,0.111558
505.019,1,260.5,0.111394
505.885,1,260,0.111233
506.751,1,259.5,0.111161
507.617,1,259,0.111088
508.483,1,258.5,0.111015
509.349,1,258,0.110942
510.215,1,257.5,0.11087
511.081,1,257,0.110797
511.947,1,256.5,0.110765
512.813,1,256,0.110748
513.679,1,255.5,0.110732
514.545,1,255,0.110716
515.411,1,254.5,0.1107
516.277,1,254,0.110684
517.143,1,253.5,0.110683
518.009,1,253,0.110701
518.875,1,252.5,0.110719
519.741,1,252,0.110737
520.607,1,251.5,0.110754
521.473,1,251,0.110771
522.339,1,250.5,0.110788
523.205,1,250,0.11081
524.071,1,249.5,0.110831
524.937,1,249,0.110851
525.803,1,248.5,0.110873
526.669,1,248,0.110895
527.535,1,247.5,0.110916
528.401,1,247,0.110937
529.267,1,246.5,0.110958
530.133,1,246,0.110977
530.999,1,245.5,0.110996
531.865,1,245,0.111013
532.731,1,244.5,0.11103
533.597,1,244,0.111042
534.463,1,243.5,0.111051
535.329,1,243,0.111063
536.195,1,242.5,0.111076
537.061,1,242,0.111088
537.928,1,241.5,0.111098
538.794,1,241,0.111108
539.66,1,240.5,0.111114
540.526,1,240,0.111119
541.392,1,239.5,0.111122
542.258,1,239,0.111124
543.124,1,238.5,0.111125
543.99,1,238,0.111125
544.856,1,237.5,0.11113
545.722,1,237,0.111135
546.588,1,236.5,0.11114
547.454,1,236,0.111143
548.32,1,235.5,0.111145
549.186,1,235,0.111146
550.052,1,234.5,0.111144
550.918,1,234,0.111139
551.784,1,233.5,0.111133
552.65,1,233,0.111125
553.516,1,232.5,0.111116
554.382,1,232,0.11111
555.248,1,231.5,0.111104
556.114,1,231,0.111093
556.98,1,230.5,0.111081
557.846,1,230,0.111068
558.712,1,229.5,0.111054
559.578,1,229,0.111038
560.444,1,228.5,0.111021
561.31,1,228,0.111
562.176,1,227.5,0.110978
563.042,1,227,0.110954
563.908,1,226.5,0.110935
564.774,1,226,0.110915
565.64,1,225.5,0.110893
566.506,1,225,0.110869
567.372,1,224.5,0.110842
568.238,1,224,0.110814
569.104,1,223.5,0.110784
569.97,1,223,0.110753
570.836,1,222.5,0.110721
571.703,1,222,0.110687
572.569,1,221.5,0.11065
573.435,1,221,0.110621
574.301,1,220.5,0.110591
575.167,1,220,0.11056
576.033,1,219.5,0.110528
576.899,1,219,0.110496
577.765,1,218.5,0.11046
578.631,1,218,0.110423
579.497,1,217.5,0.110386
580.363,1,217,0.110348
581.229,1,216.5,0.110309
582.095,1,216,0.11027
582.961,1,215.5,0.110239
583.827,1,215,0.110205
584.693,1,214.5,0.110172
585.559,1,214,0.110137
586.425,1,213.5,0.110102
587.291,1,213,0.110066
588.157,1,212.5,0.110029
589.023,1,212,0.109989
589.889,1,211.5,0.109949
590.755,1,211,0.109909
591.621,1,210.5,0.10987
592.487,1,210,0.109838
593.353,1,209.5,0.109806
594.219,1,209,0.109769
595.085,1,208.5,0.109733
595.951,1,208,0.109697
596.817,1,207.5,0.109661
597.683,1,207,0.109626
598.549,1,206.5,0.10959
599.415,1,206,0.109553
600.281,1,205.5,0.109515
601.147,1,205,0.109478
602.013,1,204.5,0.109447
602.879,1,204,0.109417
603.745,1,203.5,0.109387
604.611,1,203,0.109356
605.477,1,202.5,0.109325
606.344,1,202,0.109295
607.21,1,201.5,0.109265
608.076,1,201,0.109236
608.942,1,200.5,0.109206
609.808,1,200,0.109178
