x,y,z,b
90.1924,1,500,0.10901
91.0584,1,499.5,0.109008
91.9244,1,499,0.109007
92.7905,1,498.5,0.109005
93.6565,1,498,0.109004
94.5225,1,497.5,0.109003
95.3885,1,497,0.109001
96.2546,1,496.5,0.108999
97.1206,1,496,0.108997
97.9866,1,495.5,0.108995
98.8526,1,495,0.108993
99.7187,1,494.5,0.10899
100.585,1,494,0.108988
101.451,1,493.5,0.108986
102.317,1,493,0.108983
103.183,1,492.5,0.10898
104.049,1,492,0.108977
104.915,1,491.5,0.108974
105.781,1,491,0.108971
106.647,1,490.5,0.108968
107.513,1,490,0.108965
108.379,1,489.5,0.108961
109.245,1,489,0.108958
110.111,1,488.5,0.108954
110.977,1,488,0.108951
111.843,1,487.5,0.108947
112.709,1,487,0.108943
113.575,1,486.5,0.108939
114.441,1,486,0.108935
115.307,1,485.5,0.10893
116.173,1,485,0.108926
117.039,1,484.5,0.108922
117.905,1,484,0.108917
118.771,1,483.5,0.108912
119.637,1,483,0.108908
120.503,1,482.5,0.108903
121.369,1,482,0.108898
122.235,1,481.5,0.108893
123.101,1,481,0.108888
123.967,1,480.5,0.108882
124.833,1,480,0.108876
125.699,1,479.5,0.10887
126.565,1,479,0.108864
127.431,1,478.5,0.108858
128.297,1,478,0.108853
129.164,1,477.5,0.108846
130.03,1,477,0.108839
130.896,1,476.5,0.108832
131.762,1,476,0.108825
132.628,1,475.5,0.108818
133.494,1,475,0.108811
134.36,1,474.5,0.108804
135.226,1,474,0.108796
136.092,1,473.5,0.108787
136.958,1,473,0.108779
137.824,1,472.5,0.108771
138.69,1,472,0.108762
139.556,1,471.5,0.108754
140.422,1,471,0.108744
141.288,1,470.5,0.108734
142.154,1,470,0.108725
143.02,1,469.5,0.108715
143.886,1,469,0.108705
144.752,1,468.5,0.108695
145.618,1,468,0.108684
146.484,1,467.5,0.108672
147.35,1,467,0.10866
148.216,1,466.5,0.108649
149.082,1,466,0.108637
149.948,1,465.5,0.108625
150.814,1,465,0.108612
151.68,1,464.5,0.108598
152.546,1,464,0.108584
153.412,1,463.5,0.10857
154.278,1,463,0.108556
155.144,1,462.5,0.108541
156.01,1,462,0.108526
156.876,1,461.5,0.10851
157.742,1,461,0.108493
158.608,1,460.5,0.108476
159.474,1,460,0.108459
160.34,1,459.5,0.108442
161.206,1,459,0.108424
162.072,1,458.5,0.108405
162.939,1,458,0.108385
163.805,1,457.5,0.108364
164.671,1,457,0.108344
165.537,1,456.5,0.108323
166.403,1,456,0.108303
167.269,1,455.5,0.10828
168.135,1,455,0.108255
169.001,1,454.5,0.108231
169.867,1,454,0.108206
170.733,1,453.5,0.108181
171.599,1,453,0.108155
172.465,1,452.5,0.108129
173.331,1,452,0.108099
174.197,1,451.5,0.10807
175.063,1,451,0.10804
175.929,1,450.5,0.10801
176.795,1,450,0.10798
177.661,1,449.5,0.10795
178.527,1,449,0.107914
179.393,1,448.5,0.107878
180.259,1,448,0.107841
181.125,1,447.5,0.107804
181.991,1,447,0.107767
182.857,1,446.5,0.107729
183.723,1,446,0.107688
184.589,1,445.5,0.107643
185.455,1,445,0.107599
186.321,1,444.5,0.107554
187.187,1,444,0.107509
188.053,1,443.5,0.107463
188.919,1,443,0.107415
189.785,1,442.5,0.10736
190.651,1,442,0.107305
191.517,1,441.5,0.107249
192.383,1,441,0.107193
193.249,1,440.5,0.107136
194.115,1,440,0.10708
194.981,1,439.5,0.107014
195.847,1,439,0.106947
196.714,1,438.5,0.106879
197.58,1,438,0.106811
198.446,1,437.5,0.106742
199.312,1,437,0.106673
200.178,1,436.5,0.106594
201.044,1,436,0.106511
201.91,1,435.5,0.106426
202.776,1,435,0.106341
203.642,1,434.5,0.106255
204.508,1,434,0.106168
205.374,1,433.5,0.106076
206.24,1,433,0.105973
207.106,1,432.5,0.105869
207.972,1,432,0.105764
208.838,1,431.5,0.105658
209.704,1,431,0.105551
210.57,1,430.5,0.105442
211.436,1,430,0.105312
212.302,1,429.5,0.105181
213.168,1,429,0.10505
214.034,1,428.5,0.104918
214.9,1,428,0.104784
215.766,1,427.5,0.10465
216.632,1,427,0.104497
217.498,1,426.5,0.104335
218.364,1,426,0.104172
219.23,1,425.5,0.104007
220.096,1,425,0.10384
220.962,1,424.5,0.103672
221.828,1,424,0.103489
222.694,1,423.5,0.103285
223.56,1,423,0.103079
224.426,1,422.5,0.10287
225.292,1,422,0.10266
226.158,1,421.5,0.102447
227.024,1,421,0.102229
227.89,1,420.5,0.101974
228.756,1,420,0.101716
229.622,1,419.5,0.101455
230.488,1,419,0.101191
231.355,1,418.5,0.100924
232.221,1,418,0.100657
233.087,1,417.5,0.100351
233.953,1,417,0.10003
234.819,1,416.5,0.0997049
235.685,1,416,0.0993762
236.551,1,415.5,0.0990435
237.417,1,415,0.098707
238.283,1,414.5,0.0983432
239.149,1,414,0.0979465
240.015,1,413.5,0.0975447
240.881,1,413,0.097138
241.747,1,412.5,0.0967276
242.613,1,412,0.0963122
243.479,1,411.5,0.0958823
244.345,1,411,0.0953859
245.211,1,410.5,0.0948788
246.077,1,410,0.0943611
246.943,1,409.5,0.0938327
247.809,1,409,0.0932936
248.675,1,408.5,0.0927439
249.541,1,408,0.0922048
250.407,1,407.5,0.0916729
251.273,1,407,0.0911648
252.139,1,406.5,0.0906833
253.005,1,406,0.0902262
253.871,1,405.5,0.0897936
254.737,1,405,0.0897196
255.603,1,404.5,0.0900176
256.469,1,404,0.0903728
257.335,1,403.5,0.0907851
258.201,1,403,0.0912544
259.067,1,402.5,0.0917809
259.933,1,402,0.0926608
260.799,1,401.5,0.0949578
261.665,1,401,0.0973743
262.531,1,400.5,0.0999013
263.397,1,400,0.102539
264.263,1,399.5,0.105287
265.13,1,399,0.108145
265.996,1,398.5,0.111922
266.862,1,398,0.115806
267.728,1,397.5,0.119678
268.594,1,397,0.123538
269.46,1,396.5,0.127386
270.326,1,396,0.132259
271.192,1,395.5,0.139724
272.058,1,395,0.150366
272.924,1,394.5,0.162796
273.79,1,394,0.177015
274.656,1,393.5,0.193022
275.522,1,393,0.210817
276.388,1,392.5,0.230296
277.254,1,392,0.24999
278.12,1,391.5,0.269455
278.986,1,391,0.288616
279.852,1,390.5,0.304514
280.718,1,390,0.31877
281.584,1,389.5,0.331386
282.45,1,389,0.335463
283.316,1,388.5,0.338298
284.182,1,388,0.340402
285.048,1,387.5,0.341777
285.914,1,387,0.342423
286.78,1,386.5,0.342338
287.646,1,386,0.341
288.512,1,385.5,0.339224
289.378,1,385,0.337422
290.244,1,384.5,0.335729
291.11,1,384,0.334146
291.976,1,383.5,0.332671
292.842,1,383,0.331459
293.708,1,382.5,0.330641
294.574,1,382,0.329839
295.44,1,381.5,0.329052
296.306,1,381,0.32828
297.172,1,380.5,0.327523
298.038,1,380,0.326799
298.905,1,379.5,0.32697
299.771,1,379,0.327153
300.637,1,378.5,0.327342
301.503,1,378,0.327535
302.369,1,377.5,0.327733
303.235,1,377,0.327937
304.101,1,376.5,0.328049
304.967,1,376,0.328139
305.833,1,375.5,0.328255
306.699,1,375,0.328397
307.565,1,374.5,0.328578
308.431,1,374,0.328825
309.297,1,373.5,0.329083
310.163,1,373,0.329347
311.029,1,372.5,0.329639
311.895,1,372,0.329958
312.761,1,371.5,0.330305
313.627,1,371,0.33068
314.493,1,370.5,0.331079
315.359,1,370,0.331428
316.225,1,369.5,0.331786
317.091,1,369,0.332132
317.957,1,368.5,0.332427
318.823,1,368,0.332714
319.689,1,367.5,0.332994
320.555,1,367,0.333187
321.421,1,366.5,0.333293
322.287,1,366,0.333332
323.153,1,365.5,0.333305
324.019,1,365,0.333211
324.885,1,364.5,0.33305
325.751,1,364,0.332488
326.617,1,363.5,0.330788
327.483,1,363,0.327691
328.349,1,362.5,0.324114
329.215,1,362,0.320057
330.081,1,361.5,0.315521
330.947,1,361,0.31014
331.813,1,360.5,0.301202
332.679,1,360,0.292049
333.546,1,359.5,0.28268
334.412,1,359,0.273095
335.278,1,358.5,0.263295
336.144,1,358,0.255923
337.01,1,357.5,0.253166
337.876,1,357,0.250676
338.742,1,356.5,0.248316
339.608,1,356,0.246085
340.474,1,355.5,0.243984
341.34,1,355,0.242012
342.206,1,354.5,0.241829
343.072,1,354,0.242205
343.938,1,353.5,0.240771
344.804,1,353,0.237528
345.67,1,352.5,0.232007
346.536,1,352,0.224915
347.402,1,351.5,0.221218
348.268,1,351,0.234858
349.134,1,350.5,0.240583
350,1,350,0.238392
350.866,1,349.5,0.228285
351.732,1,349,0.210263
352.598,1,348.5,0.184325
353.464,1,348,0.147229
354.33,1,347.5,0.113343
355.196,1,347,0.0969841
356.062,1,346.5,0.093234
356.928,1,346,0.0898337
357.794,1,345.5,0.086783
358.66,1,345,0.0910856
359.526,1,344.5,0.100519
360.392,1,344,0.108359
361.258,1,343.5,0.114606
362.124,1,343,0.119261
362.99,1,342.5,0.122323
363.856,1,342,0.123468
364.722,1,341.5,0.122935
365.588,1,341,0.1225
366.454,1,340.5,0.122048
367.321,1,340,0.121577
368.187,1,339.5,0.121088
369.053,1,339,0.12058
369.919,1,338.5,0.120279
370.785,1,338,0.120058
371.651,1,337.5,0.119896
372.517,1,337,0.119792
373.383,1,336.5,0.119747
374.249,1,336,0.119947
375.115,1,335.5,0.120322
375.981,1,335,0.120727
376.847,1,334.5,0.121116
377.713,1,334,0.121487
378.579,1,333.5,0.12184
379.445,1,333,0.122176
380.311,1,332.5,0.122472
381.177,1,332,0.122688
382.043,1,331.5,0.12289
382.909,1,331,0.123079
383.775,1,330.5,0.123246
384.641,1,330,0.123407
385.507,1,329.5,0.123567
386.373,1,329,0.123684
387.239,1,328.5,0.123803
388.105,1,328,0.123927
388.971,1,327.5,0.124054
389.837,1,327,0.124186
390.703,1,326.5,0.124322
391.569,1,326,0.12442
392.435,1,325.5,0.124497
393.301,1,325,0.12458
394.167,1,324.5,0.124662
395.033,1,324,0.124741
395.899,1,323.5,0.124818
396.765,1,323,0.124872
397.631,1,322.5,0.124885
398.497,1,322,0.124899
399.363,1,321.5,0.124916
400.229,1,321,0.124933
401.095,1,320.5,0.124953
401.962,1,320,0.124974
402.828,1,319.5,0.124963
403.694,1,319,0.124951
404.56,1,318.5,0.124939
405.426,1,318,0.124927
406.292,1,317.5,0.124914
407.158,1,317,0.124902
408.024,1,316.5,0.124878
408.89,1,316,0.124848
409.756,1,315.5,0.124818
410.622,1,315,0.124786
411.488,1,314.5,0.124754
412.354,1,314,0.124724
413.22,1,313.5,0.124689
414.086,1,313,0.124647
414.952,1,312.5,0.124603
415.818,1,312,0.124555
416.684,1,311.5,0.124504
417.55,1,311,0.12445
418.416,1,310.5,0.124393
419.282,1,310,0.124326
420.148,1,309.5,0.124255
421.014,1,309,0.12418
421.88,1,308.5,0.124113
422.746,1,308,0.124042
423.612,1,307.5,0.123969
424.478,1,307,0.123888
425.344,1,306.5,0.123803
426.21,1,306,0.123713
427.076,1,305.5,0.12362
427.942,1,305,0.123524
428.808,1,304.5,0.123424
429.674,1,304,0.123316
430.54,1,303.5,0.1232
431.406,1,303,0.123093
432.272,1,302.5,0.122983
433.138,1,302,0.12287
434.004,1,301.5,0.122754
434.87,1,301,0.122633
435.737,1,300.5,0.122498
436.603,1,300,0.12236
437.469,1,299.5,0.12222
438.335,1,299,0.122075
439.201,1,298.5,0.121928
440.067,1,298,0.121779
440.933,1,297.5,0.121634
441.799,1,297,0.121485
442.665,1,296.5,0.121332
443.531,1,296,0.121177
444.397,1,295.5,0.121019
445.263,1,295,0.120858
446.129,1,294.5,0.120688
446.995,1,294,0.120508
447.861,1,293.5,0.120326
448.727,1,293,0.120141
449.593,1,292.5,0.119959
450.459,1,292,0.119797
451.325,1,291.5,0.119631
452.191,1,291,0.119451
453.057,1,290.5,0.119269
453.923,1,290,0.119086
454.789,1,289.5,0.118901
455.655,1,289,0.118716
456.521,1,288.5,0.118528
457.387,1,288,0.118327
458.253,1,287.5,0.118122
459.119,1,287,0.117924
459.985,1,286.5,0.117749
460.851,1,286,0.117573
461.717,1,285.5,0.117397
462.583,1,285,0.117211
463.449,1,284.5,0.117019
464.315,1,284,0.116827
465.181,1,283.5,0.116634
466.047,1,283,0.116442
466.913,1,282.5,0.11625
467.779,1,282,0.116054
468.645,1,281.5,0.115859
469.512,1,281,0.115689
470.378,1,280.5,0.115519
471.244,1,280,0.11535
472.11,1,279.5,0.115182
472.976,1,279,0.115014
473.842,1,278.5,0.114837
474.708,1,278,0.114659
475.574,1,277.5,0.114483
476.44,1,277,0.114308
477.306,1,276.5,0.114133
478.172,1,276,0.113969
479.038,1,275.5,0.113819
479.904,1,275,0.113667
480.77,1,274.5,0.113516
481.636,1,274,0.113367
482.502,1,273.5,0.113219
483.368,1,273,0.113073
484.234,1,272.5,0.112926
485.1,1,272,0.112776
485.966,1,271.5,0.112628
486.832,1,271,0.112481
487.698,1,270.5,0.112345
488.564,1,270,0.112221
489.43,1,269.5,0.112099
490.296,1,269,0.111975
491.162,1,268.5,0.111853
492.028,1,268,0.111733
492.894,1,267.5,0.111615
493.76,1,267,0.111499
494.626,1,266.5,0.111384
495.492,1,266,0.11127
496.358,1,265.5,0.111157
497.224,1,265,0.111054
498.09,1,264.5,0.110959
498.956,1,264,0.110867
499.822,1,263.5,0.110777
500.688,1,263,0.110688
501.554,1,262.5,0.1106
502.42,1,262,0.110515
503.286,1,261.5,0.110431
504.153,1,261,0.110349
505.019,1,260.5,0.110269
505.885,1,260,0.11019
506.751,1,259.5,0.11012
507.617,1,259,0.110055
508.483,1,258.5,0.109992
509.349,1,258,0.109931
510.215,1,257.5,0.109871
511.081,1,257,0.109812
511.947,1,256.5,0.109756
512.813,1,256,0.109702
513.679,1,255.5,0.10965
514.545,1,255,0.109599
515.411,1,254.5,0.10955
516.277,1,254,0.109506
517.143,1,253.5,0.109467
518.009,1,253,0.10943
518.875,1,252.5,0.109394
519.741,1,252,0.109358
520.607,1,251.5,0.109324
521.473,1,251,0.109291
522.339,1,250.5,0.109259
523.205,1,250,0.10923
524.071,1,249.5,0.109203
524.937,1,249,0.109176
525.803,1,248.5,0.109152
526.669,1,248,0.10913
527.535,1,247.5,0.109108
528.401,1,247,0.109089
529.267,1,246.5,0.10907
530.133,1,246,0.109053
530.999,1,245.5,0.109036
531.865,1,245,0.10902
532.731,1,244.5,0.109004
533.597,1,244,0.10899
534.463,1,243.5,0.108978
535.329,1,243,0.108968
536.195,1,242.5,0.108959
537.061,1,242,0.10895
537.928,1,241.5,0.108942
538.794,1,241,0.108934
539.66,1,240.5,0.108928
540.526,1,240,0.108923
541.392,1,239.5,0.108918
542.258,1,239,0.108913
543.124,1,238.5,0.108908
543.99,1,238,0.108904
544.856,1,237.5,0.108902
545.722,1,237,0.1089
546.588,1,236.5,0.108899
547.454,1,236,0.108897
548.32,1,235.5,0.108896
549.186,1,235,0.108895
550.052,1,234.5,0.108895
550.918,1,234,0.108895
551.784,1,233.5,0.108896
552.65,1,233,0.108897
553.516,1,232.5,0.108897
554.382,1,232,0.108898
555.248,1,231.5,0.1089
556.114,1,231,0.108902
556.98,1,230.5,0.108904
557.846,1,230,0.108906
558.712,1,229.5,0.108908
559.578,1,229,0.10891
560.444,1,228.5,0.108912
561.31,1,228,0.108915
562.176,1,227.5,0.108918
563.042,1,227,0.10892
563.908,1,226.5,0.108923
564.774,1,226,0.108925
565.64,1,225.5,0.108928
566.506,1,225,0.108931
567.372,1,224.5,0.108934
568.238,1,224,0.108937
569.104,1,223.5,0.10894
569.97,1,223,0.108943
570.836,1,222.5,0.108946
571.703,1,222,0.108949
572.569,1,221.5,0.108952
573.435,1,221,0.108956
574.301,1,220.5,0.108959
575.167,1,220,0.108962
576.033,1,219.5,0.108965
576.899,1,219,0.108968
577.765,1,218.5,0.108971
578.631,1,218,0.108975
579.497,1,217.5,0.108978
580.363,1,217,0.108981
581.229,1,216.5,0.108985
582.095,1,216,0.108988
582.961,1,215.5,0.108991
583.827,1,215,0.108994
584.693,1,214.5,0.108997
585.559,1,214,0.109
586.425,1,213.5,0.109003
587.291,1,213,0.109006
588.157,1,212.5,0.109009
589.023,1,212,0.109012
589.889,1,211.5,0.109016
590.755,1,211,0.109019
591.621,1,210.5,0.109022
592.487,1,210,0.109025
593.353,1,209.5,0.109027
594.219,1,209,0.10903
595.085,1,208.5,0.109033
595.951,1,208,0.109036
596.817,1,207.5,0.109039
597.683,1,207,0.109042
598.549,1,206.5,0.109044
599.415,1,206,0.109047
600.281,1,205.5,0.10905
601.147,1,205,0.109053
602.013,1,204.5,0.109055
602.879,1,204,0.109058
603.745,1,203.5,0.109061
604.611,1,203,0.109063
605.477,1,202.5,0.109066
606.344,1,202,0.109069
607.21,1,201.5,0.109071
608.076,1,201,0.109074
608.942,1,200.5,0.109077
609.808,1,200,0.109079
