x,y,z,b
90.1924,1,500,0.109124
91.0584,1,499.5,0.109124
91.9244,1,499,0.109124
92.7905,1,498.5,0.109125
93.6565,1,498,0.109125
94.5225,1,497.5,0.109125
95.3885,1,497,0.109125
96.2546,1,496.5,0.109125
97.1206,1,496,0.109125
97.9866,1,495.5,0.109125
98.8526,1,495,0.109125
99.7187,1,494.5,0.109125
100.585,1,494,0.109125
101.451,1,493.5,0.109126
102.317,1,493,0.109126
103.183,1,492.5,0.109126
104.049,1,492,0.109126
104.915,1,491.5,0.109126
105.781,1,491,0.109126
106.647,1,490.5,0.109126
107.513,1,490,0.109126
108.379,1,489.5,0.109126
109.245,1,489,0.109127
110.111,1,488.5,0.109127
110.977,1,488,0.109127
111.843,1,487.5,0.109127
112.709,1,487,0.109127
113.575,1,486.5,0.109127
114.441,1,486,0.109127
115.307,1,485.5,0.109127
116.173,1,485,0.109128
117.039,1,484.5,0.109128
117.905,1,484,0.109128
118.771,1,483.5,0.109128
119.637,1,483,0.109128
120.503,1,482.5,0.109128
121.369,1,482,0.109128
122.235,1,481.5,0.109128
123.101,1,481,0.109128
123.967,1,480.5,0.109129
124.833,1,480,0.109129
125.699,1,479.5,0.109129
126.565,1,479,0.109129
127.431,1,478.5,0.109129
128.297,1,478,0.109129
129.164,1,477.5,0.109129
130.03,1,477,0.10913
130.896,1,476.5,0.10913
131.762,1,476,0.10913
132.628,1,475.5,0.10913
133.494,1,475,0.10913
134.36,1,474.5,0.10913
135.226,1,474,0.109131
136.092,1,473.5,0.109131
136.958,1,473,0.109131
137.824,1,472.5,0.109131
138.69,1,472,0.109131
139.556,1,471.5,0.109132
140.422,1,471,0.109132
141.288,1,470.5,0.109132
142.154,1,470,0.109132
143.02,1,469.5,0.109132
143.886,1,469,0.109133
144.752,1,468.5,0.109133
145.618,1,468,0.109133
146.484,1,467.5,0.109133
147.35,1,467,0.109133
148.216,1,466.5,0.109134
149.082,1,466,0.109134
149.948,1,465.5,0.109134
150.814,1,465,0.109134
151.68,1,464.5,0.109135
152.546,1,464,0.109135
153.412,1,463.5,0.109135
154.278,1,463,0.109135
155.144,1,462.5,0.109136
156.01,1,462,0.109136
156.876,1,461.5,0.109136
157.742,1,461,0.109136
158.608,1,460.5,0.109137
159.474,1,460,0.109137
160.34,1,459.5,0.109137
161.206,1,459,0.109138
162.072,1,458.5,0.109138
162.939,1,458,0.109138
163.805,1,457.5,0.109138
164.671,1,457,0.109139
165.537,1,456.5,0.109139
166.403,1,456,0.109139
167.269,1,455.5,0.10914
168.135,1,455,0.10914
169.001,1,454.5,0.10914
169.867,1,454,0.109141
170.733,1,453.5,0.109141
171.599,1,453,0.109141
172.465,1,452.5,0.109142
173.331,1,452,0.109142
174.197,1,451.5,0.109143
175.063,1,451,0.109143
175.929,1,450.5,0.109143
176.795,1,450,0.109144
177.661,1,449.5,0.109144
178.527,1,449,0.109145
179.393,1,448.5,0.109145
180.259,1,448,0.109145
181.125,1,447.5,0.109146
181.991,1,447,0.109146
182.857,1,446.5,0.109147
183.723,1,446,0.109147
184.589,1,445.5,0.109148
185.455,1,445,0.109148
186.321,1,444.5,0.109149
187.187,1,444,0.109149
188.053,1,443.5,0.10915
188.919,1,443,0.10915
189.785,1,442.5,0.109151
190.651,1,442,0.109152
191.517,1,441.5,0.109152
192.383,1,441,0.109153
193.249,1,440.5,0.109153
194.115,1,440,0.109154
194.981,1,439.5,0.109155
195.847,1,439,0.109155
196.714,1,438.5,0.109156
197.58,1,438,0.109157
198.446,1,437.5,0.109157
199.312,1,437,0.109158
200.178,1,436.5,0.109159
201.044,1,436,0.10916
201.91,1,435.5,0.109161
202.776,1,435,0.109161
203.642,1,434.5,0.109162
204.508,1,434,0.109163
205.374,1,433.5,0.109164
206.24,1,433,0.109165
207.106,1,432.5,0.109166
207.972,1,432,0.109167
208.838,1,431.5,0.109168
209.704,1,431,0.109169
210.57,1,430.5,0.10917
211.436,1,430,0.109171
212.302,1,429.5,0.109172
213.168,1,429,0.109173
214.034,1,428.5,0.109174
214.9,1,428,0.109175
215.766,1,427.5,0.109176
216.632,1,427,0.109178
217.498,1,426.5,0.109179
218.364,1,426,0.10918
219.23,1,425.5,0.109182
220.096,1,425,0.109183
220.962,1,424.5,0.109184
221.828,1,424,0.109186
222.694,1,423.5,0.109187
223.56,1,423,0.109189
224.426,1,422.5,0.10919
225.292,1,422,0.109192
226.158,1,421.5,0.109194
227.024,1,421,0.109196
227.89,1,420.5,0.109197
228.756,1,420,0.109199
229.622,1,419.5,0.109201
230.488,1,419,0.109203
231.355,1,418.5,0.109205
232.221,1,418,0.109207
233.087,1,417.5,0.109209
233.953,1,417,0.109211
234.819,1,416.5,0.109214
235.685,1,416,0.109216
236.551,1,415.5,0.109218
237.417,1,415,0.10922
238.283,1,414.5,0.109223
239.149,1,414,0.109225
240.015,1,413.5,0.109228
240.881,1,413,0.109231
241.747,1,412.5,0.109234
242.613,1,412,0.109237
243.479,1,411.5,0.10924
244.345,1,411,0.109243
245.211,1,410.5,0.109246
246.077,1,410,0.10925
246.943,1,409.5,0.109253
247.809,1,409,0.109257
248.675,1,408.5,0.109261
249.541,1,408,0.109265
250.407,1,407.5,0.109269
251.273,1,407,0.109273
252.139,1,406.5,0.109277
253.005,1,406,0.109281
253.871,1,405.5,0.109285
254.737,1,405,0.10929
255.603,1,404.5,0.109294
256.469,1,404,0.109299
257.335,1,403.5,0.109303
258.201,1,403,0.109308
259.067,1,402.5,0.109312
259.933,1,402,0.109317
260.799,1,401.5,0.109324
261.665,1,401,0.109331
262.531,1,400.5,0.109338
263.397,1,400,0.109345
264.263,1,399.5,0.109352
265.13,1,399,0.10936
265.996,1,398.5,0.109367
266.862,1,398,0.109375
267.728,1,397.5,0.109383
268.594,1,397,0.109392
269.46,1,396.5,0.1094
270.326,1,396,0.109407
271.192,1,395.5,0.109415
272.058,1,395,0.109425
272.924,1,394.5,0.109434
273.79,1,394,0.109443
274.656,1,393.5,0.109453
275.522,1,393,0.109463
276.388,1,392.5,0.109472
277.254,1,392,0.10948
278.12,1,391.5,0.109489
278.986,1,391,0.109497
279.852,1,390.5,0.10951
280.718,1,390,0.109523
281.584,1,389.5,0.109536
282.45,1,389,0.109553
283.316,1,388.5,0.109572
284.182,1,388,0.109591
285.048,1,387.5,0.109611
285.914,1,387,0.109632
286.78,1,386.5,0.109655
287.646,1,386,0.109673
288.512,1,385.5,0.109688
289.378,1,385,0.109696
290.244,1,384.5,0.109704
291.11,1,384,0.109713
291.976,1,383.5,0.109721
292.842,1,383,0.109732
293.708,1,382.5,0.109749
294.574,1,382,0.109765
295.44,1,381.5,0.109781
296.306,1,381,0.109797
297.172,1,380.5,0.109812
298.038,1,380,0.10983
298.905,1,379.5,0.109841
299.771,1,379,0.109852
300.637,1,378.5,0.109862
301.503,1,378,0.109871
302.369,1,377.5,0.109879
303.235,1,377,0.109887
304.101,1,376.5,0.109901
304.967,1,376,0.10992
305.833,1,375.5,0.109938
306.699,1,375,0.109956
307.565,1,374.5,0.10997
308.431,1,374,0.109967
309.297,1,373.5,0.109953
310.163,1,373,0.109924
311.029,1,372.5,0.109895
311.895,1,372,0.109866
312.761,1,371.5,0.109838
313.627,1,371,0.10981
314.493,1,370.5,0.109779
315.359,1,370,0.109677
316.225,1,369.5,0.109569
317.091,1,369,0.109449
317.957,1,368.5,0.109301
318.823,1,368,0.109133
319.689,1,367.5,0.108945
320.555,1,367,0.108852
321.421,1,366.5,0.108806
322.287,1,366,0.108766
323.153,1,365.5,0.108733
324.019,1,365,0.108707
324.885,1,364.5,0.108688
325.751,1,364,0.10833
326.617,1,363.5,0.107429
327.483,1,363,0.10641
328.349,1,362.5,0.105273
329.215,1,362,0.104019
330.081,1,361.5,0.102647
330.947,1,361,0.101437
331.813,1,360.5,0.102758
332.679,1,360,0.10427
333.546,1,359.5,0.105973
334.412,1,359,0.107867
335.278,1,358.5,0.109953
336.144,1,358,0.111732
337.01,1,357.5,0.105027
337.876,1,357,0.0957398
338.742,1,356.5,0.0859104
339.608,1,356,0.0755392
340.474,1,355.5,0.0646262
341.34,1,355,0.0531714
342.206,1,354.5,0.0496726
343.072,1,354,0.0551816
343.938,1,353.5,0.0602157
344.804,1,353,0.0647749
345.67,1,352.5,0.0677612
346.536,1,352,0.0658405
347.402,1,351.5,0.0633096
348.268,1,351,0.0796947
349.134,1,350.5,0.0933653
350,1,350,0.104322
350.866,1,349.5,0.112563
351.732,1,349,0.118091
352.598,1,348.5,0.120904
353.464,1,348,0.109772
354.33,1,347.5,0.0989768
355.196,1,347,0.0977082
356.062,1,346.5,0.102375
356.928,1,346,0.106245
357.794,1,345.5,0.109321
358.66,1,345,0.110386
359.526,1,344.5,0.110662
360.392,1,344,0.111572
361.258,1,343.5,0.113117
362.124,1,343,0.115296
362.99,1,342.5,0.11811
363.856,1,342,0.1205
364.722,1,341.5,0.120517
365.588,1,341,0.121317
366.454,1,340.5,0.121937
367.321,1,340,0.122378
368.187,1,339.5,0.122639
369.053,1,339,0.12272
369.919,1,338.5,0.123157
370.785,1,338,0.123541
371.651,1,337.5,0.123815
372.517,1,337,0.123978
373.383,1,336.5,0.124031
374.249,1,336,0.124024
375.115,1,335.5,0.123709
375.981,1,335,0.123161
376.847,1,334.5,0.122608
377.713,1,334,0.122048
378.579,1,333.5,0.121483
379.445,1,333,0.120912
380.311,1,332.5,0.12034
381.177,1,332,0.119754
382.043,1,331.5,0.119126
382.909,1,331,0.118456
383.775,1,330.5,0.117865
384.641,1,330,0.117317
385.507,1,329.5,0.116772
386.373,1,329,0.116185
387.239,1,328.5,0.1156
388.105,1,328,0.115021
388.971,1,327.5,0.114448
389.837,1,327,0.113879
390.703,1,326.5,0.113317
391.569,1,326,0.112756
392.435,1,325.5,0.112203
393.301,1,325,0.111814
394.167,1,324.5,0.111482
395.033,1,324,0.111164
395.899,1,323.5,0.11086
396.765,1,323,0.110586
397.631,1,322.5,0.110357
398.497,1,322,0.110141
399.363,1,321.5,0.109939
400.229,1,321,0.109751
401.095,1,320.5,0.109576
401.962,1,320,0.109415
402.828,1,319.5,0.109318
403.694,1,319,0.109231
404.56,1,318.5,0.10915
405.426,1,318,0.109073
406.292,1,317.5,0.109001
407.158,1,317,0.108935
408.024,1,316.5,0.108895
408.89,1,316,0.108867
409.756,1,315.5,0.108841
410.622,1,315,0.108818
411.488,1,314.5,0.108797
412.354,1,314,0.108782
413.22,1,313.5,0.108773
414.086,1,313,0.10877
414.952,1,312.5,0.108768
415.818,1,312,0.108766
416.684,1,311.5,0.108765
417.55,1,311,0.108764
418.416,1,310.5,0.108765
419.282,1,310,0.108773
420.148,1,309.5,0.108781
421.014,1,309,0.10879
421.88,1,308.5,0.108794
422.746,1,308,0.108798
423.612,1,307.5,0.108802
424.478,1,307,0.108809
425.344,1,306.5,0.108816
426.21,1,306,0.108823
427.076,1,305.5,0.10883
427.942,1,305,0.108837
428.808,1,304.5,0.108844
429.674,1,304,0.108852
430.54,1,303.5,0.108861
431.406,1,303,0.108869
432.272,1,302.5,0.108878
433.138,1,302,0.108885
434.004,1,301.5,0.108893
434.87,1,301,0.1089
435.737,1,300.5,0.108909
436.603,1,300,0.108917
437.469,1,299.5,0.108925
438.335,1,299,0.108932
439.201,1,298.5,0.108939
440.067,1,298,0.108946
440.933,1,297.5,0.108951
441.799,1,297,0.108957
442.665,1,296.5,0.108962
443.531,1,296,0.108967
444.397,1,295.5,0.108972
445.263,1,295,0.108976
446.129,1,294.5,0.108981
446.995,1,294,0.108986
447.861,1,293.5,0.108991
448.727,1,293,0.108995
449.593,1,292.5,0.108999
450.459,1,292,0.109003
451.325,1,291.5,0.109007
452.191,1,291,0.109011
453.057,1,290.5,0.109015
453.923,1,290,0.109019
454.789,1,289.5,0.109022
455.655,1,289,0.109026
456.521,1,288.5,0.109029
457.387,1,288,0.109033
458.253,1,287.5,0.109036
459.119,1,287,0.109039
459.985,1,286.5,0.109041
460.851,1,286,0.109044
461.717,1,285.5,0.109046
462.583,1,285,0.109048
463.449,1,284.5,0.10905
464.315,1,284,0.109053
465.181,1,283.5,0.109055
466.047,1,283,0.109057
466.913,1,282.5,0.109059
467.779,1,282,0.109061
468.645,1,281.5,0.109063
469.512,1,281,0.109065
470.378,1,280.5,0.109066
471.244,1,280,0.109068
472.11,1,279.5,0.10907
472.976,1,279,0.109071
473.842,1,278.5,0.109073
474.708,1,278,0.109074
475.574,1,277.5,0.109076
476.44,1,277,0.109077
477.306,1,276.5,0.109079
478.172,1,276,0.10908
479.038,1,275.5,0.109081
479.904,1,275,0.109082
480.77,1,274.5,0.109083
481.636,1,274,0.109084
482.502,1,273.5,0.109086
483.368,1,273,0.109086
484.234,1,272.5,0.109087
485.1,1,272,0.109088
485.966,1,271.5,0.109089
486.832,1,271,0.10909
487.698,1,270.5,0.109091
488.564,1,270,0.109092
489.43,1,269.5,0.109093
490.296,1,269,0.109094
491.162,1,268.5,0.109094
492.028,1,268,0.109095
492.894,1,267.5,0.109096
493.76,1,267,0.109097
494.626,1,266.5,0.109097
495.492,1,266,0.109098
496.358,1,265.5,0.109099
497.224,1,265,0.109099
498.09,1,264.5,0.1091
498.956,1,264,0.109101
499.822,1,263.5,0.109101
500.688,1,263,0.109102
501.554,1,262.5,0.109102
502.42,1,262,0.109103
503.286,1,261.5,0.109103
504.153,1,261,0.109104
505.019,1,260.5,0.109104
505.885,1,260,0.109104
506.751,1,259.5,0.109105
507.617,1,259,0.109105
508.483,1,258.5,0.109106
509.349,1,258,0.109106
510.215,1,257.5,0.109107
511.081,1,257,0.109107
511.947,1,256.5,0.109107
512.813,1,256,0.109108
513.679,1,255.5,0.109108
514.545,1,255,0.109108
515.411,1,254.5,0.109109
516.277,1,254,0.109109
517.143,1,253.5,0.109109
518.009,1,253,0.10911
518.875,1,252.5,0.10911
519.741,1,252,0.10911
520.607,1,251.5,0.10911
521.473,1,251,0.109111
522.339,1,250.5,0.109111
523.205,1,250,0.109111
524.071,1,249.5,0.109112
524.937,1,249,0.109112
525.803,1,248.5,0.109112
526.669,1,248,0.109112
527.535,1,247.5,0.109112
528.401,1,247,0.109113
529.267,1,246.5,0.109113
530.133,1,246,0.109113
530.999,1,245.5,0.109113
531.865,1,245,0.109114
532.731,1,244.5,0.109114
533.597,1,244,0.109114
534.463,1,243.5,0.109114
535.329,1,243,0.109114
536.195,1,242.5,0.109114
537.061,1,242,0.109115
537.928,1,241.5,0.109115
538.794,1,241,0.109115
539.66,1,240.5,0.109115
540.526,1,240,0.109115
541.392,1,239.5,0.109115
542.258,1,239,0.109115
543.124,1,238.5,0.109116
543.99,1,238,0.109116
544.856,1,237.5,0.109116
545.722,1,237,0.109116
546.588,1,236.5,0.109116
547.454,1,236,0.109116
548.32,1,235.5,0.109116
549.186,1,235,0.109116
550.052,1,234.5,0.109116
550.918,1,234,0.109117
551.784,1,233.5,0.109117
552.65,1,233,0.109117
553.516,1,232.5,0.109117
554.382,1,232,0.109117
555.248,1,231.5,0.109117
556.114,1,231,0.109117
556.98,1,230.5,0.109117
557.846,1,230,0.109117
558.712,1,229.5,0.109117
559.578,1,229,0.109118
560.444,1,228.5,0.109118
561.31,1,228,0.109118
562.176,1,227.5,0.109118
563.042,1,227,0.109118
563.908,1,226.5,0.109118
564.774,1,226,0.109118
565.64,1,225.5,0.109118
566.506,1,225,0.109118
567.372,1,224.5,0.109118
568.238,1,224,0.109118
569.104,1,223.5,0.109118
569.97,1,223,0.109118
570.836,1,222.5,0.109118
571.703,1,222,0.109118
572.569,1,221.5,0.109118
573.435,1,221,0.109119
574.301,1,220.5,0.109119
575.167,1,220,0.109119
576.033,1,219.5,0.109119
576.899,1,219,0.109119
577.765,1,218.5,0.109119
578.631,1,218,0.109119
579.497,1,217.5,0.109119
580.363,1,217,0.109119
581.229,1,216.5,0.109119
582.095,1,216,0.109119
582.961,1,215.5,0.109119
583.827,1,215,0.109119
584.693,1,214.5,0.109119
585.559,1,214,0.109119
586.425,1,213.5,0.109119
587.291,1,213,0.109119
588.157,1,212.5,0.109119
589.023,1,212,0.109119
589.889,1,211.5,0.109119
590.755,1,211,0.109119
591.621,1,210.5,0.109119
592.487,1,210,0.109119
593.353,1,209.5,0.109119
594.219,1,209,0.109119
595.085,1,208.5,0.109119
595.951,1,208,0.109119
596.817,1,207.5,0.109119
597.683,1,207,0.109119
598.549,1,206.5,0.109119
599.415,1,206,0.109119
600.281,1,205.5,0.109119
601.147,1,205,0.109119
602.013,1,204.5,0.109119
602.879,1,204,0.109119
603.745,1,203.5,0.109119
604.611,1,203,0.109119
605.477,1,202.5,0.109119
606.344,1,202,0.109119
607.21,1,201.5,0.109119
608.076,1,201,0.109119
608.942,1,200.5,0.109119
609.808,1,200,0.10912
