x,y,z,b
90.1924,1,500,0.104839
91.0584,1,499.5,0.104806
91.9244,1,499,0.104771
92.7905,1,498.5,0.104737
93.6565,1,498,0.104702
94.5225,1,497.5,0.104667
95.3885,1,497,0.104632
96.2546,1,496.5,0.10459
97.1206,1,496,0.104544
97.9866,1,495.5,0.104498
98.8526,1,495,0.104451
99.7187,1,494.5,0.104405
100.585,1,494,0.104358
101.451,1,493.5,0.104307
102.317,1,493,0.10425
103.183,1,492.5,0.104193
104.049,1,492,0.104135
104.915,1,491.5,0.104078
105.781,1,491,0.10402
106.647,1,490.5,0.103961
107.513,1,490,0.1039
108.379,1,489.5,0.103839
109.245,1,489,0.103777
110.111,1,488.5,0.103715
110.977,1,488,0.103654
111.843,1,487.5,0.103592
112.709,1,487,0.103532
113.575,1,486.5,0.103473
114.441,1,486,0.103414
115.307,1,485.5,0.103354
116.173,1,485,0.103295
117.039,1,484.5,0.103236
117.905,1,484,0.103181
118.771,1,483.5,0.103131
119.637,1,483,0.103082
120.503,1,482.5,0.103033
121.369,1,482,0.102985
122.235,1,481.5,0.102936
123.101,1,481,0.102889
123.967,1,480.5,0.102854
124.833,1,480,0.10282
125.699,1,479.5,0.102786
126.565,1,479,0.102753
127.431,1,478.5,0.10272
128.297,1,478,0.102689
129.164,1,477.5,0.10267
130.03,1,477,0.102656
130.896,1,476.5,0.102643
131.762,1,476,0.10263
132.628,1,475.5,0.102619
133.494,1,475,0.102608
134.36,1,474.5,0.102607
135.226,1,474,0.102619
136.092,1,473.5,0.102632
136.958,1,473,0.102646
137.824,1,472.5,0.102664
138.69,1,472,0.102682
139.556,1,471.5,0.102705
140.422,1,471,0.102749
141.288,1,470.5,0.102795
142.154,1,470,0.102843
143.02,1,469.5,0.102892
143.886,1,469,0.102943
144.752,1,468.5,0.102997
145.618,1,468,0.103075
146.484,1,467.5,0.103162
147.35,1,467,0.103254
148.216,1,466.5,0.103348
149.082,1,466,0.103445
149.948,1,465.5,0.103544
150.814,1,465,0.103661
151.68,1,464.5,0.103797
152.546,1,464,0.103936
153.412,1,463.5,0.104079
154.278,1,463,0.104224
155.144,1,462.5,0.104372
156.01,1,462,0.104531
156.876,1,461.5,0.104725
157.742,1,461,0.104924
158.608,1,460.5,0.105126
159.474,1,460,0.105332
160.34,1,459.5,0.105542
161.206,1,459,0.105756
162.072,1,458.5,0.106002
162.939,1,458,0.106257
163.805,1,457.5,0.106517
164.671,1,457,0.10678
165.537,1,456.5,0.10705
166.403,1,456,0.107327
167.269,1,455.5,0.107627
168.135,1,455,0.107948
169.001,1,454.5,0.108273
169.867,1,454,0.108604
170.733,1,453.5,0.108939
171.599,1,453,0.109279
172.465,1,452.5,0.10963
173.331,1,452,0.110005
174.197,1,451.5,0.110385
175.063,1,451,0.110772
175.929,1,450.5,0.11117
176.795,1,450,0.111573
177.661,1,449.5,0.111981
178.527,1,449,0.112416
179.393,1,448.5,0.112858
180.259,1,448,0.113306
181.125,1,447.5,0.113759
181.991,1,447,0.114218
182.857,1,446.5,0.114683
183.723,1,446,0.115161
184.589,1,445.5,0.11565
185.455,1,445,0.116149
186.321,1,444.5,0.116654
187.187,1,444,0.117165
188.053,1,443.5,0.117683
188.919,1,443,0.118207
189.785,1,442.5,0.118742
190.651,1,442,0.119283
191.517,1,441.5,0.119831
192.383,1,441,0.120385
193.249,1,440.5,0.120946
194.115,1,440,0.121516
194.981,1,439.5,0.122096
195.847,1,439,0.122685
196.714,1,438.5,0.123282
197.58,1,438,0.123887
198.446,1,437.5,0.1245
199.312,1,437,0.125122
200.178,1,436.5,0.125753
201.044,1,436,0.126394
201.91,1,435.5,0.127045
202.776,1,435,0.127706
203.642,1,434.5,0.128381
204.508,1,434,0.129072
205.374,1,433.5,0.129779
206.24,1,433,0.130509
207.106,1,432.5,0.131255
207.972,1,432,0.132017
208.838,1,431.5,0.132796
209.704,1,431,0.133591
210.57,1,430.5,0.134402
211.436,1,430,0.135255
212.302,1,429.5,0.136126
213.168,1,429,0.137029
214.034,1,428.5,0.137964
214.9,1,428,0.138928
215.766,1,427.5,0.139919
216.632,1,427,0.140999
217.498,1,426.5,0.142145
218.364,1,426,0.143332
219.23,1,425.5,0.144562
220.096,1,425,0.145834
220.962,1,424.5,0.147147
221.828,1,424,0.148571
222.694,1,423.5,0.150222
223.56,1,423,0.15196
224.426,1,422.5,0.153746
225.292,1,422,0.155582
226.158,1,421.5,0.157466
227.024,1,421,0.15938
227.89,1,420.5,0.161117
228.756,1,420,0.162869
229.622,1,419.5,0.164637
230.488,1,419,0.166421
231.355,1,418.5,0.168221
232.221,1,418,0.169789
233.087,1,417.5,0.170795
233.953,1,417,0.171582
234.819,1,416.5,0.17227
235.685,1,416,0.17286
236.551,1,415.5,0.173351
237.417,1,415,0.173744
238.283,1,414.5,0.174009
239.149,1,414,0.174201
240.015,1,413.5,0.174377
240.881,1,413,0.174539
241.747,1,412.5,0.174538
242.613,1,412,0.174567
243.479,1,411.5,0.174705
244.345,1,411,0.175125
245.211,1,410.5,0.175655
246.077,1,410,0.176295
246.943,1,409.5,0.177045
247.809,1,409,0.177905
248.675,1,408.5,0.178875
249.541,1,408,0.179727
250.407,1,407.5,0.180573
251.273,1,407,0.181918
252.139,1,406.5,0.183279
253.005,1,406,0.184563
253.871,1,405.5,0.18577
254.737,1,405,0.18663
255.603,1,404.5,0.187128
256.469,1,404,0.187518
257.335,1,403.5,0.187798
258.201,1,403,0.187969
259.067,1,402.5,0.188031
259.933,1,402,0.188031
260.799,1,401.5,0.188389
261.665,1,401,0.188747
262.531,1,400.5,0.189081
263.397,1,400,0.189391
264.263,1,399.5,0.189676
265.13,1,399,0.189938
265.996,1,398.5,0.190285
266.862,1,398,0.190577
267.728,1,397.5,0.190797
268.594,1,397,0.190944
269.46,1,396.5,0.191019
270.326,1,396,0.191266
271.192,1,395.5,0.191637
272.058,1,395,0.192146
272.924,1,394.5,0.192591
273.79,1,394,0.192971
274.656,1,393.5,0.193287
275.522,1,393,0.193539
276.388,1,392.5,0.193685
277.254,1,392,0.193751
278.12,1,391.5,0.19393
278.986,1,391,0.19422
279.852,1,390.5,0.194552
280.718,1,390,0.194893
281.584,1,389.5,0.195241
282.45,1,389,0.195254
283.316,1,388.5,0.195339
284.182,1,388,0.195522
285.048,1,387.5,0.195803
285.914,1,387,0.196184
286.78,1,386.5,0.196662
287.646,1,386,0.197177
288.512,1,385.5,0.197717
289.378,1,385,0.198627
290.244,1,384.5,0.199475
291.11,1,384,0.200261
291.976,1,383.5,0.200984
292.842,1,383,0.201636
293.708,1,382.5,0.202153
294.574,1,382,0.202529
295.44,1,381.5,0.202764
296.306,1,381,0.202859
297.172,1,380.5,0.202813
298.038,1,380,0.202621
298.905,1,379.5,0.202962
299.771,1,379,0.203273
300.637,1,378.5,0.203548
301.503,1,378,0.203787
302.369,1,377.5,0.20399
303.235,1,377,0.204157
304.101,1,376.5,0.205233
304.967,1,376,0.206592
305.833,1,375.5,0.207756
306.699,1,375,0.208723
307.565,1,374.5,0.209628
308.431,1,374,0.210921
309.297,1,373.5,0.212964
310.163,1,373,0.216266
311.029,1,372.5,0.21941
311.895,1,372,0.222394
312.761,1,371.5,0.225221
313.627,1,371,0.227888
314.493,1,370.5,0.230382
315.359,1,370,0.232501
316.225,1,369.5,0.234662
317.091,1,369,0.236794
317.957,1,368.5,0.238734
318.823,1,368,0.240633
319.689,1,367.5,0.24249
320.555,1,367,0.243132
321.421,1,366.5,0.243593
322.287,1,366,0.244352
323.153,1,365.5,0.245408
324.019,1,365,0.246761
324.885,1,364.5,0.248411
325.751,1,364,0.249258
326.617,1,363.5,0.248574
327.483,1,363,0.247692
328.349,1,362.5,0.247145
329.215,1,362,0.246933
330.081,1,361.5,0.247055
330.947,1,361,0.246947
331.813,1,360.5,0.242216
332.679,1,360,0.237892
333.546,1,359.5,0.233974
334.412,1,359,0.230464
335.278,1,358.5,0.22736
336.144,1,358,0.224508
337.01,1,357.5,0.220547
337.876,1,357,0.215493
338.742,1,356.5,0.209586
339.608,1,356,0.202827
340.474,1,355.5,0.195214
341.34,1,355,0.186748
342.206,1,354.5,0.183054
343.072,1,354,0.185465
343.938,1,353.5,0.187929
344.804,1,353,0.190446
345.67,1,352.5,0.19356
346.536,1,352,0.196259
347.402,1,351.5,0.201557
348.268,1,351,0.225849
349.134,1,350.5,0.246792
350,1,350,0.264387
350.866,1,349.5,0.278633
351.732,1,349,0.289531
352.598,1,348.5,0.29708
353.464,1,348,0.286787
354.33,1,347.5,0.274338
355.196,1,347,0.266415
356.062,1,346.5,0.262029
356.928,1,346,0.257792
357.794,1,345.5,0.253706
358.66,1,345,0.25082
359.526,1,344.5,0.248944
360.392,1,344,0.247111
361.258,1,343.5,0.245321
362.124,1,343,0.243575
362.99,1,342.5,0.241872
363.856,1,342,0.2405
364.722,1,341.5,0.242135
365.588,1,341,0.244883
366.454,1,340.5,0.247383
367.321,1,340,0.249635
368.187,1,339.5,0.251639
369.053,1,339,0.253395
369.919,1,338.5,0.254455
370.785,1,338,0.255319
371.651,1,337.5,0.256044
372.517,1,337,0.256628
373.383,1,336.5,0.257073
374.249,1,336,0.256994
375.115,1,335.5,0.256876
375.981,1,335,0.256945
376.847,1,334.5,0.257165
377.713,1,334,0.257535
378.579,1,333.5,0.258054
379.445,1,333,0.258723
380.311,1,332.5,0.259315
381.177,1,332,0.259352
382.043,1,331.5,0.259405
382.909,1,331,0.259474
383.775,1,330.5,0.259682
384.641,1,330,0.260009
385.507,1,329.5,0.260416
386.373,1,329,0.261279
387.239,1,328.5,0.262228
388.105,1,328,0.263245
388.971,1,327.5,0.264331
389.837,1,327,0.265485
390.703,1,326.5,0.266707
391.569,1,326,0.269345
392.435,1,325.5,0.272752
393.301,1,325,0.275714
394.167,1,324.5,0.278278
395.033,1,324,0.280531
395.899,1,323.5,0.282475
396.765,1,323,0.284872
397.631,1,322.5,0.288514
398.497,1,322,0.291798
399.363,1,321.5,0.294725
400.229,1,321,0.297295
401.095,1,320.5,0.299507
401.962,1,320,0.301374
402.828,1,319.5,0.304426
403.694,1,319,0.307249
404.56,1,318.5,0.309826
405.426,1,318,0.312156
406.292,1,317.5,0.314239
407.158,1,317,0.316076
408.024,1,316.5,0.317464
408.89,1,316,0.319199
409.756,1,315.5,0.32149
410.622,1,315,0.324338
411.488,1,314.5,0.327743
412.354,1,314,0.330545
413.22,1,313.5,0.331524
414.086,1,313,0.329853
414.952,1,312.5,0.32856
415.818,1,312,0.327645
416.684,1,311.5,0.327109
417.55,1,311,0.326951
418.416,1,310.5,0.32668
419.282,1,310,0.319261
420.148,1,309.5,0.311287
421.014,1,309,0.302759
421.88,1,308.5,0.291674
422.746,1,308,0.278671
423.612,1,307.5,0.263795
424.478,1,307,0.239833
425.344,1,306.5,0.213478
426.21,1,306,0.187392
427.076,1,305.5,0.161577
427.942,1,305,0.136032
428.808,1,304.5,0.110757
429.674,1,304,0.0961205
430.54,1,303.5,0.096988
431.406,1,303,0.105063
432.272,1,302.5,0.113701
433.138,1,302,0.122903
434.004,1,301.5,0.132668
434.87,1,301,0.142766
435.737,1,300.5,0.151135
436.603,1,300,0.158966
437.469,1,299.5,0.166259
438.335,1,299,0.173014
439.201,1,298.5,0.17923
440.067,1,298,0.184868
440.933,1,297.5,0.185257
441.799,1,297,0.184324
442.665,1,296.5,0.183142
443.531,1,296,0.181711
444.397,1,295.5,0.18003
445.263,1,295,0.178099
446.129,1,294.5,0.174935
446.995,1,294,0.170605
447.861,1,293.5,0.166159
448.727,1,293,0.161598
449.593,1,292.5,0.156865
450.459,1,292,0.151767
451.325,1,291.5,0.146954
452.191,1,291,0.143571
453.057,1,290.5,0.140285
453.923,1,290,0.137096
454.789,1,289.5,0.134004
455.655,1,289,0.13101
456.521,1,288.5,0.128113
457.387,1,288,0.12671
458.253,1,287.5,0.125546
459.119,1,287,0.124393
459.985,1,286.5,0.123252
460.851,1,286,0.122103
461.717,1,285.5,0.120945
462.583,1,285,0.120033
463.449,1,284.5,0.119324
464.315,1,284,0.118607
465.181,1,283.5,0.117882
466.047,1,283,0.117149
466.913,1,282.5,0.116408
467.779,1,282,0.115742
468.645,1,281.5,0.115349
469.512,1,281,0.11495
470.378,1,280.5,0.114552
471.244,1,280,0.114156
472.11,1,279.5,0.113762
472.976,1,279,0.113368
473.842,1,278.5,0.113192
474.708,1,278,0.113033
475.574,1,277.5,0.112873
476.44,1,277,0.112712
477.306,1,276.5,0.112549
478.172,1,276,0.112386
479.038,1,275.5,0.112292
479.904,1,275,0.112242
480.77,1,274.5,0.11219
481.636,1,274,0.112137
482.502,1,273.5,0.112083
483.368,1,273,0.112027
484.234,1,272.5,0.111994
485.1,1,272,0.112016
485.966,1,271.5,0.112037
486.832,1,271,0.112057
487.698,1,270.5,0.112077
488.564,1,270,0.1121
489.43,1,269.5,0.112122
490.296,1,269,0.112175
491.162,1,268.5,0.112228
492.028,1,268,0.11228
492.894,1,267.5,0.11233
493.76,1,267,0.11238
494.626,1,266.5,0.112429
495.492,1,266,0.112478
496.358,1,265.5,0.112526
497.224,1,265,0.112576
498.09,1,264.5,0.112629
498.956,1,264,0.11268
499.822,1,263.5,0.11273
500.688,1,263,0.112775
501.554,1,262.5,0.112812
502.42,1,262,0.112848
503.286,1,261.5,0.112884
504.153,1,261,0.112918
505.019,1,260.5,0.112951
505.885,1,260,0.112983
506.751,1,259.5,0.113004
507.617,1,259,0.113026
508.483,1,258.5,0.113047
509.349,1,258,0.113067
510.215,1,257.5,0.113085
511.081,1,257,0.113103
511.947,1,256.5,0.113115
512.813,1,256,0.113125
513.679,1,255.5,0.113133
514.545,1,255,0.113139
515.411,1,254.5,0.113144
516.277,1,254,0.113149
517.143,1,253.5,0.113152
518.009,1,253,0.11315
518.875,1,252.5,0.113146
519.741,1,252,0.113141
520.607,1,251.5,0.113134
521.473,1,251,0.113125
522.339,1,250.5,0.113114
523.205,1,250,0.113096
524.071,1,249.5,0.113077
524.937,1,249,0.113056
525.803,1,248.5,0.113037
526.669,1,248,0.113018
527.535,1,247.5,0.112998
528.401,1,247,0.112971
529.267,1,246.5,0.112941
530.133,1,246,0.112909
530.999,1,245.5,0.112875
531.865,1,245,0.11284
532.731,1,244.5,0.112802
533.597,1,244,0.11276
534.463,1,243.5,0.112714
535.329,1,243,0.112676
536.195,1,242.5,0.11264
537.061,1,242,0.112603
537.928,1,241.5,0.112564
538.794,1,241,0.112522
539.66,1,240.5,0.112475
540.526,1,240,0.112427
541.392,1,239.5,0.112377
542.258,1,239,0.112326
543.124,1,238.5,0.112274
543.99,1,238,0.11222
544.856,1,237.5,0.112173
545.722,1,237,0.112126
546.588,1,236.5,0.112078
547.454,1,236,0.112028
548.32,1,235.5,0.111978
549.186,1,235,0.111926
550.052,1,234.5,0.11187
550.918,1,234,0.111811
551.784,1,233.5,0.111752
552.65,1,233,0.111692
553.516,1,232.5,0.111631
554.382,1,232,0.111581
555.248,1,231.5,0.11153
556.114,1,231,0.111473
556.98,1,230.5,0.111416
557.846,1,230,0.111359
558.712,1,229.5,0.111301
559.578,1,229,0.111244
560.444,1,228.5,0.111186
561.31,1,228,0.111123
562.176,1,227.5,0.11106
563.042,1,227,0.110997
563.908,1,226.5,0.110945
564.774,1,226,0.110893
565.64,1,225.5,0.110842
566.506,1,225,0.110787
567.372,1,224.5,0.110731
568.238,1,224,0.110675
569.104,1,223.5,0.110619
569.97,1,223,0.110564
570.836,1,222.5,0.110509
571.703,1,222,0.110452
572.569,1,221.5,0.110392
573.435,1,221,0.110341
574.301,1,220.5,0.110292
575.167,1,220,0.110243
576.033,1,219.5,0.110195
576.899,1,219,0.110147
577.765,1,218.5,0.110096
578.631,1,218,0.110046
579.497,1,217.5,0.109996
580.363,1,217,0.109948
581.229,1,216.5,0.1099
582.095,1,216,0.109854
582.961,1,215.5,0.109814
583.827,1,215,0.109774
584.693,1,214.5,0.109735
585.559,1,214,0.109696
586.425,1,213.5,0.109658
587.291,1,213,0.109621
588.157,1,212.5,0.109585
589.023,1,212,0.109549
589.889,1,211.5,0.109513
590.755,1,211,0.109479
591.621,1,210.5,0.109446
592.487,1,210,0.109417
593.353,1,209.5,0.10939
594.219,1,209,0.109363
595.085,1,208.5,0.109337
595.951,1,208,0.109312
596.817,1,207.5,0.109287
597.683,1,207,0.109262
598.549,1,206.5,0.109239
599.415,1,206,0.109216
600.281,1,205.5,0.109194
601.147,1,205,0.109173
602.013,1,204.5,0.109157
602.879,1,204,0.109141
603.745,1,203.5,0.109126
604.611,1,203,0.109111
605.477,1,202.5,0.109097
606.344,1,202,0.109083
607.21,1,201.5,0.10907
608.076,1,201,0.109058
608.942,1,200.5,0.109045
609.808,1,200,0.109034
