x,y,z,b
90.1924,1,500,0.104871
91.0584,1,499.5,0.104837
91.9244,1,499,0.104802
92.7905,1,498.5,0.104766
93.6565,1,498,0.104731
94.5225,1,497.5,0.104696
95.3885,1,497,0.10466
96.2546,1,496.5,0.104617
97.1206,1,496,0.104571
97.9866,1,495.5,0.104524
98.8526,1,495,0.104476
99.7187,1,494.5,0.104429
100.585,1,494,0.104381
101.451,1,493.5,0.10433
102.317,1,493,0.104272
103.183,1,492.5,0.104214
104.049,1,492,0.104156
104.915,1,491.5,0.104098
105.781,1,491,0.104039
106.647,1,490.5,0.10398
107.513,1,490,0.103917
108.379,1,489.5,0.103855
109.245,1,489,0.103792
110.111,1,488.5,0.103729
110.977,1,488,0.103667
111.843,1,487.5,0.103603
112.709,1,487,0.103542
113.575,1,486.5,0.103481
114.441,1,486,0.10342
115.307,1,485.5,0.103359
116.173,1,485,0.103298
117.039,1,484.5,0.103237
117.905,1,484,0.103179
118.771,1,483.5,0.103127
119.637,1,483,0.103075
120.503,1,482.5,0.103023
121.369,1,482,0.102971
122.235,1,481.5,0.10292
123.101,1,481,0.102869
123.967,1,480.5,0.102831
124.833,1,480,0.102792
125.699,1,479.5,0.102755
126.565,1,479,0.102718
127.431,1,478.5,0.102681
128.297,1,478,0.102646
129.164,1,477.5,0.102622
130.03,1,477,0.102603
130.896,1,476.5,0.102585
131.762,1,476,0.102568
132.628,1,475.5,0.102552
133.494,1,475,0.102536
134.36,1,474.5,0.10253
135.226,1,474,0.102536
136.092,1,473.5,0.102544
136.958,1,473,0.102553
137.824,1,472.5,0.102564
138.69,1,472,0.102577
139.556,1,471.5,0.102594
140.422,1,471,0.102632
141.288,1,470.5,0.102672
142.154,1,470,0.102713
143.02,1,469.5,0.102757
143.886,1,469,0.102802
144.752,1,468.5,0.102848
145.618,1,468,0.10292
146.484,1,467.5,0.103001
147.35,1,467,0.103086
148.216,1,466.5,0.103173
149.082,1,466,0.103263
149.948,1,465.5,0.103355
150.814,1,465,0.103465
151.68,1,464.5,0.103595
152.546,1,464,0.103727
153.412,1,463.5,0.103863
154.278,1,463,0.104001
155.144,1,462.5,0.104142
156.01,1,462,0.104294
156.876,1,461.5,0.104482
157.742,1,461,0.104674
158.608,1,460.5,0.10487
159.474,1,460,0.10507
160.34,1,459.5,0.105273
161.206,1,459,0.105481
162.072,1,458.5,0.105721
162.939,1,458,0.105971
163.805,1,457.5,0.106225
164.671,1,457,0.106483
165.537,1,456.5,0.106747
166.403,1,456,0.107019
167.269,1,455.5,0.107315
168.135,1,455,0.107632
169.001,1,454.5,0.107954
169.867,1,454,0.108281
170.733,1,453.5,0.108613
171.599,1,453,0.108949
172.465,1,452.5,0.109297
173.331,1,452,0.10967
174.197,1,451.5,0.110049
175.063,1,451,0.110435
175.929,1,450.5,0.110831
176.795,1,450,0.111233
177.661,1,449.5,0.111641
178.527,1,449,0.112077
179.393,1,448.5,0.11252
180.259,1,448,0.112969
181.125,1,447.5,0.113425
181.991,1,447,0.113886
182.857,1,446.5,0.114352
183.723,1,446,0.114833
184.589,1,445.5,0.115327
185.455,1,445,0.115831
186.321,1,444.5,0.116341
187.187,1,444,0.116857
188.053,1,443.5,0.11738
188.919,1,443,0.117911
189.785,1,442.5,0.118454
190.651,1,442,0.119003
191.517,1,441.5,0.119558
192.383,1,441,0.120121
193.249,1,440.5,0.12069
194.115,1,440,0.12127
194.981,1,439.5,0.121861
195.847,1,439,0.122461
196.714,1,438.5,0.123069
197.58,1,438,0.123686
198.446,1,437.5,0.124311
199.312,1,437,0.124945
200.178,1,436.5,0.125588
201.044,1,436,0.126243
201.91,1,435.5,0.126907
202.776,1,435,0.127582
203.642,1,434.5,0.128271
204.508,1,434,0.128977
205.374,1,433.5,0.129699
206.24,1,433,0.130444
207.106,1,432.5,0.131205
207.972,1,432,0.131982
208.838,1,431.5,0.132776
209.704,1,431,0.133586
210.57,1,430.5,0.134412
211.436,1,430,0.135279
212.302,1,429.5,0.136164
213.168,1,429,0.13708
214.034,1,428.5,0.138031
214.9,1,428,0.139011
215.766,1,427.5,0.140018
216.632,1,427,0.141115
217.498,1,426.5,0.142275
218.364,1,426,0.143478
219.23,1,425.5,0.144721
220.096,1,425,0.146007
220.962,1,424.5,0.147334
221.828,1,424,0.148769
222.694,1,423.5,0.150426
223.56,1,423,0.15217
224.426,1,422.5,0.153963
225.292,1,422,0.155804
226.158,1,421.5,0.157694
227.024,1,421,0.159613
227.89,1,420.5,0.161355
228.756,1,420,0.163113
229.622,1,419.5,0.164889
230.488,1,419,0.166681
231.355,1,418.5,0.168491
232.221,1,418,0.170069
233.087,1,417.5,0.17109
233.953,1,417,0.171893
234.819,1,416.5,0.172599
235.685,1,416,0.173208
236.551,1,415.5,0.17372
237.417,1,415,0.174134
238.283,1,414.5,0.17442
239.149,1,414,0.174626
240.015,1,413.5,0.174815
240.881,1,413,0.174985
241.747,1,412.5,0.174975
242.613,1,412,0.174986
243.479,1,411.5,0.175102
244.345,1,411,0.175496
245.211,1,410.5,0.175999
246.077,1,410,0.176613
246.943,1,409.5,0.177335
247.809,1,409,0.178168
248.675,1,408.5,0.17911
249.541,1,408,0.179938
250.407,1,407.5,0.180762
251.273,1,407,0.182096
252.139,1,406.5,0.183447
253.005,1,406,0.18472
253.871,1,405.5,0.185913
254.737,1,405,0.186761
255.603,1,404.5,0.18725
256.469,1,404,0.187629
257.335,1,403.5,0.187897
258.201,1,403,0.188055
259.067,1,402.5,0.188102
259.933,1,402,0.188086
260.799,1,401.5,0.188437
261.665,1,401,0.188787
262.531,1,400.5,0.189111
263.397,1,400,0.189409
264.263,1,399.5,0.18968
265.13,1,399,0.189925
265.996,1,398.5,0.190265
266.862,1,398,0.190549
267.728,1,397.5,0.190758
268.594,1,397,0.190892
269.46,1,396.5,0.190952
270.326,1,396,0.191205
271.192,1,395.5,0.191602
272.058,1,395,0.192145
272.924,1,394.5,0.192619
273.79,1,394,0.193024
274.656,1,393.5,0.193361
275.522,1,393,0.193628
276.388,1,392.5,0.193796
277.254,1,392,0.193913
278.12,1,391.5,0.194139
278.986,1,391,0.194473
279.852,1,390.5,0.194866
280.718,1,390,0.19526
281.584,1,389.5,0.195656
282.45,1,389,0.195715
283.316,1,388.5,0.195848
284.182,1,388,0.196083
285.048,1,387.5,0.196418
285.914,1,387,0.196855
286.78,1,386.5,0.197393
287.646,1,386,0.197943
288.512,1,385.5,0.198506
289.378,1,385,0.199432
290.244,1,384.5,0.200297
291.11,1,384,0.201099
291.976,1,383.5,0.20184
292.842,1,383,0.202502
293.708,1,382.5,0.203013
294.574,1,382,0.203386
295.44,1,381.5,0.20362
296.306,1,381,0.203716
297.172,1,380.5,0.203673
298.038,1,380,0.203479
298.905,1,379.5,0.203704
299.771,1,379,0.203928
300.637,1,378.5,0.204145
301.503,1,378,0.204357
302.369,1,377.5,0.204562
303.235,1,377,0.204761
304.101,1,376.5,0.205839
304.967,1,376,0.207174
305.833,1,375.5,0.208308
306.699,1,375,0.209241
307.565,1,374.5,0.210104
308.431,1,374,0.211349
309.297,1,373.5,0.213389
310.163,1,373,0.216733
311.029,1,372.5,0.21992
311.895,1,372,0.222949
312.761,1,371.5,0.225822
313.627,1,371,0.228537
314.493,1,370.5,0.23108
315.359,1,370,0.233237
316.225,1,369.5,0.235426
317.091,1,369,0.237568
317.957,1,368.5,0.239495
318.823,1,368,0.241382
319.689,1,367.5,0.24323
320.555,1,367,0.243919
321.421,1,366.5,0.244444
322.287,1,366,0.245258
323.153,1,365.5,0.246362
324.019,1,365,0.247756
324.885,1,364.5,0.24944
325.751,1,364,0.250336
326.617,1,363.5,0.249717
327.483,1,363,0.248885
328.349,1,362.5,0.248379
329.215,1,362,0.248198
330.081,1,361.5,0.248342
330.947,1,361,0.24824
331.813,1,360.5,0.24346
332.679,1,360,0.2391
333.546,1,359.5,0.235162
334.412,1,359,0.231644
335.278,1,358.5,0.228548
336.144,1,358,0.225698
337.01,1,357.5,0.22171
337.876,1,357,0.216606
338.742,1,356.5,0.210621
339.608,1,356,0.203756
340.474,1,355.5,0.196009
341.34,1,355,0.187382
342.206,1,354.5,0.183566
343.072,1,354,0.185946
343.938,1,353.5,0.188416
344.804,1,353,0.190976
345.67,1,352.5,0.194268
346.536,1,352,0.197376
347.402,1,351.5,0.203124
348.268,1,351,0.227343
349.134,1,350.5,0.248226
350,1,350,0.265772
350.866,1,349.5,0.279982
351.732,1,349,0.290855
352.598,1,348.5,0.298392
353.464,1,348,0.288376
354.33,1,347.5,0.276238
355.196,1,347,0.268403
356.062,1,346.5,0.263922
356.928,1,346,0.259595
357.794,1,345.5,0.255424
358.66,1,345,0.252473
359.526,1,344.5,0.250543
360.392,1,344,0.248655
361.258,1,343.5,0.246808
362.124,1,343,0.245003
362.99,1,342.5,0.243239
363.856,1,342,0.241796
364.722,1,341.5,0.243316
365.588,1,341,0.245935
366.454,1,340.5,0.248295
367.321,1,340,0.250395
368.187,1,339.5,0.252237
369.053,1,339,0.253821
369.919,1,338.5,0.254786
370.785,1,338,0.255563
371.651,1,337.5,0.256197
372.517,1,337,0.256689
373.383,1,336.5,0.257038
374.249,1,336,0.257045
375.115,1,335.5,0.25713
375.981,1,335,0.2574
376.847,1,334.5,0.257799
377.713,1,334,0.258328
378.579,1,333.5,0.258985
379.445,1,333,0.259772
380.311,1,332.5,0.260467
381.177,1,332,0.260611
382.043,1,331.5,0.260761
382.909,1,331,0.260917
383.775,1,330.5,0.26121
384.641,1,330,0.261628
385.507,1,329.5,0.262132
386.373,1,329,0.263211
387.239,1,328.5,0.264392
388.105,1,328,0.26565
388.971,1,327.5,0.266987
389.837,1,327,0.268401
390.703,1,326.5,0.269893
391.569,1,326,0.272852
392.435,1,325.5,0.27662
393.301,1,325,0.279773
394.167,1,324.5,0.282476
395.033,1,324,0.284869
395.899,1,323.5,0.286951
396.765,1,323,0.289381
397.631,1,322.5,0.292889
398.497,1,322,0.29611
399.363,1,321.5,0.299045
400.229,1,321,0.301695
401.095,1,320.5,0.304058
401.962,1,320,0.306145
402.828,1,319.5,0.308873
403.694,1,319,0.311447
404.56,1,318.5,0.313891
405.426,1,318,0.316205
406.292,1,317.5,0.31839
407.158,1,317,0.320445
408.024,1,316.5,0.321734
408.89,1,316,0.323187
409.756,1,315.5,0.325186
410.622,1,315,0.32773
411.488,1,314.5,0.330822
412.354,1,314,0.333388
413.22,1,313.5,0.334296
414.086,1,313,0.332525
414.952,1,312.5,0.331048
415.818,1,312,0.329866
416.684,1,311.5,0.328979
417.55,1,311,0.328387
418.416,1,310.5,0.327631
419.282,1,310,0.32019
420.148,1,309.5,0.312229
421.014,1,309,0.303748
421.88,1,308.5,0.292857
422.746,1,308,0.28018
423.612,1,307.5,0.265758
424.478,1,307,0.242329
425.344,1,306.5,0.216388
426.21,1,306,0.190582
427.076,1,305.5,0.164911
427.942,1,305,0.139375
428.808,1,304.5,0.113974
429.674,1,304,0.0991772
430.54,1,303.5,0.0999925
431.406,1,303,0.108017
432.272,1,302.5,0.116604
433.138,1,302,0.125755
434.004,1,301.5,0.135468
434.87,1,301,0.145472
435.737,1,300.5,0.153433
436.603,1,300,0.160833
437.469,1,299.5,0.167672
438.335,1,299,0.17395
439.201,1,298.5,0.179668
440.067,1,298,0.184787
440.933,1,297.5,0.184634
441.799,1,297,0.183154
442.665,1,296.5,0.181428
443.531,1,296,0.179453
444.397,1,295.5,0.17723
445.263,1,295,0.17476
446.129,1,294.5,0.171272
446.995,1,294,0.166851
447.861,1,293.5,0.162334
448.727,1,293,0.15772
449.593,1,292.5,0.152955
450.459,1,292,0.147867
451.325,1,291.5,0.143152
452.191,1,291,0.140116
453.057,1,290.5,0.137179
453.923,1,290,0.13434
454.789,1,289.5,0.131601
455.655,1,289,0.128961
456.521,1,288.5,0.12642
457.387,1,288,0.125184
458.253,1,287.5,0.124146
459.119,1,287,0.123108
459.985,1,286.5,0.122069
460.851,1,286,0.121015
461.717,1,285.5,0.119949
462.583,1,285,0.119105
463.449,1,284.5,0.11845
464.315,1,284,0.117789
465.181,1,283.5,0.117122
466.047,1,283,0.116448
466.913,1,282.5,0.115769
467.779,1,282,0.115166
468.645,1,281.5,0.114826
469.512,1,281,0.114483
470.378,1,280.5,0.114141
471.244,1,280,0.113801
472.11,1,279.5,0.113461
472.976,1,279,0.113122
473.842,1,278.5,0.112977
474.708,1,278,0.112847
475.574,1,277.5,0.112716
476.44,1,277,0.112583
477.306,1,276.5,0.112448
478.172,1,276,0.112313
479.038,1,275.5,0.112242
479.904,1,275,0.11221
480.77,1,274.5,0.112176
481.636,1,274,0.11214
482.502,1,273.5,0.112103
483.368,1,273,0.112064
484.234,1,272.5,0.112046
485.1,1,272,0.11208
485.966,1,271.5,0.112113
486.832,1,271,0.112145
487.698,1,270.5,0.112178
488.564,1,270,0.112213
489.43,1,269.5,0.112248
490.296,1,269,0.112303
491.162,1,268.5,0.112357
492.028,1,268,0.112411
492.894,1,267.5,0.112463
493.76,1,267,0.112514
494.626,1,266.5,0.112564
495.492,1,266,0.112613
496.358,1,265.5,0.112661
497.224,1,265,0.112711
498.09,1,264.5,0.112763
498.956,1,264,0.112814
499.822,1,263.5,0.112864
500.688,1,263,0.112907
501.554,1,262.5,0.11294
502.42,1,262,0.112971
503.286,1,261.5,0.113002
504.153,1,261,0.113032
505.019,1,260.5,0.113061
505.885,1,260,0.113089
506.751,1,259.5,0.113108
507.617,1,259,0.113128
508.483,1,258.5,0.113148
509.349,1,258,0.113166
510.215,1,257.5,0.113182
511.081,1,257,0.113198
511.947,1,256.5,0.113209
512.813,1,256,0.113216
513.679,1,255.5,0.113222
514.545,1,255,0.113226
515.411,1,254.5,0.113229
516.277,1,254,0.113232
517.143,1,253.5,0.113233
518.009,1,253,0.113228
518.875,1,252.5,0.113222
519.741,1,252,0.113215
520.607,1,251.5,0.113205
521.473,1,251,0.113194
522.339,1,250.5,0.11318
523.205,1,250,0.11316
524.071,1,249.5,0.113138
524.937,1,249,0.113114
525.803,1,248.5,0.113093
526.669,1,248,0.113072
527.535,1,247.5,0.113049
528.401,1,247,0.113019
529.267,1,246.5,0.112987
530.133,1,246,0.112953
530.999,1,245.5,0.112916
531.865,1,245,0.112878
532.731,1,244.5,0.112838
533.597,1,244,0.112793
534.463,1,243.5,0.112745
535.329,1,243,0.112705
536.195,1,242.5,0.112667
537.061,1,242,0.112628
537.928,1,241.5,0.112586
538.794,1,241,0.112543
539.66,1,240.5,0.112494
540.526,1,240,0.112443
541.392,1,239.5,0.112392
542.258,1,239,0.112339
543.124,1,238.5,0.112285
543.99,1,238,0.112229
544.856,1,237.5,0.11218
545.722,1,237,0.112131
546.588,1,236.5,0.112081
547.454,1,236,0.11203
548.32,1,235.5,0.111978
549.186,1,235,0.111924
550.052,1,234.5,0.111867
550.918,1,234,0.111807
551.784,1,233.5,0.111746
552.65,1,233,0.111684
553.516,1,232.5,0.111623
554.382,1,232,0.111571
555.248,1,231.5,0.111518
556.114,1,231,0.11146
556.98,1,230.5,0.111401
557.846,1,230,0.111343
558.712,1,229.5,0.111284
559.578,1,229,0.111226
560.444,1,228.5,0.111167
561.31,1,228,0.111104
562.176,1,227.5,0.11104
563.042,1,227,0.110976
563.908,1,226.5,0.110923
564.774,1,226,0.110871
565.64,1,225.5,0.11082
566.506,1,225,0.110765
567.372,1,224.5,0.110709
568.238,1,224,0.110653
569.104,1,223.5,0.110597
569.97,1,223,0.110541
570.836,1,222.5,0.110486
571.703,1,222,0.11043
572.569,1,221.5,0.110369
573.435,1,221,0.110319
574.301,1,220.5,0.110269
575.167,1,220,0.110221
576.033,1,219.5,0.110172
576.899,1,219,0.110125
577.765,1,218.5,0.110075
578.631,1,218,0.110025
579.497,1,217.5,0.109977
580.363,1,217,0.109929
581.229,1,216.5,0.109882
582.095,1,216,0.109836
582.961,1,215.5,0.109797
583.827,1,215,0.109758
584.693,1,214.5,0.10972
585.559,1,214,0.109682
586.425,1,213.5,0.109645
587.291,1,213,0.109609
588.157,1,212.5,0.109573
589.023,1,212,0.109538
589.889,1,211.5,0.109504
590.755,1,211,0.10947
591.621,1,210.5,0.109438
592.487,1,210,0.109411
593.353,1,209.5,0.109384
594.219,1,209,0.109358
595.085,1,208.5,0.109333
595.951,1,208,0.109308
596.817,1,207.5,0.109284
597.683,1,207,0.10926
598.549,1,206.5,0.109237
599.415,1,206,0.109215
600.281,1,205.5,0.109193
601.147,1,205,0.109173
602.013,1,204.5,0.109158
602.879,1,204,0.109143
603.745,1,203.5,0.109128
604.611,1,203,0.109114
605.477,1,202.5,0.1091
606.344,1,202,0.109087
607.21,1,201.5,0.109075
608.076,1,201,0.109063
608.942,1,200.5,0.109051
609.808,1,200,0.10904
