x,y,z,b
90.1924,1,500,0.108176
91.0584,1,499.5,0.108164
91.9244,1,499,0.108152
92.7905,1,498.5,0.10814
93.6565,1,498,0.108128
94.5225,1,497.5,0.108116
95.3885,1,497,0.108103
96.2546,1,496.5,0.108089
97.1206,1,496,0.108073
97.9866,1,495.5,0.108057
98.8526,1,495,0.108041
99.7187,1,494.5,0.108025
100.585,1,494,0.108009
101.451,1,493.5,0.107991
102.317,1,493,0.107972
103.183,1,492.5,0.107952
104.049,1,492,0.107931
104.915,1,491.5,0.107911
105.781,1,491,0.10789
106.647,1,490.5,0.10787
107.513,1,490,0.107846
108.379,1,489.5,0.107821
109.245,1,489,0.107797
110.111,1,488.5,0.107773
110.977,1,488,0.107748
111.843,1,487.5,0.107723
112.709,1,487,0.107696
113.575,1,486.5,0.107667
114.441,1,486,0.107639
115.307,1,485.5,0.10761
116.173,1,485,0.10758
117.039,1,484.5,0.107551
117.905,1,484,0.10752
118.771,1,483.5,0.107487
119.637,1,483,0.107454
120.503,1,482.5,0.107421
121.369,1,482,0.107387
122.235,1,481.5,0.107353
123.101,1,481,0.107319
123.967,1,480.5,0.107281
124.833,1,480,0.107242
125.699,1,479.5,0.107204
126.565,1,479,0.107164
127.431,1,478.5,0.107125
128.297,1,478,0.107085
129.164,1,477.5,0.107042
130.03,1,477,0.106998
130.896,1,476.5,0.106953
131.762,1,476,0.106908
132.628,1,475.5,0.106862
133.494,1,475,0.106816
134.36,1,474.5,0.106768
135.226,1,474,0.106716
136.092,1,473.5,0.106663
136.958,1,473,0.106611
137.824,1,472.5,0.106557
138.69,1,472,0.106504
139.556,1,471.5,0.106449
140.422,1,471,0.106388
141.288,1,470.5,0.106328
142.154,1,470,0.106266
143.02,1,469.5,0.106204
143.886,1,469,0.106142
144.752,1,468.5,0.106079
145.618,1,468,0.10601
146.484,1,467.5,0.105939
147.35,1,467,0.105867
148.216,1,466.5,0.105794
149.082,1,466,0.105721
149.948,1,465.5,0.105647
150.814,1,465,0.105568
151.68,1,464.5,0.105485
152.546,1,464,0.105401
153.412,1,463.5,0.105317
154.278,1,463,0.105231
155.144,1,462.5,0.105145
156.01,1,462,0.105056
156.876,1,461.5,0.104959
157.742,1,461,0.10486
158.608,1,460.5,0.104761
159.474,1,460,0.10466
160.34,1,459.5,0.104558
161.206,1,459,0.104456
162.072,1,458.5,0.104343
162.939,1,458,0.104228
163.805,1,457.5,0.104112
164.671,1,457,0.103995
165.537,1,456.5,0.103877
166.403,1,456,0.103757
167.269,1,455.5,0.103629
168.135,1,455,0.103494
169.001,1,454.5,0.103358
169.867,1,454,0.10322
170.733,1,453.5,0.10308
171.599,1,453,0.102939
172.465,1,452.5,0.102794
173.331,1,452,0.102639
174.197,1,451.5,0.102481
175.063,1,451,0.102322
175.929,1,450.5,0.102161
176.795,1,450,0.101998
177.661,1,449.5,0.101834
178.527,1,449,0.101652
179.393,1,448.5,0.101467
180.259,1,448,0.10128
181.125,1,447.5,0.10109
181.991,1,447,0.100899
182.857,1,446.5,0.100706
183.723,1,446,0.100502
184.589,1,445.5,0.10029
185.455,1,445,0.100075
186.321,1,444.5,0.0998578
187.187,1,444,0.0996378
188.053,1,443.5,0.0994154
188.919,1,443,0.0991865
189.785,1,442.5,0.098945
190.651,1,442,0.0987008
191.517,1,441.5,0.0984541
192.383,1,441,0.0982048
193.249,1,440.5,0.0979528
194.115,1,440,0.0976972
194.981,1,439.5,0.097429
195.847,1,439,0.0971576
196.714,1,438.5,0.0968833
197.58,1,438,0.0966061
198.446,1,437.5,0.0963259
199.312,1,437,0.0960429
200.178,1,436.5,0.0957574
201.044,1,436,0.0954696
201.91,1,435.5,0.0951792
202.776,1,435,0.0948863
203.642,1,434.5,0.0945898
204.508,1,434,0.0942898
205.374,1,433.5,0.0939934
206.24,1,433,0.0937068
207.106,1,432.5,0.0934184
207.972,1,432,0.0931282
208.838,1,431.5,0.0928363
209.704,1,431,0.0925425
210.57,1,430.5,0.0922493
211.436,1,430,0.0920512
212.302,1,429.5,0.0918619
213.168,1,429,0.091706
214.034,1,428.5,0.0915868
214.9,1,428,0.0914906
215.766,1,427.5,0.0914172
216.632,1,427,0.0915068
217.498,1,426.5,0.0916832
218.364,1,426,0.0918912
219.23,1,425.5,0.0921307
220.096,1,425,0.0924018
220.962,1,424.5,0.0927044
221.828,1,424,0.0931691
222.694,1,423.5,0.0940599
223.56,1,423,0.0951458
224.426,1,422.5,0.0963425
225.292,1,422,0.0976499
226.158,1,421.5,0.0990681
227.024,1,421,0.10062
227.89,1,420.5,0.102535
228.756,1,420,0.104563
229.622,1,419.5,0.106704
230.488,1,419,0.108958
231.355,1,418.5,0.111324
232.221,1,418,0.114496
233.087,1,417.5,0.117951
233.953,1,417,0.121416
234.819,1,416.5,0.124926
235.685,1,416,0.128479
236.551,1,415.5,0.132075
237.417,1,415,0.135716
238.283,1,414.5,0.139006
239.149,1,414,0.14177
240.015,1,413.5,0.144448
240.881,1,413,0.14704
241.747,1,412.5,0.149758
242.613,1,412,0.152346
243.479,1,411.5,0.154694
244.345,1,411,0.156628
245.211,1,410.5,0.158395
246.077,1,410,0.159997
246.943,1,409.5,0.161432
247.809,1,409,0.162701
248.675,1,408.5,0.163805
249.541,1,408,0.16512
250.407,1,407.5,0.166436
251.273,1,407,0.167085
252.139,1,406.5,0.16763
253.005,1,406,0.168184
253.871,1,405.5,0.16875
254.737,1,405,0.169723
255.603,1,404.5,0.171179
256.469,1,404,0.172764
257.335,1,403.5,0.174478
258.201,1,403,0.17632
259.067,1,402.5,0.178291
259.933,1,402,0.180478
260.799,1,401.5,0.182057
261.665,1,401,0.183691
262.531,1,400.5,0.185497
263.397,1,400,0.187473
264.263,1,399.5,0.189621
265.13,1,399,0.19194
265.996,1,398.5,0.194344
266.862,1,398,0.196995
267.728,1,397.5,0.199912
268.594,1,397,0.203094
269.46,1,396.5,0.206541
270.326,1,396,0.209636
271.192,1,395.5,0.212887
272.058,1,395,0.216136
272.924,1,394.5,0.219207
273.79,1,394,0.222098
274.656,1,393.5,0.22481
275.522,1,393,0.227342
276.388,1,392.5,0.229329
277.254,1,392,0.230028
278.12,1,391.5,0.23053
278.986,1,391,0.230875
279.852,1,390.5,0.232506
280.718,1,390,0.234518
281.584,1,389.5,0.236912
282.45,1,389,0.240516
283.316,1,388.5,0.244799
284.182,1,388,0.24971
285.048,1,387.5,0.25525
285.914,1,387,0.261419
286.78,1,386.5,0.268217
287.646,1,386,0.275847
288.512,1,385.5,0.283792
289.378,1,385,0.290468
290.244,1,384.5,0.296407
291.11,1,384,0.301609
291.976,1,383.5,0.306074
292.842,1,383,0.309249
293.708,1,382.5,0.310756
294.574,1,382,0.312032
295.44,1,381.5,0.313078
296.306,1,381,0.313892
297.172,1,380.5,0.314474
298.038,1,380,0.314783
298.905,1,379.5,0.314844
299.771,1,379,0.314926
300.637,1,378.5,0.315028
301.503,1,378,0.31515
302.369,1,377.5,0.315292
303.235,1,377,0.315455
304.101,1,376.5,0.315734
304.967,1,376,0.316116
305.833,1,375.5,0.316562
306.699,1,375,0.317072
307.565,1,374.5,0.31766
308.431,1,374,0.318302
309.297,1,373.5,0.317306
310.163,1,373,0.313734
311.029,1,372.5,0.310582
311.895,1,372,0.307851
312.761,1,371.5,0.305542
313.627,1,371,0.303653
314.493,1,370.5,0.301596
315.359,1,370,0.287575
316.225,1,369.5,0.273683
317.091,1,369,0.259981
317.957,1,368.5,0.246889
318.823,1,368,0.234429
319.689,1,367.5,0.2226
320.555,1,367,0.217917
321.421,1,366.5,0.214944
322.287,1,366,0.211084
323.153,1,365.5,0.206338
324.019,1,365,0.200704
324.885,1,364.5,0.194182
325.751,1,364,0.19231
326.617,1,363.5,0.197991
327.483,1,363,0.203546
328.349,1,362.5,0.208538
329.215,1,362,0.212968
330.081,1,361.5,0.216835
330.947,1,361,0.22006
331.813,1,360.5,0.22256
332.679,1,360,0.225494
333.546,1,359.5,0.228861
334.412,1,359,0.232661
335.278,1,358.5,0.236895
336.144,1,358,0.241196
337.01,1,357.5,0.242419
337.876,1,357,0.243179
338.742,1,356.5,0.244241
339.608,1,356,0.245606
340.474,1,355.5,0.247275
341.34,1,355,0.249246
342.206,1,354.5,0.252409
343.072,1,354,0.257811
343.938,1,353.5,0.264797
344.804,1,353,0.273365
345.67,1,352.5,0.280264
346.536,1,352,0.28332
347.402,1,351.5,0.286171
348.268,1,351,0.289034
349.134,1,350.5,0.287103
350,1,350,0.280379
350.866,1,349.5,0.268861
351.732,1,349,0.252549
352.598,1,348.5,0.231443
353.464,1,348,0.195383
354.33,1,347.5,0.161054
355.196,1,347,0.138857
356.062,1,346.5,0.124487
356.928,1,346,0.110042
357.794,1,345.5,0.0955224
358.66,1,345,0.0926131
359.526,1,344.5,0.0996826
360.392,1,344,0.106155
361.258,1,343.5,0.112029
362.124,1,343,0.117305
362.99,1,342.5,0.121985
363.856,1,342,0.125775
364.722,1,341.5,0.129057
365.588,1,341,0.132431
366.454,1,340.5,0.135188
367.321,1,340,0.137327
368.187,1,339.5,0.138848
369.053,1,339,0.139751
369.919,1,338.5,0.140155
370.785,1,338,0.140429
371.651,1,337.5,0.140588
372.517,1,337,0.140629
373.383,1,336.5,0.140554
374.249,1,336,0.140457
375.115,1,335.5,0.13988
375.981,1,335,0.138969
376.847,1,334.5,0.138019
377.713,1,334,0.137031
378.579,1,333.5,0.136004
379.445,1,333,0.134939
380.311,1,332.5,0.13382
381.177,1,332,0.132674
382.043,1,331.5,0.131569
382.909,1,331,0.130505
383.775,1,330.5,0.129481
384.641,1,330,0.128479
385.507,1,329.5,0.127495
386.373,1,329,0.126674
387.239,1,328.5,0.125904
388.105,1,328,0.125176
388.971,1,327.5,0.124492
389.837,1,327,0.123852
390.703,1,326.5,0.123255
391.569,1,326,0.122738
392.435,1,325.5,0.12228
393.301,1,325,0.121858
394.167,1,324.5,0.121465
395.033,1,324,0.121099
395.899,1,323.5,0.120762
396.765,1,323,0.120449
397.631,1,322.5,0.12015
398.497,1,322,0.119871
399.363,1,321.5,0.119611
400.229,1,321,0.119372
401.095,1,320.5,0.119153
401.962,1,320,0.118955
402.828,1,319.5,0.118856
403.694,1,319,0.118759
404.56,1,318.5,0.118666
405.426,1,318,0.118578
406.292,1,317.5,0.118494
407.158,1,317,0.118414
408.024,1,316.5,0.118408
408.89,1,316,0.118435
409.756,1,315.5,0.118461
410.622,1,315,0.118488
411.488,1,314.5,0.118515
412.354,1,314,0.118543
413.22,1,313.5,0.118598
414.086,1,313,0.118698
414.952,1,312.5,0.118792
415.818,1,312,0.11888
416.684,1,311.5,0.118964
417.55,1,311,0.119042
418.416,1,310.5,0.119117
419.282,1,310,0.119223
420.148,1,309.5,0.119324
421.014,1,309,0.11942
421.88,1,308.5,0.119515
422.746,1,308,0.119605
423.612,1,307.5,0.11969
424.478,1,307,0.119779
425.344,1,306.5,0.119867
426.21,1,306,0.119952
427.076,1,305.5,0.120033
427.942,1,305,0.120112
428.808,1,304.5,0.120188
429.674,1,304,0.120257
430.54,1,303.5,0.120321
431.406,1,303,0.120387
432.272,1,302.5,0.120449
433.138,1,302,0.120509
434.004,1,301.5,0.120566
434.87,1,301,0.120619
435.737,1,300.5,0.120657
436.603,1,300,0.120693
437.469,1,299.5,0.120727
438.335,1,299,0.120759
439.201,1,298.5,0.120789
440.067,1,298,0.120818
440.933,1,297.5,0.120833
441.799,1,297,0.120843
442.665,1,296.5,0.120851
443.531,1,296,0.120857
444.397,1,295.5,0.120861
445.263,1,295,0.120863
446.129,1,294.5,0.120854
446.995,1,294,0.120833
447.861,1,293.5,0.120811
448.727,1,293,0.120787
449.593,1,292.5,0.120762
450.459,1,292,0.120737
451.325,1,291.5,0.120707
452.191,1,291,0.12066
453.057,1,290.5,0.120612
453.923,1,290,0.120562
454.789,1,289.5,0.12051
455.655,1,289,0.120457
456.521,1,288.5,0.120403
457.387,1,288,0.120332
458.253,1,287.5,0.120258
459.119,1,287,0.120183
459.985,1,286.5,0.120109
460.851,1,286,0.120034
461.717,1,285.5,0.119956
462.583,1,285,0.119869
463.449,1,284.5,0.119773
464.315,1,284,0.119676
465.181,1,283.5,0.119577
466.047,1,283,0.119476
466.913,1,282.5,0.119375
467.779,1,282,0.119268
468.645,1,281.5,0.119149
469.512,1,281,0.119036
470.378,1,280.5,0.118921
471.244,1,280,0.118806
472.11,1,279.5,0.118689
472.976,1,279,0.11857
473.842,1,278.5,0.118439
474.708,1,278,0.118307
475.574,1,277.5,0.118173
476.44,1,277,0.118039
477.306,1,276.5,0.117903
478.172,1,276,0.117774
479.038,1,275.5,0.11765
479.904,1,275,0.117521
480.77,1,274.5,0.117392
481.636,1,274,0.117264
482.502,1,273.5,0.117135
483.368,1,273,0.117006
484.234,1,272.5,0.116874
485.1,1,272,0.116734
485.966,1,271.5,0.116594
486.832,1,271,0.116454
487.698,1,270.5,0.116323
488.564,1,270,0.116203
489.43,1,269.5,0.116084
490.296,1,269,0.115957
491.162,1,268.5,0.11583
492.028,1,268,0.115704
492.894,1,267.5,0.115578
493.76,1,267,0.115454
494.626,1,266.5,0.11533
495.492,1,266,0.115204
496.358,1,265.5,0.115077
497.224,1,265,0.114956
498.09,1,264.5,0.114843
498.956,1,264,0.11473
499.822,1,263.5,0.114618
500.688,1,263,0.114505
501.554,1,262.5,0.11439
502.42,1,262,0.114276
503.286,1,261.5,0.114163
504.153,1,261,0.114051
505.019,1,260.5,0.113941
505.885,1,260,0.113832
506.751,1,259.5,0.113726
507.617,1,259,0.113626
508.483,1,258.5,0.113528
509.349,1,258,0.11343
510.215,1,257.5,0.113334
511.081,1,257,0.11324
511.947,1,256.5,0.113144
512.813,1,256,0.113049
513.679,1,255.5,0.112955
514.545,1,255,0.112862
515.411,1,254.5,0.112771
516.277,1,254,0.112686
517.143,1,253.5,0.112604
518.009,1,253,0.112522
518.875,1,252.5,0.112442
519.741,1,252,0.112362
520.607,1,251.5,0.112284
521.473,1,251,0.112207
522.339,1,250.5,0.11213
523.205,1,250,0.112054
524.071,1,249.5,0.111978
524.937,1,249,0.111903
525.803,1,248.5,0.111835
526.669,1,248,0.111769
527.535,1,247.5,0.111705
528.401,1,247,0.111641
529.267,1,246.5,0.111577
530.133,1,246,0.111515
530.999,1,245.5,0.111453
531.865,1,245,0.111392
532.731,1,244.5,0.111331
533.597,1,244,0.111271
534.463,1,243.5,0.111212
535.329,1,243,0.111156
536.195,1,242.5,0.111102
537.061,1,242,0.111049
537.928,1,241.5,0.110997
538.794,1,241,0.110945
539.66,1,240.5,0.110892
540.526,1,240,0.110841
541.392,1,239.5,0.11079
542.258,1,239,0.11074
543.124,1,238.5,0.11069
543.99,1,238,0.110642
544.856,1,237.5,0.110597
545.722,1,237,0.110554
546.588,1,236.5,0.110512
547.454,1,236,0.11047
548.32,1,235.5,0.110429
549.186,1,235,0.110388
550.052,1,234.5,0.110348
550.918,1,234,0.110308
551.784,1,233.5,0.110269
552.65,1,233,0.11023
553.516,1,232.5,0.110191
554.382,1,232,0.110157
555.248,1,231.5,0.110125
556.114,1,231,0.110092
556.98,1,230.5,0.110061
557.846,1,230,0.11003
558.712,1,229.5,0.109999
559.578,1,229,0.109969
560.444,1,228.5,0.10994
561.31,1,228,0.109911
562.176,1,227.5,0.109883
563.042,1,227,0.109855
563.908,1,226.5,0.10983
564.774,1,226,0.109806
565.64,1,225.5,0.109782
566.506,1,225,0.109758
567.372,1,224.5,0.109735
568.238,1,224,0.109712
569.104,1,223.5,0.10969
569.97,1,223,0.109668
570.836,1,222.5,0.109647
571.703,1,222,0.109626
572.569,1,221.5,0.109605
573.435,1,221,0.109587
574.301,1,220.5,0.10957
575.167,1,220,0.109552
576.033,1,219.5,0.109535
576.899,1,219,0.109518
577.765,1,218.5,0.109502
578.631,1,218,0.109487
579.497,1,217.5,0.109471
580.363,1,217,0.109456
581.229,1,216.5,0.109441
582.095,1,216,0.109427
582.961,1,215.5,0.109415
583.827,1,215,0.109402
584.693,1,214.5,0.10939
585.559,1,214,0.109379
586.425,1,213.5,0.109367
587.291,1,213,0.109356
588.157,1,212.5,0.109346
589.023,1,212,0.109335
589.889,1,211.5,0.109326
590.755,1,211,0.109316
591.621,1,210.5,0.109307
592.487,1,210,0.109299
593.353,1,209.5,0.109292
594.219,1,209,0.109285
595.085,1,208.5,0.109279
595.951,1,208,0.109272
596.817,1,207.5,0.109266
597.683,1,207,0.10926
598.549,1,206.5,0.109254
599.415,1,206,0.109249
600.281,1,205.5,0.109243
601.147,1,205,0.109238
602.013,1,204.5,0.109234
602.879,1,204,0.109229
603.745,1,203.5,0.109225
604.611,1,203,0.109221
605.477,1,202.5,0.109217
606.344,1,202,0.109214
607.21,1,201.5,0.109211
608.076,1,201,0.109208
608.942,1,200.5,0.109205
609.808,1,200,0.109202
