x,y,z,b
90.1924,1,500,0.109154
91.0584,1,499.5,0.109154
91.9244,1,499,0.109154
92.7905,1,498.5,0.109154
93.6565,1,498,0.109154
94.5225,1,497.5,0.109154
95.3885,1,497,0.109154
96.2546,1,496.5,0.109154
97.1206,1,496,0.109154
97.9866,1,495.5,0.109154
98.8526,1,495,0.109154
99.7187,1,494.5,0.109154
100.585,1,494,0.109154
101.451,1,493.5,0.109154
102.317,1,493,0.109154
103.183,1,492.5,0.109154
104.049,1,492,0.109154
104.915,1,491.5,0.109154
105.781,1,491,0.109154
106.647,1,490.5,0.109154
107.513,1,490,0.109154
108.379,1,489.5,0.109154
109.245,1,489,0.109153
110.111,1,488.5,0.109153
110.977,1,488,0.109153
111.843,1,487.5,0.109153
112.709,1,487,0.109153
113.575,1,486.5,0.109153
114.441,1,486,0.109152
115.307,1,485.5,0.109152
116.173,1,485,0.109152
117.039,1,484.5,0.109152
117.905,1,484,0.109151
118.771,1,483.5,0.109151
119.637,1,483,0.109151
120.503,1,482.5,0.10915
121.369,1,482,0.10915
122.235,1,481.5,0.10915
123.101,1,481,0.10915
123.967,1,480.5,0.109149
124.833,1,480,0.109149
125.699,1,479.5,0.109148
126.565,1,479,0.109148
127.431,1,478.5,0.109147
128.297,1,478,0.109147
129.164,1,477.5,0.109147
130.03,1,477,0.109146
130.896,1,476.5,0.109145
131.762,1,476,0.109145
132.628,1,475.5,0.109144
133.494,1,475,0.109144
134.36,1,474.5,0.109143
135.226,1,474,0.109142
136.092,1,473.5,0.109142
136.958,1,473,0.109141
137.824,1,472.5,0.10914
138.69,1,472,0.109139
139.556,1,471.5,0.109139
140.422,1,471,0.109138
141.288,1,470.5,0.109137
142.154,1,470,0.109136
143.02,1,469.5,0.109135
143.886,1,469,0.109134
144.752,1,468.5,0.109133
145.618,1,468,0.109132
146.484,1,467.5,0.109131
147.35,1,467,0.10913
148.216,1,466.5,0.109129
149.082,1,466,0.109128
149.948,1,465.5,0.109126
150.814,1,465,0.109125
151.68,1,464.5,0.109124
152.546,1,464,0.109122
153.412,1,463.5,0.109121
154.278,1,463,0.109119
155.144,1,462.5,0.109118
156.01,1,462,0.109116
156.876,1,461.5,0.109114
157.742,1,461,0.109113
158.608,1,460.5,0.109111
159.474,1,460,0.109109
160.34,1,459.5,0.109107
161.206,1,459,0.109105
162.072,1,458.5,0.109103
162.939,1,458,0.109101
163.805,1,457.5,0.109099
164.671,1,457,0.109097
165.537,1,456.5,0.109094
166.403,1,456,0.109092
167.269,1,455.5,0.109089
168.135,1,455,0.109087
169.001,1,454.5,0.109084
169.867,1,454,0.109081
170.733,1,453.5,0.109078
171.599,1,453,0.109075
172.465,1,452.5,0.109072
173.331,1,452,0.109069
174.197,1,451.5,0.109065
175.063,1,451,0.109062
175.929,1,450.5,0.109058
176.795,1,450,0.109055
177.661,1,449.5,0.109051
178.527,1,449,0.109047
179.393,1,448.5,0.109043
180.259,1,448,0.109038
181.125,1,447.5,0.109034
181.991,1,447,0.109029
182.857,1,446.5,0.109025
183.723,1,446,0.109019
184.589,1,445.5,0.109014
185.455,1,445,0.109008
186.321,1,444.5,0.109003
187.187,1,444,0.108997
188.053,1,443.5,0.108991
188.919,1,443,0.108985
189.785,1,442.5,0.108978
190.651,1,442,0.108971
191.517,1,441.5,0.108964
192.383,1,441,0.108957
193.249,1,440.5,0.108949
194.115,1,440,0.108942
194.981,1,439.5,0.108933
195.847,1,439,0.108925
196.714,1,438.5,0.108916
197.58,1,438,0.108907
198.446,1,437.5,0.108898
199.312,1,437,0.108889
200.178,1,436.5,0.108878
201.044,1,436,0.108867
201.91,1,435.5,0.108855
202.776,1,435,0.108844
203.642,1,434.5,0.108832
204.508,1,434,0.108821
205.374,1,433.5,0.108808
206.24,1,433,0.108794
207.106,1,432.5,0.108779
207.972,1,432,0.108764
208.838,1,431.5,0.10875
209.704,1,431,0.108735
210.57,1,430.5,0.10872
211.436,1,430,0.108701
212.302,1,429.5,0.108682
213.168,1,429,0.108663
214.034,1,428.5,0.108644
214.9,1,428,0.108625
215.766,1,427.5,0.108606
216.632,1,427,0.108584
217.498,1,426.5,0.10856
218.364,1,426,0.108536
219.23,1,425.5,0.108512
220.096,1,425,0.108488
220.962,1,424.5,0.108463
221.828,1,424,0.108436
222.694,1,423.5,0.108404
223.56,1,423,0.108373
224.426,1,422.5,0.108341
225.292,1,422,0.108309
226.158,1,421.5,0.108277
227.024,1,421,0.108244
227.89,1,420.5,0.108203
228.756,1,420,0.108162
229.622,1,419.5,0.108121
230.488,1,419,0.108079
231.355,1,418.5,0.108037
232.221,1,418,0.107996
233.087,1,417.5,0.107946
233.953,1,417,0.107892
234.819,1,416.5,0.107838
235.685,1,416,0.107784
236.551,1,415.5,0.107729
237.417,1,415,0.107674
238.283,1,414.5,0.107612
239.149,1,414,0.107542
240.015,1,413.5,0.107472
240.881,1,413,0.1074
241.747,1,412.5,0.107329
242.613,1,412,0.107258
243.479,1,411.5,0.107183
244.345,1,411,0.107089
245.211,1,410.5,0.106995
246.077,1,410,0.1069
246.943,1,409.5,0.106804
247.809,1,409,0.106708
248.675,1,408.5,0.10661
249.541,1,408,0.106491
250.407,1,407.5,0.106366
251.273,1,407,0.106244
252.139,1,406.5,0.106122
253.005,1,406,0.106
253.871,1,405.5,0.105877
254.737,1,405,0.105733
255.603,1,404.5,0.10557
256.469,1,404,0.105406
257.335,1,403.5,0.10524
258.201,1,403,0.105073
259.067,1,402.5,0.104905
259.933,1,402,0.104728
260.799,1,401.5,0.104516
261.665,1,401,0.104303
262.531,1,400.5,0.10409
263.397,1,400,0.103875
264.263,1,399.5,0.10366
265.13,1,399,0.103443
265.996,1,398.5,0.103165
266.862,1,398,0.102878
267.728,1,397.5,0.102588
268.594,1,397,0.102296
269.46,1,396.5,0.102003
270.326,1,396,0.101719
271.192,1,395.5,0.101388
272.058,1,395,0.101018
272.924,1,394.5,0.100647
273.79,1,394,0.100275
274.656,1,393.5,0.0999023
275.522,1,393,0.0995285
276.388,1,392.5,0.0991068
277.254,1,392,0.0985438
278.12,1,391.5,0.0979811
278.986,1,391,0.0974194
279.852,1,390.5,0.0968764
280.718,1,390,0.0963361
281.584,1,389.5,0.0957984
282.45,1,389,0.0950273
283.316,1,388.5,0.0942244
284.182,1,388,0.0934056
285.048,1,387.5,0.092571
285.914,1,387,0.0917205
286.78,1,386.5,0.0908542
287.646,1,386,0.0902468
288.512,1,385.5,0.089759
289.378,1,385,0.0893032
290.244,1,384.5,0.0887932
291.11,1,384,0.0882291
291.976,1,383.5,0.0876107
292.842,1,383,0.0875135
293.708,1,382.5,0.0886543
294.574,1,382,0.0897128
295.44,1,381.5,0.0906891
296.306,1,381,0.0915831
297.172,1,380.5,0.0923948
298.038,1,380,0.0931307
298.905,1,379.5,0.106091
299.771,1,379,0.118412
300.637,1,378.5,0.129969
301.503,1,378,0.140762
302.369,1,377.5,0.150791
303.235,1,377,0.160057
304.101,1,376.5,0.174246
304.967,1,376,0.191128
305.833,1,375.5,0.20811
306.699,1,375,0.225194
307.565,1,374.5,0.242093
308.431,1,374,0.257881
309.297,1,373.5,0.268329
310.163,1,373,0.270203
311.029,1,372.5,0.272934
311.895,1,372,0.276521
312.761,1,371.5,0.280966
313.627,1,371,0.286268
314.493,1,370.5,0.292172
315.359,1,370,0.293321
316.225,1,369.5,0.294681
317.091,1,369,0.295989
317.957,1,368.5,0.297017
318.823,1,368,0.298537
319.689,1,367.5,0.30055
320.555,1,367,0.301258
321.421,1,366.5,0.301533
322.287,1,366,0.301994
323.153,1,365.5,0.30264
324.019,1,365,0.303473
324.885,1,364.5,0.304491
325.751,1,364,0.304931
326.617,1,363.5,0.304218
327.483,1,363,0.303249
328.349,1,362.5,0.302559
329.215,1,362,0.302146
330.081,1,361.5,0.30201
330.947,1,361,0.30185
331.813,1,360.5,0.299559
332.679,1,360,0.298012
333.546,1,359.5,0.297209
334.412,1,359,0.297149
335.278,1,358.5,0.297834
336.144,1,358,0.297137
337.01,1,357.5,0.29305
337.876,1,357,0.28917
338.742,1,356.5,0.285692
339.608,1,356,0.282618
340.474,1,355.5,0.279945
341.34,1,355,0.277675
342.206,1,354.5,0.275201
343.072,1,354,0.27344
343.938,1,353.5,0.273427
344.804,1,353,0.275161
345.67,1,352.5,0.270408
346.536,1,352,0.254336
347.402,1,351.5,0.236114
348.268,1,351,0.220926
349.134,1,350.5,0.202461
350,1,350,0.180719
350.866,1,349.5,0.155699
351.732,1,349,0.127402
352.598,1,348.5,0.0958268
353.464,1,348,0.0774937
354.33,1,347.5,0.0701554
355.196,1,347,0.0817926
356.062,1,346.5,0.102264
356.928,1,346,0.119909
357.794,1,345.5,0.134726
358.66,1,345,0.139289
359.526,1,344.5,0.136825
360.392,1,344,0.13473
361.258,1,343.5,0.133004
362.124,1,343,0.131648
362.99,1,342.5,0.130661
363.856,1,342,0.12984
364.722,1,341.5,0.128838
365.588,1,341,0.128146
366.454,1,340.5,0.127539
367.321,1,340,0.127014
368.187,1,339.5,0.126573
369.053,1,339,0.126216
369.919,1,338.5,0.125985
370.785,1,338,0.125796
371.651,1,337.5,0.125643
372.517,1,337,0.125524
373.383,1,336.5,0.12544
374.249,1,336,0.125516
375.115,1,335.5,0.125702
375.981,1,335,0.125909
376.847,1,334.5,0.126087
377.713,1,334,0.126237
378.579,1,333.5,0.126358
379.445,1,333,0.126451
380.311,1,332.5,0.126549
381.177,1,332,0.126711
382.043,1,331.5,0.126847
382.909,1,331,0.126956
383.775,1,330.5,0.127055
384.641,1,330,0.127148
385.507,1,329.5,0.127232
386.373,1,329,0.127251
387.239,1,328.5,0.127264
388.105,1,328,0.127275
388.971,1,327.5,0.127284
389.837,1,327,0.12729
390.703,1,326.5,0.127294
391.569,1,326,0.127252
392.435,1,325.5,0.127188
393.301,1,325,0.127156
394.167,1,324.5,0.127127
395.033,1,324,0.127094
395.899,1,323.5,0.127056
396.765,1,323,0.126993
397.631,1,322.5,0.126886
398.497,1,322,0.126781
399.363,1,321.5,0.126678
400.229,1,321,0.126577
401.095,1,320.5,0.126478
401.962,1,320,0.126381
402.828,1,319.5,0.126279
403.694,1,319,0.126174
404.56,1,318.5,0.126065
405.426,1,318,0.125951
406.292,1,317.5,0.125833
407.158,1,317,0.125711
408.024,1,316.5,0.125573
408.89,1,316,0.125424
409.756,1,315.5,0.12527
410.622,1,315,0.12511
411.488,1,314.5,0.124945
412.354,1,314,0.124812
413.22,1,313.5,0.124674
414.086,1,313,0.124526
414.952,1,312.5,0.124371
415.818,1,312,0.12421
416.684,1,311.5,0.124041
417.55,1,311,0.123865
418.416,1,310.5,0.123681
419.282,1,310,0.123473
420.148,1,309.5,0.123258
421.014,1,309,0.123035
421.88,1,308.5,0.122843
422.746,1,308,0.122647
423.612,1,307.5,0.122444
424.478,1,307,0.12222
425.344,1,306.5,0.121985
426.21,1,306,0.121744
427.076,1,305.5,0.121498
427.942,1,305,0.121246
428.808,1,304.5,0.120989
429.674,1,304,0.120715
430.54,1,303.5,0.12042
431.406,1,303,0.120176
432.272,1,302.5,0.119929
433.138,1,302,0.119679
434.004,1,301.5,0.119425
434.87,1,301,0.119165
435.737,1,300.5,0.118878
436.603,1,300,0.118589
437.469,1,299.5,0.118299
438.335,1,299,0.118007
439.201,1,298.5,0.117714
440.067,1,298,0.117424
440.933,1,297.5,0.117165
441.799,1,297,0.1169
442.665,1,296.5,0.116637
443.531,1,296,0.116374
444.397,1,295.5,0.116112
445.263,1,295,0.115851
446.129,1,294.5,0.115581
446.995,1,294,0.115303
447.861,1,293.5,0.115028
448.727,1,293,0.114754
449.593,1,292.5,0.11449
450.459,1,292,0.114271
451.325,1,291.5,0.114051
452.191,1,291,0.113822
453.057,1,290.5,0.113595
453.923,1,290,0.113372
454.789,1,289.5,0.113151
455.655,1,289,0.112933
456.521,1,288.5,0.112719
457.387,1,288,0.112501
458.253,1,287.5,0.112286
459.119,1,287,0.112085
459.985,1,286.5,0.111919
460.851,1,286,0.111756
461.717,1,285.5,0.111596
462.583,1,285,0.111438
463.449,1,284.5,0.111282
464.315,1,284,0.111129
465.181,1,283.5,0.11098
466.047,1,283,0.110834
466.913,1,282.5,0.110692
467.779,1,282,0.110555
468.645,1,281.5,0.110428
469.512,1,281,0.11032
470.378,1,280.5,0.110215
471.244,1,280,0.110113
472.11,1,279.5,0.110013
472.976,1,279,0.109916
473.842,1,278.5,0.109827
474.708,1,278,0.10974
475.574,1,277.5,0.109656
476.44,1,277,0.109575
477.306,1,276.5,0.109497
478.172,1,276,0.109426
479.038,1,275.5,0.109369
479.904,1,275,0.109316
480.77,1,274.5,0.109265
481.636,1,274,0.109216
482.502,1,273.5,0.109169
483.368,1,273,0.109124
484.234,1,272.5,0.109082
485.1,1,272,0.109045
485.966,1,271.5,0.10901
486.832,1,271,0.108976
487.698,1,270.5,0.108946
488.564,1,270,0.108919
489.43,1,269.5,0.108894
490.296,1,269,0.108875
491.162,1,268.5,0.108857
492.028,1,268,0.10884
492.894,1,267.5,0.108825
493.76,1,267,0.10881
494.626,1,266.5,0.108796
495.492,1,266,0.108786
496.358,1,265.5,0.108779
497.224,1,265,0.108773
498.09,1,264.5,0.108768
498.956,1,264,0.108764
499.822,1,263.5,0.10876
500.688,1,263,0.108758
501.554,1,262.5,0.108758
502.42,1,262,0.108758
503.286,1,261.5,0.108759
504.153,1,261,0.108759
505.019,1,260.5,0.10876
505.885,1,260,0.108761
506.751,1,259.5,0.108764
507.617,1,259,0.108766
508.483,1,258.5,0.108769
509.349,1,258,0.108771
510.215,1,257.5,0.108774
511.081,1,257,0.108777
511.947,1,256.5,0.108781
512.813,1,256,0.108785
513.679,1,255.5,0.10879
514.545,1,255,0.108795
515.411,1,254.5,0.108799
516.277,1,254,0.108803
517.143,1,253.5,0.108808
518.009,1,253,0.108813
518.875,1,252.5,0.108817
519.741,1,252,0.108822
520.607,1,251.5,0.108827
521.473,1,251,0.108832
522.339,1,250.5,0.108837
523.205,1,250,0.108842
524.071,1,249.5,0.108848
524.937,1,249,0.108854
525.803,1,248.5,0.108859
526.669,1,248,0.108864
527.535,1,247.5,0.108869
528.401,1,247,0.108874
529.267,1,246.5,0.108879
530.133,1,246,0.108884
530.999,1,245.5,0.108889
531.865,1,245,0.108894
532.731,1,244.5,0.108899
533.597,1,244,0.108904
534.463,1,243.5,0.10891
535.329,1,243,0.108915
536.195,1,242.5,0.108919
537.061,1,242,0.108924
537.928,1,241.5,0.108928
538.794,1,241,0.108933
539.66,1,240.5,0.108937
540.526,1,240,0.108942
541.392,1,239.5,0.108947
542.258,1,239,0.108951
543.124,1,238.5,0.108955
543.99,1,238,0.10896
544.856,1,237.5,0.108964
545.722,1,237,0.108968
546.588,1,236.5,0.108972
547.454,1,236,0.108976
548.32,1,235.5,0.10898
549.186,1,235,0.108984
550.052,1,234.5,0.108988
550.918,1,234,0.108992
551.784,1,233.5,0.108996
552.65,1,233,0.109
553.516,1,232.5,0.109004
554.382,1,232,0.109007
555.248,1,231.5,0.10901
556.114,1,231,0.109013
556.98,1,230.5,0.109016
557.846,1,230,0.10902
558.712,1,229.5,0.109023
559.578,1,229,0.109026
560.444,1,228.5,0.109029
561.31,1,228,0.109032
562.176,1,227.5,0.109035
563.042,1,227,0.109038
563.908,1,226.5,0.109041
564.774,1,226,0.109043
565.64,1,225.5,0.109046
566.506,1,225,0.109049
567.372,1,224.5,0.109051
568.238,1,224,0.109054
569.104,1,223.5,0.109057
569.97,1,223,0.109059
570.836,1,222.5,0.109062
571.703,1,222,0.109064
572.569,1,221.5,0.109067
573.435,1,221,0.109069
574.301,1,220.5,0.109071
575.167,1,220,0.109073
576.033,1,219.5,0.109075
576.899,1,219,0.109077
577.765,1,218.5,0.109079
578.631,1,218,0.109082
579.497,1,217.5,0.109084
580.363,1,217,0.109085
581.229,1,216.5,0.109087
582.095,1,216,0.109089
582.961,1,215.5,0.109091
583.827,1,215,0.109093
584.693,1,214.5,0.109095
585.559,1,214,0.109096
586.425,1,213.5,0.109098
587.291,1,213,0.1091
588.157,1,212.5,0.109101
589.023,1,212,0.109103
589.889,1,211.5,0.109105
590.755,1,211,0.109106
591.621,1,210.5,0.109108
592.487,1,210,0.109109
593.353,1,209.5,0.109111
594.219,1,209,0.109112
595.085,1,208.5,0.109113
595.951,1,208,0.109115
596.817,1,207.5,0.109116
597.683,1,207,0.109117
598.549,1,206.5,0.109118
599.415,1,206,0.10912
600.281,1,205.5,0.109121
601.147,1,205,0.109122
602.013,1,204.5,0.109123
602.879,1,204,0.109124
603.745,1,203.5,0.109126
604.611,1,203,0.109127
605.477,1,202.5,0.109128
606.344,1,202,0.109129
607.21,1,201.5,0.10913
608.076,1,201,0.109131
608.942,1,200.5,0.109132
609.808,1,200,0.109133
