x,y,z,b
90.1924,1,500,0.104692
91.0584,1,499.5,0.104663
91.9244,1,499,0.104633
92.7905,1,498.5,0.104602
93.6565,1,498,0.104572
94.5225,1,497.5,0.104541
95.3885,1,497,0.10451
96.2546,1,496.5,0.104473
97.1206,1,496,0.104431
97.9866,1,495.5,0.104388
98.8526,1,495,0.104346
99.7187,1,494.5,0.104304
100.585,1,494,0.104261
101.451,1,493.5,0.104215
102.317,1,493,0.104163
103.183,1,492.5,0.10411
104.049,1,492,0.104057
104.915,1,491.5,0.104004
105.781,1,491,0.103951
106.647,1,490.5,0.103897
107.513,1,490,0.103842
108.379,1,489.5,0.103787
109.245,1,489,0.103732
110.111,1,488.5,0.103678
110.977,1,488,0.103623
111.843,1,487.5,0.103568
112.709,1,487,0.103518
113.575,1,486.5,0.103471
114.441,1,486,0.103424
115.307,1,485.5,0.103377
116.173,1,485,0.103331
117.039,1,484.5,0.103284
117.905,1,484,0.103243
118.771,1,483.5,0.103209
119.637,1,483,0.103176
120.503,1,482.5,0.103144
121.369,1,482,0.103112
122.235,1,481.5,0.103081
123.101,1,481,0.103051
123.967,1,480.5,0.103037
124.833,1,480,0.103023
125.699,1,479.5,0.10301
126.565,1,479,0.102997
127.431,1,478.5,0.102986
128.297,1,478,0.102976
129.164,1,477.5,0.10298
130.03,1,477,0.102991
130.896,1,476.5,0.103002
131.762,1,476,0.103014
132.628,1,475.5,0.103028
133.494,1,475,0.103043
134.36,1,474.5,0.103068
135.226,1,474,0.103107
136.092,1,473.5,0.103147
136.958,1,473,0.103189
137.824,1,472.5,0.103234
138.69,1,472,0.103281
139.556,1,471.5,0.103333
140.422,1,471,0.103407
141.288,1,470.5,0.103484
142.154,1,470,0.103562
143.02,1,469.5,0.103642
143.886,1,469,0.103725
144.752,1,468.5,0.10381
145.618,1,468,0.10392
146.484,1,467.5,0.104039
147.35,1,467,0.104162
148.216,1,466.5,0.104288
149.082,1,466,0.104417
149.948,1,465.5,0.104549
150.814,1,465,0.104698
151.68,1,464.5,0.104865
152.546,1,464,0.105035
153.412,1,463.5,0.105209
154.278,1,463,0.105385
155.144,1,462.5,0.105565
156.01,1,462,0.105754
156.876,1,461.5,0.105977
157.742,1,461,0.106203
158.608,1,460.5,0.106434
159.474,1,460,0.106668
160.34,1,459.5,0.106905
161.206,1,459,0.107146
162.072,1,458.5,0.107416
162.939,1,458,0.107694
163.805,1,457.5,0.107975
164.671,1,457,0.108261
165.537,1,456.5,0.108552
166.403,1,456,0.108849
167.269,1,455.5,0.109166
168.135,1,455,0.109499
169.001,1,454.5,0.109837
169.867,1,454,0.11018
170.733,1,453.5,0.110526
171.599,1,453,0.110877
172.465,1,452.5,0.111237
173.331,1,452,0.111614
174.197,1,451.5,0.111996
175.063,1,451,0.112385
175.929,1,450.5,0.112781
176.795,1,450,0.113183
177.661,1,449.5,0.113589
178.527,1,449,0.114012
179.393,1,448.5,0.114442
180.259,1,448,0.114876
181.125,1,447.5,0.115315
181.991,1,447,0.115758
182.857,1,446.5,0.116206
183.723,1,446,0.116662
184.589,1,445.5,0.117125
185.455,1,445,0.117594
186.321,1,444.5,0.118068
187.187,1,444,0.118547
188.053,1,443.5,0.119032
188.919,1,443,0.11952
189.785,1,442.5,0.120013
190.651,1,442,0.120511
191.517,1,441.5,0.121015
192.383,1,441,0.121524
193.249,1,440.5,0.122038
194.115,1,440,0.12256
194.981,1,439.5,0.123085
195.847,1,439,0.123616
196.714,1,438.5,0.124155
197.58,1,438,0.124701
198.446,1,437.5,0.125254
199.312,1,437,0.125815
200.178,1,436.5,0.126382
201.044,1,436,0.126958
201.91,1,435.5,0.127543
202.776,1,435,0.128137
203.642,1,434.5,0.128742
204.508,1,434,0.129361
205.374,1,433.5,0.129996
206.24,1,433,0.130655
207.106,1,432.5,0.131331
207.972,1,432,0.132022
208.838,1,431.5,0.132729
209.704,1,431,0.133452
210.57,1,430.5,0.134192
211.436,1,430,0.134983
212.302,1,429.5,0.135793
213.168,1,429,0.136629
214.034,1,428.5,0.137493
214.9,1,428,0.138382
215.766,1,427.5,0.139296
216.632,1,427,0.140305
217.498,1,426.5,0.141383
218.364,1,426,0.142504
219.23,1,425.5,0.143668
220.096,1,425,0.144875
220.962,1,424.5,0.146125
221.828,1,424,0.147502
222.694,1,423.5,0.149122
223.56,1,423,0.150824
224.426,1,422.5,0.152577
225.292,1,422,0.15438
226.158,1,421.5,0.156234
227.024,1,421,0.158121
227.89,1,420.5,0.159838
228.756,1,420,0.161567
229.622,1,419.5,0.163308
230.488,1,419,0.165061
231.355,1,418.5,0.166826
232.221,1,418,0.168356
233.087,1,417.5,0.16929
233.953,1,417,0.169989
234.819,1,416.5,0.170587
235.685,1,416,0.171082
236.551,1,415.5,0.171474
237.417,1,415,0.171764
238.283,1,414.5,0.171932
239.149,1,414,0.172048
240.015,1,413.5,0.172163
240.881,1,413,0.172279
241.747,1,412.5,0.172324
242.613,1,412,0.17244
243.479,1,411.5,0.172694
244.345,1,411,0.173287
245.211,1,410.5,0.173994
246.077,1,410,0.174814
246.943,1,409.5,0.175748
247.809,1,409,0.176795
248.675,1,408.5,0.177957
249.541,1,408,0.178945
250.407,1,407.5,0.179908
251.273,1,407,0.181281
252.139,1,406.5,0.182666
253.005,1,406,0.183982
253.871,1,405.5,0.18523
254.737,1,405,0.186123
255.603,1,404.5,0.186649
256.469,1,404,0.187077
257.335,1,403.5,0.187408
258.201,1,403,0.18764
259.067,1,402.5,0.187775
259.933,1,402,0.187856
260.799,1,401.5,0.188249
261.665,1,401,0.188644
262.531,1,400.5,0.189024
263.397,1,400,0.189389
264.263,1,399.5,0.189738
265.13,1,399,0.190071
265.996,1,398.5,0.190428
266.862,1,398,0.190732
267.728,1,397.5,0.190975
268.594,1,397,0.191158
269.46,1,396.5,0.19128
270.326,1,396,0.19147
271.192,1,395.5,0.19169
272.058,1,395,0.191999
272.924,1,394.5,0.192273
273.79,1,394,0.192512
274.656,1,393.5,0.192716
275.522,1,393,0.192885
276.388,1,392.5,0.192917
277.254,1,392,0.192707
278.12,1,391.5,0.192622
278.986,1,391,0.19266
279.852,1,390.5,0.192656
280.718,1,390,0.192697
281.584,1,389.5,0.192782
282.45,1,389,0.192651
283.316,1,388.5,0.19258
284.182,1,388,0.192588
285.048,1,387.5,0.192675
285.914,1,387,0.19284
286.78,1,386.5,0.193084
287.646,1,386,0.193466
288.512,1,385.5,0.193926
289.378,1,385,0.194763
290.244,1,384.5,0.195522
291.11,1,384,0.196202
291.976,1,383.5,0.196804
292.842,1,383,0.19739
293.708,1,382.5,0.197989
294.574,1,382,0.198431
295.44,1,381.5,0.198717
296.306,1,381,0.198845
297.172,1,380.5,0.198816
298.038,1,380,0.198664
298.905,1,379.5,0.199588
299.771,1,379,0.200365
300.637,1,378.5,0.200986
301.503,1,378,0.20145
302.369,1,377.5,0.201758
303.235,1,377,0.20191
304.101,1,376.5,0.203001
304.967,1,376,0.20446
305.833,1,375.5,0.205758
306.699,1,375,0.206896
307.565,1,374.5,0.208004
308.431,1,374,0.209435
309.297,1,373.5,0.21139
310.163,1,373,0.214364
311.029,1,372.5,0.217189
311.895,1,372,0.219865
312.761,1,371.5,0.222391
313.627,1,371,0.224767
314.493,1,370.5,0.226979
315.359,1,370,0.228847
316.225,1,369.5,0.230812
317.091,1,369,0.232848
317.957,1,368.5,0.234826
318.823,1,368,0.236768
319.689,1,367.5,0.238673
320.555,1,367,0.239076
321.421,1,366.5,0.239211
322.287,1,366,0.239664
323.153,1,365.5,0.240435
324.019,1,365,0.241525
324.885,1,364.5,0.242934
325.751,1,364,0.243466
326.617,1,363.5,0.24242
327.483,1,363,0.241296
328.349,1,362.5,0.240544
329.215,1,362,0.240164
330.081,1,361.5,0.240156
330.947,1,361,0.240006
331.813,1,360.5,0.235648
332.679,1,360,0.231572
333.546,1,359.5,0.227776
334.412,1,359,0.224263
335.278,1,358.5,0.221031
336.144,1,358,0.218058
337.01,1,357.5,0.214236
337.876,1,357,0.209487
338.742,1,356.5,0.204041
339.608,1,356,0.1979
340.474,1,355.5,0.191064
341.34,1,355,0.183531
342.206,1,354.5,0.180719
343.072,1,354,0.183653
343.938,1,353.5,0.186417
344.804,1,353,0.189011
345.67,1,352.5,0.191571
346.536,1,352,0.192737
347.402,1,351.5,0.19605
348.268,1,351,0.219286
349.134,1,350.5,0.239634
350,1,350,0.257096
350.866,1,349.5,0.271671
351.732,1,349,0.28336
352.598,1,348.5,0.292161
353.464,1,348,0.282246
354.33,1,347.5,0.269709
355.196,1,347,0.26151
356.062,1,346.5,0.256867
356.928,1,346,0.252386
357.794,1,345.5,0.248066
358.66,1,345,0.245091
359.526,1,344.5,0.24324
360.392,1,344,0.241428
361.258,1,343.5,0.239654
362.124,1,343,0.237919
362.99,1,342.5,0.236222
363.856,1,342,0.234912
364.722,1,341.5,0.237061
365.588,1,341,0.240436
366.454,1,340.5,0.243573
367.321,1,340,0.246473
368.187,1,339.5,0.249136
369.053,1,339,0.251561
369.919,1,338.5,0.253214
370.785,1,338,0.254659
371.651,1,337.5,0.255962
372.517,1,337,0.257121
373.383,1,336.5,0.258138
374.249,1,336,0.257993
375.115,1,335.5,0.257234
375.981,1,335,0.256522
376.847,1,334.5,0.255956
377.713,1,334,0.255535
378.579,1,333.5,0.25526
379.445,1,333,0.25513
380.311,1,332.5,0.254861
381.177,1,332,0.253973
382.043,1,331.5,0.253244
382.909,1,331,0.252675
383.775,1,330.5,0.252589
384.641,1,330,0.252695
385.507,1,329.5,0.252852
386.373,1,329,0.252899
387.239,1,328.5,0.25296
388.105,1,328,0.253042
388.971,1,327.5,0.253145
389.837,1,327,0.253268
390.703,1,326.5,0.253412
391.569,1,326,0.254415
392.435,1,325.5,0.255839
393.301,1,325,0.257537
394.167,1,324.5,0.259105
395.033,1,324,0.260428
395.899,1,323.5,0.261505
396.765,1,323,0.26337
397.631,1,322.5,0.266921
398.497,1,322,0.2699
399.363,1,321.5,0.272307
400.229,1,321,0.274141
401.095,1,320.5,0.275402
401.962,1,320,0.276123
402.828,1,319.5,0.280573
403.694,1,319,0.284501
404.56,1,318.5,0.287724
405.426,1,318,0.290242
406.292,1,317.5,0.292054
407.158,1,317,0.293162
408.024,1,316.5,0.295158
408.89,1,316,0.297973
409.756,1,315.5,0.301054
410.622,1,315,0.304401
411.488,1,314.5,0.308014
412.354,1,314,0.311253
413.22,1,313.5,0.312758
414.086,1,313,0.312716
414.952,1,312.5,0.313138
415.818,1,312,0.314022
416.684,1,311.5,0.315369
417.55,1,311,0.317178
418.416,1,310.5,0.318804
419.282,1,310,0.31102
420.148,1,309.5,0.302498
421.014,1,309,0.293239
421.88,1,308.5,0.280827
422.746,1,308,0.265815
423.612,1,307.5,0.248253
424.478,1,307,0.222319
425.344,1,306.5,0.1952
426.21,1,306,0.1693
427.076,1,305.5,0.144618
427.942,1,305,0.121156
428.808,1,304.5,0.0989133
429.674,1,304,0.0866578
430.54,1,303.5,0.0879058
431.406,1,303,0.0956626
432.272,1,302.5,0.103929
433.138,1,302,0.112706
434.004,1,301.5,0.121992
434.87,1,301,0.131737
435.737,1,300.5,0.141069
436.603,1,300,0.149918
437.469,1,299.5,0.158283
438.335,1,299,0.166165
439.201,1,298.5,0.173563
440.067,1,298,0.180445
440.933,1,297.5,0.183158
441.799,1,297,0.184793
442.665,1,296.5,0.186188
443.531,1,296,0.187345
444.397,1,295.5,0.188262
445.263,1,295,0.188941
446.129,1,294.5,0.187725
446.995,1,294,0.184612
447.861,1,293.5,0.181332
448.727,1,293,0.177884
449.593,1,292.5,0.174224
450.459,1,292,0.170166
451.325,1,291.5,0.165941
452.191,1,291,0.161544
453.057,1,290.5,0.157159
453.923,1,290,0.152785
454.789,1,289.5,0.148423
455.655,1,289,0.144072
456.521,1,288.5,0.139733
457.387,1,288,0.137215
458.253,1,287.5,0.135036
459.119,1,287,0.132908
459.985,1,286.5,0.130837
460.851,1,286,0.128814
461.717,1,285.5,0.126841
462.583,1,285,0.125446
463.449,1,284.5,0.12449
464.315,1,284,0.123521
465.181,1,283.5,0.122539
466.047,1,283,0.121543
466.913,1,282.5,0.120533
467.779,1,282,0.119596
468.645,1,281.5,0.118925
469.512,1,281,0.118233
470.378,1,280.5,0.11754
471.244,1,280,0.116846
472.11,1,279.5,0.11615
472.976,1,279,0.115454
473.842,1,278.5,0.115064
474.708,1,278,0.114702
475.574,1,277.5,0.11434
476.44,1,277,0.11398
477.306,1,276.5,0.113619
478.172,1,276,0.11326
479.038,1,275.5,0.11302
479.904,1,275,0.112857
480.77,1,274.5,0.112694
481.636,1,274,0.112531
482.502,1,273.5,0.112367
483.368,1,273,0.112203
484.234,1,272.5,0.112069
485.1,1,272,0.112013
485.966,1,271.5,0.111956
486.832,1,271,0.111897
487.698,1,270.5,0.111839
488.564,1,270,0.111781
489.43,1,269.5,0.111723
490.296,1,269,0.111739
491.162,1,268.5,0.111756
492.028,1,268,0.111772
492.894,1,267.5,0.111788
493.76,1,267,0.111803
494.626,1,266.5,0.111817
495.492,1,266,0.111851
496.358,1,265.5,0.111896
497.224,1,265,0.111943
498.09,1,264.5,0.111992
498.956,1,264,0.11204
499.822,1,263.5,0.112087
500.688,1,263,0.112133
501.554,1,262.5,0.11218
502.42,1,262,0.112225
503.286,1,261.5,0.112269
504.153,1,261,0.112312
505.019,1,260.5,0.112354
505.885,1,260,0.112395
506.751,1,259.5,0.112431
507.617,1,259,0.112468
508.483,1,258.5,0.112504
509.349,1,258,0.112538
510.215,1,257.5,0.112572
511.081,1,257,0.112605
511.947,1,256.5,0.112628
512.813,1,256,0.112646
513.679,1,255.5,0.112663
514.545,1,255,0.112678
515.411,1,254.5,0.112693
516.277,1,254,0.112707
517.143,1,253.5,0.112719
518.009,1,253,0.112726
518.875,1,252.5,0.112733
519.741,1,252,0.112738
520.607,1,251.5,0.112741
521.473,1,251,0.112743
522.339,1,250.5,0.112743
523.205,1,250,0.112738
524.071,1,249.5,0.112731
524.937,1,249,0.112722
525.803,1,248.5,0.112715
526.669,1,248,0.112709
527.535,1,247.5,0.1127
528.401,1,247,0.112686
529.267,1,246.5,0.112669
530.133,1,246,0.112649
530.999,1,245.5,0.112628
531.865,1,245,0.112604
532.731,1,244.5,0.112579
533.597,1,244,0.11255
534.463,1,243.5,0.112516
535.329,1,243,0.11249
536.195,1,242.5,0.112465
537.061,1,242,0.112439
537.928,1,241.5,0.11241
538.794,1,241,0.11238
539.66,1,240.5,0.112344
540.526,1,240,0.112307
541.392,1,239.5,0.112268
542.258,1,239,0.112227
543.124,1,238.5,0.112185
543.99,1,238,0.112141
544.856,1,237.5,0.112103
545.722,1,237,0.112066
546.588,1,236.5,0.112027
547.454,1,236,0.111987
548.32,1,235.5,0.111946
549.186,1,235,0.111903
550.052,1,234.5,0.111856
550.918,1,234,0.111806
551.784,1,233.5,0.111754
552.65,1,233,0.111702
553.516,1,232.5,0.111649
554.382,1,232,0.111605
555.248,1,231.5,0.111561
556.114,1,231,0.111512
556.98,1,230.5,0.111462
557.846,1,230,0.111411
558.712,1,229.5,0.11136
559.578,1,229,0.111308
560.444,1,228.5,0.111256
561.31,1,228,0.111199
562.176,1,227.5,0.111141
563.042,1,227,0.111084
563.908,1,226.5,0.111036
564.774,1,226,0.110988
565.64,1,225.5,0.11094
566.506,1,225,0.110888
567.372,1,224.5,0.110833
568.238,1,224,0.110778
569.104,1,223.5,0.110724
569.97,1,223,0.110669
570.836,1,222.5,0.110615
571.703,1,222,0.110559
572.569,1,221.5,0.110499
573.435,1,221,0.11045
574.301,1,220.5,0.110401
575.167,1,220,0.110352
576.033,1,219.5,0.110304
576.899,1,219,0.110256
577.765,1,218.5,0.110204
578.631,1,218,0.110152
579.497,1,217.5,0.110101
580.363,1,217,0.110051
581.229,1,216.5,0.110001
582.095,1,216,0.109953
582.961,1,215.5,0.10991
583.827,1,215,0.109866
584.693,1,214.5,0.109823
585.559,1,214,0.109781
586.425,1,213.5,0.109739
587.291,1,213,0.109698
588.157,1,212.5,0.109657
589.023,1,212,0.109616
589.889,1,211.5,0.109575
590.755,1,211,0.109536
591.621,1,210.5,0.109497
592.487,1,210,0.109466
593.353,1,209.5,0.109435
594.219,1,209,0.109404
595.085,1,208.5,0.109374
595.951,1,208,0.109345
596.817,1,207.5,0.109316
597.683,1,207,0.109288
598.549,1,206.5,0.109261
599.415,1,206,0.109234
600.281,1,205.5,0.109208
601.147,1,205,0.109183
602.013,1,204.5,0.109164
602.879,1,204,0.109145
603.745,1,203.5,0.109127
604.611,1,203,0.109109
605.477,1,202.5,0.109092
606.344,1,202,0.109075
607.21,1,201.5,0.109059
608.076,1,201,0.109043
608.942,1,200.5,0.109028
609.808,1,200,0.109014
