x,y,z,b
375.981,0,335,0.0978363
375.981,0.125,335,0.101505
375.981,0.25,335,0.105174
375.981,0.375,335,0.108842
375.981,0.5,335,0.112511
375.981,0.625,335,0.11618
375.981,0.75,335,0.119849
375.981,0.875,335,0.123517
375.981,1,335,0.127186
375.981,1.125,335,0.130855
375.981,1.25,335,0.134523
375.981,1.375,335,0.138192
375.981,1.5,335,0.141861
375.981,1.625,335,0.14553
375.981,1.75,335,0.149198
375.981,1.875,335,0.152867
375.981,2,335,0.156536
375.981,2.125,335,0.160204
375.981,2.25,335,0.163873
375.981,2.375,335,0.167542
375.981,2.5,335,0.171211
375.981,2.625,335,0.174879
375.981,2.75,335,0.178459
375.981,2.875,335,0.181415
375.981,3,335,0.18437
375.981,3.125,335,0.187326
375.981,3.25,335,0.190282
375.981,3.375,335,0.193238
375.981,3.5,335,0.196193
375.981,3.625,335,0.199149
375.981,3.75,335,0.202105
375.981,3.875,335,0.20506
375.981,4,335,0.208016
375.981,4.125,335,0.210972
375.981,4.25,335,0.213928
375.981,4.375,335,0.216883
375.981,4.5,335,0.219839
375.981,4.625,335,0.222795
375.981,4.75,335,0.225751
375.981,4.875,335,0.228706
375.981,5,335,0.231662
375.981,5.125,335,0.234618
375.981,5.25,335,0.237573
375.981,5.375,335,0.240529
375.981,5.5,335,0.243485
375.981,5.625,335,0.246441
375.981,5.75,335,0.249396
375.981,5.875,335,0.252352
375.981,6,335,0.255308
375.981,6.125,335,0.258264
375.981,6.25,335,0.261219
375.981,6.375,335,0.264175
375.981,6.5,335,0.267131
375.981,6.625,335,0.270086
375.981,6.75,335,0.273042
375.981,6.875,335,0.275998
375.981,7,335,0.278954
375.981,7.125,335,0.281909
375.981,7.25,335,0.284865
375.981,7.375,335,0.287821
375.981,7.5,335,0.290777
375.981,7.625,335,0.293732
375.981,7.75,335,0.296688
375.981,7.875,335,0.299644
375.981,8,335,0.302599
375.981,8.125,335,0.305555
375.981,8.25,335,0.307975
375.981,8.375,335,0.309503
375.981,8.5,335,0.31103
375.981,8.625,335,0.312558
375.981,8.75,335,0.314085
375.981,8.875,335,0.315613
375.981,9,335,0.31714
375.981,9.125,335,0.318667
375.981,9.25,335,0.320195
375.981,9.375,335,0.321722
375.981,9.5,335,0.32325
375.981,9.625,335,0.324777
375.981,9.75,335,0.326305
375.981,9.875,335,0.327832
375.981,10,335,0.329359
375.981,10.125,335,0.330887
375.981,10.25,335,0.332414
375.981,10.375,335,0.333942
375.981,10.5,335,0.335469
375.981,10.625,335,0.336997
375.981,10.75,335,0.338524
375.981,10.875,335,0.340051
375.981,11,335,0.341579
375.981,11.125,335,0.343106
375.981,11.25,335,0.344634
375.981,11.375,335,0.346161
375.981,11.5,335,0.347689
375.981,11.625,335,0.349216
375.981,11.75,335,0.350743
375.981,11.875,335,0.352271
375.981,12,335,0.353798
375.981,12.125,335,0.355326
375.981,12.25,335,0.356853
375.981,12.375,335,0.358381
375.981,12.5,335,0.359908
375.981,12.625,335,0.361436
375.981,12.75,335,0.362963
375.981,12.875,335,0.36449
375.981,13,335,0.366018
375.981,13.125,335,0.367545
375.981,13.25,335,0.369073
375.981,13.375,335,0.3706
375.981,13.5,335,0.372128
375.981,13.625,335,0.373655
375.981,13.75,335,0.374792
375.981,13.875,335,0.375695
375.981,14,335,0.376598
375.981,14.125,335,0.377502
375.981,14.25,335,0.378405
375.981,14.375,335,0.379308
375.981,14.5,335,0.380211
375.981,14.625,335,0.381114
375.981,14.75,335,0.382017
375.981,14.875,335,0.38292
375.981,15,335,0.383823
375.981,15.125,335,0.384727
375.981,15.25,335,0.38563
375.981,15.375,335,0.386533
375.981,15.5,335,0.387436
375.981,15.625,335,0.388339
375.981,15.75,335,0.389242
375.981,15.875,335,0.390145
375.981,16,335,0.391049
375.981,16.125,335,0.391952
375.981,16.25,335,0.392855
375.981,16.375,335,0.393758
375.981,16.5,335,0.394661
375.981,16.625,335,0.395564
375.981,16.75,335,0.396467
375.981,16.875,335,0.39737
375.981,17,335,0.398274
375.981,17.125,335,0.399177
375.981,17.25,335,0.40008
375.981,17.375,335,0.400983
375.981,17.5,335,0.401886
375.981,17.625,335,0.402789
375.981,17.75,335,0.403692
375.981,17.875,335,0.404595
375.981,18,335,0.405499
375.981,18.125,335,0.406402
375.981,18.25,335,0.407305
375.981,18.375,335,0.408208
375.981,18.5,335,0.409111
375.981,18.625,335,0.410014
375.981,18.75,335,0.410917
375.981,18.875,335,0.41182
375.981,19,335,0.412724
375.981,19.125,335,0.413627
375.981,19.25,335,0.414151
375.981,19.375,335,0.414621
375.981,19.5,335,0.415091
375.981,19.625,335,0.415561
375.981,19.75,335,0.416032
375.981,19.875,335,0.416502
375.981,20,335,0.416972
