x,y,z,b
375.981,0,335,0.0962403
375.981,0.125,335,0.0999368
375.981,0.25,335,0.103633
375.981,0.375,335,0.10733
375.981,0.5,335,0.111026
375.981,0.625,335,0.114723
375.981,0.75,335,0.118419
375.981,0.875,335,0.122116
375.981,1,335,0.125812
375.981,1.125,335,0.129509
375.981,1.25,335,0.133205
375.981,1.375,335,0.136902
375.981,1.5,335,0.140598
375.981,1.625,335,0.144295
375.981,1.75,335,0.147991
375.981,1.875,335,0.151687
375.981,2,335,0.155384
375.981,2.125,335,0.15908
375.981,2.25,335,0.162777
375.981,2.375,335,0.166473
375.981,2.5,335,0.17017
375.981,2.625,335,0.173866
375.981,2.75,335,0.177473
375.981,2.875,335,0.180451
375.981,3,335,0.183429
375.981,3.125,335,0.186407
375.981,3.25,335,0.189385
375.981,3.375,335,0.192364
375.981,3.5,335,0.195342
375.981,3.625,335,0.19832
375.981,3.75,335,0.201298
375.981,3.875,335,0.204276
375.981,4,335,0.207254
375.981,4.125,335,0.210232
375.981,4.25,335,0.21321
375.981,4.375,335,0.216188
375.981,4.5,335,0.219166
375.981,4.625,335,0.222144
375.981,4.75,335,0.225123
375.981,4.875,335,0.228101
375.981,5,335,0.231079
375.981,5.125,335,0.234057
375.981,5.25,335,0.237035
375.981,5.375,335,0.240013
375.981,5.5,335,0.242991
375.981,5.625,335,0.245969
375.981,5.75,335,0.248947
375.981,5.875,335,0.251925
375.981,6,335,0.254903
375.981,6.125,335,0.257882
375.981,6.25,335,0.26086
375.981,6.375,335,0.263838
375.981,6.5,335,0.266816
375.981,6.625,335,0.269794
375.981,6.75,335,0.272772
375.981,6.875,335,0.27575
375.981,7,335,0.278728
375.981,7.125,335,0.281706
375.981,7.25,335,0.284684
375.981,7.375,335,0.287663
375.981,7.5,335,0.290641
375.981,7.625,335,0.293619
375.981,7.75,335,0.296597
375.981,7.875,335,0.299575
375.981,8,335,0.302553
375.981,8.125,335,0.305531
375.981,8.25,335,0.307979
375.981,8.375,335,0.309545
375.981,8.5,335,0.311111
375.981,8.625,335,0.312676
375.981,8.75,335,0.314242
375.981,8.875,335,0.315807
375.981,9,335,0.317373
375.981,9.125,335,0.318939
375.981,9.25,335,0.320504
375.981,9.375,335,0.32207
375.981,9.5,335,0.323635
375.981,9.625,335,0.325201
375.981,9.75,335,0.326767
375.981,9.875,335,0.328332
375.981,10,335,0.329898
375.981,10.125,335,0.331463
375.981,10.25,335,0.333029
375.981,10.375,335,0.334594
375.981,10.5,335,0.33616
375.981,10.625,335,0.337726
375.981,10.75,335,0.339291
375.981,10.875,335,0.340857
375.981,11,335,0.342422
375.981,11.125,335,0.343988
375.981,11.25,335,0.345554
375.981,11.375,335,0.347119
375.981,11.5,335,0.348685
375.981,11.625,335,0.35025
375.981,11.75,335,0.351816
375.981,11.875,335,0.353381
375.981,12,335,0.354947
375.981,12.125,335,0.356513
375.981,12.25,335,0.358078
375.981,12.375,335,0.359644
375.981,12.5,335,0.361209
375.981,12.625,335,0.362775
375.981,12.75,335,0.364341
375.981,12.875,335,0.365906
375.981,13,335,0.367472
375.981,13.125,335,0.369037
375.981,13.25,335,0.370603
375.981,13.375,335,0.372168
375.981,13.5,335,0.373734
375.981,13.625,335,0.3753
375.981,13.75,335,0.376409
375.981,13.875,335,0.377246
375.981,14,335,0.378082
375.981,14.125,335,0.378918
375.981,14.25,335,0.379754
375.981,14.375,335,0.38059
375.981,14.5,335,0.381427
375.981,14.625,335,0.382263
375.981,14.75,335,0.383099
375.981,14.875,335,0.383935
375.981,15,335,0.384772
375.981,15.125,335,0.385608
375.981,15.25,335,0.386444
375.981,15.375,335,0.38728
375.981,15.5,335,0.388116
375.981,15.625,335,0.388953
375.981,15.75,335,0.389789
375.981,15.875,335,0.390625
375.981,16,335,0.391461
375.981,16.125,335,0.392297
375.981,16.25,335,0.393134
375.981,16.375,335,0.39397
375.981,16.5,335,0.394806
375.981,16.625,335,0.395642
375.981,16.75,335,0.396479
375.981,16.875,335,0.397315
375.981,17,335,0.398151
375.981,17.125,335,0.398987
375.981,17.25,335,0.399823
375.981,17.375,335,0.40066
375.981,17.5,335,0.401496
375.981,17.625,335,0.402332
375.981,17.75,335,0.403168
375.981,17.875,335,0.404005
375.981,18,335,0.404841
375.981,18.125,335,0.405677
375.981,18.25,335,0.406513
375.981,18.375,335,0.407349
375.981,18.5,335,0.408186
375.981,18.625,335,0.409022
375.981,18.75,335,0.409858
375.981,18.875,335,0.410694
375.981,19,335,0.411531
375.981,19.125,335,0.412367
375.981,19.25,335,0.412836
375.981,19.375,335,0.413252
375.981,19.5,335,0.413669
375.981,19.625,335,0.414086
375.981,19.75,335,0.414502
375.981,19.875,335,0.414919
375.981,20,335,0.415335
