x,y,z,b
375.981,0,335,0.0968679
375.981,0.125,335,0.10054
375.981,0.25,335,0.104211
375.981,0.375,335,0.107883
375.981,0.5,335,0.111554
375.981,0.625,335,0.115226
375.981,0.75,335,0.118898
375.981,0.875,335,0.122569
375.981,1,335,0.126241
375.981,1.125,335,0.129913
375.981,1.25,335,0.133584
375.981,1.375,335,0.137256
375.981,1.5,335,0.140928
375.981,1.625,335,0.144599
375.981,1.75,335,0.148271
375.981,1.875,335,0.151943
375.981,2,335,0.155614
375.981,2.125,335,0.159286
375.981,2.25,335,0.162958
375.981,2.375,335,0.166629
375.981,2.5,335,0.170301
375.981,2.625,335,0.173972
375.981,2.75,335,0.177555
375.981,2.875,335,0.180513
375.981,3,335,0.183471
375.981,3.125,335,0.186429
375.981,3.25,335,0.189387
375.981,3.375,335,0.192345
375.981,3.5,335,0.195303
375.981,3.625,335,0.198261
375.981,3.75,335,0.20122
375.981,3.875,335,0.204178
375.981,4,335,0.207136
375.981,4.125,335,0.210094
375.981,4.25,335,0.213052
375.981,4.375,335,0.21601
375.981,4.5,335,0.218968
375.981,4.625,335,0.221926
375.981,4.75,335,0.224884
375.981,4.875,335,0.227842
375.981,5,335,0.2308
375.981,5.125,335,0.233759
375.981,5.25,335,0.236717
375.981,5.375,335,0.239675
375.981,5.5,335,0.242633
375.981,5.625,335,0.245591
375.981,5.75,335,0.248549
375.981,5.875,335,0.251507
375.981,6,335,0.254465
375.981,6.125,335,0.257423
375.981,6.25,335,0.260381
375.981,6.375,335,0.263339
375.981,6.5,335,0.266297
375.981,6.625,335,0.269256
375.981,6.75,335,0.272214
375.981,6.875,335,0.275172
375.981,7,335,0.27813
375.981,7.125,335,0.281088
375.981,7.25,335,0.284046
375.981,7.375,335,0.287004
375.981,7.5,335,0.289962
375.981,7.625,335,0.29292
375.981,7.75,335,0.295878
375.981,7.875,335,0.298836
375.981,8,335,0.301794
375.981,8.125,335,0.304753
375.981,8.25,335,0.307179
375.981,8.375,335,0.30872
375.981,8.5,335,0.310261
375.981,8.625,335,0.311802
375.981,8.75,335,0.313343
375.981,8.875,335,0.314883
375.981,9,335,0.316424
375.981,9.125,335,0.317965
375.981,9.25,335,0.319506
375.981,9.375,335,0.321047
375.981,9.5,335,0.322588
375.981,9.625,335,0.324129
375.981,9.75,335,0.325669
375.981,9.875,335,0.32721
375.981,10,335,0.328751
375.981,10.125,335,0.330292
375.981,10.25,335,0.331833
375.981,10.375,335,0.333374
375.981,10.5,335,0.334915
375.981,10.625,335,0.336455
375.981,10.75,335,0.337996
375.981,10.875,335,0.339537
375.981,11,335,0.341078
375.981,11.125,335,0.342619
375.981,11.25,335,0.34416
375.981,11.375,335,0.3457
375.981,11.5,335,0.347241
375.981,11.625,335,0.348782
375.981,11.75,335,0.350323
375.981,11.875,335,0.351864
375.981,12,335,0.353405
375.981,12.125,335,0.354946
375.981,12.25,335,0.356486
375.981,12.375,335,0.358027
375.981,12.5,335,0.359568
375.981,12.625,335,0.361109
375.981,12.75,335,0.36265
375.981,12.875,335,0.364191
375.981,13,335,0.365732
375.981,13.125,335,0.367272
375.981,13.25,335,0.368813
375.981,13.375,335,0.370354
375.981,13.5,335,0.371895
375.981,13.625,335,0.373436
375.981,13.75,335,0.374566
375.981,13.875,335,0.37545
375.981,14,335,0.376334
375.981,14.125,335,0.377218
375.981,14.25,335,0.378102
375.981,14.375,335,0.378986
375.981,14.5,335,0.379869
375.981,14.625,335,0.380753
375.981,14.75,335,0.381637
375.981,14.875,335,0.382521
375.981,15,335,0.383405
375.981,15.125,335,0.384289
375.981,15.25,335,0.385173
375.981,15.375,335,0.386057
375.981,15.5,335,0.38694
375.981,15.625,335,0.387824
375.981,15.75,335,0.388708
375.981,15.875,335,0.389592
375.981,16,335,0.390476
375.981,16.125,335,0.39136
375.981,16.25,335,0.392244
375.981,16.375,335,0.393128
375.981,16.5,335,0.394012
375.981,16.625,335,0.394895
375.981,16.75,335,0.395779
375.981,16.875,335,0.396663
375.981,17,335,0.397547
375.981,17.125,335,0.398431
375.981,17.25,335,0.399315
375.981,17.375,335,0.400199
375.981,17.5,335,0.401083
375.981,17.625,335,0.401967
375.981,17.75,335,0.40285
375.981,17.875,335,0.403734
375.981,18,335,0.404618
375.981,18.125,335,0.405502
375.981,18.25,335,0.406386
375.981,18.375,335,0.40727
375.981,18.5,335,0.408154
375.981,18.625,335,0.409038
375.981,18.75,335,0.409922
375.981,18.875,335,0.410805
375.981,19,335,0.411689
375.981,19.125,335,0.412573
375.981,19.25,335,0.413064
375.981,19.375,335,0.413499
375.981,19.5,335,0.413933
375.981,19.625,335,0.414368
375.981,19.75,335,0.414803
375.981,19.875,335,0.415238
375.981,20,335,0.415672
