x,y,z,b
375.981,0,335,0.100221
375.981,0.125,335,0.103911
375.981,0.25,335,0.107602
375.981,0.375,335,0.111292
375.981,0.5,335,0.114982
375.981,0.625,335,0.118673
375.981,0.75,335,0.122363
375.981,0.875,335,0.126054
375.981,1,335,0.129744
375.981,1.125,335,0.133434
375.981,1.25,335,0.137125
375.981,1.375,335,0.140815
375.981,1.5,335,0.144506
375.981,1.625,335,0.148196
375.981,1.75,335,0.151886
375.981,1.875,335,0.155577
375.981,2,335,0.159267
375.981,2.125,335,0.162958
375.981,2.25,335,0.166648
375.981,2.375,335,0.170338
375.981,2.5,335,0.174029
375.981,2.625,335,0.177719
375.981,2.75,335,0.18132
375.981,2.875,335,0.184293
375.981,3,335,0.187266
375.981,3.125,335,0.190239
375.981,3.25,335,0.193213
375.981,3.375,335,0.196186
375.981,3.5,335,0.199159
375.981,3.625,335,0.202132
375.981,3.75,335,0.205105
375.981,3.875,335,0.208079
375.981,4,335,0.211052
375.981,4.125,335,0.214025
375.981,4.25,335,0.216998
375.981,4.375,335,0.219971
375.981,4.5,335,0.222945
375.981,4.625,335,0.225918
375.981,4.75,335,0.228891
375.981,4.875,335,0.231864
375.981,5,335,0.234837
375.981,5.125,335,0.23781
375.981,5.25,335,0.240784
375.981,5.375,335,0.243757
375.981,5.5,335,0.24673
375.981,5.625,335,0.249703
375.981,5.75,335,0.252676
375.981,5.875,335,0.25565
375.981,6,335,0.258623
375.981,6.125,335,0.261596
375.981,6.25,335,0.264569
375.981,6.375,335,0.267542
375.981,6.5,335,0.270516
375.981,6.625,335,0.273489
375.981,6.75,335,0.276462
375.981,6.875,335,0.279435
375.981,7,335,0.282408
375.981,7.125,335,0.285382
375.981,7.25,335,0.288355
375.981,7.375,335,0.291328
375.981,7.5,335,0.294301
375.981,7.625,335,0.297274
375.981,7.75,335,0.300248
375.981,7.875,335,0.303221
375.981,8,335,0.306194
375.981,8.125,335,0.309167
375.981,8.25,335,0.311593
375.981,8.375,335,0.313106
375.981,8.5,335,0.31462
375.981,8.625,335,0.316133
375.981,8.75,335,0.317646
375.981,8.875,335,0.31916
375.981,9,335,0.320673
375.981,9.125,335,0.322187
375.981,9.25,335,0.3237
375.981,9.375,335,0.325214
375.981,9.5,335,0.326727
375.981,9.625,335,0.32824
375.981,9.75,335,0.329754
375.981,9.875,335,0.331267
375.981,10,335,0.332781
375.981,10.125,335,0.334294
375.981,10.25,335,0.335807
375.981,10.375,335,0.337321
375.981,10.5,335,0.338834
375.981,10.625,335,0.340348
375.981,10.75,335,0.341861
375.981,10.875,335,0.343374
375.981,11,335,0.344888
375.981,11.125,335,0.346401
375.981,11.25,335,0.347915
375.981,11.375,335,0.349428
375.981,11.5,335,0.350941
375.981,11.625,335,0.352455
375.981,11.75,335,0.353968
375.981,11.875,335,0.355482
375.981,12,335,0.356995
375.981,12.125,335,0.358509
375.981,12.25,335,0.360022
375.981,12.375,335,0.361535
375.981,12.5,335,0.363049
375.981,12.625,335,0.364562
375.981,12.75,335,0.366076
375.981,12.875,335,0.367589
375.981,13,335,0.369102
375.981,13.125,335,0.370616
375.981,13.25,335,0.372129
375.981,13.375,335,0.373643
375.981,13.5,335,0.375156
375.981,13.625,335,0.376669
375.981,13.75,335,0.377799
375.981,13.875,335,0.378699
375.981,14,335,0.379599
375.981,14.125,335,0.380499
375.981,14.25,335,0.381399
375.981,14.375,335,0.382298
375.981,14.5,335,0.383198
375.981,14.625,335,0.384098
375.981,14.75,335,0.384998
375.981,14.875,335,0.385897
375.981,15,335,0.386797
375.981,15.125,335,0.387697
375.981,15.25,335,0.388597
375.981,15.375,335,0.389497
375.981,15.5,335,0.390396
375.981,15.625,335,0.391296
375.981,15.75,335,0.392196
375.981,15.875,335,0.393096
375.981,16,335,0.393996
375.981,16.125,335,0.394895
375.981,16.25,335,0.395795
375.981,16.375,335,0.396695
375.981,16.5,335,0.397595
375.981,16.625,335,0.398495
375.981,16.75,335,0.399394
375.981,16.875,335,0.400294
375.981,17,335,0.401194
375.981,17.125,335,0.402094
375.981,17.25,335,0.402994
375.981,17.375,335,0.403893
375.981,17.5,335,0.404793
375.981,17.625,335,0.405693
375.981,17.75,335,0.406593
375.981,17.875,335,0.407493
375.981,18,335,0.408392
375.981,18.125,335,0.409292
375.981,18.25,335,0.410192
375.981,18.375,335,0.411092
375.981,18.5,335,0.411992
375.981,18.625,335,0.412891
375.981,18.75,335,0.413791
375.981,18.875,335,0.414691
375.981,19,335,0.415591
375.981,19.125,335,0.416491
375.981,19.25,335,0.417058
375.981,19.375,335,0.417578
375.981,19.5,335,0.418098
375.981,19.625,335,0.418618
375.981,19.75,335,0.419138
375.981,19.875,335,0.419657
375.981,20,335,0.420177
