x,y,z,b
375.981,0,335,0.0915368
375.981,0.125,335,0.0952347
375.981,0.25,335,0.0989327
375.981,0.375,335,0.102631
375.981,0.5,335,0.106329
375.981,0.625,335,0.110027
375.981,0.75,335,0.113724
375.981,0.875,335,0.117422
375.981,1,335,0.12112
375.981,1.125,335,0.124818
375.981,1.25,335,0.128516
375.981,1.375,335,0.132214
375.981,1.5,335,0.135912
375.981,1.625,335,0.13961
375.981,1.75,335,0.143308
375.981,1.875,335,0.147006
375.981,2,335,0.150704
375.981,2.125,335,0.154402
375.981,2.25,335,0.1581
375.981,2.375,335,0.161798
375.981,2.5,335,0.165496
375.981,2.625,335,0.169194
375.981,2.75,335,0.172802
375.981,2.875,335,0.175781
375.981,3,335,0.17876
375.981,3.125,335,0.18174
375.981,3.25,335,0.184719
375.981,3.375,335,0.187698
375.981,3.5,335,0.190677
375.981,3.625,335,0.193657
375.981,3.75,335,0.196636
375.981,3.875,335,0.199615
375.981,4,335,0.202595
375.981,4.125,335,0.205574
375.981,4.25,335,0.208553
375.981,4.375,335,0.211532
375.981,4.5,335,0.214512
375.981,4.625,335,0.217491
375.981,4.75,335,0.22047
375.981,4.875,335,0.223449
375.981,5,335,0.226429
375.981,5.125,335,0.229408
375.981,5.25,335,0.232387
375.981,5.375,335,0.235367
375.981,5.5,335,0.238346
375.981,5.625,335,0.241325
375.981,5.75,335,0.244304
375.981,5.875,335,0.247284
375.981,6,335,0.250263
375.981,6.125,335,0.253242
375.981,6.25,335,0.256222
375.981,6.375,335,0.259201
375.981,6.5,335,0.26218
375.981,6.625,335,0.265159
375.981,6.75,335,0.268139
375.981,6.875,335,0.271118
375.981,7,335,0.274097
375.981,7.125,335,0.277076
375.981,7.25,335,0.280056
375.981,7.375,335,0.283035
375.981,7.5,335,0.286014
375.981,7.625,335,0.288994
375.981,7.75,335,0.291973
375.981,7.875,335,0.294952
375.981,8,335,0.297931
375.981,8.125,335,0.300911
375.981,8.25,335,0.303404
375.981,8.375,335,0.305087
375.981,8.5,335,0.306771
375.981,8.625,335,0.308454
375.981,8.75,335,0.310138
375.981,8.875,335,0.311821
375.981,9,335,0.313505
375.981,9.125,335,0.315188
375.981,9.25,335,0.316871
375.981,9.375,335,0.318555
375.981,9.5,335,0.320238
375.981,9.625,335,0.321922
375.981,9.75,335,0.323605
375.981,9.875,335,0.325289
375.981,10,335,0.326972
375.981,10.125,335,0.328656
375.981,10.25,335,0.330339
375.981,10.375,335,0.332022
375.981,10.5,335,0.333706
375.981,10.625,335,0.335389
375.981,10.75,335,0.337073
375.981,10.875,335,0.338756
375.981,11,335,0.34044
375.981,11.125,335,0.342123
375.981,11.25,335,0.343806
375.981,11.375,335,0.34549
375.981,11.5,335,0.347173
375.981,11.625,335,0.348857
375.981,11.75,335,0.35054
375.981,11.875,335,0.352224
375.981,12,335,0.353907
375.981,12.125,335,0.35559
375.981,12.25,335,0.357274
375.981,12.375,335,0.358957
375.981,12.5,335,0.360641
375.981,12.625,335,0.362324
375.981,12.75,335,0.364008
375.981,12.875,335,0.365691
375.981,13,335,0.367375
375.981,13.125,335,0.369058
375.981,13.25,335,0.370741
375.981,13.375,335,0.372425
375.981,13.5,335,0.374108
375.981,13.625,335,0.375792
375.981,13.75,335,0.376944
375.981,13.875,335,0.377777
375.981,14,335,0.37861
375.981,14.125,335,0.379443
375.981,14.25,335,0.380276
375.981,14.375,335,0.381109
375.981,14.5,335,0.381941
375.981,14.625,335,0.382774
375.981,14.75,335,0.383607
375.981,14.875,335,0.38444
375.981,15,335,0.385273
375.981,15.125,335,0.386106
375.981,15.25,335,0.386939
375.981,15.375,335,0.387772
375.981,15.5,335,0.388605
375.981,15.625,335,0.389438
375.981,15.75,335,0.390271
375.981,15.875,335,0.391104
375.981,16,335,0.391937
375.981,16.125,335,0.39277
375.981,16.25,335,0.393603
375.981,16.375,335,0.394436
375.981,16.5,335,0.395269
375.981,16.625,335,0.396102
375.981,16.75,335,0.396935
375.981,16.875,335,0.397768
375.981,17,335,0.398601
375.981,17.125,335,0.399434
375.981,17.25,335,0.400267
375.981,17.375,335,0.4011
375.981,17.5,335,0.401933
375.981,17.625,335,0.402766
375.981,17.75,335,0.403599
375.981,17.875,335,0.404432
375.981,18,335,0.405265
375.981,18.125,335,0.406098
375.981,18.25,335,0.406931
375.981,18.375,335,0.407764
375.981,18.5,335,0.408597
375.981,18.625,335,0.40943
375.981,18.75,335,0.410263
375.981,18.875,335,0.411096
375.981,19,335,0.411929
375.981,19.125,335,0.412762
375.981,19.25,335,0.413252
375.981,19.375,335,0.413694
375.981,19.5,335,0.414136
375.981,19.625,335,0.414577
375.981,19.75,335,0.415019
375.981,19.875,335,0.415461
375.981,20,335,0.415903
