x,y,z,b
375.981,0,335,0.078927
375.981,0.125,335,0.082699
375.981,0.25,335,0.086471
375.981,0.375,335,0.090243
375.981,0.5,335,0.094015
375.981,0.625,335,0.097787
375.981,0.75,335,0.101559
375.981,0.875,335,0.105331
375.981,1,335,0.109103
375.981,1.125,335,0.112875
375.981,1.25,335,0.116647
375.981,1.375,335,0.120419
375.981,1.5,335,0.124191
375.981,1.625,335,0.127963
375.981,1.75,335,0.131735
375.981,1.875,335,0.135507
375.981,2,335,0.139279
375.981,2.125,335,0.143051
375.981,2.25,335,0.146823
375.981,2.375,335,0.150595
375.981,2.5,335,0.154367
375.981,2.625,335,0.158139
375.981,2.75,335,0.16182
375.981,2.875,335,0.164858
375.981,3,335,0.167897
375.981,3.125,335,0.170936
375.981,3.25,335,0.173975
375.981,3.375,335,0.177014
375.981,3.5,335,0.180053
375.981,3.625,335,0.183092
375.981,3.75,335,0.186131
375.981,3.875,335,0.18917
375.981,4,335,0.192209
375.981,4.125,335,0.195248
375.981,4.25,335,0.198287
375.981,4.375,335,0.201326
375.981,4.5,335,0.204365
375.981,4.625,335,0.207404
375.981,4.75,335,0.210443
375.981,4.875,335,0.213482
375.981,5,335,0.21652
375.981,5.125,335,0.219559
375.981,5.25,335,0.222598
375.981,5.375,335,0.225637
375.981,5.5,335,0.228676
375.981,5.625,335,0.231715
375.981,5.75,335,0.234754
375.981,5.875,335,0.237793
375.981,6,335,0.240832
375.981,6.125,335,0.243871
375.981,6.25,335,0.24691
375.981,6.375,335,0.249949
375.981,6.5,335,0.252988
375.981,6.625,335,0.256027
375.981,6.75,335,0.259066
375.981,6.875,335,0.262105
375.981,7,335,0.265144
375.981,7.125,335,0.268182
375.981,7.25,335,0.271221
375.981,7.375,335,0.27426
375.981,7.5,335,0.277299
375.981,7.625,335,0.280338
375.981,7.75,335,0.283377
375.981,7.875,335,0.286416
375.981,8,335,0.289455
375.981,8.125,335,0.292494
375.981,8.25,335,0.294923
375.981,8.375,335,0.296335
375.981,8.5,335,0.297746
375.981,8.625,335,0.299158
375.981,8.75,335,0.30057
375.981,8.875,335,0.301982
375.981,9,335,0.303394
375.981,9.125,335,0.304806
375.981,9.25,335,0.306218
375.981,9.375,335,0.307629
375.981,9.5,335,0.309041
375.981,9.625,335,0.310453
375.981,9.75,335,0.311865
375.981,9.875,335,0.313277
375.981,10,335,0.314689
375.981,10.125,335,0.3161
375.981,10.25,335,0.317512
375.981,10.375,335,0.318924
375.981,10.5,335,0.320336
375.981,10.625,335,0.321748
375.981,10.75,335,0.32316
375.981,10.875,335,0.324572
375.981,11,335,0.325983
375.981,11.125,335,0.327395
375.981,11.25,335,0.328807
375.981,11.375,335,0.330219
375.981,11.5,335,0.331631
375.981,11.625,335,0.333043
375.981,11.75,335,0.334455
375.981,11.875,335,0.335866
375.981,12,335,0.337278
375.981,12.125,335,0.33869
375.981,12.25,335,0.340102
375.981,12.375,335,0.341514
375.981,12.5,335,0.342926
375.981,12.625,335,0.344337
375.981,12.75,335,0.345749
375.981,12.875,335,0.347161
375.981,13,335,0.348573
375.981,13.125,335,0.349985
375.981,13.25,335,0.351397
375.981,13.375,335,0.352809
375.981,13.5,335,0.35422
375.981,13.625,335,0.355632
375.981,13.75,335,0.356742
375.981,13.875,335,0.35767
375.981,14,335,0.358597
375.981,14.125,335,0.359525
375.981,14.25,335,0.360453
375.981,14.375,335,0.361381
375.981,14.5,335,0.362309
375.981,14.625,335,0.363237
375.981,14.75,335,0.364165
375.981,14.875,335,0.365093
375.981,15,335,0.366021
375.981,15.125,335,0.366949
375.981,15.25,335,0.367877
375.981,15.375,335,0.368805
375.981,15.5,335,0.369732
375.981,15.625,335,0.37066
375.981,15.75,335,0.371588
375.981,15.875,335,0.372516
375.981,16,335,0.373444
375.981,16.125,335,0.374372
375.981,16.25,335,0.3753
375.981,16.375,335,0.376228
375.981,16.5,335,0.377156
375.981,16.625,335,0.378084
375.981,16.75,335,0.379012
375.981,16.875,335,0.37994
375.981,17,335,0.380867
375.981,17.125,335,0.381795
375.981,17.25,335,0.382723
375.981,17.375,335,0.383651
375.981,17.5,335,0.384579
375.981,17.625,335,0.385507
375.981,17.75,335,0.386435
375.981,17.875,335,0.387363
375.981,18,335,0.388291
375.981,18.125,335,0.389219
375.981,18.25,335,0.390147
375.981,18.375,335,0.391075
375.981,18.5,335,0.392002
375.981,18.625,335,0.39293
375.981,18.75,335,0.393858
375.981,18.875,335,0.394786
375.981,19,335,0.395714
375.981,19.125,335,0.396642
375.981,19.25,335,0.397363
375.981,19.375,335,0.398055
375.981,19.5,335,0.398747
375.981,19.625,335,0.399439
375.981,19.75,335,0.40013
375.981,19.875,335,0.400822
375.981,20,335,0.401514
