x,y,z,b
375.981,0,335,0.22962
375.981,0.125,335,0.23232
375.981,0.25,335,0.235021
375.981,0.375,335,0.237722
375.981,0.5,335,0.240423
375.981,0.625,335,0.243124
375.981,0.75,335,0.245824
375.981,0.875,335,0.248525
375.981,1,335,0.251226
375.981,1.125,335,0.253927
375.981,1.25,335,0.256628
375.981,1.375,335,0.259328
375.981,1.5,335,0.262029
375.981,1.625,335,0.26473
375.981,1.75,335,0.267431
375.981,1.875,335,0.270131
375.981,2,335,0.272832
375.981,2.125,335,0.275533
375.981,2.25,335,0.278234
375.981,2.375,335,0.280935
375.981,2.5,335,0.283635
375.981,2.625,335,0.286336
375.981,2.75,335,0.288971
375.981,2.875,335,0.291147
375.981,3,335,0.293323
375.981,3.125,335,0.295499
375.981,3.25,335,0.297675
375.981,3.375,335,0.299851
375.981,3.5,335,0.302027
375.981,3.625,335,0.304203
375.981,3.75,335,0.306379
375.981,3.875,335,0.308555
375.981,4,335,0.31073
375.981,4.125,335,0.312906
375.981,4.25,335,0.315082
375.981,4.375,335,0.317258
375.981,4.5,335,0.319434
375.981,4.625,335,0.32161
375.981,4.75,335,0.323786
375.981,4.875,335,0.325962
375.981,5,335,0.328138
375.981,5.125,335,0.330314
375.981,5.25,335,0.33249
375.981,5.375,335,0.334665
375.981,5.5,335,0.336841
375.981,5.625,335,0.339017
375.981,5.75,335,0.341193
375.981,5.875,335,0.343369
375.981,6,335,0.345545
375.981,6.125,335,0.347721
375.981,6.25,335,0.349897
375.981,6.375,335,0.352073
375.981,6.5,335,0.354249
375.981,6.625,335,0.356425
375.981,6.75,335,0.358601
375.981,6.875,335,0.360776
375.981,7,335,0.362952
375.981,7.125,335,0.365128
375.981,7.25,335,0.367304
375.981,7.375,335,0.36948
375.981,7.5,335,0.371656
375.981,7.625,335,0.373832
375.981,7.75,335,0.376008
375.981,7.875,335,0.378184
375.981,8,335,0.38036
375.981,8.125,335,0.382536
375.981,8.25,335,0.384192
375.981,8.375,335,0.384984
375.981,8.5,335,0.385776
375.981,8.625,335,0.386568
375.981,8.75,335,0.38736
375.981,8.875,335,0.388152
375.981,9,335,0.388944
375.981,9.125,335,0.389736
375.981,9.25,335,0.390528
375.981,9.375,335,0.39132
375.981,9.5,335,0.392112
375.981,9.625,335,0.392904
375.981,9.75,335,0.393696
375.981,9.875,335,0.394488
375.981,10,335,0.39528
375.981,10.125,335,0.396072
375.981,10.25,335,0.396863
375.981,10.375,335,0.397655
375.981,10.5,335,0.398447
375.981,10.625,335,0.399239
375.981,10.75,335,0.400031
375.981,10.875,335,0.400823
375.981,11,335,0.401615
375.981,11.125,335,0.402407
375.981,11.25,335,0.403199
375.981,11.375,335,0.403991
375.981,11.5,335,0.404783
375.981,11.625,335,0.405575
375.981,11.75,335,0.406367
375.981,11.875,335,0.407159
375.981,12,335,0.407951
375.981,12.125,335,0.408743
375.981,12.25,335,0.409535
375.981,12.375,335,0.410326
375.981,12.5,335,0.411118
375.981,12.625,335,0.41191
375.981,12.75,335,0.412702
375.981,12.875,335,0.413494
375.981,13,335,0.414286
375.981,13.125,335,0.415078
375.981,13.25,335,0.41587
375.981,13.375,335,0.416662
375.981,13.5,335,0.417454
375.981,13.625,335,0.418246
375.981,13.75,335,0.418688
375.981,13.875,335,0.418921
375.981,14,335,0.419153
375.981,14.125,335,0.419386
375.981,14.25,335,0.419618
375.981,14.375,335,0.419851
375.981,14.5,335,0.420083
375.981,14.625,335,0.420316
375.981,14.75,335,0.420548
375.981,14.875,335,0.420781
375.981,15,335,0.421013
375.981,15.125,335,0.421246
375.981,15.25,335,0.421478
375.981,15.375,335,0.421711
375.981,15.5,335,0.421943
375.981,15.625,335,0.422176
375.981,15.75,335,0.422408
375.981,15.875,335,0.422641
375.981,16,335,0.422873
375.981,16.125,335,0.423106
375.981,16.25,335,0.423338
375.981,16.375,335,0.423571
375.981,16.5,335,0.423803
375.981,16.625,335,0.424036
375.981,16.75,335,0.424269
375.981,16.875,335,0.424501
375.981,17,335,0.424734
375.981,17.125,335,0.424966
375.981,17.25,335,0.425199
375.981,17.375,335,0.425431
375.981,17.5,335,0.425664
375.981,17.625,335,0.425896
375.981,17.75,335,0.426129
375.981,17.875,335,0.426361
375.981,18,335,0.426594
375.981,18.125,335,0.426826
375.981,18.25,335,0.427059
375.981,18.375,335,0.427291
375.981,18.5,335,0.427524
375.981,18.625,335,0.427756
375.981,18.75,335,0.427989
375.981,18.875,335,0.428221
375.981,19,335,0.428454
375.981,19.125,335,0.428686
375.981,19.25,335,0.428933
375.981,19.375,335,0.429182
375.981,19.5,335,0.429431
375.981,19.625,335,0.42968
375.981,19.75,335,0.429929
375.981,19.875,335,0.430178
375.981,20,335,0.430427
