x,y,z,b
375.981,0,335,0.0977558
375.981,0.125,335,0.101422
375.981,0.25,335,0.105089
375.981,0.375,335,0.108755
375.981,0.5,335,0.112421
375.981,0.625,335,0.116088
375.981,0.75,335,0.119754
375.981,0.875,335,0.123421
375.981,1,335,0.127087
375.981,1.125,335,0.130753
375.981,1.25,335,0.13442
375.981,1.375,335,0.138086
375.981,1.5,335,0.141753
375.981,1.625,335,0.145419
375.981,1.75,335,0.149086
375.981,1.875,335,0.152752
375.981,2,335,0.156418
375.981,2.125,335,0.160085
375.981,2.25,335,0.163751
375.981,2.375,335,0.167418
375.981,2.5,335,0.171084
375.981,2.625,335,0.17475
375.981,2.75,335,0.178328
375.981,2.875,335,0.181282
375.981,3,335,0.184235
375.981,3.125,335,0.187189
375.981,3.25,335,0.190143
375.981,3.375,335,0.193097
375.981,3.5,335,0.196051
375.981,3.625,335,0.199005
375.981,3.75,335,0.201959
375.981,3.875,335,0.204913
375.981,4,335,0.207866
375.981,4.125,335,0.21082
375.981,4.25,335,0.213774
375.981,4.375,335,0.216728
375.981,4.5,335,0.219682
375.981,4.625,335,0.222636
375.981,4.75,335,0.22559
375.981,4.875,335,0.228543
375.981,5,335,0.231497
375.981,5.125,335,0.234451
375.981,5.25,335,0.237405
375.981,5.375,335,0.240359
375.981,5.5,335,0.243313
375.981,5.625,335,0.246267
375.981,5.75,335,0.249221
375.981,5.875,335,0.252174
375.981,6,335,0.255128
375.981,6.125,335,0.258082
375.981,6.25,335,0.261036
375.981,6.375,335,0.26399
375.981,6.5,335,0.266944
375.981,6.625,335,0.269898
375.981,6.75,335,0.272851
375.981,6.875,335,0.275805
375.981,7,335,0.278759
375.981,7.125,335,0.281713
375.981,7.25,335,0.284667
375.981,7.375,335,0.287621
375.981,7.5,335,0.290575
375.981,7.625,335,0.293528
375.981,7.75,335,0.296482
375.981,7.875,335,0.299436
375.981,8,335,0.30239
375.981,8.125,335,0.305344
375.981,8.25,335,0.307763
375.981,8.375,335,0.309291
375.981,8.5,335,0.310819
375.981,8.625,335,0.312347
375.981,8.75,335,0.313874
375.981,8.875,335,0.315402
375.981,9,335,0.31693
375.981,9.125,335,0.318458
375.981,9.25,335,0.319986
375.981,9.375,335,0.321514
375.981,9.5,335,0.323041
375.981,9.625,335,0.324569
375.981,9.75,335,0.326097
375.981,9.875,335,0.327625
375.981,10,335,0.329153
375.981,10.125,335,0.330681
375.981,10.25,335,0.332208
375.981,10.375,335,0.333736
375.981,10.5,335,0.335264
375.981,10.625,335,0.336792
375.981,10.75,335,0.33832
375.981,10.875,335,0.339848
375.981,11,335,0.341375
375.981,11.125,335,0.342903
375.981,11.25,335,0.344431
375.981,11.375,335,0.345959
375.981,11.5,335,0.347487
375.981,11.625,335,0.349015
375.981,11.75,335,0.350542
375.981,11.875,335,0.35207
375.981,12,335,0.353598
375.981,12.125,335,0.355126
375.981,12.25,335,0.356654
375.981,12.375,335,0.358182
375.981,12.5,335,0.359709
375.981,12.625,335,0.361237
375.981,12.75,335,0.362765
375.981,12.875,335,0.364293
375.981,13,335,0.365821
375.981,13.125,335,0.367349
375.981,13.25,335,0.368877
375.981,13.375,335,0.370404
375.981,13.5,335,0.371932
375.981,13.625,335,0.37346
375.981,13.75,335,0.374597
375.981,13.875,335,0.375499
375.981,14,335,0.376401
375.981,14.125,335,0.377302
375.981,14.25,335,0.378204
375.981,14.375,335,0.379106
375.981,14.5,335,0.380008
375.981,14.625,335,0.38091
375.981,14.75,335,0.381812
375.981,14.875,335,0.382714
375.981,15,335,0.383616
375.981,15.125,335,0.384518
375.981,15.25,335,0.38542
375.981,15.375,335,0.386322
375.981,15.5,335,0.387224
375.981,15.625,335,0.388126
375.981,15.75,335,0.389028
375.981,15.875,335,0.38993
375.981,16,335,0.390832
375.981,16.125,335,0.391733
375.981,16.25,335,0.392635
375.981,16.375,335,0.393537
375.981,16.5,335,0.394439
375.981,16.625,335,0.395341
375.981,16.75,335,0.396243
375.981,16.875,335,0.397145
375.981,17,335,0.398047
375.981,17.125,335,0.398949
375.981,17.25,335,0.399851
375.981,17.375,335,0.400753
375.981,17.5,335,0.401655
375.981,17.625,335,0.402557
375.981,17.75,335,0.403459
375.981,17.875,335,0.404361
375.981,18,335,0.405262
375.981,18.125,335,0.406164
375.981,18.25,335,0.407066
375.981,18.375,335,0.407968
375.981,18.5,335,0.40887
375.981,18.625,335,0.409772
375.981,18.75,335,0.410674
375.981,18.875,335,0.411576
375.981,19,335,0.412478
375.981,19.125,335,0.41338
375.981,19.25,335,0.413901
375.981,19.375,335,0.414367
375.981,19.5,335,0.414833
375.981,19.625,335,0.415299
375.981,19.75,335,0.415766
375.981,19.875,335,0.416232
375.981,20,335,0.416698
