x,y,z,b
375.981,0,335,0.0895355
375.981,0.125,335,0.0932701
375.981,0.25,335,0.0970047
375.981,0.375,335,0.100739
375.981,0.5,335,0.104474
375.981,0.625,335,0.108209
375.981,0.75,335,0.111943
375.981,0.875,335,0.115678
375.981,1,335,0.119412
375.981,1.125,335,0.123147
375.981,1.25,335,0.126882
375.981,1.375,335,0.130616
375.981,1.5,335,0.134351
375.981,1.625,335,0.138086
375.981,1.75,335,0.14182
375.981,1.875,335,0.145555
375.981,2,335,0.149289
375.981,2.125,335,0.153024
375.981,2.25,335,0.156759
375.981,2.375,335,0.160493
375.981,2.5,335,0.164228
375.981,2.625,335,0.167962
375.981,2.75,335,0.171606
375.981,2.875,335,0.174615
375.981,3,335,0.177624
375.981,3.125,335,0.180633
375.981,3.25,335,0.183642
375.981,3.375,335,0.18665
375.981,3.5,335,0.189659
375.981,3.625,335,0.192668
375.981,3.75,335,0.195677
375.981,3.875,335,0.198686
375.981,4,335,0.201695
375.981,4.125,335,0.204703
375.981,4.25,335,0.207712
375.981,4.375,335,0.210721
375.981,4.5,335,0.21373
375.981,4.625,335,0.216739
375.981,4.75,335,0.219747
375.981,4.875,335,0.222756
375.981,5,335,0.225765
375.981,5.125,335,0.228774
375.981,5.25,335,0.231783
375.981,5.375,335,0.234792
375.981,5.5,335,0.2378
375.981,5.625,335,0.240809
375.981,5.75,335,0.243818
375.981,5.875,335,0.246827
375.981,6,335,0.249836
375.981,6.125,335,0.252844
375.981,6.25,335,0.255853
375.981,6.375,335,0.258862
375.981,6.5,335,0.261871
375.981,6.625,335,0.26488
375.981,6.75,335,0.267889
375.981,6.875,335,0.270897
375.981,7,335,0.273906
375.981,7.125,335,0.276915
375.981,7.25,335,0.279924
375.981,7.375,335,0.282933
375.981,7.5,335,0.285941
375.981,7.625,335,0.28895
375.981,7.75,335,0.291959
375.981,7.875,335,0.294968
375.981,8,335,0.297977
375.981,8.125,335,0.300986
375.981,8.25,335,0.303446
375.981,8.375,335,0.304993
375.981,8.5,335,0.30654
375.981,8.625,335,0.308086
375.981,8.75,335,0.309633
375.981,8.875,335,0.31118
375.981,9,335,0.312726
375.981,9.125,335,0.314273
375.981,9.25,335,0.31582
375.981,9.375,335,0.317367
375.981,9.5,335,0.318913
375.981,9.625,335,0.32046
375.981,9.75,335,0.322007
375.981,9.875,335,0.323554
375.981,10,335,0.3251
375.981,10.125,335,0.326647
375.981,10.25,335,0.328194
375.981,10.375,335,0.329741
375.981,10.5,335,0.331287
375.981,10.625,335,0.332834
375.981,10.75,335,0.334381
375.981,10.875,335,0.335928
375.981,11,335,0.337474
375.981,11.125,335,0.339021
375.981,11.25,335,0.340568
375.981,11.375,335,0.342115
375.981,11.5,335,0.343661
375.981,11.625,335,0.345208
375.981,11.75,335,0.346755
375.981,11.875,335,0.348302
375.981,12,335,0.349848
375.981,12.125,335,0.351395
375.981,12.25,335,0.352942
375.981,12.375,335,0.354488
375.981,12.5,335,0.356035
375.981,12.625,335,0.357582
375.981,12.75,335,0.359129
375.981,12.875,335,0.360675
375.981,13,335,0.362222
375.981,13.125,335,0.363769
375.981,13.25,335,0.365316
375.981,13.375,335,0.366862
375.981,13.5,335,0.368409
375.981,13.625,335,0.369956
375.981,13.75,335,0.371108
375.981,13.875,335,0.372025
375.981,14,335,0.372941
375.981,14.125,335,0.373857
375.981,14.25,335,0.374773
375.981,14.375,335,0.375689
375.981,14.5,335,0.376605
375.981,14.625,335,0.377521
375.981,14.75,335,0.378437
375.981,14.875,335,0.379353
375.981,15,335,0.380269
375.981,15.125,335,0.381186
375.981,15.25,335,0.382102
375.981,15.375,335,0.383018
375.981,15.5,335,0.383934
375.981,15.625,335,0.38485
375.981,15.75,335,0.385766
375.981,15.875,335,0.386682
375.981,16,335,0.387598
375.981,16.125,335,0.388514
375.981,16.25,335,0.38943
375.981,16.375,335,0.390346
375.981,16.5,335,0.391263
375.981,16.625,335,0.392179
375.981,16.75,335,0.393095
375.981,16.875,335,0.394011
375.981,17,335,0.394927
375.981,17.125,335,0.395843
375.981,17.25,335,0.396759
375.981,17.375,335,0.397675
375.981,17.5,335,0.398591
375.981,17.625,335,0.399507
375.981,17.75,335,0.400424
375.981,17.875,335,0.40134
375.981,18,335,0.402256
375.981,18.125,335,0.403172
375.981,18.25,335,0.404088
375.981,18.375,335,0.405004
375.981,18.5,335,0.40592
375.981,18.625,335,0.406836
375.981,18.75,335,0.407752
375.981,18.875,335,0.408668
375.981,19,335,0.409584
375.981,19.125,335,0.410501
375.981,19.25,335,0.41115
375.981,19.375,335,0.411762
375.981,19.5,335,0.412373
375.981,19.625,335,0.412985
375.981,19.75,335,0.413596
375.981,19.875,335,0.414208
375.981,20,335,0.41482
