x,y,z,b
375.981,0,335,0.0975964
375.981,0.125,335,0.10126
375.981,0.25,335,0.104924
375.981,0.375,335,0.108587
375.981,0.5,335,0.112251
375.981,0.625,335,0.115915
375.981,0.75,335,0.119578
375.981,0.875,335,0.123242
375.981,1,335,0.126906
375.981,1.125,335,0.130569
375.981,1.25,335,0.134233
375.981,1.375,335,0.137897
375.981,1.5,335,0.14156
375.981,1.625,335,0.145224
375.981,1.75,335,0.148888
375.981,1.875,335,0.152551
375.981,2,335,0.156215
375.981,2.125,335,0.159878
375.981,2.25,335,0.163542
375.981,2.375,335,0.167206
375.981,2.5,335,0.170869
375.981,2.625,335,0.174533
375.981,2.75,335,0.178108
375.981,2.875,335,0.181059
375.981,3,335,0.184011
375.981,3.125,335,0.186963
375.981,3.25,335,0.189914
375.981,3.375,335,0.192866
375.981,3.5,335,0.195818
375.981,3.625,335,0.198769
375.981,3.75,335,0.201721
375.981,3.875,335,0.204673
375.981,4,335,0.207624
375.981,4.125,335,0.210576
375.981,4.25,335,0.213527
375.981,4.375,335,0.216479
375.981,4.5,335,0.219431
375.981,4.625,335,0.222382
375.981,4.75,335,0.225334
375.981,4.875,335,0.228286
375.981,5,335,0.231237
375.981,5.125,335,0.234189
375.981,5.25,335,0.237141
375.981,5.375,335,0.240092
375.981,5.5,335,0.243044
375.981,5.625,335,0.245996
375.981,5.75,335,0.248947
375.981,5.875,335,0.251899
375.981,6,335,0.25485
375.981,6.125,335,0.257802
375.981,6.25,335,0.260754
375.981,6.375,335,0.263705
375.981,6.5,335,0.266657
375.981,6.625,335,0.269609
375.981,6.75,335,0.27256
375.981,6.875,335,0.275512
375.981,7,335,0.278464
375.981,7.125,335,0.281415
375.981,7.25,335,0.284367
375.981,7.375,335,0.287319
375.981,7.5,335,0.29027
375.981,7.625,335,0.293222
375.981,7.75,335,0.296173
375.981,7.875,335,0.299125
375.981,8,335,0.302077
375.981,8.125,335,0.305028
375.981,8.25,335,0.307447
375.981,8.375,335,0.308976
375.981,8.5,335,0.310506
375.981,8.625,335,0.312036
375.981,8.75,335,0.313565
375.981,8.875,335,0.315095
375.981,9,335,0.316625
375.981,9.125,335,0.318154
375.981,9.25,335,0.319684
375.981,9.375,335,0.321213
375.981,9.5,335,0.322743
375.981,9.625,335,0.324273
375.981,9.75,335,0.325802
375.981,9.875,335,0.327332
375.981,10,335,0.328862
375.981,10.125,335,0.330391
375.981,10.25,335,0.331921
375.981,10.375,335,0.33345
375.981,10.5,335,0.33498
375.981,10.625,335,0.33651
375.981,10.75,335,0.338039
375.981,10.875,335,0.339569
375.981,11,335,0.341099
375.981,11.125,335,0.342628
375.981,11.25,335,0.344158
375.981,11.375,335,0.345687
375.981,11.5,335,0.347217
375.981,11.625,335,0.348747
375.981,11.75,335,0.350276
375.981,11.875,335,0.351806
375.981,12,335,0.353336
375.981,12.125,335,0.354865
375.981,12.25,335,0.356395
375.981,12.375,335,0.357924
375.981,12.5,335,0.359454
375.981,12.625,335,0.360984
375.981,12.75,335,0.362513
375.981,12.875,335,0.364043
375.981,13,335,0.365573
375.981,13.125,335,0.367102
375.981,13.25,335,0.368632
375.981,13.375,335,0.370161
375.981,13.5,335,0.371691
375.981,13.625,335,0.373221
375.981,13.75,335,0.374356
375.981,13.875,335,0.375254
375.981,14,335,0.376152
375.981,14.125,335,0.377051
375.981,14.25,335,0.377949
375.981,14.375,335,0.378847
375.981,14.5,335,0.379746
375.981,14.625,335,0.380644
375.981,14.75,335,0.381542
375.981,14.875,335,0.38244
375.981,15,335,0.383339
375.981,15.125,335,0.384237
375.981,15.25,335,0.385135
375.981,15.375,335,0.386034
375.981,15.5,335,0.386932
375.981,15.625,335,0.38783
375.981,15.75,335,0.388729
375.981,15.875,335,0.389627
375.981,16,335,0.390525
375.981,16.125,335,0.391424
375.981,16.25,335,0.392322
375.981,16.375,335,0.39322
375.981,16.5,335,0.394118
375.981,16.625,335,0.395017
375.981,16.75,335,0.395915
375.981,16.875,335,0.396813
375.981,17,335,0.397712
375.981,17.125,335,0.39861
375.981,17.25,335,0.399508
375.981,17.375,335,0.400407
375.981,17.5,335,0.401305
375.981,17.625,335,0.402203
375.981,17.75,335,0.403101
375.981,17.875,335,0.404
375.981,18,335,0.404898
375.981,18.125,335,0.405796
375.981,18.25,335,0.406695
375.981,18.375,335,0.407593
375.981,18.5,335,0.408491
375.981,18.625,335,0.40939
375.981,18.75,335,0.410288
375.981,18.875,335,0.411186
375.981,19,335,0.412084
375.981,19.125,335,0.412983
375.981,19.25,335,0.413496
375.981,19.375,335,0.413954
375.981,19.5,335,0.414412
375.981,19.625,335,0.41487
375.981,19.75,335,0.415328
375.981,19.875,335,0.415786
375.981,20,335,0.416244
