x,y,z,b
375.981,0,335,0.0923003
375.981,0.125,335,0.0960835
375.981,0.25,335,0.0998666
375.981,0.375,335,0.10365
375.981,0.5,335,0.107433
375.981,0.625,335,0.111216
375.981,0.75,335,0.114999
375.981,0.875,335,0.118782
375.981,1,335,0.122565
375.981,1.125,335,0.126349
375.981,1.25,335,0.130132
375.981,1.375,335,0.133915
375.981,1.5,335,0.137698
375.981,1.625,335,0.141481
375.981,1.75,335,0.145264
375.981,1.875,335,0.149047
375.981,2,335,0.15283
375.981,2.125,335,0.156614
375.981,2.25,335,0.160397
375.981,2.375,335,0.16418
375.981,2.5,335,0.167963
375.981,2.625,335,0.171746
375.981,2.75,335,0.175437
375.981,2.875,335,0.178485
375.981,3,335,0.181533
375.981,3.125,335,0.184581
375.981,3.25,335,0.187629
375.981,3.375,335,0.190677
375.981,3.5,335,0.193725
375.981,3.625,335,0.196773
375.981,3.75,335,0.199821
375.981,3.875,335,0.202869
375.981,4,335,0.205916
375.981,4.125,335,0.208964
375.981,4.25,335,0.212012
375.981,4.375,335,0.21506
375.981,4.5,335,0.218108
375.981,4.625,335,0.221156
375.981,4.75,335,0.224204
375.981,4.875,335,0.227252
375.981,5,335,0.2303
375.981,5.125,335,0.233348
375.981,5.25,335,0.236396
375.981,5.375,335,0.239443
375.981,5.5,335,0.242491
375.981,5.625,335,0.245539
375.981,5.75,335,0.248587
375.981,5.875,335,0.251635
375.981,6,335,0.254683
375.981,6.125,335,0.257731
375.981,6.25,335,0.260779
375.981,6.375,335,0.263827
375.981,6.5,335,0.266875
375.981,6.625,335,0.269922
375.981,6.75,335,0.27297
375.981,6.875,335,0.276018
375.981,7,335,0.279066
375.981,7.125,335,0.282114
375.981,7.25,335,0.285162
375.981,7.375,335,0.28821
375.981,7.5,335,0.291258
375.981,7.625,335,0.294306
375.981,7.75,335,0.297354
375.981,7.875,335,0.300402
375.981,8,335,0.303449
375.981,8.125,335,0.306497
375.981,8.25,335,0.309038
375.981,8.375,335,0.310735
375.981,8.5,335,0.312431
375.981,8.625,335,0.314127
375.981,8.75,335,0.315824
375.981,8.875,335,0.31752
375.981,9,335,0.319216
375.981,9.125,335,0.320913
375.981,9.25,335,0.322609
375.981,9.375,335,0.324305
375.981,9.5,335,0.326002
375.981,9.625,335,0.327698
375.981,9.75,335,0.329394
375.981,9.875,335,0.33109
375.981,10,335,0.332787
375.981,10.125,335,0.334483
375.981,10.25,335,0.336179
375.981,10.375,335,0.337876
375.981,10.5,335,0.339572
375.981,10.625,335,0.341268
375.981,10.75,335,0.342965
375.981,10.875,335,0.344661
375.981,11,335,0.346357
375.981,11.125,335,0.348054
375.981,11.25,335,0.34975
375.981,11.375,335,0.351446
375.981,11.5,335,0.353142
375.981,11.625,335,0.354839
375.981,11.75,335,0.356535
375.981,11.875,335,0.358231
375.981,12,335,0.359928
375.981,12.125,335,0.361624
375.981,12.25,335,0.36332
375.981,12.375,335,0.365017
375.981,12.5,335,0.366713
375.981,12.625,335,0.368409
375.981,12.75,335,0.370106
375.981,12.875,335,0.371802
375.981,13,335,0.373498
375.981,13.125,335,0.375194
375.981,13.25,335,0.376891
375.981,13.375,335,0.378587
375.981,13.5,335,0.380283
375.981,13.625,335,0.38198
375.981,13.75,335,0.383109
375.981,13.875,335,0.383898
375.981,14,335,0.384686
375.981,14.125,335,0.385475
375.981,14.25,335,0.386264
375.981,14.375,335,0.387053
375.981,14.5,335,0.387841
375.981,14.625,335,0.38863
375.981,14.75,335,0.389419
375.981,14.875,335,0.390208
375.981,15,335,0.390996
375.981,15.125,335,0.391785
375.981,15.25,335,0.392574
375.981,15.375,335,0.393362
375.981,15.5,335,0.394151
375.981,15.625,335,0.39494
375.981,15.75,335,0.395729
375.981,15.875,335,0.396517
375.981,16,335,0.397306
375.981,16.125,335,0.398095
375.981,16.25,335,0.398884
375.981,16.375,335,0.399672
375.981,16.5,335,0.400461
375.981,16.625,335,0.40125
375.981,16.75,335,0.402039
375.981,16.875,335,0.402827
375.981,17,335,0.403616
375.981,17.125,335,0.404405
375.981,17.25,335,0.405194
375.981,17.375,335,0.405982
375.981,17.5,335,0.406771
375.981,17.625,335,0.40756
375.981,17.75,335,0.408349
375.981,17.875,335,0.409137
375.981,18,335,0.409926
375.981,18.125,335,0.410715
375.981,18.25,335,0.411504
375.981,18.375,335,0.412292
375.981,18.5,335,0.413081
375.981,18.625,335,0.41387
375.981,18.75,335,0.414659
375.981,18.875,335,0.415447
375.981,19,335,0.416236
375.981,19.125,335,0.417025
375.981,19.25,335,0.417462
375.981,19.375,335,0.417848
375.981,19.5,335,0.418235
375.981,19.625,335,0.418621
375.981,19.75,335,0.419008
375.981,19.875,335,0.419394
375.981,20,335,0.419781
