x,y,z,b
375.981,0,335,0.0789129
375.981,0.125,335,0.0826846
375.981,0.25,335,0.0864563
375.981,0.375,335,0.090228
375.981,0.5,335,0.0939998
375.981,0.625,335,0.0977715
375.981,0.75,335,0.101543
375.981,0.875,335,0.105315
375.981,1,335,0.109087
375.981,1.125,335,0.112858
375.981,1.25,335,0.11663
375.981,1.375,335,0.120402
375.981,1.5,335,0.124174
375.981,1.625,335,0.127945
375.981,1.75,335,0.131717
375.981,1.875,335,0.135489
375.981,2,335,0.13926
375.981,2.125,335,0.143032
375.981,2.25,335,0.146804
375.981,2.375,335,0.150576
375.981,2.5,335,0.154347
375.981,2.625,335,0.158119
375.981,2.75,335,0.161799
375.981,2.875,335,0.164838
375.981,3,335,0.167877
375.981,3.125,335,0.170915
375.981,3.25,335,0.173954
375.981,3.375,335,0.176993
375.981,3.5,335,0.180031
375.981,3.625,335,0.18307
375.981,3.75,335,0.186109
375.981,3.875,335,0.189148
375.981,4,335,0.192186
375.981,4.125,335,0.195225
375.981,4.25,335,0.198264
375.981,4.375,335,0.201302
375.981,4.5,335,0.204341
375.981,4.625,335,0.20738
375.981,4.75,335,0.210419
375.981,4.875,335,0.213457
375.981,5,335,0.216496
375.981,5.125,335,0.219535
375.981,5.25,335,0.222574
375.981,5.375,335,0.225612
375.981,5.5,335,0.228651
375.981,5.625,335,0.23169
375.981,5.75,335,0.234728
375.981,5.875,335,0.237767
375.981,6,335,0.240806
375.981,6.125,335,0.243845
375.981,6.25,335,0.246883
375.981,6.375,335,0.249922
375.981,6.5,335,0.252961
375.981,6.625,335,0.255999
375.981,6.75,335,0.259038
375.981,6.875,335,0.262077
375.981,7,335,0.265116
375.981,7.125,335,0.268154
375.981,7.25,335,0.271193
375.981,7.375,335,0.274232
375.981,7.5,335,0.27727
375.981,7.625,335,0.280309
375.981,7.75,335,0.283348
375.981,7.875,335,0.286387
375.981,8,335,0.289425
375.981,8.125,335,0.292464
375.981,8.25,335,0.294893
375.981,8.375,335,0.296305
375.981,8.5,335,0.297718
375.981,8.625,335,0.29913
375.981,8.75,335,0.300543
375.981,8.875,335,0.301955
375.981,9,335,0.303368
375.981,9.125,335,0.30478
375.981,9.25,335,0.306193
375.981,9.375,335,0.307605
375.981,9.5,335,0.309017
375.981,9.625,335,0.31043
375.981,9.75,335,0.311842
375.981,9.875,335,0.313255
375.981,10,335,0.314667
375.981,10.125,335,0.31608
375.981,10.25,335,0.317492
375.981,10.375,335,0.318905
375.981,10.5,335,0.320317
375.981,10.625,335,0.32173
375.981,10.75,335,0.323142
375.981,10.875,335,0.324555
375.981,11,335,0.325967
375.981,11.125,335,0.32738
375.981,11.25,335,0.328792
375.981,11.375,335,0.330205
375.981,11.5,335,0.331617
375.981,11.625,335,0.333029
375.981,11.75,335,0.334442
375.981,11.875,335,0.335854
375.981,12,335,0.337267
375.981,12.125,335,0.338679
375.981,12.25,335,0.340092
375.981,12.375,335,0.341504
375.981,12.5,335,0.342917
375.981,12.625,335,0.344329
375.981,12.75,335,0.345742
375.981,12.875,335,0.347154
375.981,13,335,0.348567
375.981,13.125,335,0.349979
375.981,13.25,335,0.351392
375.981,13.375,335,0.352804
375.981,13.5,335,0.354216
375.981,13.625,335,0.355629
375.981,13.75,335,0.356739
375.981,13.875,335,0.357666
375.981,14,335,0.358594
375.981,14.125,335,0.359522
375.981,14.25,335,0.36045
375.981,14.375,335,0.361378
375.981,14.5,335,0.362306
375.981,14.625,335,0.363234
375.981,14.75,335,0.364162
375.981,14.875,335,0.36509
375.981,15,335,0.366018
375.981,15.125,335,0.366946
375.981,15.25,335,0.367874
375.981,15.375,335,0.368802
375.981,15.5,335,0.369729
375.981,15.625,335,0.370657
375.981,15.75,335,0.371585
375.981,15.875,335,0.372513
375.981,16,335,0.373441
375.981,16.125,335,0.374369
375.981,16.25,335,0.375297
375.981,16.375,335,0.376225
375.981,16.5,335,0.377153
375.981,16.625,335,0.378081
375.981,16.75,335,0.379009
375.981,16.875,335,0.379937
375.981,17,335,0.380865
375.981,17.125,335,0.381792
375.981,17.25,335,0.38272
375.981,17.375,335,0.383648
375.981,17.5,335,0.384576
375.981,17.625,335,0.385504
375.981,17.75,335,0.386432
375.981,17.875,335,0.38736
375.981,18,335,0.388288
375.981,18.125,335,0.389216
375.981,18.25,335,0.390144
375.981,18.375,335,0.391072
375.981,18.5,335,0.392
375.981,18.625,335,0.392928
375.981,18.75,335,0.393855
375.981,18.875,335,0.394783
375.981,19,335,0.395711
375.981,19.125,335,0.396639
375.981,19.25,335,0.39736
375.981,19.375,335,0.398052
375.981,19.5,335,0.398743
375.981,19.625,335,0.399435
375.981,19.75,335,0.400126
375.981,19.875,335,0.400818
375.981,20,335,0.401509
