x,y,z,b
375.981,0,335,0.231717
375.981,0.125,335,0.234394
375.981,0.25,335,0.237071
375.981,0.375,335,0.239748
375.981,0.5,335,0.242426
375.981,0.625,335,0.245103
375.981,0.75,335,0.24778
375.981,0.875,335,0.250457
375.981,1,335,0.253135
375.981,1.125,335,0.255812
375.981,1.25,335,0.258489
375.981,1.375,335,0.261166
375.981,1.5,335,0.263844
375.981,1.625,335,0.266521
375.981,1.75,335,0.269198
375.981,1.875,335,0.271875
375.981,2,335,0.274553
375.981,2.125,335,0.27723
375.981,2.25,335,0.279907
375.981,2.375,335,0.282584
375.981,2.5,335,0.285261
375.981,2.625,335,0.287939
375.981,2.75,335,0.290551
375.981,2.875,335,0.292708
375.981,3,335,0.294865
375.981,3.125,335,0.297022
375.981,3.25,335,0.299179
375.981,3.375,335,0.301336
375.981,3.5,335,0.303493
375.981,3.625,335,0.305649
375.981,3.75,335,0.307806
375.981,3.875,335,0.309963
375.981,4,335,0.31212
375.981,4.125,335,0.314277
375.981,4.25,335,0.316434
375.981,4.375,335,0.318591
375.981,4.5,335,0.320748
375.981,4.625,335,0.322905
375.981,4.75,335,0.325062
375.981,4.875,335,0.327219
375.981,5,335,0.329376
375.981,5.125,335,0.331533
375.981,5.25,335,0.33369
375.981,5.375,335,0.335847
375.981,5.5,335,0.338003
375.981,5.625,335,0.34016
375.981,5.75,335,0.342317
375.981,5.875,335,0.344474
375.981,6,335,0.346631
375.981,6.125,335,0.348788
375.981,6.25,335,0.350945
375.981,6.375,335,0.353102
375.981,6.5,335,0.355259
375.981,6.625,335,0.357416
375.981,6.75,335,0.359573
375.981,6.875,335,0.36173
375.981,7,335,0.363887
375.981,7.125,335,0.366044
375.981,7.25,335,0.368201
375.981,7.375,335,0.370357
375.981,7.5,335,0.372514
375.981,7.625,335,0.374671
375.981,7.75,335,0.376828
375.981,7.875,335,0.378985
375.981,8,335,0.381142
375.981,8.125,335,0.383299
375.981,8.25,335,0.384937
375.981,8.375,335,0.38571
375.981,8.5,335,0.386483
375.981,8.625,335,0.387257
375.981,8.75,335,0.38803
375.981,8.875,335,0.388803
375.981,9,335,0.389576
375.981,9.125,335,0.390349
375.981,9.25,335,0.391122
375.981,9.375,335,0.391895
375.981,9.5,335,0.392669
375.981,9.625,335,0.393442
375.981,9.75,335,0.394215
375.981,9.875,335,0.394988
375.981,10,335,0.395761
375.981,10.125,335,0.396534
375.981,10.25,335,0.397307
375.981,10.375,335,0.398081
375.981,10.5,335,0.398854
375.981,10.625,335,0.399627
375.981,10.75,335,0.4004
375.981,10.875,335,0.401173
375.981,11,335,0.401946
375.981,11.125,335,0.402719
375.981,11.25,335,0.403493
375.981,11.375,335,0.404266
375.981,11.5,335,0.405039
375.981,11.625,335,0.405812
375.981,11.75,335,0.406585
375.981,11.875,335,0.407358
375.981,12,335,0.408132
375.981,12.125,335,0.408905
375.981,12.25,335,0.409678
375.981,12.375,335,0.410451
375.981,12.5,335,0.411224
375.981,12.625,335,0.411997
375.981,12.75,335,0.41277
375.981,12.875,335,0.413544
375.981,13,335,0.414317
375.981,13.125,335,0.41509
375.981,13.25,335,0.415863
375.981,13.375,335,0.416636
375.981,13.5,335,0.417409
375.981,13.625,335,0.418182
375.981,13.75,335,0.418612
375.981,13.875,335,0.418835
375.981,14,335,0.419058
375.981,14.125,335,0.419282
375.981,14.25,335,0.419505
375.981,14.375,335,0.419728
375.981,14.5,335,0.419952
375.981,14.625,335,0.420175
375.981,14.75,335,0.420398
375.981,14.875,335,0.420621
375.981,15,335,0.420845
375.981,15.125,335,0.421068
375.981,15.25,335,0.421291
375.981,15.375,335,0.421515
375.981,15.5,335,0.421738
375.981,15.625,335,0.421961
375.981,15.75,335,0.422184
375.981,15.875,335,0.422408
375.981,16,335,0.422631
375.981,16.125,335,0.422854
375.981,16.25,335,0.423078
375.981,16.375,335,0.423301
375.981,16.5,335,0.423524
375.981,16.625,335,0.423747
375.981,16.75,335,0.423971
375.981,16.875,335,0.424194
375.981,17,335,0.424417
375.981,17.125,335,0.424641
375.981,17.25,335,0.424864
375.981,17.375,335,0.425087
375.981,17.5,335,0.42531
375.981,17.625,335,0.425534
375.981,17.75,335,0.425757
375.981,17.875,335,0.42598
375.981,18,335,0.426204
375.981,18.125,335,0.426427
375.981,18.25,335,0.42665
375.981,18.375,335,0.426873
375.981,18.5,335,0.427097
375.981,18.625,335,0.42732
375.981,18.75,335,0.427543
375.981,18.875,335,0.427767
375.981,19,335,0.42799
375.981,19.125,335,0.428213
375.981,19.25,335,0.428461
375.981,19.375,335,0.428712
375.981,19.5,335,0.428963
375.981,19.625,335,0.429214
375.981,19.75,335,0.429465
375.981,19.875,335,0.429716
375.981,20,335,0.429967
