x,y,z,b
375.981,0,335,0.0932253
375.981,0.125,335,0.0968677
375.981,0.25,335,0.10051
375.981,0.375,335,0.104152
375.981,0.5,335,0.107795
375.981,0.625,335,0.111437
375.981,0.75,335,0.11508
375.981,0.875,335,0.118722
375.981,1,335,0.122365
375.981,1.125,335,0.126007
375.981,1.25,335,0.129649
375.981,1.375,335,0.133292
375.981,1.5,335,0.136934
375.981,1.625,335,0.140577
375.981,1.75,335,0.144219
375.981,1.875,335,0.147861
375.981,2,335,0.151504
375.981,2.125,335,0.155146
375.981,2.25,335,0.158789
375.981,2.375,335,0.162431
375.981,2.5,335,0.166073
375.981,2.625,335,0.169716
375.981,2.75,335,0.17327
375.981,2.875,335,0.176204
375.981,3,335,0.179139
375.981,3.125,335,0.182073
375.981,3.25,335,0.185008
375.981,3.375,335,0.187942
375.981,3.5,335,0.190877
375.981,3.625,335,0.193811
375.981,3.75,335,0.196746
375.981,3.875,335,0.19968
375.981,4,335,0.202615
375.981,4.125,335,0.205549
375.981,4.25,335,0.208484
375.981,4.375,335,0.211419
375.981,4.5,335,0.214353
375.981,4.625,335,0.217288
375.981,4.75,335,0.220222
375.981,4.875,335,0.223157
375.981,5,335,0.226091
375.981,5.125,335,0.229026
375.981,5.25,335,0.23196
375.981,5.375,335,0.234895
375.981,5.5,335,0.237829
375.981,5.625,335,0.240764
375.981,5.75,335,0.243698
375.981,5.875,335,0.246633
375.981,6,335,0.249567
375.981,6.125,335,0.252502
375.981,6.25,335,0.255436
375.981,6.375,335,0.258371
375.981,6.5,335,0.261305
375.981,6.625,335,0.26424
375.981,6.75,335,0.267175
375.981,6.875,335,0.270109
375.981,7,335,0.273044
375.981,7.125,335,0.275978
375.981,7.25,335,0.278913
375.981,7.375,335,0.281847
375.981,7.5,335,0.284782
375.981,7.625,335,0.287716
375.981,7.75,335,0.290651
375.981,7.875,335,0.293585
375.981,8,335,0.29652
375.981,8.125,335,0.299454
375.981,8.25,335,0.301889
375.981,8.375,335,0.303489
375.981,8.5,335,0.30509
375.981,8.625,335,0.306691
375.981,8.75,335,0.308292
375.981,8.875,335,0.309892
375.981,9,335,0.311493
375.981,9.125,335,0.313094
375.981,9.25,335,0.314694
375.981,9.375,335,0.316295
375.981,9.5,335,0.317896
375.981,9.625,335,0.319497
375.981,9.75,335,0.321097
375.981,9.875,335,0.322698
375.981,10,335,0.324299
375.981,10.125,335,0.325899
375.981,10.25,335,0.3275
375.981,10.375,335,0.329101
375.981,10.5,335,0.330702
375.981,10.625,335,0.332302
375.981,10.75,335,0.333903
375.981,10.875,335,0.335504
375.981,11,335,0.337105
375.981,11.125,335,0.338705
375.981,11.25,335,0.340306
375.981,11.375,335,0.341907
375.981,11.5,335,0.343507
375.981,11.625,335,0.345108
375.981,11.75,335,0.346709
375.981,11.875,335,0.34831
375.981,12,335,0.34991
375.981,12.125,335,0.351511
375.981,12.25,335,0.353112
375.981,12.375,335,0.354712
375.981,12.5,335,0.356313
375.981,12.625,335,0.357914
375.981,12.75,335,0.359515
375.981,12.875,335,0.361115
375.981,13,335,0.362716
375.981,13.125,335,0.364317
375.981,13.25,335,0.365918
375.981,13.375,335,0.367518
375.981,13.5,335,0.369119
375.981,13.625,335,0.37072
375.981,13.75,335,0.37184
375.981,13.875,335,0.372673
375.981,14,335,0.373505
375.981,14.125,335,0.374338
375.981,14.25,335,0.37517
375.981,14.375,335,0.376003
375.981,14.5,335,0.376835
375.981,14.625,335,0.377668
375.981,14.75,335,0.378501
375.981,14.875,335,0.379333
375.981,15,335,0.380166
375.981,15.125,335,0.380998
375.981,15.25,335,0.381831
375.981,15.375,335,0.382663
375.981,15.5,335,0.383496
375.981,15.625,335,0.384328
375.981,15.75,335,0.385161
375.981,15.875,335,0.385993
375.981,16,335,0.386826
375.981,16.125,335,0.387658
375.981,16.25,335,0.388491
375.981,16.375,335,0.389323
375.981,16.5,335,0.390156
375.981,16.625,335,0.390989
375.981,16.75,335,0.391821
375.981,16.875,335,0.392654
375.981,17,335,0.393486
375.981,17.125,335,0.394319
375.981,17.25,335,0.395151
375.981,17.375,335,0.395984
375.981,17.5,335,0.396816
375.981,17.625,335,0.397649
375.981,17.75,335,0.398481
375.981,17.875,335,0.399314
375.981,18,335,0.400146
375.981,18.125,335,0.400979
375.981,18.25,335,0.401811
375.981,18.375,335,0.402644
375.981,18.5,335,0.403477
375.981,18.625,335,0.404309
375.981,18.75,335,0.405142
375.981,18.875,335,0.405974
375.981,19,335,0.406807
375.981,19.125,335,0.407639
375.981,19.25,335,0.408171
375.981,19.375,335,0.40866
375.981,19.5,335,0.409148
375.981,19.625,335,0.409637
375.981,19.75,335,0.410126
375.981,19.875,335,0.410615
375.981,20,335,0.411104
