x,y,z,b
375.981,0,335,0.0912162
375.981,0.125,335,0.0949492
375.981,0.25,335,0.0986823
375.981,0.375,335,0.102415
375.981,0.5,335,0.106148
375.981,0.625,335,0.109881
375.981,0.75,335,0.113614
375.981,0.875,335,0.117347
375.981,1,335,0.121081
375.981,1.125,335,0.124814
375.981,1.25,335,0.128547
375.981,1.375,335,0.13228
375.981,1.5,335,0.136013
375.981,1.625,335,0.139746
375.981,1.75,335,0.143479
375.981,1.875,335,0.147212
375.981,2,335,0.150945
375.981,2.125,335,0.154678
375.981,2.25,335,0.158411
375.981,2.375,335,0.162144
375.981,2.5,335,0.165877
375.981,2.625,335,0.16961
375.981,2.75,335,0.173252
375.981,2.875,335,0.17626
375.981,3,335,0.179268
375.981,3.125,335,0.182275
375.981,3.25,335,0.185283
375.981,3.375,335,0.18829
375.981,3.5,335,0.191298
375.981,3.625,335,0.194305
375.981,3.75,335,0.197313
375.981,3.875,335,0.20032
375.981,4,335,0.203328
375.981,4.125,335,0.206335
375.981,4.25,335,0.209343
375.981,4.375,335,0.212351
375.981,4.5,335,0.215358
375.981,4.625,335,0.218366
375.981,4.75,335,0.221373
375.981,4.875,335,0.224381
375.981,5,335,0.227388
375.981,5.125,335,0.230396
375.981,5.25,335,0.233403
375.981,5.375,335,0.236411
375.981,5.5,335,0.239418
375.981,5.625,335,0.242426
375.981,5.75,335,0.245434
375.981,5.875,335,0.248441
375.981,6,335,0.251449
375.981,6.125,335,0.254456
375.981,6.25,335,0.257464
375.981,6.375,335,0.260471
375.981,6.5,335,0.263479
375.981,6.625,335,0.266486
375.981,6.75,335,0.269494
375.981,6.875,335,0.272502
375.981,7,335,0.275509
375.981,7.125,335,0.278517
375.981,7.25,335,0.281524
375.981,7.375,335,0.284532
375.981,7.5,335,0.287539
375.981,7.625,335,0.290547
375.981,7.75,335,0.293554
375.981,7.875,335,0.296562
375.981,8,335,0.299569
375.981,8.125,335,0.302577
375.981,8.25,335,0.305091
375.981,8.375,335,0.306783
375.981,8.5,335,0.308475
375.981,8.625,335,0.310167
375.981,8.75,335,0.311858
375.981,8.875,335,0.31355
375.981,9,335,0.315242
375.981,9.125,335,0.316934
375.981,9.25,335,0.318626
375.981,9.375,335,0.320318
375.981,9.5,335,0.322009
375.981,9.625,335,0.323701
375.981,9.75,335,0.325393
375.981,9.875,335,0.327085
375.981,10,335,0.328777
375.981,10.125,335,0.330469
375.981,10.25,335,0.33216
375.981,10.375,335,0.333852
375.981,10.5,335,0.335544
375.981,10.625,335,0.337236
375.981,10.75,335,0.338928
375.981,10.875,335,0.340619
375.981,11,335,0.342311
375.981,11.125,335,0.344003
375.981,11.25,335,0.345695
375.981,11.375,335,0.347387
375.981,11.5,335,0.349079
375.981,11.625,335,0.35077
375.981,11.75,335,0.352462
375.981,11.875,335,0.354154
375.981,12,335,0.355846
375.981,12.125,335,0.357538
375.981,12.25,335,0.359229
375.981,12.375,335,0.360921
375.981,12.5,335,0.362613
375.981,12.625,335,0.364305
375.981,12.75,335,0.365997
375.981,12.875,335,0.367689
375.981,13,335,0.36938
375.981,13.125,335,0.371072
375.981,13.25,335,0.372764
375.981,13.375,335,0.374456
375.981,13.5,335,0.376148
375.981,13.625,335,0.37784
375.981,13.75,335,0.378986
375.981,13.875,335,0.379805
375.981,14,335,0.380624
375.981,14.125,335,0.381444
375.981,14.25,335,0.382263
375.981,14.375,335,0.383082
375.981,14.5,335,0.383901
375.981,14.625,335,0.384721
375.981,14.75,335,0.38554
375.981,14.875,335,0.386359
375.981,15,335,0.387178
375.981,15.125,335,0.387998
375.981,15.25,335,0.388817
375.981,15.375,335,0.389636
375.981,15.5,335,0.390455
375.981,15.625,335,0.391275
375.981,15.75,335,0.392094
375.981,15.875,335,0.392913
375.981,16,335,0.393732
375.981,16.125,335,0.394552
375.981,16.25,335,0.395371
375.981,16.375,335,0.39619
375.981,16.5,335,0.397009
375.981,16.625,335,0.397829
375.981,16.75,335,0.398648
375.981,16.875,335,0.399467
375.981,17,335,0.400286
375.981,17.125,335,0.401106
375.981,17.25,335,0.401925
375.981,17.375,335,0.402744
375.981,17.5,335,0.403563
375.981,17.625,335,0.404382
375.981,17.75,335,0.405202
375.981,17.875,335,0.406021
375.981,18,335,0.40684
375.981,18.125,335,0.407659
375.981,18.25,335,0.408479
375.981,18.375,335,0.409298
375.981,18.5,335,0.410117
375.981,18.625,335,0.410936
375.981,18.75,335,0.411756
375.981,18.875,335,0.412575
375.981,19,335,0.413394
375.981,19.125,335,0.414213
375.981,19.25,335,0.414688
375.981,19.375,335,0.415113
375.981,19.5,335,0.415538
375.981,19.625,335,0.415964
375.981,19.75,335,0.416389
375.981,19.875,335,0.416814
375.981,20,335,0.417239
