x,y,z,b
375.981,0,335,0.0986005
375.981,0.125,335,0.102283
375.981,0.25,335,0.105966
375.981,0.375,335,0.109648
375.981,0.5,335,0.113331
375.981,0.625,335,0.117013
375.981,0.75,335,0.120696
375.981,0.875,335,0.124378
375.981,1,335,0.128061
375.981,1.125,335,0.131743
375.981,1.25,335,0.135426
375.981,1.375,335,0.139108
375.981,1.5,335,0.142791
375.981,1.625,335,0.146473
375.981,1.75,335,0.150156
375.981,1.875,335,0.153839
375.981,2,335,0.157521
375.981,2.125,335,0.161204
375.981,2.25,335,0.164886
375.981,2.375,335,0.168569
375.981,2.5,335,0.172251
375.981,2.625,335,0.175934
375.981,2.75,335,0.179527
375.981,2.875,335,0.182494
375.981,3,335,0.185461
375.981,3.125,335,0.188427
375.981,3.25,335,0.191394
375.981,3.375,335,0.194361
375.981,3.5,335,0.197328
375.981,3.625,335,0.200295
375.981,3.75,335,0.203262
375.981,3.875,335,0.206229
375.981,4,335,0.209195
375.981,4.125,335,0.212162
375.981,4.25,335,0.215129
375.981,4.375,335,0.218096
375.981,4.5,335,0.221063
375.981,4.625,335,0.22403
375.981,4.75,335,0.226997
375.981,4.875,335,0.229963
375.981,5,335,0.23293
375.981,5.125,335,0.235897
375.981,5.25,335,0.238864
375.981,5.375,335,0.241831
375.981,5.5,335,0.244798
375.981,5.625,335,0.247765
375.981,5.75,335,0.250731
375.981,5.875,335,0.253698
375.981,6,335,0.256665
375.981,6.125,335,0.259632
375.981,6.25,335,0.262599
375.981,6.375,335,0.265566
375.981,6.5,335,0.268533
375.981,6.625,335,0.2715
375.981,6.75,335,0.274466
375.981,6.875,335,0.277433
375.981,7,335,0.2804
375.981,7.125,335,0.283367
375.981,7.25,335,0.286334
375.981,7.375,335,0.289301
375.981,7.5,335,0.292268
375.981,7.625,335,0.295234
375.981,7.75,335,0.298201
375.981,7.875,335,0.301168
375.981,8,335,0.304135
375.981,8.125,335,0.307102
375.981,8.25,335,0.309529
375.981,8.375,335,0.311055
375.981,8.5,335,0.312581
375.981,8.625,335,0.314108
375.981,8.75,335,0.315634
375.981,8.875,335,0.31716
375.981,9,335,0.318687
375.981,9.125,335,0.320213
375.981,9.25,335,0.321739
375.981,9.375,335,0.323266
375.981,9.5,335,0.324792
375.981,9.625,335,0.326318
375.981,9.75,335,0.327845
375.981,9.875,335,0.329371
375.981,10,335,0.330897
375.981,10.125,335,0.332424
375.981,10.25,335,0.33395
375.981,10.375,335,0.335477
375.981,10.5,335,0.337003
375.981,10.625,335,0.338529
375.981,10.75,335,0.340056
375.981,10.875,335,0.341582
375.981,11,335,0.343108
375.981,11.125,335,0.344635
375.981,11.25,335,0.346161
375.981,11.375,335,0.347687
375.981,11.5,335,0.349214
375.981,11.625,335,0.35074
375.981,11.75,335,0.352266
375.981,11.875,335,0.353793
375.981,12,335,0.355319
375.981,12.125,335,0.356845
375.981,12.25,335,0.358372
375.981,12.375,335,0.359898
375.981,12.5,335,0.361425
375.981,12.625,335,0.362951
375.981,12.75,335,0.364477
375.981,12.875,335,0.366004
375.981,13,335,0.36753
375.981,13.125,335,0.369056
375.981,13.25,335,0.370583
375.981,13.375,335,0.372109
375.981,13.5,335,0.373635
375.981,13.625,335,0.375162
375.981,13.75,335,0.376299
375.981,13.875,335,0.377203
375.981,14,335,0.378107
375.981,14.125,335,0.379012
375.981,14.25,335,0.379916
375.981,14.375,335,0.38082
375.981,14.5,335,0.381724
375.981,14.625,335,0.382628
375.981,14.75,335,0.383532
375.981,14.875,335,0.384437
375.981,15,335,0.385341
375.981,15.125,335,0.386245
375.981,15.25,335,0.387149
375.981,15.375,335,0.388053
375.981,15.5,335,0.388957
375.981,15.625,335,0.389861
375.981,15.75,335,0.390766
375.981,15.875,335,0.39167
375.981,16,335,0.392574
375.981,16.125,335,0.393478
375.981,16.25,335,0.394382
375.981,16.375,335,0.395286
375.981,16.5,335,0.39619
375.981,16.625,335,0.397095
375.981,16.75,335,0.397999
375.981,16.875,335,0.398903
375.981,17,335,0.399807
375.981,17.125,335,0.400711
375.981,17.25,335,0.401615
375.981,17.375,335,0.402519
375.981,17.5,335,0.403424
375.981,17.625,335,0.404328
375.981,17.75,335,0.405232
375.981,17.875,335,0.406136
375.981,18,335,0.40704
375.981,18.125,335,0.407944
375.981,18.25,335,0.408849
375.981,18.375,335,0.409753
375.981,18.5,335,0.410657
375.981,18.625,335,0.411561
375.981,18.75,335,0.412465
375.981,18.875,335,0.413369
375.981,19,335,0.414273
375.981,19.125,335,0.415178
375.981,19.25,335,0.415723
375.981,19.375,335,0.416216
375.981,19.5,335,0.41671
375.981,19.625,335,0.417204
375.981,19.75,335,0.417697
375.981,19.875,335,0.418191
375.981,20,335,0.418685
