x,y,z,b
375.981,0,335,0.100584
375.981,0.125,335,0.104274
375.981,0.25,335,0.107965
375.981,0.375,335,0.111655
375.981,0.5,335,0.115346
375.981,0.625,335,0.119036
375.981,0.75,335,0.122727
375.981,0.875,335,0.126417
375.981,1,335,0.130108
375.981,1.125,335,0.133798
375.981,1.25,335,0.137488
375.981,1.375,335,0.141179
375.981,1.5,335,0.144869
375.981,1.625,335,0.14856
375.981,1.75,335,0.15225
375.981,1.875,335,0.155941
375.981,2,335,0.159631
375.981,2.125,335,0.163322
375.981,2.25,335,0.167012
375.981,2.375,335,0.170703
375.981,2.5,335,0.174393
375.981,2.625,335,0.178083
375.981,2.75,335,0.181684
375.981,2.875,335,0.184658
375.981,3,335,0.187631
375.981,3.125,335,0.190604
375.981,3.25,335,0.193577
375.981,3.375,335,0.196551
375.981,3.5,335,0.199524
375.981,3.625,335,0.202497
375.981,3.75,335,0.20547
375.981,3.875,335,0.208443
375.981,4,335,0.211417
375.981,4.125,335,0.21439
375.981,4.25,335,0.217363
375.981,4.375,335,0.220336
375.981,4.5,335,0.22331
375.981,4.625,335,0.226283
375.981,4.75,335,0.229256
375.981,4.875,335,0.232229
375.981,5,335,0.235203
375.981,5.125,335,0.238176
375.981,5.25,335,0.241149
375.981,5.375,335,0.244122
375.981,5.5,335,0.247096
375.981,5.625,335,0.250069
375.981,5.75,335,0.253042
375.981,5.875,335,0.256015
375.981,6,335,0.258989
375.981,6.125,335,0.261962
375.981,6.25,335,0.264935
375.981,6.375,335,0.267908
375.981,6.5,335,0.270882
375.981,6.625,335,0.273855
375.981,6.75,335,0.276828
375.981,6.875,335,0.279801
375.981,7,335,0.282775
375.981,7.125,335,0.285748
375.981,7.25,335,0.288721
375.981,7.375,335,0.291694
375.981,7.5,335,0.294668
375.981,7.625,335,0.297641
375.981,7.75,335,0.300614
375.981,7.875,335,0.303587
375.981,8,335,0.30656
375.981,8.125,335,0.309534
375.981,8.25,335,0.311958
375.981,8.375,335,0.313469
375.981,8.5,335,0.314979
375.981,8.625,335,0.31649
375.981,8.75,335,0.318
375.981,8.875,335,0.319511
375.981,9,335,0.321021
375.981,9.125,335,0.322532
375.981,9.25,335,0.324042
375.981,9.375,335,0.325552
375.981,9.5,335,0.327063
375.981,9.625,335,0.328573
375.981,9.75,335,0.330084
375.981,9.875,335,0.331594
375.981,10,335,0.333105
375.981,10.125,335,0.334615
375.981,10.25,335,0.336126
375.981,10.375,335,0.337636
375.981,10.5,335,0.339146
375.981,10.625,335,0.340657
375.981,10.75,335,0.342167
375.981,10.875,335,0.343678
375.981,11,335,0.345188
375.981,11.125,335,0.346699
375.981,11.25,335,0.348209
375.981,11.375,335,0.34972
375.981,11.5,335,0.35123
375.981,11.625,335,0.35274
375.981,11.75,335,0.354251
375.981,11.875,335,0.355761
375.981,12,335,0.357272
375.981,12.125,335,0.358782
375.981,12.25,335,0.360293
375.981,12.375,335,0.361803
375.981,12.5,335,0.363314
375.981,12.625,335,0.364824
375.981,12.75,335,0.366334
375.981,12.875,335,0.367845
375.981,13,335,0.369355
375.981,13.125,335,0.370866
375.981,13.25,335,0.372376
375.981,13.375,335,0.373887
375.981,13.5,335,0.375397
375.981,13.625,335,0.376908
375.981,13.75,335,0.378035
375.981,13.875,335,0.378934
375.981,14,335,0.379832
375.981,14.125,335,0.38073
375.981,14.25,335,0.381629
375.981,14.375,335,0.382527
375.981,14.5,335,0.383425
375.981,14.625,335,0.384323
375.981,14.75,335,0.385222
375.981,14.875,335,0.38612
375.981,15,335,0.387018
375.981,15.125,335,0.387917
375.981,15.25,335,0.388815
375.981,15.375,335,0.389713
375.981,15.5,335,0.390611
375.981,15.625,335,0.39151
375.981,15.75,335,0.392408
375.981,15.875,335,0.393306
375.981,16,335,0.394205
375.981,16.125,335,0.395103
375.981,16.25,335,0.396001
375.981,16.375,335,0.3969
375.981,16.5,335,0.397798
375.981,16.625,335,0.398696
375.981,16.75,335,0.399594
375.981,16.875,335,0.400493
375.981,17,335,0.401391
375.981,17.125,335,0.402289
375.981,17.25,335,0.403188
375.981,17.375,335,0.404086
375.981,17.5,335,0.404984
375.981,17.625,335,0.405882
375.981,17.75,335,0.406781
375.981,17.875,335,0.407679
375.981,18,335,0.408577
375.981,18.125,335,0.409476
375.981,18.25,335,0.410374
375.981,18.375,335,0.411272
375.981,18.5,335,0.412171
375.981,18.625,335,0.413069
375.981,18.75,335,0.413967
375.981,18.875,335,0.414865
375.981,19,335,0.415764
375.981,19.125,335,0.416662
375.981,19.25,335,0.417231
375.981,19.375,335,0.417752
375.981,19.5,335,0.418274
375.981,19.625,335,0.418795
375.981,19.75,335,0.419317
375.981,19.875,335,0.419838
375.981,20,335,0.42036
