x,y,z,b
375.981,0,335,0.235294
375.981,0.125,335,0.237948
375.981,0.25,335,0.240601
375.981,0.375,335,0.243255
375.981,0.5,335,0.245908
375.981,0.625,335,0.248562
375.981,0.75,335,0.251215
375.981,0.875,335,0.253869
375.981,1,335,0.256522
375.981,1.125,335,0.259176
375.981,1.25,335,0.26183
375.981,1.375,335,0.264483
375.981,1.5,335,0.267137
375.981,1.625,335,0.26979
375.981,1.75,335,0.272444
375.981,1.875,335,0.275097
375.981,2,335,0.277751
375.981,2.125,335,0.280404
375.981,2.25,335,0.283058
375.981,2.375,335,0.285712
375.981,2.5,335,0.288365
375.981,2.625,335,0.291019
375.981,2.75,335,0.293608
375.981,2.875,335,0.295746
375.981,3,335,0.297884
375.981,3.125,335,0.300021
375.981,3.25,335,0.302159
375.981,3.375,335,0.304297
375.981,3.5,335,0.306435
375.981,3.625,335,0.308573
375.981,3.75,335,0.310711
375.981,3.875,335,0.312849
375.981,4,335,0.314986
375.981,4.125,335,0.317124
375.981,4.25,335,0.319262
375.981,4.375,335,0.3214
375.981,4.5,335,0.323538
375.981,4.625,335,0.325676
375.981,4.75,335,0.327814
375.981,4.875,335,0.329951
375.981,5,335,0.332089
375.981,5.125,335,0.334227
375.981,5.25,335,0.336365
375.981,5.375,335,0.338503
375.981,5.5,335,0.340641
375.981,5.625,335,0.342779
375.981,5.75,335,0.344916
375.981,5.875,335,0.347054
375.981,6,335,0.349192
375.981,6.125,335,0.35133
375.981,6.25,335,0.353468
375.981,6.375,335,0.355606
375.981,6.5,335,0.357744
375.981,6.625,335,0.359881
375.981,6.75,335,0.362019
375.981,6.875,335,0.364157
375.981,7,335,0.366295
375.981,7.125,335,0.368433
375.981,7.25,335,0.370571
375.981,7.375,335,0.372709
375.981,7.5,335,0.374846
375.981,7.625,335,0.376984
375.981,7.75,335,0.379122
375.981,7.875,335,0.38126
375.981,8,335,0.383398
375.981,8.125,335,0.385536
375.981,8.25,335,0.387138
375.981,8.375,335,0.387848
375.981,8.5,335,0.388557
375.981,8.625,335,0.389267
375.981,8.75,335,0.389976
375.981,8.875,335,0.390686
375.981,9,335,0.391395
375.981,9.125,335,0.392105
375.981,9.25,335,0.392815
375.981,9.375,335,0.393524
375.981,9.5,335,0.394234
375.981,9.625,335,0.394943
375.981,9.75,335,0.395653
375.981,9.875,335,0.396363
375.981,10,335,0.397072
375.981,10.125,335,0.397782
375.981,10.25,335,0.398491
375.981,10.375,335,0.399201
375.981,10.5,335,0.399911
375.981,10.625,335,0.40062
375.981,10.75,335,0.40133
375.981,10.875,335,0.402039
375.981,11,335,0.402749
375.981,11.125,335,0.403458
375.981,11.25,335,0.404168
375.981,11.375,335,0.404878
375.981,11.5,335,0.405587
375.981,11.625,335,0.406297
375.981,11.75,335,0.407006
375.981,11.875,335,0.407716
375.981,12,335,0.408426
375.981,12.125,335,0.409135
375.981,12.25,335,0.409845
375.981,12.375,335,0.410554
375.981,12.5,335,0.411264
375.981,12.625,335,0.411974
375.981,12.75,335,0.412683
375.981,12.875,335,0.413393
375.981,13,335,0.414102
375.981,13.125,335,0.414812
375.981,13.25,335,0.415522
375.981,13.375,335,0.416231
375.981,13.5,335,0.416941
375.981,13.625,335,0.41765
375.981,13.75,335,0.418035
375.981,13.875,335,0.418226
375.981,14,335,0.418416
375.981,14.125,335,0.418606
375.981,14.25,335,0.418796
375.981,14.375,335,0.418987
375.981,14.5,335,0.419177
375.981,14.625,335,0.419367
375.981,14.75,335,0.419557
375.981,14.875,335,0.419748
375.981,15,335,0.419938
375.981,15.125,335,0.420128
375.981,15.25,335,0.420318
375.981,15.375,335,0.420509
375.981,15.5,335,0.420699
375.981,15.625,335,0.420889
375.981,15.75,335,0.421079
375.981,15.875,335,0.42127
375.981,16,335,0.42146
375.981,16.125,335,0.42165
375.981,16.25,335,0.42184
375.981,16.375,335,0.422031
375.981,16.5,335,0.422221
375.981,16.625,335,0.422411
375.981,16.75,335,0.422601
375.981,16.875,335,0.422792
375.981,17,335,0.422982
375.981,17.125,335,0.423172
375.981,17.25,335,0.423362
375.981,17.375,335,0.423553
375.981,17.5,335,0.423743
375.981,17.625,335,0.423933
375.981,17.75,335,0.424124
375.981,17.875,335,0.424314
375.981,18,335,0.424504
375.981,18.125,335,0.424694
375.981,18.25,335,0.424885
375.981,18.375,335,0.425075
375.981,18.5,335,0.425265
375.981,18.625,335,0.425455
375.981,18.75,335,0.425646
375.981,18.875,335,0.425836
375.981,19,335,0.426026
375.981,19.125,335,0.426216
375.981,19.25,335,0.426474
375.981,19.375,335,0.426741
375.981,19.5,335,0.427008
375.981,19.625,335,0.427275
375.981,19.75,335,0.427543
375.981,19.875,335,0.42781
375.981,20,335,0.428077
