x,y,z,b
375.981,0,335,0.0976834
375.981,0.125,335,0.101348
375.981,0.25,335,0.105013
375.981,0.375,335,0.108678
375.981,0.5,335,0.112342
375.981,0.625,335,0.116007
375.981,0.75,335,0.119672
375.981,0.875,335,0.123336
375.981,1,335,0.127001
375.981,1.125,335,0.130666
375.981,1.25,335,0.134331
375.981,1.375,335,0.137995
375.981,1.5,335,0.14166
375.981,1.625,335,0.145325
375.981,1.75,335,0.14899
375.981,1.875,335,0.152654
375.981,2,335,0.156319
375.981,2.125,335,0.159984
375.981,2.25,335,0.163649
375.981,2.375,335,0.167313
375.981,2.5,335,0.170978
375.981,2.625,335,0.174643
375.981,2.75,335,0.178218
375.981,2.875,335,0.181171
375.981,3,335,0.184123
375.981,3.125,335,0.187076
375.981,3.25,335,0.190028
375.981,3.375,335,0.192981
375.981,3.5,335,0.195933
375.981,3.625,335,0.198886
375.981,3.75,335,0.201839
375.981,3.875,335,0.204791
375.981,4,335,0.207744
375.981,4.125,335,0.210696
375.981,4.25,335,0.213649
375.981,4.375,335,0.216601
375.981,4.5,335,0.219554
375.981,4.625,335,0.222506
375.981,4.75,335,0.225459
375.981,4.875,335,0.228411
375.981,5,335,0.231364
375.981,5.125,335,0.234316
375.981,5.25,335,0.237269
375.981,5.375,335,0.240221
375.981,5.5,335,0.243174
375.981,5.625,335,0.246126
375.981,5.75,335,0.249079
375.981,5.875,335,0.252031
375.981,6,335,0.254984
375.981,6.125,335,0.257936
375.981,6.25,335,0.260889
375.981,6.375,335,0.263841
375.981,6.5,335,0.266794
375.981,6.625,335,0.269746
375.981,6.75,335,0.272699
375.981,6.875,335,0.275651
375.981,7,335,0.278604
375.981,7.125,335,0.281556
375.981,7.25,335,0.284509
375.981,7.375,335,0.287461
375.981,7.5,335,0.290414
375.981,7.625,335,0.293366
375.981,7.75,335,0.296319
375.981,7.875,335,0.299271
375.981,8,335,0.302224
375.981,8.125,335,0.305177
375.981,8.25,335,0.307595
375.981,8.375,335,0.309123
375.981,8.5,335,0.310652
375.981,8.625,335,0.31218
375.981,8.75,335,0.313709
375.981,8.875,335,0.315237
375.981,9,335,0.316766
375.981,9.125,335,0.318294
375.981,9.25,335,0.319823
375.981,9.375,335,0.321351
375.981,9.5,335,0.322879
375.981,9.625,335,0.324408
375.981,9.75,335,0.325936
375.981,9.875,335,0.327465
375.981,10,335,0.328993
375.981,10.125,335,0.330522
375.981,10.25,335,0.33205
375.981,10.375,335,0.333579
375.981,10.5,335,0.335107
375.981,10.625,335,0.336635
375.981,10.75,335,0.338164
375.981,10.875,335,0.339692
375.981,11,335,0.341221
375.981,11.125,335,0.342749
375.981,11.25,335,0.344278
375.981,11.375,335,0.345806
375.981,11.5,335,0.347334
375.981,11.625,335,0.348863
375.981,11.75,335,0.350391
375.981,11.875,335,0.35192
375.981,12,335,0.353448
375.981,12.125,335,0.354977
375.981,12.25,335,0.356505
375.981,12.375,335,0.358034
375.981,12.5,335,0.359562
375.981,12.625,335,0.36109
375.981,12.75,335,0.362619
375.981,12.875,335,0.364147
375.981,13,335,0.365676
375.981,13.125,335,0.367204
375.981,13.25,335,0.368733
375.981,13.375,335,0.370261
375.981,13.5,335,0.37179
375.981,13.625,335,0.373318
375.981,13.75,335,0.374454
375.981,13.875,335,0.375354
375.981,14,335,0.376254
375.981,14.125,335,0.377155
375.981,14.25,335,0.378055
375.981,14.375,335,0.378955
375.981,14.5,335,0.379855
375.981,14.625,335,0.380756
375.981,14.75,335,0.381656
375.981,14.875,335,0.382556
375.981,15,335,0.383456
375.981,15.125,335,0.384357
375.981,15.25,335,0.385257
375.981,15.375,335,0.386157
375.981,15.5,335,0.387057
375.981,15.625,335,0.387957
375.981,15.75,335,0.388858
375.981,15.875,335,0.389758
375.981,16,335,0.390658
375.981,16.125,335,0.391558
375.981,16.25,335,0.392459
375.981,16.375,335,0.393359
375.981,16.5,335,0.394259
375.981,16.625,335,0.395159
375.981,16.75,335,0.39606
375.981,16.875,335,0.39696
375.981,17,335,0.39786
375.981,17.125,335,0.39876
375.981,17.25,335,0.399661
375.981,17.375,335,0.400561
375.981,17.5,335,0.401461
375.981,17.625,335,0.402361
375.981,17.75,335,0.403262
375.981,17.875,335,0.404162
375.981,18,335,0.405062
375.981,18.125,335,0.405962
375.981,18.25,335,0.406863
375.981,18.375,335,0.407763
375.981,18.5,335,0.408663
375.981,18.625,335,0.409563
375.981,18.75,335,0.410464
375.981,18.875,335,0.411364
375.981,19,335,0.412264
375.981,19.125,335,0.413164
375.981,19.25,335,0.413681
375.981,19.375,335,0.414144
375.981,19.5,335,0.414606
375.981,19.625,335,0.415068
375.981,19.75,335,0.41553
375.981,19.875,335,0.415992
375.981,20,335,0.416454
