x,y,z,b
375.981,0,335,0.0967044
375.981,0.125,335,0.10038
375.981,0.25,335,0.104055
375.981,0.375,335,0.107731
375.981,0.5,335,0.111406
375.981,0.625,335,0.115081
375.981,0.75,335,0.118757
375.981,0.875,335,0.122432
375.981,1,335,0.126108
375.981,1.125,335,0.129783
375.981,1.25,335,0.133459
375.981,1.375,335,0.137134
375.981,1.5,335,0.140809
375.981,1.625,335,0.144485
375.981,1.75,335,0.14816
375.981,1.875,335,0.151836
375.981,2,335,0.155511
375.981,2.125,335,0.159187
375.981,2.25,335,0.162862
375.981,2.375,335,0.166537
375.981,2.5,335,0.170213
375.981,2.625,335,0.173888
375.981,2.75,335,0.177474
375.981,2.875,335,0.180436
375.981,3,335,0.183397
375.981,3.125,335,0.186358
375.981,3.25,335,0.189319
375.981,3.375,335,0.19228
375.981,3.5,335,0.195241
375.981,3.625,335,0.198202
375.981,3.75,335,0.201164
375.981,3.875,335,0.204125
375.981,4,335,0.207086
375.981,4.125,335,0.210047
375.981,4.25,335,0.213008
375.981,4.375,335,0.215969
375.981,4.5,335,0.21893
375.981,4.625,335,0.221891
375.981,4.75,335,0.224853
375.981,4.875,335,0.227814
375.981,5,335,0.230775
375.981,5.125,335,0.233736
375.981,5.25,335,0.236697
375.981,5.375,335,0.239658
375.981,5.5,335,0.242619
375.981,5.625,335,0.245581
375.981,5.75,335,0.248542
375.981,5.875,335,0.251503
375.981,6,335,0.254464
375.981,6.125,335,0.257425
375.981,6.25,335,0.260386
375.981,6.375,335,0.263347
375.981,6.5,335,0.266308
375.981,6.625,335,0.26927
375.981,6.75,335,0.272231
375.981,6.875,335,0.275192
375.981,7,335,0.278153
375.981,7.125,335,0.281114
375.981,7.25,335,0.284075
375.981,7.375,335,0.287036
375.981,7.5,335,0.289998
375.981,7.625,335,0.292959
375.981,7.75,335,0.29592
375.981,7.875,335,0.298881
375.981,8,335,0.301842
375.981,8.125,335,0.304803
375.981,8.25,335,0.307233
375.981,8.375,335,0.308777
375.981,8.5,335,0.31032
375.981,8.625,335,0.311864
375.981,8.75,335,0.313408
375.981,8.875,335,0.314952
375.981,9,335,0.316496
375.981,9.125,335,0.318039
375.981,9.25,335,0.319583
375.981,9.375,335,0.321127
375.981,9.5,335,0.322671
375.981,9.625,335,0.324215
375.981,9.75,335,0.325758
375.981,9.875,335,0.327302
375.981,10,335,0.328846
375.981,10.125,335,0.33039
375.981,10.25,335,0.331934
375.981,10.375,335,0.333477
375.981,10.5,335,0.335021
375.981,10.625,335,0.336565
375.981,10.75,335,0.338109
375.981,10.875,335,0.339653
375.981,11,335,0.341196
375.981,11.125,335,0.34274
375.981,11.25,335,0.344284
375.981,11.375,335,0.345828
375.981,11.5,335,0.347372
375.981,11.625,335,0.348915
375.981,11.75,335,0.350459
375.981,11.875,335,0.352003
375.981,12,335,0.353547
375.981,12.125,335,0.355091
375.981,12.25,335,0.356634
375.981,12.375,335,0.358178
375.981,12.5,335,0.359722
375.981,12.625,335,0.361266
375.981,12.75,335,0.36281
375.981,12.875,335,0.364353
375.981,13,335,0.365897
375.981,13.125,335,0.367441
375.981,13.25,335,0.368985
375.981,13.375,335,0.370529
375.981,13.5,335,0.372072
375.981,13.625,335,0.373616
375.981,13.75,335,0.374745
375.981,13.875,335,0.375625
375.981,14,335,0.376505
375.981,14.125,335,0.377384
375.981,14.25,335,0.378264
375.981,14.375,335,0.379144
375.981,14.5,335,0.380024
375.981,14.625,335,0.380903
375.981,14.75,335,0.381783
375.981,14.875,335,0.382663
375.981,15,335,0.383543
375.981,15.125,335,0.384422
375.981,15.25,335,0.385302
375.981,15.375,335,0.386182
375.981,15.5,335,0.387062
375.981,15.625,335,0.387942
375.981,15.75,335,0.388821
375.981,15.875,335,0.389701
375.981,16,335,0.390581
375.981,16.125,335,0.391461
375.981,16.25,335,0.39234
375.981,16.375,335,0.39322
375.981,16.5,335,0.3941
375.981,16.625,335,0.39498
375.981,16.75,335,0.395859
375.981,16.875,335,0.396739
375.981,17,335,0.397619
375.981,17.125,335,0.398499
375.981,17.25,335,0.399378
375.981,17.375,335,0.400258
375.981,17.5,335,0.401138
375.981,17.625,335,0.402018
375.981,17.75,335,0.402898
375.981,17.875,335,0.403777
375.981,18,335,0.404657
375.981,18.125,335,0.405537
375.981,18.25,335,0.406417
375.981,18.375,335,0.407296
375.981,18.5,335,0.408176
375.981,18.625,335,0.409056
375.981,18.75,335,0.409936
375.981,18.875,335,0.410815
375.981,19,335,0.411695
375.981,19.125,335,0.412575
375.981,19.25,335,0.413061
375.981,19.375,335,0.413492
375.981,19.5,335,0.413922
375.981,19.625,335,0.414352
375.981,19.75,335,0.414782
375.981,19.875,335,0.415212
375.981,20,335,0.415643
