x,y,z,b
375.981,0,335,0.0962607
375.981,0.125,335,0.099957
375.981,0.25,335,0.103653
375.981,0.375,335,0.10735
375.981,0.5,335,0.111046
375.981,0.625,335,0.114742
375.981,0.75,335,0.118439
375.981,0.875,335,0.122135
375.981,1,335,0.125831
375.981,1.125,335,0.129528
375.981,1.25,335,0.133224
375.981,1.375,335,0.13692
375.981,1.5,335,0.140617
375.981,1.625,335,0.144313
375.981,1.75,335,0.148009
375.981,1.875,335,0.151706
375.981,2,335,0.155402
375.981,2.125,335,0.159098
375.981,2.25,335,0.162795
375.981,2.375,335,0.166491
375.981,2.5,335,0.170187
375.981,2.625,335,0.173884
375.981,2.75,335,0.17749
375.981,2.875,335,0.180468
375.981,3,335,0.183446
375.981,3.125,335,0.186424
375.981,3.25,335,0.189402
375.981,3.375,335,0.19238
375.981,3.5,335,0.195358
375.981,3.625,335,0.198336
375.981,3.75,335,0.201314
375.981,3.875,335,0.204292
375.981,4,335,0.20727
375.981,4.125,335,0.210248
375.981,4.25,335,0.213226
375.981,4.375,335,0.216204
375.981,4.5,335,0.219182
375.981,4.625,335,0.22216
375.981,4.75,335,0.225138
375.981,4.875,335,0.228116
375.981,5,335,0.231094
375.981,5.125,335,0.234072
375.981,5.25,335,0.23705
375.981,5.375,335,0.240028
375.981,5.5,335,0.243006
375.981,5.625,335,0.245984
375.981,5.75,335,0.248962
375.981,5.875,335,0.25194
375.981,6,335,0.254918
375.981,6.125,335,0.257896
375.981,6.25,335,0.260874
375.981,6.375,335,0.263852
375.981,6.5,335,0.26683
375.981,6.625,335,0.269808
375.981,6.75,335,0.272786
375.981,6.875,335,0.275764
375.981,7,335,0.278742
375.981,7.125,335,0.28172
375.981,7.25,335,0.284698
375.981,7.375,335,0.287676
375.981,7.5,335,0.290654
375.981,7.625,335,0.293632
375.981,7.75,335,0.29661
375.981,7.875,335,0.299588
375.981,8,335,0.302566
375.981,8.125,335,0.305544
375.981,8.25,335,0.307992
375.981,8.375,335,0.309559
375.981,8.5,335,0.311125
375.981,8.625,335,0.312691
375.981,8.75,335,0.314258
375.981,8.875,335,0.315824
375.981,9,335,0.31739
375.981,9.125,335,0.318957
375.981,9.25,335,0.320523
375.981,9.375,335,0.322089
375.981,9.5,335,0.323656
375.981,9.625,335,0.325222
375.981,9.75,335,0.326789
375.981,9.875,335,0.328355
375.981,10,335,0.329921
375.981,10.125,335,0.331488
375.981,10.25,335,0.333054
375.981,10.375,335,0.33462
375.981,10.5,335,0.336187
375.981,10.625,335,0.337753
375.981,10.75,335,0.33932
375.981,10.875,335,0.340886
375.981,11,335,0.342452
375.981,11.125,335,0.344019
375.981,11.25,335,0.345585
375.981,11.375,335,0.347151
375.981,11.5,335,0.348718
375.981,11.625,335,0.350284
375.981,11.75,335,0.35185
375.981,11.875,335,0.353417
375.981,12,335,0.354983
375.981,12.125,335,0.35655
375.981,12.25,335,0.358116
375.981,12.375,335,0.359682
375.981,12.5,335,0.361249
375.981,12.625,335,0.362815
375.981,12.75,335,0.364381
375.981,12.875,335,0.365948
375.981,13,335,0.367514
375.981,13.125,335,0.369081
375.981,13.25,335,0.370647
375.981,13.375,335,0.372213
375.981,13.5,335,0.37378
375.981,13.625,335,0.375346
375.981,13.75,335,0.376455
375.981,13.875,335,0.377289
375.981,14,335,0.378123
375.981,14.125,335,0.378957
375.981,14.25,335,0.379791
375.981,14.375,335,0.380625
375.981,14.5,335,0.38146
375.981,14.625,335,0.382294
375.981,14.75,335,0.383128
375.981,14.875,335,0.383962
375.981,15,335,0.384796
375.981,15.125,335,0.38563
375.981,15.25,335,0.386465
375.981,15.375,335,0.387299
375.981,15.5,335,0.388133
375.981,15.625,335,0.388967
375.981,15.75,335,0.389801
375.981,15.875,335,0.390635
375.981,16,335,0.39147
375.981,16.125,335,0.392304
375.981,16.25,335,0.393138
375.981,16.375,335,0.393972
375.981,16.5,335,0.394806
375.981,16.625,335,0.39564
375.981,16.75,335,0.396474
375.981,16.875,335,0.397309
375.981,17,335,0.398143
375.981,17.125,335,0.398977
375.981,17.25,335,0.399811
375.981,17.375,335,0.400645
375.981,17.5,335,0.401479
375.981,17.625,335,0.402314
375.981,17.75,335,0.403148
375.981,17.875,335,0.403982
375.981,18,335,0.404816
375.981,18.125,335,0.40565
375.981,18.25,335,0.406484
375.981,18.375,335,0.407318
375.981,18.5,335,0.408153
375.981,18.625,335,0.408987
375.981,18.75,335,0.409821
375.981,18.875,335,0.410655
375.981,19,335,0.411489
375.981,19.125,335,0.412323
375.981,19.25,335,0.412793
375.981,19.375,335,0.41321
375.981,19.5,335,0.413627
375.981,19.625,335,0.414044
375.981,19.75,335,0.414462
375.981,19.875,335,0.414879
375.981,20,335,0.415296
