x,y,z,b
375.981,0,335,0.259597
375.981,0.125,335,0.261897
375.981,0.25,335,0.264198
375.981,0.375,335,0.266498
375.981,0.5,335,0.268798
375.981,0.625,335,0.271099
375.981,0.75,335,0.273399
375.981,0.875,335,0.2757
375.981,1,335,0.278
375.981,1.125,335,0.2803
375.981,1.25,335,0.282601
375.981,1.375,335,0.284901
375.981,1.5,335,0.287202
375.981,1.625,335,0.289502
375.981,1.75,335,0.291803
375.981,1.875,335,0.294103
375.981,2,335,0.296403
375.981,2.125,335,0.298704
375.981,2.25,335,0.301004
375.981,2.375,335,0.303305
375.981,2.5,335,0.305605
375.981,2.625,335,0.307905
375.981,2.75,335,0.31015
375.981,2.875,335,0.312003
375.981,3,335,0.313857
375.981,3.125,335,0.31571
375.981,3.25,335,0.317563
375.981,3.375,335,0.319417
375.981,3.5,335,0.32127
375.981,3.625,335,0.323123
375.981,3.75,335,0.324977
375.981,3.875,335,0.32683
375.981,4,335,0.328683
375.981,4.125,335,0.330537
375.981,4.25,335,0.33239
375.981,4.375,335,0.334243
375.981,4.5,335,0.336097
375.981,4.625,335,0.33795
375.981,4.75,335,0.339804
375.981,4.875,335,0.341657
375.981,5,335,0.34351
375.981,5.125,335,0.345364
375.981,5.25,335,0.347217
375.981,5.375,335,0.34907
375.981,5.5,335,0.350924
375.981,5.625,335,0.352777
375.981,5.75,335,0.35463
375.981,5.875,335,0.356484
375.981,6,335,0.358337
375.981,6.125,335,0.36019
375.981,6.25,335,0.362044
375.981,6.375,335,0.363897
375.981,6.5,335,0.36575
375.981,6.625,335,0.367604
375.981,6.75,335,0.369457
375.981,6.875,335,0.37131
375.981,7,335,0.373164
375.981,7.125,335,0.375017
375.981,7.25,335,0.37687
375.981,7.375,335,0.378724
375.981,7.5,335,0.380577
375.981,7.625,335,0.38243
375.981,7.75,335,0.384284
375.981,7.875,335,0.386137
375.981,8,335,0.38799
375.981,8.125,335,0.389844
375.981,8.25,335,0.391203
375.981,8.375,335,0.391739
375.981,8.5,335,0.392274
375.981,8.625,335,0.39281
375.981,8.75,335,0.393345
375.981,8.875,335,0.393881
375.981,9,335,0.394416
375.981,9.125,335,0.394952
375.981,9.25,335,0.395487
375.981,9.375,335,0.396023
375.981,9.5,335,0.396558
375.981,9.625,335,0.397094
375.981,9.75,335,0.39763
375.981,9.875,335,0.398165
375.981,10,335,0.398701
375.981,10.125,335,0.399236
375.981,10.25,335,0.399772
375.981,10.375,335,0.400307
375.981,10.5,335,0.400843
375.981,10.625,335,0.401378
375.981,10.75,335,0.401914
375.981,10.875,335,0.402449
375.981,11,335,0.402985
375.981,11.125,335,0.403521
375.981,11.25,335,0.404056
375.981,11.375,335,0.404592
375.981,11.5,335,0.405127
375.981,11.625,335,0.405663
375.981,11.75,335,0.406198
375.981,11.875,335,0.406734
375.981,12,335,0.407269
375.981,12.125,335,0.407805
375.981,12.25,335,0.40834
375.981,12.375,335,0.408876
375.981,12.5,335,0.409412
375.981,12.625,335,0.409947
375.981,12.75,335,0.410483
375.981,12.875,335,0.411018
375.981,13,335,0.411554
375.981,13.125,335,0.412089
375.981,13.25,335,0.412625
375.981,13.375,335,0.41316
375.981,13.5,335,0.413696
375.981,13.625,335,0.414231
375.981,13.75,335,0.414446
375.981,13.875,335,0.414467
375.981,14,335,0.414489
375.981,14.125,335,0.41451
375.981,14.25,335,0.414532
375.981,14.375,335,0.414553
375.981,14.5,335,0.414575
375.981,14.625,335,0.414596
375.981,14.75,335,0.414618
375.981,14.875,335,0.414639
375.981,15,335,0.414661
375.981,15.125,335,0.414682
375.981,15.25,335,0.414704
375.981,15.375,335,0.414726
375.981,15.5,335,0.414747
375.981,15.625,335,0.414769
375.981,15.75,335,0.41479
375.981,15.875,335,0.414812
375.981,16,335,0.414833
375.981,16.125,335,0.414855
375.981,16.25,335,0.414876
375.981,16.375,335,0.414898
375.981,16.5,335,0.414919
375.981,16.625,335,0.414941
375.981,16.75,335,0.414962
375.981,16.875,335,0.414984
375.981,17,335,0.415005
375.981,17.125,335,0.415027
375.981,17.25,335,0.415048
375.981,17.375,335,0.41507
375.981,17.5,335,0.415091
375.981,17.625,335,0.415113
375.981,17.75,335,0.415134
375.981,17.875,335,0.415156
375.981,18,335,0.415177
375.981,18.125,335,0.415199
375.981,18.25,335,0.41522
375.981,18.375,335,0.415242
375.981,18.5,335,0.415264
375.981,18.625,335,0.415285
375.981,18.75,335,0.415307
375.981,18.875,335,0.415328
375.981,19,335,0.41535
375.981,19.125,335,0.415371
375.981,19.25,335,0.415672
375.981,19.375,335,0.416012
375.981,19.5,335,0.416353
375.981,19.625,335,0.416693
375.981,19.75,335,0.417034
375.981,19.875,335,0.417374
375.981,20,335,0.417714
