x,y,z,b
375.981,0,335,0.101613
375.981,0.125,335,0.105315
375.981,0.25,335,0.109017
375.981,0.375,335,0.112718
375.981,0.5,335,0.11642
375.981,0.625,335,0.120122
375.981,0.75,335,0.123824
375.981,0.875,335,0.127526
375.981,1,335,0.131228
375.981,1.125,335,0.134929
375.981,1.25,335,0.138631
375.981,1.375,335,0.142333
375.981,1.5,335,0.146035
375.981,1.625,335,0.149737
375.981,1.75,335,0.153438
375.981,1.875,335,0.15714
375.981,2,335,0.160842
375.981,2.125,335,0.164544
375.981,2.25,335,0.168246
375.981,2.375,335,0.171948
375.981,2.5,335,0.175649
375.981,2.625,335,0.179351
375.981,2.75,335,0.182963
375.981,2.875,335,0.185946
375.981,3,335,0.188928
375.981,3.125,335,0.19191
375.981,3.25,335,0.194893
375.981,3.375,335,0.197875
375.981,3.5,335,0.200858
375.981,3.625,335,0.20384
375.981,3.75,335,0.206822
375.981,3.875,335,0.209805
375.981,4,335,0.212787
375.981,4.125,335,0.21577
375.981,4.25,335,0.218752
375.981,4.375,335,0.221734
375.981,4.5,335,0.224717
375.981,4.625,335,0.227699
375.981,4.75,335,0.230682
375.981,4.875,335,0.233664
375.981,5,335,0.236646
375.981,5.125,335,0.239629
375.981,5.25,335,0.242611
375.981,5.375,335,0.245594
375.981,5.5,335,0.248576
375.981,5.625,335,0.251558
375.981,5.75,335,0.254541
375.981,5.875,335,0.257523
375.981,6,335,0.260506
375.981,6.125,335,0.263488
375.981,6.25,335,0.26647
375.981,6.375,335,0.269453
375.981,6.5,335,0.272435
375.981,6.625,335,0.275418
375.981,6.75,335,0.2784
375.981,6.875,335,0.281382
375.981,7,335,0.284365
375.981,7.125,335,0.287347
375.981,7.25,335,0.29033
375.981,7.375,335,0.293312
375.981,7.5,335,0.296294
375.981,7.625,335,0.299277
375.981,7.75,335,0.302259
375.981,7.875,335,0.305242
375.981,8,335,0.308224
375.981,8.125,335,0.311206
375.981,8.25,335,0.31363
375.981,8.375,335,0.315122
375.981,8.5,335,0.316615
375.981,8.625,335,0.318107
375.981,8.75,335,0.3196
375.981,8.875,335,0.321092
375.981,9,335,0.322584
375.981,9.125,335,0.324077
375.981,9.25,335,0.325569
375.981,9.375,335,0.327061
375.981,9.5,335,0.328554
375.981,9.625,335,0.330046
375.981,9.75,335,0.331539
375.981,9.875,335,0.333031
375.981,10,335,0.334523
375.981,10.125,335,0.336016
375.981,10.25,335,0.337508
375.981,10.375,335,0.339
375.981,10.5,335,0.340493
375.981,10.625,335,0.341985
375.981,10.75,335,0.343478
375.981,10.875,335,0.34497
375.981,11,335,0.346462
375.981,11.125,335,0.347955
375.981,11.25,335,0.349447
375.981,11.375,335,0.35094
375.981,11.5,335,0.352432
375.981,11.625,335,0.353924
375.981,11.75,335,0.355417
375.981,11.875,335,0.356909
375.981,12,335,0.358401
375.981,12.125,335,0.359894
375.981,12.25,335,0.361386
375.981,12.375,335,0.362879
375.981,12.5,335,0.364371
375.981,12.625,335,0.365863
375.981,12.75,335,0.367356
375.981,12.875,335,0.368848
375.981,13,335,0.37034
375.981,13.125,335,0.371833
375.981,13.25,335,0.373325
375.981,13.375,335,0.374818
375.981,13.5,335,0.37631
375.981,13.625,335,0.377802
375.981,13.75,335,0.378917
375.981,13.875,335,0.379806
375.981,14,335,0.380694
375.981,14.125,335,0.381582
375.981,14.25,335,0.382471
375.981,14.375,335,0.383359
375.981,14.5,335,0.384248
375.981,14.625,335,0.385136
375.981,14.75,335,0.386024
375.981,14.875,335,0.386913
375.981,15,335,0.387801
375.981,15.125,335,0.38869
375.981,15.25,335,0.389578
375.981,15.375,335,0.390466
375.981,15.5,335,0.391355
375.981,15.625,335,0.392243
375.981,15.75,335,0.393132
375.981,15.875,335,0.39402
375.981,16,335,0.394908
375.981,16.125,335,0.395797
375.981,16.25,335,0.396685
375.981,16.375,335,0.397574
375.981,16.5,335,0.398462
375.981,16.625,335,0.39935
375.981,16.75,335,0.400239
375.981,16.875,335,0.401127
375.981,17,335,0.402016
375.981,17.125,335,0.402904
375.981,17.25,335,0.403792
375.981,17.375,335,0.404681
375.981,17.5,335,0.405569
375.981,17.625,335,0.406458
375.981,17.75,335,0.407346
375.981,17.875,335,0.408234
375.981,18,335,0.409123
375.981,18.125,335,0.410011
375.981,18.25,335,0.4109
375.981,18.375,335,0.411788
375.981,18.5,335,0.412676
375.981,18.625,335,0.413565
375.981,18.75,335,0.414453
375.981,18.875,335,0.415342
375.981,19,335,0.41623
375.981,19.125,335,0.417118
375.981,19.25,335,0.417698
375.981,19.375,335,0.418234
375.981,19.5,335,0.41877
375.981,19.625,335,0.419306
375.981,19.75,335,0.419842
375.981,19.875,335,0.420378
375.981,20,335,0.420913
