x,y,z,b
375.981,0,335,0.124799
375.981,0.125,335,0.128645
375.981,0.25,335,0.132491
375.981,0.375,335,0.136337
375.981,0.5,335,0.140182
375.981,0.625,335,0.144028
375.981,0.75,335,0.147874
375.981,0.875,335,0.15172
375.981,1,335,0.155566
375.981,1.125,335,0.159411
375.981,1.25,335,0.163257
375.981,1.375,335,0.167103
375.981,1.5,335,0.170949
375.981,1.625,335,0.174794
375.981,1.75,335,0.17864
375.981,1.875,335,0.182486
375.981,2,335,0.186332
375.981,2.125,335,0.190178
375.981,2.25,335,0.194023
375.981,2.375,335,0.197869
375.981,2.5,335,0.201715
375.981,2.625,335,0.205561
375.981,2.75,335,0.209313
375.981,2.875,335,0.212412
375.981,3,335,0.21551
375.981,3.125,335,0.218608
375.981,3.25,335,0.221707
375.981,3.375,335,0.224805
375.981,3.5,335,0.227903
375.981,3.625,335,0.231002
375.981,3.75,335,0.2341
375.981,3.875,335,0.237199
375.981,4,335,0.240297
375.981,4.125,335,0.243395
375.981,4.25,335,0.246494
375.981,4.375,335,0.249592
375.981,4.5,335,0.252691
375.981,4.625,335,0.255789
375.981,4.75,335,0.258887
375.981,4.875,335,0.261986
375.981,5,335,0.265084
375.981,5.125,335,0.268182
375.981,5.25,335,0.271281
375.981,5.375,335,0.274379
375.981,5.5,335,0.277478
375.981,5.625,335,0.280576
375.981,5.75,335,0.283674
375.981,5.875,335,0.286773
375.981,6,335,0.289871
375.981,6.125,335,0.29297
375.981,6.25,335,0.296068
375.981,6.375,335,0.299166
375.981,6.5,335,0.302265
375.981,6.625,335,0.305363
375.981,6.75,335,0.308462
375.981,6.875,335,0.31156
375.981,7,335,0.314658
375.981,7.125,335,0.317757
375.981,7.25,335,0.320855
375.981,7.375,335,0.323953
375.981,7.5,335,0.327052
375.981,7.625,335,0.33015
375.981,7.75,335,0.333249
375.981,7.875,335,0.336347
375.981,8,335,0.339445
375.981,8.125,335,0.342544
375.981,8.25,335,0.344922
375.981,8.375,335,0.346099
375.981,8.5,335,0.347277
375.981,8.625,335,0.348455
375.981,8.75,335,0.349632
375.981,8.875,335,0.35081
375.981,9,335,0.351988
375.981,9.125,335,0.353165
375.981,9.25,335,0.354343
375.981,9.375,335,0.355521
375.981,9.5,335,0.356698
375.981,9.625,335,0.357876
375.981,9.75,335,0.359053
375.981,9.875,335,0.360231
375.981,10,335,0.361409
375.981,10.125,335,0.362586
375.981,10.25,335,0.363764
375.981,10.375,335,0.364942
375.981,10.5,335,0.366119
375.981,10.625,335,0.367297
375.981,10.75,335,0.368474
375.981,10.875,335,0.369652
375.981,11,335,0.37083
375.981,11.125,335,0.372007
375.981,11.25,335,0.373185
375.981,11.375,335,0.374363
375.981,11.5,335,0.37554
375.981,11.625,335,0.376718
375.981,11.75,335,0.377895
375.981,11.875,335,0.379073
375.981,12,335,0.380251
375.981,12.125,335,0.381428
375.981,12.25,335,0.382606
375.981,12.375,335,0.383784
375.981,12.5,335,0.384961
375.981,12.625,335,0.386139
375.981,12.75,335,0.387316
375.981,12.875,335,0.388494
375.981,13,335,0.389672
375.981,13.125,335,0.390849
375.981,13.25,335,0.392027
375.981,13.375,335,0.393205
375.981,13.5,335,0.394382
375.981,13.625,335,0.39556
375.981,13.75,335,0.396365
375.981,13.875,335,0.396947
375.981,14,335,0.397529
375.981,14.125,335,0.398111
375.981,14.25,335,0.398693
375.981,14.375,335,0.399276
375.981,14.5,335,0.399858
375.981,14.625,335,0.40044
375.981,14.75,335,0.401022
375.981,14.875,335,0.401604
375.981,15,335,0.402186
375.981,15.125,335,0.402768
375.981,15.25,335,0.40335
375.981,15.375,335,0.403932
375.981,15.5,335,0.404514
375.981,15.625,335,0.405096
375.981,15.75,335,0.405678
375.981,15.875,335,0.40626
375.981,16,335,0.406842
375.981,16.125,335,0.407425
375.981,16.25,335,0.408007
375.981,16.375,335,0.408589
375.981,16.5,335,0.409171
375.981,16.625,335,0.409753
375.981,16.75,335,0.410335
375.981,16.875,335,0.410917
375.981,17,335,0.411499
375.981,17.125,335,0.412081
375.981,17.25,335,0.412663
375.981,17.375,335,0.413245
375.981,17.5,335,0.413827
375.981,17.625,335,0.414409
375.981,17.75,335,0.414991
375.981,17.875,335,0.415574
375.981,18,335,0.416156
375.981,18.125,335,0.416738
375.981,18.25,335,0.41732
375.981,18.375,335,0.417902
375.981,18.5,335,0.418484
375.981,18.625,335,0.419066
375.981,18.75,335,0.419648
375.981,18.875,335,0.42023
375.981,19,335,0.420812
375.981,19.125,335,0.421394
375.981,19.25,335,0.42173
375.981,19.375,335,0.42203
375.981,19.5,335,0.422331
375.981,19.625,335,0.422631
375.981,19.75,335,0.422932
375.981,19.875,335,0.423232
375.981,20,335,0.423533
