x,y,z,b
375.981,0,335,0.273667
375.981,0.125,335,0.275675
375.981,0.25,335,0.277683
375.981,0.375,335,0.279691
375.981,0.5,335,0.281699
375.981,0.625,335,0.283707
375.981,0.75,335,0.285716
375.981,0.875,335,0.287724
375.981,1,335,0.289732
375.981,1.125,335,0.29174
375.981,1.25,335,0.293748
375.981,1.375,335,0.295756
375.981,1.5,335,0.297764
375.981,1.625,335,0.299772
375.981,1.75,335,0.30178
375.981,1.875,335,0.303789
375.981,2,335,0.305797
375.981,2.125,335,0.307805
375.981,2.25,335,0.309813
375.981,2.375,335,0.311821
375.981,2.5,335,0.313829
375.981,2.625,335,0.315837
375.981,2.75,335,0.317797
375.981,2.875,335,0.319414
375.981,3,335,0.321032
375.981,3.125,335,0.32265
375.981,3.25,335,0.324268
375.981,3.375,335,0.325886
375.981,3.5,335,0.327504
375.981,3.625,335,0.329121
375.981,3.75,335,0.330739
375.981,3.875,335,0.332357
375.981,4,335,0.333975
375.981,4.125,335,0.335593
375.981,4.25,335,0.337211
375.981,4.375,335,0.338829
375.981,4.5,335,0.340446
375.981,4.625,335,0.342064
375.981,4.75,335,0.343682
375.981,4.875,335,0.3453
375.981,5,335,0.346918
375.981,5.125,335,0.348536
375.981,5.25,335,0.350153
375.981,5.375,335,0.351771
375.981,5.5,335,0.353389
375.981,5.625,335,0.355007
375.981,5.75,335,0.356625
375.981,5.875,335,0.358243
375.981,6,335,0.359861
375.981,6.125,335,0.361478
375.981,6.25,335,0.363096
375.981,6.375,335,0.364714
375.981,6.5,335,0.366332
375.981,6.625,335,0.36795
375.981,6.75,335,0.369568
375.981,6.875,335,0.371185
375.981,7,335,0.372803
375.981,7.125,335,0.374421
375.981,7.25,335,0.376039
375.981,7.375,335,0.377657
375.981,7.5,335,0.379275
375.981,7.625,335,0.380893
375.981,7.75,335,0.38251
375.981,7.875,335,0.384128
375.981,8,335,0.385746
375.981,8.125,335,0.387364
375.981,8.25,335,0.388598
375.981,8.375,335,0.389192
375.981,8.5,335,0.389786
375.981,8.625,335,0.39038
375.981,8.75,335,0.390974
375.981,8.875,335,0.391567
375.981,9,335,0.392161
375.981,9.125,335,0.392755
375.981,9.25,335,0.393349
375.981,9.375,335,0.393943
375.981,9.5,335,0.394537
375.981,9.625,335,0.395131
375.981,9.75,335,0.395725
375.981,9.875,335,0.396319
375.981,10,335,0.396913
375.981,10.125,335,0.397507
375.981,10.25,335,0.398101
375.981,10.375,335,0.398695
375.981,10.5,335,0.399289
375.981,10.625,335,0.399882
375.981,10.75,335,0.400476
375.981,10.875,335,0.40107
375.981,11,335,0.401664
375.981,11.125,335,0.402258
375.981,11.25,335,0.402852
375.981,11.375,335,0.403446
375.981,11.5,335,0.40404
375.981,11.625,335,0.404634
375.981,11.75,335,0.405228
375.981,11.875,335,0.405822
375.981,12,335,0.406416
375.981,12.125,335,0.40701
375.981,12.25,335,0.407604
375.981,12.375,335,0.408197
375.981,12.5,335,0.408791
375.981,12.625,335,0.409385
375.981,12.75,335,0.409979
375.981,12.875,335,0.410573
375.981,13,335,0.411167
375.981,13.125,335,0.411761
375.981,13.25,335,0.412355
375.981,13.375,335,0.412949
375.981,13.5,335,0.413543
375.981,13.625,335,0.414137
375.981,13.75,335,0.414337
375.981,13.875,335,0.4143
375.981,14,335,0.414263
375.981,14.125,335,0.414226
375.981,14.25,335,0.41419
375.981,14.375,335,0.414153
375.981,14.5,335,0.414116
375.981,14.625,335,0.41408
375.981,14.75,335,0.414043
375.981,14.875,335,0.414006
375.981,15,335,0.41397
375.981,15.125,335,0.413933
375.981,15.25,335,0.413896
375.981,15.375,335,0.41386
375.981,15.5,335,0.413823
375.981,15.625,335,0.413786
375.981,15.75,335,0.41375
375.981,15.875,335,0.413713
375.981,16,335,0.413676
375.981,16.125,335,0.41364
375.981,16.25,335,0.413603
375.981,16.375,335,0.413566
375.981,16.5,335,0.413529
375.981,16.625,335,0.413493
375.981,16.75,335,0.413456
375.981,16.875,335,0.413419
375.981,17,335,0.413383
375.981,17.125,335,0.413346
375.981,17.25,335,0.413309
375.981,17.375,335,0.413273
375.981,17.5,335,0.413236
375.981,17.625,335,0.413199
375.981,17.75,335,0.413163
375.981,17.875,335,0.413126
375.981,18,335,0.413089
375.981,18.125,335,0.413053
375.981,18.25,335,0.413016
375.981,18.375,335,0.412979
375.981,18.5,335,0.412943
375.981,18.625,335,0.412906
375.981,18.75,335,0.412869
375.981,18.875,335,0.412832
375.981,19,335,0.412796
375.981,19.125,335,0.412759
375.981,19.25,335,0.413039
375.981,19.375,335,0.413363
375.981,19.5,335,0.413688
375.981,19.625,335,0.414013
375.981,19.75,335,0.414337
375.981,19.875,335,0.414662
375.981,20,335,0.414987
