x,y,z,b
375.981,0,335,0.0802083
375.981,0.125,335,0.083776
375.981,0.25,335,0.0873437
375.981,0.375,335,0.0909115
375.981,0.5,335,0.0944792
375.981,0.625,335,0.0980469
375.981,0.75,335,0.101615
375.981,0.875,335,0.105182
375.981,1,335,0.10875
375.981,1.125,335,0.112318
375.981,1.25,335,0.115885
375.981,1.375,335,0.119453
375.981,1.5,335,0.123021
375.981,1.625,335,0.126589
375.981,1.75,335,0.130156
375.981,1.875,335,0.133724
375.981,2,335,0.137292
375.981,2.125,335,0.140859
375.981,2.25,335,0.144427
375.981,2.375,335,0.147995
375.981,2.5,335,0.151562
375.981,2.625,335,0.15513
375.981,2.75,335,0.158611
375.981,2.875,335,0.161486
375.981,3,335,0.16436
375.981,3.125,335,0.167234
375.981,3.25,335,0.170109
375.981,3.375,335,0.172983
375.981,3.5,335,0.175857
375.981,3.625,335,0.178732
375.981,3.75,335,0.181606
375.981,3.875,335,0.18448
375.981,4,335,0.187355
375.981,4.125,335,0.190229
375.981,4.25,335,0.193103
375.981,4.375,335,0.195978
375.981,4.5,335,0.198852
375.981,4.625,335,0.201726
375.981,4.75,335,0.204601
375.981,4.875,335,0.207475
375.981,5,335,0.210349
375.981,5.125,335,0.213224
375.981,5.25,335,0.216098
375.981,5.375,335,0.218973
375.981,5.5,335,0.221847
375.981,5.625,335,0.224721
375.981,5.75,335,0.227596
375.981,5.875,335,0.23047
375.981,6,335,0.233344
375.981,6.125,335,0.236219
375.981,6.25,335,0.239093
375.981,6.375,335,0.241967
375.981,6.5,335,0.244842
375.981,6.625,335,0.247716
375.981,6.75,335,0.25059
375.981,6.875,335,0.253465
375.981,7,335,0.256339
375.981,7.125,335,0.259213
375.981,7.25,335,0.262088
375.981,7.375,335,0.264962
375.981,7.5,335,0.267836
375.981,7.625,335,0.270711
375.981,7.75,335,0.273585
375.981,7.875,335,0.276459
375.981,8,335,0.279334
375.981,8.125,335,0.282208
375.981,8.25,335,0.284558
375.981,8.375,335,0.286035
375.981,8.5,335,0.287512
375.981,8.625,335,0.288989
375.981,8.75,335,0.290466
375.981,8.875,335,0.291943
375.981,9,335,0.29342
375.981,9.125,335,0.294897
375.981,9.25,335,0.296373
375.981,9.375,335,0.29785
375.981,9.5,335,0.299327
375.981,9.625,335,0.300804
375.981,9.75,335,0.302281
375.981,9.875,335,0.303758
375.981,10,335,0.305235
375.981,10.125,335,0.306712
375.981,10.25,335,0.308188
375.981,10.375,335,0.309665
375.981,10.5,335,0.311142
375.981,10.625,335,0.312619
375.981,10.75,335,0.314096
375.981,10.875,335,0.315573
375.981,11,335,0.31705
375.981,11.125,335,0.318527
375.981,11.25,335,0.320003
375.981,11.375,335,0.32148
375.981,11.5,335,0.322957
375.981,11.625,335,0.324434
375.981,11.75,335,0.325911
375.981,11.875,335,0.327388
375.981,12,335,0.328865
375.981,12.125,335,0.330342
375.981,12.25,335,0.331818
375.981,12.375,335,0.333295
375.981,12.5,335,0.334772
375.981,12.625,335,0.336249
375.981,12.75,335,0.337726
375.981,12.875,335,0.339203
375.981,13,335,0.34068
375.981,13.125,335,0.342157
375.981,13.25,335,0.343633
375.981,13.375,335,0.34511
375.981,13.5,335,0.346587
375.981,13.625,335,0.348064
375.981,13.75,335,0.349251
375.981,13.875,335,0.350263
375.981,14,335,0.351275
375.981,14.125,335,0.352287
375.981,14.25,335,0.353299
375.981,14.375,335,0.354312
375.981,14.5,335,0.355324
375.981,14.625,335,0.356336
375.981,14.75,335,0.357348
375.981,14.875,335,0.358361
375.981,15,335,0.359373
375.981,15.125,335,0.360385
375.981,15.25,335,0.361397
375.981,15.375,335,0.362409
375.981,15.5,335,0.363422
375.981,15.625,335,0.364434
375.981,15.75,335,0.365446
375.981,15.875,335,0.366458
375.981,16,335,0.367471
375.981,16.125,335,0.368483
375.981,16.25,335,0.369495
375.981,16.375,335,0.370507
375.981,16.5,335,0.371519
375.981,16.625,335,0.372532
375.981,16.75,335,0.373544
375.981,16.875,335,0.374556
375.981,17,335,0.375568
375.981,17.125,335,0.376581
375.981,17.25,335,0.377593
375.981,17.375,335,0.378605
375.981,17.5,335,0.379617
375.981,17.625,335,0.38063
375.981,17.75,335,0.381642
375.981,17.875,335,0.382654
375.981,18,335,0.383666
375.981,18.125,335,0.384678
375.981,18.25,335,0.385691
375.981,18.375,335,0.386703
375.981,18.5,335,0.387715
375.981,18.625,335,0.388727
375.981,18.75,335,0.38974
375.981,18.875,335,0.390752
375.981,19,335,0.391764
375.981,19.125,335,0.392776
375.981,19.25,335,0.393548
375.981,19.375,335,0.394285
375.981,19.5,335,0.395022
375.981,19.625,335,0.395759
375.981,19.75,335,0.396496
375.981,19.875,335,0.397233
375.981,20,335,0.39797
