x,y,z,b
375.981,0,335,0.096206
375.981,0.125,335,0.0998827
375.981,0.25,335,0.103559
375.981,0.375,335,0.107236
375.981,0.5,335,0.110913
375.981,0.625,335,0.114589
375.981,0.75,335,0.118266
375.981,0.875,335,0.121943
375.981,1,335,0.125619
375.981,1.125,335,0.129296
375.981,1.25,335,0.132973
375.981,1.375,335,0.136649
375.981,1.5,335,0.140326
375.981,1.625,335,0.144003
375.981,1.75,335,0.147679
375.981,1.875,335,0.151356
375.981,2,335,0.155033
375.981,2.125,335,0.158709
375.981,2.25,335,0.162386
375.981,2.375,335,0.166063
375.981,2.5,335,0.169739
375.981,2.625,335,0.173416
375.981,2.75,335,0.177003
375.981,2.875,335,0.179965
375.981,3,335,0.182927
375.981,3.125,335,0.18589
375.981,3.25,335,0.188852
375.981,3.375,335,0.191814
375.981,3.5,335,0.194776
375.981,3.625,335,0.197738
375.981,3.75,335,0.2007
375.981,3.875,335,0.203662
375.981,4,335,0.206624
375.981,4.125,335,0.209587
375.981,4.25,335,0.212549
375.981,4.375,335,0.215511
375.981,4.5,335,0.218473
375.981,4.625,335,0.221435
375.981,4.75,335,0.224397
375.981,4.875,335,0.227359
375.981,5,335,0.230321
375.981,5.125,335,0.233284
375.981,5.25,335,0.236246
375.981,5.375,335,0.239208
375.981,5.5,335,0.24217
375.981,5.625,335,0.245132
375.981,5.75,335,0.248094
375.981,5.875,335,0.251056
375.981,6,335,0.254018
375.981,6.125,335,0.256981
375.981,6.25,335,0.259943
375.981,6.375,335,0.262905
375.981,6.5,335,0.265867
375.981,6.625,335,0.268829
375.981,6.75,335,0.271791
375.981,6.875,335,0.274753
375.981,7,335,0.277715
375.981,7.125,335,0.280678
375.981,7.25,335,0.28364
375.981,7.375,335,0.286602
375.981,7.5,335,0.289564
375.981,7.625,335,0.292526
375.981,7.75,335,0.295488
375.981,7.875,335,0.29845
375.981,8,335,0.301412
375.981,8.125,335,0.304375
375.981,8.25,335,0.306818
375.981,8.375,335,0.308397
375.981,8.5,335,0.309975
375.981,8.625,335,0.311554
375.981,8.75,335,0.313133
375.981,8.875,335,0.314712
375.981,9,335,0.31629
375.981,9.125,335,0.317869
375.981,9.25,335,0.319448
375.981,9.375,335,0.321027
375.981,9.5,335,0.322606
375.981,9.625,335,0.324184
375.981,9.75,335,0.325763
375.981,9.875,335,0.327342
375.981,10,335,0.328921
375.981,10.125,335,0.330499
375.981,10.25,335,0.332078
375.981,10.375,335,0.333657
375.981,10.5,335,0.335236
375.981,10.625,335,0.336814
375.981,10.75,335,0.338393
375.981,10.875,335,0.339972
375.981,11,335,0.341551
375.981,11.125,335,0.343129
375.981,11.25,335,0.344708
375.981,11.375,335,0.346287
375.981,11.5,335,0.347866
375.981,11.625,335,0.349444
375.981,11.75,335,0.351023
375.981,11.875,335,0.352602
375.981,12,335,0.354181
375.981,12.125,335,0.355759
375.981,12.25,335,0.357338
375.981,12.375,335,0.358917
375.981,12.5,335,0.360496
375.981,12.625,335,0.362074
375.981,12.75,335,0.363653
375.981,12.875,335,0.365232
375.981,13,335,0.366811
375.981,13.125,335,0.368389
375.981,13.25,335,0.369968
375.981,13.375,335,0.371547
375.981,13.5,335,0.373126
375.981,13.625,335,0.374704
375.981,13.75,335,0.375808
375.981,13.875,335,0.376626
375.981,14,335,0.377444
375.981,14.125,335,0.378263
375.981,14.25,335,0.379081
375.981,14.375,335,0.379899
375.981,14.5,335,0.380718
375.981,14.625,335,0.381536
375.981,14.75,335,0.382354
375.981,14.875,335,0.383172
375.981,15,335,0.383991
375.981,15.125,335,0.384809
375.981,15.25,335,0.385627
375.981,15.375,335,0.386445
375.981,15.5,335,0.387264
375.981,15.625,335,0.388082
375.981,15.75,335,0.3889
375.981,15.875,335,0.389719
375.981,16,335,0.390537
375.981,16.125,335,0.391355
375.981,16.25,335,0.392173
375.981,16.375,335,0.392992
375.981,16.5,335,0.39381
375.981,16.625,335,0.394628
375.981,16.75,335,0.395446
375.981,16.875,335,0.396265
375.981,17,335,0.397083
375.981,17.125,335,0.397901
375.981,17.25,335,0.39872
375.981,17.375,335,0.399538
375.981,17.5,335,0.400356
375.981,17.625,335,0.401174
375.981,17.75,335,0.401993
375.981,17.875,335,0.402811
375.981,18,335,0.403629
375.981,18.125,335,0.404447
375.981,18.25,335,0.405266
375.981,18.375,335,0.406084
375.981,18.5,335,0.406902
375.981,18.625,335,0.407721
375.981,18.75,335,0.408539
375.981,18.875,335,0.409357
375.981,19,335,0.410175
375.981,19.125,335,0.410994
375.981,19.25,335,0.411481
375.981,19.375,335,0.411922
375.981,19.5,335,0.412362
375.981,19.625,335,0.412803
375.981,19.75,335,0.413243
375.981,19.875,335,0.413684
375.981,20,335,0.414124
