x,y,z,b
375.981,0,335,0.222907
375.981,0.125,335,0.225702
375.981,0.25,335,0.228496
375.981,0.375,335,0.231291
375.981,0.5,335,0.234085
375.981,0.625,335,0.23688
375.981,0.75,335,0.239674
375.981,0.875,335,0.242469
375.981,1,335,0.245263
375.981,1.125,335,0.248058
375.981,1.25,335,0.250853
375.981,1.375,335,0.253647
375.981,1.5,335,0.256442
375.981,1.625,335,0.259236
375.981,1.75,335,0.262031
375.981,1.875,335,0.264825
375.981,2,335,0.26762
375.981,2.125,335,0.270414
375.981,2.25,335,0.273209
375.981,2.375,335,0.276003
375.981,2.5,335,0.278798
375.981,2.625,335,0.281592
375.981,2.75,335,0.284319
375.981,2.875,335,0.28657
375.981,3,335,0.288821
375.981,3.125,335,0.291073
375.981,3.25,335,0.293324
375.981,3.375,335,0.295576
375.981,3.5,335,0.297827
375.981,3.625,335,0.300079
375.981,3.75,335,0.30233
375.981,3.875,335,0.304581
375.981,4,335,0.306833
375.981,4.125,335,0.309084
375.981,4.25,335,0.311336
375.981,4.375,335,0.313587
375.981,4.5,335,0.315838
375.981,4.625,335,0.31809
375.981,4.75,335,0.320341
375.981,4.875,335,0.322593
375.981,5,335,0.324844
375.981,5.125,335,0.327095
375.981,5.25,335,0.329347
375.981,5.375,335,0.331598
375.981,5.5,335,0.33385
375.981,5.625,335,0.336101
375.981,5.75,335,0.338352
375.981,5.875,335,0.340604
375.981,6,335,0.342855
375.981,6.125,335,0.345107
375.981,6.25,335,0.347358
375.981,6.375,335,0.34961
375.981,6.5,335,0.351861
375.981,6.625,335,0.354112
375.981,6.75,335,0.356364
375.981,6.875,335,0.358615
375.981,7,335,0.360867
375.981,7.125,335,0.363118
375.981,7.25,335,0.365369
375.981,7.375,335,0.367621
375.981,7.5,335,0.369872
375.981,7.625,335,0.372124
375.981,7.75,335,0.374375
375.981,7.875,335,0.376626
375.981,8,335,0.378878
375.981,8.125,335,0.381129
375.981,8.25,335,0.382846
375.981,8.375,335,0.38367
375.981,8.5,335,0.384495
375.981,8.625,335,0.38532
375.981,8.75,335,0.386144
375.981,8.875,335,0.386969
375.981,9,335,0.387794
375.981,9.125,335,0.388618
375.981,9.25,335,0.389443
375.981,9.375,335,0.390268
375.981,9.5,335,0.391092
375.981,9.625,335,0.391917
375.981,9.75,335,0.392741
375.981,9.875,335,0.393566
375.981,10,335,0.394391
375.981,10.125,335,0.395215
375.981,10.25,335,0.39604
375.981,10.375,335,0.396865
375.981,10.5,335,0.397689
375.981,10.625,335,0.398514
375.981,10.75,335,0.399339
375.981,10.875,335,0.400163
375.981,11,335,0.400988
375.981,11.125,335,0.401813
375.981,11.25,335,0.402637
375.981,11.375,335,0.403462
375.981,11.5,335,0.404287
375.981,11.625,335,0.405111
375.981,11.75,335,0.405936
375.981,11.875,335,0.406761
375.981,12,335,0.407585
375.981,12.125,335,0.40841
375.981,12.25,335,0.409235
375.981,12.375,335,0.410059
375.981,12.5,335,0.410884
375.981,12.625,335,0.411709
375.981,12.75,335,0.412533
375.981,12.875,335,0.413358
375.981,13,335,0.414182
375.981,13.125,335,0.415007
375.981,13.25,335,0.415832
375.981,13.375,335,0.416656
375.981,13.5,335,0.417481
375.981,13.625,335,0.418306
375.981,13.75,335,0.418776
375.981,13.875,335,0.419034
375.981,14,335,0.419292
375.981,14.125,335,0.41955
375.981,14.25,335,0.419808
375.981,14.375,335,0.420066
375.981,14.5,335,0.420324
375.981,14.625,335,0.420581
375.981,14.75,335,0.420839
375.981,14.875,335,0.421097
375.981,15,335,0.421355
375.981,15.125,335,0.421613
375.981,15.25,335,0.421871
375.981,15.375,335,0.422129
375.981,15.5,335,0.422387
375.981,15.625,335,0.422645
375.981,15.75,335,0.422902
375.981,15.875,335,0.42316
375.981,16,335,0.423418
375.981,16.125,335,0.423676
375.981,16.25,335,0.423934
375.981,16.375,335,0.424192
375.981,16.5,335,0.42445
375.981,16.625,335,0.424708
375.981,16.75,335,0.424966
375.981,16.875,335,0.425223
375.981,17,335,0.425481
375.981,17.125,335,0.425739
375.981,17.25,335,0.425997
375.981,17.375,335,0.426255
375.981,17.5,335,0.426513
375.981,17.625,335,0.426771
375.981,17.75,335,0.427029
375.981,17.875,335,0.427287
375.981,18,335,0.427544
375.981,18.125,335,0.427802
375.981,18.25,335,0.42806
375.981,18.375,335,0.428318
375.981,18.5,335,0.428576
375.981,18.625,335,0.428834
375.981,18.75,335,0.429092
375.981,18.875,335,0.42935
375.981,19,335,0.429608
375.981,19.125,335,0.429865
375.981,19.25,335,0.430115
375.981,19.375,335,0.430364
375.981,19.5,335,0.430613
375.981,19.625,335,0.430862
375.981,19.75,335,0.431111
375.981,19.875,335,0.43136
375.981,20,335,0.431609
