x,y,z,b
375.981,0,335,0.103836
375.981,0.125,335,0.107997
375.981,0.25,335,0.112158
375.981,0.375,335,0.11632
375.981,0.5,335,0.120481
375.981,0.625,335,0.124642
375.981,0.75,335,0.128803
375.981,0.875,335,0.132964
375.981,1,335,0.137126
375.981,1.125,335,0.141287
375.981,1.25,335,0.145448
375.981,1.375,335,0.149609
375.981,1.5,335,0.15377
375.981,1.625,335,0.157932
375.981,1.75,335,0.162093
375.981,1.875,335,0.166254
375.981,2,335,0.170415
375.981,2.125,335,0.174577
375.981,2.25,335,0.178738
375.981,2.375,335,0.182899
375.981,2.5,335,0.18706
375.981,2.625,335,0.191221
375.981,2.75,335,0.195281
375.981,2.875,335,0.198634
375.981,3,335,0.201986
375.981,3.125,335,0.205339
375.981,3.25,335,0.208691
375.981,3.375,335,0.212044
375.981,3.5,335,0.215396
375.981,3.625,335,0.218749
375.981,3.75,335,0.222101
375.981,3.875,335,0.225454
375.981,4,335,0.228806
375.981,4.125,335,0.232159
375.981,4.25,335,0.235511
375.981,4.375,335,0.238864
375.981,4.5,335,0.242216
375.981,4.625,335,0.245569
375.981,4.75,335,0.248921
375.981,4.875,335,0.252274
375.981,5,335,0.255626
375.981,5.125,335,0.258979
375.981,5.25,335,0.262331
375.981,5.375,335,0.265684
375.981,5.5,335,0.269036
375.981,5.625,335,0.272389
375.981,5.75,335,0.275741
375.981,5.875,335,0.279094
375.981,6,335,0.282446
375.981,6.125,335,0.285799
375.981,6.25,335,0.289151
375.981,6.375,335,0.292504
375.981,6.5,335,0.295856
375.981,6.625,335,0.299209
375.981,6.75,335,0.302561
375.981,6.875,335,0.305914
375.981,7,335,0.309266
375.981,7.125,335,0.312619
375.981,7.25,335,0.315971
375.981,7.375,335,0.319324
375.981,7.5,335,0.322676
375.981,7.625,335,0.326029
375.981,7.75,335,0.329381
375.981,7.875,335,0.332734
375.981,8,335,0.336086
375.981,8.125,335,0.339439
375.981,8.25,335,0.341992
375.981,8.375,335,0.343212
375.981,8.5,335,0.344433
375.981,8.625,335,0.345653
375.981,8.75,335,0.346874
375.981,8.875,335,0.348094
375.981,9,335,0.349315
375.981,9.125,335,0.350535
375.981,9.25,335,0.351756
375.981,9.375,335,0.352976
375.981,9.5,335,0.354197
375.981,9.625,335,0.355418
375.981,9.75,335,0.356638
375.981,9.875,335,0.357859
375.981,10,335,0.359079
375.981,10.125,335,0.3603
375.981,10.25,335,0.36152
375.981,10.375,335,0.362741
375.981,10.5,335,0.363961
375.981,10.625,335,0.365182
375.981,10.75,335,0.366402
375.981,10.875,335,0.367623
375.981,11,335,0.368843
375.981,11.125,335,0.370064
375.981,11.25,335,0.371284
375.981,11.375,335,0.372505
375.981,11.5,335,0.373725
375.981,11.625,335,0.374946
375.981,11.75,335,0.376166
375.981,11.875,335,0.377387
375.981,12,335,0.378607
375.981,12.125,335,0.379828
375.981,12.25,335,0.381048
375.981,12.375,335,0.382269
375.981,12.5,335,0.383489
375.981,12.625,335,0.38471
375.981,12.75,335,0.38593
375.981,12.875,335,0.387151
375.981,13,335,0.388371
375.981,13.125,335,0.389592
375.981,13.25,335,0.390812
375.981,13.375,335,0.392033
375.981,13.5,335,0.393253
375.981,13.625,335,0.394474
375.981,13.75,335,0.395307
375.981,13.875,335,0.395907
375.981,14,335,0.396508
375.981,14.125,335,0.397108
375.981,14.25,335,0.397709
375.981,14.375,335,0.398309
375.981,14.5,335,0.398909
375.981,14.625,335,0.39951
375.981,14.75,335,0.40011
375.981,14.875,335,0.400711
375.981,15,335,0.401311
375.981,15.125,335,0.401911
375.981,15.25,335,0.402512
375.981,15.375,335,0.403112
375.981,15.5,335,0.403713
375.981,15.625,335,0.404313
375.981,15.75,335,0.404914
375.981,15.875,335,0.405514
375.981,16,335,0.406114
375.981,16.125,335,0.406715
375.981,16.25,335,0.407315
375.981,16.375,335,0.407916
375.981,16.5,335,0.408516
375.981,16.625,335,0.409117
375.981,16.75,335,0.409717
375.981,16.875,335,0.410317
375.981,17,335,0.410918
375.981,17.125,335,0.411518
375.981,17.25,335,0.412119
375.981,17.375,335,0.412719
375.981,17.5,335,0.41332
375.981,17.625,335,0.41392
375.981,17.75,335,0.41452
375.981,17.875,335,0.415121
375.981,18,335,0.415721
375.981,18.125,335,0.416322
375.981,18.25,335,0.416922
375.981,18.375,335,0.417523
375.981,18.5,335,0.418123
375.981,18.625,335,0.418723
375.981,18.75,335,0.419324
375.981,18.875,335,0.419924
375.981,19,335,0.420525
375.981,19.125,335,0.421125
375.981,19.25,335,0.421468
375.981,19.375,335,0.421774
375.981,19.5,335,0.42208
375.981,19.625,335,0.422386
375.981,19.75,335,0.422692
375.981,19.875,335,0.422998
375.981,20,335,0.423303
