x,y,z,b
375.981,0,335,0.235585
375.981,0.125,335,0.238255
375.981,0.25,335,0.240925
375.981,0.375,335,0.243595
375.981,0.5,335,0.246265
375.981,0.625,335,0.248935
375.981,0.75,335,0.251605
375.981,0.875,335,0.254275
375.981,1,335,0.256945
375.981,1.125,335,0.259615
375.981,1.25,335,0.262285
375.981,1.375,335,0.264955
375.981,1.5,335,0.267625
375.981,1.625,335,0.270296
375.981,1.75,335,0.272966
375.981,1.875,335,0.275636
375.981,2,335,0.278306
375.981,2.125,335,0.280976
375.981,2.25,335,0.283646
375.981,2.375,335,0.286316
375.981,2.5,335,0.288986
375.981,2.625,335,0.291656
375.981,2.75,335,0.294261
375.981,2.875,335,0.296412
375.981,3,335,0.298563
375.981,3.125,335,0.300714
375.981,3.25,335,0.302865
375.981,3.375,335,0.305016
375.981,3.5,335,0.307167
375.981,3.625,335,0.309319
375.981,3.75,335,0.31147
375.981,3.875,335,0.313621
375.981,4,335,0.315772
375.981,4.125,335,0.317923
375.981,4.25,335,0.320074
375.981,4.375,335,0.322225
375.981,4.5,335,0.324376
375.981,4.625,335,0.326527
375.981,4.75,335,0.328679
375.981,4.875,335,0.33083
375.981,5,335,0.332981
375.981,5.125,335,0.335132
375.981,5.25,335,0.337283
375.981,5.375,335,0.339434
375.981,5.5,335,0.341585
375.981,5.625,335,0.343736
375.981,5.75,335,0.345887
375.981,5.875,335,0.348039
375.981,6,335,0.35019
375.981,6.125,335,0.352341
375.981,6.25,335,0.354492
375.981,6.375,335,0.356643
375.981,6.5,335,0.358794
375.981,6.625,335,0.360945
375.981,6.75,335,0.363096
375.981,6.875,335,0.365247
375.981,7,335,0.367399
375.981,7.125,335,0.36955
375.981,7.25,335,0.371701
375.981,7.375,335,0.373852
375.981,7.5,335,0.376003
375.981,7.625,335,0.378154
375.981,7.75,335,0.380305
375.981,7.875,335,0.382456
375.981,8,335,0.384607
375.981,8.125,335,0.386759
375.981,8.25,335,0.38835
375.981,8.375,335,0.38901
375.981,8.5,335,0.38967
375.981,8.625,335,0.39033
375.981,8.75,335,0.39099
375.981,8.875,335,0.39165
375.981,9,335,0.39231
375.981,9.125,335,0.39297
375.981,9.25,335,0.39363
375.981,9.375,335,0.39429
375.981,9.5,335,0.39495
375.981,9.625,335,0.39561
375.981,9.75,335,0.39627
375.981,9.875,335,0.39693
375.981,10,335,0.39759
375.981,10.125,335,0.39825
375.981,10.25,335,0.398909
375.981,10.375,335,0.399569
375.981,10.5,335,0.400229
375.981,10.625,335,0.400889
375.981,10.75,335,0.401549
375.981,10.875,335,0.402209
375.981,11,335,0.402869
375.981,11.125,335,0.403529
375.981,11.25,335,0.404189
375.981,11.375,335,0.404849
375.981,11.5,335,0.405509
375.981,11.625,335,0.406169
375.981,11.75,335,0.406829
375.981,11.875,335,0.407489
375.981,12,335,0.408149
375.981,12.125,335,0.408809
375.981,12.25,335,0.409468
375.981,12.375,335,0.410128
375.981,12.5,335,0.410788
375.981,12.625,335,0.411448
375.981,12.75,335,0.412108
375.981,12.875,335,0.412768
375.981,13,335,0.413428
375.981,13.125,335,0.414088
375.981,13.25,335,0.414748
375.981,13.375,335,0.415408
375.981,13.5,335,0.416068
375.981,13.625,335,0.416728
375.981,13.75,335,0.417072
375.981,13.875,335,0.417226
375.981,14,335,0.417381
375.981,14.125,335,0.417535
375.981,14.25,335,0.41769
375.981,14.375,335,0.417845
375.981,14.5,335,0.417999
375.981,14.625,335,0.418154
375.981,14.75,335,0.418308
375.981,14.875,335,0.418463
375.981,15,335,0.418617
375.981,15.125,335,0.418772
375.981,15.25,335,0.418926
375.981,15.375,335,0.419081
375.981,15.5,335,0.419235
375.981,15.625,335,0.41939
375.981,15.75,335,0.419544
375.981,15.875,335,0.419699
375.981,16,335,0.419854
375.981,16.125,335,0.420008
375.981,16.25,335,0.420163
375.981,16.375,335,0.420317
375.981,16.5,335,0.420472
375.981,16.625,335,0.420626
375.981,16.75,335,0.420781
375.981,16.875,335,0.420935
375.981,17,335,0.42109
375.981,17.125,335,0.421244
375.981,17.25,335,0.421399
375.981,17.375,335,0.421554
375.981,17.5,335,0.421708
375.981,17.625,335,0.421863
375.981,17.75,335,0.422017
375.981,17.875,335,0.422172
375.981,18,335,0.422326
375.981,18.125,335,0.422481
375.981,18.25,335,0.422635
375.981,18.375,335,0.42279
375.981,18.5,335,0.422944
375.981,18.625,335,0.423099
375.981,18.75,335,0.423253
375.981,18.875,335,0.423408
375.981,19,335,0.423563
375.981,19.125,335,0.423717
375.981,19.25,335,0.423995
375.981,19.375,335,0.424291
375.981,19.5,335,0.424586
375.981,19.625,335,0.424882
375.981,19.75,335,0.425177
375.981,19.875,335,0.425473
375.981,20,335,0.425769
