x,y,z,b
375.981,0,335,0.093434
375.981,0.125,335,0.0970754
375.981,0.25,335,0.100717
375.981,0.375,335,0.104358
375.981,0.5,335,0.108
375.981,0.625,335,0.111641
375.981,0.75,335,0.115282
375.981,0.875,335,0.118924
375.981,1,335,0.122565
375.981,1.125,335,0.126207
375.981,1.25,335,0.129848
375.981,1.375,335,0.133489
375.981,1.5,335,0.137131
375.981,1.625,335,0.140772
375.981,1.75,335,0.144414
375.981,1.875,335,0.148055
375.981,2,335,0.151696
375.981,2.125,335,0.155338
375.981,2.25,335,0.158979
375.981,2.375,335,0.162621
375.981,2.5,335,0.166262
375.981,2.625,335,0.169903
375.981,2.75,335,0.173456
375.981,2.875,335,0.17639
375.981,3,335,0.179324
375.981,3.125,335,0.182257
375.981,3.25,335,0.185191
375.981,3.375,335,0.188125
375.981,3.5,335,0.191059
375.981,3.625,335,0.193992
375.981,3.75,335,0.196926
375.981,3.875,335,0.19986
375.981,4,335,0.202793
375.981,4.125,335,0.205727
375.981,4.25,335,0.208661
375.981,4.375,335,0.211595
375.981,4.5,335,0.214528
375.981,4.625,335,0.217462
375.981,4.75,335,0.220396
375.981,4.875,335,0.223329
375.981,5,335,0.226263
375.981,5.125,335,0.229197
375.981,5.25,335,0.232131
375.981,5.375,335,0.235064
375.981,5.5,335,0.237998
375.981,5.625,335,0.240932
375.981,5.75,335,0.243865
375.981,5.875,335,0.246799
375.981,6,335,0.249733
375.981,6.125,335,0.252667
375.981,6.25,335,0.2556
375.981,6.375,335,0.258534
375.981,6.5,335,0.261468
375.981,6.625,335,0.264401
375.981,6.75,335,0.267335
375.981,6.875,335,0.270269
375.981,7,335,0.273203
375.981,7.125,335,0.276136
375.981,7.25,335,0.27907
375.981,7.375,335,0.282004
375.981,7.5,335,0.284937
375.981,7.625,335,0.287871
375.981,7.75,335,0.290805
375.981,7.875,335,0.293739
375.981,8,335,0.296672
375.981,8.125,335,0.299606
375.981,8.25,335,0.302039
375.981,8.375,335,0.303637
375.981,8.5,335,0.305236
375.981,8.625,335,0.306834
375.981,8.75,335,0.308432
375.981,8.875,335,0.310031
375.981,9,335,0.311629
375.981,9.125,335,0.313227
375.981,9.25,335,0.314826
375.981,9.375,335,0.316424
375.981,9.5,335,0.318023
375.981,9.625,335,0.319621
375.981,9.75,335,0.321219
375.981,9.875,335,0.322818
375.981,10,335,0.324416
375.981,10.125,335,0.326014
375.981,10.25,335,0.327613
375.981,10.375,335,0.329211
375.981,10.5,335,0.33081
375.981,10.625,335,0.332408
375.981,10.75,335,0.334006
375.981,10.875,335,0.335605
375.981,11,335,0.337203
375.981,11.125,335,0.338801
375.981,11.25,335,0.3404
375.981,11.375,335,0.341998
375.981,11.5,335,0.343596
375.981,11.625,335,0.345195
375.981,11.75,335,0.346793
375.981,11.875,335,0.348392
375.981,12,335,0.34999
375.981,12.125,335,0.351588
375.981,12.25,335,0.353187
375.981,12.375,335,0.354785
375.981,12.5,335,0.356383
375.981,12.625,335,0.357982
375.981,12.75,335,0.35958
375.981,12.875,335,0.361178
375.981,13,335,0.362777
375.981,13.125,335,0.364375
375.981,13.25,335,0.365974
375.981,13.375,335,0.367572
375.981,13.5,335,0.36917
375.981,13.625,335,0.370769
375.981,13.75,335,0.371889
375.981,13.875,335,0.372721
375.981,14,335,0.373554
375.981,14.125,335,0.374387
375.981,14.25,335,0.375219
375.981,14.375,335,0.376052
375.981,14.5,335,0.376885
375.981,14.625,335,0.377718
375.981,14.75,335,0.37855
375.981,14.875,335,0.379383
375.981,15,335,0.380216
375.981,15.125,335,0.381048
375.981,15.25,335,0.381881
375.981,15.375,335,0.382714
375.981,15.5,335,0.383546
375.981,15.625,335,0.384379
375.981,15.75,335,0.385212
375.981,15.875,335,0.386045
375.981,16,335,0.386877
375.981,16.125,335,0.38771
375.981,16.25,335,0.388543
375.981,16.375,335,0.389375
375.981,16.5,335,0.390208
375.981,16.625,335,0.391041
375.981,16.75,335,0.391874
375.981,16.875,335,0.392706
375.981,17,335,0.393539
375.981,17.125,335,0.394372
375.981,17.25,335,0.395204
375.981,17.375,335,0.396037
375.981,17.5,335,0.39687
375.981,17.625,335,0.397703
375.981,17.75,335,0.398535
375.981,17.875,335,0.399368
375.981,18,335,0.400201
375.981,18.125,335,0.401033
375.981,18.25,335,0.401866
375.981,18.375,335,0.402699
375.981,18.5,335,0.403532
375.981,18.625,335,0.404364
375.981,18.75,335,0.405197
375.981,18.875,335,0.40603
375.981,19,335,0.406862
375.981,19.125,335,0.407695
375.981,19.25,335,0.408226
375.981,19.375,335,0.408714
375.981,19.5,335,0.409203
375.981,19.625,335,0.409691
375.981,19.75,335,0.410179
375.981,19.875,335,0.410667
375.981,20,335,0.411155
