x,y,z,b
375.981,0,335,0.268536
375.981,0.125,335,0.270655
375.981,0.25,335,0.272774
375.981,0.375,335,0.274892
375.981,0.5,335,0.277011
375.981,0.625,335,0.27913
375.981,0.75,335,0.281248
375.981,0.875,335,0.283367
375.981,1,335,0.285486
375.981,1.125,335,0.287604
375.981,1.25,335,0.289723
375.981,1.375,335,0.291842
375.981,1.5,335,0.29396
375.981,1.625,335,0.296079
375.981,1.75,335,0.298197
375.981,1.875,335,0.300316
375.981,2,335,0.302435
375.981,2.125,335,0.304553
375.981,2.25,335,0.306672
375.981,2.375,335,0.308791
375.981,2.5,335,0.310909
375.981,2.625,335,0.313028
375.981,2.75,335,0.315095
375.981,2.875,335,0.316802
375.981,3,335,0.318509
375.981,3.125,335,0.320216
375.981,3.25,335,0.321923
375.981,3.375,335,0.32363
375.981,3.5,335,0.325337
375.981,3.625,335,0.327044
375.981,3.75,335,0.32875
375.981,3.875,335,0.330457
375.981,4,335,0.332164
375.981,4.125,335,0.333871
375.981,4.25,335,0.335578
375.981,4.375,335,0.337285
375.981,4.5,335,0.338992
375.981,4.625,335,0.340699
375.981,4.75,335,0.342406
375.981,4.875,335,0.344113
375.981,5,335,0.345819
375.981,5.125,335,0.347526
375.981,5.25,335,0.349233
375.981,5.375,335,0.35094
375.981,5.5,335,0.352647
375.981,5.625,335,0.354354
375.981,5.75,335,0.356061
375.981,5.875,335,0.357768
375.981,6,335,0.359475
375.981,6.125,335,0.361182
375.981,6.25,335,0.362889
375.981,6.375,335,0.364595
375.981,6.5,335,0.366302
375.981,6.625,335,0.368009
375.981,6.75,335,0.369716
375.981,6.875,335,0.371423
375.981,7,335,0.37313
375.981,7.125,335,0.374837
375.981,7.25,335,0.376544
375.981,7.375,335,0.378251
375.981,7.5,335,0.379958
375.981,7.625,335,0.381664
375.981,7.75,335,0.383371
375.981,7.875,335,0.385078
375.981,8,335,0.386785
375.981,8.125,335,0.388492
375.981,8.25,335,0.389769
375.981,8.375,335,0.39033
375.981,8.5,335,0.39089
375.981,8.625,335,0.391451
375.981,8.75,335,0.392011
375.981,8.875,335,0.392572
375.981,9,335,0.393132
375.981,9.125,335,0.393693
375.981,9.25,335,0.394253
375.981,9.375,335,0.394814
375.981,9.5,335,0.395374
375.981,9.625,335,0.395935
375.981,9.75,335,0.396495
375.981,9.875,335,0.397056
375.981,10,335,0.397616
375.981,10.125,335,0.398177
375.981,10.25,335,0.398737
375.981,10.375,335,0.399298
375.981,10.5,335,0.399858
375.981,10.625,335,0.400419
375.981,10.75,335,0.400979
375.981,10.875,335,0.40154
375.981,11,335,0.4021
375.981,11.125,335,0.402661
375.981,11.25,335,0.403221
375.981,11.375,335,0.403782
375.981,11.5,335,0.404342
375.981,11.625,335,0.404903
375.981,11.75,335,0.405463
375.981,11.875,335,0.406024
375.981,12,335,0.406584
375.981,12.125,335,0.407145
375.981,12.25,335,0.407705
375.981,12.375,335,0.408266
375.981,12.5,335,0.408826
375.981,12.625,335,0.409387
375.981,12.75,335,0.409947
375.981,12.875,335,0.410508
375.981,13,335,0.411068
375.981,13.125,335,0.411629
375.981,13.25,335,0.412189
375.981,13.375,335,0.41275
375.981,13.5,335,0.41331
375.981,13.625,335,0.413871
375.981,13.75,335,0.414073
375.981,13.875,335,0.414061
375.981,14,335,0.414049
375.981,14.125,335,0.414037
375.981,14.25,335,0.414025
375.981,14.375,335,0.414013
375.981,14.5,335,0.414
375.981,14.625,335,0.413988
375.981,14.75,335,0.413976
375.981,14.875,335,0.413964
375.981,15,335,0.413952
375.981,15.125,335,0.41394
375.981,15.25,335,0.413928
375.981,15.375,335,0.413916
375.981,15.5,335,0.413903
375.981,15.625,335,0.413891
375.981,15.75,335,0.413879
375.981,15.875,335,0.413867
375.981,16,335,0.413855
375.981,16.125,335,0.413843
375.981,16.25,335,0.413831
375.981,16.375,335,0.413818
375.981,16.5,335,0.413806
375.981,16.625,335,0.413794
375.981,16.75,335,0.413782
375.981,16.875,335,0.41377
375.981,17,335,0.413758
375.981,17.125,335,0.413746
375.981,17.25,335,0.413733
375.981,17.375,335,0.413721
375.981,17.5,335,0.413709
375.981,17.625,335,0.413697
375.981,17.75,335,0.413685
375.981,17.875,335,0.413673
375.981,18,335,0.413661
375.981,18.125,335,0.413648
375.981,18.25,335,0.413636
375.981,18.375,335,0.413624
375.981,18.5,335,0.413612
375.981,18.625,335,0.4136
375.981,18.75,335,0.413588
375.981,18.875,335,0.413576
375.981,19,335,0.413564
375.981,19.125,335,0.413551
375.981,19.25,335,0.413842
375.981,19.375,335,0.414175
375.981,19.5,335,0.414508
375.981,19.625,335,0.414842
375.981,19.75,335,0.415175
375.981,19.875,335,0.415508
375.981,20,335,0.415842
