x,y,z,b
375.981,0,335,0.0952997
375.981,0.125,335,0.0990551
375.981,0.25,335,0.10281
375.981,0.375,335,0.106566
375.981,0.5,335,0.110321
375.981,0.625,335,0.114077
375.981,0.75,335,0.117832
375.981,0.875,335,0.121587
375.981,1,335,0.125343
375.981,1.125,335,0.129098
375.981,1.25,335,0.132854
375.981,1.375,335,0.136609
375.981,1.5,335,0.140364
375.981,1.625,335,0.14412
375.981,1.75,335,0.147875
375.981,1.875,335,0.151631
375.981,2,335,0.155386
375.981,2.125,335,0.159141
375.981,2.25,335,0.162897
375.981,2.375,335,0.166652
375.981,2.5,335,0.170407
375.981,2.625,335,0.174163
375.981,2.75,335,0.177827
375.981,2.875,335,0.180853
375.981,3,335,0.183878
375.981,3.125,335,0.186904
375.981,3.25,335,0.189929
375.981,3.375,335,0.192955
375.981,3.5,335,0.19598
375.981,3.625,335,0.199006
375.981,3.75,335,0.202032
375.981,3.875,335,0.205057
375.981,4,335,0.208083
375.981,4.125,335,0.211108
375.981,4.25,335,0.214134
375.981,4.375,335,0.217159
375.981,4.5,335,0.220185
375.981,4.625,335,0.22321
375.981,4.75,335,0.226236
375.981,4.875,335,0.229262
375.981,5,335,0.232287
375.981,5.125,335,0.235313
375.981,5.25,335,0.238338
375.981,5.375,335,0.241364
375.981,5.5,335,0.244389
375.981,5.625,335,0.247415
375.981,5.75,335,0.25044
375.981,5.875,335,0.253466
375.981,6,335,0.256492
375.981,6.125,335,0.259517
375.981,6.25,335,0.262543
375.981,6.375,335,0.265568
375.981,6.5,335,0.268594
375.981,6.625,335,0.271619
375.981,6.75,335,0.274645
375.981,6.875,335,0.27767
375.981,7,335,0.280696
375.981,7.125,335,0.283722
375.981,7.25,335,0.286747
375.981,7.375,335,0.289773
375.981,7.5,335,0.292798
375.981,7.625,335,0.295824
375.981,7.75,335,0.298849
375.981,7.875,335,0.301875
375.981,8,335,0.3049
375.981,8.125,335,0.307926
375.981,8.25,335,0.310381
375.981,8.375,335,0.311885
375.981,8.5,335,0.313389
375.981,8.625,335,0.314893
375.981,8.75,335,0.316397
375.981,8.875,335,0.317902
375.981,9,335,0.319406
375.981,9.125,335,0.32091
375.981,9.25,335,0.322414
375.981,9.375,335,0.323918
375.981,9.5,335,0.325422
375.981,9.625,335,0.326926
375.981,9.75,335,0.32843
375.981,9.875,335,0.329934
375.981,10,335,0.331439
375.981,10.125,335,0.332943
375.981,10.25,335,0.334447
375.981,10.375,335,0.335951
375.981,10.5,335,0.337455
375.981,10.625,335,0.338959
375.981,10.75,335,0.340463
375.981,10.875,335,0.341967
375.981,11,335,0.343471
375.981,11.125,335,0.344976
375.981,11.25,335,0.34648
375.981,11.375,335,0.347984
375.981,11.5,335,0.349488
375.981,11.625,335,0.350992
375.981,11.75,335,0.352496
375.981,11.875,335,0.354
375.981,12,335,0.355504
375.981,12.125,335,0.357009
375.981,12.25,335,0.358513
375.981,12.375,335,0.360017
375.981,12.5,335,0.361521
375.981,12.625,335,0.363025
375.981,12.75,335,0.364529
375.981,12.875,335,0.366033
375.981,13,335,0.367537
375.981,13.125,335,0.369041
375.981,13.25,335,0.370546
375.981,13.375,335,0.37205
375.981,13.5,335,0.373554
375.981,13.625,335,0.375058
375.981,13.75,335,0.376174
375.981,13.875,335,0.377058
375.981,14,335,0.377941
375.981,14.125,335,0.378825
375.981,14.25,335,0.379708
375.981,14.375,335,0.380592
375.981,14.5,335,0.381475
375.981,14.625,335,0.382359
375.981,14.75,335,0.383242
375.981,14.875,335,0.384126
375.981,15,335,0.385009
375.981,15.125,335,0.385892
375.981,15.25,335,0.386776
375.981,15.375,335,0.387659
375.981,15.5,335,0.388543
375.981,15.625,335,0.389426
375.981,15.75,335,0.39031
375.981,15.875,335,0.391193
375.981,16,335,0.392077
375.981,16.125,335,0.39296
375.981,16.25,335,0.393844
375.981,16.375,335,0.394727
375.981,16.5,335,0.395611
375.981,16.625,335,0.396494
375.981,16.75,335,0.397378
375.981,16.875,335,0.398261
375.981,17,335,0.399145
375.981,17.125,335,0.400028
375.981,17.25,335,0.400912
375.981,17.375,335,0.401795
375.981,17.5,335,0.402679
375.981,17.625,335,0.403562
375.981,17.75,335,0.404446
375.981,17.875,335,0.405329
375.981,18,335,0.406213
375.981,18.125,335,0.407096
375.981,18.25,335,0.40798
375.981,18.375,335,0.408863
375.981,18.5,335,0.409747
375.981,18.625,335,0.41063
375.981,18.75,335,0.411514
375.981,18.875,335,0.412397
375.981,19,335,0.413281
375.981,19.125,335,0.414164
375.981,19.25,335,0.414783
375.981,19.375,335,0.415363
375.981,19.5,335,0.415944
375.981,19.625,335,0.416525
375.981,19.75,335,0.417106
375.981,19.875,335,0.417686
375.981,20,335,0.418267
