x,y,z,b
375.981,0,335,0.0982777
375.981,0.125,335,0.102095
375.981,0.25,335,0.105912
375.981,0.375,335,0.109729
375.981,0.5,335,0.113546
375.981,0.625,335,0.117364
375.981,0.75,335,0.121181
375.981,0.875,335,0.124998
375.981,1,335,0.128815
375.981,1.125,335,0.132632
375.981,1.25,335,0.136449
375.981,1.375,335,0.140267
375.981,1.5,335,0.144084
375.981,1.625,335,0.147901
375.981,1.75,335,0.151718
375.981,1.875,335,0.155535
375.981,2,335,0.159353
375.981,2.125,335,0.16317
375.981,2.25,335,0.166987
375.981,2.375,335,0.170804
375.981,2.5,335,0.174621
375.981,2.625,335,0.178438
375.981,2.75,335,0.182163
375.981,2.875,335,0.185238
375.981,3,335,0.188314
375.981,3.125,335,0.191389
375.981,3.25,335,0.194464
375.981,3.375,335,0.19754
375.981,3.5,335,0.200615
375.981,3.625,335,0.20369
375.981,3.75,335,0.206766
375.981,3.875,335,0.209841
375.981,4,335,0.212916
375.981,4.125,335,0.215992
375.981,4.25,335,0.219067
375.981,4.375,335,0.222142
375.981,4.5,335,0.225218
375.981,4.625,335,0.228293
375.981,4.75,335,0.231368
375.981,4.875,335,0.234444
375.981,5,335,0.237519
375.981,5.125,335,0.240594
375.981,5.25,335,0.24367
375.981,5.375,335,0.246745
375.981,5.5,335,0.24982
375.981,5.625,335,0.252896
375.981,5.75,335,0.255971
375.981,5.875,335,0.259046
375.981,6,335,0.262122
375.981,6.125,335,0.265197
375.981,6.25,335,0.268272
375.981,6.375,335,0.271348
375.981,6.5,335,0.274423
375.981,6.625,335,0.277498
375.981,6.75,335,0.280574
375.981,6.875,335,0.283649
375.981,7,335,0.286724
375.981,7.125,335,0.2898
375.981,7.25,335,0.292875
375.981,7.375,335,0.29595
375.981,7.5,335,0.299026
375.981,7.625,335,0.302101
375.981,7.75,335,0.305176
375.981,7.875,335,0.308252
375.981,8,335,0.311327
375.981,8.125,335,0.314402
375.981,8.25,335,0.31693
375.981,8.375,335,0.318544
375.981,8.5,335,0.320158
375.981,8.625,335,0.321772
375.981,8.75,335,0.323386
375.981,8.875,335,0.325
375.981,9,335,0.326614
375.981,9.125,335,0.328229
375.981,9.25,335,0.329843
375.981,9.375,335,0.331457
375.981,9.5,335,0.333071
375.981,9.625,335,0.334685
375.981,9.75,335,0.336299
375.981,9.875,335,0.337913
375.981,10,335,0.339527
375.981,10.125,335,0.341141
375.981,10.25,335,0.342756
375.981,10.375,335,0.34437
375.981,10.5,335,0.345984
375.981,10.625,335,0.347598
375.981,10.75,335,0.349212
375.981,10.875,335,0.350826
375.981,11,335,0.35244
375.981,11.125,335,0.354054
375.981,11.25,335,0.355669
375.981,11.375,335,0.357283
375.981,11.5,335,0.358897
375.981,11.625,335,0.360511
375.981,11.75,335,0.362125
375.981,11.875,335,0.363739
375.981,12,335,0.365353
375.981,12.125,335,0.366967
375.981,12.25,335,0.368582
375.981,12.375,335,0.370196
375.981,12.5,335,0.37181
375.981,12.625,335,0.373424
375.981,12.75,335,0.375038
375.981,12.875,335,0.376652
375.981,13,335,0.378266
375.981,13.125,335,0.37988
375.981,13.25,335,0.381495
375.981,13.375,335,0.383109
375.981,13.5,335,0.384723
375.981,13.625,335,0.386337
375.981,13.75,335,0.387408
375.981,13.875,335,0.388153
375.981,14,335,0.388898
375.981,14.125,335,0.389643
375.981,14.25,335,0.390389
375.981,14.375,335,0.391134
375.981,14.5,335,0.391879
375.981,14.625,335,0.392624
375.981,14.75,335,0.393369
375.981,14.875,335,0.394114
375.981,15,335,0.394859
375.981,15.125,335,0.395604
375.981,15.25,335,0.39635
375.981,15.375,335,0.397095
375.981,15.5,335,0.39784
375.981,15.625,335,0.398585
375.981,15.75,335,0.39933
375.981,15.875,335,0.400075
375.981,16,335,0.40082
375.981,16.125,335,0.401566
375.981,16.25,335,0.402311
375.981,16.375,335,0.403056
375.981,16.5,335,0.403801
375.981,16.625,335,0.404546
375.981,16.75,335,0.405291
375.981,16.875,335,0.406036
375.981,17,335,0.406782
375.981,17.125,335,0.407527
375.981,17.25,335,0.408272
375.981,17.375,335,0.409017
375.981,17.5,335,0.409762
375.981,17.625,335,0.410507
375.981,17.75,335,0.411252
375.981,17.875,335,0.411998
375.981,18,335,0.412743
375.981,18.125,335,0.413488
375.981,18.25,335,0.414233
375.981,18.375,335,0.414978
375.981,18.5,335,0.415723
375.981,18.625,335,0.416468
375.981,18.75,335,0.417213
375.981,18.875,335,0.417959
375.981,19,335,0.418704
375.981,19.125,335,0.419449
375.981,19.25,335,0.419841
375.981,19.375,335,0.420183
375.981,19.5,335,0.420525
375.981,19.625,335,0.420867
375.981,19.75,335,0.421209
375.981,19.875,335,0.421551
375.981,20,335,0.421893
