x,y,z,b
375.981,0,335,0.0914338
375.981,0.125,335,0.095089
375.981,0.25,335,0.0987442
375.981,0.375,335,0.102399
375.981,0.5,335,0.106055
375.981,0.625,335,0.10971
375.981,0.75,335,0.113365
375.981,0.875,335,0.11702
375.981,1,335,0.120676
375.981,1.125,335,0.124331
375.981,1.25,335,0.127986
375.981,1.375,335,0.131641
375.981,1.5,335,0.135296
375.981,1.625,335,0.138952
375.981,1.75,335,0.142607
375.981,1.875,335,0.146262
375.981,2,335,0.149917
375.981,2.125,335,0.153572
375.981,2.25,335,0.157228
375.981,2.375,335,0.160883
375.981,2.5,335,0.164538
375.981,2.625,335,0.168193
375.981,2.75,335,0.17176
375.981,2.875,335,0.174705
375.981,3,335,0.177649
375.981,3.125,335,0.180594
375.981,3.25,335,0.183539
375.981,3.375,335,0.186484
375.981,3.5,335,0.189429
375.981,3.625,335,0.192374
375.981,3.75,335,0.195319
375.981,3.875,335,0.198263
375.981,4,335,0.201208
375.981,4.125,335,0.204153
375.981,4.25,335,0.207098
375.981,4.375,335,0.210043
375.981,4.5,335,0.212988
375.981,4.625,335,0.215933
375.981,4.75,335,0.218877
375.981,4.875,335,0.221822
375.981,5,335,0.224767
375.981,5.125,335,0.227712
375.981,5.25,335,0.230657
375.981,5.375,335,0.233602
375.981,5.5,335,0.236547
375.981,5.625,335,0.239491
375.981,5.75,335,0.242436
375.981,5.875,335,0.245381
375.981,6,335,0.248326
375.981,6.125,335,0.251271
375.981,6.25,335,0.254216
375.981,6.375,335,0.25716
375.981,6.5,335,0.260105
375.981,6.625,335,0.26305
375.981,6.75,335,0.265995
375.981,6.875,335,0.26894
375.981,7,335,0.271885
375.981,7.125,335,0.27483
375.981,7.25,335,0.277774
375.981,7.375,335,0.280719
375.981,7.5,335,0.283664
375.981,7.625,335,0.286609
375.981,7.75,335,0.289554
375.981,7.875,335,0.292499
375.981,8,335,0.295444
375.981,8.125,335,0.298388
375.981,8.25,335,0.300849
375.981,8.375,335,0.302504
375.981,8.5,335,0.304159
375.981,8.625,335,0.305814
375.981,8.75,335,0.307469
375.981,8.875,335,0.309124
375.981,9,335,0.310779
375.981,9.125,335,0.312433
375.981,9.25,335,0.314088
375.981,9.375,335,0.315743
375.981,9.5,335,0.317398
375.981,9.625,335,0.319053
375.981,9.75,335,0.320708
375.981,9.875,335,0.322363
375.981,10,335,0.324017
375.981,10.125,335,0.325672
375.981,10.25,335,0.327327
375.981,10.375,335,0.328982
375.981,10.5,335,0.330637
375.981,10.625,335,0.332292
375.981,10.75,335,0.333947
375.981,10.875,335,0.335601
375.981,11,335,0.337256
375.981,11.125,335,0.338911
375.981,11.25,335,0.340566
375.981,11.375,335,0.342221
375.981,11.5,335,0.343876
375.981,11.625,335,0.345531
375.981,11.75,335,0.347185
375.981,11.875,335,0.34884
375.981,12,335,0.350495
375.981,12.125,335,0.35215
375.981,12.25,335,0.353805
375.981,12.375,335,0.35546
375.981,12.5,335,0.357115
375.981,12.625,335,0.358769
375.981,12.75,335,0.360424
375.981,12.875,335,0.362079
375.981,13,335,0.363734
375.981,13.125,335,0.365389
375.981,13.25,335,0.367044
375.981,13.375,335,0.368699
375.981,13.5,335,0.370353
375.981,13.625,335,0.372008
375.981,13.75,335,0.373153
375.981,13.875,335,0.373992
375.981,14,335,0.37483
375.981,14.125,335,0.375669
375.981,14.25,335,0.376508
375.981,14.375,335,0.377346
375.981,14.5,335,0.378185
375.981,14.625,335,0.379024
375.981,14.75,335,0.379862
375.981,14.875,335,0.380701
375.981,15,335,0.38154
375.981,15.125,335,0.382378
375.981,15.25,335,0.383217
375.981,15.375,335,0.384055
375.981,15.5,335,0.384894
375.981,15.625,335,0.385733
375.981,15.75,335,0.386571
375.981,15.875,335,0.38741
375.981,16,335,0.388249
375.981,16.125,335,0.389087
375.981,16.25,335,0.389926
375.981,16.375,335,0.390765
375.981,16.5,335,0.391603
375.981,16.625,335,0.392442
375.981,16.75,335,0.393281
375.981,16.875,335,0.394119
375.981,17,335,0.394958
375.981,17.125,335,0.395797
375.981,17.25,335,0.396635
375.981,17.375,335,0.397474
375.981,17.5,335,0.398313
375.981,17.625,335,0.399151
375.981,17.75,335,0.39999
375.981,17.875,335,0.400828
375.981,18,335,0.401667
375.981,18.125,335,0.402506
375.981,18.25,335,0.403344
375.981,18.375,335,0.404183
375.981,18.5,335,0.405022
375.981,18.625,335,0.40586
375.981,18.75,335,0.406699
375.981,18.875,335,0.407538
375.981,19,335,0.408376
375.981,19.125,335,0.409215
375.981,19.25,335,0.409735
375.981,19.375,335,0.410209
375.981,19.5,335,0.410684
375.981,19.625,335,0.411158
375.981,19.75,335,0.411633
375.981,19.875,335,0.412107
375.981,20,335,0.412581
