x,y,z,b
375.981,0,335,0.236764
375.981,0.125,335,0.239423
375.981,0.25,335,0.242081
375.981,0.375,335,0.244739
375.981,0.5,335,0.247398
375.981,0.625,335,0.250056
375.981,0.75,335,0.252714
375.981,0.875,335,0.255373
375.981,1,335,0.258031
375.981,1.125,335,0.260689
375.981,1.25,335,0.263348
375.981,1.375,335,0.266006
375.981,1.5,335,0.268665
375.981,1.625,335,0.271323
375.981,1.75,335,0.273981
375.981,1.875,335,0.27664
375.981,2,335,0.279298
375.981,2.125,335,0.281956
375.981,2.25,335,0.284615
375.981,2.375,335,0.287273
375.981,2.5,335,0.289931
375.981,2.625,335,0.29259
375.981,2.75,335,0.295184
375.981,2.875,335,0.297325
375.981,3,335,0.299467
375.981,3.125,335,0.301609
375.981,3.25,335,0.30375
375.981,3.375,335,0.305892
375.981,3.5,335,0.308034
375.981,3.625,335,0.310176
375.981,3.75,335,0.312317
375.981,3.875,335,0.314459
375.981,4,335,0.316601
375.981,4.125,335,0.318743
375.981,4.25,335,0.320884
375.981,4.375,335,0.323026
375.981,4.5,335,0.325168
375.981,4.625,335,0.327309
375.981,4.75,335,0.329451
375.981,4.875,335,0.331593
375.981,5,335,0.333735
375.981,5.125,335,0.335876
375.981,5.25,335,0.338018
375.981,5.375,335,0.34016
375.981,5.5,335,0.342302
375.981,5.625,335,0.344443
375.981,5.75,335,0.346585
375.981,5.875,335,0.348727
375.981,6,335,0.350868
375.981,6.125,335,0.35301
375.981,6.25,335,0.355152
375.981,6.375,335,0.357294
375.981,6.5,335,0.359435
375.981,6.625,335,0.361577
375.981,6.75,335,0.363719
375.981,6.875,335,0.365861
375.981,7,335,0.368002
375.981,7.125,335,0.370144
375.981,7.25,335,0.372286
375.981,7.375,335,0.374427
375.981,7.5,335,0.376569
375.981,7.625,335,0.378711
375.981,7.75,335,0.380853
375.981,7.875,335,0.382994
375.981,8,335,0.385136
375.981,8.125,335,0.387278
375.981,8.25,335,0.388856
375.981,8.375,335,0.389493
375.981,8.5,335,0.390131
375.981,8.625,335,0.390769
375.981,8.75,335,0.391407
375.981,8.875,335,0.392045
375.981,9,335,0.392683
375.981,9.125,335,0.393321
375.981,9.25,335,0.393959
375.981,9.375,335,0.394597
375.981,9.5,335,0.395234
375.981,9.625,335,0.395872
375.981,9.75,335,0.39651
375.981,9.875,335,0.397148
375.981,10,335,0.397786
375.981,10.125,335,0.398424
375.981,10.25,335,0.399062
375.981,10.375,335,0.3997
375.981,10.5,335,0.400337
375.981,10.625,335,0.400975
375.981,10.75,335,0.401613
375.981,10.875,335,0.402251
375.981,11,335,0.402889
375.981,11.125,335,0.403527
375.981,11.25,335,0.404165
375.981,11.375,335,0.404803
375.981,11.5,335,0.405441
375.981,11.625,335,0.406078
375.981,11.75,335,0.406716
375.981,11.875,335,0.407354
375.981,12,335,0.407992
375.981,12.125,335,0.40863
375.981,12.25,335,0.409268
375.981,12.375,335,0.409906
375.981,12.5,335,0.410544
375.981,12.625,335,0.411182
375.981,12.75,335,0.411819
375.981,12.875,335,0.412457
375.981,13,335,0.413095
375.981,13.125,335,0.413733
375.981,13.25,335,0.414371
375.981,13.375,335,0.415009
375.981,13.5,335,0.415647
375.981,13.625,335,0.416285
375.981,13.75,335,0.41661
375.981,13.875,335,0.416748
375.981,14,335,0.416885
375.981,14.125,335,0.417023
375.981,14.25,335,0.417161
375.981,14.375,335,0.417298
375.981,14.5,335,0.417436
375.981,14.625,335,0.417574
375.981,14.75,335,0.417712
375.981,14.875,335,0.417849
375.981,15,335,0.417987
375.981,15.125,335,0.418125
375.981,15.25,335,0.418262
375.981,15.375,335,0.4184
375.981,15.5,335,0.418538
375.981,15.625,335,0.418676
375.981,15.75,335,0.418813
375.981,15.875,335,0.418951
375.981,16,335,0.419089
375.981,16.125,335,0.419227
375.981,16.25,335,0.419364
375.981,16.375,335,0.419502
375.981,16.5,335,0.41964
375.981,16.625,335,0.419777
375.981,16.75,335,0.419915
375.981,16.875,335,0.420053
375.981,17,335,0.420191
375.981,17.125,335,0.420328
375.981,17.25,335,0.420466
375.981,17.375,335,0.420604
375.981,17.5,335,0.420741
375.981,17.625,335,0.420879
375.981,17.75,335,0.421017
375.981,17.875,335,0.421155
375.981,18,335,0.421292
375.981,18.125,335,0.42143
375.981,18.25,335,0.421568
375.981,18.375,335,0.421705
375.981,18.5,335,0.421843
375.981,18.625,335,0.421981
375.981,18.75,335,0.422119
375.981,18.875,335,0.422256
375.981,19,335,0.422394
375.981,19.125,335,0.422532
375.981,19.25,335,0.42282
375.981,19.375,335,0.423129
375.981,19.5,335,0.423439
375.981,19.625,335,0.423748
375.981,19.75,335,0.424058
375.981,19.875,335,0.424367
375.981,20,335,0.424677
