x,y,z,b
375.981,0,335,0.0798446
375.981,0.125,335,0.0833738
375.981,0.25,335,0.0869029
375.981,0.375,335,0.0904321
375.981,0.5,335,0.0939613
375.981,0.625,335,0.0974904
375.981,0.75,335,0.10102
375.981,0.875,335,0.104549
375.981,1,335,0.108078
375.981,1.125,335,0.111607
375.981,1.25,335,0.115136
375.981,1.375,335,0.118665
375.981,1.5,335,0.122195
375.981,1.625,335,0.125724
375.981,1.75,335,0.129253
375.981,1.875,335,0.132782
375.981,2,335,0.136311
375.981,2.125,335,0.13984
375.981,2.25,335,0.14337
375.981,2.375,335,0.146899
375.981,2.5,335,0.150428
375.981,2.625,335,0.153957
375.981,2.75,335,0.1574
375.981,2.875,335,0.160244
375.981,3,335,0.163087
375.981,3.125,335,0.16593
375.981,3.25,335,0.168774
375.981,3.375,335,0.171617
375.981,3.5,335,0.17446
375.981,3.625,335,0.177303
375.981,3.75,335,0.180147
375.981,3.875,335,0.18299
375.981,4,335,0.185833
375.981,4.125,335,0.188677
375.981,4.25,335,0.19152
375.981,4.375,335,0.194363
375.981,4.5,335,0.197206
375.981,4.625,335,0.20005
375.981,4.75,335,0.202893
375.981,4.875,335,0.205736
375.981,5,335,0.20858
375.981,5.125,335,0.211423
375.981,5.25,335,0.214266
375.981,5.375,335,0.21711
375.981,5.5,335,0.219953
375.981,5.625,335,0.222796
375.981,5.75,335,0.225639
375.981,5.875,335,0.228483
375.981,6,335,0.231326
375.981,6.125,335,0.234169
375.981,6.25,335,0.237013
375.981,6.375,335,0.239856
375.981,6.5,335,0.242699
375.981,6.625,335,0.245542
375.981,6.75,335,0.248386
375.981,6.875,335,0.251229
375.981,7,335,0.254072
375.981,7.125,335,0.256916
375.981,7.25,335,0.259759
375.981,7.375,335,0.262602
375.981,7.5,335,0.265445
375.981,7.625,335,0.268289
375.981,7.75,335,0.271132
375.981,7.875,335,0.273975
375.981,8,335,0.276819
375.981,8.125,335,0.279662
375.981,8.25,335,0.282007
375.981,8.375,335,0.28352
375.981,8.5,335,0.285034
375.981,8.625,335,0.286548
375.981,8.75,335,0.288062
375.981,8.875,335,0.289576
375.981,9,335,0.291089
375.981,9.125,335,0.292603
375.981,9.25,335,0.294117
375.981,9.375,335,0.295631
375.981,9.5,335,0.297144
375.981,9.625,335,0.298658
375.981,9.75,335,0.300172
375.981,9.875,335,0.301686
375.981,10,335,0.3032
375.981,10.125,335,0.304713
375.981,10.25,335,0.306227
375.981,10.375,335,0.307741
375.981,10.5,335,0.309255
375.981,10.625,335,0.310768
375.981,10.75,335,0.312282
375.981,10.875,335,0.313796
375.981,11,335,0.31531
375.981,11.125,335,0.316824
375.981,11.25,335,0.318337
375.981,11.375,335,0.319851
375.981,11.5,335,0.321365
375.981,11.625,335,0.322879
375.981,11.75,335,0.324392
375.981,11.875,335,0.325906
375.981,12,335,0.32742
375.981,12.125,335,0.328934
375.981,12.25,335,0.330448
375.981,12.375,335,0.331961
375.981,12.5,335,0.333475
375.981,12.625,335,0.334989
375.981,12.75,335,0.336503
375.981,12.875,335,0.338016
375.981,13,335,0.33953
375.981,13.125,335,0.341044
375.981,13.25,335,0.342558
375.981,13.375,335,0.344072
375.981,13.5,335,0.345585
375.981,13.625,335,0.347099
375.981,13.75,335,0.348312
375.981,13.875,335,0.349345
375.981,14,335,0.350378
375.981,14.125,335,0.35141
375.981,14.25,335,0.352443
375.981,14.375,335,0.353476
375.981,14.5,335,0.354508
375.981,14.625,335,0.355541
375.981,14.75,335,0.356574
375.981,14.875,335,0.357606
375.981,15,335,0.358639
375.981,15.125,335,0.359672
375.981,15.25,335,0.360704
375.981,15.375,335,0.361737
375.981,15.5,335,0.36277
375.981,15.625,335,0.363803
375.981,15.75,335,0.364835
375.981,15.875,335,0.365868
375.981,16,335,0.366901
375.981,16.125,335,0.367933
375.981,16.25,335,0.368966
375.981,16.375,335,0.369999
375.981,16.5,335,0.371031
375.981,16.625,335,0.372064
375.981,16.75,335,0.373097
375.981,16.875,335,0.374129
375.981,17,335,0.375162
375.981,17.125,335,0.376195
375.981,17.25,335,0.377227
375.981,17.375,335,0.37826
375.981,17.5,335,0.379293
375.981,17.625,335,0.380326
375.981,17.75,335,0.381358
375.981,17.875,335,0.382391
375.981,18,335,0.383424
375.981,18.125,335,0.384456
375.981,18.25,335,0.385489
375.981,18.375,335,0.386522
375.981,18.5,335,0.387554
375.981,18.625,335,0.388587
375.981,18.75,335,0.38962
375.981,18.875,335,0.390652
375.981,19,335,0.391685
375.981,19.125,335,0.392718
375.981,19.25,335,0.393497
375.981,19.375,335,0.39424
375.981,19.5,335,0.394983
375.981,19.625,335,0.395726
375.981,19.75,335,0.396469
375.981,19.875,335,0.397212
375.981,20,335,0.397955
