x,y,z,b
375.981,0,335,0.0963776
375.981,0.125,335,0.100066
375.981,0.25,335,0.103754
375.981,0.375,335,0.107442
375.981,0.5,335,0.11113
375.981,0.625,335,0.114818
375.981,0.75,335,0.118506
375.981,0.875,335,0.122194
375.981,1,335,0.125882
375.981,1.125,335,0.12957
375.981,1.25,335,0.133258
375.981,1.375,335,0.136946
375.981,1.5,335,0.140634
375.981,1.625,335,0.144322
375.981,1.75,335,0.14801
375.981,1.875,335,0.151698
375.981,2,335,0.155386
375.981,2.125,335,0.159074
375.981,2.25,335,0.162762
375.981,2.375,335,0.16645
375.981,2.5,335,0.170138
375.981,2.625,335,0.173826
375.981,2.75,335,0.177424
375.981,2.875,335,0.180396
375.981,3,335,0.183367
375.981,3.125,335,0.186338
375.981,3.25,335,0.18931
375.981,3.375,335,0.192281
375.981,3.5,335,0.195252
375.981,3.625,335,0.198223
375.981,3.75,335,0.201195
375.981,3.875,335,0.204166
375.981,4,335,0.207137
375.981,4.125,335,0.210108
375.981,4.25,335,0.21308
375.981,4.375,335,0.216051
375.981,4.5,335,0.219022
375.981,4.625,335,0.221994
375.981,4.75,335,0.224965
375.981,4.875,335,0.227936
375.981,5,335,0.230907
375.981,5.125,335,0.233879
375.981,5.25,335,0.23685
375.981,5.375,335,0.239821
375.981,5.5,335,0.242793
375.981,5.625,335,0.245764
375.981,5.75,335,0.248735
375.981,5.875,335,0.251706
375.981,6,335,0.254678
375.981,6.125,335,0.257649
375.981,6.25,335,0.26062
375.981,6.375,335,0.263591
375.981,6.5,335,0.266563
375.981,6.625,335,0.269534
375.981,6.75,335,0.272505
375.981,6.875,335,0.275477
375.981,7,335,0.278448
375.981,7.125,335,0.281419
375.981,7.25,335,0.28439
375.981,7.375,335,0.287362
375.981,7.5,335,0.290333
375.981,7.625,335,0.293304
375.981,7.75,335,0.296276
375.981,7.875,335,0.299247
375.981,8,335,0.302218
375.981,8.125,335,0.305189
375.981,8.25,335,0.307636
375.981,8.375,335,0.309209
375.981,8.5,335,0.310782
375.981,8.625,335,0.312355
375.981,8.75,335,0.313928
375.981,8.875,335,0.315501
375.981,9,335,0.317073
375.981,9.125,335,0.318646
375.981,9.25,335,0.320219
375.981,9.375,335,0.321792
375.981,9.5,335,0.323365
375.981,9.625,335,0.324938
375.981,9.75,335,0.326511
375.981,9.875,335,0.328084
375.981,10,335,0.329657
375.981,10.125,335,0.331229
375.981,10.25,335,0.332802
375.981,10.375,335,0.334375
375.981,10.5,335,0.335948
375.981,10.625,335,0.337521
375.981,10.75,335,0.339094
375.981,10.875,335,0.340667
375.981,11,335,0.34224
375.981,11.125,335,0.343812
375.981,11.25,335,0.345385
375.981,11.375,335,0.346958
375.981,11.5,335,0.348531
375.981,11.625,335,0.350104
375.981,11.75,335,0.351677
375.981,11.875,335,0.35325
375.981,12,335,0.354823
375.981,12.125,335,0.356395
375.981,12.25,335,0.357968
375.981,12.375,335,0.359541
375.981,12.5,335,0.361114
375.981,12.625,335,0.362687
375.981,12.75,335,0.36426
375.981,12.875,335,0.365833
375.981,13,335,0.367406
375.981,13.125,335,0.368978
375.981,13.25,335,0.370551
375.981,13.375,335,0.372124
375.981,13.5,335,0.373697
375.981,13.625,335,0.37527
375.981,13.75,335,0.376373
375.981,13.875,335,0.377195
375.981,14,335,0.378016
375.981,14.125,335,0.378838
375.981,14.25,335,0.379659
375.981,14.375,335,0.380481
375.981,14.5,335,0.381302
375.981,14.625,335,0.382124
375.981,14.75,335,0.382945
375.981,14.875,335,0.383767
375.981,15,335,0.384588
375.981,15.125,335,0.385409
375.981,15.25,335,0.386231
375.981,15.375,335,0.387052
375.981,15.5,335,0.387874
375.981,15.625,335,0.388695
375.981,15.75,335,0.389517
375.981,15.875,335,0.390338
375.981,16,335,0.39116
375.981,16.125,335,0.391981
375.981,16.25,335,0.392803
375.981,16.375,335,0.393624
375.981,16.5,335,0.394446
375.981,16.625,335,0.395267
375.981,16.75,335,0.396089
375.981,16.875,335,0.39691
375.981,17,335,0.397732
375.981,17.125,335,0.398553
375.981,17.25,335,0.399375
375.981,17.375,335,0.400196
375.981,17.5,335,0.401018
375.981,17.625,335,0.401839
375.981,17.75,335,0.402661
375.981,17.875,335,0.403482
375.981,18,335,0.404304
375.981,18.125,335,0.405125
375.981,18.25,335,0.405947
375.981,18.375,335,0.406768
375.981,18.5,335,0.40759
375.981,18.625,335,0.408411
375.981,18.75,335,0.409232
375.981,18.875,335,0.410054
375.981,19,335,0.410875
375.981,19.125,335,0.411697
375.981,19.25,335,0.412174
375.981,19.375,335,0.412603
375.981,19.5,335,0.413031
375.981,19.625,335,0.413459
375.981,19.75,335,0.413887
375.981,19.875,335,0.414316
375.981,20,335,0.414744
