x,y,z,b
375.981,0,335,0.0993255
375.981,0.125,335,0.103072
375.981,0.25,335,0.106818
375.981,0.375,335,0.110564
375.981,0.5,335,0.114311
375.981,0.625,335,0.118057
375.981,0.75,335,0.121803
375.981,0.875,335,0.12555
375.981,1,335,0.129296
375.981,1.125,335,0.133042
375.981,1.25,335,0.136789
375.981,1.375,335,0.140535
375.981,1.5,335,0.144281
375.981,1.625,335,0.148028
375.981,1.75,335,0.151774
375.981,1.875,335,0.15552
375.981,2,335,0.159267
375.981,2.125,335,0.163013
375.981,2.25,335,0.166759
375.981,2.375,335,0.170505
375.981,2.5,335,0.174252
375.981,2.625,335,0.177998
375.981,2.75,335,0.181653
375.981,2.875,335,0.184672
375.981,3,335,0.18769
375.981,3.125,335,0.190708
375.981,3.25,335,0.193726
375.981,3.375,335,0.196745
375.981,3.5,335,0.199763
375.981,3.625,335,0.202781
375.981,3.75,335,0.205799
375.981,3.875,335,0.208818
375.981,4,335,0.211836
375.981,4.125,335,0.214854
375.981,4.25,335,0.217872
375.981,4.375,335,0.220891
375.981,4.5,335,0.223909
375.981,4.625,335,0.226927
375.981,4.75,335,0.229945
375.981,4.875,335,0.232964
375.981,5,335,0.235982
375.981,5.125,335,0.239
375.981,5.25,335,0.242018
375.981,5.375,335,0.245037
375.981,5.5,335,0.248055
375.981,5.625,335,0.251073
375.981,5.75,335,0.254091
375.981,5.875,335,0.257109
375.981,6,335,0.260128
375.981,6.125,335,0.263146
375.981,6.25,335,0.266164
375.981,6.375,335,0.269182
375.981,6.5,335,0.272201
375.981,6.625,335,0.275219
375.981,6.75,335,0.278237
375.981,6.875,335,0.281255
375.981,7,335,0.284274
375.981,7.125,335,0.287292
375.981,7.25,335,0.29031
375.981,7.375,335,0.293328
375.981,7.5,335,0.296347
375.981,7.625,335,0.299365
375.981,7.75,335,0.302383
375.981,7.875,335,0.305401
375.981,8,335,0.30842
375.981,8.125,335,0.311438
375.981,8.25,335,0.31388
375.981,8.375,335,0.315361
375.981,8.5,335,0.316842
375.981,8.625,335,0.318323
375.981,8.75,335,0.319804
375.981,8.875,335,0.321285
375.981,9,335,0.322766
375.981,9.125,335,0.324248
375.981,9.25,335,0.325729
375.981,9.375,335,0.32721
375.981,9.5,335,0.328691
375.981,9.625,335,0.330172
375.981,9.75,335,0.331653
375.981,9.875,335,0.333134
375.981,10,335,0.334616
375.981,10.125,335,0.336097
375.981,10.25,335,0.337578
375.981,10.375,335,0.339059
375.981,10.5,335,0.34054
375.981,10.625,335,0.342021
375.981,10.75,335,0.343502
375.981,10.875,335,0.344983
375.981,11,335,0.346465
375.981,11.125,335,0.347946
375.981,11.25,335,0.349427
375.981,11.375,335,0.350908
375.981,11.5,335,0.352389
375.981,11.625,335,0.35387
375.981,11.75,335,0.355351
375.981,11.875,335,0.356833
375.981,12,335,0.358314
375.981,12.125,335,0.359795
375.981,12.25,335,0.361276
375.981,12.375,335,0.362757
375.981,12.5,335,0.364238
375.981,12.625,335,0.365719
375.981,12.75,335,0.3672
375.981,12.875,335,0.368682
375.981,13,335,0.370163
375.981,13.125,335,0.371644
375.981,13.25,335,0.373125
375.981,13.375,335,0.374606
375.981,13.5,335,0.376087
375.981,13.625,335,0.377568
375.981,13.75,335,0.37867
375.981,13.875,335,0.379543
375.981,14,335,0.380416
375.981,14.125,335,0.38129
375.981,14.25,335,0.382163
375.981,14.375,335,0.383036
375.981,14.5,335,0.38391
375.981,14.625,335,0.384783
375.981,14.75,335,0.385656
375.981,14.875,335,0.38653
375.981,15,335,0.387403
375.981,15.125,335,0.388276
375.981,15.25,335,0.38915
375.981,15.375,335,0.390023
375.981,15.5,335,0.390896
375.981,15.625,335,0.39177
375.981,15.75,335,0.392643
375.981,15.875,335,0.393516
375.981,16,335,0.394389
375.981,16.125,335,0.395263
375.981,16.25,335,0.396136
375.981,16.375,335,0.397009
375.981,16.5,335,0.397883
375.981,16.625,335,0.398756
375.981,16.75,335,0.399629
375.981,16.875,335,0.400503
375.981,17,335,0.401376
375.981,17.125,335,0.402249
375.981,17.25,335,0.403123
375.981,17.375,335,0.403996
375.981,17.5,335,0.404869
375.981,17.625,335,0.405743
375.981,17.75,335,0.406616
375.981,17.875,335,0.407489
375.981,18,335,0.408363
375.981,18.125,335,0.409236
375.981,18.25,335,0.410109
375.981,18.375,335,0.410983
375.981,18.5,335,0.411856
375.981,18.625,335,0.412729
375.981,18.75,335,0.413603
375.981,18.875,335,0.414476
375.981,19,335,0.415349
375.981,19.125,335,0.416223
375.981,19.25,335,0.416822
375.981,19.375,335,0.417383
375.981,19.5,335,0.417943
375.981,19.625,335,0.418504
375.981,19.75,335,0.419064
375.981,19.875,335,0.419624
375.981,20,335,0.420185
