x,y,z,b
375.981,0,335,0.0998075
375.981,0.125,335,0.103495
375.981,0.25,335,0.107183
375.981,0.375,335,0.110871
375.981,0.5,335,0.114559
375.981,0.625,335,0.118247
375.981,0.75,335,0.121935
375.981,0.875,335,0.125623
375.981,1,335,0.129311
375.981,1.125,335,0.132999
375.981,1.25,335,0.136687
375.981,1.375,335,0.140375
375.981,1.5,335,0.144063
375.981,1.625,335,0.147751
375.981,1.75,335,0.151439
375.981,1.875,335,0.155127
375.981,2,335,0.158815
375.981,2.125,335,0.162503
375.981,2.25,335,0.166191
375.981,2.375,335,0.169879
375.981,2.5,335,0.173567
375.981,2.625,335,0.177255
375.981,2.75,335,0.180854
375.981,2.875,335,0.183825
375.981,3,335,0.186796
375.981,3.125,335,0.189767
375.981,3.25,335,0.192739
375.981,3.375,335,0.19571
375.981,3.5,335,0.198681
375.981,3.625,335,0.201653
375.981,3.75,335,0.204624
375.981,3.875,335,0.207595
375.981,4,335,0.210566
375.981,4.125,335,0.213538
375.981,4.25,335,0.216509
375.981,4.375,335,0.21948
375.981,4.5,335,0.222451
375.981,4.625,335,0.225423
375.981,4.75,335,0.228394
375.981,4.875,335,0.231365
375.981,5,335,0.234336
375.981,5.125,335,0.237308
375.981,5.25,335,0.240279
375.981,5.375,335,0.24325
375.981,5.5,335,0.246221
375.981,5.625,335,0.249193
375.981,5.75,335,0.252164
375.981,5.875,335,0.255135
375.981,6,335,0.258106
375.981,6.125,335,0.261078
375.981,6.25,335,0.264049
375.981,6.375,335,0.26702
375.981,6.5,335,0.269991
375.981,6.625,335,0.272963
375.981,6.75,335,0.275934
375.981,6.875,335,0.278905
375.981,7,335,0.281876
375.981,7.125,335,0.284848
375.981,7.25,335,0.287819
375.981,7.375,335,0.29079
375.981,7.5,335,0.293761
375.981,7.625,335,0.296733
375.981,7.75,335,0.299704
375.981,7.875,335,0.302675
375.981,8,335,0.305646
375.981,8.125,335,0.308618
375.981,8.25,335,0.311044
375.981,8.375,335,0.312562
375.981,8.5,335,0.314081
375.981,8.625,335,0.315599
375.981,8.75,335,0.317117
375.981,8.875,335,0.318635
375.981,9,335,0.320153
375.981,9.125,335,0.321672
375.981,9.25,335,0.32319
375.981,9.375,335,0.324708
375.981,9.5,335,0.326226
375.981,9.625,335,0.327745
375.981,9.75,335,0.329263
375.981,9.875,335,0.330781
375.981,10,335,0.332299
375.981,10.125,335,0.333817
375.981,10.25,335,0.335336
375.981,10.375,335,0.336854
375.981,10.5,335,0.338372
375.981,10.625,335,0.33989
375.981,10.75,335,0.341409
375.981,10.875,335,0.342927
375.981,11,335,0.344445
375.981,11.125,335,0.345963
375.981,11.25,335,0.347481
375.981,11.375,335,0.349
375.981,11.5,335,0.350518
375.981,11.625,335,0.352036
375.981,11.75,335,0.353554
375.981,11.875,335,0.355073
375.981,12,335,0.356591
375.981,12.125,335,0.358109
375.981,12.25,335,0.359627
375.981,12.375,335,0.361146
375.981,12.5,335,0.362664
375.981,12.625,335,0.364182
375.981,12.75,335,0.3657
375.981,12.875,335,0.367218
375.981,13,335,0.368737
375.981,13.125,335,0.370255
375.981,13.25,335,0.371773
375.981,13.375,335,0.373291
375.981,13.5,335,0.37481
375.981,13.625,335,0.376328
375.981,13.75,335,0.37746
375.981,13.875,335,0.378362
375.981,14,335,0.379263
375.981,14.125,335,0.380164
375.981,14.25,335,0.381066
375.981,14.375,335,0.381967
375.981,14.5,335,0.382868
375.981,14.625,335,0.38377
375.981,14.75,335,0.384671
375.981,14.875,335,0.385572
375.981,15,335,0.386473
375.981,15.125,335,0.387375
375.981,15.25,335,0.388276
375.981,15.375,335,0.389177
375.981,15.5,335,0.390079
375.981,15.625,335,0.39098
375.981,15.75,335,0.391881
375.981,15.875,335,0.392783
375.981,16,335,0.393684
375.981,16.125,335,0.394585
375.981,16.25,335,0.395486
375.981,16.375,335,0.396388
375.981,16.5,335,0.397289
375.981,16.625,335,0.39819
375.981,16.75,335,0.399092
375.981,16.875,335,0.399993
375.981,17,335,0.400894
375.981,17.125,335,0.401796
375.981,17.25,335,0.402697
375.981,17.375,335,0.403598
375.981,17.5,335,0.404499
375.981,17.625,335,0.405401
375.981,17.75,335,0.406302
375.981,17.875,335,0.407203
375.981,18,335,0.408105
375.981,18.125,335,0.409006
375.981,18.25,335,0.409907
375.981,18.375,335,0.410809
375.981,18.5,335,0.41171
375.981,18.625,335,0.412611
375.981,18.75,335,0.413512
375.981,18.875,335,0.414414
375.981,19,335,0.415315
375.981,19.125,335,0.416216
375.981,19.25,335,0.416778
375.981,19.375,335,0.417291
375.981,19.5,335,0.417804
375.981,19.625,335,0.418317
375.981,19.75,335,0.41883
375.981,19.875,335,0.419343
375.981,20,335,0.419856
