x,y,z,b
375.981,0,335,0.217201
375.981,0.125,335,0.220131
375.981,0.25,335,0.223062
375.981,0.375,335,0.225992
375.981,0.5,335,0.228922
375.981,0.625,335,0.231853
375.981,0.75,335,0.234783
375.981,0.875,335,0.237714
375.981,1,335,0.240644
375.981,1.125,335,0.243574
375.981,1.25,335,0.246505
375.981,1.375,335,0.249435
375.981,1.5,335,0.252365
375.981,1.625,335,0.255296
375.981,1.75,335,0.258226
375.981,1.875,335,0.261157
375.981,2,335,0.264087
375.981,2.125,335,0.267017
375.981,2.25,335,0.269948
375.981,2.375,335,0.272878
375.981,2.5,335,0.275809
375.981,2.625,335,0.278739
375.981,2.75,335,0.281598
375.981,2.875,335,0.283959
375.981,3,335,0.28632
375.981,3.125,335,0.288681
375.981,3.25,335,0.291042
375.981,3.375,335,0.293403
375.981,3.5,335,0.295764
375.981,3.625,335,0.298125
375.981,3.75,335,0.300485
375.981,3.875,335,0.302846
375.981,4,335,0.305207
375.981,4.125,335,0.307568
375.981,4.25,335,0.309929
375.981,4.375,335,0.31229
375.981,4.5,335,0.314651
375.981,4.625,335,0.317012
375.981,4.75,335,0.319373
375.981,4.875,335,0.321733
375.981,5,335,0.324094
375.981,5.125,335,0.326455
375.981,5.25,335,0.328816
375.981,5.375,335,0.331177
375.981,5.5,335,0.333538
375.981,5.625,335,0.335899
375.981,5.75,335,0.33826
375.981,5.875,335,0.340621
375.981,6,335,0.342982
375.981,6.125,335,0.345342
375.981,6.25,335,0.347703
375.981,6.375,335,0.350064
375.981,6.5,335,0.352425
375.981,6.625,335,0.354786
375.981,6.75,335,0.357147
375.981,6.875,335,0.359508
375.981,7,335,0.361869
375.981,7.125,335,0.36423
375.981,7.25,335,0.36659
375.981,7.375,335,0.368951
375.981,7.5,335,0.371312
375.981,7.625,335,0.373673
375.981,7.75,335,0.376034
375.981,7.875,335,0.378395
375.981,8,335,0.380756
375.981,8.125,335,0.383117
375.981,8.25,335,0.38489
375.981,8.375,335,0.385683
375.981,8.5,335,0.386477
375.981,8.625,335,0.38727
375.981,8.75,335,0.388063
375.981,8.875,335,0.388857
375.981,9,335,0.38965
375.981,9.125,335,0.390444
375.981,9.25,335,0.391237
375.981,9.375,335,0.392031
375.981,9.5,335,0.392824
375.981,9.625,335,0.393617
375.981,9.75,335,0.394411
375.981,9.875,335,0.395204
375.981,10,335,0.395998
375.981,10.125,335,0.396791
375.981,10.25,335,0.397584
375.981,10.375,335,0.398378
375.981,10.5,335,0.399171
375.981,10.625,335,0.399965
375.981,10.75,335,0.400758
375.981,10.875,335,0.401552
375.981,11,335,0.402345
375.981,11.125,335,0.403138
375.981,11.25,335,0.403932
375.981,11.375,335,0.404725
375.981,11.5,335,0.405519
375.981,11.625,335,0.406312
375.981,11.75,335,0.407105
375.981,11.875,335,0.407899
375.981,12,335,0.408692
375.981,12.125,335,0.409486
375.981,12.25,335,0.410279
375.981,12.375,335,0.411072
375.981,12.5,335,0.411866
375.981,12.625,335,0.412659
375.981,12.75,335,0.413453
375.981,12.875,335,0.414246
375.981,13,335,0.41504
375.981,13.125,335,0.415833
375.981,13.25,335,0.416626
375.981,13.375,335,0.41742
375.981,13.5,335,0.418213
375.981,13.625,335,0.419007
375.981,13.75,335,0.419474
375.981,13.875,335,0.419745
375.981,14,335,0.420016
375.981,14.125,335,0.420288
375.981,14.25,335,0.420559
375.981,14.375,335,0.42083
375.981,14.5,335,0.421102
375.981,14.625,335,0.421373
375.981,14.75,335,0.421644
375.981,14.875,335,0.421916
375.981,15,335,0.422187
375.981,15.125,335,0.422458
375.981,15.25,335,0.42273
375.981,15.375,335,0.423001
375.981,15.5,335,0.423272
375.981,15.625,335,0.423543
375.981,15.75,335,0.423815
375.981,15.875,335,0.424086
375.981,16,335,0.424357
375.981,16.125,335,0.424629
375.981,16.25,335,0.4249
375.981,16.375,335,0.425171
375.981,16.5,335,0.425443
375.981,16.625,335,0.425714
375.981,16.75,335,0.425985
375.981,16.875,335,0.426257
375.981,17,335,0.426528
375.981,17.125,335,0.426799
375.981,17.25,335,0.427071
375.981,17.375,335,0.427342
375.981,17.5,335,0.427613
375.981,17.625,335,0.427885
375.981,17.75,335,0.428156
375.981,17.875,335,0.428427
375.981,18,335,0.428699
375.981,18.125,335,0.42897
375.981,18.25,335,0.429241
375.981,18.375,335,0.429512
375.981,18.5,335,0.429784
375.981,18.625,335,0.430055
375.981,18.75,335,0.430326
375.981,18.875,335,0.430598
375.981,19,335,0.430869
375.981,19.125,335,0.43114
375.981,19.25,335,0.431398
375.981,19.375,335,0.431653
375.981,19.5,335,0.431909
375.981,19.625,335,0.432165
375.981,19.75,335,0.43242
375.981,19.875,335,0.432676
375.981,20,335,0.432931
