x,y,z,b
375.981,0,335,0.236073
375.981,0.125,335,0.238739
375.981,0.25,335,0.241405
375.981,0.375,335,0.244071
375.981,0.5,335,0.246737
375.981,0.625,335,0.249403
375.981,0.75,335,0.252068
375.981,0.875,335,0.254734
375.981,1,335,0.2574
375.981,1.125,335,0.260066
375.981,1.25,335,0.262732
375.981,1.375,335,0.265398
375.981,1.5,335,0.268064
375.981,1.625,335,0.270729
375.981,1.75,335,0.273395
375.981,1.875,335,0.276061
375.981,2,335,0.278727
375.981,2.125,335,0.281393
375.981,2.25,335,0.284059
375.981,2.375,335,0.286725
375.981,2.5,335,0.289391
375.981,2.625,335,0.292056
375.981,2.75,335,0.294657
375.981,2.875,335,0.296805
375.981,3,335,0.298953
375.981,3.125,335,0.301101
375.981,3.25,335,0.303249
375.981,3.375,335,0.305396
375.981,3.5,335,0.307544
375.981,3.625,335,0.309692
375.981,3.75,335,0.31184
375.981,3.875,335,0.313987
375.981,4,335,0.316135
375.981,4.125,335,0.318283
375.981,4.25,335,0.320431
375.981,4.375,335,0.322579
375.981,4.5,335,0.324726
375.981,4.625,335,0.326874
375.981,4.75,335,0.329022
375.981,4.875,335,0.33117
375.981,5,335,0.333317
375.981,5.125,335,0.335465
375.981,5.25,335,0.337613
375.981,5.375,335,0.339761
375.981,5.5,335,0.341908
375.981,5.625,335,0.344056
375.981,5.75,335,0.346204
375.981,5.875,335,0.348352
375.981,6,335,0.3505
375.981,6.125,335,0.352647
375.981,6.25,335,0.354795
375.981,6.375,335,0.356943
375.981,6.5,335,0.359091
375.981,6.625,335,0.361238
375.981,6.75,335,0.363386
375.981,6.875,335,0.365534
375.981,7,335,0.367682
375.981,7.125,335,0.369829
375.981,7.25,335,0.371977
375.981,7.375,335,0.374125
375.981,7.5,335,0.376273
375.981,7.625,335,0.378421
375.981,7.75,335,0.380568
375.981,7.875,335,0.382716
375.981,8,335,0.384864
375.981,8.125,335,0.387012
375.981,8.25,335,0.388597
375.981,8.375,335,0.389246
375.981,8.5,335,0.389895
375.981,8.625,335,0.390545
375.981,8.75,335,0.391194
375.981,8.875,335,0.391843
375.981,9,335,0.392492
375.981,9.125,335,0.393141
375.981,9.25,335,0.39379
375.981,9.375,335,0.394439
375.981,9.5,335,0.395088
375.981,9.625,335,0.395737
375.981,9.75,335,0.396386
375.981,9.875,335,0.397035
375.981,10,335,0.397684
375.981,10.125,335,0.398333
375.981,10.25,335,0.398982
375.981,10.375,335,0.399631
375.981,10.5,335,0.40028
375.981,10.625,335,0.400929
375.981,10.75,335,0.401578
375.981,10.875,335,0.402227
375.981,11,335,0.402876
375.981,11.125,335,0.403526
375.981,11.25,335,0.404175
375.981,11.375,335,0.404824
375.981,11.5,335,0.405473
375.981,11.625,335,0.406122
375.981,11.75,335,0.406771
375.981,11.875,335,0.40742
375.981,12,335,0.408069
375.981,12.125,335,0.408718
375.981,12.25,335,0.409367
375.981,12.375,335,0.410016
375.981,12.5,335,0.410665
375.981,12.625,335,0.411314
375.981,12.75,335,0.411963
375.981,12.875,335,0.412612
375.981,13,335,0.413261
375.981,13.125,335,0.41391
375.981,13.25,335,0.414559
375.981,13.375,335,0.415208
375.981,13.5,335,0.415858
375.981,13.625,335,0.416507
375.981,13.75,335,0.416841
375.981,13.875,335,0.416987
375.981,14,335,0.417133
375.981,14.125,335,0.41728
375.981,14.25,335,0.417426
375.981,14.375,335,0.417572
375.981,14.5,335,0.417718
375.981,14.625,335,0.417864
375.981,14.75,335,0.41801
375.981,14.875,335,0.418156
375.981,15,335,0.418302
375.981,15.125,335,0.418448
375.981,15.25,335,0.418594
375.981,15.375,335,0.41874
375.981,15.5,335,0.418886
375.981,15.625,335,0.419032
375.981,15.75,335,0.419178
375.981,15.875,335,0.419325
375.981,16,335,0.419471
375.981,16.125,335,0.419617
375.981,16.25,335,0.419763
375.981,16.375,335,0.419909
375.981,16.5,335,0.420055
375.981,16.625,335,0.420201
375.981,16.75,335,0.420347
375.981,16.875,335,0.420493
375.981,17,335,0.420639
375.981,17.125,335,0.420785
375.981,17.25,335,0.420931
375.981,17.375,335,0.421077
375.981,17.5,335,0.421224
375.981,17.625,335,0.42137
375.981,17.75,335,0.421516
375.981,17.875,335,0.421662
375.981,18,335,0.421808
375.981,18.125,335,0.421954
375.981,18.25,335,0.4221
375.981,18.375,335,0.422246
375.981,18.5,335,0.422392
375.981,18.625,335,0.422538
375.981,18.75,335,0.422684
375.981,18.875,335,0.42283
375.981,19,335,0.422976
375.981,19.125,335,0.423123
375.981,19.25,335,0.423406
375.981,19.375,335,0.423708
375.981,19.5,335,0.424011
375.981,19.625,335,0.424313
375.981,19.75,335,0.424616
375.981,19.875,335,0.424918
375.981,20,335,0.425221
