x,y,z,b
375.981,0,335,0.0983202
375.981,0.125,335,0.101999
375.981,0.25,335,0.105679
375.981,0.375,335,0.109358
375.981,0.5,335,0.113037
375.981,0.625,335,0.116716
375.981,0.75,335,0.120396
375.981,0.875,335,0.124075
375.981,1,335,0.127754
375.981,1.125,335,0.131433
375.981,1.25,335,0.135113
375.981,1.375,335,0.138792
375.981,1.5,335,0.142471
375.981,1.625,335,0.14615
375.981,1.75,335,0.14983
375.981,1.875,335,0.153509
375.981,2,335,0.157188
375.981,2.125,335,0.160867
375.981,2.25,335,0.164547
375.981,2.375,335,0.168226
375.981,2.5,335,0.171905
375.981,2.625,335,0.175584
375.981,2.75,335,0.179174
375.981,2.875,335,0.182138
375.981,3,335,0.185103
375.981,3.125,335,0.188067
375.981,3.25,335,0.191031
375.981,3.375,335,0.193995
375.981,3.5,335,0.196959
375.981,3.625,335,0.199924
375.981,3.75,335,0.202888
375.981,3.875,335,0.205852
375.981,4,335,0.208816
375.981,4.125,335,0.21178
375.981,4.25,335,0.214745
375.981,4.375,335,0.217709
375.981,4.5,335,0.220673
375.981,4.625,335,0.223637
375.981,4.75,335,0.226601
375.981,4.875,335,0.229566
375.981,5,335,0.23253
375.981,5.125,335,0.235494
375.981,5.25,335,0.238458
375.981,5.375,335,0.241422
375.981,5.5,335,0.244387
375.981,5.625,335,0.247351
375.981,5.75,335,0.250315
375.981,5.875,335,0.253279
375.981,6,335,0.256243
375.981,6.125,335,0.259208
375.981,6.25,335,0.262172
375.981,6.375,335,0.265136
375.981,6.5,335,0.2681
375.981,6.625,335,0.271064
375.981,6.75,335,0.274029
375.981,6.875,335,0.276993
375.981,7,335,0.279957
375.981,7.125,335,0.282921
375.981,7.25,335,0.285885
375.981,7.375,335,0.28885
375.981,7.5,335,0.291814
375.981,7.625,335,0.294778
375.981,7.75,335,0.297742
375.981,7.875,335,0.300706
375.981,8,335,0.303671
375.981,8.125,335,0.306635
375.981,8.25,335,0.30906
375.981,8.375,335,0.310587
375.981,8.5,335,0.312114
375.981,8.625,335,0.313641
375.981,8.75,335,0.315168
375.981,8.875,335,0.316695
375.981,9,335,0.318221
375.981,9.125,335,0.319748
375.981,9.25,335,0.321275
375.981,9.375,335,0.322802
375.981,9.5,335,0.324329
375.981,9.625,335,0.325856
375.981,9.75,335,0.327383
375.981,9.875,335,0.32891
375.981,10,335,0.330437
375.981,10.125,335,0.331963
375.981,10.25,335,0.33349
375.981,10.375,335,0.335017
375.981,10.5,335,0.336544
375.981,10.625,335,0.338071
375.981,10.75,335,0.339598
375.981,10.875,335,0.341125
375.981,11,335,0.342652
375.981,11.125,335,0.344178
375.981,11.25,335,0.345705
375.981,11.375,335,0.347232
375.981,11.5,335,0.348759
375.981,11.625,335,0.350286
375.981,11.75,335,0.351813
375.981,11.875,335,0.35334
375.981,12,335,0.354867
375.981,12.125,335,0.356394
375.981,12.25,335,0.35792
375.981,12.375,335,0.359447
375.981,12.5,335,0.360974
375.981,12.625,335,0.362501
375.981,12.75,335,0.364028
375.981,12.875,335,0.365555
375.981,13,335,0.367082
375.981,13.125,335,0.368609
375.981,13.25,335,0.370136
375.981,13.375,335,0.371662
375.981,13.5,335,0.373189
375.981,13.625,335,0.374716
375.981,13.75,335,0.375854
375.981,13.875,335,0.376759
375.981,14,335,0.377663
375.981,14.125,335,0.378568
375.981,14.25,335,0.379472
375.981,14.375,335,0.380377
375.981,14.5,335,0.381281
375.981,14.625,335,0.382186
375.981,14.75,335,0.38309
375.981,14.875,335,0.383995
375.981,15,335,0.384899
375.981,15.125,335,0.385804
375.981,15.25,335,0.386708
375.981,15.375,335,0.387613
375.981,15.5,335,0.388517
375.981,15.625,335,0.389422
375.981,15.75,335,0.390326
375.981,15.875,335,0.391231
375.981,16,335,0.392135
375.981,16.125,335,0.39304
375.981,16.25,335,0.393944
375.981,16.375,335,0.394849
375.981,16.5,335,0.395753
375.981,16.625,335,0.396658
375.981,16.75,335,0.397562
375.981,16.875,335,0.398467
375.981,17,335,0.399371
375.981,17.125,335,0.400276
375.981,17.25,335,0.40118
375.981,17.375,335,0.402085
375.981,17.5,335,0.402989
375.981,17.625,335,0.403894
375.981,17.75,335,0.404798
375.981,17.875,335,0.405703
375.981,18,335,0.406607
375.981,18.125,335,0.407511
375.981,18.25,335,0.408416
375.981,18.375,335,0.40932
375.981,18.5,335,0.410225
375.981,18.625,335,0.411129
375.981,18.75,335,0.412034
375.981,18.875,335,0.412938
375.981,19,335,0.413843
375.981,19.125,335,0.414747
375.981,19.25,335,0.415286
375.981,19.375,335,0.415773
375.981,19.5,335,0.41626
375.981,19.625,335,0.416746
375.981,19.75,335,0.417233
375.981,19.875,335,0.41772
375.981,20,335,0.418207
