x,y,z,b
375.981,0,335,0.109057
375.981,0.125,335,0.113163
375.981,0.25,335,0.117268
375.981,0.375,335,0.121374
375.981,0.5,335,0.125479
375.981,0.625,335,0.129585
375.981,0.75,335,0.13369
375.981,0.875,335,0.137796
375.981,1,335,0.141902
375.981,1.125,335,0.146007
375.981,1.25,335,0.150113
375.981,1.375,335,0.154218
375.981,1.5,335,0.158324
375.981,1.625,335,0.162429
375.981,1.75,335,0.166535
375.981,1.875,335,0.170641
375.981,2,335,0.174746
375.981,2.125,335,0.178852
375.981,2.25,335,0.182957
375.981,2.375,335,0.187063
375.981,2.5,335,0.191168
375.981,2.625,335,0.195274
375.981,2.75,335,0.19928
375.981,2.875,335,0.202587
375.981,3,335,0.205895
375.981,3.125,335,0.209203
375.981,3.25,335,0.21251
375.981,3.375,335,0.215818
375.981,3.5,335,0.219126
375.981,3.625,335,0.222434
375.981,3.75,335,0.225741
375.981,3.875,335,0.229049
375.981,4,335,0.232357
375.981,4.125,335,0.235664
375.981,4.25,335,0.238972
375.981,4.375,335,0.24228
375.981,4.5,335,0.245587
375.981,4.625,335,0.248895
375.981,4.75,335,0.252203
375.981,4.875,335,0.25551
375.981,5,335,0.258818
375.981,5.125,335,0.262126
375.981,5.25,335,0.265433
375.981,5.375,335,0.268741
375.981,5.5,335,0.272049
375.981,5.625,335,0.275356
375.981,5.75,335,0.278664
375.981,5.875,335,0.281972
375.981,6,335,0.285279
375.981,6.125,335,0.288587
375.981,6.25,335,0.291895
375.981,6.375,335,0.295202
375.981,6.5,335,0.29851
375.981,6.625,335,0.301818
375.981,6.75,335,0.305125
375.981,6.875,335,0.308433
375.981,7,335,0.311741
375.981,7.125,335,0.315048
375.981,7.25,335,0.318356
375.981,7.375,335,0.321664
375.981,7.5,335,0.324971
375.981,7.625,335,0.328279
375.981,7.75,335,0.331587
375.981,7.875,335,0.334894
375.981,8,335,0.338202
375.981,8.125,335,0.34151
375.981,8.25,335,0.343998
375.981,8.375,335,0.345119
375.981,8.5,335,0.34624
375.981,8.625,335,0.347362
375.981,8.75,335,0.348483
375.981,8.875,335,0.349604
375.981,9,335,0.350725
375.981,9.125,335,0.351847
375.981,9.25,335,0.352968
375.981,9.375,335,0.354089
375.981,9.5,335,0.355211
375.981,9.625,335,0.356332
375.981,9.75,335,0.357453
375.981,9.875,335,0.358574
375.981,10,335,0.359696
375.981,10.125,335,0.360817
375.981,10.25,335,0.361938
375.981,10.375,335,0.36306
375.981,10.5,335,0.364181
375.981,10.625,335,0.365302
375.981,10.75,335,0.366424
375.981,10.875,335,0.367545
375.981,11,335,0.368666
375.981,11.125,335,0.369787
375.981,11.25,335,0.370909
375.981,11.375,335,0.37203
375.981,11.5,335,0.373151
375.981,11.625,335,0.374273
375.981,11.75,335,0.375394
375.981,11.875,335,0.376515
375.981,12,335,0.377637
375.981,12.125,335,0.378758
375.981,12.25,335,0.379879
375.981,12.375,335,0.381
375.981,12.5,335,0.382122
375.981,12.625,335,0.383243
375.981,12.75,335,0.384364
375.981,12.875,335,0.385486
375.981,13,335,0.386607
375.981,13.125,335,0.387728
375.981,13.25,335,0.38885
375.981,13.375,335,0.389971
375.981,13.5,335,0.391092
375.981,13.625,335,0.392213
375.981,13.75,335,0.393033
375.981,13.875,335,0.393671
375.981,14,335,0.39431
375.981,14.125,335,0.394948
375.981,14.25,335,0.395587
375.981,14.375,335,0.396225
375.981,14.5,335,0.396864
375.981,14.625,335,0.397502
375.981,14.75,335,0.398141
375.981,14.875,335,0.398779
375.981,15,335,0.399417
375.981,15.125,335,0.400056
375.981,15.25,335,0.400694
375.981,15.375,335,0.401333
375.981,15.5,335,0.401971
375.981,15.625,335,0.40261
375.981,15.75,335,0.403248
375.981,15.875,335,0.403887
375.981,16,335,0.404525
375.981,16.125,335,0.405163
375.981,16.25,335,0.405802
375.981,16.375,335,0.40644
375.981,16.5,335,0.407079
375.981,16.625,335,0.407717
375.981,16.75,335,0.408356
375.981,16.875,335,0.408994
375.981,17,335,0.409633
375.981,17.125,335,0.410271
375.981,17.25,335,0.410909
375.981,17.375,335,0.411548
375.981,17.5,335,0.412186
375.981,17.625,335,0.412825
375.981,17.75,335,0.413463
375.981,17.875,335,0.414102
375.981,18,335,0.41474
375.981,18.125,335,0.415379
375.981,18.25,335,0.416017
375.981,18.375,335,0.416655
375.981,18.5,335,0.417294
375.981,18.625,335,0.417932
375.981,18.75,335,0.418571
375.981,18.875,335,0.419209
375.981,19,335,0.419848
375.981,19.125,335,0.420486
375.981,19.25,335,0.420848
375.981,19.375,335,0.421171
375.981,19.5,335,0.421494
375.981,19.625,335,0.421817
375.981,19.75,335,0.42214
375.981,19.875,335,0.422463
375.981,20,335,0.422785
