x,y,z,b
375.981,0,335,0.0790884
375.981,0.125,335,0.0825972
375.981,0.25,335,0.086106
375.981,0.375,335,0.0896148
375.981,0.5,335,0.0931235
375.981,0.625,335,0.0966323
375.981,0.75,335,0.100141
375.981,0.875,335,0.10365
375.981,1,335,0.107159
375.981,1.125,335,0.110667
375.981,1.25,335,0.114176
375.981,1.375,335,0.117685
375.981,1.5,335,0.121194
375.981,1.625,335,0.124703
375.981,1.75,335,0.128211
375.981,1.875,335,0.13172
375.981,2,335,0.135229
375.981,2.125,335,0.138738
375.981,2.25,335,0.142246
375.981,2.375,335,0.145755
375.981,2.5,335,0.149264
375.981,2.625,335,0.152773
375.981,2.75,335,0.156196
375.981,2.875,335,0.159023
375.981,3,335,0.16185
375.981,3.125,335,0.164677
375.981,3.25,335,0.167504
375.981,3.375,335,0.170331
375.981,3.5,335,0.173157
375.981,3.625,335,0.175984
375.981,3.75,335,0.178811
375.981,3.875,335,0.181638
375.981,4,335,0.184465
375.981,4.125,335,0.187292
375.981,4.25,335,0.190119
375.981,4.375,335,0.192946
375.981,4.5,335,0.195772
375.981,4.625,335,0.198599
375.981,4.75,335,0.201426
375.981,4.875,335,0.204253
375.981,5,335,0.20708
375.981,5.125,335,0.209907
375.981,5.25,335,0.212734
375.981,5.375,335,0.21556
375.981,5.5,335,0.218387
375.981,5.625,335,0.221214
375.981,5.75,335,0.224041
375.981,5.875,335,0.226868
375.981,6,335,0.229695
375.981,6.125,335,0.232522
375.981,6.25,335,0.235349
375.981,6.375,335,0.238175
375.981,6.5,335,0.241002
375.981,6.625,335,0.243829
375.981,6.75,335,0.246656
375.981,6.875,335,0.249483
375.981,7,335,0.25231
375.981,7.125,335,0.255137
375.981,7.25,335,0.257964
375.981,7.375,335,0.26079
375.981,7.5,335,0.263617
375.981,7.625,335,0.266444
375.981,7.75,335,0.269271
375.981,7.875,335,0.272098
375.981,8,335,0.274925
375.981,8.125,335,0.277752
375.981,8.25,335,0.28012
375.981,8.375,335,0.281725
375.981,8.5,335,0.28333
375.981,8.625,335,0.284935
375.981,8.75,335,0.28654
375.981,8.875,335,0.288145
375.981,9,335,0.289751
375.981,9.125,335,0.291356
375.981,9.25,335,0.292961
375.981,9.375,335,0.294566
375.981,9.5,335,0.296171
375.981,9.625,335,0.297776
375.981,9.75,335,0.299381
375.981,9.875,335,0.300986
375.981,10,335,0.302591
375.981,10.125,335,0.304196
375.981,10.25,335,0.305801
375.981,10.375,335,0.307406
375.981,10.5,335,0.309011
375.981,10.625,335,0.310616
375.981,10.75,335,0.312221
375.981,10.875,335,0.313826
375.981,11,335,0.315431
375.981,11.125,335,0.317036
375.981,11.25,335,0.318641
375.981,11.375,335,0.320246
375.981,11.5,335,0.321851
375.981,11.625,335,0.323456
375.981,11.75,335,0.325061
375.981,11.875,335,0.326666
375.981,12,335,0.328272
375.981,12.125,335,0.329877
375.981,12.25,335,0.331482
375.981,12.375,335,0.333087
375.981,12.5,335,0.334692
375.981,12.625,335,0.336297
375.981,12.75,335,0.337902
375.981,12.875,335,0.339507
375.981,13,335,0.341112
375.981,13.125,335,0.342717
375.981,13.25,335,0.344322
375.981,13.375,335,0.345927
375.981,13.5,335,0.347532
375.981,13.625,335,0.349137
375.981,13.75,335,0.350395
375.981,13.875,335,0.351446
375.981,14,335,0.352496
375.981,14.125,335,0.353547
375.981,14.25,335,0.354597
375.981,14.375,335,0.355648
375.981,14.5,335,0.356698
375.981,14.625,335,0.357749
375.981,14.75,335,0.358799
375.981,14.875,335,0.35985
375.981,15,335,0.3609
375.981,15.125,335,0.361951
375.981,15.25,335,0.363001
375.981,15.375,335,0.364052
375.981,15.5,335,0.365102
375.981,15.625,335,0.366153
375.981,15.75,335,0.367203
375.981,15.875,335,0.368254
375.981,16,335,0.369304
375.981,16.125,335,0.370354
375.981,16.25,335,0.371405
375.981,16.375,335,0.372455
375.981,16.5,335,0.373506
375.981,16.625,335,0.374556
375.981,16.75,335,0.375607
375.981,16.875,335,0.376657
375.981,17,335,0.377708
375.981,17.125,335,0.378758
375.981,17.25,335,0.379809
375.981,17.375,335,0.380859
375.981,17.5,335,0.38191
375.981,17.625,335,0.38296
375.981,17.75,335,0.384011
375.981,17.875,335,0.385061
375.981,18,335,0.386112
375.981,18.125,335,0.387162
375.981,18.25,335,0.388213
375.981,18.375,335,0.389263
375.981,18.5,335,0.390313
375.981,18.625,335,0.391364
375.981,18.75,335,0.392414
375.981,18.875,335,0.393465
375.981,19,335,0.394515
375.981,19.125,335,0.395566
375.981,19.25,335,0.396336
375.981,19.375,335,0.397066
375.981,19.5,335,0.397796
375.981,19.625,335,0.398526
375.981,19.75,335,0.399256
375.981,19.875,335,0.399986
375.981,20,335,0.400715
