x,y,z,b
375.981,0,335,0.0788939
375.981,0.125,335,0.0826594
375.981,0.25,335,0.086425
375.981,0.375,335,0.0901905
375.981,0.5,335,0.093956
375.981,0.625,335,0.0977215
375.981,0.75,335,0.101487
375.981,0.875,335,0.105252
375.981,1,335,0.109018
375.981,1.125,335,0.112783
375.981,1.25,335,0.116549
375.981,1.375,335,0.120314
375.981,1.5,335,0.12408
375.981,1.625,335,0.127845
375.981,1.75,335,0.131611
375.981,1.875,335,0.135376
375.981,2,335,0.139142
375.981,2.125,335,0.142908
375.981,2.25,335,0.146673
375.981,2.375,335,0.150439
375.981,2.5,335,0.154204
375.981,2.625,335,0.15797
375.981,2.75,335,0.161644
375.981,2.875,335,0.164677
375.981,3,335,0.167711
375.981,3.125,335,0.170745
375.981,3.25,335,0.173778
375.981,3.375,335,0.176812
375.981,3.5,335,0.179846
375.981,3.625,335,0.182879
375.981,3.75,335,0.185913
375.981,3.875,335,0.188947
375.981,4,335,0.191981
375.981,4.125,335,0.195014
375.981,4.25,335,0.198048
375.981,4.375,335,0.201082
375.981,4.5,335,0.204115
375.981,4.625,335,0.207149
375.981,4.75,335,0.210183
375.981,4.875,335,0.213216
375.981,5,335,0.21625
375.981,5.125,335,0.219284
375.981,5.25,335,0.222318
375.981,5.375,335,0.225351
375.981,5.5,335,0.228385
375.981,5.625,335,0.231419
375.981,5.75,335,0.234452
375.981,5.875,335,0.237486
375.981,6,335,0.24052
375.981,6.125,335,0.243554
375.981,6.25,335,0.246587
375.981,6.375,335,0.249621
375.981,6.5,335,0.252655
375.981,6.625,335,0.255688
375.981,6.75,335,0.258722
375.981,6.875,335,0.261756
375.981,7,335,0.264789
375.981,7.125,335,0.267823
375.981,7.25,335,0.270857
375.981,7.375,335,0.273891
375.981,7.5,335,0.276924
375.981,7.625,335,0.279958
375.981,7.75,335,0.282992
375.981,7.875,335,0.286025
375.981,8,335,0.289059
375.981,8.125,335,0.292093
375.981,8.25,335,0.294519
375.981,8.375,335,0.295934
375.981,8.5,335,0.297349
375.981,8.625,335,0.298764
375.981,8.75,335,0.300179
375.981,8.875,335,0.301594
375.981,9,335,0.303009
375.981,9.125,335,0.304424
375.981,9.25,335,0.305839
375.981,9.375,335,0.307254
375.981,9.5,335,0.308669
375.981,9.625,335,0.310084
375.981,9.75,335,0.311499
375.981,9.875,335,0.312914
375.981,10,335,0.314329
375.981,10.125,335,0.315744
375.981,10.25,335,0.317159
375.981,10.375,335,0.318574
375.981,10.5,335,0.319989
375.981,10.625,335,0.321404
375.981,10.75,335,0.322819
375.981,10.875,335,0.324234
375.981,11,335,0.325649
375.981,11.125,335,0.327064
375.981,11.25,335,0.328479
375.981,11.375,335,0.329894
375.981,11.5,335,0.331309
375.981,11.625,335,0.332724
375.981,11.75,335,0.334139
375.981,11.875,335,0.335554
375.981,12,335,0.336969
375.981,12.125,335,0.338384
375.981,12.25,335,0.339799
375.981,12.375,335,0.341214
375.981,12.5,335,0.342629
375.981,12.625,335,0.344044
375.981,12.75,335,0.345459
375.981,12.875,335,0.346874
375.981,13,335,0.348289
375.981,13.125,335,0.349704
375.981,13.25,335,0.351119
375.981,13.375,335,0.352534
375.981,13.5,335,0.353949
375.981,13.625,335,0.355364
375.981,13.75,335,0.356476
375.981,13.875,335,0.357406
375.981,14,335,0.358336
375.981,14.125,335,0.359265
375.981,14.25,335,0.360195
375.981,14.375,335,0.361125
375.981,14.5,335,0.362055
375.981,14.625,335,0.362985
375.981,14.75,335,0.363914
375.981,14.875,335,0.364844
375.981,15,335,0.365774
375.981,15.125,335,0.366704
375.981,15.25,335,0.367634
375.981,15.375,335,0.368563
375.981,15.5,335,0.369493
375.981,15.625,335,0.370423
375.981,15.75,335,0.371353
375.981,15.875,335,0.372283
375.981,16,335,0.373212
375.981,16.125,335,0.374142
375.981,16.25,335,0.375072
375.981,16.375,335,0.376002
375.981,16.5,335,0.376932
375.981,16.625,335,0.377861
375.981,16.75,335,0.378791
375.981,16.875,335,0.379721
375.981,17,335,0.380651
375.981,17.125,335,0.381581
375.981,17.25,335,0.38251
375.981,17.375,335,0.38344
375.981,17.5,335,0.38437
375.981,17.625,335,0.3853
375.981,17.75,335,0.38623
375.981,17.875,335,0.387159
375.981,18,335,0.388089
375.981,18.125,335,0.389019
375.981,18.25,335,0.389949
375.981,18.375,335,0.390879
375.981,18.5,335,0.391808
375.981,18.625,335,0.392738
375.981,18.75,335,0.393668
375.981,18.875,335,0.394598
375.981,19,335,0.395528
375.981,19.125,335,0.396457
375.981,19.25,335,0.397179
375.981,19.375,335,0.397871
375.981,19.5,335,0.398564
375.981,19.625,335,0.399256
375.981,19.75,335,0.399948
375.981,19.875,335,0.40064
375.981,20,335,0.401332
