x,y,z,b
375.981,0,335,0.306114
375.981,0.125,335,0.307549
375.981,0.25,335,0.308984
375.981,0.375,335,0.310419
375.981,0.5,335,0.311854
375.981,0.625,335,0.313289
375.981,0.75,335,0.314724
375.981,0.875,335,0.316159
375.981,1,335,0.317594
375.981,1.125,335,0.319029
375.981,1.25,335,0.320464
375.981,1.375,335,0.3219
375.981,1.5,335,0.323335
375.981,1.625,335,0.32477
375.981,1.75,335,0.326205
375.981,1.875,335,0.32764
375.981,2,335,0.329075
375.981,2.125,335,0.33051
375.981,2.25,335,0.331945
375.981,2.375,335,0.33338
375.981,2.5,335,0.334815
375.981,2.625,335,0.33625
375.981,2.75,335,0.33765
375.981,2.875,335,0.338806
375.981,3,335,0.339963
375.981,3.125,335,0.341119
375.981,3.25,335,0.342275
375.981,3.375,335,0.343431
375.981,3.5,335,0.344587
375.981,3.625,335,0.345743
375.981,3.75,335,0.3469
375.981,3.875,335,0.348056
375.981,4,335,0.349212
375.981,4.125,335,0.350368
375.981,4.25,335,0.351524
375.981,4.375,335,0.35268
375.981,4.5,335,0.353836
375.981,4.625,335,0.354993
375.981,4.75,335,0.356149
375.981,4.875,335,0.357305
375.981,5,335,0.358461
375.981,5.125,335,0.359617
375.981,5.25,335,0.360773
375.981,5.375,335,0.36193
375.981,5.5,335,0.363086
375.981,5.625,335,0.364242
375.981,5.75,335,0.365398
375.981,5.875,335,0.366554
375.981,6,335,0.36771
375.981,6.125,335,0.368867
375.981,6.25,335,0.370023
375.981,6.375,335,0.371179
375.981,6.5,335,0.372335
375.981,6.625,335,0.373491
375.981,6.75,335,0.374647
375.981,6.875,335,0.375803
375.981,7,335,0.37696
375.981,7.125,335,0.378116
375.981,7.25,335,0.379272
375.981,7.375,335,0.380428
375.981,7.5,335,0.381584
375.981,7.625,335,0.38274
375.981,7.75,335,0.383897
375.981,7.875,335,0.385053
375.981,8,335,0.386209
375.981,8.125,335,0.387365
375.981,8.25,335,0.388251
375.981,8.375,335,0.388688
375.981,8.5,335,0.389125
375.981,8.625,335,0.389562
375.981,8.75,335,0.389999
375.981,8.875,335,0.390436
375.981,9,335,0.390873
375.981,9.125,335,0.39131
375.981,9.25,335,0.391747
375.981,9.375,335,0.392184
375.981,9.5,335,0.392621
375.981,9.625,335,0.393058
375.981,9.75,335,0.393495
375.981,9.875,335,0.393932
375.981,10,335,0.394369
375.981,10.125,335,0.394806
375.981,10.25,335,0.395242
375.981,10.375,335,0.395679
375.981,10.5,335,0.396116
375.981,10.625,335,0.396553
375.981,10.75,335,0.39699
375.981,10.875,335,0.397427
375.981,11,335,0.397864
375.981,11.125,335,0.398301
375.981,11.25,335,0.398738
375.981,11.375,335,0.399175
375.981,11.5,335,0.399612
375.981,11.625,335,0.400049
375.981,11.75,335,0.400486
375.981,11.875,335,0.400923
375.981,12,335,0.40136
375.981,12.125,335,0.401796
375.981,12.25,335,0.402233
375.981,12.375,335,0.40267
375.981,12.5,335,0.403107
375.981,12.625,335,0.403544
375.981,12.75,335,0.403981
375.981,12.875,335,0.404418
375.981,13,335,0.404855
375.981,13.125,335,0.405292
375.981,13.25,335,0.405729
375.981,13.375,335,0.406166
375.981,13.5,335,0.406603
375.981,13.625,335,0.40704
375.981,13.75,335,0.407376
375.981,13.875,335,0.407651
375.981,14,335,0.407927
375.981,14.125,335,0.408203
375.981,14.25,335,0.408478
375.981,14.375,335,0.408754
375.981,14.5,335,0.409029
375.981,14.625,335,0.409305
375.981,14.75,335,0.409581
375.981,14.875,335,0.409856
375.981,15,335,0.410132
375.981,15.125,335,0.410407
375.981,15.25,335,0.410683
375.981,15.375,335,0.410958
375.981,15.5,335,0.411234
375.981,15.625,335,0.41151
375.981,15.75,335,0.411785
375.981,15.875,335,0.412061
375.981,16,335,0.412336
375.981,16.125,335,0.412612
375.981,16.25,335,0.412888
375.981,16.375,335,0.413163
375.981,16.5,335,0.413439
375.981,16.625,335,0.413714
375.981,16.75,335,0.41399
375.981,16.875,335,0.414265
375.981,17,335,0.414541
375.981,17.125,335,0.414817
375.981,17.25,335,0.415092
375.981,17.375,335,0.415368
375.981,17.5,335,0.415643
375.981,17.625,335,0.415919
375.981,17.75,335,0.416195
375.981,17.875,335,0.41647
375.981,18,335,0.416746
375.981,18.125,335,0.417021
375.981,18.25,335,0.417297
375.981,18.375,335,0.417572
375.981,18.5,335,0.417848
375.981,18.625,335,0.418124
375.981,18.75,335,0.418399
375.981,18.875,335,0.418675
375.981,19,335,0.41895
375.981,19.125,335,0.419226
375.981,19.25,335,0.419499
375.981,19.375,335,0.419771
375.981,19.5,335,0.420043
375.981,19.625,335,0.420315
375.981,19.75,335,0.420587
375.981,19.875,335,0.420859
375.981,20,335,0.421131
