x,y,z,b
375.981,0,335,0.0799338
375.981,0.125,335,0.0835964
375.981,0.25,335,0.087259
375.981,0.375,335,0.0909216
375.981,0.5,335,0.0945842
375.981,0.625,335,0.0982467
375.981,0.75,335,0.101909
375.981,0.875,335,0.105572
375.981,1,335,0.109235
375.981,1.125,335,0.112897
375.981,1.25,335,0.11656
375.981,1.375,335,0.120222
375.981,1.5,335,0.123885
375.981,1.625,335,0.127547
375.981,1.75,335,0.13121
375.981,1.875,335,0.134873
375.981,2,335,0.138535
375.981,2.125,335,0.142198
375.981,2.25,335,0.14586
375.981,2.375,335,0.149523
375.981,2.5,335,0.153186
375.981,2.625,335,0.156848
375.981,2.75,335,0.160422
375.981,2.875,335,0.163373
375.981,3,335,0.166323
375.981,3.125,335,0.169274
375.981,3.25,335,0.172225
375.981,3.375,335,0.175176
375.981,3.5,335,0.178126
375.981,3.625,335,0.181077
375.981,3.75,335,0.184028
375.981,3.875,335,0.186979
375.981,4,335,0.18993
375.981,4.125,335,0.19288
375.981,4.25,335,0.195831
375.981,4.375,335,0.198782
375.981,4.5,335,0.201733
375.981,4.625,335,0.204684
375.981,4.75,335,0.207634
375.981,4.875,335,0.210585
375.981,5,335,0.213536
375.981,5.125,335,0.216487
375.981,5.25,335,0.219438
375.981,5.375,335,0.222388
375.981,5.5,335,0.225339
375.981,5.625,335,0.22829
375.981,5.75,335,0.231241
375.981,5.875,335,0.234191
375.981,6,335,0.237142
375.981,6.125,335,0.240093
375.981,6.25,335,0.243044
375.981,6.375,335,0.245995
375.981,6.5,335,0.248945
375.981,6.625,335,0.251896
375.981,6.75,335,0.254847
375.981,6.875,335,0.257798
375.981,7,335,0.260749
375.981,7.125,335,0.263699
375.981,7.25,335,0.26665
375.981,7.375,335,0.269601
375.981,7.5,335,0.272552
375.981,7.625,335,0.275502
375.981,7.75,335,0.278453
375.981,7.875,335,0.281404
375.981,8,335,0.284355
375.981,8.125,335,0.287306
375.981,8.25,335,0.289688
375.981,8.375,335,0.291124
375.981,8.5,335,0.29256
375.981,8.625,335,0.293996
375.981,8.75,335,0.295432
375.981,8.875,335,0.296868
375.981,9,335,0.298304
375.981,9.125,335,0.29974
375.981,9.25,335,0.301176
375.981,9.375,335,0.302612
375.981,9.5,335,0.304047
375.981,9.625,335,0.305483
375.981,9.75,335,0.306919
375.981,9.875,335,0.308355
375.981,10,335,0.309791
375.981,10.125,335,0.311227
375.981,10.25,335,0.312663
375.981,10.375,335,0.314099
375.981,10.5,335,0.315535
375.981,10.625,335,0.316971
375.981,10.75,335,0.318407
375.981,10.875,335,0.319842
375.981,11,335,0.321278
375.981,11.125,335,0.322714
375.981,11.25,335,0.32415
375.981,11.375,335,0.325586
375.981,11.5,335,0.327022
375.981,11.625,335,0.328458
375.981,11.75,335,0.329894
375.981,11.875,335,0.33133
375.981,12,335,0.332766
375.981,12.125,335,0.334201
375.981,12.25,335,0.335637
375.981,12.375,335,0.337073
375.981,12.5,335,0.338509
375.981,12.625,335,0.339945
375.981,12.75,335,0.341381
375.981,12.875,335,0.342817
375.981,13,335,0.344253
375.981,13.125,335,0.345689
375.981,13.25,335,0.347125
375.981,13.375,335,0.348561
375.981,13.5,335,0.349996
375.981,13.625,335,0.351432
375.981,13.75,335,0.352575
375.981,13.875,335,0.353543
375.981,14,335,0.35451
375.981,14.125,335,0.355477
375.981,14.25,335,0.356444
375.981,14.375,335,0.357412
375.981,14.5,335,0.358379
375.981,14.625,335,0.359346
375.981,14.75,335,0.360313
375.981,14.875,335,0.361281
375.981,15,335,0.362248
375.981,15.125,335,0.363215
375.981,15.25,335,0.364182
375.981,15.375,335,0.365149
375.981,15.5,335,0.366117
375.981,15.625,335,0.367084
375.981,15.75,335,0.368051
375.981,15.875,335,0.369018
375.981,16,335,0.369986
375.981,16.125,335,0.370953
375.981,16.25,335,0.37192
375.981,16.375,335,0.372887
375.981,16.5,335,0.373855
375.981,16.625,335,0.374822
375.981,16.75,335,0.375789
375.981,16.875,335,0.376756
375.981,17,335,0.377724
375.981,17.125,335,0.378691
375.981,17.25,335,0.379658
375.981,17.375,335,0.380625
375.981,17.5,335,0.381593
375.981,17.625,335,0.38256
375.981,17.75,335,0.383527
375.981,17.875,335,0.384494
375.981,18,335,0.385462
375.981,18.125,335,0.386429
375.981,18.25,335,0.387396
375.981,18.375,335,0.388363
375.981,18.5,335,0.38933
375.981,18.625,335,0.390298
375.981,18.75,335,0.391265
375.981,18.875,335,0.392232
375.981,19,335,0.393199
375.981,19.125,335,0.394167
375.981,19.25,335,0.394914
375.981,19.375,335,0.39563
375.981,19.5,335,0.396346
375.981,19.625,335,0.397063
375.981,19.75,335,0.397779
375.981,19.875,335,0.398495
375.981,20,335,0.399211
