x,y,z,b
375.981,0,335,0.0914145
375.981,0.125,335,0.0951261
375.981,0.25,335,0.0988377
375.981,0.375,335,0.102549
375.981,0.5,335,0.106261
375.981,0.625,335,0.109973
375.981,0.75,335,0.113684
375.981,0.875,335,0.117396
375.981,1,335,0.121107
375.981,1.125,335,0.124819
375.981,1.25,335,0.128531
375.981,1.375,335,0.132242
375.981,1.5,335,0.135954
375.981,1.625,335,0.139665
375.981,1.75,335,0.143377
375.981,1.875,335,0.147089
375.981,2,335,0.1508
375.981,2.125,335,0.154512
375.981,2.25,335,0.158223
375.981,2.375,335,0.161935
375.981,2.5,335,0.165647
375.981,2.625,335,0.169358
375.981,2.75,335,0.17298
375.981,2.875,335,0.17597
375.981,3,335,0.17896
375.981,3.125,335,0.181951
375.981,3.25,335,0.184941
375.981,3.375,335,0.187931
375.981,3.5,335,0.190921
375.981,3.625,335,0.193912
375.981,3.75,335,0.196902
375.981,3.875,335,0.199892
375.981,4,335,0.202883
375.981,4.125,335,0.205873
375.981,4.25,335,0.208863
375.981,4.375,335,0.211853
375.981,4.5,335,0.214844
375.981,4.625,335,0.217834
375.981,4.75,335,0.220824
375.981,4.875,335,0.223814
375.981,5,335,0.226805
375.981,5.125,335,0.229795
375.981,5.25,335,0.232785
375.981,5.375,335,0.235776
375.981,5.5,335,0.238766
375.981,5.625,335,0.241756
375.981,5.75,335,0.244746
375.981,5.875,335,0.247737
375.981,6,335,0.250727
375.981,6.125,335,0.253717
375.981,6.25,335,0.256708
375.981,6.375,335,0.259698
375.981,6.5,335,0.262688
375.981,6.625,335,0.265678
375.981,6.75,335,0.268669
375.981,6.875,335,0.271659
375.981,7,335,0.274649
375.981,7.125,335,0.27764
375.981,7.25,335,0.28063
375.981,7.375,335,0.28362
375.981,7.5,335,0.28661
375.981,7.625,335,0.289601
375.981,7.75,335,0.292591
375.981,7.875,335,0.295581
375.981,8,335,0.298572
375.981,8.125,335,0.301562
375.981,8.25,335,0.304063
375.981,8.375,335,0.30575
375.981,8.5,335,0.307436
375.981,8.625,335,0.309122
375.981,8.75,335,0.310809
375.981,8.875,335,0.312495
375.981,9,335,0.314182
375.981,9.125,335,0.315868
375.981,9.25,335,0.317554
375.981,9.375,335,0.319241
375.981,9.5,335,0.320927
375.981,9.625,335,0.322614
375.981,9.75,335,0.3243
375.981,9.875,335,0.325986
375.981,10,335,0.327673
375.981,10.125,335,0.329359
375.981,10.25,335,0.331046
375.981,10.375,335,0.332732
375.981,10.5,335,0.334419
375.981,10.625,335,0.336105
375.981,10.75,335,0.337791
375.981,10.875,335,0.339478
375.981,11,335,0.341164
375.981,11.125,335,0.342851
375.981,11.25,335,0.344537
375.981,11.375,335,0.346223
375.981,11.5,335,0.34791
375.981,11.625,335,0.349596
375.981,11.75,335,0.351283
375.981,11.875,335,0.352969
375.981,12,335,0.354655
375.981,12.125,335,0.356342
375.981,12.25,335,0.358028
375.981,12.375,335,0.359715
375.981,12.5,335,0.361401
375.981,12.625,335,0.363088
375.981,12.75,335,0.364774
375.981,12.875,335,0.36646
375.981,13,335,0.368147
375.981,13.125,335,0.369833
375.981,13.25,335,0.37152
375.981,13.375,335,0.373206
375.981,13.5,335,0.374892
375.981,13.625,335,0.376579
375.981,13.75,335,0.377729
375.981,13.875,335,0.378557
375.981,14,335,0.379385
375.981,14.125,335,0.380213
375.981,14.25,335,0.381041
375.981,14.375,335,0.381869
375.981,14.5,335,0.382698
375.981,14.625,335,0.383526
375.981,14.75,335,0.384354
375.981,14.875,335,0.385182
375.981,15,335,0.38601
375.981,15.125,335,0.386838
375.981,15.25,335,0.387666
375.981,15.375,335,0.388494
375.981,15.5,335,0.389323
375.981,15.625,335,0.390151
375.981,15.75,335,0.390979
375.981,15.875,335,0.391807
375.981,16,335,0.392635
375.981,16.125,335,0.393463
375.981,16.25,335,0.394291
375.981,16.375,335,0.395119
375.981,16.5,335,0.395948
375.981,16.625,335,0.396776
375.981,16.75,335,0.397604
375.981,16.875,335,0.398432
375.981,17,335,0.39926
375.981,17.125,335,0.400088
375.981,17.25,335,0.400916
375.981,17.375,335,0.401745
375.981,17.5,335,0.402573
375.981,17.625,335,0.403401
375.981,17.75,335,0.404229
375.981,17.875,335,0.405057
375.981,18,335,0.405885
375.981,18.125,335,0.406713
375.981,18.25,335,0.407541
375.981,18.375,335,0.40837
375.981,18.5,335,0.409198
375.981,18.625,335,0.410026
375.981,18.75,335,0.410854
375.981,18.875,335,0.411682
375.981,19,335,0.41251
375.981,19.125,335,0.413338
375.981,19.25,335,0.413823
375.981,19.375,335,0.414258
375.981,19.5,335,0.414694
375.981,19.625,335,0.415129
375.981,19.75,335,0.415565
375.981,19.875,335,0.416
375.981,20,335,0.416435
