x,y,z,b
375.981,0,335,0.0982388
375.981,0.125,335,0.101917
375.981,0.25,335,0.105595
375.981,0.375,335,0.109273
375.981,0.5,335,0.112951
375.981,0.625,335,0.116629
375.981,0.75,335,0.120307
375.981,0.875,335,0.123985
375.981,1,335,0.127664
375.981,1.125,335,0.131342
375.981,1.25,335,0.13502
375.981,1.375,335,0.138698
375.981,1.5,335,0.142376
375.981,1.625,335,0.146054
375.981,1.75,335,0.149732
375.981,1.875,335,0.15341
375.981,2,335,0.157088
375.981,2.125,335,0.160766
375.981,2.25,335,0.164444
375.981,2.375,335,0.168123
375.981,2.5,335,0.171801
375.981,2.625,335,0.175479
375.981,2.75,335,0.179068
375.981,2.875,335,0.182031
375.981,3,335,0.184994
375.981,3.125,335,0.187957
375.981,3.25,335,0.190921
375.981,3.375,335,0.193884
375.981,3.5,335,0.196847
375.981,3.625,335,0.19981
375.981,3.75,335,0.202774
375.981,3.875,335,0.205737
375.981,4,335,0.2087
375.981,4.125,335,0.211664
375.981,4.25,335,0.214627
375.981,4.375,335,0.21759
375.981,4.5,335,0.220553
375.981,4.625,335,0.223517
375.981,4.75,335,0.22648
375.981,4.875,335,0.229443
375.981,5,335,0.232407
375.981,5.125,335,0.23537
375.981,5.25,335,0.238333
375.981,5.375,335,0.241296
375.981,5.5,335,0.24426
375.981,5.625,335,0.247223
375.981,5.75,335,0.250186
375.981,5.875,335,0.253149
375.981,6,335,0.256113
375.981,6.125,335,0.259076
375.981,6.25,335,0.262039
375.981,6.375,335,0.265003
375.981,6.5,335,0.267966
375.981,6.625,335,0.270929
375.981,6.75,335,0.273892
375.981,6.875,335,0.276856
375.981,7,335,0.279819
375.981,7.125,335,0.282782
375.981,7.25,335,0.285746
375.981,7.375,335,0.288709
375.981,7.5,335,0.291672
375.981,7.625,335,0.294635
375.981,7.75,335,0.297599
375.981,7.875,335,0.300562
375.981,8,335,0.303525
375.981,8.125,335,0.306488
375.981,8.25,335,0.308913
375.981,8.375,335,0.31044
375.981,8.5,335,0.311967
375.981,8.625,335,0.313494
375.981,8.75,335,0.315021
375.981,8.875,335,0.316548
375.981,9,335,0.318075
375.981,9.125,335,0.319601
375.981,9.25,335,0.321128
375.981,9.375,335,0.322655
375.981,9.5,335,0.324182
375.981,9.625,335,0.325709
375.981,9.75,335,0.327236
375.981,9.875,335,0.328763
375.981,10,335,0.33029
375.981,10.125,335,0.331817
375.981,10.25,335,0.333344
375.981,10.375,335,0.334871
375.981,10.5,335,0.336397
375.981,10.625,335,0.337924
375.981,10.75,335,0.339451
375.981,10.875,335,0.340978
375.981,11,335,0.342505
375.981,11.125,335,0.344032
375.981,11.25,335,0.345559
375.981,11.375,335,0.347086
375.981,11.5,335,0.348613
375.981,11.625,335,0.35014
375.981,11.75,335,0.351667
375.981,11.875,335,0.353193
375.981,12,335,0.35472
375.981,12.125,335,0.356247
375.981,12.25,335,0.357774
375.981,12.375,335,0.359301
375.981,12.5,335,0.360828
375.981,12.625,335,0.362355
375.981,12.75,335,0.363882
375.981,12.875,335,0.365409
375.981,13,335,0.366936
375.981,13.125,335,0.368463
375.981,13.25,335,0.369989
375.981,13.375,335,0.371516
375.981,13.5,335,0.373043
375.981,13.625,335,0.37457
375.981,13.75,335,0.375708
375.981,13.875,335,0.376613
375.981,14,335,0.377517
375.981,14.125,335,0.378422
375.981,14.25,335,0.379326
375.981,14.375,335,0.380231
375.981,14.5,335,0.381135
375.981,14.625,335,0.38204
375.981,14.75,335,0.382944
375.981,14.875,335,0.383849
375.981,15,335,0.384753
375.981,15.125,335,0.385658
375.981,15.25,335,0.386563
375.981,15.375,335,0.387467
375.981,15.5,335,0.388372
375.981,15.625,335,0.389276
375.981,15.75,335,0.390181
375.981,15.875,335,0.391085
375.981,16,335,0.39199
375.981,16.125,335,0.392894
375.981,16.25,335,0.393799
375.981,16.375,335,0.394703
375.981,16.5,335,0.395608
375.981,16.625,335,0.396512
375.981,16.75,335,0.397417
375.981,16.875,335,0.398322
375.981,17,335,0.399226
375.981,17.125,335,0.400131
375.981,17.25,335,0.401035
375.981,17.375,335,0.40194
375.981,17.5,335,0.402844
375.981,17.625,335,0.403749
375.981,17.75,335,0.404653
375.981,17.875,335,0.405558
375.981,18,335,0.406462
375.981,18.125,335,0.407367
375.981,18.25,335,0.408271
375.981,18.375,335,0.409176
375.981,18.5,335,0.410081
375.981,18.625,335,0.410985
375.981,18.75,335,0.41189
375.981,18.875,335,0.412794
375.981,19,335,0.413699
375.981,19.125,335,0.414603
375.981,19.25,335,0.41514
375.981,19.375,335,0.415625
375.981,19.5,335,0.416109
375.981,19.625,335,0.416594
375.981,19.75,335,0.417078
375.981,19.875,335,0.417562
375.981,20,335,0.418047
