x,y,z,b
375.981,0,335,0.096146
375.981,0.125,335,0.0998198
375.981,0.25,335,0.103494
375.981,0.375,335,0.107167
375.981,0.5,335,0.110841
375.981,0.625,335,0.114515
375.981,0.75,335,0.118189
375.981,0.875,335,0.121862
375.981,1,335,0.125536
375.981,1.125,335,0.12921
375.981,1.25,335,0.132884
375.981,1.375,335,0.136557
375.981,1.5,335,0.140231
375.981,1.625,335,0.143905
375.981,1.75,335,0.147579
375.981,1.875,335,0.151252
375.981,2,335,0.154926
375.981,2.125,335,0.1586
375.981,2.25,335,0.162274
375.981,2.375,335,0.165947
375.981,2.5,335,0.169621
375.981,2.625,335,0.173295
375.981,2.75,335,0.176879
375.981,2.875,335,0.179839
375.981,3,335,0.182799
375.981,3.125,335,0.185759
375.981,3.25,335,0.188719
375.981,3.375,335,0.191678
375.981,3.5,335,0.194638
375.981,3.625,335,0.197598
375.981,3.75,335,0.200558
375.981,3.875,335,0.203518
375.981,4,335,0.206477
375.981,4.125,335,0.209437
375.981,4.25,335,0.212397
375.981,4.375,335,0.215357
375.981,4.5,335,0.218317
375.981,4.625,335,0.221276
375.981,4.75,335,0.224236
375.981,4.875,335,0.227196
375.981,5,335,0.230156
375.981,5.125,335,0.233115
375.981,5.25,335,0.236075
375.981,5.375,335,0.239035
375.981,5.5,335,0.241995
375.981,5.625,335,0.244955
375.981,5.75,335,0.247914
375.981,5.875,335,0.250874
375.981,6,335,0.253834
375.981,6.125,335,0.256794
375.981,6.25,335,0.259754
375.981,6.375,335,0.262713
375.981,6.5,335,0.265673
375.981,6.625,335,0.268633
375.981,6.75,335,0.271593
375.981,6.875,335,0.274552
375.981,7,335,0.277512
375.981,7.125,335,0.280472
375.981,7.25,335,0.283432
375.981,7.375,335,0.286392
375.981,7.5,335,0.289351
375.981,7.625,335,0.292311
375.981,7.75,335,0.295271
375.981,7.875,335,0.298231
375.981,8,335,0.301191
375.981,8.125,335,0.30415
375.981,8.25,335,0.306593
375.981,8.375,335,0.308173
375.981,8.5,335,0.309753
375.981,8.625,335,0.311333
375.981,8.75,335,0.312913
375.981,8.875,335,0.314493
375.981,9,335,0.316073
375.981,9.125,335,0.317653
375.981,9.25,335,0.319233
375.981,9.375,335,0.320813
375.981,9.5,335,0.322393
375.981,9.625,335,0.323973
375.981,9.75,335,0.325553
375.981,9.875,335,0.327134
375.981,10,335,0.328714
375.981,10.125,335,0.330294
375.981,10.25,335,0.331874
375.981,10.375,335,0.333454
375.981,10.5,335,0.335034
375.981,10.625,335,0.336614
375.981,10.75,335,0.338194
375.981,10.875,335,0.339774
375.981,11,335,0.341354
375.981,11.125,335,0.342934
375.981,11.25,335,0.344514
375.981,11.375,335,0.346094
375.981,11.5,335,0.347674
375.981,11.625,335,0.349254
375.981,11.75,335,0.350834
375.981,11.875,335,0.352414
375.981,12,335,0.353995
375.981,12.125,335,0.355575
375.981,12.25,335,0.357155
375.981,12.375,335,0.358735
375.981,12.5,335,0.360315
375.981,12.625,335,0.361895
375.981,12.75,335,0.363475
375.981,12.875,335,0.365055
375.981,13,335,0.366635
375.981,13.125,335,0.368215
375.981,13.25,335,0.369795
375.981,13.375,335,0.371375
375.981,13.5,335,0.372955
375.981,13.625,335,0.374535
375.981,13.75,335,0.375639
375.981,13.875,335,0.376458
375.981,14,335,0.377276
375.981,14.125,335,0.378094
375.981,14.25,335,0.378912
375.981,14.375,335,0.379731
375.981,14.5,335,0.380549
375.981,14.625,335,0.381367
375.981,14.75,335,0.382185
375.981,14.875,335,0.383004
375.981,15,335,0.383822
375.981,15.125,335,0.38464
375.981,15.25,335,0.385458
375.981,15.375,335,0.386277
375.981,15.5,335,0.387095
375.981,15.625,335,0.387913
375.981,15.75,335,0.388732
375.981,15.875,335,0.38955
375.981,16,335,0.390368
375.981,16.125,335,0.391186
375.981,16.25,335,0.392005
375.981,16.375,335,0.392823
375.981,16.5,335,0.393641
375.981,16.625,335,0.394459
375.981,16.75,335,0.395278
375.981,16.875,335,0.396096
375.981,17,335,0.396914
375.981,17.125,335,0.397732
375.981,17.25,335,0.398551
375.981,17.375,335,0.399369
375.981,17.5,335,0.400187
375.981,17.625,335,0.401006
375.981,17.75,335,0.401824
375.981,17.875,335,0.402642
375.981,18,335,0.40346
375.981,18.125,335,0.404279
375.981,18.25,335,0.405097
375.981,18.375,335,0.405915
375.981,18.5,335,0.406733
375.981,18.625,335,0.407552
375.981,18.75,335,0.40837
375.981,18.875,335,0.409188
375.981,19,335,0.410007
375.981,19.125,335,0.410825
375.981,19.25,335,0.411315
375.981,19.375,335,0.411758
375.981,19.5,335,0.412202
375.981,19.625,335,0.412645
375.981,19.75,335,0.413088
375.981,19.875,335,0.413531
375.981,20,335,0.413975
