x,y,z,b
375.981,0,335,0.217898
375.981,0.125,335,0.220803
375.981,0.25,335,0.223707
375.981,0.375,335,0.226612
375.981,0.5,335,0.229517
375.981,0.625,335,0.232422
375.981,0.75,335,0.235326
375.981,0.875,335,0.238231
375.981,1,335,0.241136
375.981,1.125,335,0.244041
375.981,1.25,335,0.246946
375.981,1.375,335,0.24985
375.981,1.5,335,0.252755
375.981,1.625,335,0.25566
375.981,1.75,335,0.258565
375.981,1.875,335,0.261469
375.981,2,335,0.264374
375.981,2.125,335,0.267279
375.981,2.25,335,0.270184
375.981,2.375,335,0.273088
375.981,2.5,335,0.275993
375.981,2.625,335,0.278898
375.981,2.75,335,0.281732
375.981,2.875,335,0.284072
375.981,3,335,0.286413
375.981,3.125,335,0.288753
375.981,3.25,335,0.291093
375.981,3.375,335,0.293433
375.981,3.5,335,0.295773
375.981,3.625,335,0.298114
375.981,3.75,335,0.300454
375.981,3.875,335,0.302794
375.981,4,335,0.305134
375.981,4.125,335,0.307475
375.981,4.25,335,0.309815
375.981,4.375,335,0.312155
375.981,4.5,335,0.314495
375.981,4.625,335,0.316836
375.981,4.75,335,0.319176
375.981,4.875,335,0.321516
375.981,5,335,0.323856
375.981,5.125,335,0.326197
375.981,5.25,335,0.328537
375.981,5.375,335,0.330877
375.981,5.5,335,0.333217
375.981,5.625,335,0.335557
375.981,5.75,335,0.337898
375.981,5.875,335,0.340238
375.981,6,335,0.342578
375.981,6.125,335,0.344918
375.981,6.25,335,0.347259
375.981,6.375,335,0.349599
375.981,6.5,335,0.351939
375.981,6.625,335,0.354279
375.981,6.75,335,0.35662
375.981,6.875,335,0.35896
375.981,7,335,0.3613
375.981,7.125,335,0.36364
375.981,7.25,335,0.365981
375.981,7.375,335,0.368321
375.981,7.5,335,0.370661
375.981,7.625,335,0.373001
375.981,7.75,335,0.375342
375.981,7.875,335,0.377682
375.981,8,335,0.380022
375.981,8.125,335,0.382362
375.981,8.25,335,0.384127
375.981,8.375,335,0.384931
375.981,8.5,335,0.385736
375.981,8.625,335,0.38654
375.981,8.75,335,0.387345
375.981,8.875,335,0.388149
375.981,9,335,0.388954
375.981,9.125,335,0.389758
375.981,9.25,335,0.390563
375.981,9.375,335,0.391367
375.981,9.5,335,0.392171
375.981,9.625,335,0.392976
375.981,9.75,335,0.39378
375.981,9.875,335,0.394585
375.981,10,335,0.395389
375.981,10.125,335,0.396194
375.981,10.25,335,0.396998
375.981,10.375,335,0.397803
375.981,10.5,335,0.398607
375.981,10.625,335,0.399412
375.981,10.75,335,0.400216
375.981,10.875,335,0.401021
375.981,11,335,0.401825
375.981,11.125,335,0.40263
375.981,11.25,335,0.403434
375.981,11.375,335,0.404239
375.981,11.5,335,0.405043
375.981,11.625,335,0.405848
375.981,11.75,335,0.406652
375.981,11.875,335,0.407457
375.981,12,335,0.408261
375.981,12.125,335,0.409066
375.981,12.25,335,0.40987
375.981,12.375,335,0.410675
375.981,12.5,335,0.411479
375.981,12.625,335,0.412284
375.981,12.75,335,0.413088
375.981,12.875,335,0.413893
375.981,13,335,0.414697
375.981,13.125,335,0.415502
375.981,13.25,335,0.416306
375.981,13.375,335,0.417111
375.981,13.5,335,0.417915
375.981,13.625,335,0.41872
375.981,13.75,335,0.419191
375.981,13.875,335,0.419462
375.981,14,335,0.419733
375.981,14.125,335,0.420004
375.981,14.25,335,0.420275
375.981,14.375,335,0.420546
375.981,14.5,335,0.420817
375.981,14.625,335,0.421088
375.981,14.75,335,0.421359
375.981,14.875,335,0.42163
375.981,15,335,0.421901
375.981,15.125,335,0.422171
375.981,15.25,335,0.422442
375.981,15.375,335,0.422713
375.981,15.5,335,0.422984
375.981,15.625,335,0.423255
375.981,15.75,335,0.423526
375.981,15.875,335,0.423797
375.981,16,335,0.424068
375.981,16.125,335,0.424339
375.981,16.25,335,0.42461
375.981,16.375,335,0.424881
375.981,16.5,335,0.425152
375.981,16.625,335,0.425423
375.981,16.75,335,0.425694
375.981,16.875,335,0.425965
375.981,17,335,0.426236
375.981,17.125,335,0.426507
375.981,17.25,335,0.426778
375.981,17.375,335,0.427049
375.981,17.5,335,0.42732
375.981,17.625,335,0.427591
375.981,17.75,335,0.427862
375.981,17.875,335,0.428133
375.981,18,335,0.428404
375.981,18.125,335,0.428675
375.981,18.25,335,0.428946
375.981,18.375,335,0.429217
375.981,18.5,335,0.429488
375.981,18.625,335,0.429759
375.981,18.75,335,0.43003
375.981,18.875,335,0.430301
375.981,19,335,0.430572
375.981,19.125,335,0.430843
375.981,19.25,335,0.4311
375.981,19.375,335,0.431355
375.981,19.5,335,0.43161
375.981,19.625,335,0.431865
375.981,19.75,335,0.43212
375.981,19.875,335,0.432375
375.981,20,335,0.43263
