x,y,z,b
375.981,0,335,0.0977959
375.981,0.125,335,0.101463
375.981,0.25,335,0.105131
375.981,0.375,335,0.108798
375.981,0.5,335,0.112466
375.981,0.625,335,0.116133
375.981,0.75,335,0.119801
375.981,0.875,335,0.123468
375.981,1,335,0.127136
375.981,1.125,335,0.130803
375.981,1.25,335,0.134471
375.981,1.375,335,0.138138
375.981,1.5,335,0.141806
375.981,1.625,335,0.145473
375.981,1.75,335,0.149141
375.981,1.875,335,0.152808
375.981,2,335,0.156476
375.981,2.125,335,0.160143
375.981,2.25,335,0.163811
375.981,2.375,335,0.167478
375.981,2.5,335,0.171145
375.981,2.625,335,0.174813
375.981,2.75,335,0.178391
375.981,2.875,335,0.181346
375.981,3,335,0.184301
375.981,3.125,335,0.187256
375.981,3.25,335,0.19021
375.981,3.375,335,0.193165
375.981,3.5,335,0.19612
375.981,3.625,335,0.199074
375.981,3.75,335,0.202029
375.981,3.875,335,0.204984
375.981,4,335,0.207939
375.981,4.125,335,0.210893
375.981,4.25,335,0.213848
375.981,4.375,335,0.216803
375.981,4.5,335,0.219758
375.981,4.625,335,0.222712
375.981,4.75,335,0.225667
375.981,4.875,335,0.228622
375.981,5,335,0.231576
375.981,5.125,335,0.234531
375.981,5.25,335,0.237486
375.981,5.375,335,0.240441
375.981,5.5,335,0.243395
375.981,5.625,335,0.24635
375.981,5.75,335,0.249305
375.981,5.875,335,0.252259
375.981,6,335,0.255214
375.981,6.125,335,0.258169
375.981,6.25,335,0.261124
375.981,6.375,335,0.264078
375.981,6.5,335,0.267033
375.981,6.625,335,0.269988
375.981,6.75,335,0.272943
375.981,6.875,335,0.275897
375.981,7,335,0.278852
375.981,7.125,335,0.281807
375.981,7.25,335,0.284761
375.981,7.375,335,0.287716
375.981,7.5,335,0.290671
375.981,7.625,335,0.293626
375.981,7.75,335,0.29658
375.981,7.875,335,0.299535
375.981,8,335,0.30249
375.981,8.125,335,0.305445
375.981,8.25,335,0.307864
375.981,8.375,335,0.309392
375.981,8.5,335,0.310919
375.981,8.625,335,0.312447
375.981,8.75,335,0.313975
375.981,8.875,335,0.315502
375.981,9,335,0.31703
375.981,9.125,335,0.318558
375.981,9.25,335,0.320085
375.981,9.375,335,0.321613
375.981,9.5,335,0.32314
375.981,9.625,335,0.324668
375.981,9.75,335,0.326196
375.981,9.875,335,0.327723
375.981,10,335,0.329251
375.981,10.125,335,0.330779
375.981,10.25,335,0.332306
375.981,10.375,335,0.333834
375.981,10.5,335,0.335362
375.981,10.625,335,0.336889
375.981,10.75,335,0.338417
375.981,10.875,335,0.339944
375.981,11,335,0.341472
375.981,11.125,335,0.343
375.981,11.25,335,0.344527
375.981,11.375,335,0.346055
375.981,11.5,335,0.347583
375.981,11.625,335,0.34911
375.981,11.75,335,0.350638
375.981,11.875,335,0.352166
375.981,12,335,0.353693
375.981,12.125,335,0.355221
375.981,12.25,335,0.356748
375.981,12.375,335,0.358276
375.981,12.5,335,0.359804
375.981,12.625,335,0.361331
375.981,12.75,335,0.362859
375.981,12.875,335,0.364387
375.981,13,335,0.365914
375.981,13.125,335,0.367442
375.981,13.25,335,0.368969
375.981,13.375,335,0.370497
375.981,13.5,335,0.372025
375.981,13.625,335,0.373552
375.981,13.75,335,0.374689
375.981,13.875,335,0.375592
375.981,14,335,0.376495
375.981,14.125,335,0.377397
375.981,14.25,335,0.3783
375.981,14.375,335,0.379202
375.981,14.5,335,0.380105
375.981,14.625,335,0.381007
375.981,14.75,335,0.38191
375.981,14.875,335,0.382813
375.981,15,335,0.383715
375.981,15.125,335,0.384618
375.981,15.25,335,0.38552
375.981,15.375,335,0.386423
375.981,15.5,335,0.387325
375.981,15.625,335,0.388228
375.981,15.75,335,0.389131
375.981,15.875,335,0.390033
375.981,16,335,0.390936
375.981,16.125,335,0.391838
375.981,16.25,335,0.392741
375.981,16.375,335,0.393643
375.981,16.5,335,0.394546
375.981,16.625,335,0.395449
375.981,16.75,335,0.396351
375.981,16.875,335,0.397254
375.981,17,335,0.398156
375.981,17.125,335,0.399059
375.981,17.25,335,0.399961
375.981,17.375,335,0.400864
375.981,17.5,335,0.401767
375.981,17.625,335,0.402669
375.981,17.75,335,0.403572
375.981,17.875,335,0.404474
375.981,18,335,0.405377
375.981,18.125,335,0.406279
375.981,18.25,335,0.407182
375.981,18.375,335,0.408085
375.981,18.5,335,0.408987
375.981,18.625,335,0.40989
375.981,18.75,335,0.410792
375.981,18.875,335,0.411695
375.981,19,335,0.412597
375.981,19.125,335,0.4135
375.981,19.25,335,0.414023
375.981,19.375,335,0.414491
375.981,19.5,335,0.414959
375.981,19.625,335,0.415427
375.981,19.75,335,0.415895
375.981,19.875,335,0.416364
375.981,20,335,0.416832
