x,y,z,b
375.981,0,335,0.0977695
375.981,0.125,335,0.101435
375.981,0.25,335,0.105101
375.981,0.375,335,0.108766
375.981,0.5,335,0.112432
375.981,0.625,335,0.116097
375.981,0.75,335,0.119763
375.981,0.875,335,0.123428
375.981,1,335,0.127094
375.981,1.125,335,0.13076
375.981,1.25,335,0.134425
375.981,1.375,335,0.138091
375.981,1.5,335,0.141756
375.981,1.625,335,0.145422
375.981,1.75,335,0.149087
375.981,1.875,335,0.152753
375.981,2,335,0.156418
375.981,2.125,335,0.160084
375.981,2.25,335,0.16375
375.981,2.375,335,0.167415
375.981,2.5,335,0.171081
375.981,2.625,335,0.174746
375.981,2.75,335,0.178323
375.981,2.875,335,0.181276
375.981,3,335,0.184229
375.981,3.125,335,0.187182
375.981,3.25,335,0.190135
375.981,3.375,335,0.193089
375.981,3.5,335,0.196042
375.981,3.625,335,0.198995
375.981,3.75,335,0.201948
375.981,3.875,335,0.204901
375.981,4,335,0.207855
375.981,4.125,335,0.210808
375.981,4.25,335,0.213761
375.981,4.375,335,0.216714
375.981,4.5,335,0.219667
375.981,4.625,335,0.22262
375.981,4.75,335,0.225574
375.981,4.875,335,0.228527
375.981,5,335,0.23148
375.981,5.125,335,0.234433
375.981,5.25,335,0.237386
375.981,5.375,335,0.240339
375.981,5.5,335,0.243293
375.981,5.625,335,0.246246
375.981,5.75,335,0.249199
375.981,5.875,335,0.252152
375.981,6,335,0.255105
375.981,6.125,335,0.258059
375.981,6.25,335,0.261012
375.981,6.375,335,0.263965
375.981,6.5,335,0.266918
375.981,6.625,335,0.269871
375.981,6.75,335,0.272824
375.981,6.875,335,0.275778
375.981,7,335,0.278731
375.981,7.125,335,0.281684
375.981,7.25,335,0.284637
375.981,7.375,335,0.28759
375.981,7.5,335,0.290544
375.981,7.625,335,0.293497
375.981,7.75,335,0.29645
375.981,7.875,335,0.299403
375.981,8,335,0.302356
375.981,8.125,335,0.305309
375.981,8.25,335,0.307728
375.981,8.375,335,0.309256
375.981,8.5,335,0.310784
375.981,8.625,335,0.312312
375.981,8.75,335,0.31384
375.981,8.875,335,0.315368
375.981,9,335,0.316896
375.981,9.125,335,0.318424
375.981,9.25,335,0.319952
375.981,9.375,335,0.321479
375.981,9.5,335,0.323007
375.981,9.625,335,0.324535
375.981,9.75,335,0.326063
375.981,9.875,335,0.327591
375.981,10,335,0.329119
375.981,10.125,335,0.330647
375.981,10.25,335,0.332175
375.981,10.375,335,0.333703
375.981,10.5,335,0.335231
375.981,10.625,335,0.336759
375.981,10.75,335,0.338287
375.981,10.875,335,0.339814
375.981,11,335,0.341342
375.981,11.125,335,0.34287
375.981,11.25,335,0.344398
375.981,11.375,335,0.345926
375.981,11.5,335,0.347454
375.981,11.625,335,0.348982
375.981,11.75,335,0.35051
375.981,11.875,335,0.352038
375.981,12,335,0.353566
375.981,12.125,335,0.355094
375.981,12.25,335,0.356622
375.981,12.375,335,0.35815
375.981,12.5,335,0.359677
375.981,12.625,335,0.361205
375.981,12.75,335,0.362733
375.981,12.875,335,0.364261
375.981,13,335,0.365789
375.981,13.125,335,0.367317
375.981,13.25,335,0.368845
375.981,13.375,335,0.370373
375.981,13.5,335,0.371901
375.981,13.625,335,0.373429
375.981,13.75,335,0.374565
375.981,13.875,335,0.375466
375.981,14,335,0.376367
375.981,14.125,335,0.377268
375.981,14.25,335,0.378168
375.981,14.375,335,0.379069
375.981,14.5,335,0.37997
375.981,14.625,335,0.380871
375.981,14.75,335,0.381772
375.981,14.875,335,0.382673
375.981,15,335,0.383574
375.981,15.125,335,0.384475
375.981,15.25,335,0.385376
375.981,15.375,335,0.386277
375.981,15.5,335,0.387178
375.981,15.625,335,0.388079
375.981,15.75,335,0.38898
375.981,15.875,335,0.38988
375.981,16,335,0.390781
375.981,16.125,335,0.391682
375.981,16.25,335,0.392583
375.981,16.375,335,0.393484
375.981,16.5,335,0.394385
375.981,16.625,335,0.395286
375.981,16.75,335,0.396187
375.981,16.875,335,0.397088
375.981,17,335,0.397989
375.981,17.125,335,0.39889
375.981,17.25,335,0.399791
375.981,17.375,335,0.400692
375.981,17.5,335,0.401592
375.981,17.625,335,0.402493
375.981,17.75,335,0.403394
375.981,17.875,335,0.404295
375.981,18,335,0.405196
375.981,18.125,335,0.406097
375.981,18.25,335,0.406998
375.981,18.375,335,0.407899
375.981,18.5,335,0.4088
375.981,18.625,335,0.409701
375.981,18.75,335,0.410602
375.981,18.875,335,0.411503
375.981,19,335,0.412403
375.981,19.125,335,0.413304
375.981,19.25,335,0.413823
375.981,19.375,335,0.414287
375.981,19.5,335,0.414751
375.981,19.625,335,0.415215
375.981,19.75,335,0.415679
375.981,19.875,335,0.416143
375.981,20,335,0.416607
