x,y,z,b
375.981,0,335,0.101324
375.981,0.125,335,0.105019
375.981,0.25,335,0.108713
375.981,0.375,335,0.112408
375.981,0.5,335,0.116103
375.981,0.625,335,0.119797
375.981,0.75,335,0.123492
375.981,0.875,335,0.127187
375.981,1,335,0.130881
375.981,1.125,335,0.134576
375.981,1.25,335,0.138271
375.981,1.375,335,0.141965
375.981,1.5,335,0.14566
375.981,1.625,335,0.149355
375.981,1.75,335,0.153049
375.981,1.875,335,0.156744
375.981,2,335,0.160439
375.981,2.125,335,0.164133
375.981,2.25,335,0.167828
375.981,2.375,335,0.171523
375.981,2.5,335,0.175217
375.981,2.625,335,0.178912
375.981,2.75,335,0.182517
375.981,2.875,335,0.185494
375.981,3,335,0.18847
375.981,3.125,335,0.191447
375.981,3.25,335,0.194424
375.981,3.375,335,0.1974
375.981,3.5,335,0.200377
375.981,3.625,335,0.203353
375.981,3.75,335,0.20633
375.981,3.875,335,0.209307
375.981,4,335,0.212283
375.981,4.125,335,0.21526
375.981,4.25,335,0.218237
375.981,4.375,335,0.221213
375.981,4.5,335,0.22419
375.981,4.625,335,0.227167
375.981,4.75,335,0.230143
375.981,4.875,335,0.23312
375.981,5,335,0.236096
375.981,5.125,335,0.239073
375.981,5.25,335,0.24205
375.981,5.375,335,0.245026
375.981,5.5,335,0.248003
375.981,5.625,335,0.25098
375.981,5.75,335,0.253956
375.981,5.875,335,0.256933
375.981,6,335,0.25991
375.981,6.125,335,0.262886
375.981,6.25,335,0.265863
375.981,6.375,335,0.26884
375.981,6.5,335,0.271816
375.981,6.625,335,0.274793
375.981,6.75,335,0.277769
375.981,6.875,335,0.280746
375.981,7,335,0.283723
375.981,7.125,335,0.286699
375.981,7.25,335,0.289676
375.981,7.375,335,0.292653
375.981,7.5,335,0.295629
375.981,7.625,335,0.298606
375.981,7.75,335,0.301583
375.981,7.875,335,0.304559
375.981,8,335,0.307536
375.981,8.125,335,0.310513
375.981,8.25,335,0.312936
375.981,8.375,335,0.314436
375.981,8.5,335,0.315937
375.981,8.625,335,0.317437
375.981,8.75,335,0.318938
375.981,8.875,335,0.320438
375.981,9,335,0.321939
375.981,9.125,335,0.32344
375.981,9.25,335,0.32494
375.981,9.375,335,0.326441
375.981,9.5,335,0.327941
375.981,9.625,335,0.329442
375.981,9.75,335,0.330943
375.981,9.875,335,0.332443
375.981,10,335,0.333944
375.981,10.125,335,0.335444
375.981,10.25,335,0.336945
375.981,10.375,335,0.338445
375.981,10.5,335,0.339946
375.981,10.625,335,0.341447
375.981,10.75,335,0.342947
375.981,10.875,335,0.344448
375.981,11,335,0.345948
375.981,11.125,335,0.347449
375.981,11.25,335,0.348949
375.981,11.375,335,0.35045
375.981,11.5,335,0.351951
375.981,11.625,335,0.353451
375.981,11.75,335,0.354952
375.981,11.875,335,0.356452
375.981,12,335,0.357953
375.981,12.125,335,0.359453
375.981,12.25,335,0.360954
375.981,12.375,335,0.362455
375.981,12.5,335,0.363955
375.981,12.625,335,0.365456
375.981,12.75,335,0.366956
375.981,12.875,335,0.368457
375.981,13,335,0.369957
375.981,13.125,335,0.371458
375.981,13.25,335,0.372959
375.981,13.375,335,0.374459
375.981,13.5,335,0.37596
375.981,13.625,335,0.37746
375.981,13.75,335,0.378581
375.981,13.875,335,0.379475
375.981,14,335,0.380368
375.981,14.125,335,0.381262
375.981,14.25,335,0.382155
375.981,14.375,335,0.383049
375.981,14.5,335,0.383942
375.981,14.625,335,0.384836
375.981,14.75,335,0.385729
375.981,14.875,335,0.386622
375.981,15,335,0.387516
375.981,15.125,335,0.388409
375.981,15.25,335,0.389303
375.981,15.375,335,0.390196
375.981,15.5,335,0.39109
375.981,15.625,335,0.391983
375.981,15.75,335,0.392877
375.981,15.875,335,0.39377
375.981,16,335,0.394663
375.981,16.125,335,0.395557
375.981,16.25,335,0.39645
375.981,16.375,335,0.397344
375.981,16.5,335,0.398237
375.981,16.625,335,0.399131
375.981,16.75,335,0.400024
375.981,16.875,335,0.400917
375.981,17,335,0.401811
375.981,17.125,335,0.402704
375.981,17.25,335,0.403598
375.981,17.375,335,0.404491
375.981,17.5,335,0.405385
375.981,17.625,335,0.406278
375.981,17.75,335,0.407172
375.981,17.875,335,0.408065
375.981,18,335,0.408958
375.981,18.125,335,0.409852
375.981,18.25,335,0.410745
375.981,18.375,335,0.411639
375.981,18.5,335,0.412532
375.981,18.625,335,0.413426
375.981,18.75,335,0.414319
375.981,18.875,335,0.415213
375.981,19,335,0.416106
375.981,19.125,335,0.416999
375.981,19.25,335,0.417575
375.981,19.375,335,0.418104
375.981,19.5,335,0.418634
375.981,19.625,335,0.419164
375.981,19.75,335,0.419694
375.981,19.875,335,0.420223
375.981,20,335,0.420753
