x,y,z,b
375.981,0,335,0.0962049
375.981,0.125,335,0.0998986
375.981,0.25,335,0.103592
375.981,0.375,335,0.107286
375.981,0.5,335,0.11098
375.981,0.625,335,0.114673
375.981,0.75,335,0.118367
375.981,0.875,335,0.122061
375.981,1,335,0.125754
375.981,1.125,335,0.129448
375.981,1.25,335,0.133142
375.981,1.375,335,0.136835
375.981,1.5,335,0.140529
375.981,1.625,335,0.144223
375.981,1.75,335,0.147917
375.981,1.875,335,0.15161
375.981,2,335,0.155304
375.981,2.125,335,0.158998
375.981,2.25,335,0.162691
375.981,2.375,335,0.166385
375.981,2.5,335,0.170079
375.981,2.625,335,0.173772
375.981,2.75,335,0.177376
375.981,2.875,335,0.180352
375.981,3,335,0.183328
375.981,3.125,335,0.186304
375.981,3.25,335,0.18928
375.981,3.375,335,0.192255
375.981,3.5,335,0.195231
375.981,3.625,335,0.198207
375.981,3.75,335,0.201183
375.981,3.875,335,0.204159
375.981,4,335,0.207135
375.981,4.125,335,0.21011
375.981,4.25,335,0.213086
375.981,4.375,335,0.216062
375.981,4.5,335,0.219038
375.981,4.625,335,0.222014
375.981,4.75,335,0.22499
375.981,4.875,335,0.227966
375.981,5,335,0.230941
375.981,5.125,335,0.233917
375.981,5.25,335,0.236893
375.981,5.375,335,0.239869
375.981,5.5,335,0.242845
375.981,5.625,335,0.245821
375.981,5.75,335,0.248796
375.981,5.875,335,0.251772
375.981,6,335,0.254748
375.981,6.125,335,0.257724
375.981,6.25,335,0.2607
375.981,6.375,335,0.263676
375.981,6.5,335,0.266651
375.981,6.625,335,0.269627
375.981,6.75,335,0.272603
375.981,6.875,335,0.275579
375.981,7,335,0.278555
375.981,7.125,335,0.281531
375.981,7.25,335,0.284507
375.981,7.375,335,0.287482
375.981,7.5,335,0.290458
375.981,7.625,335,0.293434
375.981,7.75,335,0.29641
375.981,7.875,335,0.299386
375.981,8,335,0.302362
375.981,8.125,335,0.305337
375.981,8.25,335,0.307782
375.981,8.375,335,0.309342
375.981,8.5,335,0.310901
375.981,8.625,335,0.312461
375.981,8.75,335,0.314021
375.981,8.875,335,0.31558
375.981,9,335,0.31714
375.981,9.125,335,0.3187
375.981,9.25,335,0.320259
375.981,9.375,335,0.321819
375.981,9.5,335,0.323378
375.981,9.625,335,0.324938
375.981,9.75,335,0.326498
375.981,9.875,335,0.328057
375.981,10,335,0.329617
375.981,10.125,335,0.331176
375.981,10.25,335,0.332736
375.981,10.375,335,0.334296
375.981,10.5,335,0.335855
375.981,10.625,335,0.337415
375.981,10.75,335,0.338975
375.981,10.875,335,0.340534
375.981,11,335,0.342094
375.981,11.125,335,0.343653
375.981,11.25,335,0.345213
375.981,11.375,335,0.346773
375.981,11.5,335,0.348332
375.981,11.625,335,0.349892
375.981,11.75,335,0.351452
375.981,11.875,335,0.353011
375.981,12,335,0.354571
375.981,12.125,335,0.35613
375.981,12.25,335,0.35769
375.981,12.375,335,0.35925
375.981,12.5,335,0.360809
375.981,12.625,335,0.362369
375.981,12.75,335,0.363929
375.981,12.875,335,0.365488
375.981,13,335,0.367048
375.981,13.125,335,0.368607
375.981,13.25,335,0.370167
375.981,13.375,335,0.371727
375.981,13.5,335,0.373286
375.981,13.625,335,0.374846
375.981,13.75,335,0.375962
375.981,13.875,335,0.376813
375.981,14,335,0.377664
375.981,14.125,335,0.378514
375.981,14.25,335,0.379365
375.981,14.375,335,0.380215
375.981,14.5,335,0.381066
375.981,14.625,335,0.381917
375.981,14.75,335,0.382767
375.981,14.875,335,0.383618
375.981,15,335,0.384468
375.981,15.125,335,0.385319
375.981,15.25,335,0.38617
375.981,15.375,335,0.38702
375.981,15.5,335,0.387871
375.981,15.625,335,0.388721
375.981,15.75,335,0.389572
375.981,15.875,335,0.390423
375.981,16,335,0.391273
375.981,16.125,335,0.392124
375.981,16.25,335,0.392974
375.981,16.375,335,0.393825
375.981,16.5,335,0.394676
375.981,16.625,335,0.395526
375.981,16.75,335,0.396377
375.981,16.875,335,0.397227
375.981,17,335,0.398078
375.981,17.125,335,0.398929
375.981,17.25,335,0.399779
375.981,17.375,335,0.40063
375.981,17.5,335,0.40148
375.981,17.625,335,0.402331
375.981,17.75,335,0.403182
375.981,17.875,335,0.404032
375.981,18,335,0.404883
375.981,18.125,335,0.405733
375.981,18.25,335,0.406584
375.981,18.375,335,0.407435
375.981,18.5,335,0.408285
375.981,18.625,335,0.409136
375.981,18.75,335,0.409986
375.981,18.875,335,0.410837
375.981,19,335,0.411688
375.981,19.125,335,0.412538
375.981,19.25,335,0.413009
375.981,19.375,335,0.413425
375.981,19.5,335,0.413841
375.981,19.625,335,0.414257
375.981,19.75,335,0.414673
375.981,19.875,335,0.415089
375.981,20,335,0.415505
