x,y,z,b
375.981,0,335,0.280585
375.981,0.125,335,0.28244
375.981,0.25,335,0.284295
375.981,0.375,335,0.286149
375.981,0.5,335,0.288004
375.981,0.625,335,0.289859
375.981,0.75,335,0.291713
375.981,0.875,335,0.293568
375.981,1,335,0.295423
375.981,1.125,335,0.297278
375.981,1.25,335,0.299132
375.981,1.375,335,0.300987
375.981,1.5,335,0.302842
375.981,1.625,335,0.304696
375.981,1.75,335,0.306551
375.981,1.875,335,0.308406
375.981,2,335,0.310261
375.981,2.125,335,0.312115
375.981,2.25,335,0.31397
375.981,2.375,335,0.315825
375.981,2.5,335,0.317679
375.981,2.625,335,0.319534
375.981,2.75,335,0.321344
375.981,2.875,335,0.322838
375.981,3,335,0.324332
375.981,3.125,335,0.325826
375.981,3.25,335,0.327321
375.981,3.375,335,0.328815
375.981,3.5,335,0.330309
375.981,3.625,335,0.331804
375.981,3.75,335,0.333298
375.981,3.875,335,0.334792
375.981,4,335,0.336286
375.981,4.125,335,0.337781
375.981,4.25,335,0.339275
375.981,4.375,335,0.340769
375.981,4.5,335,0.342263
375.981,4.625,335,0.343758
375.981,4.75,335,0.345252
375.981,4.875,335,0.346746
375.981,5,335,0.34824
375.981,5.125,335,0.349735
375.981,5.25,335,0.351229
375.981,5.375,335,0.352723
375.981,5.5,335,0.354217
375.981,5.625,335,0.355712
375.981,5.75,335,0.357206
375.981,5.875,335,0.3587
375.981,6,335,0.360194
375.981,6.125,335,0.361689
375.981,6.25,335,0.363183
375.981,6.375,335,0.364677
375.981,6.5,335,0.366171
375.981,6.625,335,0.367666
375.981,6.75,335,0.36916
375.981,6.875,335,0.370654
375.981,7,335,0.372148
375.981,7.125,335,0.373643
375.981,7.25,335,0.375137
375.981,7.375,335,0.376631
375.981,7.5,335,0.378126
375.981,7.625,335,0.37962
375.981,7.75,335,0.381114
375.981,7.875,335,0.382608
375.981,8,335,0.384103
375.981,8.125,335,0.385597
375.981,8.25,335,0.386769
375.981,8.375,335,0.387405
375.981,8.5,335,0.38804
375.981,8.625,335,0.388676
375.981,8.75,335,0.389312
375.981,8.875,335,0.389947
375.981,9,335,0.390583
375.981,9.125,335,0.391218
375.981,9.25,335,0.391854
375.981,9.375,335,0.39249
375.981,9.5,335,0.393125
375.981,9.625,335,0.393761
375.981,9.75,335,0.394397
375.981,9.875,335,0.395032
375.981,10,335,0.395668
375.981,10.125,335,0.396303
375.981,10.25,335,0.396939
375.981,10.375,335,0.397575
375.981,10.5,335,0.39821
375.981,10.625,335,0.398846
375.981,10.75,335,0.399482
375.981,10.875,335,0.400117
375.981,11,335,0.400753
375.981,11.125,335,0.401388
375.981,11.25,335,0.402024
375.981,11.375,335,0.40266
375.981,11.5,335,0.403295
375.981,11.625,335,0.403931
375.981,11.75,335,0.404567
375.981,11.875,335,0.405202
375.981,12,335,0.405838
375.981,12.125,335,0.406473
375.981,12.25,335,0.407109
375.981,12.375,335,0.407745
375.981,12.5,335,0.40838
375.981,12.625,335,0.409016
375.981,12.75,335,0.409652
375.981,12.875,335,0.410287
375.981,13,335,0.410923
375.981,13.125,335,0.411558
375.981,13.25,335,0.412194
375.981,13.375,335,0.41283
375.981,13.5,335,0.413465
375.981,13.625,335,0.414101
375.981,13.75,335,0.414312
375.981,13.875,335,0.414268
375.981,14,335,0.414224
375.981,14.125,335,0.41418
375.981,14.25,335,0.414136
375.981,14.375,335,0.414092
375.981,14.5,335,0.414048
375.981,14.625,335,0.414004
375.981,14.75,335,0.41396
375.981,14.875,335,0.413916
375.981,15,335,0.413872
375.981,15.125,335,0.413828
375.981,15.25,335,0.413784
375.981,15.375,335,0.41374
375.981,15.5,335,0.413696
375.981,15.625,335,0.413652
375.981,15.75,335,0.413608
375.981,15.875,335,0.413564
375.981,16,335,0.41352
375.981,16.125,335,0.413476
375.981,16.25,335,0.413432
375.981,16.375,335,0.413388
375.981,16.5,335,0.413344
375.981,16.625,335,0.4133
375.981,16.75,335,0.413256
375.981,16.875,335,0.413212
375.981,17,335,0.413168
375.981,17.125,335,0.413124
375.981,17.25,335,0.41308
375.981,17.375,335,0.413037
375.981,17.5,335,0.412993
375.981,17.625,335,0.412949
375.981,17.75,335,0.412905
375.981,17.875,335,0.412861
375.981,18,335,0.412817
375.981,18.125,335,0.412773
375.981,18.25,335,0.412729
375.981,18.375,335,0.412685
375.981,18.5,335,0.412641
375.981,18.625,335,0.412597
375.981,18.75,335,0.412553
375.981,18.875,335,0.412509
375.981,19,335,0.412465
375.981,19.125,335,0.412421
375.981,19.25,335,0.412688
375.981,19.375,335,0.413001
375.981,19.5,335,0.413313
375.981,19.625,335,0.413625
375.981,19.75,335,0.413937
375.981,19.875,335,0.414249
375.981,20,335,0.414561
