x,y,z,b
375.981,0,335,0.0916606
375.981,0.125,335,0.0953316
375.981,0.25,335,0.0990025
375.981,0.375,335,0.102673
375.981,0.5,335,0.106344
375.981,0.625,335,0.110015
375.981,0.75,335,0.113686
375.981,0.875,335,0.117357
375.981,1,335,0.121028
375.981,1.125,335,0.124699
375.981,1.25,335,0.12837
375.981,1.375,335,0.132041
375.981,1.5,335,0.135712
375.981,1.625,335,0.139383
375.981,1.75,335,0.143054
375.981,1.875,335,0.146725
375.981,2,335,0.150396
375.981,2.125,335,0.154067
375.981,2.25,335,0.157738
375.981,2.375,335,0.161409
375.981,2.5,335,0.165079
375.981,2.625,335,0.16875
375.981,2.75,335,0.172332
375.981,2.875,335,0.17529
375.981,3,335,0.178247
375.981,3.125,335,0.181205
375.981,3.25,335,0.184162
375.981,3.375,335,0.18712
375.981,3.5,335,0.190077
375.981,3.625,335,0.193035
375.981,3.75,335,0.195992
375.981,3.875,335,0.19895
375.981,4,335,0.201907
375.981,4.125,335,0.204865
375.981,4.25,335,0.207822
375.981,4.375,335,0.21078
375.981,4.5,335,0.213737
375.981,4.625,335,0.216695
375.981,4.75,335,0.219652
375.981,4.875,335,0.22261
375.981,5,335,0.225567
375.981,5.125,335,0.228525
375.981,5.25,335,0.231483
375.981,5.375,335,0.23444
375.981,5.5,335,0.237398
375.981,5.625,335,0.240355
375.981,5.75,335,0.243313
375.981,5.875,335,0.24627
375.981,6,335,0.249228
375.981,6.125,335,0.252185
375.981,6.25,335,0.255143
375.981,6.375,335,0.2581
375.981,6.5,335,0.261058
375.981,6.625,335,0.264015
375.981,6.75,335,0.266973
375.981,6.875,335,0.26993
375.981,7,335,0.272888
375.981,7.125,335,0.275845
375.981,7.25,335,0.278803
375.981,7.375,335,0.28176
375.981,7.5,335,0.284718
375.981,7.625,335,0.287675
375.981,7.75,335,0.290633
375.981,7.875,335,0.29359
375.981,8,335,0.296548
375.981,8.125,335,0.299505
375.981,8.25,335,0.301983
375.981,8.375,335,0.30366
375.981,8.5,335,0.305337
375.981,8.625,335,0.307014
375.981,8.75,335,0.308691
375.981,8.875,335,0.310368
375.981,9,335,0.312045
375.981,9.125,335,0.313722
375.981,9.25,335,0.315399
375.981,9.375,335,0.317076
375.981,9.5,335,0.318753
375.981,9.625,335,0.32043
375.981,9.75,335,0.322107
375.981,9.875,335,0.323784
375.981,10,335,0.325462
375.981,10.125,335,0.327139
375.981,10.25,335,0.328816
375.981,10.375,335,0.330493
375.981,10.5,335,0.33217
375.981,10.625,335,0.333847
375.981,10.75,335,0.335524
375.981,10.875,335,0.337201
375.981,11,335,0.338878
375.981,11.125,335,0.340555
375.981,11.25,335,0.342232
375.981,11.375,335,0.343909
375.981,11.5,335,0.345586
375.981,11.625,335,0.347263
375.981,11.75,335,0.34894
375.981,11.875,335,0.350617
375.981,12,335,0.352294
375.981,12.125,335,0.353971
375.981,12.25,335,0.355648
375.981,12.375,335,0.357325
375.981,12.5,335,0.359003
375.981,12.625,335,0.36068
375.981,12.75,335,0.362357
375.981,12.875,335,0.364034
375.981,13,335,0.365711
375.981,13.125,335,0.367388
375.981,13.25,335,0.369065
375.981,13.375,335,0.370742
375.981,13.5,335,0.372419
375.981,13.625,335,0.374096
375.981,13.75,335,0.37525
375.981,13.875,335,0.37609
375.981,14,335,0.37693
375.981,14.125,335,0.37777
375.981,14.25,335,0.37861
375.981,14.375,335,0.37945
375.981,14.5,335,0.38029
375.981,14.625,335,0.38113
375.981,14.75,335,0.38197
375.981,14.875,335,0.38281
375.981,15,335,0.38365
375.981,15.125,335,0.38449
375.981,15.25,335,0.38533
375.981,15.375,335,0.38617
375.981,15.5,335,0.38701
375.981,15.625,335,0.38785
375.981,15.75,335,0.388689
375.981,15.875,335,0.389529
375.981,16,335,0.390369
375.981,16.125,335,0.391209
375.981,16.25,335,0.392049
375.981,16.375,335,0.392889
375.981,16.5,335,0.393729
375.981,16.625,335,0.394569
375.981,16.75,335,0.395409
375.981,16.875,335,0.396249
375.981,17,335,0.397089
375.981,17.125,335,0.397929
375.981,17.25,335,0.398769
375.981,17.375,335,0.399609
375.981,17.5,335,0.400449
375.981,17.625,335,0.401289
375.981,17.75,335,0.402129
375.981,17.875,335,0.402969
375.981,18,335,0.403809
375.981,18.125,335,0.404649
375.981,18.25,335,0.405489
375.981,18.375,335,0.406329
375.981,18.5,335,0.407169
375.981,18.625,335,0.408009
375.981,18.75,335,0.408849
375.981,18.875,335,0.409689
375.981,19,335,0.410529
375.981,19.125,335,0.411369
375.981,19.25,335,0.411873
375.981,19.375,335,0.412328
375.981,19.5,335,0.412784
375.981,19.625,335,0.41324
375.981,19.75,335,0.413695
375.981,19.875,335,0.414151
375.981,20,335,0.414607
