x,y,z,b
375.981,0,335,0.289112
375.981,0.125,335,0.290796
375.981,0.25,335,0.292479
375.981,0.375,335,0.294163
375.981,0.5,335,0.295847
375.981,0.625,335,0.297531
375.981,0.75,335,0.299215
375.981,0.875,335,0.300899
375.981,1,335,0.302582
375.981,1.125,335,0.304266
375.981,1.25,335,0.30595
375.981,1.375,335,0.307634
375.981,1.5,335,0.309318
375.981,1.625,335,0.311002
375.981,1.75,335,0.312685
375.981,1.875,335,0.314369
375.981,2,335,0.316053
375.981,2.125,335,0.317737
375.981,2.25,335,0.319421
375.981,2.375,335,0.321104
375.981,2.5,335,0.322788
375.981,2.625,335,0.324472
375.981,2.75,335,0.326115
375.981,2.875,335,0.327472
375.981,3,335,0.328828
375.981,3.125,335,0.330185
375.981,3.25,335,0.331541
375.981,3.375,335,0.332898
375.981,3.5,335,0.334254
375.981,3.625,335,0.335611
375.981,3.75,335,0.336968
375.981,3.875,335,0.338324
375.981,4,335,0.339681
375.981,4.125,335,0.341037
375.981,4.25,335,0.342394
375.981,4.375,335,0.343751
375.981,4.5,335,0.345107
375.981,4.625,335,0.346464
375.981,4.75,335,0.34782
375.981,4.875,335,0.349177
375.981,5,335,0.350533
375.981,5.125,335,0.35189
375.981,5.25,335,0.353247
375.981,5.375,335,0.354603
375.981,5.5,335,0.35596
375.981,5.625,335,0.357316
375.981,5.75,335,0.358673
375.981,5.875,335,0.36003
375.981,6,335,0.361386
375.981,6.125,335,0.362743
375.981,6.25,335,0.364099
375.981,6.375,335,0.365456
375.981,6.5,335,0.366812
375.981,6.625,335,0.368169
375.981,6.75,335,0.369526
375.981,6.875,335,0.370882
375.981,7,335,0.372239
375.981,7.125,335,0.373595
375.981,7.25,335,0.374952
375.981,7.375,335,0.376308
375.981,7.5,335,0.377665
375.981,7.625,335,0.379022
375.981,7.75,335,0.380378
375.981,7.875,335,0.381735
375.981,8,335,0.383091
375.981,8.125,335,0.384448
375.981,8.25,335,0.385537
375.981,8.375,335,0.386179
375.981,8.5,335,0.386822
375.981,8.625,335,0.387464
375.981,8.75,335,0.388107
375.981,8.875,335,0.388749
375.981,9,335,0.389391
375.981,9.125,335,0.390034
375.981,9.25,335,0.390676
375.981,9.375,335,0.391319
375.981,9.5,335,0.391961
375.981,9.625,335,0.392604
375.981,9.75,335,0.393246
375.981,9.875,335,0.393889
375.981,10,335,0.394531
375.981,10.125,335,0.395174
375.981,10.25,335,0.395816
375.981,10.375,335,0.396458
375.981,10.5,335,0.397101
375.981,10.625,335,0.397743
375.981,10.75,335,0.398386
375.981,10.875,335,0.399028
375.981,11,335,0.399671
375.981,11.125,335,0.400313
375.981,11.25,335,0.400956
375.981,11.375,335,0.401598
375.981,11.5,335,0.402241
375.981,11.625,335,0.402883
375.981,11.75,335,0.403526
375.981,11.875,335,0.404168
375.981,12,335,0.40481
375.981,12.125,335,0.405453
375.981,12.25,335,0.406095
375.981,12.375,335,0.406738
375.981,12.5,335,0.40738
375.981,12.625,335,0.408023
375.981,12.75,335,0.408665
375.981,12.875,335,0.409308
375.981,13,335,0.40995
375.981,13.125,335,0.410593
375.981,13.25,335,0.411235
375.981,13.375,335,0.411877
375.981,13.5,335,0.41252
375.981,13.625,335,0.413162
375.981,13.75,335,0.413398
375.981,13.875,335,0.41339
375.981,14,335,0.413381
375.981,14.125,335,0.413373
375.981,14.25,335,0.413365
375.981,14.375,335,0.413356
375.981,14.5,335,0.413348
375.981,14.625,335,0.41334
375.981,14.75,335,0.413331
375.981,14.875,335,0.413323
375.981,15,335,0.413315
375.981,15.125,335,0.413306
375.981,15.25,335,0.413298
375.981,15.375,335,0.41329
375.981,15.5,335,0.413281
375.981,15.625,335,0.413273
375.981,15.75,335,0.413264
375.981,15.875,335,0.413256
375.981,16,335,0.413248
375.981,16.125,335,0.413239
375.981,16.25,335,0.413231
375.981,16.375,335,0.413223
375.981,16.5,335,0.413214
375.981,16.625,335,0.413206
375.981,16.75,335,0.413198
375.981,16.875,335,0.413189
375.981,17,335,0.413181
375.981,17.125,335,0.413173
375.981,17.25,335,0.413164
375.981,17.375,335,0.413156
375.981,17.5,335,0.413148
375.981,17.625,335,0.413139
375.981,17.75,335,0.413131
375.981,17.875,335,0.413123
375.981,18,335,0.413114
375.981,18.125,335,0.413106
375.981,18.25,335,0.413098
375.981,18.375,335,0.413089
375.981,18.5,335,0.413081
375.981,18.625,335,0.413073
375.981,18.75,335,0.413064
375.981,18.875,335,0.413056
375.981,19,335,0.413047
375.981,19.125,335,0.413039
375.981,19.25,335,0.413359
375.981,19.375,335,0.413726
375.981,19.5,335,0.414093
375.981,19.625,335,0.41446
375.981,19.75,335,0.414826
375.981,19.875,335,0.415193
375.981,20,335,0.41556
