x,y,z,b
375.981,0,335,0.0914892
375.981,0.125,335,0.0951455
375.981,0.25,335,0.0988018
375.981,0.375,335,0.102458
375.981,0.5,335,0.106114
375.981,0.625,335,0.109771
375.981,0.75,335,0.113427
375.981,0.875,335,0.117083
375.981,1,335,0.12074
375.981,1.125,335,0.124396
375.981,1.25,335,0.128052
375.981,1.375,335,0.131709
375.981,1.5,335,0.135365
375.981,1.625,335,0.139021
375.981,1.75,335,0.142677
375.981,1.875,335,0.146334
375.981,2,335,0.14999
375.981,2.125,335,0.153646
375.981,2.25,335,0.157303
375.981,2.375,335,0.160959
375.981,2.5,335,0.164615
375.981,2.625,335,0.168272
375.981,2.75,335,0.171839
375.981,2.875,335,0.174785
375.981,3,335,0.177731
375.981,3.125,335,0.180676
375.981,3.25,335,0.183622
375.981,3.375,335,0.186568
375.981,3.5,335,0.189513
375.981,3.625,335,0.192459
375.981,3.75,335,0.195405
375.981,3.875,335,0.198351
375.981,4,335,0.201296
375.981,4.125,335,0.204242
375.981,4.25,335,0.207188
375.981,4.375,335,0.210134
375.981,4.5,335,0.213079
375.981,4.625,335,0.216025
375.981,4.75,335,0.218971
375.981,4.875,335,0.221916
375.981,5,335,0.224862
375.981,5.125,335,0.227808
375.981,5.25,335,0.230754
375.981,5.375,335,0.233699
375.981,5.5,335,0.236645
375.981,5.625,335,0.239591
375.981,5.75,335,0.242537
375.981,5.875,335,0.245482
375.981,6,335,0.248428
375.981,6.125,335,0.251374
375.981,6.25,335,0.254319
375.981,6.375,335,0.257265
375.981,6.5,335,0.260211
375.981,6.625,335,0.263157
375.981,6.75,335,0.266102
375.981,6.875,335,0.269048
375.981,7,335,0.271994
375.981,7.125,335,0.27494
375.981,7.25,335,0.277885
375.981,7.375,335,0.280831
375.981,7.5,335,0.283777
375.981,7.625,335,0.286722
375.981,7.75,335,0.289668
375.981,7.875,335,0.292614
375.981,8,335,0.29556
375.981,8.125,335,0.298505
375.981,8.25,335,0.300969
375.981,8.375,335,0.30263
375.981,8.5,335,0.304291
375.981,8.625,335,0.305952
375.981,8.75,335,0.307612
375.981,8.875,335,0.309273
375.981,9,335,0.310934
375.981,9.125,335,0.312595
375.981,9.25,335,0.314255
375.981,9.375,335,0.315916
375.981,9.5,335,0.317577
375.981,9.625,335,0.319238
375.981,9.75,335,0.320899
375.981,9.875,335,0.322559
375.981,10,335,0.32422
375.981,10.125,335,0.325881
375.981,10.25,335,0.327542
375.981,10.375,335,0.329202
375.981,10.5,335,0.330863
375.981,10.625,335,0.332524
375.981,10.75,335,0.334185
375.981,10.875,335,0.335845
375.981,11,335,0.337506
375.981,11.125,335,0.339167
375.981,11.25,335,0.340828
375.981,11.375,335,0.342489
375.981,11.5,335,0.344149
375.981,11.625,335,0.34581
375.981,11.75,335,0.347471
375.981,11.875,335,0.349132
375.981,12,335,0.350792
375.981,12.125,335,0.352453
375.981,12.25,335,0.354114
375.981,12.375,335,0.355775
375.981,12.5,335,0.357435
375.981,12.625,335,0.359096
375.981,12.75,335,0.360757
375.981,12.875,335,0.362418
375.981,13,335,0.364079
375.981,13.125,335,0.365739
375.981,13.25,335,0.3674
375.981,13.375,335,0.369061
375.981,13.5,335,0.370722
375.981,13.625,335,0.372382
375.981,13.75,335,0.37353
375.981,13.875,335,0.37437
375.981,14,335,0.37521
375.981,14.125,335,0.37605
375.981,14.25,335,0.376889
375.981,14.375,335,0.377729
375.981,14.5,335,0.378569
375.981,14.625,335,0.379409
375.981,14.75,335,0.380249
375.981,14.875,335,0.381088
375.981,15,335,0.381928
375.981,15.125,335,0.382768
375.981,15.25,335,0.383608
375.981,15.375,335,0.384448
375.981,15.5,335,0.385287
375.981,15.625,335,0.386127
375.981,15.75,335,0.386967
375.981,15.875,335,0.387807
375.981,16,335,0.388647
375.981,16.125,335,0.389486
375.981,16.25,335,0.390326
375.981,16.375,335,0.391166
375.981,16.5,335,0.392006
375.981,16.625,335,0.392846
375.981,16.75,335,0.393685
375.981,16.875,335,0.394525
375.981,17,335,0.395365
375.981,17.125,335,0.396205
375.981,17.25,335,0.397045
375.981,17.375,335,0.397884
375.981,17.5,335,0.398724
375.981,17.625,335,0.399564
375.981,17.75,335,0.400404
375.981,17.875,335,0.401244
375.981,18,335,0.402083
375.981,18.125,335,0.402923
375.981,18.25,335,0.403763
375.981,18.375,335,0.404603
375.981,18.5,335,0.405443
375.981,18.625,335,0.406282
375.981,18.75,335,0.407122
375.981,18.875,335,0.407962
375.981,19,335,0.408802
375.981,19.125,335,0.409642
375.981,19.25,335,0.410159
375.981,19.375,335,0.410629
375.981,19.5,335,0.4111
375.981,19.625,335,0.411571
375.981,19.75,335,0.412042
375.981,19.875,335,0.412513
375.981,20,335,0.412984
