x,y,z,b
375.981,0,335,0.317412
375.981,0.125,335,0.318633
375.981,0.25,335,0.319854
375.981,0.375,335,0.321075
375.981,0.5,335,0.322296
375.981,0.625,335,0.323517
375.981,0.75,335,0.324738
375.981,0.875,335,0.325959
375.981,1,335,0.32718
375.981,1.125,335,0.328401
375.981,1.25,335,0.329622
375.981,1.375,335,0.330843
375.981,1.5,335,0.332064
375.981,1.625,335,0.333285
375.981,1.75,335,0.334506
375.981,1.875,335,0.335727
375.981,2,335,0.336948
375.981,2.125,335,0.338169
375.981,2.25,335,0.33939
375.981,2.375,335,0.340611
375.981,2.5,335,0.341832
375.981,2.625,335,0.343053
375.981,2.75,335,0.344244
375.981,2.875,335,0.345228
375.981,3,335,0.346212
375.981,3.125,335,0.347195
375.981,3.25,335,0.348179
375.981,3.375,335,0.349163
375.981,3.5,335,0.350146
375.981,3.625,335,0.35113
375.981,3.75,335,0.352114
375.981,3.875,335,0.353097
375.981,4,335,0.354081
375.981,4.125,335,0.355065
375.981,4.25,335,0.356048
375.981,4.375,335,0.357032
375.981,4.5,335,0.358016
375.981,4.625,335,0.358999
375.981,4.75,335,0.359983
375.981,4.875,335,0.360967
375.981,5,335,0.361951
375.981,5.125,335,0.362934
375.981,5.25,335,0.363918
375.981,5.375,335,0.364902
375.981,5.5,335,0.365885
375.981,5.625,335,0.366869
375.981,5.75,335,0.367853
375.981,5.875,335,0.368836
375.981,6,335,0.36982
375.981,6.125,335,0.370804
375.981,6.25,335,0.371787
375.981,6.375,335,0.372771
375.981,6.5,335,0.373755
375.981,6.625,335,0.374739
375.981,6.75,335,0.375722
375.981,6.875,335,0.376706
375.981,7,335,0.37769
375.981,7.125,335,0.378673
375.981,7.25,335,0.379657
375.981,7.375,335,0.380641
375.981,7.5,335,0.381624
375.981,7.625,335,0.382608
375.981,7.75,335,0.383592
375.981,7.875,335,0.384575
375.981,8,335,0.385559
375.981,8.125,335,0.386543
375.981,8.25,335,0.387344
375.981,8.375,335,0.387842
375.981,8.5,335,0.38834
375.981,8.625,335,0.388837
375.981,8.75,335,0.389335
375.981,8.875,335,0.389833
375.981,9,335,0.39033
375.981,9.125,335,0.390828
375.981,9.25,335,0.391326
375.981,9.375,335,0.391824
375.981,9.5,335,0.392321
375.981,9.625,335,0.392819
375.981,9.75,335,0.393317
375.981,9.875,335,0.393814
375.981,10,335,0.394312
375.981,10.125,335,0.39481
375.981,10.25,335,0.395307
375.981,10.375,335,0.395805
375.981,10.5,335,0.396303
375.981,10.625,335,0.396801
375.981,10.75,335,0.397298
375.981,10.875,335,0.397796
375.981,11,335,0.398294
375.981,11.125,335,0.398791
375.981,11.25,335,0.399289
375.981,11.375,335,0.399787
375.981,11.5,335,0.400284
375.981,11.625,335,0.400782
375.981,11.75,335,0.40128
375.981,11.875,335,0.401778
375.981,12,335,0.402275
375.981,12.125,335,0.402773
375.981,12.25,335,0.403271
375.981,12.375,335,0.403768
375.981,12.5,335,0.404266
375.981,12.625,335,0.404764
375.981,12.75,335,0.405261
375.981,12.875,335,0.405759
375.981,13,335,0.406257
375.981,13.125,335,0.406755
375.981,13.25,335,0.407252
375.981,13.375,335,0.40775
375.981,13.5,335,0.408248
375.981,13.625,335,0.408745
375.981,13.75,335,0.409046
375.981,13.875,335,0.40923
375.981,14,335,0.409413
375.981,14.125,335,0.409596
375.981,14.25,335,0.409779
375.981,14.375,335,0.409962
375.981,14.5,335,0.410145
375.981,14.625,335,0.410328
375.981,14.75,335,0.410511
375.981,14.875,335,0.410694
375.981,15,335,0.410877
375.981,15.125,335,0.41106
375.981,15.25,335,0.411243
375.981,15.375,335,0.411426
375.981,15.5,335,0.411609
375.981,15.625,335,0.411792
375.981,15.75,335,0.411976
375.981,15.875,335,0.412159
375.981,16,335,0.412342
375.981,16.125,335,0.412525
375.981,16.25,335,0.412708
375.981,16.375,335,0.412891
375.981,16.5,335,0.413074
375.981,16.625,335,0.413257
375.981,16.75,335,0.41344
375.981,16.875,335,0.413623
375.981,17,335,0.413806
375.981,17.125,335,0.413989
375.981,17.25,335,0.414172
375.981,17.375,335,0.414355
375.981,17.5,335,0.414538
375.981,17.625,335,0.414721
375.981,17.75,335,0.414905
375.981,17.875,335,0.415088
375.981,18,335,0.415271
375.981,18.125,335,0.415454
375.981,18.25,335,0.415637
375.981,18.375,335,0.41582
375.981,18.5,335,0.416003
375.981,18.625,335,0.416186
375.981,18.75,335,0.416369
375.981,18.875,335,0.416552
375.981,19,335,0.416735
375.981,19.125,335,0.416918
375.981,19.25,335,0.417203
375.981,19.375,335,0.417502
375.981,19.5,335,0.417801
375.981,19.625,335,0.4181
375.981,19.75,335,0.4184
375.981,19.875,335,0.418699
375.981,20,335,0.418998
