x,y,z,b
375.981,0,335,0.175193
375.981,0.125,335,0.178333
375.981,0.25,335,0.181474
375.981,0.375,335,0.184615
375.981,0.5,335,0.187755
375.981,0.625,335,0.190896
375.981,0.75,335,0.194037
375.981,0.875,335,0.197177
375.981,1,335,0.200318
375.981,1.125,335,0.203459
375.981,1.25,335,0.206599
375.981,1.375,335,0.20974
375.981,1.5,335,0.21288
375.981,1.625,335,0.216021
375.981,1.75,335,0.219162
375.981,1.875,335,0.222302
375.981,2,335,0.225443
375.981,2.125,335,0.228584
375.981,2.25,335,0.231724
375.981,2.375,335,0.234865
375.981,2.5,335,0.238006
375.981,2.625,335,0.241146
375.981,2.75,335,0.244211
375.981,2.875,335,0.246741
375.981,3,335,0.249271
375.981,3.125,335,0.251801
375.981,3.25,335,0.254332
375.981,3.375,335,0.256862
375.981,3.5,335,0.259392
375.981,3.625,335,0.261923
375.981,3.75,335,0.264453
375.981,3.875,335,0.266983
375.981,4,335,0.269513
375.981,4.125,335,0.272044
375.981,4.25,335,0.274574
375.981,4.375,335,0.277104
375.981,4.5,335,0.279635
375.981,4.625,335,0.282165
375.981,4.75,335,0.284695
375.981,4.875,335,0.287225
375.981,5,335,0.289756
375.981,5.125,335,0.292286
375.981,5.25,335,0.294816
375.981,5.375,335,0.297346
375.981,5.5,335,0.299877
375.981,5.625,335,0.302407
375.981,5.75,335,0.304937
375.981,5.875,335,0.307468
375.981,6,335,0.309998
375.981,6.125,335,0.312528
375.981,6.25,335,0.315058
375.981,6.375,335,0.317589
375.981,6.5,335,0.320119
375.981,6.625,335,0.322649
375.981,6.75,335,0.32518
375.981,6.875,335,0.32771
375.981,7,335,0.33024
375.981,7.125,335,0.33277
375.981,7.25,335,0.335301
375.981,7.375,335,0.337831
375.981,7.5,335,0.340361
375.981,7.625,335,0.342892
375.981,7.75,335,0.345422
375.981,7.875,335,0.347952
375.981,8,335,0.350482
375.981,8.125,335,0.353013
375.981,8.25,335,0.354966
375.981,8.375,335,0.355959
375.981,8.5,335,0.356952
375.981,8.625,335,0.357945
375.981,8.75,335,0.358938
375.981,8.875,335,0.359931
375.981,9,335,0.360924
375.981,9.125,335,0.361917
375.981,9.25,335,0.36291
375.981,9.375,335,0.363903
375.981,9.5,335,0.364896
375.981,9.625,335,0.365888
375.981,9.75,335,0.366881
375.981,9.875,335,0.367874
375.981,10,335,0.368867
375.981,10.125,335,0.36986
375.981,10.25,335,0.370853
375.981,10.375,335,0.371846
375.981,10.5,335,0.372839
375.981,10.625,335,0.373832
375.981,10.75,335,0.374825
375.981,10.875,335,0.375818
375.981,11,335,0.376811
375.981,11.125,335,0.377803
375.981,11.25,335,0.378796
375.981,11.375,335,0.379789
375.981,11.5,335,0.380782
375.981,11.625,335,0.381775
375.981,11.75,335,0.382768
375.981,11.875,335,0.383761
375.981,12,335,0.384754
375.981,12.125,335,0.385747
375.981,12.25,335,0.38674
375.981,12.375,335,0.387733
375.981,12.5,335,0.388726
375.981,12.625,335,0.389718
375.981,12.75,335,0.390711
375.981,12.875,335,0.391704
375.981,13,335,0.392697
375.981,13.125,335,0.39369
375.981,13.25,335,0.394683
375.981,13.375,335,0.395676
375.981,13.5,335,0.396669
375.981,13.625,335,0.397662
375.981,13.75,335,0.398372
375.981,13.875,335,0.398912
375.981,14,335,0.399453
375.981,14.125,335,0.399993
375.981,14.25,335,0.400534
375.981,14.375,335,0.401074
375.981,14.5,335,0.401615
375.981,14.625,335,0.402155
375.981,14.75,335,0.402696
375.981,14.875,335,0.403236
375.981,15,335,0.403777
375.981,15.125,335,0.404317
375.981,15.25,335,0.404858
375.981,15.375,335,0.405398
375.981,15.5,335,0.405939
375.981,15.625,335,0.406479
375.981,15.75,335,0.40702
375.981,15.875,335,0.40756
375.981,16,335,0.408101
375.981,16.125,335,0.408641
375.981,16.25,335,0.409182
375.981,16.375,335,0.409722
375.981,16.5,335,0.410263
375.981,16.625,335,0.410803
375.981,16.75,335,0.411344
375.981,16.875,335,0.411884
375.981,17,335,0.412425
375.981,17.125,335,0.412965
375.981,17.25,335,0.413506
375.981,17.375,335,0.414046
375.981,17.5,335,0.414587
375.981,17.625,335,0.415127
375.981,17.75,335,0.415668
375.981,17.875,335,0.416208
375.981,18,335,0.416749
375.981,18.125,335,0.417289
375.981,18.25,335,0.41783
375.981,18.375,335,0.41837
375.981,18.5,335,0.418911
375.981,18.625,335,0.419451
375.981,18.75,335,0.419992
375.981,18.875,335,0.420532
375.981,19,335,0.421073
375.981,19.125,335,0.421613
375.981,19.25,335,0.421938
375.981,19.375,335,0.422233
375.981,19.5,335,0.422527
375.981,19.625,335,0.422821
375.981,19.75,335,0.423115
375.981,19.875,335,0.423409
375.981,20,335,0.423703
