x,y,z,b
375.981,0,335,0.246731
375.981,0.125,335,0.249247
375.981,0.25,335,0.251763
375.981,0.375,335,0.254278
375.981,0.5,335,0.256794
375.981,0.625,335,0.259309
375.981,0.75,335,0.261825
375.981,0.875,335,0.26434
375.981,1,335,0.266856
375.981,1.125,335,0.269372
375.981,1.25,335,0.271887
375.981,1.375,335,0.274403
375.981,1.5,335,0.276918
375.981,1.625,335,0.279434
375.981,1.75,335,0.28195
375.981,1.875,335,0.284465
375.981,2,335,0.286981
375.981,2.125,335,0.289496
375.981,2.25,335,0.292012
375.981,2.375,335,0.294527
375.981,2.5,335,0.297043
375.981,2.625,335,0.299559
375.981,2.75,335,0.302013
375.981,2.875,335,0.30404
375.981,3,335,0.306066
375.981,3.125,335,0.308093
375.981,3.25,335,0.31012
375.981,3.375,335,0.312146
375.981,3.5,335,0.314173
375.981,3.625,335,0.3162
375.981,3.75,335,0.318227
375.981,3.875,335,0.320253
375.981,4,335,0.32228
375.981,4.125,335,0.324307
375.981,4.25,335,0.326333
375.981,4.375,335,0.32836
375.981,4.5,335,0.330387
375.981,4.625,335,0.332413
375.981,4.75,335,0.33444
375.981,4.875,335,0.336467
375.981,5,335,0.338493
375.981,5.125,335,0.34052
375.981,5.25,335,0.342547
375.981,5.375,335,0.344574
375.981,5.5,335,0.3466
375.981,5.625,335,0.348627
375.981,5.75,335,0.350654
375.981,5.875,335,0.35268
375.981,6,335,0.354707
375.981,6.125,335,0.356734
375.981,6.25,335,0.35876
375.981,6.375,335,0.360787
375.981,6.5,335,0.362814
375.981,6.625,335,0.36484
375.981,6.75,335,0.366867
375.981,6.875,335,0.368894
375.981,7,335,0.37092
375.981,7.125,335,0.372947
375.981,7.25,335,0.374974
375.981,7.375,335,0.377001
375.981,7.5,335,0.379027
375.981,7.625,335,0.381054
375.981,7.75,335,0.383081
375.981,7.875,335,0.385107
375.981,8,335,0.387134
375.981,8.125,335,0.389161
375.981,8.25,335,0.390639
375.981,8.375,335,0.391204
375.981,8.5,335,0.391769
375.981,8.625,335,0.392335
375.981,8.75,335,0.3929
375.981,8.875,335,0.393465
375.981,9,335,0.39403
375.981,9.125,335,0.394595
375.981,9.25,335,0.39516
375.981,9.375,335,0.395725
375.981,9.5,335,0.39629
375.981,9.625,335,0.396855
375.981,9.75,335,0.397421
375.981,9.875,335,0.397986
375.981,10,335,0.398551
375.981,10.125,335,0.399116
375.981,10.25,335,0.399681
375.981,10.375,335,0.400246
375.981,10.5,335,0.400811
375.981,10.625,335,0.401376
375.981,10.75,335,0.401941
375.981,10.875,335,0.402506
375.981,11,335,0.403072
375.981,11.125,335,0.403637
375.981,11.25,335,0.404202
375.981,11.375,335,0.404767
375.981,11.5,335,0.405332
375.981,11.625,335,0.405897
375.981,11.75,335,0.406462
375.981,11.875,335,0.407027
375.981,12,335,0.407592
375.981,12.125,335,0.408157
375.981,12.25,335,0.408723
375.981,12.375,335,0.409288
375.981,12.5,335,0.409853
375.981,12.625,335,0.410418
375.981,12.75,335,0.410983
375.981,12.875,335,0.411548
375.981,13,335,0.412113
375.981,13.125,335,0.412678
375.981,13.25,335,0.413243
375.981,13.375,335,0.413808
375.981,13.5,335,0.414374
375.981,13.625,335,0.414939
375.981,13.75,335,0.415199
375.981,13.875,335,0.415276
375.981,14,335,0.415353
375.981,14.125,335,0.41543
375.981,14.25,335,0.415507
375.981,14.375,335,0.415584
375.981,14.5,335,0.415661
375.981,14.625,335,0.415738
375.981,14.75,335,0.415815
375.981,14.875,335,0.415892
375.981,15,335,0.415969
375.981,15.125,335,0.416046
375.981,15.25,335,0.416123
375.981,15.375,335,0.4162
375.981,15.5,335,0.416277
375.981,15.625,335,0.416354
375.981,15.75,335,0.416431
375.981,15.875,335,0.416508
375.981,16,335,0.416585
375.981,16.125,335,0.416662
375.981,16.25,335,0.416739
375.981,16.375,335,0.416816
375.981,16.5,335,0.416893
375.981,16.625,335,0.41697
375.981,16.75,335,0.417047
375.981,16.875,335,0.417124
375.981,17,335,0.417201
375.981,17.125,335,0.417278
375.981,17.25,335,0.417355
375.981,17.375,335,0.417432
375.981,17.5,335,0.417509
375.981,17.625,335,0.417586
375.981,17.75,335,0.417663
375.981,17.875,335,0.41774
375.981,18,335,0.417817
375.981,18.125,335,0.417894
375.981,18.25,335,0.417971
375.981,18.375,335,0.418048
375.981,18.5,335,0.418125
375.981,18.625,335,0.418202
375.981,18.75,335,0.418279
375.981,18.875,335,0.418356
375.981,19,335,0.418433
375.981,19.125,335,0.41851
375.981,19.25,335,0.418834
375.981,19.375,335,0.419192
375.981,19.5,335,0.419551
375.981,19.625,335,0.419909
375.981,19.75,335,0.420268
375.981,19.875,335,0.420627
375.981,20,335,0.420985
