x,y,z,b
375.981,0,335,0.07889
375.981,0.125,335,0.0826602
375.981,0.25,335,0.0864304
375.981,0.375,335,0.0902006
375.981,0.5,335,0.0939708
375.981,0.625,335,0.097741
375.981,0.75,335,0.101511
375.981,0.875,335,0.105281
375.981,1,335,0.109052
375.981,1.125,335,0.112822
375.981,1.25,335,0.116592
375.981,1.375,335,0.120362
375.981,1.5,335,0.124132
375.981,1.625,335,0.127903
375.981,1.75,335,0.131673
375.981,1.875,335,0.135443
375.981,2,335,0.139213
375.981,2.125,335,0.142983
375.981,2.25,335,0.146754
375.981,2.375,335,0.150524
375.981,2.5,335,0.154294
375.981,2.625,335,0.158064
375.981,2.75,335,0.161743
375.981,2.875,335,0.16478
375.981,3,335,0.167818
375.981,3.125,335,0.170855
375.981,3.25,335,0.173893
375.981,3.375,335,0.17693
375.981,3.5,335,0.179968
375.981,3.625,335,0.183005
375.981,3.75,335,0.186043
375.981,3.875,335,0.18908
375.981,4,335,0.192118
375.981,4.125,335,0.195155
375.981,4.25,335,0.198193
375.981,4.375,335,0.20123
375.981,4.5,335,0.204268
375.981,4.625,335,0.207305
375.981,4.75,335,0.210343
375.981,4.875,335,0.21338
375.981,5,335,0.216418
375.981,5.125,335,0.219455
375.981,5.25,335,0.222493
375.981,5.375,335,0.22553
375.981,5.5,335,0.228568
375.981,5.625,335,0.231605
375.981,5.75,335,0.234643
375.981,5.875,335,0.23768
375.981,6,335,0.240718
375.981,6.125,335,0.243755
375.981,6.25,335,0.246793
375.981,6.375,335,0.24983
375.981,6.5,335,0.252868
375.981,6.625,335,0.255905
375.981,6.75,335,0.258943
375.981,6.875,335,0.26198
375.981,7,335,0.265018
375.981,7.125,335,0.268055
375.981,7.25,335,0.271093
375.981,7.375,335,0.27413
375.981,7.5,335,0.277168
375.981,7.625,335,0.280205
375.981,7.75,335,0.283243
375.981,7.875,335,0.28628
375.981,8,335,0.289318
375.981,8.125,335,0.292355
375.981,8.25,335,0.294784
375.981,8.375,335,0.296197
375.981,8.5,335,0.297611
375.981,8.625,335,0.299024
375.981,8.75,335,0.300437
375.981,8.875,335,0.301851
375.981,9,335,0.303264
375.981,9.125,335,0.304678
375.981,9.25,335,0.306091
375.981,9.375,335,0.307505
375.981,9.5,335,0.308918
375.981,9.625,335,0.310332
375.981,9.75,335,0.311745
375.981,9.875,335,0.313159
375.981,10,335,0.314572
375.981,10.125,335,0.315985
375.981,10.25,335,0.317399
375.981,10.375,335,0.318812
375.981,10.5,335,0.320226
375.981,10.625,335,0.321639
375.981,10.75,335,0.323053
375.981,10.875,335,0.324466
375.981,11,335,0.32588
375.981,11.125,335,0.327293
375.981,11.25,335,0.328707
375.981,11.375,335,0.33012
375.981,11.5,335,0.331534
375.981,11.625,335,0.332947
375.981,11.75,335,0.33436
375.981,11.875,335,0.335774
375.981,12,335,0.337187
375.981,12.125,335,0.338601
375.981,12.25,335,0.340014
375.981,12.375,335,0.341428
375.981,12.5,335,0.342841
375.981,12.625,335,0.344255
375.981,12.75,335,0.345668
375.981,12.875,335,0.347082
375.981,13,335,0.348495
375.981,13.125,335,0.349909
375.981,13.25,335,0.351322
375.981,13.375,335,0.352735
375.981,13.5,335,0.354149
375.981,13.625,335,0.355562
375.981,13.75,335,0.356673
375.981,13.875,335,0.357601
375.981,14,335,0.358529
375.981,14.125,335,0.359458
375.981,14.25,335,0.360386
375.981,14.375,335,0.361314
375.981,14.5,335,0.362243
375.981,14.625,335,0.363171
375.981,14.75,335,0.364099
375.981,14.875,335,0.365028
375.981,15,335,0.365956
375.981,15.125,335,0.366884
375.981,15.25,335,0.367813
375.981,15.375,335,0.368741
375.981,15.5,335,0.369669
375.981,15.625,335,0.370598
375.981,15.75,335,0.371526
375.981,15.875,335,0.372455
375.981,16,335,0.373383
375.981,16.125,335,0.374311
375.981,16.25,335,0.37524
375.981,16.375,335,0.376168
375.981,16.5,335,0.377096
375.981,16.625,335,0.378025
375.981,16.75,335,0.378953
375.981,16.875,335,0.379881
375.981,17,335,0.38081
375.981,17.125,335,0.381738
375.981,17.25,335,0.382666
375.981,17.375,335,0.383595
375.981,17.5,335,0.384523
375.981,17.625,335,0.385451
375.981,17.75,335,0.38638
375.981,17.875,335,0.387308
375.981,18,335,0.388236
375.981,18.125,335,0.389165
375.981,18.25,335,0.390093
375.981,18.375,335,0.391021
375.981,18.5,335,0.39195
375.981,18.625,335,0.392878
375.981,18.75,335,0.393807
375.981,18.875,335,0.394735
375.981,19,335,0.395663
375.981,19.125,335,0.396592
375.981,19.25,335,0.397313
375.981,19.375,335,0.398004
375.981,19.5,335,0.398696
375.981,19.625,335,0.399387
375.981,19.75,335,0.400079
375.981,19.875,335,0.40077
375.981,20,335,0.401462
