x,y,z,b
375.981,0,335,0.242132
375.981,0.125,335,0.244717
375.981,0.25,335,0.247302
375.981,0.375,335,0.249887
375.981,0.5,335,0.252473
375.981,0.625,335,0.255058
375.981,0.75,335,0.257643
375.981,0.875,335,0.260228
375.981,1,335,0.262813
375.981,1.125,335,0.265398
375.981,1.25,335,0.267983
375.981,1.375,335,0.270568
375.981,1.5,335,0.273154
375.981,1.625,335,0.275739
375.981,1.75,335,0.278324
375.981,1.875,335,0.280909
375.981,2,335,0.283494
375.981,2.125,335,0.286079
375.981,2.25,335,0.288664
375.981,2.375,335,0.29125
375.981,2.5,335,0.293835
375.981,2.625,335,0.29642
375.981,2.75,335,0.298942
375.981,2.875,335,0.301025
375.981,3,335,0.303108
375.981,3.125,335,0.30519
375.981,3.25,335,0.307273
375.981,3.375,335,0.309356
375.981,3.5,335,0.311438
375.981,3.625,335,0.313521
375.981,3.75,335,0.315604
375.981,3.875,335,0.317687
375.981,4,335,0.319769
375.981,4.125,335,0.321852
375.981,4.25,335,0.323935
375.981,4.375,335,0.326018
375.981,4.5,335,0.3281
375.981,4.625,335,0.330183
375.981,4.75,335,0.332266
375.981,4.875,335,0.334348
375.981,5,335,0.336431
375.981,5.125,335,0.338514
375.981,5.25,335,0.340597
375.981,5.375,335,0.342679
375.981,5.5,335,0.344762
375.981,5.625,335,0.346845
375.981,5.75,335,0.348928
375.981,5.875,335,0.35101
375.981,6,335,0.353093
375.981,6.125,335,0.355176
375.981,6.25,335,0.357258
375.981,6.375,335,0.359341
375.981,6.5,335,0.361424
375.981,6.625,335,0.363507
375.981,6.75,335,0.365589
375.981,6.875,335,0.367672
375.981,7,335,0.369755
375.981,7.125,335,0.371838
375.981,7.25,335,0.37392
375.981,7.375,335,0.376003
375.981,7.5,335,0.378086
375.981,7.625,335,0.380168
375.981,7.75,335,0.382251
375.981,7.875,335,0.384334
375.981,8,335,0.386417
375.981,8.125,335,0.388499
375.981,8.25,335,0.390022
375.981,8.375,335,0.390611
375.981,8.5,335,0.3912
375.981,8.625,335,0.391789
375.981,8.75,335,0.392378
375.981,8.875,335,0.392967
375.981,9,335,0.393556
375.981,9.125,335,0.394145
375.981,9.25,335,0.394734
375.981,9.375,335,0.395323
375.981,9.5,335,0.395912
375.981,9.625,335,0.396501
375.981,9.75,335,0.39709
375.981,9.875,335,0.397679
375.981,10,335,0.398268
375.981,10.125,335,0.398857
375.981,10.25,335,0.399446
375.981,10.375,335,0.400035
375.981,10.5,335,0.400624
375.981,10.625,335,0.401213
375.981,10.75,335,0.401802
375.981,10.875,335,0.402391
375.981,11,335,0.40298
375.981,11.125,335,0.403569
375.981,11.25,335,0.404158
375.981,11.375,335,0.404747
375.981,11.5,335,0.405336
375.981,11.625,335,0.405925
375.981,11.75,335,0.406514
375.981,11.875,335,0.407103
375.981,12,335,0.407692
375.981,12.125,335,0.408281
375.981,12.25,335,0.40887
375.981,12.375,335,0.409459
375.981,12.5,335,0.410048
375.981,12.625,335,0.410637
375.981,12.75,335,0.411226
375.981,12.875,335,0.411815
375.981,13,335,0.412404
375.981,13.125,335,0.412993
375.981,13.25,335,0.413582
375.981,13.375,335,0.414171
375.981,13.5,335,0.41476
375.981,13.625,335,0.415349
375.981,13.75,335,0.415632
375.981,13.875,335,0.415732
375.981,14,335,0.415832
375.981,14.125,335,0.415931
375.981,14.25,335,0.416031
375.981,14.375,335,0.416131
375.981,14.5,335,0.416231
375.981,14.625,335,0.41633
375.981,14.75,335,0.41643
375.981,14.875,335,0.41653
375.981,15,335,0.41663
375.981,15.125,335,0.416729
375.981,15.25,335,0.416829
375.981,15.375,335,0.416929
375.981,15.5,335,0.417029
375.981,15.625,335,0.417128
375.981,15.75,335,0.417228
375.981,15.875,335,0.417328
375.981,16,335,0.417428
375.981,16.125,335,0.417528
375.981,16.25,335,0.417627
375.981,16.375,335,0.417727
375.981,16.5,335,0.417827
375.981,16.625,335,0.417927
375.981,16.75,335,0.418026
375.981,16.875,335,0.418126
375.981,17,335,0.418226
375.981,17.125,335,0.418326
375.981,17.25,335,0.418425
375.981,17.375,335,0.418525
375.981,17.5,335,0.418625
375.981,17.625,335,0.418725
375.981,17.75,335,0.418824
375.981,17.875,335,0.418924
375.981,18,335,0.419024
375.981,18.125,335,0.419124
375.981,18.25,335,0.419224
375.981,18.375,335,0.419323
375.981,18.5,335,0.419423
375.981,18.625,335,0.419523
375.981,18.75,335,0.419623
375.981,18.875,335,0.419722
375.981,19,335,0.419822
375.981,19.125,335,0.419922
375.981,19.25,335,0.420233
375.981,19.375,335,0.420574
375.981,19.5,335,0.420915
375.981,19.625,335,0.421255
375.981,19.75,335,0.421596
375.981,19.875,335,0.421937
375.981,20,335,0.422278
