x,y,z,b
375.981,0,335,0.0788863
375.981,0.125,335,0.0826554
375.981,0.25,335,0.0864245
375.981,0.375,335,0.0901936
375.981,0.5,335,0.0939627
375.981,0.625,335,0.0977318
375.981,0.75,335,0.101501
375.981,0.875,335,0.10527
375.981,1,335,0.109039
375.981,1.125,335,0.112808
375.981,1.25,335,0.116577
375.981,1.375,335,0.120346
375.981,1.5,335,0.124116
375.981,1.625,335,0.127885
375.981,1.75,335,0.131654
375.981,1.875,335,0.135423
375.981,2,335,0.139192
375.981,2.125,335,0.142961
375.981,2.25,335,0.14673
375.981,2.375,335,0.150499
375.981,2.5,335,0.154268
375.981,2.625,335,0.158037
375.981,2.75,335,0.161715
375.981,2.875,335,0.164752
375.981,3,335,0.167788
375.981,3.125,335,0.170825
375.981,3.25,335,0.173861
375.981,3.375,335,0.176898
375.981,3.5,335,0.179935
375.981,3.625,335,0.182971
375.981,3.75,335,0.186008
375.981,3.875,335,0.189044
375.981,4,335,0.192081
375.981,4.125,335,0.195118
375.981,4.25,335,0.198154
375.981,4.375,335,0.201191
375.981,4.5,335,0.204227
375.981,4.625,335,0.207264
375.981,4.75,335,0.210301
375.981,4.875,335,0.213337
375.981,5,335,0.216374
375.981,5.125,335,0.21941
375.981,5.25,335,0.222447
375.981,5.375,335,0.225484
375.981,5.5,335,0.22852
375.981,5.625,335,0.231557
375.981,5.75,335,0.234593
375.981,5.875,335,0.23763
375.981,6,335,0.240667
375.981,6.125,335,0.243703
375.981,6.25,335,0.24674
375.981,6.375,335,0.249776
375.981,6.5,335,0.252813
375.981,6.625,335,0.25585
375.981,6.75,335,0.258886
375.981,6.875,335,0.261923
375.981,7,335,0.264959
375.981,7.125,335,0.267996
375.981,7.25,335,0.271033
375.981,7.375,335,0.274069
375.981,7.5,335,0.277106
375.981,7.625,335,0.280142
375.981,7.75,335,0.283179
375.981,7.875,335,0.286216
375.981,8,335,0.289252
375.981,8.125,335,0.292289
375.981,8.25,335,0.294717
375.981,8.375,335,0.296131
375.981,8.5,335,0.297545
375.981,8.625,335,0.298959
375.981,8.75,335,0.300373
375.981,8.875,335,0.301787
375.981,9,335,0.3032
375.981,9.125,335,0.304614
375.981,9.25,335,0.306028
375.981,9.375,335,0.307442
375.981,9.5,335,0.308856
375.981,9.625,335,0.31027
375.981,9.75,335,0.311684
375.981,9.875,335,0.313098
375.981,10,335,0.314512
375.981,10.125,335,0.315926
375.981,10.25,335,0.31734
375.981,10.375,335,0.318753
375.981,10.5,335,0.320167
375.981,10.625,335,0.321581
375.981,10.75,335,0.322995
375.981,10.875,335,0.324409
375.981,11,335,0.325823
375.981,11.125,335,0.327237
375.981,11.25,335,0.328651
375.981,11.375,335,0.330065
375.981,11.5,335,0.331479
375.981,11.625,335,0.332893
375.981,11.75,335,0.334306
375.981,11.875,335,0.33572
375.981,12,335,0.337134
375.981,12.125,335,0.338548
375.981,12.25,335,0.339962
375.981,12.375,335,0.341376
375.981,12.5,335,0.34279
375.981,12.625,335,0.344204
375.981,12.75,335,0.345618
375.981,12.875,335,0.347032
375.981,13,335,0.348446
375.981,13.125,335,0.349859
375.981,13.25,335,0.351273
375.981,13.375,335,0.352687
375.981,13.5,335,0.354101
375.981,13.625,335,0.355515
375.981,13.75,335,0.356626
375.981,13.875,335,0.357554
375.981,14,335,0.358483
375.981,14.125,335,0.359412
375.981,14.25,335,0.360341
375.981,14.375,335,0.361269
375.981,14.5,335,0.362198
375.981,14.625,335,0.363127
375.981,14.75,335,0.364055
375.981,14.875,335,0.364984
375.981,15,335,0.365913
375.981,15.125,335,0.366841
375.981,15.25,335,0.36777
375.981,15.375,335,0.368699
375.981,15.5,335,0.369627
375.981,15.625,335,0.370556
375.981,15.75,335,0.371485
375.981,15.875,335,0.372413
375.981,16,335,0.373342
375.981,16.125,335,0.374271
375.981,16.25,335,0.375199
375.981,16.375,335,0.376128
375.981,16.5,335,0.377057
375.981,16.625,335,0.377986
375.981,16.75,335,0.378914
375.981,16.875,335,0.379843
375.981,17,335,0.380772
375.981,17.125,335,0.3817
375.981,17.25,335,0.382629
375.981,17.375,335,0.383558
375.981,17.5,335,0.384486
375.981,17.625,335,0.385415
375.981,17.75,335,0.386344
375.981,17.875,335,0.387272
375.981,18,335,0.388201
375.981,18.125,335,0.38913
375.981,18.25,335,0.390058
375.981,18.375,335,0.390987
375.981,18.5,335,0.391916
375.981,18.625,335,0.392844
375.981,18.75,335,0.393773
375.981,18.875,335,0.394702
375.981,19,335,0.395631
375.981,19.125,335,0.396559
375.981,19.25,335,0.39728
375.981,19.375,335,0.397972
375.981,19.5,335,0.398664
375.981,19.625,335,0.399355
375.981,19.75,335,0.400047
375.981,19.875,335,0.400739
375.981,20,335,0.40143
