x,y,z,b
375.981,0,335,0.226438
375.981,0.125,335,0.229179
375.981,0.25,335,0.23192
375.981,0.375,335,0.23466
375.981,0.5,335,0.237401
375.981,0.625,335,0.240142
375.981,0.75,335,0.242883
375.981,0.875,335,0.245623
375.981,1,335,0.248364
375.981,1.125,335,0.251105
375.981,1.25,335,0.253846
375.981,1.375,335,0.256587
375.981,1.5,335,0.259327
375.981,1.625,335,0.262068
375.981,1.75,335,0.264809
375.981,1.875,335,0.26755
375.981,2,335,0.27029
375.981,2.125,335,0.273031
375.981,2.25,335,0.275772
375.981,2.375,335,0.278513
375.981,2.5,335,0.281253
375.981,2.625,335,0.283994
375.981,2.75,335,0.286668
375.981,2.875,335,0.288877
375.981,3,335,0.291085
375.981,3.125,335,0.293293
375.981,3.25,335,0.295501
375.981,3.375,335,0.297709
375.981,3.5,335,0.299917
375.981,3.625,335,0.302125
375.981,3.75,335,0.304333
375.981,3.875,335,0.306542
375.981,4,335,0.30875
375.981,4.125,335,0.310958
375.981,4.25,335,0.313166
375.981,4.375,335,0.315374
375.981,4.5,335,0.317582
375.981,4.625,335,0.31979
375.981,4.75,335,0.321998
375.981,4.875,335,0.324207
375.981,5,335,0.326415
375.981,5.125,335,0.328623
375.981,5.25,335,0.330831
375.981,5.375,335,0.333039
375.981,5.5,335,0.335247
375.981,5.625,335,0.337455
375.981,5.75,335,0.339663
375.981,5.875,335,0.341872
375.981,6,335,0.34408
375.981,6.125,335,0.346288
375.981,6.25,335,0.348496
375.981,6.375,335,0.350704
375.981,6.5,335,0.352912
375.981,6.625,335,0.35512
375.981,6.75,335,0.357328
375.981,6.875,335,0.359537
375.981,7,335,0.361745
375.981,7.125,335,0.363953
375.981,7.25,335,0.366161
375.981,7.375,335,0.368369
375.981,7.5,335,0.370577
375.981,7.625,335,0.372785
375.981,7.75,335,0.374993
375.981,7.875,335,0.377202
375.981,8,335,0.37941
375.981,8.125,335,0.381618
375.981,8.25,335,0.383303
375.981,8.375,335,0.384116
375.981,8.5,335,0.384929
375.981,8.625,335,0.385742
375.981,8.75,335,0.386556
375.981,8.875,335,0.387369
375.981,9,335,0.388182
375.981,9.125,335,0.388995
375.981,9.25,335,0.389808
375.981,9.375,335,0.390622
375.981,9.5,335,0.391435
375.981,9.625,335,0.392248
375.981,9.75,335,0.393061
375.981,9.875,335,0.393874
375.981,10,335,0.394688
375.981,10.125,335,0.395501
375.981,10.25,335,0.396314
375.981,10.375,335,0.397127
375.981,10.5,335,0.39794
375.981,10.625,335,0.398754
375.981,10.75,335,0.399567
375.981,10.875,335,0.40038
375.981,11,335,0.401193
375.981,11.125,335,0.402006
375.981,11.25,335,0.40282
375.981,11.375,335,0.403633
375.981,11.5,335,0.404446
375.981,11.625,335,0.405259
375.981,11.75,335,0.406072
375.981,11.875,335,0.406886
375.981,12,335,0.407699
375.981,12.125,335,0.408512
375.981,12.25,335,0.409325
375.981,12.375,335,0.410138
375.981,12.5,335,0.410952
375.981,12.625,335,0.411765
375.981,12.75,335,0.412578
375.981,12.875,335,0.413391
375.981,13,335,0.414204
375.981,13.125,335,0.415018
375.981,13.25,335,0.415831
375.981,13.375,335,0.416644
375.981,13.5,335,0.417457
375.981,13.625,335,0.41827
375.981,13.75,335,0.418728
375.981,13.875,335,0.418973
375.981,14,335,0.419218
375.981,14.125,335,0.419463
375.981,14.25,335,0.419708
375.981,14.375,335,0.419953
375.981,14.5,335,0.420198
375.981,14.625,335,0.420443
375.981,14.75,335,0.420688
375.981,14.875,335,0.420933
375.981,15,335,0.421177
375.981,15.125,335,0.421422
375.981,15.25,335,0.421667
375.981,15.375,335,0.421912
375.981,15.5,335,0.422157
375.981,15.625,335,0.422402
375.981,15.75,335,0.422647
375.981,15.875,335,0.422892
375.981,16,335,0.423137
375.981,16.125,335,0.423381
375.981,16.25,335,0.423626
375.981,16.375,335,0.423871
375.981,16.5,335,0.424116
375.981,16.625,335,0.424361
375.981,16.75,335,0.424606
375.981,16.875,335,0.424851
375.981,17,335,0.425096
375.981,17.125,335,0.425341
375.981,17.25,335,0.425586
375.981,17.375,335,0.42583
375.981,17.5,335,0.426075
375.981,17.625,335,0.42632
375.981,17.75,335,0.426565
375.981,17.875,335,0.42681
375.981,18,335,0.427055
375.981,18.125,335,0.4273
375.981,18.25,335,0.427545
375.981,18.375,335,0.42779
375.981,18.5,335,0.428035
375.981,18.625,335,0.428279
375.981,18.75,335,0.428524
375.981,18.875,335,0.428769
375.981,19,335,0.429014
375.981,19.125,335,0.429259
375.981,19.25,335,0.429507
375.981,19.375,335,0.429754
375.981,19.5,335,0.430002
375.981,19.625,335,0.43025
375.981,19.75,335,0.430498
375.981,19.875,335,0.430746
375.981,20,335,0.430994
