x,y,z,b
375.981,0,335,0.279124
375.981,0.125,335,0.281011
375.981,0.25,335,0.282897
375.981,0.375,335,0.284784
375.981,0.5,335,0.286671
375.981,0.625,335,0.288557
375.981,0.75,335,0.290444
375.981,0.875,335,0.292331
375.981,1,335,0.294217
375.981,1.125,335,0.296104
375.981,1.25,335,0.297991
375.981,1.375,335,0.299877
375.981,1.5,335,0.301764
375.981,1.625,335,0.303651
375.981,1.75,335,0.305537
375.981,1.875,335,0.307424
375.981,2,335,0.309311
375.981,2.125,335,0.311197
375.981,2.25,335,0.313084
375.981,2.375,335,0.31497
375.981,2.5,335,0.316857
375.981,2.625,335,0.318744
375.981,2.75,335,0.320585
375.981,2.875,335,0.322105
375.981,3,335,0.323625
375.981,3.125,335,0.325145
375.981,3.25,335,0.326665
375.981,3.375,335,0.328185
375.981,3.5,335,0.329705
375.981,3.625,335,0.331225
375.981,3.75,335,0.332745
375.981,3.875,335,0.334265
375.981,4,335,0.335785
375.981,4.125,335,0.337305
375.981,4.25,335,0.338825
375.981,4.375,335,0.340345
375.981,4.5,335,0.341865
375.981,4.625,335,0.343385
375.981,4.75,335,0.344905
375.981,4.875,335,0.346425
375.981,5,335,0.347945
375.981,5.125,335,0.349465
375.981,5.25,335,0.350985
375.981,5.375,335,0.352505
375.981,5.5,335,0.354025
375.981,5.625,335,0.355545
375.981,5.75,335,0.357065
375.981,5.875,335,0.358585
375.981,6,335,0.360105
375.981,6.125,335,0.361625
375.981,6.25,335,0.363145
375.981,6.375,335,0.364665
375.981,6.5,335,0.366185
375.981,6.625,335,0.367705
375.981,6.75,335,0.369225
375.981,6.875,335,0.370745
375.981,7,335,0.372265
375.981,7.125,335,0.373785
375.981,7.25,335,0.375305
375.981,7.375,335,0.376825
375.981,7.5,335,0.378345
375.981,7.625,335,0.379865
375.981,7.75,335,0.381385
375.981,7.875,335,0.382905
375.981,8,335,0.384425
375.981,8.125,335,0.385945
375.981,8.25,335,0.387131
375.981,8.375,335,0.387761
375.981,8.5,335,0.388391
375.981,8.625,335,0.389021
375.981,8.75,335,0.389651
375.981,8.875,335,0.390281
375.981,9,335,0.39091
375.981,9.125,335,0.39154
375.981,9.25,335,0.39217
375.981,9.375,335,0.3928
375.981,9.5,335,0.39343
375.981,9.625,335,0.39406
375.981,9.75,335,0.39469
375.981,9.875,335,0.39532
375.981,10,335,0.39595
375.981,10.125,335,0.39658
375.981,10.25,335,0.397209
375.981,10.375,335,0.397839
375.981,10.5,335,0.398469
375.981,10.625,335,0.399099
375.981,10.75,335,0.399729
375.981,10.875,335,0.400359
375.981,11,335,0.400989
375.981,11.125,335,0.401619
375.981,11.25,335,0.402249
375.981,11.375,335,0.402879
375.981,11.5,335,0.403508
375.981,11.625,335,0.404138
375.981,11.75,335,0.404768
375.981,11.875,335,0.405398
375.981,12,335,0.406028
375.981,12.125,335,0.406658
375.981,12.25,335,0.407288
375.981,12.375,335,0.407918
375.981,12.5,335,0.408548
375.981,12.625,335,0.409178
375.981,12.75,335,0.409807
375.981,12.875,335,0.410437
375.981,13,335,0.411067
375.981,13.125,335,0.411697
375.981,13.25,335,0.412327
375.981,13.375,335,0.412957
375.981,13.5,335,0.413587
375.981,13.625,335,0.414217
375.981,13.75,335,0.414423
375.981,13.875,335,0.414375
375.981,14,335,0.414327
375.981,14.125,335,0.414279
375.981,14.25,335,0.414231
375.981,14.375,335,0.414183
375.981,14.5,335,0.414135
375.981,14.625,335,0.414087
375.981,14.75,335,0.414039
375.981,14.875,335,0.413991
375.981,15,335,0.413943
375.981,15.125,335,0.413895
375.981,15.25,335,0.413847
375.981,15.375,335,0.413799
375.981,15.5,335,0.413751
375.981,15.625,335,0.413703
375.981,15.75,335,0.413655
375.981,15.875,335,0.413607
375.981,16,335,0.413559
375.981,16.125,335,0.413511
375.981,16.25,335,0.413463
375.981,16.375,335,0.413415
375.981,16.5,335,0.413367
375.981,16.625,335,0.413319
375.981,16.75,335,0.413271
375.981,16.875,335,0.413223
375.981,17,335,0.413175
375.981,17.125,335,0.413127
375.981,17.25,335,0.413079
375.981,17.375,335,0.413031
375.981,17.5,335,0.412983
375.981,17.625,335,0.412935
375.981,17.75,335,0.412887
375.981,17.875,335,0.412839
375.981,18,335,0.412791
375.981,18.125,335,0.412743
375.981,18.25,335,0.412695
375.981,18.375,335,0.412647
375.981,18.5,335,0.412599
375.981,18.625,335,0.412551
375.981,18.75,335,0.412503
375.981,18.875,335,0.412455
375.981,19,335,0.412407
375.981,19.125,335,0.41236
375.981,19.25,335,0.412628
375.981,19.375,335,0.412942
375.981,19.5,335,0.413256
375.981,19.625,335,0.41357
375.981,19.75,335,0.413884
375.981,19.875,335,0.414198
375.981,20,335,0.414512
