x,y,z,b
375.981,0,335,0.100934
375.981,0.125,335,0.104626
375.981,0.25,335,0.108318
375.981,0.375,335,0.11201
375.981,0.5,335,0.115702
375.981,0.625,335,0.119395
375.981,0.75,335,0.123087
375.981,0.875,335,0.126779
375.981,1,335,0.130471
375.981,1.125,335,0.134164
375.981,1.25,335,0.137856
375.981,1.375,335,0.141548
375.981,1.5,335,0.14524
375.981,1.625,335,0.148933
375.981,1.75,335,0.152625
375.981,1.875,335,0.156317
375.981,2,335,0.160009
375.981,2.125,335,0.163702
375.981,2.25,335,0.167394
375.981,2.375,335,0.171086
375.981,2.5,335,0.174778
375.981,2.625,335,0.17847
375.981,2.75,335,0.182073
375.981,2.875,335,0.185048
375.981,3,335,0.188022
375.981,3.125,335,0.190997
375.981,3.25,335,0.193972
375.981,3.375,335,0.196946
375.981,3.5,335,0.199921
375.981,3.625,335,0.202896
375.981,3.75,335,0.20587
375.981,3.875,335,0.208845
375.981,4,335,0.21182
375.981,4.125,335,0.214794
375.981,4.25,335,0.217769
375.981,4.375,335,0.220744
375.981,4.5,335,0.223718
375.981,4.625,335,0.226693
375.981,4.75,335,0.229668
375.981,4.875,335,0.232642
375.981,5,335,0.235617
375.981,5.125,335,0.238592
375.981,5.25,335,0.241566
375.981,5.375,335,0.244541
375.981,5.5,335,0.247516
375.981,5.625,335,0.25049
375.981,5.75,335,0.253465
375.981,5.875,335,0.25644
375.981,6,335,0.259414
375.981,6.125,335,0.262389
375.981,6.25,335,0.265364
375.981,6.375,335,0.268339
375.981,6.5,335,0.271313
375.981,6.625,335,0.274288
375.981,6.75,335,0.277263
375.981,6.875,335,0.280237
375.981,7,335,0.283212
375.981,7.125,335,0.286187
375.981,7.25,335,0.289161
375.981,7.375,335,0.292136
375.981,7.5,335,0.295111
375.981,7.625,335,0.298085
375.981,7.75,335,0.30106
375.981,7.875,335,0.304035
375.981,8,335,0.307009
375.981,8.125,335,0.309984
375.981,8.25,335,0.312408
375.981,8.375,335,0.313914
375.981,8.5,335,0.31542
375.981,8.625,335,0.316926
375.981,8.75,335,0.318431
375.981,8.875,335,0.319937
375.981,9,335,0.321443
375.981,9.125,335,0.322949
375.981,9.25,335,0.324455
375.981,9.375,335,0.325961
375.981,9.5,335,0.327467
375.981,9.625,335,0.328973
375.981,9.75,335,0.330479
375.981,9.875,335,0.331985
375.981,10,335,0.333491
375.981,10.125,335,0.334997
375.981,10.25,335,0.336502
375.981,10.375,335,0.338008
375.981,10.5,335,0.339514
375.981,10.625,335,0.34102
375.981,10.75,335,0.342526
375.981,10.875,335,0.344032
375.981,11,335,0.345538
375.981,11.125,335,0.347044
375.981,11.25,335,0.34855
375.981,11.375,335,0.350056
375.981,11.5,335,0.351562
375.981,11.625,335,0.353067
375.981,11.75,335,0.354573
375.981,11.875,335,0.356079
375.981,12,335,0.357585
375.981,12.125,335,0.359091
375.981,12.25,335,0.360597
375.981,12.375,335,0.362103
375.981,12.5,335,0.363609
375.981,12.625,335,0.365115
375.981,12.75,335,0.366621
375.981,12.875,335,0.368127
375.981,13,335,0.369633
375.981,13.125,335,0.371138
375.981,13.25,335,0.372644
375.981,13.375,335,0.37415
375.981,13.5,335,0.375656
375.981,13.625,335,0.377162
375.981,13.75,335,0.378287
375.981,13.875,335,0.379183
375.981,14,335,0.38008
375.981,14.125,335,0.380976
375.981,14.25,335,0.381873
375.981,14.375,335,0.382769
375.981,14.5,335,0.383665
375.981,14.625,335,0.384562
375.981,14.75,335,0.385458
375.981,14.875,335,0.386354
375.981,15,335,0.387251
375.981,15.125,335,0.388147
375.981,15.25,335,0.389043
375.981,15.375,335,0.38994
375.981,15.5,335,0.390836
375.981,15.625,335,0.391733
375.981,15.75,335,0.392629
375.981,15.875,335,0.393525
375.981,16,335,0.394422
375.981,16.125,335,0.395318
375.981,16.25,335,0.396214
375.981,16.375,335,0.397111
375.981,16.5,335,0.398007
375.981,16.625,335,0.398903
375.981,16.75,335,0.3998
375.981,16.875,335,0.400696
375.981,17,335,0.401593
375.981,17.125,335,0.402489
375.981,17.25,335,0.403385
375.981,17.375,335,0.404282
375.981,17.5,335,0.405178
375.981,17.625,335,0.406074
375.981,17.75,335,0.406971
375.981,17.875,335,0.407867
375.981,18,335,0.408763
375.981,18.125,335,0.40966
375.981,18.25,335,0.410556
375.981,18.375,335,0.411453
375.981,18.5,335,0.412349
375.981,18.625,335,0.413245
375.981,18.75,335,0.414142
375.981,18.875,335,0.415038
375.981,19,335,0.415934
375.981,19.125,335,0.416831
375.981,19.25,335,0.417403
375.981,19.375,335,0.417929
375.981,19.5,335,0.418455
375.981,19.625,335,0.41898
375.981,19.75,335,0.419506
375.981,19.875,335,0.420032
375.981,20,335,0.420558
