x,y,z,b
375.981,0,335,0.0918911
375.981,0.125,335,0.0955415
375.981,0.25,335,0.0991919
375.981,0.375,335,0.102842
375.981,0.5,335,0.106493
375.981,0.625,335,0.110143
375.981,0.75,335,0.113794
375.981,0.875,335,0.117444
375.981,1,335,0.121094
375.981,1.125,335,0.124745
375.981,1.25,335,0.128395
375.981,1.375,335,0.132046
375.981,1.5,335,0.135696
375.981,1.625,335,0.139346
375.981,1.75,335,0.142997
375.981,1.875,335,0.146647
375.981,2,335,0.150298
375.981,2.125,335,0.153948
375.981,2.25,335,0.157598
375.981,2.375,335,0.161249
375.981,2.5,335,0.164899
375.981,2.625,335,0.16855
375.981,2.75,335,0.172111
375.981,2.875,335,0.175052
375.981,3,335,0.177993
375.981,3.125,335,0.180934
375.981,3.25,335,0.183875
375.981,3.375,335,0.186816
375.981,3.5,335,0.189757
375.981,3.625,335,0.192698
375.981,3.75,335,0.195639
375.981,3.875,335,0.19858
375.981,4,335,0.201521
375.981,4.125,335,0.204462
375.981,4.25,335,0.207403
375.981,4.375,335,0.210344
375.981,4.5,335,0.213285
375.981,4.625,335,0.216226
375.981,4.75,335,0.219167
375.981,4.875,335,0.222108
375.981,5,335,0.225049
375.981,5.125,335,0.22799
375.981,5.25,335,0.230931
375.981,5.375,335,0.233872
375.981,5.5,335,0.236813
375.981,5.625,335,0.239754
375.981,5.75,335,0.242695
375.981,5.875,335,0.245636
375.981,6,335,0.248577
375.981,6.125,335,0.251518
375.981,6.25,335,0.254459
375.981,6.375,335,0.2574
375.981,6.5,335,0.260341
375.981,6.625,335,0.263282
375.981,6.75,335,0.266223
375.981,6.875,335,0.269164
375.981,7,335,0.272105
375.981,7.125,335,0.275045
375.981,7.25,335,0.277986
375.981,7.375,335,0.280927
375.981,7.5,335,0.283868
375.981,7.625,335,0.286809
375.981,7.75,335,0.28975
375.981,7.875,335,0.292691
375.981,8,335,0.295632
375.981,8.125,335,0.298573
375.981,8.25,335,0.301021
375.981,8.375,335,0.302645
375.981,8.5,335,0.304269
375.981,8.625,335,0.305894
375.981,8.75,335,0.307518
375.981,8.875,335,0.309143
375.981,9,335,0.310767
375.981,9.125,335,0.312392
375.981,9.25,335,0.314016
375.981,9.375,335,0.31564
375.981,9.5,335,0.317265
375.981,9.625,335,0.318889
375.981,9.75,335,0.320514
375.981,9.875,335,0.322138
375.981,10,335,0.323763
375.981,10.125,335,0.325387
375.981,10.25,335,0.327012
375.981,10.375,335,0.328636
375.981,10.5,335,0.33026
375.981,10.625,335,0.331885
375.981,10.75,335,0.333509
375.981,10.875,335,0.335134
375.981,11,335,0.336758
375.981,11.125,335,0.338383
375.981,11.25,335,0.340007
375.981,11.375,335,0.341631
375.981,11.5,335,0.343256
375.981,11.625,335,0.34488
375.981,11.75,335,0.346505
375.981,11.875,335,0.348129
375.981,12,335,0.349754
375.981,12.125,335,0.351378
375.981,12.25,335,0.353002
375.981,12.375,335,0.354627
375.981,12.5,335,0.356251
375.981,12.625,335,0.357876
375.981,12.75,335,0.3595
375.981,12.875,335,0.361125
375.981,13,335,0.362749
375.981,13.125,335,0.364373
375.981,13.25,335,0.365998
375.981,13.375,335,0.367622
375.981,13.5,335,0.369247
375.981,13.625,335,0.370871
375.981,13.75,335,0.372001
375.981,13.875,335,0.372834
375.981,14,335,0.373667
375.981,14.125,335,0.3745
375.981,14.25,335,0.375333
375.981,14.375,335,0.376167
375.981,14.5,335,0.377
375.981,14.625,335,0.377833
375.981,14.75,335,0.378666
375.981,14.875,335,0.379499
375.981,15,335,0.380332
375.981,15.125,335,0.381165
375.981,15.25,335,0.381998
375.981,15.375,335,0.382831
375.981,15.5,335,0.383665
375.981,15.625,335,0.384498
375.981,15.75,335,0.385331
375.981,15.875,335,0.386164
375.981,16,335,0.386997
375.981,16.125,335,0.38783
375.981,16.25,335,0.388663
375.981,16.375,335,0.389496
375.981,16.5,335,0.390329
375.981,16.625,335,0.391163
375.981,16.75,335,0.391996
375.981,16.875,335,0.392829
375.981,17,335,0.393662
375.981,17.125,335,0.394495
375.981,17.25,335,0.395328
375.981,17.375,335,0.396161
375.981,17.5,335,0.396994
375.981,17.625,335,0.397827
375.981,17.75,335,0.39866
375.981,17.875,335,0.399494
375.981,18,335,0.400327
375.981,18.125,335,0.40116
375.981,18.25,335,0.401993
375.981,18.375,335,0.402826
375.981,18.5,335,0.403659
375.981,18.625,335,0.404492
375.981,18.75,335,0.405325
375.981,18.875,335,0.406158
375.981,19,335,0.406992
375.981,19.125,335,0.407825
375.981,19.25,335,0.408355
375.981,19.375,335,0.408842
375.981,19.5,335,0.409329
375.981,19.625,335,0.409816
375.981,19.75,335,0.410303
375.981,19.875,335,0.41079
375.981,20,335,0.411277
