x,y,z,b
375.981,0,335,0.222168
375.981,0.125,335,0.224975
375.981,0.25,335,0.227783
375.981,0.375,335,0.230591
375.981,0.5,335,0.233398
375.981,0.625,335,0.236206
375.981,0.75,335,0.239014
375.981,0.875,335,0.241822
375.981,1,335,0.244629
375.981,1.125,335,0.247437
375.981,1.25,335,0.250245
375.981,1.375,335,0.253052
375.981,1.5,335,0.25586
375.981,1.625,335,0.258668
375.981,1.75,335,0.261475
375.981,1.875,335,0.264283
375.981,2,335,0.267091
375.981,2.125,335,0.269898
375.981,2.25,335,0.272706
375.981,2.375,335,0.275514
375.981,2.5,335,0.278321
375.981,2.625,335,0.281129
375.981,2.75,335,0.283869
375.981,2.875,335,0.286131
375.981,3,335,0.288393
375.981,3.125,335,0.290655
375.981,3.25,335,0.292917
375.981,3.375,335,0.295179
375.981,3.5,335,0.297441
375.981,3.625,335,0.299703
375.981,3.75,335,0.301965
375.981,3.875,335,0.304227
375.981,4,335,0.306489
375.981,4.125,335,0.308751
375.981,4.25,335,0.311013
375.981,4.375,335,0.313275
375.981,4.5,335,0.315537
375.981,4.625,335,0.317799
375.981,4.75,335,0.320061
375.981,4.875,335,0.322323
375.981,5,335,0.324585
375.981,5.125,335,0.326847
375.981,5.25,335,0.329109
375.981,5.375,335,0.331371
375.981,5.5,335,0.333633
375.981,5.625,335,0.335895
375.981,5.75,335,0.338157
375.981,5.875,335,0.340419
375.981,6,335,0.342681
375.981,6.125,335,0.344944
375.981,6.25,335,0.347206
375.981,6.375,335,0.349468
375.981,6.5,335,0.35173
375.981,6.625,335,0.353992
375.981,6.75,335,0.356254
375.981,6.875,335,0.358516
375.981,7,335,0.360778
375.981,7.125,335,0.36304
375.981,7.25,335,0.365302
375.981,7.375,335,0.367564
375.981,7.5,335,0.369826
375.981,7.625,335,0.372088
375.981,7.75,335,0.37435
375.981,7.875,335,0.376612
375.981,8,335,0.378874
375.981,8.125,335,0.381136
375.981,8.25,335,0.382859
375.981,8.375,335,0.383684
375.981,8.5,335,0.384508
375.981,8.625,335,0.385333
375.981,8.75,335,0.386158
375.981,8.875,335,0.386982
375.981,9,335,0.387807
375.981,9.125,335,0.388632
375.981,9.25,335,0.389456
375.981,9.375,335,0.390281
375.981,9.5,335,0.391106
375.981,9.625,335,0.39193
375.981,9.75,335,0.392755
375.981,9.875,335,0.39358
375.981,10,335,0.394404
375.981,10.125,335,0.395229
375.981,10.25,335,0.396054
375.981,10.375,335,0.396878
375.981,10.5,335,0.397703
375.981,10.625,335,0.398528
375.981,10.75,335,0.399352
375.981,10.875,335,0.400177
375.981,11,335,0.401002
375.981,11.125,335,0.401826
375.981,11.25,335,0.402651
375.981,11.375,335,0.403476
375.981,11.5,335,0.4043
375.981,11.625,335,0.405125
375.981,11.75,335,0.40595
375.981,11.875,335,0.406774
375.981,12,335,0.407599
375.981,12.125,335,0.408423
375.981,12.25,335,0.409248
375.981,12.375,335,0.410073
375.981,12.5,335,0.410897
375.981,12.625,335,0.411722
375.981,12.75,335,0.412547
375.981,12.875,335,0.413371
375.981,13,335,0.414196
375.981,13.125,335,0.415021
375.981,13.25,335,0.415845
375.981,13.375,335,0.41667
375.981,13.5,335,0.417495
375.981,13.625,335,0.418319
375.981,13.75,335,0.418791
375.981,13.875,335,0.419052
375.981,14,335,0.419312
375.981,14.125,335,0.419573
375.981,14.25,335,0.419834
375.981,14.375,335,0.420094
375.981,14.5,335,0.420355
375.981,14.625,335,0.420615
375.981,14.75,335,0.420876
375.981,14.875,335,0.421136
375.981,15,335,0.421397
375.981,15.125,335,0.421657
375.981,15.25,335,0.421918
375.981,15.375,335,0.422178
375.981,15.5,335,0.422439
375.981,15.625,335,0.422699
375.981,15.75,335,0.42296
375.981,15.875,335,0.42322
375.981,16,335,0.423481
375.981,16.125,335,0.423741
375.981,16.25,335,0.424002
375.981,16.375,335,0.424262
375.981,16.5,335,0.424523
375.981,16.625,335,0.424783
375.981,16.75,335,0.425044
375.981,16.875,335,0.425304
375.981,17,335,0.425565
375.981,17.125,335,0.425825
375.981,17.25,335,0.426086
375.981,17.375,335,0.426346
375.981,17.5,335,0.426607
375.981,17.625,335,0.426867
375.981,17.75,335,0.427128
375.981,17.875,335,0.427388
375.981,18,335,0.427649
375.981,18.125,335,0.427909
375.981,18.25,335,0.42817
375.981,18.375,335,0.42843
375.981,18.5,335,0.428691
375.981,18.625,335,0.428951
375.981,18.75,335,0.429212
375.981,18.875,335,0.429472
375.981,19,335,0.429733
375.981,19.125,335,0.429993
375.981,19.25,335,0.430244
375.981,19.375,335,0.430494
375.981,19.5,335,0.430743
375.981,19.625,335,0.430993
375.981,19.75,335,0.431243
375.981,19.875,335,0.431492
375.981,20,335,0.431742
