x,y,z,b
375.981,0,335,0.0790848
375.981,0.125,335,0.0828265
375.981,0.25,335,0.0865682
375.981,0.375,335,0.09031
375.981,0.5,335,0.0940517
375.981,0.625,335,0.0977934
375.981,0.75,335,0.101535
375.981,0.875,335,0.105277
375.981,1,335,0.109019
375.981,1.125,335,0.11276
375.981,1.25,335,0.116502
375.981,1.375,335,0.120244
375.981,1.5,335,0.123985
375.981,1.625,335,0.127727
375.981,1.75,335,0.131469
375.981,1.875,335,0.135211
375.981,2,335,0.138952
375.981,2.125,335,0.142694
375.981,2.25,335,0.146436
375.981,2.375,335,0.150178
375.981,2.5,335,0.153919
375.981,2.625,335,0.157661
375.981,2.75,335,0.161312
375.981,2.875,335,0.164326
375.981,3,335,0.167341
375.981,3.125,335,0.170356
375.981,3.25,335,0.17337
375.981,3.375,335,0.176385
375.981,3.5,335,0.179399
375.981,3.625,335,0.182414
375.981,3.75,335,0.185428
375.981,3.875,335,0.188443
375.981,4,335,0.191457
375.981,4.125,335,0.194472
375.981,4.25,335,0.197486
375.981,4.375,335,0.200501
375.981,4.5,335,0.203516
375.981,4.625,335,0.20653
375.981,4.75,335,0.209545
375.981,4.875,335,0.212559
375.981,5,335,0.215574
375.981,5.125,335,0.218588
375.981,5.25,335,0.221603
375.981,5.375,335,0.224617
375.981,5.5,335,0.227632
375.981,5.625,335,0.230646
375.981,5.75,335,0.233661
375.981,5.875,335,0.236676
375.981,6,335,0.23969
375.981,6.125,335,0.242705
375.981,6.25,335,0.245719
375.981,6.375,335,0.248734
375.981,6.5,335,0.251748
375.981,6.625,335,0.254763
375.981,6.75,335,0.257777
375.981,6.875,335,0.260792
375.981,7,335,0.263806
375.981,7.125,335,0.266821
375.981,7.25,335,0.269836
375.981,7.375,335,0.27285
375.981,7.5,335,0.275865
375.981,7.625,335,0.278879
375.981,7.75,335,0.281894
375.981,7.875,335,0.284908
375.981,8,335,0.287923
375.981,8.125,335,0.290937
375.981,8.25,335,0.293354
375.981,8.375,335,0.294772
375.981,8.5,335,0.296191
375.981,8.625,335,0.29761
375.981,8.75,335,0.299029
375.981,8.875,335,0.300447
375.981,9,335,0.301866
375.981,9.125,335,0.303285
375.981,9.25,335,0.304704
375.981,9.375,335,0.306122
375.981,9.5,335,0.307541
375.981,9.625,335,0.30896
375.981,9.75,335,0.310379
375.981,9.875,335,0.311797
375.981,10,335,0.313216
375.981,10.125,335,0.314635
375.981,10.25,335,0.316054
375.981,10.375,335,0.317472
375.981,10.5,335,0.318891
375.981,10.625,335,0.32031
375.981,10.75,335,0.321729
375.981,10.875,335,0.323147
375.981,11,335,0.324566
375.981,11.125,335,0.325985
375.981,11.25,335,0.327404
375.981,11.375,335,0.328822
375.981,11.5,335,0.330241
375.981,11.625,335,0.33166
375.981,11.75,335,0.333079
375.981,11.875,335,0.334497
375.981,12,335,0.335916
375.981,12.125,335,0.337335
375.981,12.25,335,0.338754
375.981,12.375,335,0.340173
375.981,12.5,335,0.341591
375.981,12.625,335,0.34301
375.981,12.75,335,0.344429
375.981,12.875,335,0.345848
375.981,13,335,0.347266
375.981,13.125,335,0.348685
375.981,13.25,335,0.350104
375.981,13.375,335,0.351523
375.981,13.5,335,0.352941
375.981,13.625,335,0.35436
375.981,13.75,335,0.355478
375.981,13.875,335,0.356416
375.981,14,335,0.357354
375.981,14.125,335,0.358292
375.981,14.25,335,0.35923
375.981,14.375,335,0.360168
375.981,14.5,335,0.361106
375.981,14.625,335,0.362044
375.981,14.75,335,0.362982
375.981,14.875,335,0.36392
375.981,15,335,0.364858
375.981,15.125,335,0.365797
375.981,15.25,335,0.366735
375.981,15.375,335,0.367673
375.981,15.5,335,0.368611
375.981,15.625,335,0.369549
375.981,15.75,335,0.370487
375.981,15.875,335,0.371425
375.981,16,335,0.372363
375.981,16.125,335,0.373301
375.981,16.25,335,0.374239
375.981,16.375,335,0.375177
375.981,16.5,335,0.376115
375.981,16.625,335,0.377053
375.981,16.75,335,0.377991
375.981,16.875,335,0.378929
375.981,17,335,0.379867
375.981,17.125,335,0.380805
375.981,17.25,335,0.381743
375.981,17.375,335,0.382681
375.981,17.5,335,0.383619
375.981,17.625,335,0.384557
375.981,17.75,335,0.385495
375.981,17.875,335,0.386433
375.981,18,335,0.387371
375.981,18.125,335,0.388309
375.981,18.25,335,0.389247
375.981,18.375,335,0.390185
375.981,18.5,335,0.391123
375.981,18.625,335,0.392061
375.981,18.75,335,0.392999
375.981,18.875,335,0.393937
375.981,19,335,0.394875
375.981,19.125,335,0.395813
375.981,19.25,335,0.39654
375.981,19.375,335,0.397238
375.981,19.5,335,0.397936
375.981,19.625,335,0.398633
375.981,19.75,335,0.399331
375.981,19.875,335,0.400028
375.981,20,335,0.400726
