x,y,z,b
375.981,0,335,0.219705
375.981,0.125,335,0.222564
375.981,0.25,335,0.225423
375.981,0.375,335,0.228281
375.981,0.5,335,0.23114
375.981,0.625,335,0.233999
375.981,0.75,335,0.236858
375.981,0.875,335,0.239716
375.981,1,335,0.242575
375.981,1.125,335,0.245434
375.981,1.25,335,0.248292
375.981,1.375,335,0.251151
375.981,1.5,335,0.25401
375.981,1.625,335,0.256868
375.981,1.75,335,0.259727
375.981,1.875,335,0.262586
375.981,2,335,0.265444
375.981,2.125,335,0.268303
375.981,2.25,335,0.271162
375.981,2.375,335,0.27402
375.981,2.5,335,0.276879
375.981,2.625,335,0.279738
375.981,2.75,335,0.282527
375.981,2.875,335,0.28483
375.981,3,335,0.287133
375.981,3.125,335,0.289436
375.981,3.25,335,0.291739
375.981,3.375,335,0.294043
375.981,3.5,335,0.296346
375.981,3.625,335,0.298649
375.981,3.75,335,0.300952
375.981,3.875,335,0.303255
375.981,4,335,0.305558
375.981,4.125,335,0.307861
375.981,4.25,335,0.310164
375.981,4.375,335,0.312467
375.981,4.5,335,0.314771
375.981,4.625,335,0.317074
375.981,4.75,335,0.319377
375.981,4.875,335,0.32168
375.981,5,335,0.323983
375.981,5.125,335,0.326286
375.981,5.25,335,0.328589
375.981,5.375,335,0.330892
375.981,5.5,335,0.333196
375.981,5.625,335,0.335499
375.981,5.75,335,0.337802
375.981,5.875,335,0.340105
375.981,6,335,0.342408
375.981,6.125,335,0.344711
375.981,6.25,335,0.347014
375.981,6.375,335,0.349317
375.981,6.5,335,0.35162
375.981,6.625,335,0.353924
375.981,6.75,335,0.356227
375.981,6.875,335,0.35853
375.981,7,335,0.360833
375.981,7.125,335,0.363136
375.981,7.25,335,0.365439
375.981,7.375,335,0.367742
375.981,7.5,335,0.370045
375.981,7.625,335,0.372348
375.981,7.75,335,0.374652
375.981,7.875,335,0.376955
375.981,8,335,0.379258
375.981,8.125,335,0.381561
375.981,8.25,335,0.383307
375.981,8.375,335,0.384125
375.981,8.5,335,0.384942
375.981,8.625,335,0.38576
375.981,8.75,335,0.386577
375.981,8.875,335,0.387395
375.981,9,335,0.388212
375.981,9.125,335,0.38903
375.981,9.25,335,0.389848
375.981,9.375,335,0.390665
375.981,9.5,335,0.391483
375.981,9.625,335,0.3923
375.981,9.75,335,0.393118
375.981,9.875,335,0.393935
375.981,10,335,0.394753
375.981,10.125,335,0.395571
375.981,10.25,335,0.396388
375.981,10.375,335,0.397206
375.981,10.5,335,0.398023
375.981,10.625,335,0.398841
375.981,10.75,335,0.399658
375.981,10.875,335,0.400476
375.981,11,335,0.401294
375.981,11.125,335,0.402111
375.981,11.25,335,0.402929
375.981,11.375,335,0.403746
375.981,11.5,335,0.404564
375.981,11.625,335,0.405381
375.981,11.75,335,0.406199
375.981,11.875,335,0.407017
375.981,12,335,0.407834
375.981,12.125,335,0.408652
375.981,12.25,335,0.409469
375.981,12.375,335,0.410287
375.981,12.5,335,0.411104
375.981,12.625,335,0.411922
375.981,12.75,335,0.41274
375.981,12.875,335,0.413557
375.981,13,335,0.414375
375.981,13.125,335,0.415192
375.981,13.25,335,0.41601
375.981,13.375,335,0.416827
375.981,13.5,335,0.417645
375.981,13.625,335,0.418463
375.981,13.75,335,0.418937
375.981,13.875,335,0.419205
375.981,14,335,0.419472
375.981,14.125,335,0.41974
375.981,14.25,335,0.420008
375.981,14.375,335,0.420276
375.981,14.5,335,0.420544
375.981,14.625,335,0.420812
375.981,14.75,335,0.42108
375.981,14.875,335,0.421348
375.981,15,335,0.421616
375.981,15.125,335,0.421884
375.981,15.25,335,0.422152
375.981,15.375,335,0.422419
375.981,15.5,335,0.422687
375.981,15.625,335,0.422955
375.981,15.75,335,0.423223
375.981,15.875,335,0.423491
375.981,16,335,0.423759
375.981,16.125,335,0.424027
375.981,16.25,335,0.424295
375.981,16.375,335,0.424563
375.981,16.5,335,0.424831
375.981,16.625,335,0.425099
375.981,16.75,335,0.425366
375.981,16.875,335,0.425634
375.981,17,335,0.425902
375.981,17.125,335,0.42617
375.981,17.25,335,0.426438
375.981,17.375,335,0.426706
375.981,17.5,335,0.426974
375.981,17.625,335,0.427242
375.981,17.75,335,0.42751
375.981,17.875,335,0.427778
375.981,18,335,0.428046
375.981,18.125,335,0.428313
375.981,18.25,335,0.428581
375.981,18.375,335,0.428849
375.981,18.5,335,0.429117
375.981,18.625,335,0.429385
375.981,18.75,335,0.429653
375.981,18.875,335,0.429921
375.981,19,335,0.430189
375.981,19.125,335,0.430457
375.981,19.25,335,0.430711
375.981,19.375,335,0.430963
375.981,19.5,335,0.431216
375.981,19.625,335,0.431468
375.981,19.75,335,0.431721
375.981,19.875,335,0.431973
375.981,20,335,0.432225
