x,y,z,b
375.981,0,335,0.100188
375.981,0.125,335,0.103877
375.981,0.25,335,0.107566
375.981,0.375,335,0.111256
375.981,0.5,335,0.114945
375.981,0.625,335,0.118634
375.981,0.75,335,0.122324
375.981,0.875,335,0.126013
375.981,1,335,0.129702
375.981,1.125,335,0.133391
375.981,1.25,335,0.137081
375.981,1.375,335,0.14077
375.981,1.5,335,0.144459
375.981,1.625,335,0.148148
375.981,1.75,335,0.151838
375.981,1.875,335,0.155527
375.981,2,335,0.159216
375.981,2.125,335,0.162906
375.981,2.25,335,0.166595
375.981,2.375,335,0.170284
375.981,2.5,335,0.173973
375.981,2.625,335,0.177663
375.981,2.75,335,0.181262
375.981,2.875,335,0.184235
375.981,3,335,0.187207
375.981,3.125,335,0.190179
375.981,3.25,335,0.193151
375.981,3.375,335,0.196124
375.981,3.5,335,0.199096
375.981,3.625,335,0.202068
375.981,3.75,335,0.205041
375.981,3.875,335,0.208013
375.981,4,335,0.210985
375.981,4.125,335,0.213957
375.981,4.25,335,0.21693
375.981,4.375,335,0.219902
375.981,4.5,335,0.222874
375.981,4.625,335,0.225847
375.981,4.75,335,0.228819
375.981,4.875,335,0.231791
375.981,5,335,0.234763
375.981,5.125,335,0.237736
375.981,5.25,335,0.240708
375.981,5.375,335,0.24368
375.981,5.5,335,0.246652
375.981,5.625,335,0.249625
375.981,5.75,335,0.252597
375.981,5.875,335,0.255569
375.981,6,335,0.258542
375.981,6.125,335,0.261514
375.981,6.25,335,0.264486
375.981,6.375,335,0.267458
375.981,6.5,335,0.270431
375.981,6.625,335,0.273403
375.981,6.75,335,0.276375
375.981,6.875,335,0.279348
375.981,7,335,0.28232
375.981,7.125,335,0.285292
375.981,7.25,335,0.288264
375.981,7.375,335,0.291237
375.981,7.5,335,0.294209
375.981,7.625,335,0.297181
375.981,7.75,335,0.300154
375.981,7.875,335,0.303126
375.981,8,335,0.306098
375.981,8.125,335,0.30907
375.981,8.25,335,0.311496
375.981,8.375,335,0.313011
375.981,8.5,335,0.314526
375.981,8.625,335,0.316041
375.981,8.75,335,0.317555
375.981,8.875,335,0.31907
375.981,9,335,0.320585
375.981,9.125,335,0.3221
375.981,9.25,335,0.323615
375.981,9.375,335,0.32513
375.981,9.5,335,0.326644
375.981,9.625,335,0.328159
375.981,9.75,335,0.329674
375.981,9.875,335,0.331189
375.981,10,335,0.332704
375.981,10.125,335,0.334218
375.981,10.25,335,0.335733
375.981,10.375,335,0.337248
375.981,10.5,335,0.338763
375.981,10.625,335,0.340278
375.981,10.75,335,0.341792
375.981,10.875,335,0.343307
375.981,11,335,0.344822
375.981,11.125,335,0.346337
375.981,11.25,335,0.347852
375.981,11.375,335,0.349367
375.981,11.5,335,0.350881
375.981,11.625,335,0.352396
375.981,11.75,335,0.353911
375.981,11.875,335,0.355426
375.981,12,335,0.356941
375.981,12.125,335,0.358455
375.981,12.25,335,0.35997
375.981,12.375,335,0.361485
375.981,12.5,335,0.363
375.981,12.625,335,0.364515
375.981,12.75,335,0.366029
375.981,12.875,335,0.367544
375.981,13,335,0.369059
375.981,13.125,335,0.370574
375.981,13.25,335,0.372089
375.981,13.375,335,0.373604
375.981,13.5,335,0.375118
375.981,13.625,335,0.376633
375.981,13.75,335,0.377764
375.981,13.875,335,0.378664
375.981,14,335,0.379564
375.981,14.125,335,0.380464
375.981,14.25,335,0.381364
375.981,14.375,335,0.382264
375.981,14.5,335,0.383164
375.981,14.625,335,0.384064
375.981,14.75,335,0.384964
375.981,14.875,335,0.385864
375.981,15,335,0.386764
375.981,15.125,335,0.387665
375.981,15.25,335,0.388565
375.981,15.375,335,0.389465
375.981,15.5,335,0.390365
375.981,15.625,335,0.391265
375.981,15.75,335,0.392165
375.981,15.875,335,0.393065
375.981,16,335,0.393965
375.981,16.125,335,0.394865
375.981,16.25,335,0.395765
375.981,16.375,335,0.396665
375.981,16.5,335,0.397565
375.981,16.625,335,0.398465
375.981,16.75,335,0.399365
375.981,16.875,335,0.400266
375.981,17,335,0.401166
375.981,17.125,335,0.402066
375.981,17.25,335,0.402966
375.981,17.375,335,0.403866
375.981,17.5,335,0.404766
375.981,17.625,335,0.405666
375.981,17.75,335,0.406566
375.981,17.875,335,0.407466
375.981,18,335,0.408366
375.981,18.125,335,0.409266
375.981,18.25,335,0.410166
375.981,18.375,335,0.411066
375.981,18.5,335,0.411966
375.981,18.625,335,0.412866
375.981,18.75,335,0.413767
375.981,18.875,335,0.414667
375.981,19,335,0.415567
375.981,19.125,335,0.416467
375.981,19.25,335,0.417032
375.981,19.375,335,0.417549
375.981,19.5,335,0.418067
375.981,19.625,335,0.418584
375.981,19.75,335,0.419102
375.981,19.875,335,0.419619
375.981,20,335,0.420136
