x,y,z,b
375.981,0,335,0.0947049
375.981,0.125,335,0.0985072
375.981,0.25,335,0.102309
375.981,0.375,335,0.106112
375.981,0.5,335,0.109914
375.981,0.625,335,0.113716
375.981,0.75,335,0.117519
375.981,0.875,335,0.121321
375.981,1,335,0.125123
375.981,1.125,335,0.128925
375.981,1.25,335,0.132728
375.981,1.375,335,0.13653
375.981,1.5,335,0.140332
375.981,1.625,335,0.144135
375.981,1.75,335,0.147937
375.981,1.875,335,0.151739
375.981,2,335,0.155542
375.981,2.125,335,0.159344
375.981,2.25,335,0.163146
375.981,2.375,335,0.166948
375.981,2.5,335,0.170751
375.981,2.625,335,0.174553
375.981,2.75,335,0.178263
375.981,2.875,335,0.181326
375.981,3,335,0.18439
375.981,3.125,335,0.187453
375.981,3.25,335,0.190516
375.981,3.375,335,0.19358
375.981,3.5,335,0.196643
375.981,3.625,335,0.199706
375.981,3.75,335,0.20277
375.981,3.875,335,0.205833
375.981,4,335,0.208896
375.981,4.125,335,0.21196
375.981,4.25,335,0.215023
375.981,4.375,335,0.218086
375.981,4.5,335,0.22115
375.981,4.625,335,0.224213
375.981,4.75,335,0.227276
375.981,4.875,335,0.23034
375.981,5,335,0.233403
375.981,5.125,335,0.236466
375.981,5.25,335,0.23953
375.981,5.375,335,0.242593
375.981,5.5,335,0.245656
375.981,5.625,335,0.24872
375.981,5.75,335,0.251783
375.981,5.875,335,0.254846
375.981,6,335,0.25791
375.981,6.125,335,0.260973
375.981,6.25,335,0.264036
375.981,6.375,335,0.2671
375.981,6.5,335,0.270163
375.981,6.625,335,0.273226
375.981,6.75,335,0.27629
375.981,6.875,335,0.279353
375.981,7,335,0.282416
375.981,7.125,335,0.28548
375.981,7.25,335,0.288543
375.981,7.375,335,0.291606
375.981,7.5,335,0.29467
375.981,7.625,335,0.297733
375.981,7.75,335,0.300796
375.981,7.875,335,0.30386
375.981,8,335,0.306923
375.981,8.125,335,0.309986
375.981,8.25,335,0.312526
375.981,8.375,335,0.314193
375.981,8.5,335,0.315861
375.981,8.625,335,0.317528
375.981,8.75,335,0.319195
375.981,8.875,335,0.320862
375.981,9,335,0.32253
375.981,9.125,335,0.324197
375.981,9.25,335,0.325864
375.981,9.375,335,0.327531
375.981,9.5,335,0.329199
375.981,9.625,335,0.330866
375.981,9.75,335,0.332533
375.981,9.875,335,0.3342
375.981,10,335,0.335868
375.981,10.125,335,0.337535
375.981,10.25,335,0.339202
375.981,10.375,335,0.340869
375.981,10.5,335,0.342536
375.981,10.625,335,0.344204
375.981,10.75,335,0.345871
375.981,10.875,335,0.347538
375.981,11,335,0.349205
375.981,11.125,335,0.350873
375.981,11.25,335,0.35254
375.981,11.375,335,0.354207
375.981,11.5,335,0.355874
375.981,11.625,335,0.357542
375.981,11.75,335,0.359209
375.981,11.875,335,0.360876
375.981,12,335,0.362543
375.981,12.125,335,0.364211
375.981,12.25,335,0.365878
375.981,12.375,335,0.367545
375.981,12.5,335,0.369212
375.981,12.625,335,0.37088
375.981,12.75,335,0.372547
375.981,12.875,335,0.374214
375.981,13,335,0.375881
375.981,13.125,335,0.377548
375.981,13.25,335,0.379216
375.981,13.375,335,0.380883
375.981,13.5,335,0.38255
375.981,13.625,335,0.384217
375.981,13.75,335,0.385324
375.981,13.875,335,0.386094
375.981,14,335,0.386864
375.981,14.125,335,0.387634
375.981,14.25,335,0.388403
375.981,14.375,335,0.389173
375.981,14.5,335,0.389943
375.981,14.625,335,0.390713
375.981,14.75,335,0.391483
375.981,14.875,335,0.392253
375.981,15,335,0.393023
375.981,15.125,335,0.393793
375.981,15.25,335,0.394563
375.981,15.375,335,0.395333
375.981,15.5,335,0.396103
375.981,15.625,335,0.396872
375.981,15.75,335,0.397642
375.981,15.875,335,0.398412
375.981,16,335,0.399182
375.981,16.125,335,0.399952
375.981,16.25,335,0.400722
375.981,16.375,335,0.401492
375.981,16.5,335,0.402262
375.981,16.625,335,0.403032
375.981,16.75,335,0.403802
375.981,16.875,335,0.404572
375.981,17,335,0.405341
375.981,17.125,335,0.406111
375.981,17.25,335,0.406881
375.981,17.375,335,0.407651
375.981,17.5,335,0.408421
375.981,17.625,335,0.409191
375.981,17.75,335,0.409961
375.981,17.875,335,0.410731
375.981,18,335,0.411501
375.981,18.125,335,0.412271
375.981,18.25,335,0.413041
375.981,18.375,335,0.41381
375.981,18.5,335,0.41458
375.981,18.625,335,0.41535
375.981,18.75,335,0.41612
375.981,18.875,335,0.41689
375.981,19,335,0.41766
375.981,19.125,335,0.41843
375.981,19.25,335,0.418844
375.981,19.375,335,0.419206
375.981,19.5,335,0.419569
375.981,19.625,335,0.419932
375.981,19.75,335,0.420295
375.981,19.875,335,0.420658
375.981,20,335,0.421021
