x,y,z,b
375.981,0,335,0.235272
375.981,0.125,335,0.237935
375.981,0.25,335,0.240598
375.981,0.375,335,0.243261
375.981,0.5,335,0.245924
375.981,0.625,335,0.248587
375.981,0.75,335,0.251251
375.981,0.875,335,0.253914
375.981,1,335,0.256577
375.981,1.125,335,0.25924
375.981,1.25,335,0.261903
375.981,1.375,335,0.264566
375.981,1.5,335,0.267229
375.981,1.625,335,0.269893
375.981,1.75,335,0.272556
375.981,1.875,335,0.275219
375.981,2,335,0.277882
375.981,2.125,335,0.280545
375.981,2.25,335,0.283208
375.981,2.375,335,0.285871
375.981,2.5,335,0.288535
375.981,2.625,335,0.291198
375.981,2.75,335,0.293796
375.981,2.875,335,0.295942
375.981,3,335,0.298087
375.981,3.125,335,0.300233
375.981,3.25,335,0.302379
375.981,3.375,335,0.304524
375.981,3.5,335,0.30667
375.981,3.625,335,0.308815
375.981,3.75,335,0.310961
375.981,3.875,335,0.313106
375.981,4,335,0.315252
375.981,4.125,335,0.317398
375.981,4.25,335,0.319543
375.981,4.375,335,0.321689
375.981,4.5,335,0.323834
375.981,4.625,335,0.32598
375.981,4.75,335,0.328126
375.981,4.875,335,0.330271
375.981,5,335,0.332417
375.981,5.125,335,0.334562
375.981,5.25,335,0.336708
375.981,5.375,335,0.338854
375.981,5.5,335,0.340999
375.981,5.625,335,0.343145
375.981,5.75,335,0.34529
375.981,5.875,335,0.347436
375.981,6,335,0.349581
375.981,6.125,335,0.351727
375.981,6.25,335,0.353873
375.981,6.375,335,0.356018
375.981,6.5,335,0.358164
375.981,6.625,335,0.360309
375.981,6.75,335,0.362455
375.981,6.875,335,0.364601
375.981,7,335,0.366746
375.981,7.125,335,0.368892
375.981,7.25,335,0.371037
375.981,7.375,335,0.373183
375.981,7.5,335,0.375328
375.981,7.625,335,0.377474
375.981,7.75,335,0.37962
375.981,7.875,335,0.381765
375.981,8,335,0.383911
375.981,8.125,335,0.386056
375.981,8.25,335,0.387656
375.981,8.375,335,0.388346
375.981,8.5,335,0.389036
375.981,8.625,335,0.389726
375.981,8.75,335,0.390416
375.981,8.875,335,0.391106
375.981,9,335,0.391796
375.981,9.125,335,0.392486
375.981,9.25,335,0.393176
375.981,9.375,335,0.393866
375.981,9.5,335,0.394556
375.981,9.625,335,0.395246
375.981,9.75,335,0.395936
375.981,9.875,335,0.396626
375.981,10,335,0.397316
375.981,10.125,335,0.398006
375.981,10.25,335,0.398696
375.981,10.375,335,0.399386
375.981,10.5,335,0.400076
375.981,10.625,335,0.400766
375.981,10.75,335,0.401456
375.981,10.875,335,0.402146
375.981,11,335,0.402836
375.981,11.125,335,0.403526
375.981,11.25,335,0.404216
375.981,11.375,335,0.404906
375.981,11.5,335,0.405596
375.981,11.625,335,0.406286
375.981,11.75,335,0.406976
375.981,11.875,335,0.407666
375.981,12,335,0.408356
375.981,12.125,335,0.409046
375.981,12.25,335,0.409736
375.981,12.375,335,0.410426
375.981,12.5,335,0.411116
375.981,12.625,335,0.411806
375.981,12.75,335,0.412495
375.981,12.875,335,0.413185
375.981,13,335,0.413875
375.981,13.125,335,0.414565
375.981,13.25,335,0.415255
375.981,13.375,335,0.415945
375.981,13.5,335,0.416635
375.981,13.625,335,0.417325
375.981,13.75,335,0.417695
375.981,13.875,335,0.417871
375.981,14,335,0.418048
375.981,14.125,335,0.418225
375.981,14.25,335,0.418402
375.981,14.375,335,0.418579
375.981,14.5,335,0.418756
375.981,14.625,335,0.418932
375.981,14.75,335,0.419109
375.981,14.875,335,0.419286
375.981,15,335,0.419463
375.981,15.125,335,0.41964
375.981,15.25,335,0.419817
375.981,15.375,335,0.419993
375.981,15.5,335,0.42017
375.981,15.625,335,0.420347
375.981,15.75,335,0.420524
375.981,15.875,335,0.420701
375.981,16,335,0.420878
375.981,16.125,335,0.421054
375.981,16.25,335,0.421231
375.981,16.375,335,0.421408
375.981,16.5,335,0.421585
375.981,16.625,335,0.421762
375.981,16.75,335,0.421939
375.981,16.875,335,0.422115
375.981,17,335,0.422292
375.981,17.125,335,0.422469
375.981,17.25,335,0.422646
375.981,17.375,335,0.422823
375.981,17.5,335,0.423
375.981,17.625,335,0.423176
375.981,17.75,335,0.423353
375.981,17.875,335,0.42353
375.981,18,335,0.423707
375.981,18.125,335,0.423884
375.981,18.25,335,0.424061
375.981,18.375,335,0.424237
375.981,18.5,335,0.424414
375.981,18.625,335,0.424591
375.981,18.75,335,0.424768
375.981,18.875,335,0.424945
375.981,19,335,0.425122
375.981,19.125,335,0.425298
375.981,19.25,335,0.425563
375.981,19.375,335,0.42584
375.981,19.5,335,0.426117
375.981,19.625,335,0.426395
375.981,19.75,335,0.426672
375.981,19.875,335,0.426949
375.981,20,335,0.427226
