x,y,z,b
375.981,0,335,0.0945209
375.981,0.125,335,0.0981619
375.981,0.25,335,0.101803
375.981,0.375,335,0.105444
375.981,0.5,335,0.109085
375.981,0.625,335,0.112726
375.981,0.75,335,0.116367
375.981,0.875,335,0.120008
375.981,1,335,0.123649
375.981,1.125,335,0.12729
375.981,1.25,335,0.130931
375.981,1.375,335,0.134572
375.981,1.5,335,0.138213
375.981,1.625,335,0.141854
375.981,1.75,335,0.145495
375.981,1.875,335,0.149136
375.981,2,335,0.152777
375.981,2.125,335,0.156418
375.981,2.25,335,0.160059
375.981,2.375,335,0.1637
375.981,2.5,335,0.167341
375.981,2.625,335,0.170982
375.981,2.75,335,0.174535
375.981,2.875,335,0.177468
375.981,3,335,0.180402
375.981,3.125,335,0.183335
375.981,3.25,335,0.186269
375.981,3.375,335,0.189202
375.981,3.5,335,0.192136
375.981,3.625,335,0.195069
375.981,3.75,335,0.198002
375.981,3.875,335,0.200936
375.981,4,335,0.203869
375.981,4.125,335,0.206803
375.981,4.25,335,0.209736
375.981,4.375,335,0.212669
375.981,4.5,335,0.215603
375.981,4.625,335,0.218536
375.981,4.75,335,0.22147
375.981,4.875,335,0.224403
375.981,5,335,0.227337
375.981,5.125,335,0.23027
375.981,5.25,335,0.233203
375.981,5.375,335,0.236137
375.981,5.5,335,0.23907
375.981,5.625,335,0.242004
375.981,5.75,335,0.244937
375.981,5.875,335,0.24787
375.981,6,335,0.250804
375.981,6.125,335,0.253737
375.981,6.25,335,0.256671
375.981,6.375,335,0.259604
375.981,6.5,335,0.262538
375.981,6.625,335,0.265471
375.981,6.75,335,0.268404
375.981,6.875,335,0.271338
375.981,7,335,0.274271
375.981,7.125,335,0.277205
375.981,7.25,335,0.280138
375.981,7.375,335,0.283072
375.981,7.5,335,0.286005
375.981,7.625,335,0.288938
375.981,7.75,335,0.291872
375.981,7.875,335,0.294805
375.981,8,335,0.297739
375.981,8.125,335,0.300672
375.981,8.25,335,0.303102
375.981,8.375,335,0.304694
375.981,8.5,335,0.306285
375.981,8.625,335,0.307876
375.981,8.75,335,0.309468
375.981,8.875,335,0.311059
375.981,9,335,0.312651
375.981,9.125,335,0.314242
375.981,9.25,335,0.315834
375.981,9.375,335,0.317425
375.981,9.5,335,0.319016
375.981,9.625,335,0.320608
375.981,9.75,335,0.322199
375.981,9.875,335,0.323791
375.981,10,335,0.325382
375.981,10.125,335,0.326974
375.981,10.25,335,0.328565
375.981,10.375,335,0.330156
375.981,10.5,335,0.331748
375.981,10.625,335,0.333339
375.981,10.75,335,0.334931
375.981,10.875,335,0.336522
375.981,11,335,0.338113
375.981,11.125,335,0.339705
375.981,11.25,335,0.341296
375.981,11.375,335,0.342888
375.981,11.5,335,0.344479
375.981,11.625,335,0.346071
375.981,11.75,335,0.347662
375.981,11.875,335,0.349253
375.981,12,335,0.350845
375.981,12.125,335,0.352436
375.981,12.25,335,0.354028
375.981,12.375,335,0.355619
375.981,12.5,335,0.357211
375.981,12.625,335,0.358802
375.981,12.75,335,0.360393
375.981,12.875,335,0.361985
375.981,13,335,0.363576
375.981,13.125,335,0.365168
375.981,13.25,335,0.366759
375.981,13.375,335,0.368351
375.981,13.5,335,0.369942
375.981,13.625,335,0.371533
375.981,13.75,335,0.372649
375.981,13.875,335,0.37348
375.981,14,335,0.374311
375.981,14.125,335,0.375142
375.981,14.25,335,0.375973
375.981,14.375,335,0.376804
375.981,14.5,335,0.377635
375.981,14.625,335,0.378466
375.981,14.75,335,0.379296
375.981,14.875,335,0.380127
375.981,15,335,0.380958
375.981,15.125,335,0.381789
375.981,15.25,335,0.38262
375.981,15.375,335,0.383451
375.981,15.5,335,0.384282
375.981,15.625,335,0.385113
375.981,15.75,335,0.385943
375.981,15.875,335,0.386774
375.981,16,335,0.387605
375.981,16.125,335,0.388436
375.981,16.25,335,0.389267
375.981,16.375,335,0.390098
375.981,16.5,335,0.390929
375.981,16.625,335,0.391759
375.981,16.75,335,0.39259
375.981,16.875,335,0.393421
375.981,17,335,0.394252
375.981,17.125,335,0.395083
375.981,17.25,335,0.395914
375.981,17.375,335,0.396745
375.981,17.5,335,0.397576
375.981,17.625,335,0.398406
375.981,17.75,335,0.399237
375.981,17.875,335,0.400068
375.981,18,335,0.400899
375.981,18.125,335,0.40173
375.981,18.25,335,0.402561
375.981,18.375,335,0.403392
375.981,18.5,335,0.404222
375.981,18.625,335,0.405053
375.981,18.75,335,0.405884
375.981,18.875,335,0.406715
375.981,19,335,0.407546
375.981,19.125,335,0.408377
375.981,19.25,335,0.408901
375.981,19.375,335,0.40938
375.981,19.5,335,0.40986
375.981,19.625,335,0.41034
375.981,19.75,335,0.41082
375.981,19.875,335,0.4113
375.981,20,335,0.411779
