x,y,z,b
375.981,0,335,0.291156
375.981,0.125,335,0.292803
375.981,0.25,335,0.294451
375.981,0.375,335,0.296098
375.981,0.5,335,0.297746
375.981,0.625,335,0.299393
375.981,0.75,335,0.30104
375.981,0.875,335,0.302688
375.981,1,335,0.304335
375.981,1.125,335,0.305983
375.981,1.25,335,0.30763
375.981,1.375,335,0.309277
375.981,1.5,335,0.310925
375.981,1.625,335,0.312572
375.981,1.75,335,0.31422
375.981,1.875,335,0.315867
375.981,2,335,0.317515
375.981,2.125,335,0.319162
375.981,2.25,335,0.320809
375.981,2.375,335,0.322457
375.981,2.5,335,0.324104
375.981,2.625,335,0.325752
375.981,2.75,335,0.327359
375.981,2.875,335,0.328686
375.981,3,335,0.330014
375.981,3.125,335,0.331341
375.981,3.25,335,0.332668
375.981,3.375,335,0.333995
375.981,3.5,335,0.335323
375.981,3.625,335,0.33665
375.981,3.75,335,0.337977
375.981,3.875,335,0.339304
375.981,4,335,0.340632
375.981,4.125,335,0.341959
375.981,4.25,335,0.343286
375.981,4.375,335,0.344613
375.981,4.5,335,0.345941
375.981,4.625,335,0.347268
375.981,4.75,335,0.348595
375.981,4.875,335,0.349922
375.981,5,335,0.35125
375.981,5.125,335,0.352577
375.981,5.25,335,0.353904
375.981,5.375,335,0.355231
375.981,5.5,335,0.356559
375.981,5.625,335,0.357886
375.981,5.75,335,0.359213
375.981,5.875,335,0.36054
375.981,6,335,0.361868
375.981,6.125,335,0.363195
375.981,6.25,335,0.364522
375.981,6.375,335,0.365849
375.981,6.5,335,0.367177
375.981,6.625,335,0.368504
375.981,6.75,335,0.369831
375.981,6.875,335,0.371159
375.981,7,335,0.372486
375.981,7.125,335,0.373813
375.981,7.25,335,0.37514
375.981,7.375,335,0.376468
375.981,7.5,335,0.377795
375.981,7.625,335,0.379122
375.981,7.75,335,0.380449
375.981,7.875,335,0.381777
375.981,8,335,0.383104
375.981,8.125,335,0.384431
375.981,8.25,335,0.38544
375.981,8.375,335,0.385917
375.981,8.5,335,0.386395
375.981,8.625,335,0.386873
375.981,8.75,335,0.38735
375.981,8.875,335,0.387828
375.981,9,335,0.388306
375.981,9.125,335,0.388783
375.981,9.25,335,0.389261
375.981,9.375,335,0.389739
375.981,9.5,335,0.390216
375.981,9.625,335,0.390694
375.981,9.75,335,0.391172
375.981,9.875,335,0.391649
375.981,10,335,0.392127
375.981,10.125,335,0.392605
375.981,10.25,335,0.393082
375.981,10.375,335,0.39356
375.981,10.5,335,0.394038
375.981,10.625,335,0.394515
375.981,10.75,335,0.394993
375.981,10.875,335,0.395471
375.981,11,335,0.395948
375.981,11.125,335,0.396426
375.981,11.25,335,0.396904
375.981,11.375,335,0.397381
375.981,11.5,335,0.397859
375.981,11.625,335,0.398337
375.981,11.75,335,0.398814
375.981,11.875,335,0.399292
375.981,12,335,0.39977
375.981,12.125,335,0.400247
375.981,12.25,335,0.400725
375.981,12.375,335,0.401203
375.981,12.5,335,0.40168
375.981,12.625,335,0.402158
375.981,12.75,335,0.402636
375.981,12.875,335,0.403113
375.981,13,335,0.403591
375.981,13.125,335,0.404069
375.981,13.25,335,0.404546
375.981,13.375,335,0.405024
375.981,13.5,335,0.405502
375.981,13.625,335,0.405979
375.981,13.75,335,0.406358
375.981,13.875,335,0.406676
375.981,14,335,0.406995
375.981,14.125,335,0.407314
375.981,14.25,335,0.407633
375.981,14.375,335,0.407951
375.981,14.5,335,0.40827
375.981,14.625,335,0.408589
375.981,14.75,335,0.408907
375.981,14.875,335,0.409226
375.981,15,335,0.409545
375.981,15.125,335,0.409864
375.981,15.25,335,0.410182
375.981,15.375,335,0.410501
375.981,15.5,335,0.41082
375.981,15.625,335,0.411139
375.981,15.75,335,0.411457
375.981,15.875,335,0.411776
375.981,16,335,0.412095
375.981,16.125,335,0.412414
375.981,16.25,335,0.412732
375.981,16.375,335,0.413051
375.981,16.5,335,0.41337
375.981,16.625,335,0.413688
375.981,16.75,335,0.414007
375.981,16.875,335,0.414326
375.981,17,335,0.414645
375.981,17.125,335,0.414963
375.981,17.25,335,0.415282
375.981,17.375,335,0.415601
375.981,17.5,335,0.41592
375.981,17.625,335,0.416238
375.981,17.75,335,0.416557
375.981,17.875,335,0.416876
375.981,18,335,0.417194
375.981,18.125,335,0.417513
375.981,18.25,335,0.417832
375.981,18.375,335,0.418151
375.981,18.5,335,0.418469
375.981,18.625,335,0.418788
375.981,18.75,335,0.419107
375.981,18.875,335,0.419426
375.981,19,335,0.419744
375.981,19.125,335,0.420063
375.981,19.25,335,0.420334
375.981,19.375,335,0.420598
375.981,19.5,335,0.420862
375.981,19.625,335,0.421126
375.981,19.75,335,0.42139
375.981,19.875,335,0.421653
375.981,20,335,0.421917
