x,y,z,b
375.981,0,335,0.31284
375.981,0.125,335,0.31412
375.981,0.25,335,0.315401
375.981,0.375,335,0.316681
375.981,0.5,335,0.317961
375.981,0.625,335,0.319241
375.981,0.75,335,0.320522
375.981,0.875,335,0.321802
375.981,1,335,0.323082
375.981,1.125,335,0.324362
375.981,1.25,335,0.325643
375.981,1.375,335,0.326923
375.981,1.5,335,0.328203
375.981,1.625,335,0.329483
375.981,1.75,335,0.330764
375.981,1.875,335,0.332044
375.981,2,335,0.333324
375.981,2.125,335,0.334604
375.981,2.25,335,0.335885
375.981,2.375,335,0.337165
375.981,2.5,335,0.338445
375.981,2.625,335,0.339725
375.981,2.75,335,0.340974
375.981,2.875,335,0.342006
375.981,3,335,0.343037
375.981,3.125,335,0.344069
375.981,3.25,335,0.3451
375.981,3.375,335,0.346132
375.981,3.5,335,0.347163
375.981,3.625,335,0.348194
375.981,3.75,335,0.349226
375.981,3.875,335,0.350257
375.981,4,335,0.351289
375.981,4.125,335,0.35232
375.981,4.25,335,0.353352
375.981,4.375,335,0.354383
375.981,4.5,335,0.355414
375.981,4.625,335,0.356446
375.981,4.75,335,0.357477
375.981,4.875,335,0.358509
375.981,5,335,0.35954
375.981,5.125,335,0.360572
375.981,5.25,335,0.361603
375.981,5.375,335,0.362635
375.981,5.5,335,0.363666
375.981,5.625,335,0.364697
375.981,5.75,335,0.365729
375.981,5.875,335,0.36676
375.981,6,335,0.367792
375.981,6.125,335,0.368823
375.981,6.25,335,0.369855
375.981,6.375,335,0.370886
375.981,6.5,335,0.371917
375.981,6.625,335,0.372949
375.981,6.75,335,0.37398
375.981,6.875,335,0.375012
375.981,7,335,0.376043
375.981,7.125,335,0.377075
375.981,7.25,335,0.378106
375.981,7.375,335,0.379137
375.981,7.5,335,0.380169
375.981,7.625,335,0.3812
375.981,7.75,335,0.382232
375.981,7.875,335,0.383263
375.981,8,335,0.384295
375.981,8.125,335,0.385326
375.981,8.25,335,0.386179
375.981,8.375,335,0.386734
375.981,8.5,335,0.38729
375.981,8.625,335,0.387845
375.981,8.75,335,0.3884
375.981,8.875,335,0.388955
375.981,9,335,0.389511
375.981,9.125,335,0.390066
375.981,9.25,335,0.390621
375.981,9.375,335,0.391177
375.981,9.5,335,0.391732
375.981,9.625,335,0.392287
375.981,9.75,335,0.392843
375.981,9.875,335,0.393398
375.981,10,335,0.393953
375.981,10.125,335,0.394508
375.981,10.25,335,0.395064
375.981,10.375,335,0.395619
375.981,10.5,335,0.396174
375.981,10.625,335,0.39673
375.981,10.75,335,0.397285
375.981,10.875,335,0.39784
375.981,11,335,0.398395
375.981,11.125,335,0.398951
375.981,11.25,335,0.399506
375.981,11.375,335,0.400061
375.981,11.5,335,0.400617
375.981,11.625,335,0.401172
375.981,11.75,335,0.401727
375.981,11.875,335,0.402283
375.981,12,335,0.402838
375.981,12.125,335,0.403393
375.981,12.25,335,0.403948
375.981,12.375,335,0.404504
375.981,12.5,335,0.405059
375.981,12.625,335,0.405614
375.981,12.75,335,0.40617
375.981,12.875,335,0.406725
375.981,13,335,0.40728
375.981,13.125,335,0.407835
375.981,13.25,335,0.408391
375.981,13.375,335,0.408946
375.981,13.5,335,0.409501
375.981,13.625,335,0.410057
375.981,13.75,335,0.410337
375.981,13.875,335,0.410454
375.981,14,335,0.41057
375.981,14.125,335,0.410686
375.981,14.25,335,0.410802
375.981,14.375,335,0.410919
375.981,14.5,335,0.411035
375.981,14.625,335,0.411151
375.981,14.75,335,0.411267
375.981,14.875,335,0.411384
375.981,15,335,0.4115
375.981,15.125,335,0.411616
375.981,15.25,335,0.411732
375.981,15.375,335,0.411849
375.981,15.5,335,0.411965
375.981,15.625,335,0.412081
375.981,15.75,335,0.412197
375.981,15.875,335,0.412314
375.981,16,335,0.41243
375.981,16.125,335,0.412546
375.981,16.25,335,0.412662
375.981,16.375,335,0.412778
375.981,16.5,335,0.412895
375.981,16.625,335,0.413011
375.981,16.75,335,0.413127
375.981,16.875,335,0.413243
375.981,17,335,0.41336
375.981,17.125,335,0.413476
375.981,17.25,335,0.413592
375.981,17.375,335,0.413708
375.981,17.5,335,0.413825
375.981,17.625,335,0.413941
375.981,17.75,335,0.414057
375.981,17.875,335,0.414173
375.981,18,335,0.41429
375.981,18.125,335,0.414406
375.981,18.25,335,0.414522
375.981,18.375,335,0.414638
375.981,18.5,335,0.414754
375.981,18.625,335,0.414871
375.981,18.75,335,0.414987
375.981,18.875,335,0.415103
375.981,19,335,0.415219
375.981,19.125,335,0.415336
375.981,19.25,335,0.415631
375.981,19.375,335,0.415951
375.981,19.5,335,0.416272
375.981,19.625,335,0.416592
375.981,19.75,335,0.416913
375.981,19.875,335,0.417233
375.981,20,335,0.417554
