x,y,z,b
375.981,0,335,0.101399
375.981,0.125,335,0.105625
375.981,0.25,335,0.10985
375.981,0.375,335,0.114076
375.981,0.5,335,0.118301
375.981,0.625,335,0.122527
375.981,0.75,335,0.126753
375.981,0.875,335,0.130978
375.981,1,335,0.135204
375.981,1.125,335,0.139429
375.981,1.25,335,0.143655
375.981,1.375,335,0.14788
375.981,1.5,335,0.152106
375.981,1.625,335,0.156332
375.981,1.75,335,0.160557
375.981,1.875,335,0.164783
375.981,2,335,0.169008
375.981,2.125,335,0.173234
375.981,2.25,335,0.177459
375.981,2.375,335,0.181685
375.981,2.5,335,0.185911
375.981,2.625,335,0.190136
375.981,2.75,335,0.194259
375.981,2.875,335,0.197664
375.981,3,335,0.201068
375.981,3.125,335,0.204472
375.981,3.25,335,0.207877
375.981,3.375,335,0.211281
375.981,3.5,335,0.214685
375.981,3.625,335,0.21809
375.981,3.75,335,0.221494
375.981,3.875,335,0.224898
375.981,4,335,0.228303
375.981,4.125,335,0.231707
375.981,4.25,335,0.235112
375.981,4.375,335,0.238516
375.981,4.5,335,0.24192
375.981,4.625,335,0.245325
375.981,4.75,335,0.248729
375.981,4.875,335,0.252133
375.981,5,335,0.255538
375.981,5.125,335,0.258942
375.981,5.25,335,0.262346
375.981,5.375,335,0.265751
375.981,5.5,335,0.269155
375.981,5.625,335,0.27256
375.981,5.75,335,0.275964
375.981,5.875,335,0.279368
375.981,6,335,0.282773
375.981,6.125,335,0.286177
375.981,6.25,335,0.289581
375.981,6.375,335,0.292986
375.981,6.5,335,0.29639
375.981,6.625,335,0.299795
375.981,6.75,335,0.303199
375.981,6.875,335,0.306603
375.981,7,335,0.310008
375.981,7.125,335,0.313412
375.981,7.25,335,0.316816
375.981,7.375,335,0.320221
375.981,7.5,335,0.323625
375.981,7.625,335,0.327029
375.981,7.75,335,0.330434
375.981,7.875,335,0.333838
375.981,8,335,0.337243
375.981,8.125,335,0.340647
375.981,8.25,335,0.343212
375.981,8.375,335,0.344378
375.981,8.5,335,0.345544
375.981,8.625,335,0.34671
375.981,8.75,335,0.347876
375.981,8.875,335,0.349042
375.981,9,335,0.350208
375.981,9.125,335,0.351375
375.981,9.25,335,0.352541
375.981,9.375,335,0.353707
375.981,9.5,335,0.354873
375.981,9.625,335,0.356039
375.981,9.75,335,0.357205
375.981,9.875,335,0.358371
375.981,10,335,0.359537
375.981,10.125,335,0.360703
375.981,10.25,335,0.361869
375.981,10.375,335,0.363035
375.981,10.5,335,0.364202
375.981,10.625,335,0.365368
375.981,10.75,335,0.366534
375.981,10.875,335,0.3677
375.981,11,335,0.368866
375.981,11.125,335,0.370032
375.981,11.25,335,0.371198
375.981,11.375,335,0.372364
375.981,11.5,335,0.37353
375.981,11.625,335,0.374696
375.981,11.75,335,0.375862
375.981,11.875,335,0.377029
375.981,12,335,0.378195
375.981,12.125,335,0.379361
375.981,12.25,335,0.380527
375.981,12.375,335,0.381693
375.981,12.5,335,0.382859
375.981,12.625,335,0.384025
375.981,12.75,335,0.385191
375.981,12.875,335,0.386357
375.981,13,335,0.387523
375.981,13.125,335,0.388689
375.981,13.25,335,0.389855
375.981,13.375,335,0.391022
375.981,13.5,335,0.392188
375.981,13.625,335,0.393354
375.981,13.75,335,0.394178
375.981,13.875,335,0.394796
375.981,14,335,0.395415
375.981,14.125,335,0.396033
375.981,14.25,335,0.396652
375.981,14.375,335,0.39727
375.981,14.5,335,0.397889
375.981,14.625,335,0.398507
375.981,14.75,335,0.399126
375.981,14.875,335,0.399745
375.981,15,335,0.400363
375.981,15.125,335,0.400982
375.981,15.25,335,0.4016
375.981,15.375,335,0.402219
375.981,15.5,335,0.402837
375.981,15.625,335,0.403456
375.981,15.75,335,0.404074
375.981,15.875,335,0.404693
375.981,16,335,0.405311
375.981,16.125,335,0.40593
375.981,16.25,335,0.406548
375.981,16.375,335,0.407167
375.981,16.5,335,0.407786
375.981,16.625,335,0.408404
375.981,16.75,335,0.409023
375.981,16.875,335,0.409641
375.981,17,335,0.41026
375.981,17.125,335,0.410878
375.981,17.25,335,0.411497
375.981,17.375,335,0.412115
375.981,17.5,335,0.412734
375.981,17.625,335,0.413352
375.981,17.75,335,0.413971
375.981,17.875,335,0.41459
375.981,18,335,0.415208
375.981,18.125,335,0.415827
375.981,18.25,335,0.416445
375.981,18.375,335,0.417064
375.981,18.5,335,0.417682
375.981,18.625,335,0.418301
375.981,18.75,335,0.418919
375.981,18.875,335,0.419538
375.981,19,335,0.420156
375.981,19.125,335,0.420775
375.981,19.25,335,0.421127
375.981,19.375,335,0.42144
375.981,19.5,335,0.421754
375.981,19.625,335,0.422067
375.981,19.75,335,0.422381
375.981,19.875,335,0.422695
375.981,20,335,0.423008
