x,y,z,b
375.981,0,335,0.0961987
375.981,0.125,335,0.0998932
375.981,0.25,335,0.103588
375.981,0.375,335,0.107282
375.981,0.5,335,0.110977
375.981,0.625,335,0.114671
375.981,0.75,335,0.118366
375.981,0.875,335,0.122061
375.981,1,335,0.125755
375.981,1.125,335,0.12945
375.981,1.25,335,0.133144
375.981,1.375,335,0.136839
375.981,1.5,335,0.140533
375.981,1.625,335,0.144228
375.981,1.75,335,0.147923
375.981,1.875,335,0.151617
375.981,2,335,0.155312
375.981,2.125,335,0.159006
375.981,2.25,335,0.162701
375.981,2.375,335,0.166395
375.981,2.5,335,0.17009
375.981,2.625,335,0.173784
375.981,2.75,335,0.177389
375.981,2.875,335,0.180366
375.981,3,335,0.183342
375.981,3.125,335,0.186319
375.981,3.25,335,0.189295
375.981,3.375,335,0.192272
375.981,3.5,335,0.195249
375.981,3.625,335,0.198225
375.981,3.75,335,0.201202
375.981,3.875,335,0.204178
375.981,4,335,0.207155
375.981,4.125,335,0.210131
375.981,4.25,335,0.213108
375.981,4.375,335,0.216084
375.981,4.5,335,0.219061
375.981,4.625,335,0.222037
375.981,4.75,335,0.225014
375.981,4.875,335,0.227991
375.981,5,335,0.230967
375.981,5.125,335,0.233944
375.981,5.25,335,0.23692
375.981,5.375,335,0.239897
375.981,5.5,335,0.242873
375.981,5.625,335,0.24585
375.981,5.75,335,0.248826
375.981,5.875,335,0.251803
375.981,6,335,0.254779
375.981,6.125,335,0.257756
375.981,6.25,335,0.260733
375.981,6.375,335,0.263709
375.981,6.5,335,0.266686
375.981,6.625,335,0.269662
375.981,6.75,335,0.272639
375.981,6.875,335,0.275615
375.981,7,335,0.278592
375.981,7.125,335,0.281568
375.981,7.25,335,0.284545
375.981,7.375,335,0.287522
375.981,7.5,335,0.290498
375.981,7.625,335,0.293475
375.981,7.75,335,0.296451
375.981,7.875,335,0.299428
375.981,8,335,0.302404
375.981,8.125,335,0.305381
375.981,8.25,335,0.307826
375.981,8.375,335,0.309387
375.981,8.5,335,0.310948
375.981,8.625,335,0.312509
375.981,8.75,335,0.31407
375.981,8.875,335,0.31563
375.981,9,335,0.317191
375.981,9.125,335,0.318752
375.981,9.25,335,0.320313
375.981,9.375,335,0.321873
375.981,9.5,335,0.323434
375.981,9.625,335,0.324995
375.981,9.75,335,0.326556
375.981,9.875,335,0.328117
375.981,10,335,0.329677
375.981,10.125,335,0.331238
375.981,10.25,335,0.332799
375.981,10.375,335,0.33436
375.981,10.5,335,0.335921
375.981,10.625,335,0.337481
375.981,10.75,335,0.339042
375.981,10.875,335,0.340603
375.981,11,335,0.342164
375.981,11.125,335,0.343724
375.981,11.25,335,0.345285
375.981,11.375,335,0.346846
375.981,11.5,335,0.348407
375.981,11.625,335,0.349968
375.981,11.75,335,0.351528
375.981,11.875,335,0.353089
375.981,12,335,0.35465
375.981,12.125,335,0.356211
375.981,12.25,335,0.357772
375.981,12.375,335,0.359332
375.981,12.5,335,0.360893
375.981,12.625,335,0.362454
375.981,12.75,335,0.364015
375.981,12.875,335,0.365576
375.981,13,335,0.367136
375.981,13.125,335,0.368697
375.981,13.25,335,0.370258
375.981,13.375,335,0.371819
375.981,13.5,335,0.373379
375.981,13.625,335,0.37494
375.981,13.75,335,0.376056
375.981,13.875,335,0.376903
375.981,14,335,0.377751
375.981,14.125,335,0.378599
375.981,14.25,335,0.379447
375.981,14.375,335,0.380295
375.981,14.5,335,0.381143
375.981,14.625,335,0.381991
375.981,14.75,335,0.382839
375.981,14.875,335,0.383687
375.981,15,335,0.384535
375.981,15.125,335,0.385383
375.981,15.25,335,0.386231
375.981,15.375,335,0.387079
375.981,15.5,335,0.387927
375.981,15.625,335,0.388775
375.981,15.75,335,0.389623
375.981,15.875,335,0.390471
375.981,16,335,0.391319
375.981,16.125,335,0.392167
375.981,16.25,335,0.393015
375.981,16.375,335,0.393863
375.981,16.5,335,0.394711
375.981,16.625,335,0.395559
375.981,16.75,335,0.396407
375.981,16.875,335,0.397255
375.981,17,335,0.398103
375.981,17.125,335,0.398951
375.981,17.25,335,0.399799
375.981,17.375,335,0.400647
375.981,17.5,335,0.401495
375.981,17.625,335,0.402343
375.981,17.75,335,0.403191
375.981,17.875,335,0.404039
375.981,18,335,0.404887
375.981,18.125,335,0.405735
375.981,18.25,335,0.406583
375.981,18.375,335,0.407431
375.981,18.5,335,0.408279
375.981,18.625,335,0.409127
375.981,18.75,335,0.409975
375.981,18.875,335,0.410823
375.981,19,335,0.411671
375.981,19.125,335,0.412519
375.981,19.25,335,0.412989
375.981,19.375,335,0.413405
375.981,19.5,335,0.41382
375.981,19.625,335,0.414236
375.981,19.75,335,0.414652
375.981,19.875,335,0.415068
375.981,20,335,0.415484
