x,y,z,b
375.981,0,335,0.284932
375.981,0.125,335,0.286662
375.981,0.25,335,0.288393
375.981,0.375,335,0.290123
375.981,0.5,335,0.291853
375.981,0.625,335,0.293583
375.981,0.75,335,0.295313
375.981,0.875,335,0.297043
375.981,1,335,0.298773
375.981,1.125,335,0.300504
375.981,1.25,335,0.302234
375.981,1.375,335,0.303964
375.981,1.5,335,0.305694
375.981,1.625,335,0.307424
375.981,1.75,335,0.309154
375.981,1.875,335,0.310884
375.981,2,335,0.312615
375.981,2.125,335,0.314345
375.981,2.25,335,0.316075
375.981,2.375,335,0.317805
375.981,2.5,335,0.319535
375.981,2.625,335,0.321265
375.981,2.75,335,0.322953
375.981,2.875,335,0.324347
375.981,3,335,0.325741
375.981,3.125,335,0.327135
375.981,3.25,335,0.328529
375.981,3.375,335,0.329923
375.981,3.5,335,0.331317
375.981,3.625,335,0.332711
375.981,3.75,335,0.334105
375.981,3.875,335,0.335499
375.981,4,335,0.336893
375.981,4.125,335,0.338286
375.981,4.25,335,0.33968
375.981,4.375,335,0.341074
375.981,4.5,335,0.342468
375.981,4.625,335,0.343862
375.981,4.75,335,0.345256
375.981,4.875,335,0.34665
375.981,5,335,0.348044
375.981,5.125,335,0.349438
375.981,5.25,335,0.350832
375.981,5.375,335,0.352225
375.981,5.5,335,0.353619
375.981,5.625,335,0.355013
375.981,5.75,335,0.356407
375.981,5.875,335,0.357801
375.981,6,335,0.359195
375.981,6.125,335,0.360589
375.981,6.25,335,0.361983
375.981,6.375,335,0.363377
375.981,6.5,335,0.364771
375.981,6.625,335,0.366165
375.981,6.75,335,0.367558
375.981,6.875,335,0.368952
375.981,7,335,0.370346
375.981,7.125,335,0.37174
375.981,7.25,335,0.373134
375.981,7.375,335,0.374528
375.981,7.5,335,0.375922
375.981,7.625,335,0.377316
375.981,7.75,335,0.37871
375.981,7.875,335,0.380104
375.981,8,335,0.381497
375.981,8.125,335,0.382891
375.981,8.25,335,0.383951
375.981,8.375,335,0.384454
375.981,8.5,335,0.384957
375.981,8.625,335,0.385459
375.981,8.75,335,0.385962
375.981,8.875,335,0.386465
375.981,9,335,0.386968
375.981,9.125,335,0.38747
375.981,9.25,335,0.387973
375.981,9.375,335,0.388476
375.981,9.5,335,0.388979
375.981,9.625,335,0.389482
375.981,9.75,335,0.389984
375.981,9.875,335,0.390487
375.981,10,335,0.39099
375.981,10.125,335,0.391493
375.981,10.25,335,0.391995
375.981,10.375,335,0.392498
375.981,10.5,335,0.393001
375.981,10.625,335,0.393504
375.981,10.75,335,0.394006
375.981,10.875,335,0.394509
375.981,11,335,0.395012
375.981,11.125,335,0.395515
375.981,11.25,335,0.396017
375.981,11.375,335,0.39652
375.981,11.5,335,0.397023
375.981,11.625,335,0.397526
375.981,11.75,335,0.398028
375.981,11.875,335,0.398531
375.981,12,335,0.399034
375.981,12.125,335,0.399537
375.981,12.25,335,0.400039
375.981,12.375,335,0.400542
375.981,12.5,335,0.401045
375.981,12.625,335,0.401548
375.981,12.75,335,0.402051
375.981,12.875,335,0.402553
375.981,13,335,0.403056
375.981,13.125,335,0.403559
375.981,13.25,335,0.404062
375.981,13.375,335,0.404564
375.981,13.5,335,0.405067
375.981,13.625,335,0.40557
375.981,13.75,335,0.405967
375.981,13.875,335,0.4063
375.981,14,335,0.406633
375.981,14.125,335,0.406967
375.981,14.25,335,0.4073
375.981,14.375,335,0.407633
375.981,14.5,335,0.407967
375.981,14.625,335,0.4083
375.981,14.75,335,0.408633
375.981,14.875,335,0.408967
375.981,15,335,0.4093
375.981,15.125,335,0.409633
375.981,15.25,335,0.409967
375.981,15.375,335,0.4103
375.981,15.5,335,0.410633
375.981,15.625,335,0.410967
375.981,15.75,335,0.4113
375.981,15.875,335,0.411633
375.981,16,335,0.411967
375.981,16.125,335,0.4123
375.981,16.25,335,0.412633
375.981,16.375,335,0.412967
375.981,16.5,335,0.4133
375.981,16.625,335,0.413633
375.981,16.75,335,0.413967
375.981,16.875,335,0.4143
375.981,17,335,0.414633
375.981,17.125,335,0.414967
375.981,17.25,335,0.4153
375.981,17.375,335,0.415633
375.981,17.5,335,0.415967
375.981,17.625,335,0.4163
375.981,17.75,335,0.416633
375.981,17.875,335,0.416967
375.981,18,335,0.4173
375.981,18.125,335,0.417633
375.981,18.25,335,0.417967
375.981,18.375,335,0.4183
375.981,18.5,335,0.418633
375.981,18.625,335,0.418967
375.981,18.75,335,0.4193
375.981,18.875,335,0.419633
375.981,19,335,0.419967
375.981,19.125,335,0.4203
375.981,19.25,335,0.42057
375.981,19.375,335,0.42083
375.981,19.5,335,0.42109
375.981,19.625,335,0.421351
375.981,19.75,335,0.421611
375.981,19.875,335,0.421871
375.981,20,335,0.422132
