x,y,z,b
375.981,0,335,0.0963348
375.981,0.125,335,0.100022
375.981,0.25,335,0.103709
375.981,0.375,335,0.107396
375.981,0.5,335,0.111083
375.981,0.625,335,0.114769
375.981,0.75,335,0.118456
375.981,0.875,335,0.122143
375.981,1,335,0.12583
375.981,1.125,335,0.129517
375.981,1.25,335,0.133204
375.981,1.375,335,0.136891
375.981,1.5,335,0.140578
375.981,1.625,335,0.144265
375.981,1.75,335,0.147952
375.981,1.875,335,0.151639
375.981,2,335,0.155326
375.981,2.125,335,0.159013
375.981,2.25,335,0.162699
375.981,2.375,335,0.166386
375.981,2.5,335,0.170073
375.981,2.625,335,0.17376
375.981,2.75,335,0.177358
375.981,2.875,335,0.180328
375.981,3,335,0.183298
375.981,3.125,335,0.186269
375.981,3.25,335,0.189239
375.981,3.375,335,0.19221
375.981,3.5,335,0.19518
375.981,3.625,335,0.19815
375.981,3.75,335,0.201121
375.981,3.875,335,0.204091
375.981,4,335,0.207062
375.981,4.125,335,0.210032
375.981,4.25,335,0.213002
375.981,4.375,335,0.215973
375.981,4.5,335,0.218943
375.981,4.625,335,0.221914
375.981,4.75,335,0.224884
375.981,4.875,335,0.227854
375.981,5,335,0.230825
375.981,5.125,335,0.233795
375.981,5.25,335,0.236766
375.981,5.375,335,0.239736
375.981,5.5,335,0.242706
375.981,5.625,335,0.245677
375.981,5.75,335,0.248647
375.981,5.875,335,0.251618
375.981,6,335,0.254588
375.981,6.125,335,0.257558
375.981,6.25,335,0.260529
375.981,6.375,335,0.263499
375.981,6.5,335,0.26647
375.981,6.625,335,0.26944
375.981,6.75,335,0.27241
375.981,6.875,335,0.275381
375.981,7,335,0.278351
375.981,7.125,335,0.281322
375.981,7.25,335,0.284292
375.981,7.375,335,0.287262
375.981,7.5,335,0.290233
375.981,7.625,335,0.293203
375.981,7.75,335,0.296173
375.981,7.875,335,0.299144
375.981,8,335,0.302114
375.981,8.125,335,0.305085
375.981,8.25,335,0.307523
375.981,8.375,335,0.309076
375.981,8.5,335,0.310629
375.981,8.625,335,0.312182
375.981,8.75,335,0.313735
375.981,8.875,335,0.315288
375.981,9,335,0.316841
375.981,9.125,335,0.318393
375.981,9.25,335,0.319946
375.981,9.375,335,0.321499
375.981,9.5,335,0.323052
375.981,9.625,335,0.324605
375.981,9.75,335,0.326158
375.981,9.875,335,0.32771
375.981,10,335,0.329263
375.981,10.125,335,0.330816
375.981,10.25,335,0.332369
375.981,10.375,335,0.333922
375.981,10.5,335,0.335475
375.981,10.625,335,0.337027
375.981,10.75,335,0.33858
375.981,10.875,335,0.340133
375.981,11,335,0.341686
375.981,11.125,335,0.343239
375.981,11.25,335,0.344792
375.981,11.375,335,0.346344
375.981,11.5,335,0.347897
375.981,11.625,335,0.34945
375.981,11.75,335,0.351003
375.981,11.875,335,0.352556
375.981,12,335,0.354109
375.981,12.125,335,0.355662
375.981,12.25,335,0.357214
375.981,12.375,335,0.358767
375.981,12.5,335,0.36032
375.981,12.625,335,0.361873
375.981,12.75,335,0.363426
375.981,12.875,335,0.364979
375.981,13,335,0.366531
375.981,13.125,335,0.368084
375.981,13.25,335,0.369637
375.981,13.375,335,0.37119
375.981,13.5,335,0.372743
375.981,13.625,335,0.374296
375.981,13.75,335,0.375418
375.981,13.875,335,0.376283
375.981,14,335,0.377147
375.981,14.125,335,0.378012
375.981,14.25,335,0.378876
375.981,14.375,335,0.37974
375.981,14.5,335,0.380605
375.981,14.625,335,0.381469
375.981,14.75,335,0.382334
375.981,14.875,335,0.383198
375.981,15,335,0.384063
375.981,15.125,335,0.384927
375.981,15.25,335,0.385792
375.981,15.375,335,0.386656
375.981,15.5,335,0.387521
375.981,15.625,335,0.388385
375.981,15.75,335,0.389249
375.981,15.875,335,0.390114
375.981,16,335,0.390978
375.981,16.125,335,0.391843
375.981,16.25,335,0.392707
375.981,16.375,335,0.393572
375.981,16.5,335,0.394436
375.981,16.625,335,0.395301
375.981,16.75,335,0.396165
375.981,16.875,335,0.397029
375.981,17,335,0.397894
375.981,17.125,335,0.398758
375.981,17.25,335,0.399623
375.981,17.375,335,0.400487
375.981,17.5,335,0.401352
375.981,17.625,335,0.402216
375.981,17.75,335,0.403081
375.981,17.875,335,0.403945
375.981,18,335,0.40481
375.981,18.125,335,0.405674
375.981,18.25,335,0.406538
375.981,18.375,335,0.407403
375.981,18.5,335,0.408267
375.981,18.625,335,0.409132
375.981,18.75,335,0.409996
375.981,18.875,335,0.410861
375.981,19,335,0.411725
375.981,19.125,335,0.41259
375.981,19.25,335,0.413065
375.981,19.375,335,0.413485
375.981,19.5,335,0.413905
375.981,19.625,335,0.414325
375.981,19.75,335,0.414745
375.981,19.875,335,0.415166
375.981,20,335,0.415586
