x,y,z,b
375.981,0,335,0.0915179
375.981,0.125,335,0.095175
375.981,0.25,335,0.0988321
375.981,0.375,335,0.102489
375.981,0.5,335,0.106146
375.981,0.625,335,0.109803
375.981,0.75,335,0.11346
375.981,0.875,335,0.117118
375.981,1,335,0.120775
375.981,1.125,335,0.124432
375.981,1.25,335,0.128089
375.981,1.375,335,0.131746
375.981,1.5,335,0.135403
375.981,1.625,335,0.13906
375.981,1.75,335,0.142717
375.981,1.875,335,0.146374
375.981,2,335,0.150031
375.981,2.125,335,0.153689
375.981,2.25,335,0.157346
375.981,2.375,335,0.161003
375.981,2.5,335,0.16466
375.981,2.625,335,0.168317
375.981,2.75,335,0.171885
375.981,2.875,335,0.174832
375.981,3,335,0.177778
375.981,3.125,335,0.180724
375.981,3.25,335,0.183671
375.981,3.375,335,0.186617
375.981,3.5,335,0.189563
375.981,3.625,335,0.19251
375.981,3.75,335,0.195456
375.981,3.875,335,0.198403
375.981,4,335,0.201349
375.981,4.125,335,0.204295
375.981,4.25,335,0.207242
375.981,4.375,335,0.210188
375.981,4.5,335,0.213134
375.981,4.625,335,0.216081
375.981,4.75,335,0.219027
375.981,4.875,335,0.221973
375.981,5,335,0.22492
375.981,5.125,335,0.227866
375.981,5.25,335,0.230813
375.981,5.375,335,0.233759
375.981,5.5,335,0.236705
375.981,5.625,335,0.239652
375.981,5.75,335,0.242598
375.981,5.875,335,0.245544
375.981,6,335,0.248491
375.981,6.125,335,0.251437
375.981,6.25,335,0.254383
375.981,6.375,335,0.25733
375.981,6.5,335,0.260276
375.981,6.625,335,0.263223
375.981,6.75,335,0.266169
375.981,6.875,335,0.269115
375.981,7,335,0.272062
375.981,7.125,335,0.275008
375.981,7.25,335,0.277954
375.981,7.375,335,0.280901
375.981,7.5,335,0.283847
375.981,7.625,335,0.286793
375.981,7.75,335,0.28974
375.981,7.875,335,0.292686
375.981,8,335,0.295633
375.981,8.125,335,0.298579
375.981,8.25,335,0.301044
375.981,8.375,335,0.302708
375.981,8.5,335,0.304372
375.981,8.625,335,0.306035
375.981,8.75,335,0.307699
375.981,8.875,335,0.309363
375.981,9,335,0.311026
375.981,9.125,335,0.31269
375.981,9.25,335,0.314354
375.981,9.375,335,0.316017
375.981,9.5,335,0.317681
375.981,9.625,335,0.319345
375.981,9.75,335,0.321008
375.981,9.875,335,0.322672
375.981,10,335,0.324336
375.981,10.125,335,0.325999
375.981,10.25,335,0.327663
375.981,10.375,335,0.329327
375.981,10.5,335,0.330991
375.981,10.625,335,0.332654
375.981,10.75,335,0.334318
375.981,10.875,335,0.335982
375.981,11,335,0.337645
375.981,11.125,335,0.339309
375.981,11.25,335,0.340973
375.981,11.375,335,0.342636
375.981,11.5,335,0.3443
375.981,11.625,335,0.345964
375.981,11.75,335,0.347627
375.981,11.875,335,0.349291
375.981,12,335,0.350955
375.981,12.125,335,0.352618
375.981,12.25,335,0.354282
375.981,12.375,335,0.355946
375.981,12.5,335,0.357609
375.981,12.625,335,0.359273
375.981,12.75,335,0.360937
375.981,12.875,335,0.3626
375.981,13,335,0.364264
375.981,13.125,335,0.365928
375.981,13.25,335,0.367591
375.981,13.375,335,0.369255
375.981,13.5,335,0.370919
375.981,13.625,335,0.372583
375.981,13.75,335,0.373732
375.981,13.875,335,0.374572
375.981,14,335,0.375412
375.981,14.125,335,0.376253
375.981,14.25,335,0.377093
375.981,14.375,335,0.377933
375.981,14.5,335,0.378773
375.981,14.625,335,0.379614
375.981,14.75,335,0.380454
375.981,14.875,335,0.381294
375.981,15,335,0.382135
375.981,15.125,335,0.382975
375.981,15.25,335,0.383815
375.981,15.375,335,0.384656
375.981,15.5,335,0.385496
375.981,15.625,335,0.386336
375.981,15.75,335,0.387177
375.981,15.875,335,0.388017
375.981,16,335,0.388857
375.981,16.125,335,0.389698
375.981,16.25,335,0.390538
375.981,16.375,335,0.391378
375.981,16.5,335,0.392219
375.981,16.625,335,0.393059
375.981,16.75,335,0.393899
375.981,16.875,335,0.394739
375.981,17,335,0.39558
375.981,17.125,335,0.39642
375.981,17.25,335,0.39726
375.981,17.375,335,0.398101
375.981,17.5,335,0.398941
375.981,17.625,335,0.399781
375.981,17.75,335,0.400622
375.981,17.875,335,0.401462
375.981,18,335,0.402302
375.981,18.125,335,0.403143
375.981,18.25,335,0.403983
375.981,18.375,335,0.404823
375.981,18.5,335,0.405664
375.981,18.625,335,0.406504
375.981,18.75,335,0.407344
375.981,18.875,335,0.408184
375.981,19,335,0.409025
375.981,19.125,335,0.409865
375.981,19.25,335,0.41038
375.981,19.375,335,0.410849
375.981,19.5,335,0.411318
375.981,19.625,335,0.411787
375.981,19.75,335,0.412256
375.981,19.875,335,0.412725
375.981,20,335,0.413194
