x,y,z,b
375.981,0,335,0.109297
375.981,0.125,335,0.113121
375.981,0.25,335,0.116945
375.981,0.375,335,0.12077
375.981,0.5,335,0.124594
375.981,0.625,335,0.128418
375.981,0.75,335,0.132242
375.981,0.875,335,0.136067
375.981,1,335,0.139891
375.981,1.125,335,0.143715
375.981,1.25,335,0.147539
375.981,1.375,335,0.151364
375.981,1.5,335,0.155188
375.981,1.625,335,0.159012
375.981,1.75,335,0.162836
375.981,1.875,335,0.166661
375.981,2,335,0.170485
375.981,2.125,335,0.174309
375.981,2.25,335,0.178133
375.981,2.375,335,0.181958
375.981,2.5,335,0.185782
375.981,2.625,335,0.189606
375.981,2.75,335,0.193338
375.981,2.875,335,0.196419
375.981,3,335,0.1995
375.981,3.125,335,0.202581
375.981,3.25,335,0.205662
375.981,3.375,335,0.208743
375.981,3.5,335,0.211824
375.981,3.625,335,0.214905
375.981,3.75,335,0.217986
375.981,3.875,335,0.221067
375.981,4,335,0.224148
375.981,4.125,335,0.227229
375.981,4.25,335,0.23031
375.981,4.375,335,0.233391
375.981,4.5,335,0.236472
375.981,4.625,335,0.239553
375.981,4.75,335,0.242634
375.981,4.875,335,0.245715
375.981,5,335,0.248796
375.981,5.125,335,0.251877
375.981,5.25,335,0.254958
375.981,5.375,335,0.258039
375.981,5.5,335,0.26112
375.981,5.625,335,0.264201
375.981,5.75,335,0.267282
375.981,5.875,335,0.270363
375.981,6,335,0.273445
375.981,6.125,335,0.276526
375.981,6.25,335,0.279607
375.981,6.375,335,0.282688
375.981,6.5,335,0.285769
375.981,6.625,335,0.28885
375.981,6.75,335,0.291931
375.981,6.875,335,0.295012
375.981,7,335,0.298093
375.981,7.125,335,0.301174
375.981,7.25,335,0.304255
375.981,7.375,335,0.307336
375.981,7.5,335,0.310417
375.981,7.625,335,0.313498
375.981,7.75,335,0.316579
375.981,7.875,335,0.31966
375.981,8,335,0.322741
375.981,8.125,335,0.325822
375.981,8.25,335,0.328284
375.981,8.375,335,0.329715
375.981,8.5,335,0.331146
375.981,8.625,335,0.332577
375.981,8.75,335,0.334008
375.981,8.875,335,0.335439
375.981,9,335,0.33687
375.981,9.125,335,0.3383
375.981,9.25,335,0.339731
375.981,9.375,335,0.341162
375.981,9.5,335,0.342593
375.981,9.625,335,0.344024
375.981,9.75,335,0.345455
375.981,9.875,335,0.346886
375.981,10,335,0.348316
375.981,10.125,335,0.349747
375.981,10.25,335,0.351178
375.981,10.375,335,0.352609
375.981,10.5,335,0.35404
375.981,10.625,335,0.355471
375.981,10.75,335,0.356902
375.981,10.875,335,0.358332
375.981,11,335,0.359763
375.981,11.125,335,0.361194
375.981,11.25,335,0.362625
375.981,11.375,335,0.364056
375.981,11.5,335,0.365487
375.981,11.625,335,0.366918
375.981,11.75,335,0.368348
375.981,11.875,335,0.369779
375.981,12,335,0.37121
375.981,12.125,335,0.372641
375.981,12.25,335,0.374072
375.981,12.375,335,0.375503
375.981,12.5,335,0.376934
375.981,12.625,335,0.378364
375.981,12.75,335,0.379795
375.981,12.875,335,0.381226
375.981,13,335,0.382657
375.981,13.125,335,0.384088
375.981,13.25,335,0.385519
375.981,13.375,335,0.38695
375.981,13.5,335,0.38838
375.981,13.625,335,0.389811
375.981,13.75,335,0.390776
375.981,13.875,335,0.391461
375.981,14,335,0.392146
375.981,14.125,335,0.392831
375.981,14.25,335,0.393515
375.981,14.375,335,0.3942
375.981,14.5,335,0.394885
375.981,14.625,335,0.39557
375.981,14.75,335,0.396255
375.981,14.875,335,0.39694
375.981,15,335,0.397625
375.981,15.125,335,0.39831
375.981,15.25,335,0.398995
375.981,15.375,335,0.399679
375.981,15.5,335,0.400364
375.981,15.625,335,0.401049
375.981,15.75,335,0.401734
375.981,15.875,335,0.402419
375.981,16,335,0.403104
375.981,16.125,335,0.403789
375.981,16.25,335,0.404474
375.981,16.375,335,0.405159
375.981,16.5,335,0.405843
375.981,16.625,335,0.406528
375.981,16.75,335,0.407213
375.981,16.875,335,0.407898
375.981,17,335,0.408583
375.981,17.125,335,0.409268
375.981,17.25,335,0.409953
375.981,17.375,335,0.410638
375.981,17.5,335,0.411323
375.981,17.625,335,0.412007
375.981,17.75,335,0.412692
375.981,17.875,335,0.413377
375.981,18,335,0.414062
375.981,18.125,335,0.414747
375.981,18.25,335,0.415432
375.981,18.375,335,0.416117
375.981,18.5,335,0.416802
375.981,18.625,335,0.417486
375.981,18.75,335,0.418171
375.981,18.875,335,0.418856
375.981,19,335,0.419541
375.981,19.125,335,0.420226
375.981,19.25,335,0.420601
375.981,19.375,335,0.420933
375.981,19.5,335,0.421264
375.981,19.625,335,0.421595
375.981,19.75,335,0.421926
375.981,19.875,335,0.422258
375.981,20,335,0.422589
