x,y,z,b
375.981,0,335,0.0920253
375.981,0.125,335,0.095805
375.981,0.25,335,0.0995848
375.981,0.375,335,0.103364
375.981,0.5,335,0.107144
375.981,0.625,335,0.110924
375.981,0.75,335,0.114704
375.981,0.875,335,0.118483
375.981,1,335,0.122263
375.981,1.125,335,0.126043
375.981,1.25,335,0.129823
375.981,1.375,335,0.133602
375.981,1.5,335,0.137382
375.981,1.625,335,0.141162
375.981,1.75,335,0.144941
375.981,1.875,335,0.148721
375.981,2,335,0.152501
375.981,2.125,335,0.156281
375.981,2.25,335,0.16006
375.981,2.375,335,0.16384
375.981,2.5,335,0.16762
375.981,2.625,335,0.171399
375.981,2.75,335,0.175087
375.981,2.875,335,0.178133
375.981,3,335,0.181178
375.981,3.125,335,0.184223
375.981,3.25,335,0.187268
375.981,3.375,335,0.190313
375.981,3.5,335,0.193358
375.981,3.625,335,0.196403
375.981,3.75,335,0.199449
375.981,3.875,335,0.202494
375.981,4,335,0.205539
375.981,4.125,335,0.208584
375.981,4.25,335,0.211629
375.981,4.375,335,0.214674
375.981,4.5,335,0.21772
375.981,4.625,335,0.220765
375.981,4.75,335,0.22381
375.981,4.875,335,0.226855
375.981,5,335,0.2299
375.981,5.125,335,0.232945
375.981,5.25,335,0.235991
375.981,5.375,335,0.239036
375.981,5.5,335,0.242081
375.981,5.625,335,0.245126
375.981,5.75,335,0.248171
375.981,5.875,335,0.251216
375.981,6,335,0.254261
375.981,6.125,335,0.257307
375.981,6.25,335,0.260352
375.981,6.375,335,0.263397
375.981,6.5,335,0.266442
375.981,6.625,335,0.269487
375.981,6.75,335,0.272532
375.981,6.875,335,0.275578
375.981,7,335,0.278623
375.981,7.125,335,0.281668
375.981,7.25,335,0.284713
375.981,7.375,335,0.287758
375.981,7.5,335,0.290803
375.981,7.625,335,0.293849
375.981,7.75,335,0.296894
375.981,7.875,335,0.299939
375.981,8,335,0.302984
375.981,8.125,335,0.306029
375.981,8.25,335,0.308569
375.981,8.375,335,0.310268
375.981,8.5,335,0.311966
375.981,8.625,335,0.313664
375.981,8.75,335,0.315362
375.981,8.875,335,0.317061
375.981,9,335,0.318759
375.981,9.125,335,0.320457
375.981,9.25,335,0.322156
375.981,9.375,335,0.323854
375.981,9.5,335,0.325552
375.981,9.625,335,0.327251
375.981,9.75,335,0.328949
375.981,9.875,335,0.330647
375.981,10,335,0.332346
375.981,10.125,335,0.334044
375.981,10.25,335,0.335742
375.981,10.375,335,0.33744
375.981,10.5,335,0.339139
375.981,10.625,335,0.340837
375.981,10.75,335,0.342535
375.981,10.875,335,0.344234
375.981,11,335,0.345932
375.981,11.125,335,0.34763
375.981,11.25,335,0.349329
375.981,11.375,335,0.351027
375.981,11.5,335,0.352725
375.981,11.625,335,0.354423
375.981,11.75,335,0.356122
375.981,11.875,335,0.35782
375.981,12,335,0.359518
375.981,12.125,335,0.361217
375.981,12.25,335,0.362915
375.981,12.375,335,0.364613
375.981,12.5,335,0.366312
375.981,12.625,335,0.36801
375.981,12.75,335,0.369708
375.981,12.875,335,0.371407
375.981,13,335,0.373105
375.981,13.125,335,0.374803
375.981,13.25,335,0.376501
375.981,13.375,335,0.3782
375.981,13.5,335,0.379898
375.981,13.625,335,0.381596
375.981,13.75,335,0.382728
375.981,13.875,335,0.38352
375.981,14,335,0.384311
375.981,14.125,335,0.385103
375.981,14.25,335,0.385894
375.981,14.375,335,0.386686
375.981,14.5,335,0.387478
375.981,14.625,335,0.388269
375.981,14.75,335,0.389061
375.981,14.875,335,0.389852
375.981,15,335,0.390644
375.981,15.125,335,0.391435
375.981,15.25,335,0.392227
375.981,15.375,335,0.393019
375.981,15.5,335,0.39381
375.981,15.625,335,0.394602
375.981,15.75,335,0.395393
375.981,15.875,335,0.396185
375.981,16,335,0.396977
375.981,16.125,335,0.397768
375.981,16.25,335,0.39856
375.981,16.375,335,0.399351
375.981,16.5,335,0.400143
375.981,16.625,335,0.400935
375.981,16.75,335,0.401726
375.981,16.875,335,0.402518
375.981,17,335,0.403309
375.981,17.125,335,0.404101
375.981,17.25,335,0.404893
375.981,17.375,335,0.405684
375.981,17.5,335,0.406476
375.981,17.625,335,0.407267
375.981,17.75,335,0.408059
375.981,17.875,335,0.40885
375.981,18,335,0.409642
375.981,18.125,335,0.410434
375.981,18.25,335,0.411225
375.981,18.375,335,0.412017
375.981,18.5,335,0.412808
375.981,18.625,335,0.4136
375.981,18.75,335,0.414392
375.981,18.875,335,0.415183
375.981,19,335,0.415975
375.981,19.125,335,0.416766
375.981,19.25,335,0.417207
375.981,19.375,335,0.417598
375.981,19.5,335,0.417988
375.981,19.625,335,0.418379
375.981,19.75,335,0.418769
375.981,19.875,335,0.41916
375.981,20,335,0.41955
