-0.5 0
-0.49 0.0701766
-0.48 0.126937
-0.47 0.173455
-0.46 0.213469
-0.45 0.242467
-0.44 0.267259
-0.43 0.28834
-0.42 0.304836
-0.41 0.319893
-0.4 0.333065
-0.39 0.343865
-0.38 0.353385
-0.37 0.360758
-0.36 0.365799
-0.35 0.369404
-0.34 0.370181
-0.33 0.369031
-0.32 0.366471
-0.31 0.361074
-0.3 0.354528
-0.29 0.346677
-0.28 0.337115
-0.27 0.326925
-0.26 0.315877
-0.25 0.30422
-0.24 0.292317
-0.23 0.280144
-0.22 0.26795
-0.21 0.255761
-0.2 0.243721
-0.19 0.231819
-0.18 0.220037
-0.17 0.208527
-0.16 0.197127
-0.15 0.185878
-0.14 0.1748
-0.13 0.163797
-0.12 0.152902
-0.11 0.14208
-0.1 0.131296
-0.09 0.120566
-0.08 0.109857
-0.07 0.0991634
-0.06 0.088486
-0.05 0.077811
-0.04 0.0671385
-0.03 0.056463
-0.02 0.0457839
-0.01 0.0350985
3.08781e-16 0.0244011
0.01 0.0136955
0.02 0.00297281
0.03 -0.00776793
0.04 -0.0185215
0.05 -0.0293071
0.06 -0.0401168
0.07 -0.0509477
0.08 -0.0618314
0.09 -0.0727426
0.1 -0.0836914
0.11 -0.0947
0.12 -0.105741
0.13 -0.116836
0.14 -0.127985
0.15 -0.139167
0.16 -0.150407
0.17 -0.16168
0.18 -0.172977
0.19 -0.184308
0.2 -0.195642
0.21 -0.20698
0.22 -0.218306
0.23 -0.229625
0.24 -0.240936
0.25 -0.252282
0.26 -0.263687
0.27 -0.275265
0.28 -0.287233
0.29 -0.299524
0.3 -0.312944
0.31 -0.327531
0.32 -0.343148
0.33 -0.361913
0.34 -0.382329
0.35 -0.405012
0.36 -0.430056
0.37 -0.45524
0.38 -0.479665
0.39 -0.498175
0.4 -0.511657
0.41 -0.510492
0.42 -0.494463
0.43 -0.467419
0.44 -0.414202
0.45 -0.351407
0.46 -0.27776
0.47 -0.198621
0.48 -0.122462
0.49 -0.0530765
